0.0 4778.3024
500.0 4778.3024
1000.0 4778.3024
1500.0 4778.3024
2000.0 4778.3024
2500.0 4778.3024
3000.0 4778.3024
3500.0 4778.3024
4000.0 4778.2852
4500.0 4778.1906
5000.0 4777.2749
5500.0 4772.8903
6000.0 4766.8005
6500.0 4764.8936
7000.0 4775.9646
7500.0 4788.9469
8000.0 4769.3533
8500.0 4721.2073
9000.0 4736.302
9500.0 4843.3996
10000.0 4826.5193
10500.0 4716.1874
11000.0 4727.5315
11500.0 4776.4471
12000.0 4799.128
12500.0 4742.7034
13000.0 4644.8317
13500.0 4747.72
14000.0 4807.5194
14500.0 4774.128
15000.0 4723.2058
15500.0 4738.5682
16000.0 4863.1563
16500.0 4823.6184
17000.0 4731.6528
17500.0 4742.9293
18000.0 4786.1085
18500.0 4802.9035
19000.0 4716.9641
19500.0 4674.2347
20000.0 4785.8756
20500.0 4817.8298
21000.0 4763.1937
21500.0 4727.0738
22000.0 4787.5086
22500.0 4923.582
23000.0 4810.6752
23500.0 4738.5048
24000.0 4739.8195
24500.0 4805.8227
25000.0 4849.0471
25500.0 4721.2967
26000.0 4688.9501
26500.0 4777.0091
27000.0 4806.8748
27500.0 4768.9039
28000.0 4739.0506
28500.0 4775.0373
29000.0 4922.7853
29500.0 4811.0104
30000.0 4727.8389
30500.0 4740.4933
31000.0 4816.7741
31500.0 4830.1545
32000.0 4684.1907
32500.0 4696.0767
33000.0 4780.6829
33500.0 4795.8573
34000.0 4756.3683
34500.0 4690.9345
35000.0 4645.4942
35500.0 4780.1603
36000.0 4821.1083
36500.0 4754.5448
37000.0 4701.4859
37500.0 4791.0966
38000.0 4880.7331
38500.0 4798.9678
39000.0 4742.2789
39500.0 4744.8585
40000.0 4817.468
40500.0 4889.848
41000.0 4747.8837
41500.0 4708.7572
42000.0 4777.3055
42500.0 4823.7025
43000.0 4749.3961
43500.0 4649.2368
44000.0 4723.7271
44500.0 4771.4507
45000.0 4785.1097
45500.0 4757.0722
46000.0 4696.7651
46500.0 4725.9352
47000.0 4841.3647
47500.0 4807.7896
48000.0 4730.0317
48500.0 4737.3953
49000.0 4768.6815
49500.0 4779.5885
50000.0 4768.352
50500.0 4714.4057
51000.0 4667.9529
51500.0 4781.217
52000.0 4826.0634
52500.0 4759.4066
53000.0 4703.5884
53500.0 4791.789
54000.0 4895.0219
54500.0 4795.0661
55000.0 4730.6559
55500.0 4745.9758
56000.0 4829.0894
56500.0 4853.3516
57000.0 4697.0923
57500.0 4707.9112
58000.0 4799.4738
58500.0 4811.6476
59000.0 4739.9538
59500.0 4657.9401
60000.0 4675.9855
60500.0 4816.2939
61000.0 4817.3224
61500.0 4728.7473
62000.0 4710.873
62500.0 4820.8165
63000.0 4857.553
63500.0 4791.2506
64000.0 4758.5274
64500.0 4746.8038
65000.0 4777.3815
65500.0 4838.9236
66000.0 4794.9853
66500.0 4688.401
67000.0 4730.2682
67500.0 4800.8812
68000.0 4790.5799
68500.0 4761.5079
69000.0 4751.2354
69500.0 4775.5543
70000.0 4878.3001
70500.0 4823.1171
71000.0 4718.58
71500.0 4736.5394
72000.0 4807.6162
72500.0 4817.8693
73000.0 4668.9823
73500.0 4691.02
74000.0 4789.1137
74500.0 4797.5875
75000.0 4749.4847
75500.0 4691.8337
76000.0 4710.6643
76500.0 4831.7012
77000.0 4816.2292
77500.0 4721.0247
78000.0 4721.6641
78500.0 4795.9343
79000.0 4810.7886
79500.0 4783.443
80000.0 4752.4208
80500.0 4739.7869
81000.0 4784.4971
81500.0 4844.8131
82000.0 4770.2674
82500.0 4682.227
83000.0 4745.9035
83500.0 4797.65
84000.0 4781.775
84500.0 4753.7136
85000.0 4752.2599
85500.0 4843.2821
86000.0 4870.537
86500.0 4742.3855
87000.0 4719.4883
87500.0 4785.2598
88000.0 4835.2513
88500.0 4719.9232
89000.0 4665.3081
89500.0 4765.4383
90000.0 4805.3073
90500.0 4768.1902
91000.0 4700.1432
91500.0 4673.5689
92000.0 4804.5549
92500.0 4830.2432
93000.0 4739.1811
93500.0 4708.9644
94000.0 4786.1124
94500.0 4852.6131
95000.0 4697.0293
95500.0 4672.5458
96000.0 4792.5286
96500.0 4823.3444
97000.0 4746.9141
97500.0 4697.3449
98000.0 4802.5604
98500.0 4874.2203
99000.0 4794.1434
99500.0 4735.2682
100000.0 4741.9151
100500.0 4828.1569
101000.0 4877.7026
101500.0 4719.1387
102000.0 4712.8177
102500.0 4794.2297
103000.0 4820.8367
103500.0 4731.2137
104000.0 4649.8723
104500.0 4767.1114
105000.0 4796.8318
105500.0 4762.6298
106000.0 4731.8251
106500.0 4768.5695
107000.0 4848.9681
107500.0 4797.5537
108000.0 4683.8123
108500.0 4735.0048
109000.0 4796.5034
109500.0 4791.0927
110000.0 4733.3582
110500.0 4618.6607
111000.0 4690.3639
111500.0 4795.9169
112000.0 4793.1347
112500.0 4734.027
113000.0 4708.8498
113500.0 4819.6821
114000.0 4857.1158
114500.0 4764.2139
115000.0 4742.2909
115500.0 4766.3446
116000.0 4795.4883
116500.0 4789.6029
117000.0 4712.9003
117500.0 4712.9958
118000.0 4820.2234
118500.0 4824.0167
119000.0 4740.5157
119500.0 4732.1845
120000.0 4762.2411
120500.0 4790.1429
121000.0 4775.4788
121500.0 4684.5419
122000.0 4700.2268
122500.0 4819.7556
123000.0 4804.9759
123500.0 4743.9359
124000.0 4735.4655
124500.0 4804.8231
125000.0 4947.0063
125500.0 4835.259
126000.0 4760.5394
126500.0 4729.5306
127000.0 4770.745
127500.0 4841.989
128000.0 4786.5701
128500.0 4675.4023
129000.0 4735.495
129500.0 4796.2198
130000.0 4786.2197
130500.0 4742.6451
131000.0 4678.9705
131500.0 4679.405
132000.0 4808.3086
132500.0 4817.7548
133000.0 4733.5185
133500.0 4704.9948
134000.0 4830.6905
134500.0 4875.1678
135000.0 4790.1532
135500.0 4732.4711
136000.0 4740.6629
136500.0 4829.6809
137000.0 4866.4337
137500.0 4707.0883
138000.0 4711.8113
138500.0 4794.7351
139000.0 4813.5833
139500.0 4722.3307
140000.0 4641.5452
140500.0 4800.8835
141000.0 4817.0333
141500.0 4741.1078
142000.0 4710.8934
142500.0 4791.031
143000.0 4848.6269
143500.0 4735.162
144000.0 4682.6651
144500.0 4750.6173
145000.0 4808.5267
145500.0 4785.9397
146000.0 4680.9412
146500.0 4686.6031
147000.0 4839.1627
147500.0 4801.2196
148000.0 4723.4001
148500.0 4729.1892
149000.0 4840.3499
149500.0 4856.2314
150000.0 4703.246
150500.0 4726.337
151000.0 4803.6612
151500.0 4815.9608
152000.0 4720.5251
152500.0 4684.5785
153000.0 4823.8826
153500.0 4835.7763
154000.0 4759.1979
154500.0 4717.72
155000.0 4774.098
155500.0 4870.3281
156000.0 4770.1944
156500.0 4690.0541
157000.0 4760.3899
157500.0 4819.3326
158000.0 4774.5078
158500.0 4670.3797
159000.0 4731.6136
159500.0 4850.3093
160000.0 4782.4162
160500.0 4712.3216
161000.0 4741.0625
161500.0 4842.5411
162000.0 4815.5218
162500.0 4670.1173
163000.0 4721.0619
163500.0 4802.2864
164000.0 4802.739
164500.0 4709.8507
165000.0 4668.7749
165500.0 4836.9569
166000.0 4825.9138
166500.0 4733.8268
167000.0 4720.2901
167500.0 4806.4531
168000.0 4865.7048
168500.0 4698.5966
169000.0 4694.5571
169500.0 4794.442
170000.0 4816.6238
170500.0 4737.0531
171000.0 4679.109
171500.0 4827.3355
172000.0 4852.5841
172500.0 4748.0517
173000.0 4718.1588
173500.0 4781.8972
174000.0 4855.8239
174500.0 4753.8672
175000.0 4674.0661
175500.0 4763.8078
176000.0 4819.2477
176500.0 4770.8605
177000.0 4690.7846
177500.0 4724.7217
178000.0 4860.141
178500.0 4794.9877
179000.0 4711.3226
179500.0 4740.8767
180000.0 4825.7753
180500.0 4811.8615
181000.0 4651.292
181500.0 4719.3636
182000.0 4807.3048
182500.0 4795.7635
183000.0 4717.1814
183500.0 4685.3878
184000.0 4835.5502
184500.0 4838.587
185000.0 4736.8289
185500.0 4721.0921
186000.0 4784.0058
186500.0 4843.3951
187000.0 4792.1267
187500.0 4687.0419
188000.0 4734.5894
188500.0 4823.5488
189000.0 4795.5333
189500.0 4707.591
190000.0 4718.8341
190500.0 4898.9899
191000.0 4816.6977
191500.0 4721.295
192000.0 4727.981
192500.0 4813.2661
193000.0 4831.5444
193500.0 4678.0349
194000.0 4689.6167
194500.0 4776.3652
195000.0 4800.4692
195500.0 4752.5463
196000.0 4658.3257
196500.0 4675.2597
197000.0 4819.2418
197500.0 4801.0215
198000.0 4721.1025
198500.0 4718.7354
199000.0 4847.9328
199500.0 4852.1048
200000.0 4780.1417
