0.0 1.0063277
500.0 1.0063277
1000.0 1.0063277
1500.0 1.0063277
2000.0 1.0063277
2500.0 1.0063277
3000.0 1.0063277
3500.0 1.0063277
4000.0 1.0063125
4500.0 1.0061918
5000.0 1.0055842
5500.0 1.0056619
6000.0 1.0048844
6500.0 1.0064339
7000.0 1.0099232
7500.0 1.0107389
8000.0 1.0093188
8500.0 0.99448683
9000.0 1.0023412
9500.0 1.0192103
10000.0 1.0196644
10500.0 0.99370148
11000.0 0.99867054
11500.0 1.0087486
12000.0 1.0093681
12500.0 0.99908271
13000.0 0.98007321
13500.0 0.99975277
14000.0 1.0124432
14500.0 1.0038217
15000.0 0.99997258
15500.0 0.9985181
16000.0 1.0266845
16500.0 1.0199958
17000.0 0.99781551
17500.0 1.0004595
18000.0 1.0101629
18500.0 1.0160548
19000.0 0.99551863
19500.0 0.98378786
20000.0 1.0077715
20500.0 1.0161743
21000.0 1.0053483
21500.0 0.99834939
22000.0 1.0074298
22500.0 1.0366443
23000.0 1.0148136
23500.0 0.99859822
24000.0 0.99902214
24500.0 1.0123092
25000.0 1.0197205
25500.0 0.99435034
26000.0 0.98611012
26500.0 1.0057947
27000.0 1.0117593
27500.0 1.0047166
28000.0 0.99716476
28500.0 1.006148
29000.0 1.0345321
29500.0 1.01568
30000.0 0.99618828
30500.0 0.99898072
31000.0 1.0147883
31500.0 1.0160878
32000.0 0.98630288
32500.0 0.99102857
33000.0 1.00937
33500.0 1.0120107
34000.0 1.0042455
34500.0 0.98869251
35000.0 0.97664814
35500.0 1.0135212
36000.0 1.0198593
36500.0 1.0028028
37000.0 0.99055528
37500.0 1.0118593
38000.0 1.0264355
38500.0 1.0158232
39000.0 0.99826839
39500.0 1.0002467
40000.0 1.0154815
40500.0 1.0278455
41000.0 0.99939732
41500.0 0.99271918
42000.0 1.0069117
42500.0 1.0160521
43000.0 1.0003971
43500.0 0.97825353
44000.0 0.99513048
44500.0 1.0098699
45000.0 1.0077824
45500.0 1.0011568
46000.0 0.99015838
46500.0 0.99698169
47000.0 1.0192978
47500.0 1.0170246
48000.0 0.99652671
48500.0 0.99701268
49000.0 1.0045278
49500.0 1.0063298
50000.0 1.0028369
50500.0 0.99585938
51000.0 0.98250676
51500.0 1.0089062
52000.0 1.0186645
52500.0 1.0043091
53000.0 0.99188871
53500.0 1.011407
54000.0 1.0309953
54500.0 1.0103366
55000.0 0.99718991
55500.0 1.004069
56000.0 1.0163779
56500.0 1.0235408
57000.0 0.99262977
57500.0 0.99332541
58000.0 1.0090446
58500.0 1.0123736
59000.0 1.0000295
59500.0 0.98302186
60000.0 0.98537844
60500.0 1.0148843
61000.0 1.0179564
61500.0 0.99692985
62000.0 0.98946631
62500.0 1.0165338
63000.0 1.0224065
63500.0 1.0085233
64000.0 1.0034158
64500.0 1.0011131
65000.0 1.0095211
65500.0 1.0185782
66000.0 1.0125774
66500.0 0.98868274
67000.0 0.9976801
67500.0 1.0103323
68000.0 1.0077042
68500.0 1.003849
69000.0 1.0056189
69500.0 1.0059187
70000.0 1.0274889
70500.0 1.017341
71000.0 0.99561262
71500.0 0.99744459
72000.0 1.0135566
72500.0 1.0148892
73000.0 0.98349045
73500.0 0.9879023
74000.0 1.0110217
74500.0 1.0144613
75000.0 0.99844143
75500.0 0.99054886
76000.0 0.99384436
76500.0 1.0178025
77000.0 1.0151424
77500.0 0.99774628
78000.0 0.9928251
78500.0 1.0115934
79000.0 1.0111956
79500.0 1.0085207
80000.0 1.0005184
80500.0 1.0008586
81000.0 1.0072924
81500.0 1.022224
82000.0 1.0040204
82500.0 0.98645276
83000.0 0.99932497
83500.0 1.0082408
84000.0 1.0089892
84500.0 1.0021575
85000.0 1.0005953
85500.0 1.0202907
86000.0 1.0250422
86500.0 0.99823271
87000.0 0.99323781
87500.0 1.0088483
88000.0 1.0204633
88500.0 0.99291078
89000.0 0.9813077
89500.0 1.0023065
90000.0 1.0131319
90500.0 1.0058504
91000.0 0.99205976
91500.0 0.98365665
92000.0 1.0136475
92500.0 1.0190223
93000.0 0.99911805
93500.0 0.9930723
94000.0 1.0136832
94500.0 1.0219259
95000.0 0.9905453
95500.0 0.98652043
96000.0 1.0099347
96500.0 1.0195019
97000.0 0.99956364
97500.0 0.98812108
98000.0 1.0125212
98500.0 1.0268657
99000.0 1.0109919
99500.0 0.99886748
100000.0 0.99935884
100500.0 1.0162497
101000.0 1.0290496
101500.0 0.99378585
102000.0 0.99335405
102500.0 1.0085302
103000.0 1.0138912
103500.0 0.99673487
104000.0 0.9791992
104500.0 1.006645
105000.0 1.0093291
105500.0 1.0062405
106000.0 0.9995751
106500.0 1.0046454
107000.0 1.0231556
107500.0 1.0113908
108000.0 0.98830952
108500.0 0.99541269
109000.0 1.0105166
109500.0 1.008182
110000.0 1.0022459
110500.0 0.97318916
111000.0 0.9895388
111500.0 1.0117857
112000.0 1.0104384
112500.0 0.99908843
113000.0 0.99258801
113500.0 1.0172174
114000.0 1.025858
114500.0 1.0062321
115000.0 0.99851015
115500.0 1.0043976
116000.0 1.0096547
116500.0 1.0107683
117000.0 0.99108999
117500.0 0.99247448
118000.0 1.0192343
118500.0 1.0195192
119000.0 1.0041154
119500.0 0.99475332
120000.0 1.0041413
120500.0 1.0075075
121000.0 1.0072399
121500.0 0.98803768
122000.0 0.9914047
122500.0 1.0157095
123000.0 1.0122832
123500.0 1.0004862
124000.0 0.99818419
124500.0 1.0110024
125000.0 1.0431897
125500.0 1.0213008
126000.0 1.0044732
126500.0 0.99589563
127000.0 1.0024429
127500.0 1.0220383
128000.0 1.0081504
128500.0 0.98397743
129000.0 0.99720848
129500.0 1.0088261
130000.0 1.0103534
130500.0 0.9964641
131000.0 0.99200202
131500.0 0.98635468
132000.0 1.0138043
132500.0 1.0168387
133000.0 0.99742551
133500.0 0.99321623
134000.0 1.0183121
134500.0 1.0258272
135000.0 1.0138656
135500.0 1.0012744
136000.0 1.0021646
136500.0 1.0190398
137000.0 1.024464
137500.0 0.99518917
138000.0 0.99605498
138500.0 1.0083716
139000.0 1.0150242
139500.0 0.99856235
140000.0 0.9808896
140500.0 1.010997
141000.0 1.0144068
141500.0 0.99840551
142000.0 0.99501091
142500.0 1.0091339
143000.0 1.0255503
143500.0 0.9987811
144000.0 0.98884159
144500.0 1.0041015
145000.0 1.0148692
145500.0 1.0108222
146000.0 0.98692326
146500.0 0.98719058
147000.0 1.020953
147500.0 1.0118392
148000.0 0.99870553
148500.0 0.99702943
149000.0 1.0231021
149500.0 1.0223665
150000.0 0.98940172
150500.0 0.99362014
151000.0 1.0131466
151500.0 1.0146753
152000.0 0.99731345
152500.0 0.98476999
153000.0 1.016564
153500.0 1.0180397
154000.0 1.0023061
154500.0 0.99801448
155000.0 1.0068229
155500.0 1.0254597
156000.0 1.0042426
156500.0 0.98711011
157000.0 1.0042204
157500.0 1.0166337
158000.0 1.0063185
158500.0 0.98580536
159000.0 0.99772926
159500.0 1.0250278
160000.0 1.0105564
160500.0 0.99549047
161000.0 1.0029123
161500.0 1.0196703
162000.0 1.0170811
162500.0 0.98472526
163000.0 0.99648464
163500.0 1.0131101
164000.0 1.0136467
164500.0 0.99670524
165000.0 0.98280349
165500.0 1.0202978
166000.0 1.0149327
166500.0 0.99762713
167000.0 0.9955444
167500.0 1.0104982
168000.0 1.026197
168500.0 0.99149092
169000.0 0.98943055
169500.0 1.0120265
170000.0 1.0154443
170500.0 1.0016719
171000.0 0.98609678
171500.0 1.0172347
172000.0 1.0212033
172500.0 1.0034269
173000.0 0.99280378
173500.0 1.006381
174000.0 1.0263744
174500.0 1.005632
175000.0 0.98466963
175500.0 1.0031549
176000.0 1.0166182
176500.0 1.0048604
177000.0 0.98885663
177500.0 0.99728102
178000.0 1.0251605
178500.0 1.0092747
179000.0 0.99424801
179500.0 0.9976648
180000.0 1.018581
180500.0 1.0155825
181000.0 0.9807308
181500.0 0.9984197
182000.0 1.0159519
182500.0 1.0111756
183000.0 0.99221393
183500.0 0.98637712
184000.0 1.0233901
184500.0 1.0213087
185000.0 0.99912918
185500.0 0.99627395
186000.0 1.0072168
186500.0 1.0189628
187000.0 1.0091693
187500.0 0.98811243
188000.0 0.99795737
188500.0 1.0149259
189000.0 1.0089941
189500.0 0.99327554
190000.0 0.99524844
190500.0 1.0317825
191000.0 1.0246151
191500.0 0.99488404
192000.0 0.99549161
192500.0 1.0129726
193000.0 1.0158258
193500.0 0.98536858
194000.0 0.98857379
194500.0 1.0078878
195000.0 1.0106989
195500.0 1.0021652
196000.0 0.98646955
196500.0 0.98208896
197000.0 1.0168237
197500.0 1.0174127
198000.0 0.99587099
198500.0 0.99380895
199000.0 1.0251554
199500.0 1.0244254
200000.0 1.0054649
