0.0 463.03903
1000.0 464.68483
2000.0 466.21184
3000.0 472.95063
4000.0 467.81804
5000.0 460.61306
6000.0 457.89875
7000.0 467.19862
8000.0 472.09023
9000.0 474.13844
10000.0 461.35739
11000.0 477.17012
12000.0 443.46992
13000.0 432.06395
14000.0 450.46243
15000.0 468.75789
16000.0 465.82135
17000.0 442.81347
18000.0 434.40928
19000.0 480.67576
20000.0 446.58477
21000.0 472.63934
22000.0 458.24209
23000.0 466.98862
24000.0 466.44315
25000.0 458.01932
26000.0 470.10177
27000.0 461.28628
28000.0 499.12598
29000.0 455.57942
30000.0 465.38342
31000.0 475.42878
32000.0 451.69636
33000.0 454.35562
34000.0 463.14175
35000.0 464.91559
36000.0 472.42718
37000.0 467.47173
38000.0 458.71546
39000.0 476.19675
40000.0 437.33564
41000.0 496.41357
42000.0 452.58015
43000.0 446.66262
44000.0 466.06359
45000.0 471.25707
46000.0 443.67306
47000.0 492.42772
48000.0 463.48192
49000.0 456.10535
50000.0 472.29792
51000.0 461.78243
52000.0 462.02366
53000.0 478.00058
54000.0 465.43342
55000.0 485.83435
56000.0 468.901
57000.0 489.15199
58000.0 450.2026
59000.0 451.91748
60000.0 460.84249
61000.0 451.96248
62000.0 461.25896
63000.0 469.85118
64000.0 452.08338
65000.0 449.79849
66000.0 470.52321
67000.0 459.91377
68000.0 461.78778
69000.0 473.19429
70000.0 473.41521
71000.0 479.05971
72000.0 457.46493
73000.0 439.64545
74000.0 492.32348
75000.0 471.6138
76000.0 468.57911
77000.0 460.89936
78000.0 480.67326
79000.0 473.37122
80000.0 455.5031
81000.0 463.08078
82000.0 471.25218
83000.0 472.69082
84000.0 475.82833
85000.0 459.08971
86000.0 469.08713
87000.0 456.24384
88000.0 476.79333
89000.0 465.22199
90000.0 470.572
91000.0 471.66542
92000.0 465.15554
93000.0 447.71948
94000.0 453.24157
95000.0 444.38933
96000.0 471.59615
97000.0 485.0354
98000.0 470.75563
99000.0 467.91037
100000.0 459.68332
101000.0 464.54397
102000.0 455.68419
103000.0 459.84066
104000.0 470.22079
105000.0 471.88437
106000.0 458.12675
107000.0 459.39433
108000.0 469.97296
109000.0 443.60421
110000.0 455.51875
111000.0 490.28857
112000.0 489.51455
113000.0 466.81757
114000.0 462.22528
115000.0 462.50714
116000.0 463.22727
117000.0 461.06304
118000.0 452.49368
119000.0 433.02019
120000.0 472.47868
121000.0 438.32088
122000.0 474.76008
123000.0 473.78771
124000.0 450.65771
125000.0 443.10385
126000.0 461.02195
127000.0 468.50468
128000.0 443.45281
129000.0 469.36911
130000.0 456.42648
131000.0 468.77663
132000.0 448.16672
133000.0 448.06999
134000.0 473.19069
135000.0 462.41817
136000.0 464.87316
137000.0 440.96408
138000.0 455.26073
139000.0 488.38734
140000.0 462.65792
141000.0 471.69552
142000.0 455.72379
143000.0 468.26967
144000.0 470.03124
145000.0 481.08844
146000.0 455.47228
147000.0 492.47125
148000.0 466.54331
149000.0 438.15319
150000.0 436.48714
151000.0 465.93858
152000.0 458.72913
153000.0 455.22489
154000.0 492.27969
155000.0 452.31367
156000.0 465.19496
157000.0 463.19566
158000.0 462.33117
159000.0 455.56131
160000.0 446.43641
161000.0 456.93524
162000.0 481.6669
163000.0 474.84607
164000.0 464.53576
165000.0 470.22208
166000.0 472.05842
167000.0 455.26299
168000.0 457.11847
169000.0 481.06316
170000.0 439.03348
171000.0 439.98784
172000.0 460.24545
173000.0 470.51588
174000.0 455.23685
175000.0 456.11866
176000.0 463.95178
177000.0 456.60467
178000.0 453.87638
179000.0 454.56223
180000.0 450.11535
181000.0 461.41161
182000.0 476.77128
183000.0 454.07978
184000.0 472.97621
185000.0 481.53162
186000.0 473.53749
187000.0 457.04035
188000.0 447.96553
189000.0 481.90012
190000.0 442.80584
191000.0 458.63795
192000.0 461.65891
193000.0 461.25109
194000.0 497.84458
195000.0 452.70157
196000.0 476.85868
197000.0 454.3201
198000.0 466.06086
199000.0 469.92463
200000.0 458.79473
