0.0 1564.031
200.0 729.80372
400.0 1081.6126
600.0 1355.3661
800.0 1619.7631
1000.0 1553.1429
1200.0 1552.4233
1400.0 1565.7048
1600.0 1522.2686
1800.0 1608.5797
2000.0 1576.371
2200.0 1528.2581
2400.0 1594.3321
2600.0 1516.2032
2800.0 1606.1715
3000.0 1554.9326
3200.0 1527.3549
3400.0 1570.0153
3600.0 1540.7612
3800.0 1590.0149
4000.0 1546.1279
4200.0 1582.1465
4400.0 1515.775
4600.0 1617.444
4800.0 1531.294
5000.0 1577.5895
5200.0 1556.2297
5400.0 1572.0864
5600.0 1580.4174
5800.0 1574.8686
6000.0 1550.1332
6200.0 1563.0537
6400.0 1613.4553
6600.0 1541.0571
6800.0 1593.8664
7000.0 1527.9815
7200.0 1599.7274
7400.0 1621.6655
7600.0 1564.7679
7800.0 1547.817
8000.0 1590.5739
8200.0 1582.6435
8400.0 1550.8785
8600.0 1567.7573
8800.0 1560.9941
9000.0 1587.9417
9200.0 1559.9611
9400.0 1571.4299
9600.0 1582.9582
9800.0 1557.1053
10000.0 1564.9993
10200.0 1586.9213
10400.0 1537.3784
10600.0 1547.7643
10800.0 1551.5491
11000.0 1572.742
11200.0 1549.5762
11400.0 1580.5796
11600.0 1572.6291
11800.0 1565.472
12000.0 1612.7873
12200.0 1535.1002
12400.0 1574.5372
12600.0 1521.3037
12800.0 1559.7848
13000.0 1550.6899
13200.0 1547.6225
13400.0 1577.3086
13600.0 1516.8311
13800.0 1585.7197
14000.0 1580.0799
14200.0 1550.9641
14400.0 1586.2187
14600.0 1558.4614
14800.0 1543.3703
15000.0 1571.7706
15200.0 1541.9787
15400.0 1563.4631
15600.0 1553.4513
15800.0 1576.1965
16000.0 1542.7375
16200.0 1579.2856
16400.0 1563.5976
16600.0 1552.7677
16800.0 1568.8748
17000.0 1567.4229
17200.0 1561.6153
17400.0 1563.537
17600.0 1564.7334
17800.0 1561.3242
18000.0 1591.191
18200.0 1526.2621
18400.0 1602.2976
18600.0 1578.2703
18800.0 1555.068
19000.0 1636.5622
19200.0 1542.2674
19400.0 1570.8173
19600.0 1585.8378
19800.0 1542.8339
20000.0 1583.6729
20200.0 1541.8812
20400.0 1608.6464
20600.0 1545.4574
20800.0 1599.8377
21000.0 1547.7373
21200.0 1572.1319
21400.0 1560.1784
21600.0 1572.1301
21800.0 1542.3496
22000.0 1575.989
22200.0 1577.7935
22400.0 1556.8378
22600.0 1534.3767
22800.0 1574.9628
23000.0 1546.7811
23200.0 1555.3646
23400.0 1574.4085
23600.0 1604.1869
23800.0 1536.7725
24000.0 1585.0224
24200.0 1556.3113
24400.0 1566.0671
24600.0 1574.4483
24800.0 1569.256
25000.0 1542.656
25200.0 1601.5079
25400.0 1520.6398
25600.0 1549.6586
25800.0 1582.2576
26000.0 1550.9336
26200.0 1574.5195
26400.0 1543.48
26600.0 1617.9474
26800.0 1557.2169
27000.0 1554.6593
27200.0 1589.0933
27400.0 1539.2269
27600.0 1568.0873
27800.0 1541.5913
28000.0 1550.9046
28200.0 1569.7687
28400.0 1524.3198
28600.0 1602.845
28800.0 1533.5541
29000.0 1554.0975
29200.0 1565.6859
29400.0 1590.4946
29600.0 1566.1028
29800.0 1552.8871
30000.0 1548.1921
30200.0 1590.8287
30400.0 1530.0057
30600.0 1571.277
30800.0 1562.1155
31000.0 1569.6431
31200.0 1551.5051
31400.0 1572.558
31600.0 1557.4012
31800.0 1562.1709
32000.0 1560.5396
32200.0 1563.6309
32400.0 1553.6742
32600.0 1556.8805
32800.0 1585.2732
33000.0 1549.1641
33200.0 1599.3664
33400.0 1568.4253
33600.0 1567.9722
33800.0 1525.2585
34000.0 1553.3616
34200.0 1592.2404
34400.0 1512.9099
34600.0 1600.097
34800.0 1550.8812
35000.0 1588.6284
35200.0 1504.9454
35400.0 1600.7464
35600.0 1549.53
35800.0 1545.119
36000.0 1605.1502
36200.0 1575.5526
36400.0 1538.6462
36600.0 1573.6181
36800.0 1550.9291
37000.0 1587.0103
37200.0 1519.9058
37400.0 1566.7318
37600.0 1543.0636
37800.0 1569.5969
38000.0 1542.7655
38200.0 1578.2611
38400.0 1555.8215
38600.0 1581.2189
38800.0 1548.4185
39000.0 1582.2815
39200.0 1546.0699
39400.0 1585.671
39600.0 1504.2567
39800.0 1598.3469
40000.0 1538.605
40200.0 1586.8332
40400.0 1558.4302
40600.0 1568.1074
40800.0 1537.0496
41000.0 1580.3664
41200.0 1534.2801
41400.0 1568.738
41600.0 1586.8429
41800.0 1533.2937
42000.0 1538.5029
42200.0 1565.8807
42400.0 1556.9211
42600.0 1551.9354
42800.0 1568.8435
43000.0 1590.9688
43200.0 1575.5202
43400.0 1573.8647
43600.0 1545.6431
43800.0 1592.6466
44000.0 1558.2827
44200.0 1610.8395
44400.0 1563.4253
44600.0 1529.6184
44800.0 1599.004
45000.0 1537.9929
45200.0 1577.8699
45400.0 1560.0441
45600.0 1564.95
45800.0 1584.4015
46000.0 1579.5149
46200.0 1519.3683
46400.0 1557.0157
46600.0 1602.8686
46800.0 1528.7087
47000.0 1583.487
47200.0 1538.212
47400.0 1576.8434
47600.0 1553.1488
47800.0 1559.3817
48000.0 1555.4589
48200.0 1556.6397
48400.0 1570.0286
48600.0 1590.384
48800.0 1539.7835
49000.0 1564.7107
49200.0 1566.4458
49400.0 1589.9185
49600.0 1534.8651
49800.0 1586.0883
50000.0 1565.1952
50200.0 1592.1904
50400.0 1563.5813
50600.0 1535.6345
50800.0 1605.1667
51000.0 1552.7719
51200.0 1591.1644
51400.0 1539.8205
51600.0 1554.5627
51800.0 1589.3196
52000.0 1534.2399
52200.0 1595.4945
52400.0 1535.3641
52600.0 1582.7146
52800.0 1558.2998
53000.0 1487.8152
53200.0 1595.1505
53400.0 1558.0045
53600.0 1579.5131
53800.0 1556.1722
54000.0 1552.2768
54200.0 1571.8807
54400.0 1550.9731
54600.0 1574.6679
54800.0 1554.2513
55000.0 1558.8403
55200.0 1581.9678
55400.0 1548.1841
55600.0 1574.7935
55800.0 1575.4443
56000.0 1540.5289
56200.0 1572.7502
56400.0 1590.777
56600.0 1532.5961
56800.0 1577.6725
57000.0 1567.5915
57200.0 1579.1241
57400.0 1560.0861
57600.0 1602.1183
57800.0 1551.8509
58000.0 1559.0027
58200.0 1602.1802
58400.0 1577.2076
58600.0 1564.8395
58800.0 1570.0076
59000.0 1547.3701
59200.0 1593.5905
59400.0 1517.3646
59600.0 1578.1494
59800.0 1556.7045
60000.0 1610.3382
60200.0 1547.5986
60400.0 1555.55
60600.0 1601.5757
60800.0 1553.8535
61000.0 1562.2052
61200.0 1554.0107
61400.0 1560.1804
61600.0 1595.4022
61800.0 1530.2306
62000.0 1568.9256
62200.0 1567.6352
62400.0 1564.1143
62600.0 1557.2486
62800.0 1607.5312
63000.0 1522.7911
63200.0 1588.6417
63400.0 1558.317
63600.0 1552.3238
63800.0 1540.0454
64000.0 1570.2216
64200.0 1503.8329
64400.0 1562.8007
64600.0 1565.6082
64800.0 1606.6991
65000.0 1543.2261
65200.0 1602.0475
65400.0 1538.808
65600.0 1575.9231
65800.0 1531.9913
66000.0 1561.1425
66200.0 1585.8188
66400.0 1517.418
66600.0 1611.4388
66800.0 1545.1206
67000.0 1559.7836
67200.0 1586.5009
67400.0 1538.9454
67600.0 1573.8338
67800.0 1581.362
68000.0 1529.0652
68200.0 1589.6661
68400.0 1566.1615
68600.0 1559.7128
68800.0 1597.4304
69000.0 1533.6067
69200.0 1591.5994
69400.0 1567.1951
69600.0 1562.1714
69800.0 1528.1963
70000.0 1575.31
70200.0 1563.0791
70400.0 1585.2976
70600.0 1555.9349
70800.0 1588.2739
71000.0 1572.4853
71200.0 1543.3486
71400.0 1592.9627
71600.0 1574.5201
71800.0 1527.4757
72000.0 1559.0099
72200.0 1595.1133
72400.0 1553.3661
72600.0 1563.7174
72800.0 1556.7077
73000.0 1590.0142
73200.0 1554.6909
73400.0 1542.522
73600.0 1598.1853
73800.0 1537.8857
74000.0 1560.6845
74200.0 1604.4194
74400.0 1556.667
74600.0 1553.9487
74800.0 1579.5422
75000.0 1550.2719
75200.0 1593.0162
75400.0 1598.85
75600.0 1568.8579
75800.0 1511.3753
76000.0 1562.7986
76200.0 1583.3173
76400.0 1517.2626
76600.0 1598.2968
76800.0 1547.6479
77000.0 1598.6764
77200.0 1539.7337
77400.0 1567.4928
77600.0 1567.9943
77800.0 1549.6448
78000.0 1601.8282
78200.0 1562.0393
78400.0 1551.7931
78600.0 1564.5893
78800.0 1595.7915
79000.0 1556.5361
79200.0 1573.1276
79400.0 1522.5858
79600.0 1580.8249
79800.0 1556.7501
80000.0 1592.2996
80200.0 1561.2933
80400.0 1538.6903
80600.0 1588.2924
80800.0 1571.5097
81000.0 1532.0663
81200.0 1590.8487
81400.0 1549.4949
81600.0 1558.5132
81800.0 1597.1451
82000.0 1539.3305
82200.0 1570.2401
82400.0 1567.1682
82600.0 1547.0477
82800.0 1581.9009
83000.0 1532.8479
83200.0 1573.4301
83400.0 1558.0449
83600.0 1605.2526
83800.0 1560.3286
84000.0 1543.5946
84200.0 1604.6531
84400.0 1549.7406
84600.0 1609.8538
84800.0 1541.7238
85000.0 1536.6167
85200.0 1578.4946
85400.0 1592.4787
85600.0 1503.7918
85800.0 1597.3585
86000.0 1544.2023
86200.0 1601.9041
86400.0 1559.0728
86600.0 1523.8481
86800.0 1549.2
87000.0 1579.5564
87200.0 1553.5665
87400.0 1598.1924
87600.0 1547.0049
87800.0 1530.1433
88000.0 1585.1333
88200.0 1519.5337
88400.0 1599.604
88600.0 1542.4216
88800.0 1586.2517
89000.0 1566.419
89200.0 1559.2691
89400.0 1532.5147
89600.0 1553.3867
89800.0 1581.1067
90000.0 1540.0303
90200.0 1569.179
90400.0 1593.5837
90600.0 1538.9698
90800.0 1554.1917
91000.0 1546.7419
91200.0 1583.5584
91400.0 1541.6942
91600.0 1598.4026
91800.0 1552.707
92000.0 1558.1523
92200.0 1592.1426
92400.0 1540.7351
92600.0 1592.0401
92800.0 1532.7376
93000.0 1568.6037
93200.0 1536.6732
93400.0 1557.7437
93600.0 1565.1789
93800.0 1585.4233
94000.0 1572.1761
94200.0 1570.3141
94400.0 1551.4996
94600.0 1571.5188
94800.0 1556.8714
95000.0 1617.7511
95200.0 1563.8814
95400.0 1528.8411
95600.0 1570.7379
95800.0 1554.822
96000.0 1540.8551
96200.0 1582.3378
96400.0 1545.1071
96600.0 1559.7163
96800.0 1583.7233
97000.0 1541.1802
97200.0 1533.6023
97400.0 1572.0595
97600.0 1554.6243
97800.0 1585.3822
98000.0 1533.6235
98200.0 1585.0507
98400.0 1581.4696
98600.0 1539.7386
98800.0 1554.2387
99000.0 1581.1337
99200.0 1556.0492
99400.0 1579.8397
99600.0 1524.3671
99800.0 1570.3285
100000.0 1564.9584
100200.0 1567.1137
100400.0 1560.3707
100600.0 1601.9244
100800.0 1584.5447
101000.0 1570.2624
101200.0 1501.397
101400.0 1552.533
101600.0 1578.8005
101800.0 1530.5601
102000.0 1576.4995
102200.0 1591.9472
102400.0 1559.2881
102600.0 1564.6732
102800.0 1543.1275
103000.0 1575.6985
103200.0 1576.4571
103400.0 1539.1032
103600.0 1547.2222
103800.0 1590.2356
104000.0 1563.8895
104200.0 1500.2613
104400.0 1569.482
104600.0 1567.4516
104800.0 1588.31
105000.0 1538.8083
105200.0 1582.3411
105400.0 1504.5545
105600.0 1568.4229
105800.0 1582.8508
106000.0 1542.7019
106200.0 1579.5678
106400.0 1589.1199
106600.0 1531.7945
106800.0 1594.727
107000.0 1521.4489
107200.0 1599.2515
107400.0 1558.5134
107600.0 1582.0829
107800.0 1556.1139
108000.0 1556.1721
108200.0 1596.0066
108400.0 1580.0142
108600.0 1541.3836
108800.0 1597.2857
109000.0 1530.7633
109200.0 1577.7209
109400.0 1549.2886
109600.0 1592.7062
109800.0 1555.0819
110000.0 1598.2854
110200.0 1530.2616
110400.0 1584.7991
110600.0 1534.0843
110800.0 1560.4466
111000.0 1578.5917
111200.0 1584.0486
111400.0 1548.9455
111600.0 1621.0905
111800.0 1569.9461
112000.0 1588.7862
112200.0 1539.4415
112400.0 1589.7366
112600.0 1539.3461
112800.0 1590.174
113000.0 1581.3427
113200.0 1511.353
113400.0 1584.8966
113600.0 1546.7804
113800.0 1612.4444
114000.0 1572.7979
114200.0 1542.8969
114400.0 1575.6332
114600.0 1536.8964
114800.0 1599.0582
115000.0 1533.5976
115200.0 1574.9797
115400.0 1547.2244
115600.0 1584.407
115800.0 1551.5994
116000.0 1568.421
116200.0 1585.6808
116400.0 1547.3165
116600.0 1583.9555
116800.0 1521.2269
117000.0 1585.0576
117200.0 1551.3308
117400.0 1547.7006
117600.0 1604.852
117800.0 1564.735
118000.0 1566.8709
118200.0 1568.0971
118400.0 1595.1022
118600.0 1510.0382
118800.0 1579.1069
119000.0 1555.5886
119200.0 1581.3324
119400.0 1589.0057
119600.0 1544.6313
119800.0 1583.092
120000.0 1572.1677
120200.0 1535.169
120400.0 1612.9053
120600.0 1549.511
120800.0 1547.7546
121000.0 1562.749
121200.0 1565.5968
121400.0 1601.4549
121600.0 1553.2161
121800.0 1547.0695
122000.0 1595.2038
122200.0 1534.9144
122400.0 1565.7879
122600.0 1577.3127
122800.0 1531.274
123000.0 1610.422
123200.0 1518.1128
123400.0 1557.2311
123600.0 1563.033
123800.0 1577.0013
124000.0 1568.3513
124200.0 1591.1852
124400.0 1562.929
124600.0 1561.5377
124800.0 1607.4366
125000.0 1523.7129
125200.0 1589.9555
125400.0 1547.5534
125600.0 1565.9796
125800.0 1569.2524
126000.0 1506.9854
126200.0 1574.9175
126400.0 1576.2388
126600.0 1570.8683
126800.0 1536.5288
127000.0 1565.0398
127200.0 1571.8237
127400.0 1541.9708
127600.0 1587.5583
127800.0 1563.5156
128000.0 1555.5123
128200.0 1551.7251
128400.0 1555.112
128600.0 1559.6679
128800.0 1557.8792
129000.0 1599.7353
129200.0 1545.3035
129400.0 1567.6572
129600.0 1544.8905
129800.0 1583.4406
130000.0 1586.4716
130200.0 1567.1269
130400.0 1562.3139
130600.0 1551.2473
130800.0 1565.4152
131000.0 1551.3076
131200.0 1609.6864
131400.0 1552.1427
131600.0 1554.0732
131800.0 1564.8315
132000.0 1571.6688
132200.0 1565.4114
132400.0 1551.8276
132600.0 1570.3026
132800.0 1541.9386
133000.0 1546.5615
133200.0 1581.541
133400.0 1541.0818
133600.0 1578.3718
133800.0 1524.6679
134000.0 1592.8398
134200.0 1551.0588
134400.0 1553.711
134600.0 1544.4281
134800.0 1585.5045
135000.0 1550.6417
135200.0 1564.458
135400.0 1572.1854
135600.0 1530.5878
135800.0 1608.5297
136000.0 1549.574
136200.0 1609.7732
136400.0 1554.1298
136600.0 1553.8622
136800.0 1587.8733
137000.0 1563.6661
137200.0 1560.3914
137400.0 1566.1166
137600.0 1566.6927
137800.0 1571.1611
138000.0 1551.7779
138200.0 1563.5644
138400.0 1574.565
138600.0 1582.0948
138800.0 1541.0684
139000.0 1599.5843
139200.0 1548.1502
139400.0 1567.7407
139600.0 1572.809
139800.0 1544.0393
140000.0 1557.8749
140200.0 1573.4257
140400.0 1556.7126
140600.0 1611.9554
140800.0 1563.2539
141000.0 1524.385
141200.0 1572.6732
141400.0 1528.7502
141600.0 1618.5676
141800.0 1540.7206
142000.0 1579.5007
142200.0 1550.0833
142400.0 1575.8278
142600.0 1518.7991
142800.0 1583.338
143000.0 1545.2544
143200.0 1608.5169
143400.0 1543.084
143600.0 1585.9842
143800.0 1516.6193
144000.0 1617.9547
144200.0 1536.4262
144400.0 1587.4383
144600.0 1559.7035
144800.0 1544.8493
145000.0 1610.1039
145200.0 1544.4009
145400.0 1566.3288
145600.0 1546.7937
145800.0 1572.1714
146000.0 1518.1995
146200.0 1583.0585
146400.0 1548.0147
146600.0 1600.2107
146800.0 1571.1111
147000.0 1513.4641
147200.0 1563.097
147400.0 1581.9249
147600.0 1526.9458
147800.0 1553.3439
148000.0 1586.5076
148200.0 1576.4095
148400.0 1534.5352
148600.0 1551.3883
148800.0 1590.0665
149000.0 1549.047
149200.0 1625.3579
149400.0 1548.1486
149600.0 1577.0016
149800.0 1591.6478
150000.0 1565.5013
150200.0 1549.7433
150400.0 1595.6206
150600.0 1535.9554
150800.0 1575.4152
151000.0 1545.7634
151200.0 1572.2355
151400.0 1552.5528
151600.0 1557.9246
151800.0 1530.7592
152000.0 1583.8183
152200.0 1537.8608
152400.0 1564.1036
152600.0 1617.3176
152800.0 1587.0902
153000.0 1538.7486
153200.0 1589.6377
153400.0 1516.2762
153600.0 1573.9728
153800.0 1557.8086
154000.0 1553.2457
154200.0 1587.8811
154400.0 1523.2794
154600.0 1612.7978
154800.0 1543.4098
155000.0 1550.0604
155200.0 1579.3669
155400.0 1589.004
155600.0 1558.858
155800.0 1566.1779
156000.0 1570.4491
156200.0 1576.935
156400.0 1576.044
156600.0 1509.9807
156800.0 1557.647
157000.0 1567.6234
157200.0 1546.9659
157400.0 1621.85
157600.0 1527.5787
157800.0 1579.4831
158000.0 1579.0494
158200.0 1579.9042
158400.0 1556.0765
158600.0 1571.7543
158800.0 1563.9213
159000.0 1576.0637
159200.0 1542.1666
159400.0 1572.4774
159600.0 1571.2668
159800.0 1575.0275
160000.0 1551.2607
160200.0 1551.5721
160400.0 1547.8934
160600.0 1528.5171
160800.0 1590.0614
161000.0 1558.2606
161200.0 1542.8826
161400.0 1572.5186
161600.0 1535.062
161800.0 1565.0856
162000.0 1580.3756
162200.0 1563.8533
162400.0 1564.3702
162600.0 1650.0762
162800.0 1560.3172
163000.0 1568.2575
163200.0 1548.05
163400.0 1602.2498
163600.0 1555.9101
163800.0 1568.487
164000.0 1564.9514
164200.0 1554.5864
164400.0 1583.7831
164600.0 1586.2576
164800.0 1529.0934
165000.0 1562.2829
165200.0 1543.6637
165400.0 1607.8496
165600.0 1549.9357
165800.0 1575.9775
166000.0 1535.7535
166200.0 1551.0894
166400.0 1582.5472
166600.0 1567.6689
166800.0 1578.8248
167000.0 1547.9839
167200.0 1570.8725
167400.0 1603.1017
167600.0 1550.699
167800.0 1550.86
168000.0 1586.962
168200.0 1568.4222
168400.0 1578.6433
168600.0 1542.8818
168800.0 1589.3987
169000.0 1570.5466
169200.0 1539.1413
169400.0 1560.9687
169600.0 1573.9533
169800.0 1557.31
170000.0 1580.2237
170200.0 1540.6906
170400.0 1579.4618
170600.0 1558.2628
170800.0 1592.0807
171000.0 1553.6268
171200.0 1564.8256
171400.0 1556.1959
171600.0 1571.7574
171800.0 1586.1688
172000.0 1551.804
172200.0 1562.631
172400.0 1531.4551
172600.0 1601.9003
172800.0 1556.4646
173000.0 1566.2764
173200.0 1565.4961
173400.0 1559.2011
173600.0 1602.3783
173800.0 1533.952
174000.0 1552.2538
174200.0 1602.6547
174400.0 1563.553
174600.0 1592.618
174800.0 1536.3925
175000.0 1598.4541
175200.0 1541.2551
175400.0 1604.6623
175600.0 1522.7497
175800.0 1573.0715
176000.0 1590.0908
176200.0 1529.057
176400.0 1578.6401
176600.0 1596.7848
176800.0 1579.9511
177000.0 1530.4085
177200.0 1569.4127
177400.0 1599.3271
177600.0 1549.8674
177800.0 1571.5781
178000.0 1523.1064
178200.0 1581.6106
178400.0 1562.0069
178600.0 1531.9104
178800.0 1583.125
179000.0 1544.2169
179200.0 1576.2206
179400.0 1566.7814
179600.0 1607.4439
179800.0 1527.218
180000.0 1592.555
180200.0 1573.3109
180400.0 1558.4175
180600.0 1569.6951
180800.0 1612.378
181000.0 1547.7209
181200.0 1559.3764
181400.0 1586.512
181600.0 1563.315
181800.0 1561.8585
182000.0 1616.1786
182200.0 1545.3366
182400.0 1585.2085
182600.0 1527.6963
182800.0 1543.5204
183000.0 1597.5541
183200.0 1550.4306
183400.0 1590.6257
183600.0 1555.7177
183800.0 1602.0053
184000.0 1591.6444
184200.0 1544.2247
184400.0 1558.155
184600.0 1567.1581
184800.0 1578.351
185000.0 1538.6948
185200.0 1594.2784
185400.0 1500.0213
185600.0 1584.6022
185800.0 1549.7133
186000.0 1587.8252
186200.0 1533.8391
186400.0 1635.5124
186600.0 1550.2385
186800.0 1605.1954
187000.0 1532.6267
187200.0 1608.579
187400.0 1552.181
187600.0 1569.3819
187800.0 1517.5512
188000.0 1549.7735
188200.0 1598.819
188400.0 1554.4503
188600.0 1574.5081
188800.0 1564.6704
189000.0 1559.1018
189200.0 1581.492
189400.0 1551.0286
189600.0 1552.1435
189800.0 1573.1919
190000.0 1582.8734
190200.0 1528.135
190400.0 1568.5669
190600.0 1596.8221
190800.0 1534.8876
191000.0 1583.8993
191200.0 1523.4103
191400.0 1557.631
191600.0 1578.7522
191800.0 1573.692
192000.0 1558.5127
192200.0 1562.7044
192400.0 1558.845
192600.0 1544.8406
192800.0 1588.9771
193000.0 1553.06
193200.0 1546.6013
193400.0 1626.0895
193600.0 1561.9057
193800.0 1553.2943
194000.0 1548.8285
194200.0 1581.3322
194400.0 1569.6652
194600.0 1508.9321
194800.0 1594.2907
195000.0 1513.607
195200.0 1573.0796
195400.0 1593.9739
195600.0 1520.1422
195800.0 1566.4075
196000.0 1520.1041
196200.0 1572.5786
196400.0 1569.3232
196600.0 1565.1233
196800.0 1535.5448
197000.0 1594.9989
197200.0 1549.1336
197400.0 1569.9123
197600.0 1550.0631
197800.0 1593.4611
198000.0 1534.3106
198200.0 1579.8667
198400.0 1549.9973
198600.0 1563.7251
198800.0 1583.9797
199000.0 1583.1395
199200.0 1545.3244
199400.0 1566.5916
199600.0 1557.5218
199800.0 1511.1967
200000.0 1543.4212
