0.0 267.73636
1000.0 161.99489
2000.0 181.49529
3000.0 219.32104
4000.0 243.29333
5000.0 267.16919
6000.0 286.06813
7000.0 280.81235
8000.0 273.51139
9000.0 247.30584
10000.0 266.86236
11000.0 268.37313
12000.0 275.66151
13000.0 277.25158
14000.0 254.39436
15000.0 267.92908
16000.0 260.25644
17000.0 263.10142
18000.0 269.0965
19000.0 258.98956
20000.0 266.57771
21000.0 257.09767
22000.0 265.03415
23000.0 280.29825
24000.0 270.88855
25000.0 271.68847
26000.0 266.61419
27000.0 265.99713
28000.0 251.46614
29000.0 253.53954
30000.0 263.07961
31000.0 272.58473
32000.0 274.61145
33000.0 273.08127
34000.0 266.31735
35000.0 265.53094
36000.0 268.91958
37000.0 274.74962
38000.0 261.29654
39000.0 260.88611
40000.0 256.57833
41000.0 248.11528
42000.0 258.77887
43000.0 263.11879
44000.0 271.83107
45000.0 267.69653
46000.0 262.56538
47000.0 263.45396
48000.0 258.6461
49000.0 264.30183
50000.0 267.07506
51000.0 282.40719
52000.0 266.55283
53000.0 263.23546
54000.0 263.06434
55000.0 261.20967
56000.0 271.93193
57000.0 277.91242
58000.0 265.95833
59000.0 258.64305
60000.0 259.30093
61000.0 279.82503
62000.0 280.12507
63000.0 273.75624
64000.0 265.28924
65000.0 261.55688
66000.0 285.4471
67000.0 285.95355
68000.0 286.23457
69000.0 259.979
70000.0 262.6686
71000.0 272.62827
72000.0 269.06565
73000.0 263.33978
74000.0 260.44928
75000.0 273.50831
76000.0 275.31112
77000.0 262.49612
78000.0 247.94532
79000.0 260.93882
80000.0 258.85925
81000.0 280.41066
82000.0 284.36931
83000.0 272.59831
84000.0 268.6427
85000.0 251.45529
86000.0 276.38325
87000.0 286.16174
88000.0 286.49047
89000.0 268.99294
90000.0 263.68733
91000.0 265.71691
92000.0 259.31177
93000.0 268.19179
94000.0 254.9468
95000.0 258.73051
96000.0 260.59289
97000.0 255.31573
98000.0 253.87655
99000.0 262.52173
100000.0 265.10086
101000.0 271.42907
102000.0 260.18598
103000.0 257.81596
104000.0 253.88334
105000.0 257.48654
106000.0 271.16897
107000.0 268.89547
108000.0 259.49561
109000.0 267.41448
110000.0 268.05985
111000.0 269.35295
112000.0 249.27892
113000.0 252.67357
114000.0 271.79957
115000.0 269.19902
116000.0 270.52675
117000.0 264.31089
118000.0 264.29262
119000.0 252.68071
120000.0 259.36167
121000.0 261.09708
122000.0 269.16677
123000.0 281.02292
124000.0 259.54594
125000.0 269.57103
126000.0 270.94176
127000.0 281.41407
128000.0 276.8366
129000.0 261.01097
130000.0 270.07516
131000.0 256.50899
132000.0 265.96528
133000.0 277.26733
134000.0 259.53199
135000.0 262.25429
136000.0 271.89368
137000.0 279.9536
138000.0 275.63452
139000.0 286.92472
140000.0 270.66011
141000.0 258.75878
142000.0 264.15707
143000.0 255.87595
144000.0 275.26603
145000.0 285.59768
146000.0 279.79431
147000.0 268.36012
148000.0 257.99267
149000.0 256.27543
150000.0 261.19698
151000.0 273.41682
152000.0 268.45939
153000.0 293.53121
154000.0 257.26376
155000.0 270.48121
156000.0 263.69899
157000.0 283.20165
158000.0 290.70665
159000.0 274.72912
160000.0 259.88035
161000.0 268.38101
162000.0 279.85398
163000.0 272.71112
164000.0 254.96906
165000.0 257.73316
166000.0 267.07148
167000.0 273.81098
168000.0 266.50759
169000.0 273.06373
170000.0 280.67047
171000.0 257.51557
172000.0 255.27161
173000.0 268.34866
174000.0 275.38635
175000.0 272.52617
176000.0 270.51921
177000.0 262.63684
178000.0 275.0514
179000.0 257.73469
180000.0 272.62247
181000.0 271.67748
182000.0 260.72339
183000.0 252.34656
184000.0 252.50046
185000.0 264.81051
186000.0 263.46746
187000.0 278.90628
188000.0 265.25447
189000.0 242.92602
190000.0 272.35475
191000.0 262.47856
192000.0 272.28285
193000.0 271.83741
194000.0 268.24167
195000.0 264.9856
196000.0 255.40826
197000.0 261.63682
198000.0 279.50561
199000.0 266.29248
200000.0 264.37716
