0.0 2856.0333
1000.0 2924.5101
2000.0 2883.7048
3000.0 2837.0081
4000.0 2853.4129
5000.0 2862.308
6000.0 2820.4583
7000.0 2867.4564
8000.0 2862.0858
9000.0 2854.7557
10000.0 2871.586
11000.0 2888.6064
12000.0 2851.3011
13000.0 2871.3934
14000.0 2791.9086
15000.0 2869.3309
16000.0 2849.931
17000.0 2918.8039
18000.0 2855.0992
19000.0 2833.4739
20000.0 2794.8111
21000.0 2836.6612
22000.0 2850.6107
23000.0 2782.7878
24000.0 2847.3683
25000.0 2863.3911
26000.0 2861.9607
27000.0 2840.7301
28000.0 2818.8306
29000.0 2856.1011
30000.0 2859.0386
31000.0 2829.6824
32000.0 2888.4943
33000.0 2907.7376
34000.0 2860.9757
35000.0 2842.0695
36000.0 2866.8128
37000.0 2835.9002
38000.0 2832.3358
39000.0 2903.5086
40000.0 2829.5689
41000.0 2814.8467
42000.0 2920.13
43000.0 2901.9789
44000.0 2780.7993
45000.0 2878.0922
46000.0 2907.4379
47000.0 2886.7858
48000.0 2913.7166
49000.0 2871.5541
50000.0 2880.8815
51000.0 2939.8259
52000.0 2863.6554
53000.0 2863.4617
54000.0 2837.9917
55000.0 2816.0406
56000.0 2904.9425
57000.0 2805.4991
58000.0 2866.9245
59000.0 2900.8507
60000.0 2836.3815
61000.0 2837.9793
62000.0 2873.988
63000.0 2862.8837
64000.0 2851.9681
65000.0 2843.2533
66000.0 2856.4283
67000.0 2864.5487
68000.0 2833.28
69000.0 2846.5784
70000.0 2872.3389
71000.0 2892.8385
72000.0 2836.7788
73000.0 2849.4046
74000.0 2851.4531
75000.0 2849.3194
76000.0 2896.7427
77000.0 2843.1246
78000.0 2841.9557
79000.0 2880.8716
80000.0 2775.2471
81000.0 2845.4714
82000.0 2860.9094
83000.0 2811.8623
84000.0 2878.2191
85000.0 2845.2657
86000.0 2856.8526
87000.0 2879.9498
88000.0 2865.9262
89000.0 2848.6986
90000.0 2885.8542
91000.0 2871.0119
92000.0 2870.3907
93000.0 2913.7424
94000.0 2880.4655
95000.0 2854.5418
96000.0 2871.2582
97000.0 2875.6003
98000.0 2781.1639
99000.0 2891.1806
100000.0 2822.5118
101000.0 2839.1974
102000.0 2888.0369
103000.0 2803.1799
104000.0 2853.0098
105000.0 2809.4222
106000.0 2854.2947
107000.0 2866.0062
108000.0 2834.9278
109000.0 2859.0126
110000.0 2776.8479
111000.0 2940.8263
112000.0 2822.8196
113000.0 2857.2507
114000.0 2824.3313
115000.0 2860.2571
116000.0 2824.2419
117000.0 2822.701
118000.0 2910.2716
119000.0 2929.1609
120000.0 2802.9411
121000.0 2870.8253
122000.0 2829.382
123000.0 2847.5299
124000.0 2894.5791
125000.0 2868.5499
126000.0 2792.701
127000.0 2865.4344
128000.0 2880.3921
129000.0 2805.8263
130000.0 2881.6712
131000.0 2860.8109
132000.0 2858.1703
133000.0 2900.3617
134000.0 2772.4151
135000.0 2829.2699
136000.0 2848.8129
137000.0 2805.9467
138000.0 2844.2534
139000.0 2833.1519
140000.0 2839.6987
141000.0 2919.4794
142000.0 2855.3497
143000.0 2826.2554
144000.0 2778.8458
145000.0 2818.1374
146000.0 2842.1558
147000.0 2857.6994
148000.0 2864.556
149000.0 2891.8812
150000.0 2867.5188
151000.0 2887.0349
152000.0 2825.6306
153000.0 2953.8808
154000.0 2849.5182
155000.0 2843.3498
156000.0 2898.2588
157000.0 2829.7547
158000.0 2832.9474
159000.0 2798.944
160000.0 2855.1826
161000.0 2823.6826
162000.0 2879.457
163000.0 2869.1271
164000.0 2874.1509
165000.0 2788.593
166000.0 2896.7164
167000.0 2834.6521
168000.0 2865.8944
169000.0 2852.4352
170000.0 2824.8697
171000.0 2928.3542
172000.0 2852.3691
173000.0 2863.1652
174000.0 2877.848
175000.0 2851.6977
176000.0 2848.5908
177000.0 2814.4841
178000.0 2840.8302
179000.0 2802.256
180000.0 2795.3007
181000.0 2841.744
182000.0 2828.6988
183000.0 2868.7737
184000.0 2892.4369
185000.0 2860.1045
186000.0 2902.0937
187000.0 2838.129
188000.0 2809.8937
189000.0 2850.8249
190000.0 2809.8699
191000.0 2838.3782
192000.0 2850.2316
193000.0 2938.0861
194000.0 2791.3978
195000.0 2853.7127
196000.0 2864.1539
197000.0 2851.5886
198000.0 2812.0557
199000.0 2841.6262
200000.0 2881.8984
