0.0 -7401.2425
1000.0 -5754.2028
2000.0 -5828.2637
3000.0 -5871.6674
4000.0 -5943.6956
5000.0 -5930.2994
6000.0 -5925.9067
7000.0 -5995.6832
8000.0 -5986.3248
9000.0 -5948.3093
10000.0 -5987.5766
11000.0 -6012.3279
12000.0 -5957.0725
13000.0 -5996.6838
14000.0 -6042.8199
15000.0 -6015.8329
16000.0 -6029.0159
17000.0 -6014.5105
18000.0 -5986.2326
19000.0 -6047.9472
20000.0 -6031.6255
21000.0 -5988.0128
22000.0 -6004.8383
23000.0 -6014.1848
24000.0 -6009.2766
25000.0 -6018.8998
26000.0 -6018.3285
27000.0 -6011.9181
28000.0 -6056.7771
29000.0 -6017.4106
30000.0 -6005.0396
31000.0 -6023.086
32000.0 -6005.0404
33000.0 -6051.5228
34000.0 -5995.7856
35000.0 -6030.2551
36000.0 -6064.2303
37000.0 -5976.0306
38000.0 -6066.5178
39000.0 -6039.0328
40000.0 -6023.6642
41000.0 -6038.8167
42000.0 -6014.2433
43000.0 -6047.3616
44000.0 -6043.2367
45000.0 -6006.0863
46000.0 -6057.4052
47000.0 -6020.7529
48000.0 -6008.9629
49000.0 -6041.9149
50000.0 -5986.5698
51000.0 -6005.0553
52000.0 -6008.0593
53000.0 -6027.5755
54000.0 -6029.5613
55000.0 -6040.9821
56000.0 -6036.8366
57000.0 -6038.8785
58000.0 -6060.7826
59000.0 -5973.6165
60000.0 -6027.4852
61000.0 -6036.4527
62000.0 -6011.5074
63000.0 -6038.9626
64000.0 -6017.833
65000.0 -6036.1519
66000.0 -6011.1456
67000.0 -6029.56
68000.0 -6029.4211
69000.0 -6065.1796
70000.0 -6054.7448
71000.0 -6051.0701
72000.0 -6065.8321
73000.0 -6073.2495
74000.0 -6019.1484
75000.0 -6032.6561
76000.0 -6047.7683
77000.0 -6003.5882
78000.0 -6050.7527
79000.0 -6015.717
80000.0 -6020.8932
81000.0 -6057.8365
82000.0 -6027.1797
83000.0 -6025.2183
84000.0 -6058.3327
85000.0 -6035.2443
86000.0 -6012.483
87000.0 -6023.5963
88000.0 -6044.9958
89000.0 -6013.7442
90000.0 -6046.6541
91000.0 -6015.94
92000.0 -6019.4025
93000.0 -6043.906
94000.0 -6020.3182
95000.0 -6043.3026
96000.0 -6009.4282
97000.0 -6057.0118
98000.0 -6006.7386
99000.0 -6001.534
100000.0 -6062.3106
101000.0 -6020.2861
102000.0 -6037.5751
103000.0 -6029.8681
104000.0 -6049.0815
105000.0 -6007.8856
106000.0 -6030.4769
107000.0 -6083.9629
108000.0 -6011.9305
109000.0 -6051.5236
110000.0 -6029.3511
111000.0 -6031.8749
112000.0 -6059.3522
113000.0 -6075.4303
114000.0 -6007.309
115000.0 -6049.6628
116000.0 -6045.5957
117000.0 -6029.74
118000.0 -6038.1934
119000.0 -6014.1446
120000.0 -6059.133
121000.0 -6037.6176
122000.0 -6034.1308
123000.0 -6047.3239
124000.0 -6026.5954
125000.0 -6011.6318
126000.0 -6038.8471
127000.0 -6043.5725
128000.0 -6028.4235
129000.0 -6049.095
130000.0 -6034.5499
131000.0 -6043.6637
132000.0 -6041.7065
133000.0 -6060.5376
134000.0 -6028.8888
135000.0 -6072.1296
136000.0 -6067.8907
137000.0 -6044.5735
138000.0 -5997.9234
139000.0 -6039.1415
140000.0 -5996.5071
141000.0 -6059.7455
142000.0 -6030.4733
143000.0 -6052.4912
144000.0 -6039.3281
145000.0 -6023.368
146000.0 -6020.7754
147000.0 -6072.3147
148000.0 -6043.3837
149000.0 -6052.2385
150000.0 -6009.7863
151000.0 -6039.4534
152000.0 -6004.4135
153000.0 -6018.3541
154000.0 -5988.6313
155000.0 -6075.911
156000.0 -6073.7962
157000.0 -6034.8279
158000.0 -6052.61
159000.0 -6056.5102
160000.0 -6057.7784
161000.0 -6031.3346
162000.0 -6022.6324
163000.0 -6045.5998
164000.0 -6039.7706
165000.0 -6029.3194
166000.0 -6072.5385
167000.0 -6052.7812
168000.0 -6048.608
169000.0 -6034.1187
170000.0 -6034.3369
171000.0 -6041.5646
172000.0 -6068.0946
173000.0 -6047.1634
174000.0 -6059.2461
175000.0 -6026.0119
176000.0 -6037.497
177000.0 -6046.3364
178000.0 -6047.7819
179000.0 -6057.6452
180000.0 -6033.9237
181000.0 -6075.8682
182000.0 -6026.3033
183000.0 -6045.9636
184000.0 -6030.2743
185000.0 -6048.5526
186000.0 -6035.8407
187000.0 -6039.2029
188000.0 -6052.58
189000.0 -6052.4449
190000.0 -6070.6615
191000.0 -5986.6669
192000.0 -6087.581
193000.0 -6033.5574
194000.0 -6009.1345
195000.0 -6072.0971
196000.0 -6030.4417
197000.0 -6078.2901
198000.0 -6046.0664
199000.0 -6043.9736
200000.0 -6013.6149
