0.0 -2192.9607
200.0 -1905.7319
400.0 -1941.2963
600.0 -1946.4884
800.0 -1953.3971
1000.0 -1964.9139
1200.0 -1953.1169
1400.0 -1943.7026
1600.0 -1938.0699
1800.0 -1930.5613
2000.0 -1911.9236
2200.0 -1925.7097
2400.0 -1910.2637
2600.0 -1905.5674
2800.0 -1886.5713
3000.0 -1889.6086
3200.0 -1863.8912
3400.0 -1858.4456
3600.0 -1855.3782
3800.0 -1851.5325
4000.0 -1854.1047
4200.0 -1839.2601
4400.0 -1808.3846
4600.0 -1823.8702
4800.0 -1804.437
5000.0 -1807.2993
5200.0 -1811.2802
5400.0 -1781.8871
5600.0 -1799.9715
5800.0 -1765.4826
6000.0 -1777.7651
6200.0 -1794.3898
6400.0 -1767.3645
6600.0 -1764.9033
6800.0 -1780.1109
7000.0 -1771.4282
7200.0 -1779.69
7400.0 -1771.5869
7600.0 -1799.3661
7800.0 -1789.0081
8000.0 -1778.6231
8200.0 -1781.0079
8400.0 -1784.9587
8600.0 -1787.0814
8800.0 -1792.0468
9000.0 -1808.1397
9200.0 -1801.6404
9400.0 -1798.1345
9600.0 -1793.6574
9800.0 -1788.3036
10000.0 -1803.3967
10200.0 -1802.4889
10400.0 -1803.1226
10600.0 -1796.7878
10800.0 -1776.2393
11000.0 -1785.9103
11200.0 -1787.1407
11400.0 -1789.5769
11600.0 -1786.1269
11800.0 -1775.2273
12000.0 -1790.2011
12200.0 -1785.5656
12400.0 -1782.1576
12600.0 -1788.3269
12800.0 -1774.3735
13000.0 -1781.0301
13200.0 -1782.6593
13400.0 -1784.8662
13600.0 -1784.3957
13800.0 -1785.5136
14000.0 -1792.8286
14200.0 -1800.6521
14400.0 -1792.1212
14600.0 -1809.5799
14800.0 -1795.3857
15000.0 -1796.493
15200.0 -1795.8056
15400.0 -1797.8444
15600.0 -1788.9221
15800.0 -1805.9035
16000.0 -1794.5932
16200.0 -1794.4418
16400.0 -1799.2509
16600.0 -1804.7808
16800.0 -1812.6441
17000.0 -1783.6449
17200.0 -1789.2327
17400.0 -1785.5767
17600.0 -1789.7612
17800.0 -1785.0464
18000.0 -1776.5723
18200.0 -1785.1562
18400.0 -1775.835
18600.0 -1784.3662
18800.0 -1811.0673
19000.0 -1778.8491
19200.0 -1793.763
19400.0 -1785.5815
19600.0 -1791.7541
19800.0 -1783.4987
20000.0 -1817.6934
20200.0 -1789.7069
20400.0 -1800.6038
20600.0 -1796.4957
20800.0 -1777.9461
21000.0 -1804.0378
21200.0 -1784.0413
21400.0 -1787.2513
21600.0 -1792.8991
21800.0 -1792.6397
22000.0 -1787.9225
22200.0 -1782.1045
22400.0 -1810.5041
22600.0 -1790.9958
22800.0 -1783.864
23000.0 -1776.7098
23200.0 -1791.3874
23400.0 -1788.5167
23600.0 -1795.1503
23800.0 -1763.8003
24000.0 -1781.2057
24200.0 -1790.4688
24400.0 -1793.1414
24600.0 -1771.5711
24800.0 -1803.7728
25000.0 -1778.6722
25200.0 -1795.3073
25400.0 -1795.7788
25600.0 -1807.6102
25800.0 -1797.4238
26000.0 -1796.792
26200.0 -1793.6485
26400.0 -1813.5943
26600.0 -1805.9469
26800.0 -1788.9377
27000.0 -1813.2369
27200.0 -1797.7353
27400.0 -1811.3228
27600.0 -1797.2327
27800.0 -1798.6838
28000.0 -1798.1773
28200.0 -1792.0351
28400.0 -1804.3715
28600.0 -1784.8007
28800.0 -1776.5266
29000.0 -1789.6533
29200.0 -1779.4826
29400.0 -1786.0473
29600.0 -1790.5931
29800.0 -1786.0091
30000.0 -1781.2427
30200.0 -1789.9222
30400.0 -1796.7337
30600.0 -1793.163
30800.0 -1778.879
31000.0 -1798.9746
31200.0 -1792.8584
31400.0 -1787.0234
31600.0 -1797.4818
31800.0 -1810.7892
32000.0 -1793.6175
32200.0 -1799.084
32400.0 -1801.5039
32600.0 -1800.5411
32800.0 -1803.1524
33000.0 -1789.6384
33200.0 -1796.1243
33400.0 -1780.258
33600.0 -1792.7642
33800.0 -1798.028
34000.0 -1793.042
34200.0 -1798.5602
34400.0 -1781.9683
34600.0 -1786.0409
34800.0 -1816.5573
35000.0 -1775.647
35200.0 -1803.0607
35400.0 -1803.1105
35600.0 -1772.7553
35800.0 -1785.3443
36000.0 -1789.2436
36200.0 -1799.6718
36400.0 -1799.8514
36600.0 -1788.0464
36800.0 -1790.4031
37000.0 -1794.1289
37200.0 -1806.5707
37400.0 -1794.322
37600.0 -1792.9013
37800.0 -1803.5026
38000.0 -1805.0955
38200.0 -1795.1114
38400.0 -1803.518
38600.0 -1789.1432
38800.0 -1798.948
39000.0 -1819.7113
39200.0 -1801.7285
39400.0 -1787.7104
39600.0 -1790.918
39800.0 -1790.2048
40000.0 -1781.0465
40200.0 -1810.1561
40400.0 -1781.1173
40600.0 -1775.7447
40800.0 -1777.3934
41000.0 -1775.2573
41200.0 -1793.8868
41400.0 -1794.4695
41600.0 -1789.6706
41800.0 -1790.1674
42000.0 -1789.126
42200.0 -1796.1369
42400.0 -1806.6237
42600.0 -1790.6498
42800.0 -1780.32
43000.0 -1775.5472
43200.0 -1809.5088
43400.0 -1809.1367
43600.0 -1793.0029
43800.0 -1817.0967
44000.0 -1796.5815
44200.0 -1818.028
44400.0 -1799.9828
44600.0 -1797.104
44800.0 -1792.3644
45000.0 -1770.632
45200.0 -1794.0784
45400.0 -1801.5966
45600.0 -1792.7859
45800.0 -1792.0751
46000.0 -1789.2775
46200.0 -1776.5785
46400.0 -1771.6704
46600.0 -1783.1772
46800.0 -1768.9074
47000.0 -1779.4239
47200.0 -1767.9574
47400.0 -1770.194
47600.0 -1776.9292
47800.0 -1771.6595
48000.0 -1783.5318
48200.0 -1760.7645
48400.0 -1773.5546
48600.0 -1776.3759
48800.0 -1785.5983
49000.0 -1797.3022
49200.0 -1789.613
49400.0 -1796.0217
49600.0 -1796.2552
49800.0 -1805.9238
50000.0 -1814.8944
50200.0 -1799.0542
50400.0 -1801.5123
50600.0 -1802.5111
50800.0 -1792.5539
51000.0 -1803.2237
51200.0 -1799.5732
51400.0 -1809.2744
51600.0 -1786.8148
51800.0 -1804.8277
52000.0 -1804.2072
52200.0 -1798.3057
52400.0 -1786.8962
52600.0 -1791.4393
52800.0 -1798.374
53000.0 -1778.8747
53200.0 -1777.4999
53400.0 -1787.0191
53600.0 -1758.2737
53800.0 -1785.5288
54000.0 -1782.2335
54200.0 -1780.5803
54400.0 -1798.7009
54600.0 -1768.0306
54800.0 -1790.5487
55000.0 -1780.8131
55200.0 -1788.561
55400.0 -1789.1077
55600.0 -1777.5451
55800.0 -1786.9008
56000.0 -1794.5242
56200.0 -1787.3586
56400.0 -1794.5345
56600.0 -1797.4304
56800.0 -1802.9914
57000.0 -1809.9181
57200.0 -1790.67
57400.0 -1787.0985
57600.0 -1790.4019
57800.0 -1805.9267
58000.0 -1795.9342
58200.0 -1803.979
58400.0 -1796.4107
58600.0 -1791.8014
58800.0 -1798.6288
59000.0 -1780.0541
59200.0 -1774.1313
59400.0 -1779.7866
59600.0 -1787.4529
59800.0 -1764.3632
60000.0 -1769.8498
60200.0 -1805.0027
60400.0 -1780.3368
60600.0 -1777.6389
60800.0 -1772.7628
61000.0 -1794.5421
61200.0 -1794.7188
61400.0 -1794.2372
61600.0 -1796.8597
61800.0 -1804.9428
62000.0 -1789.0392
62200.0 -1797.6287
62400.0 -1810.3802
62600.0 -1801.1657
62800.0 -1788.0032
63000.0 -1789.7005
63200.0 -1815.1668
63400.0 -1817.4102
63600.0 -1786.9209
63800.0 -1788.345
64000.0 -1785.5457
64200.0 -1769.6445
64400.0 -1794.666
64600.0 -1809.6399
64800.0 -1782.2495
65000.0 -1784.9436
65200.0 -1779.8435
65400.0 -1763.7664
65600.0 -1781.3553
65800.0 -1784.8534
66000.0 -1779.1948
66200.0 -1779.3121
66400.0 -1758.8943
66600.0 -1772.0849
66800.0 -1786.8571
67000.0 -1798.4445
67200.0 -1799.7324
67400.0 -1796.1436
67600.0 -1810.7025
67800.0 -1794.0533
68000.0 -1805.0016
68200.0 -1804.741
68400.0 -1791.2293
68600.0 -1805.0239
68800.0 -1802.2998
69000.0 -1797.9478
69200.0 -1799.9826
69400.0 -1781.3344
69600.0 -1783.8685
69800.0 -1787.1725
70000.0 -1783.9335
70200.0 -1770.0046
70400.0 -1783.9906
70600.0 -1787.144
70800.0 -1810.0794
71000.0 -1776.1947
71200.0 -1775.7211
71400.0 -1781.8239
71600.0 -1768.0259
71800.0 -1798.6665
72000.0 -1779.0708
72200.0 -1788.9708
72400.0 -1782.2156
72600.0 -1785.7637
72800.0 -1797.5356
73000.0 -1787.4551
73200.0 -1793.7264
73400.0 -1789.995
73600.0 -1810.2638
73800.0 -1797.1439
74000.0 -1801.2606
74200.0 -1799.9365
74400.0 -1821.0282
74600.0 -1815.3959
74800.0 -1799.892
75000.0 -1821.7924
75200.0 -1833.7274
75400.0 -1811.2652
75600.0 -1804.8558
75800.0 -1808.7436
76000.0 -1803.153
76200.0 -1792.4406
76400.0 -1806.0558
76600.0 -1802.968
76800.0 -1788.4028
77000.0 -1806.2238
77200.0 -1797.5307
77400.0 -1810.5508
77600.0 -1783.1241
77800.0 -1794.1634
78000.0 -1791.9938
78200.0 -1788.7412
78400.0 -1787.5763
78600.0 -1783.8483
78800.0 -1804.5186
79000.0 -1794.1591
79200.0 -1786.4313
79400.0 -1780.4708
79600.0 -1794.7583
79800.0 -1781.5728
80000.0 -1779.1593
80200.0 -1775.713
80400.0 -1790.74
80600.0 -1778.3009
80800.0 -1786.0619
81000.0 -1793.621
81200.0 -1785.9413
81400.0 -1796.111
81600.0 -1787.6746
81800.0 -1786.2607
82000.0 -1785.3762
82200.0 -1792.7163
82400.0 -1809.9594
82600.0 -1797.5387
82800.0 -1798.3825
83000.0 -1817.4756
83200.0 -1793.0333
83400.0 -1811.9583
83600.0 -1811.3491
83800.0 -1810.8457
84000.0 -1790.6967
84200.0 -1790.3153
84400.0 -1810.5986
84600.0 -1791.323
84800.0 -1791.17
85000.0 -1779.8589
85200.0 -1786.1777
85400.0 -1763.6794
85600.0 -1787.3963
85800.0 -1790.7904
86000.0 -1771.4648
86200.0 -1774.8984
86400.0 -1757.3156
86600.0 -1770.4485
86800.0 -1781.7675
87000.0 -1759.2838
87200.0 -1785.3065
87400.0 -1781.687
87600.0 -1785.4539
87800.0 -1798.9046
88000.0 -1791.675
88200.0 -1803.7963
88400.0 -1799.1824
88600.0 -1790.3436
88800.0 -1781.1082
89000.0 -1806.8829
89200.0 -1779.7088
89400.0 -1798.1476
89600.0 -1825.8629
89800.0 -1804.2413
90000.0 -1792.5918
90200.0 -1803.1853
90400.0 -1796.0975
90600.0 -1779.4873
90800.0 -1787.5329
91000.0 -1786.9878
91200.0 -1793.773
91400.0 -1790.9838
91600.0 -1789.2424
91800.0 -1783.9745
92000.0 -1787.2301
92200.0 -1777.787
92400.0 -1785.0981
92600.0 -1771.5851
92800.0 -1771.1681
93000.0 -1764.4392
93200.0 -1765.9157
93400.0 -1785.2616
93600.0 -1752.1664
93800.0 -1765.5963
94000.0 -1778.4771
94200.0 -1765.1955
94400.0 -1775.7436
94600.0 -1774.1752
94800.0 -1787.0
95000.0 -1783.9644
95200.0 -1777.8718
95400.0 -1796.5158
95600.0 -1805.2372
95800.0 -1791.8363
96000.0 -1789.3928
96200.0 -1804.5178
96400.0 -1798.962
96600.0 -1798.2326
96800.0 -1806.8132
97000.0 -1804.9469
97200.0 -1804.8535
97400.0 -1790.1064
97600.0 -1797.7399
97800.0 -1795.3462
98000.0 -1795.7676
98200.0 -1809.0122
98400.0 -1799.375
98600.0 -1788.5367
98800.0 -1774.3518
99000.0 -1794.9712
99200.0 -1772.4175
99400.0 -1784.8101
99600.0 -1781.5685
99800.0 -1781.2277
100000.0 -1777.7622
100200.0 -1767.829
100400.0 -1793.3531
100600.0 -1798.9443
100800.0 -1772.4349
101000.0 -1786.1637
101200.0 -1799.9893
101400.0 -1789.3579
101600.0 -1815.7225
101800.0 -1807.9543
102000.0 -1821.3891
102200.0 -1806.1653
102400.0 -1795.793
102600.0 -1798.1103
102800.0 -1799.9856
103000.0 -1794.8429
103200.0 -1788.613
103400.0 -1809.7888
103600.0 -1793.4743
103800.0 -1819.193
104000.0 -1791.0898
104200.0 -1791.0576
104400.0 -1792.8902
104600.0 -1796.8036
104800.0 -1797.4903
105000.0 -1784.2802
105200.0 -1782.2344
105400.0 -1780.9867
105600.0 -1791.9451
105800.0 -1791.8286
106000.0 -1806.4848
106200.0 -1797.882
106400.0 -1791.6444
106600.0 -1787.0386
106800.0 -1795.394
107000.0 -1809.382
107200.0 -1799.0886
107400.0 -1810.64
107600.0 -1802.6459
107800.0 -1804.8215
108000.0 -1808.5768
108200.0 -1803.9034
108400.0 -1795.9187
108600.0 -1780.9437
108800.0 -1783.9092
109000.0 -1794.4698
109200.0 -1785.666
109400.0 -1786.7502
109600.0 -1796.0692
109800.0 -1791.441
110000.0 -1785.5957
110200.0 -1778.5425
110400.0 -1798.4743
110600.0 -1783.4801
110800.0 -1786.8899
111000.0 -1787.7114
111200.0 -1790.4815
111400.0 -1797.0165
111600.0 -1784.5297
111800.0 -1799.6153
112000.0 -1800.0297
112200.0 -1782.2989
112400.0 -1797.9711
112600.0 -1792.9726
112800.0 -1791.1178
113000.0 -1801.4343
113200.0 -1802.173
113400.0 -1792.0724
113600.0 -1803.1445
113800.0 -1793.8994
114000.0 -1786.3425
114200.0 -1780.68
114400.0 -1794.0319
114600.0 -1795.1179
114800.0 -1784.1206
115000.0 -1781.9211
115200.0 -1795.6469
115400.0 -1775.1521
115600.0 -1789.8761
115800.0 -1798.209
116000.0 -1796.2659
116200.0 -1787.4082
116400.0 -1790.379
116600.0 -1800.1405
116800.0 -1794.2053
117000.0 -1793.6455
117200.0 -1791.8955
117400.0 -1775.5823
117600.0 -1779.7111
117800.0 -1792.5714
118000.0 -1803.338
118200.0 -1788.8413
118400.0 -1773.6452
118600.0 -1797.2568
118800.0 -1797.2404
119000.0 -1781.7106
119200.0 -1773.3261
119400.0 -1788.4131
119600.0 -1794.4815
119800.0 -1776.6476
120000.0 -1798.8962
120200.0 -1786.4671
120400.0 -1788.6848
120600.0 -1780.0714
120800.0 -1800.6732
121000.0 -1790.6257
121200.0 -1799.1509
121400.0 -1800.0489
121600.0 -1798.0354
121800.0 -1788.5361
122000.0 -1790.0625
122200.0 -1800.157
122400.0 -1809.5198
122600.0 -1799.1284
122800.0 -1809.7236
123000.0 -1793.6371
123200.0 -1799.3711
123400.0 -1812.0805
123600.0 -1808.2552
123800.0 -1797.0729
124000.0 -1794.785
124200.0 -1802.8268
124400.0 -1809.7102
124600.0 -1765.7976
124800.0 -1783.9026
125000.0 -1785.0051
125200.0 -1795.6257
125400.0 -1781.0379
125600.0 -1802.1226
125800.0 -1773.1173
126000.0 -1785.3416
126200.0 -1796.4358
126400.0 -1806.7103
126600.0 -1794.0698
126800.0 -1788.2739
127000.0 -1790.5237
127200.0 -1795.3232
127400.0 -1793.7447
127600.0 -1794.2605
127800.0 -1801.1827
128000.0 -1806.9964
128200.0 -1801.237
128400.0 -1793.0787
128600.0 -1793.7023
128800.0 -1797.5494
129000.0 -1789.0072
129200.0 -1798.9163
129400.0 -1799.707
129600.0 -1802.3814
129800.0 -1801.7788
130000.0 -1785.0942
130200.0 -1785.3865
130400.0 -1781.435
130600.0 -1766.2415
130800.0 -1767.9761
131000.0 -1772.4577
131200.0 -1760.6672
131400.0 -1743.3638
131600.0 -1762.8419
131800.0 -1755.839
132000.0 -1788.7728
132200.0 -1755.4484
132400.0 -1774.7238
132600.0 -1778.8104
132800.0 -1770.1897
133000.0 -1780.1527
133200.0 -1787.8691
133400.0 -1798.4992
133600.0 -1777.992
133800.0 -1785.659
134000.0 -1772.5002
134200.0 -1794.7715
134400.0 -1784.4102
134600.0 -1801.0842
134800.0 -1789.7206
135000.0 -1792.4817
135200.0 -1799.4656
135400.0 -1796.6545
135600.0 -1795.7609
135800.0 -1794.3993
136000.0 -1794.3484
136200.0 -1799.6787
136400.0 -1800.5728
136600.0 -1781.7494
136800.0 -1799.3748
137000.0 -1780.0118
137200.0 -1778.9254
137400.0 -1786.5562
137600.0 -1774.0081
137800.0 -1794.3141
138000.0 -1766.6188
138200.0 -1767.5872
138400.0 -1775.9109
138600.0 -1775.7187
138800.0 -1796.3759
139000.0 -1780.4709
139200.0 -1785.8993
139400.0 -1784.6742
139600.0 -1781.2858
139800.0 -1804.6807
140000.0 -1792.0592
140200.0 -1800.3436
140400.0 -1807.2784
140600.0 -1800.7254
140800.0 -1783.5669
141000.0 -1804.1334
141200.0 -1805.5971
141400.0 -1796.8579
141600.0 -1815.9641
141800.0 -1796.823
142000.0 -1794.7476
142200.0 -1786.7935
142400.0 -1789.962
142600.0 -1795.4491
142800.0 -1783.4963
143000.0 -1764.2221
143200.0 -1779.4574
143400.0 -1772.6386
143600.0 -1756.9608
143800.0 -1777.2926
144000.0 -1780.4093
144200.0 -1772.5594
144400.0 -1768.4214
144600.0 -1785.2294
144800.0 -1788.3652
145000.0 -1783.1106
145200.0 -1772.8001
145400.0 -1772.2708
145600.0 -1772.6551
145800.0 -1793.8336
146000.0 -1797.3535
146200.0 -1781.0294
146400.0 -1786.1408
146600.0 -1808.5003
146800.0 -1787.843
147000.0 -1781.7023
147200.0 -1814.3536
147400.0 -1806.8655
147600.0 -1785.6519
147800.0 -1800.1028
148000.0 -1790.7627
148200.0 -1799.8108
148400.0 -1801.9089
148600.0 -1789.9857
148800.0 -1798.5078
149000.0 -1801.6571
149200.0 -1795.1175
149400.0 -1794.2657
149600.0 -1777.0772
149800.0 -1777.7657
150000.0 -1775.0915
150200.0 -1775.676
150400.0 -1775.7877
150600.0 -1774.2334
150800.0 -1772.7878
151000.0 -1786.152
151200.0 -1775.1811
151400.0 -1777.4801
151600.0 -1791.7501
151800.0 -1789.2424
152000.0 -1784.1535
152200.0 -1786.8746
152400.0 -1792.3155
152600.0 -1796.5524
152800.0 -1788.0697
153000.0 -1802.1784
153200.0 -1805.3948
153400.0 -1790.4237
153600.0 -1787.246
153800.0 -1815.5728
154000.0 -1776.8136
154200.0 -1786.4955
154400.0 -1794.498
154600.0 -1779.7712
154800.0 -1796.2034
155000.0 -1778.0586
155200.0 -1788.6979
155400.0 -1797.7383
155600.0 -1795.8451
155800.0 -1781.1298
156000.0 -1794.8947
156200.0 -1764.4931
156400.0 -1777.5104
156600.0 -1763.6013
156800.0 -1784.7846
157000.0 -1773.76
157200.0 -1789.5909
157400.0 -1773.6896
157600.0 -1788.1875
157800.0 -1806.7284
158000.0 -1794.0022
158200.0 -1796.5054
158400.0 -1799.5236
158600.0 -1817.5814
158800.0 -1790.8177
159000.0 -1789.0016
159200.0 -1790.2148
159400.0 -1792.3623
159600.0 -1795.3008
159800.0 -1800.5971
160000.0 -1802.1289
160200.0 -1796.6679
160400.0 -1789.6953
160600.0 -1787.5133
160800.0 -1780.0124
161000.0 -1777.8114
161200.0 -1794.945
161400.0 -1771.6006
161600.0 -1776.1952
161800.0 -1785.2691
162000.0 -1783.3275
162200.0 -1773.7926
162400.0 -1782.7057
162600.0 -1778.8601
162800.0 -1775.8244
163000.0 -1767.3163
163200.0 -1767.4904
163400.0 -1769.8585
163600.0 -1769.9916
163800.0 -1775.1387
164000.0 -1780.442
164200.0 -1787.5999
164400.0 -1790.8691
164600.0 -1783.7349
164800.0 -1778.1992
165000.0 -1802.9581
165200.0 -1798.7098
165400.0 -1796.3949
165600.0 -1788.8212
165800.0 -1796.5219
166000.0 -1802.6825
166200.0 -1790.9681
166400.0 -1797.1059
166600.0 -1797.7914
166800.0 -1804.8402
167000.0 -1792.8421
167200.0 -1794.683
167400.0 -1791.0215
167600.0 -1792.6227
167800.0 -1795.1831
168000.0 -1790.0614
168200.0 -1781.5004
168400.0 -1780.4166
168600.0 -1776.7554
168800.0 -1766.8645
169000.0 -1767.6306
169200.0 -1773.7831
169400.0 -1749.1909
169600.0 -1768.1247
169800.0 -1736.2097
170000.0 -1767.7934
170200.0 -1781.5427
170400.0 -1768.179
170600.0 -1776.5182
170800.0 -1766.6975
171000.0 -1777.0321
171200.0 -1789.1365
171400.0 -1796.2018
171600.0 -1775.3676
171800.0 -1784.0882
172000.0 -1798.5886
172200.0 -1795.5327
172400.0 -1791.7586
172600.0 -1794.5004
172800.0 -1794.3234
173000.0 -1801.3903
173200.0 -1802.948
173400.0 -1801.2534
173600.0 -1806.1209
173800.0 -1791.5562
174000.0 -1791.7067
174200.0 -1807.1558
174400.0 -1806.6822
174600.0 -1782.8909
174800.0 -1811.3698
175000.0 -1808.1503
175200.0 -1803.0187
175400.0 -1793.6302
175600.0 -1778.4199
175800.0 -1779.3603
176000.0 -1774.8323
176200.0 -1782.4447
176400.0 -1767.4745
176600.0 -1794.3691
176800.0 -1770.2021
177000.0 -1788.6326
177200.0 -1795.4138
177400.0 -1781.2819
177600.0 -1764.3638
177800.0 -1796.2301
178000.0 -1799.704
178200.0 -1789.8145
178400.0 -1816.4579
178600.0 -1813.5824
178800.0 -1818.5725
179000.0 -1811.0793
179200.0 -1794.0843
179400.0 -1811.9451
179600.0 -1805.5893
179800.0 -1800.1584
180000.0 -1813.3876
180200.0 -1796.7745
180400.0 -1802.3064
180600.0 -1786.6478
180800.0 -1792.9722
181000.0 -1779.2958
181200.0 -1778.7877
181400.0 -1796.2847
181600.0 -1781.019
181800.0 -1785.0021
182000.0 -1786.4735
182200.0 -1783.5186
182400.0 -1772.4567
182600.0 -1793.2488
182800.0 -1785.4929
183000.0 -1782.5161
183200.0 -1780.3223
183400.0 -1796.5421
183600.0 -1786.5153
183800.0 -1784.9335
184000.0 -1806.7903
184200.0 -1808.1255
184400.0 -1812.2514
184600.0 -1815.4081
184800.0 -1799.524
185000.0 -1797.8282
185200.0 -1798.6165
185400.0 -1810.8625
185600.0 -1817.6455
185800.0 -1799.9819
186000.0 -1791.5331
186200.0 -1808.5047
186400.0 -1802.5362
186600.0 -1786.3093
186800.0 -1800.2843
187000.0 -1789.9021
187200.0 -1790.6422
187400.0 -1796.1725
187600.0 -1772.5577
187800.0 -1792.9287
188000.0 -1788.8994
188200.0 -1774.9431
188400.0 -1786.0086
188600.0 -1795.8737
188800.0 -1776.623
189000.0 -1791.492
189200.0 -1787.0632
189400.0 -1779.1595
189600.0 -1780.0708
189800.0 -1794.8632
190000.0 -1794.2705
190200.0 -1787.2113
190400.0 -1797.5608
190600.0 -1811.7491
190800.0 -1806.9096
191000.0 -1805.0478
191200.0 -1814.2347
191400.0 -1800.5677
191600.0 -1807.7883
191800.0 -1805.4003
192000.0 -1808.3331
192200.0 -1786.8824
192400.0 -1797.2143
192600.0 -1786.4465
192800.0 -1798.2769
193000.0 -1773.1986
193200.0 -1766.3202
193400.0 -1766.9248
193600.0 -1769.5812
193800.0 -1778.1739
194000.0 -1776.335
194200.0 -1766.3975
194400.0 -1788.2514
194600.0 -1768.7412
194800.0 -1785.248
195000.0 -1794.6809
195200.0 -1786.4979
195400.0 -1776.8939
195600.0 -1801.1828
195800.0 -1791.9336
196000.0 -1793.2193
196200.0 -1794.9675
196400.0 -1800.0795
196600.0 -1782.5615
196800.0 -1779.0439
197000.0 -1791.7884
197200.0 -1795.6369
197400.0 -1804.7682
197600.0 -1809.7883
197800.0 -1777.9008
198000.0 -1804.341
198200.0 -1791.1869
198400.0 -1793.4976
198600.0 -1803.0947
198800.0 -1794.9403
199000.0 -1788.4191
199200.0 -1790.7521
199400.0 -1780.1298
199600.0 -1773.1811
199800.0 -1797.4661
200000.0 -1793.4187
