0.0 -5198.1292
200.0 -4494.3388
400.0 -4441.4
600.0 -4224.2695
800.0 -4097.2298
1000.0 -4051.4954
1200.0 -4129.6292
1400.0 -4161.9901
1600.0 -4136.4546
1800.0 -4136.7584
2000.0 -4173.6717
2200.0 -4219.6304
2400.0 -4229.2465
2600.0 -4193.9689
2800.0 -4180.2081
3000.0 -4209.3475
3200.0 -4211.6322
3400.0 -4209.603
3600.0 -4171.3826
3800.0 -4193.8883
4000.0 -4220.9034
4200.0 -4214.5632
4400.0 -4212.231
4600.0 -4209.669
4800.0 -4201.7788
5000.0 -4231.7362
5200.0 -4229.0108
5400.0 -4208.7764
5600.0 -4263.2277
5800.0 -4235.3146
6000.0 -4221.8611
6200.0 -4225.819
6400.0 -4211.0739
6600.0 -4231.6971
6800.0 -4247.6312
7000.0 -4248.7198
7200.0 -4242.1819
7400.0 -4212.7241
7600.0 -4213.5137
7800.0 -4250.4888
8000.0 -4256.2513
8200.0 -4253.0147
8400.0 -4252.2967
8600.0 -4237.5467
8800.0 -4225.7494
9000.0 -4204.4869
9200.0 -4241.4937
9400.0 -4232.0767
9600.0 -4226.041
9800.0 -4230.3928
10000.0 -4245.7204
10200.0 -4244.9644
10400.0 -4243.6246
10600.0 -4220.1785
10800.0 -4257.164
11000.0 -4213.3965
11200.0 -4187.5869
11400.0 -4209.3219
11600.0 -4226.7308
11800.0 -4263.5193
12000.0 -4261.1086
12200.0 -4253.0648
12400.0 -4253.3773
12600.0 -4218.5326
12800.0 -4221.6837
13000.0 -4223.0871
13200.0 -4249.4417
13400.0 -4267.6328
13600.0 -4243.1538
13800.0 -4228.2132
14000.0 -4217.7155
14200.0 -4250.4434
14400.0 -4237.192
14600.0 -4242.0617
14800.0 -4229.6682
15000.0 -4228.4436
15200.0 -4249.2727
15400.0 -4262.3344
15600.0 -4272.1761
15800.0 -4261.8912
16000.0 -4227.0723
16200.0 -4240.2186
16400.0 -4244.1254
16600.0 -4242.1757
16800.0 -4245.9768
17000.0 -4254.0963
17200.0 -4266.6228
17400.0 -4245.2575
17600.0 -4244.2694
17800.0 -4221.9066
18000.0 -4253.4479
18200.0 -4260.511
18400.0 -4263.7442
18600.0 -4271.0876
18800.0 -4234.5592
19000.0 -4233.5382
19200.0 -4228.8812
19400.0 -4235.6846
19600.0 -4259.6227
19800.0 -4258.1294
20000.0 -4231.4313
20200.0 -4223.0367
20400.0 -4239.6898
20600.0 -4242.2054
20800.0 -4223.3057
21000.0 -4223.0801
21200.0 -4251.7164
21400.0 -4247.6867
21600.0 -4255.1451
21800.0 -4258.3672
22000.0 -4235.1868
22200.0 -4260.7389
22400.0 -4260.7131
22600.0 -4245.354
22800.0 -4235.1431
23000.0 -4268.3676
23200.0 -4294.9513
23400.0 -4258.6437
23600.0 -4210.1958
23800.0 -4258.5962
24000.0 -4261.7683
24200.0 -4248.3818
24400.0 -4230.267
24600.0 -4264.5845
24800.0 -4249.1881
25000.0 -4240.6684
25200.0 -4244.5019
25400.0 -4256.8339
25600.0 -4224.3576
25800.0 -4239.0135
26000.0 -4245.2081
26200.0 -4220.6198
26400.0 -4247.0678
26600.0 -4275.802
26800.0 -4260.827
27000.0 -4237.8073
27200.0 -4239.3588
27400.0 -4233.6407
27600.0 -4254.2572
27800.0 -4279.899
28000.0 -4276.8671
28200.0 -4265.0308
28400.0 -4259.6395
28600.0 -4272.1109
28800.0 -4257.6163
29000.0 -4212.8476
29200.0 -4208.1667
29400.0 -4260.0742
29600.0 -4265.5292
29800.0 -4250.1501
30000.0 -4219.0701
30200.0 -4241.1582
30400.0 -4245.2761
30600.0 -4256.3421
30800.0 -4258.7102
31000.0 -4264.0576
31200.0 -4258.9246
31400.0 -4266.8799
31600.0 -4261.4734
31800.0 -4247.2541
32000.0 -4251.1575
32200.0 -4241.2561
32400.0 -4209.45
32600.0 -4215.601
32800.0 -4227.578
33000.0 -4242.8825
33200.0 -4287.7958
33400.0 -4237.4662
33600.0 -4222.2266
33800.0 -4207.841
34000.0 -4229.2419
34200.0 -4245.7495
34400.0 -4259.5243
34600.0 -4251.3068
34800.0 -4264.5887
35000.0 -4258.6527
35200.0 -4271.2731
35400.0 -4263.0694
35600.0 -4257.8482
35800.0 -4250.1067
36000.0 -4236.8406
36200.0 -4245.9644
36400.0 -4278.624
36600.0 -4272.3365
36800.0 -4268.5477
37000.0 -4282.9974
37200.0 -4250.198
37400.0 -4246.6906
37600.0 -4222.4076
37800.0 -4248.2242
38000.0 -4244.0762
38200.0 -4232.8044
38400.0 -4231.948
38600.0 -4261.3878
38800.0 -4231.8328
39000.0 -4209.7749
39200.0 -4225.7106
39400.0 -4243.5516
39600.0 -4251.9802
39800.0 -4271.3334
40000.0 -4262.9596
40200.0 -4258.9137
40400.0 -4236.7022
40600.0 -4214.7595
40800.0 -4240.1765
41000.0 -4257.2143
41200.0 -4225.4903
41400.0 -4235.4249
41600.0 -4248.9395
41800.0 -4239.4254
42000.0 -4201.5078
42200.0 -4235.7139
42400.0 -4220.987
42600.0 -4218.7833
42800.0 -4264.7687
43000.0 -4270.2648
43200.0 -4238.8955
43400.0 -4263.3847
43600.0 -4285.1108
43800.0 -4271.166
44000.0 -4237.2522
44200.0 -4241.5817
44400.0 -4261.5281
44600.0 -4226.2916
44800.0 -4241.2002
45000.0 -4251.5232
45200.0 -4237.2117
45400.0 -4257.7836
45600.0 -4274.2013
45800.0 -4266.9059
46000.0 -4255.3088
46200.0 -4245.6468
46400.0 -4246.2109
46600.0 -4235.1499
46800.0 -4216.5526
47000.0 -4229.9859
47200.0 -4254.5507
47400.0 -4246.3126
47600.0 -4236.8182
47800.0 -4251.0562
48000.0 -4261.6403
48200.0 -4229.1031
48400.0 -4260.4596
48600.0 -4248.9641
48800.0 -4229.118
49000.0 -4218.5918
49200.0 -4234.8012
49400.0 -4249.5034
49600.0 -4247.8877
49800.0 -4212.7551
50000.0 -4211.0112
50200.0 -4230.7813
50400.0 -4277.4751
50600.0 -4299.5549
50800.0 -4261.7093
51000.0 -4237.4272
51200.0 -4256.6439
51400.0 -4259.5847
51600.0 -4223.7907
51800.0 -4205.7979
52000.0 -4247.5369
52200.0 -4270.341
52400.0 -4268.324
52600.0 -4280.0831
52800.0 -4254.607
53000.0 -4243.0766
53200.0 -4255.7023
53400.0 -4231.1443
53600.0 -4247.9069
53800.0 -4227.9805
54000.0 -4246.7229
54200.0 -4251.4919
54400.0 -4257.03
54600.0 -4250.8749
54800.0 -4264.2602
55000.0 -4253.8328
55200.0 -4272.3442
55400.0 -4268.8476
55600.0 -4233.7256
55800.0 -4245.1356
56000.0 -4221.3815
56200.0 -4233.0866
56400.0 -4239.94
56600.0 -4254.5147
56800.0 -4239.999
57000.0 -4239.2448
57200.0 -4266.856
57400.0 -4284.3387
57600.0 -4237.6028
57800.0 -4244.6242
58000.0 -4264.0459
58200.0 -4229.5684
58400.0 -4257.8745
58600.0 -4236.9403
58800.0 -4234.471
59000.0 -4237.5171
59200.0 -4236.2848
59400.0 -4250.3316
59600.0 -4215.8943
59800.0 -4231.2131
60000.0 -4235.6217
60200.0 -4240.5907
60400.0 -4245.0926
60600.0 -4245.3796
60800.0 -4252.5737
61000.0 -4257.9239
61200.0 -4208.3525
61400.0 -4225.3141
61600.0 -4256.1247
61800.0 -4272.1336
62000.0 -4311.9586
62200.0 -4271.1289
62400.0 -4229.372
62600.0 -4217.6752
62800.0 -4254.9168
63000.0 -4228.5989
63200.0 -4234.6189
63400.0 -4241.2817
63600.0 -4224.2965
63800.0 -4256.9908
64000.0 -4258.0957
64200.0 -4261.3564
64400.0 -4241.8715
64600.0 -4232.5725
64800.0 -4242.0657
65000.0 -4251.6166
65200.0 -4248.4268
65400.0 -4287.1628
65600.0 -4284.6147
65800.0 -4260.3533
66000.0 -4231.0985
66200.0 -4240.1254
66400.0 -4258.1296
66600.0 -4276.478
66800.0 -4281.1652
67000.0 -4262.4865
67200.0 -4277.2596
67400.0 -4202.1806
67600.0 -4214.6611
67800.0 -4241.2092
68000.0 -4251.6084
68200.0 -4259.2382
68400.0 -4252.7469
68600.0 -4237.8248
68800.0 -4222.5338
69000.0 -4224.6994
69200.0 -4227.4962
69400.0 -4238.0975
69600.0 -4257.3823
69800.0 -4248.7767
70000.0 -4239.0385
70200.0 -4270.7644
70400.0 -4270.3892
70600.0 -4260.1728
70800.0 -4226.2189
71000.0 -4199.3378
71200.0 -4256.4662
71400.0 -4264.4815
71600.0 -4221.1869
71800.0 -4208.4241
72000.0 -4231.0689
72200.0 -4242.4739
72400.0 -4251.1135
72600.0 -4262.5495
72800.0 -4257.7972
73000.0 -4239.5365
73200.0 -4226.7842
73400.0 -4267.0444
73600.0 -4241.2006
73800.0 -4218.825
74000.0 -4232.2807
74200.0 -4259.8531
74400.0 -4262.9338
74600.0 -4236.0313
74800.0 -4249.5575
75000.0 -4289.3025
75200.0 -4255.7657
75400.0 -4235.254
75600.0 -4259.7058
75800.0 -4256.0697
76000.0 -4272.9458
76200.0 -4286.7576
76400.0 -4245.5134
76600.0 -4231.7247
76800.0 -4254.5692
77000.0 -4247.6364
77200.0 -4262.0302
77400.0 -4223.1854
77600.0 -4229.8462
77800.0 -4246.9575
78000.0 -4264.9379
78200.0 -4244.9523
78400.0 -4245.2351
78600.0 -4267.9317
78800.0 -4255.615
79000.0 -4246.4953
79200.0 -4255.8408
79400.0 -4264.2797
79600.0 -4293.3577
79800.0 -4255.1557
80000.0 -4254.6646
80200.0 -4233.4828
80400.0 -4266.9695
80600.0 -4248.1785
80800.0 -4249.0849
81000.0 -4255.8404
81200.0 -4244.9449
81400.0 -4251.4726
81600.0 -4248.2716
81800.0 -4246.7296
82000.0 -4286.2333
82200.0 -4270.5918
82400.0 -4241.4274
82600.0 -4266.4298
82800.0 -4243.1216
83000.0 -4235.1699
83200.0 -4252.8908
83400.0 -4257.6053
83600.0 -4250.3839
83800.0 -4251.399
84000.0 -4260.8377
84200.0 -4285.2743
84400.0 -4257.546
84600.0 -4236.1341
84800.0 -4225.0023
85000.0 -4226.8687
85200.0 -4222.8894
85400.0 -4218.163
85600.0 -4231.1892
85800.0 -4257.8018
86000.0 -4249.4931
86200.0 -4240.046
86400.0 -4243.7648
86600.0 -4228.8651
86800.0 -4216.201
87000.0 -4231.7876
87200.0 -4246.2895
87400.0 -4260.6247
87600.0 -4291.1946
87800.0 -4266.1147
88000.0 -4249.95
88200.0 -4254.7437
88400.0 -4230.7733
88600.0 -4212.8209
88800.0 -4224.419
89000.0 -4235.2654
89200.0 -4221.6574
89400.0 -4242.8553
89600.0 -4256.2005
89800.0 -4261.396
90000.0 -4275.2966
90200.0 -4244.2645
90400.0 -4213.2716
90600.0 -4231.8167
90800.0 -4245.5642
91000.0 -4229.168
91200.0 -4250.155
91400.0 -4246.0592
91600.0 -4210.2049
91800.0 -4194.0214
92000.0 -4230.4448
92200.0 -4236.9856
92400.0 -4289.1143
92600.0 -4279.7046
92800.0 -4264.8373
93000.0 -4247.1278
93200.0 -4225.9668
93400.0 -4244.1722
93600.0 -4246.5282
93800.0 -4254.2357
94000.0 -4212.2471
94200.0 -4218.986
94400.0 -4246.2022
94600.0 -4244.7094
94800.0 -4271.8441
95000.0 -4271.9917
95200.0 -4247.1229
95400.0 -4249.8722
95600.0 -4213.4287
95800.0 -4256.2282
96000.0 -4268.5231
96200.0 -4236.903
96400.0 -4221.3094
96600.0 -4229.4559
96800.0 -4254.0859
97000.0 -4234.3848
97200.0 -4223.933
97400.0 -4249.4161
97600.0 -4250.4135
97800.0 -4219.9344
98000.0 -4228.6804
98200.0 -4236.5251
98400.0 -4209.5761
98600.0 -4205.6508
98800.0 -4229.6731
99000.0 -4263.686
99200.0 -4283.5209
99400.0 -4264.5375
99600.0 -4252.6075
99800.0 -4267.985
100000.0 -4211.8854
100200.0 -4219.829
100400.0 -4275.6416
100600.0 -4271.9991
100800.0 -4236.3514
101000.0 -4233.6073
101200.0 -4260.0584
101400.0 -4229.172
101600.0 -4239.4788
101800.0 -4267.4582
102000.0 -4267.6378
102200.0 -4275.3585
102400.0 -4234.8488
102600.0 -4244.3258
102800.0 -4261.647
103000.0 -4220.9859
103200.0 -4217.2456
103400.0 -4246.2429
103600.0 -4286.6205
103800.0 -4256.5142
104000.0 -4262.9033
104200.0 -4271.9488
104400.0 -4231.003
104600.0 -4226.6109
104800.0 -4218.3149
105000.0 -4203.9537
105200.0 -4234.3414
105400.0 -4225.8663
105600.0 -4201.5272
105800.0 -4226.6738
106000.0 -4236.4945
106200.0 -4253.8522
106400.0 -4246.9271
106600.0 -4212.5797
106800.0 -4201.8859
107000.0 -4237.0062
107200.0 -4238.9697
107400.0 -4262.0739
107600.0 -4261.1729
107800.0 -4240.4179
108000.0 -4229.0923
108200.0 -4245.5577
108400.0 -4230.345
108600.0 -4220.0492
108800.0 -4224.4167
109000.0 -4252.6241
109200.0 -4258.7625
109400.0 -4265.0447
109600.0 -4255.6354
109800.0 -4218.0262
110000.0 -4212.3195
110200.0 -4229.9873
110400.0 -4253.8287
110600.0 -4264.22
110800.0 -4277.2473
111000.0 -4250.5658
111200.0 -4239.3303
111400.0 -4246.7512
111600.0 -4263.8265
111800.0 -4262.431
112000.0 -4245.6273
112200.0 -4228.1417
112400.0 -4216.4105
112600.0 -4230.4644
112800.0 -4248.0592
113000.0 -4276.8407
113200.0 -4241.2133
113400.0 -4229.7436
113600.0 -4232.2909
113800.0 -4242.9648
114000.0 -4247.2958
114200.0 -4257.1477
114400.0 -4254.6087
114600.0 -4245.7577
114800.0 -4225.6035
115000.0 -4253.2071
115200.0 -4240.7416
115400.0 -4225.9445
115600.0 -4252.9379
115800.0 -4261.2564
116000.0 -4236.356
116200.0 -4211.0028
116400.0 -4250.045
116600.0 -4247.197
116800.0 -4249.0269
117000.0 -4271.1005
117200.0 -4225.1831
117400.0 -4221.8181
117600.0 -4237.5318
117800.0 -4230.5584
118000.0 -4204.3197
118200.0 -4211.9037
118400.0 -4255.3302
118600.0 -4230.8841
118800.0 -4238.0752
119000.0 -4223.0354
119200.0 -4232.3358
119400.0 -4244.7632
119600.0 -4222.6828
119800.0 -4226.2087
120000.0 -4231.0932
120200.0 -4240.4175
120400.0 -4239.581
120600.0 -4250.5722
120800.0 -4277.7124
121000.0 -4236.8072
121200.0 -4231.3996
121400.0 -4236.3649
121600.0 -4229.7296
121800.0 -4243.5857
122000.0 -4248.4505
122200.0 -4268.2849
122400.0 -4262.2328
122600.0 -4242.8115
122800.0 -4265.9285
123000.0 -4259.2569
123200.0 -4245.1551
123400.0 -4249.5751
123600.0 -4225.113
123800.0 -4233.588
124000.0 -4226.9441
124200.0 -4223.0706
124400.0 -4233.316
124600.0 -4236.3448
124800.0 -4278.5288
125000.0 -4262.0236
125200.0 -4259.2093
125400.0 -4274.4185
125600.0 -4244.9059
125800.0 -4220.4739
126000.0 -4208.9976
126200.0 -4237.4807
126400.0 -4252.3566
126600.0 -4266.6153
126800.0 -4276.1769
127000.0 -4236.0732
127200.0 -4214.3054
127400.0 -4221.9593
127600.0 -4245.4976
127800.0 -4269.8924
128000.0 -4240.2391
128200.0 -4240.2216
128400.0 -4264.9377
128600.0 -4270.7695
128800.0 -4255.007
129000.0 -4277.8544
129200.0 -4252.4108
129400.0 -4212.697
129600.0 -4233.2497
129800.0 -4232.6784
130000.0 -4242.0235
130200.0 -4253.9494
130400.0 -4252.9096
130600.0 -4253.3492
130800.0 -4254.079
131000.0 -4237.8168
131200.0 -4214.2283
131400.0 -4232.076
131600.0 -4246.1227
131800.0 -4234.3836
132000.0 -4239.7069
132200.0 -4261.861
132400.0 -4244.8846
132600.0 -4239.4909
132800.0 -4277.0653
133000.0 -4271.9594
133200.0 -4304.2109
133400.0 -4278.8551
133600.0 -4246.2733
133800.0 -4228.5542
134000.0 -4221.5974
134200.0 -4270.0327
134400.0 -4267.0876
134600.0 -4254.6988
134800.0 -4269.4734
135000.0 -4283.4448
135200.0 -4264.8112
135400.0 -4258.731
135600.0 -4238.6635
135800.0 -4266.2889
136000.0 -4250.7161
136200.0 -4251.193
136400.0 -4264.7792
136600.0 -4263.9284
136800.0 -4272.53
137000.0 -4238.8972
137200.0 -4236.0815
137400.0 -4229.6724
137600.0 -4262.9088
137800.0 -4236.2147
138000.0 -4241.256
138200.0 -4243.6052
138400.0 -4242.0247
138600.0 -4214.1303
138800.0 -4251.9665
139000.0 -4246.631
139200.0 -4225.0816
139400.0 -4264.2092
139600.0 -4250.71
139800.0 -4233.5029
140000.0 -4214.1299
140200.0 -4203.2068
140400.0 -4246.2575
140600.0 -4264.9321
140800.0 -4248.3448
141000.0 -4230.7899
141200.0 -4240.8786
141400.0 -4246.3795
141600.0 -4252.4942
141800.0 -4267.0773
142000.0 -4258.481
142200.0 -4276.9388
142400.0 -4263.9663
142600.0 -4225.2329
142800.0 -4214.7885
143000.0 -4255.4299
143200.0 -4273.9278
143400.0 -4239.6833
143600.0 -4231.9649
143800.0 -4228.1
144000.0 -4270.9449
144200.0 -4250.5291
144400.0 -4248.9763
144600.0 -4257.9728
144800.0 -4223.9863
145000.0 -4265.0286
145200.0 -4267.8995
145400.0 -4206.6958
145600.0 -4222.71
145800.0 -4241.7932
146000.0 -4248.5257
146200.0 -4280.85
146400.0 -4263.9031
146600.0 -4255.3223
146800.0 -4244.8991
147000.0 -4229.7732
147200.0 -4227.1813
147400.0 -4248.8486
147600.0 -4252.7267
147800.0 -4268.9491
148000.0 -4265.0284
148200.0 -4253.4757
148400.0 -4274.6994
148600.0 -4263.7358
148800.0 -4222.8507
149000.0 -4241.409
149200.0 -4276.8123
149400.0 -4234.7453
149600.0 -4258.2601
149800.0 -4251.003
150000.0 -4270.0436
150200.0 -4281.8663
150400.0 -4251.7885
150600.0 -4237.8626
150800.0 -4265.6872
151000.0 -4254.4146
151200.0 -4245.0581
151400.0 -4220.8165
151600.0 -4255.1718
151800.0 -4265.2961
152000.0 -4272.0828
152200.0 -4292.1252
152400.0 -4276.1006
152600.0 -4276.121
152800.0 -4258.3643
153000.0 -4232.7719
153200.0 -4248.2516
153400.0 -4277.5688
153600.0 -4267.2044
153800.0 -4262.1089
154000.0 -4253.4456
154200.0 -4227.034
154400.0 -4224.345
154600.0 -4196.562
154800.0 -4231.4503
155000.0 -4255.1928
155200.0 -4247.3719
155400.0 -4254.1308
155600.0 -4254.1243
155800.0 -4267.645
156000.0 -4238.9636
156200.0 -4256.0316
156400.0 -4265.7264
156600.0 -4268.9969
156800.0 -4246.3621
157000.0 -4216.4244
157200.0 -4204.4384
157400.0 -4218.6414
157600.0 -4243.5578
157800.0 -4242.733
158000.0 -4219.665
158200.0 -4204.6514
158400.0 -4258.0253
158600.0 -4268.611
158800.0 -4273.573
159000.0 -4261.525
159200.0 -4272.1177
159400.0 -4243.6089
159600.0 -4243.9222
159800.0 -4231.7684
160000.0 -4253.1957
160200.0 -4238.0199
160400.0 -4215.0197
160600.0 -4238.6678
160800.0 -4276.0407
161000.0 -4258.6628
161200.0 -4243.6895
161400.0 -4272.5316
161600.0 -4246.5801
161800.0 -4250.5242
162000.0 -4260.3806
162200.0 -4240.767
162400.0 -4216.6166
162600.0 -4245.4741
162800.0 -4254.9512
163000.0 -4235.4972
163200.0 -4225.9019
163400.0 -4212.495
163600.0 -4244.7621
163800.0 -4260.0698
164000.0 -4221.2139
164200.0 -4237.6332
164400.0 -4267.9417
164600.0 -4250.1125
164800.0 -4265.0205
165000.0 -4230.3907
165200.0 -4200.6163
165400.0 -4241.4097
165600.0 -4255.2303
165800.0 -4241.3185
166000.0 -4226.0059
166200.0 -4236.6081
166400.0 -4260.8913
166600.0 -4259.3201
166800.0 -4232.5905
167000.0 -4203.2443
167200.0 -4218.6629
167400.0 -4263.2548
167600.0 -4237.5091
167800.0 -4239.7596
168000.0 -4247.1196
168200.0 -4273.5006
168400.0 -4262.1033
168600.0 -4273.1445
168800.0 -4237.6058
169000.0 -4244.5003
169200.0 -4247.47
169400.0 -4242.5813
169600.0 -4230.5499
169800.0 -4240.1799
170000.0 -4251.4338
170200.0 -4262.7037
170400.0 -4228.5181
170600.0 -4220.3435
170800.0 -4221.6744
171000.0 -4251.3232
171200.0 -4233.4581
171400.0 -4241.8237
171600.0 -4224.4486
171800.0 -4238.3252
172000.0 -4273.3454
172200.0 -4279.9241
172400.0 -4258.2881
172600.0 -4243.6151
172800.0 -4212.3083
173000.0 -4232.4998
173200.0 -4256.9018
173400.0 -4263.8371
173600.0 -4264.0684
173800.0 -4261.5783
174000.0 -4235.333
174200.0 -4238.2738
174400.0 -4261.536
174600.0 -4227.9698
174800.0 -4224.3865
175000.0 -4234.7928
175200.0 -4252.0865
175400.0 -4243.7357
175600.0 -4259.865
175800.0 -4256.2191
176000.0 -4234.6644
176200.0 -4224.6449
176400.0 -4260.3982
176600.0 -4262.5061
176800.0 -4229.6217
177000.0 -4259.1216
177200.0 -4225.9902
177400.0 -4247.9163
177600.0 -4264.0652
177800.0 -4261.4465
178000.0 -4246.2838
178200.0 -4248.4046
178400.0 -4237.8384
178600.0 -4216.2039
178800.0 -4238.6804
179000.0 -4237.0418
179200.0 -4223.6276
179400.0 -4263.3707
179600.0 -4289.5232
179800.0 -4277.0904
180000.0 -4250.5166
180200.0 -4253.8913
180400.0 -4261.5783
180600.0 -4226.7813
180800.0 -4242.853
181000.0 -4288.0075
181200.0 -4289.1323
181400.0 -4256.7535
181600.0 -4233.2029
181800.0 -4210.3984
182000.0 -4224.9472
182200.0 -4249.3423
182400.0 -4259.3562
182600.0 -4256.2174
182800.0 -4222.7647
183000.0 -4226.1975
183200.0 -4234.7552
183400.0 -4240.6786
183600.0 -4239.6762
183800.0 -4220.8865
184000.0 -4258.1954
184200.0 -4249.0592
184400.0 -4253.8187
184600.0 -4253.697
184800.0 -4278.518
185000.0 -4241.4781
185200.0 -4235.127
185400.0 -4247.6317
185600.0 -4248.0194
185800.0 -4270.0853
186000.0 -4260.2792
186200.0 -4239.3423
186400.0 -4242.4045
186600.0 -4231.8743
186800.0 -4209.0329
187000.0 -4227.7734
187200.0 -4251.0875
187400.0 -4231.8055
187600.0 -4225.0617
187800.0 -4252.3138
188000.0 -4267.1299
188200.0 -4223.839
188400.0 -4212.6588
188600.0 -4225.2738
188800.0 -4233.0978
189000.0 -4268.964
189200.0 -4249.5111
189400.0 -4269.6846
189600.0 -4269.4964
189800.0 -4240.7059
190000.0 -4242.1728
190200.0 -4265.0741
190400.0 -4264.7366
190600.0 -4243.8996
190800.0 -4214.7232
191000.0 -4246.0332
191200.0 -4237.8923
191400.0 -4245.1
191600.0 -4237.8476
191800.0 -4242.7477
192000.0 -4238.2091
192200.0 -4248.3508
192400.0 -4285.0229
192600.0 -4275.1285
192800.0 -4244.6782
193000.0 -4243.6192
193200.0 -4231.6299
193400.0 -4241.5545
193600.0 -4256.1993
193800.0 -4223.9462
194000.0 -4240.8005
194200.0 -4252.8471
194400.0 -4238.2321
194600.0 -4248.2632
194800.0 -4258.2058
195000.0 -4236.275
195200.0 -4238.1231
195400.0 -4262.9674
195600.0 -4268.1534
195800.0 -4244.7314
196000.0 -4221.0918
196200.0 -4229.7467
196400.0 -4253.6995
196600.0 -4247.5645
196800.0 -4247.1044
197000.0 -4244.2601
197200.0 -4234.7708
197400.0 -4254.6279
197600.0 -4256.0853
197800.0 -4252.2655
198000.0 -4234.0346
198200.0 -4223.8461
198400.0 -4227.8531
198600.0 -4265.4241
198800.0 -4245.0467
199000.0 -4246.9204
199200.0 -4251.5729
199400.0 -4249.2684
199600.0 -4271.4366
199800.0 -4247.5934
200000.0 -4208.9379
