0.0 -7401.2425
200.0 -6445.7002
400.0 -6546.1498
600.0 -6546.9609
800.0 -6616.075
1000.0 -6623.1712
1200.0 -6600.373
1400.0 -6579.5805
1600.0 -6562.126
1800.0 -6536.3404
2000.0 -6524.3206
2200.0 -6503.8146
2400.0 -6496.0999
2600.0 -6463.6945
2800.0 -6441.5032
3000.0 -6429.5972
3200.0 -6381.2093
3400.0 -6381.0113
3600.0 -6342.5424
3800.0 -6306.8764
4000.0 -6304.5742
4200.0 -6259.8823
4400.0 -6272.881
4600.0 -6227.3342
4800.0 -6215.5546
5000.0 -6182.9919
5200.0 -6165.6889
5400.0 -6139.1304
5600.0 -6115.1366
5800.0 -6098.0528
6000.0 -6069.904
6200.0 -6065.4165
6400.0 -6043.3589
6600.0 -6018.4454
6800.0 -6030.6141
7000.0 -6020.0473
7200.0 -5982.1891
7400.0 -5973.6361
7600.0 -5988.1456
7800.0 -5997.0402
8000.0 -5952.0504
8200.0 -5998.0066
8400.0 -6009.6963
8600.0 -6042.1569
8800.0 -6006.5119
9000.0 -6016.2661
9200.0 -6040.3795
9400.0 -6101.8162
9600.0 -6053.6974
9800.0 -6062.3939
10000.0 -6084.1975
10200.0 -6077.7113
10400.0 -6076.6685
10600.0 -6091.6989
10800.0 -6093.1363
11000.0 -6073.9723
11200.0 -6083.1977
11400.0 -6084.2552
11600.0 -6086.6828
11800.0 -6032.5587
12000.0 -6087.5298
12200.0 -6038.4292
12400.0 -6031.0663
12600.0 -6053.745
12800.0 -6054.9835
13000.0 -6011.7916
13200.0 -6004.9262
13400.0 -6036.0894
13600.0 -6022.1379
13800.0 -5991.7459
14000.0 -5970.2911
14200.0 -6015.1063
14400.0 -6009.9376
14600.0 -6030.4025
14800.0 -6006.0119
15000.0 -6006.6161
15200.0 -6052.7498
15400.0 -6061.4913
15600.0 -6073.6478
15800.0 -6045.7368
16000.0 -6072.7972
16200.0 -6059.6275
16400.0 -6069.3587
16600.0 -6090.7951
16800.0 -6070.3408
17000.0 -6092.0773
17200.0 -6088.9192
17400.0 -6062.7606
17600.0 -6061.5503
17800.0 -6049.7611
18000.0 -6078.6536
18200.0 -6054.1862
18400.0 -6051.2938
18600.0 -6022.4513
18800.0 -6025.6119
19000.0 -6009.8693
19200.0 -6039.0986
19400.0 -6002.692
19600.0 -6017.3829
19800.0 -6033.5046
20000.0 -5992.4795
20200.0 -6028.2248
20400.0 -5976.7012
20600.0 -6016.7773
20800.0 -6030.616
21000.0 -5996.1202
21200.0 -6003.6443
21400.0 -6056.0203
21600.0 -6043.3519
21800.0 -6057.364
22000.0 -6042.4236
22200.0 -6060.8237
22400.0 -6076.7408
22600.0 -6077.1905
22800.0 -6078.8
23000.0 -6072.9457
23200.0 -6067.418
23400.0 -6067.792
23600.0 -6072.4373
23800.0 -6092.8516
24000.0 -6074.0326
24200.0 -6082.802
24400.0 -6056.7883
24600.0 -6043.9186
24800.0 -6040.3156
25000.0 -6026.1337
25200.0 -6012.4042
25400.0 -6053.8657
25600.0 -6051.7711
25800.0 -6008.6209
26000.0 -6010.7455
26200.0 -6006.1866
26400.0 -6043.8049
26600.0 -6018.6856
26800.0 -6035.9015
27000.0 -6024.315
27200.0 -6030.1143
27400.0 -6041.6612
27600.0 -6070.4305
27800.0 -6055.0803
28000.0 -6046.7407
28200.0 -6048.2005
28400.0 -6040.2207
28600.0 -6095.9273
28800.0 -6066.2301
29000.0 -6067.5449
29200.0 -6079.3167
29400.0 -6055.6438
29600.0 -6074.2568
29800.0 -6050.9706
30000.0 -6068.6345
30200.0 -6059.6961
30400.0 -6072.6146
30600.0 -6059.6069
30800.0 -6030.2017
31000.0 -6056.5644
31200.0 -6057.5418
31400.0 -6027.9698
31600.0 -6046.9261
31800.0 -6006.0174
32000.0 -6031.4436
32200.0 -6043.4853
32400.0 -6036.7687
32600.0 -6008.9309
32800.0 -6012.5444
33000.0 -6027.2645
33200.0 -6011.5955
33400.0 -6032.2654
33600.0 -6029.9573
33800.0 -6043.9115
34000.0 -6046.4688
34200.0 -6031.7945
34400.0 -6051.9973
34600.0 -6063.1649
34800.0 -6048.0102
35000.0 -6063.9305
35200.0 -6074.3092
35400.0 -6037.6788
35600.0 -6031.8298
35800.0 -6072.0918
36000.0 -6031.0562
36200.0 -6080.612
36400.0 -6062.1833
36600.0 -6033.5663
36800.0 -6012.4288
37000.0 -6041.957
37200.0 -6044.8189
37400.0 -6020.6916
37600.0 -6033.4252
37800.0 -6018.8009
38000.0 -6010.3337
38200.0 -6006.0035
38400.0 -6048.127
38600.0 -6048.4529
38800.0 -6013.9946
39000.0 -5977.0428
39200.0 -6018.5733
39400.0 -6035.8999
39600.0 -6037.4926
39800.0 -6029.7646
40000.0 -6028.9242
40200.0 -6034.4623
40400.0 -6041.195
40600.0 -6053.4867
40800.0 -6026.7251
41000.0 -6049.7762
41200.0 -6058.7359
41400.0 -6064.3767
41600.0 -6065.7024
41800.0 -6059.0957
42000.0 -6047.6322
42200.0 -6046.4989
42400.0 -6034.218
42600.0 -6055.4877
42800.0 -6057.4241
43000.0 -6040.7956
43200.0 -6047.0403
43400.0 -6033.4015
43600.0 -6047.0381
43800.0 -6024.2362
44000.0 -6029.6195
44200.0 -6025.0646
44400.0 -6032.9732
44600.0 -6011.5885
44800.0 -6010.7494
45000.0 -6029.485
45200.0 -6017.841
45400.0 -6025.1744
45600.0 -6033.4857
45800.0 -6049.258
46000.0 -5996.8646
46200.0 -6040.9061
46400.0 -6029.1315
46600.0 -6015.1606
46800.0 -6034.8451
47000.0 -6057.9816
47200.0 -6040.7772
47400.0 -6031.5001
47600.0 -6060.8679
47800.0 -6057.9569
48000.0 -6040.0224
48200.0 -6066.8301
48400.0 -6057.9249
48600.0 -6066.4892
48800.0 -6054.4189
49000.0 -6025.4253
49200.0 -6018.7025
49400.0 -6088.9731
49600.0 -6061.7063
49800.0 -6024.3243
50000.0 -6025.9393
50200.0 -6017.7239
50400.0 -6025.4657
50600.0 -6039.6008
50800.0 -6021.6366
51000.0 -5998.6511
51200.0 -6023.2355
51400.0 -6016.6803
51600.0 -6065.5603
51800.0 -6017.5825
52000.0 -6032.163
52200.0 -6048.2676
52400.0 -6048.003
52600.0 -6057.5335
52800.0 -6035.6515
53000.0 -6014.7025
53200.0 -6063.9158
53400.0 -6067.0339
53600.0 -6045.1866
53800.0 -6023.6691
54000.0 -6036.7425
54200.0 -6064.009
54400.0 -6069.9554
54600.0 -6063.1328
54800.0 -6049.5561
55000.0 -6027.5137
55200.0 -6037.7318
55400.0 -6044.6922
55600.0 -6027.9771
55800.0 -6031.4212
56000.0 -6022.6454
56200.0 -6023.8237
56400.0 -6030.1681
56600.0 -6031.283
56800.0 -5990.8981
57000.0 -6022.7563
57200.0 -6007.2286
57400.0 -6028.7281
57600.0 -6036.1446
57800.0 -5995.7752
58000.0 -6030.4277
58200.0 -6032.311
58400.0 -6056.8752
58600.0 -6059.6993
58800.0 -6053.7606
59000.0 -6066.2218
59200.0 -6042.014
59400.0 -6055.8399
59600.0 -6068.8141
59800.0 -6059.831
60000.0 -6059.9635
60200.0 -6053.7182
60400.0 -6049.1775
60600.0 -6060.5383
60800.0 -6056.0189
61000.0 -6038.8808
61200.0 -6036.138
61400.0 -6022.3803
61600.0 -6007.1036
61800.0 -6048.4996
62000.0 -6031.8744
62200.0 -6002.1294
62400.0 -6021.7721
62600.0 -6039.9195
62800.0 -6031.7339
63000.0 -6013.8341
63200.0 -6008.5804
63400.0 -6010.4559
63600.0 -5999.6442
63800.0 -6035.9564
64000.0 -6064.8696
64200.0 -6009.1673
64400.0 -6019.9127
64600.0 -6050.1304
64800.0 -6026.1095
65000.0 -6053.3142
65200.0 -6037.9608
65400.0 -6034.5264
65600.0 -6069.8371
65800.0 -6071.8577
66000.0 -6039.2366
66200.0 -6034.6115
66400.0 -6038.9268
66600.0 -6040.4607
66800.0 -6052.3487
67000.0 -6010.9829
67200.0 -6034.4052
67400.0 -6028.3135
67600.0 -6010.4681
67800.0 -5991.2841
68000.0 -5993.6159
68200.0 -6019.0579
68400.0 -6006.9232
68600.0 -6022.8086
68800.0 -6016.6085
69000.0 -6014.4684
69200.0 -6015.4761
69400.0 -6005.6748
69600.0 -6041.6493
69800.0 -6029.8025
70000.0 -6058.704
70200.0 -6057.6189
70400.0 -6054.7588
70600.0 -6050.804
70800.0 -6061.0341
71000.0 -6052.9884
71200.0 -6040.9757
71400.0 -6059.9065
71600.0 -6054.3194
71800.0 -6071.2142
72000.0 -6004.3746
72200.0 -6036.0201
72400.0 -6045.7483
72600.0 -6055.3819
72800.0 -6041.446
73000.0 -6037.253
73200.0 -6008.5027
73400.0 -6006.665
73600.0 -6019.7144
73800.0 -6029.1478
74000.0 -6009.0224
74200.0 -5990.7515
74400.0 -6015.2614
74600.0 -6015.7545
74800.0 -5994.4414
75000.0 -6028.4167
75200.0 -6010.4973
75400.0 -6023.9679
75600.0 -6050.4766
75800.0 -6029.6531
76000.0 -6048.5115
76200.0 -6049.8337
76400.0 -6002.3761
76600.0 -6052.0712
76800.0 -6030.1959
77000.0 -6033.1348
77200.0 -6034.6355
77400.0 -6059.4187
77600.0 -6042.742
77800.0 -6022.7343
78000.0 -6027.1238
78200.0 -6030.8595
78400.0 -6008.5973
78600.0 -6043.8784
78800.0 -6055.7246
79000.0 -6001.0491
79200.0 -6022.5692
79400.0 -6008.1945
79600.0 -6055.4922
79800.0 -6038.8661
80000.0 -6026.53
80200.0 -6017.2339
80400.0 -6006.6159
80600.0 -6063.1494
80800.0 -6054.1785
81000.0 -6070.3913
81200.0 -6046.9848
81400.0 -6052.2811
81600.0 -6057.3948
81800.0 -6054.2883
82000.0 -6072.5083
82200.0 -6077.4691
82400.0 -6075.7975
82600.0 -6070.1373
82800.0 -6041.5666
83000.0 -6057.7895
83200.0 -6043.9531
83400.0 -6027.5249
83600.0 -6047.5176
83800.0 -6060.2166
84000.0 -6060.1967
84200.0 -6053.1101
84400.0 -6038.1663
84600.0 -6066.696
84800.0 -6043.1703
85000.0 -6043.9679
85200.0 -6031.2637
85400.0 -6046.5708
85600.0 -6049.4513
85800.0 -6064.6301
86000.0 -6060.1512
86200.0 -6027.5804
86400.0 -6018.0145
86600.0 -6044.1404
86800.0 -5994.1217
87000.0 -6066.1105
87200.0 -6058.8217
87400.0 -6034.671
87600.0 -6030.7595
87800.0 -6041.2938
88000.0 -6043.979
88200.0 -6066.5875
88400.0 -6074.2447
88600.0 -6040.1288
88800.0 -6052.6551
89000.0 -6040.3521
89200.0 -6072.7632
89400.0 -6075.6842
89600.0 -6047.1621
89800.0 -6053.6396
90000.0 -6057.4055
90200.0 -6088.0872
90400.0 -6059.8762
90600.0 -6049.7938
90800.0 -6028.7549
91000.0 -6032.9319
91200.0 -6047.8998
91400.0 -6074.7708
91600.0 -6029.7054
91800.0 -6017.3352
92000.0 -6021.5404
92200.0 -6052.3568
92400.0 -6007.0199
92600.0 -6032.4975
92800.0 -6007.5423
93000.0 -6029.3405
93200.0 -6015.6198
93400.0 -6008.4314
93600.0 -6006.7643
93800.0 -6050.5521
94000.0 -6019.0977
94200.0 -6035.2002
94400.0 -6016.4221
94600.0 -6034.8258
94800.0 -6055.8078
95000.0 -6076.8034
95200.0 -6057.4756
95400.0 -6043.8874
95600.0 -6069.3859
95800.0 -6068.7853
96000.0 -6077.2809
96200.0 -6081.5438
96400.0 -6073.1759
96600.0 -6103.2093
96800.0 -6066.5151
97000.0 -6073.4552
97200.0 -6070.0721
97400.0 -6046.989
97600.0 -6072.7386
97800.0 -6062.8315
98000.0 -6034.4846
98200.0 -6046.9926
98400.0 -6035.7217
98600.0 -6028.7965
98800.0 -6044.0692
99000.0 -6023.5252
99200.0 -6030.8925
99400.0 -6035.0949
99600.0 -5988.6781
99800.0 -5978.7151
100000.0 -6026.5537
100200.0 -6012.0357
100400.0 -6012.4042
100600.0 -6019.5013
100800.0 -6034.969
101000.0 -6004.2025
101200.0 -6000.0293
101400.0 -6012.3795
101600.0 -6013.2313
101800.0 -6004.1411
102000.0 -6016.0716
102200.0 -6022.6693
102400.0 -6031.8054
102600.0 -6074.767
102800.0 -6053.5418
103000.0 -6054.9245
103200.0 -6053.9216
103400.0 -6060.3886
103600.0 -6058.2459
103800.0 -6062.9606
104000.0 -6064.3971
104200.0 -6041.179
104400.0 -6036.4316
104600.0 -6015.9185
104800.0 -6048.3215
105000.0 -6036.3731
105200.0 -6008.4825
105400.0 -6032.3276
105600.0 -6019.4766
105800.0 -6042.489
106000.0 -6017.6407
106200.0 -6011.999
106400.0 -6015.808
106600.0 -6032.9209
106800.0 -6012.1227
107000.0 -6018.796
107200.0 -6032.724
107400.0 -6034.0032
107600.0 -6016.5833
107800.0 -5993.323
108000.0 -6008.5089
108200.0 -6018.5548
108400.0 -6027.2979
108600.0 -6012.1899
108800.0 -6024.7846
109000.0 -6039.7764
109200.0 -6057.3076
109400.0 -6019.8398
109600.0 -6050.8651
109800.0 -6033.6672
110000.0 -6010.4936
110200.0 -6057.0538
110400.0 -6008.5655
110600.0 -6037.2029
110800.0 -6040.4551
111000.0 -6036.9026
111200.0 -6061.1659
111400.0 -6049.6542
111600.0 -6008.1304
111800.0 -6055.7122
112000.0 -6058.3668
112200.0 -6032.5165
112400.0 -6037.7881
112600.0 -6074.6345
112800.0 -6040.9786
113000.0 -6068.8499
113200.0 -6046.7597
113400.0 -6061.0722
113600.0 -6081.9028
113800.0 -6078.9335
114000.0 -6071.7102
114200.0 -6081.2303
114400.0 -6062.5318
114600.0 -6079.4193
114800.0 -6045.8371
115000.0 -6072.2272
115200.0 -6052.1212
115400.0 -6022.5027
115600.0 -6044.0598
115800.0 -6020.0944
116000.0 -6047.7543
116200.0 -6008.2895
116400.0 -6036.4797
116600.0 -6026.7026
116800.0 -6044.3067
117000.0 -6053.104
117200.0 -6057.4534
117400.0 -6018.761
117600.0 -6045.3896
117800.0 -6010.905
118000.0 -6046.4961
118200.0 -6050.2626
118400.0 -6022.7412
118600.0 -6045.5835
118800.0 -6067.5296
119000.0 -6046.3453
119200.0 -6046.6194
119400.0 -6082.9957
119600.0 -6093.8864
119800.0 -6065.4776
120000.0 -6022.8386
120200.0 -6058.072
120400.0 -6056.5544
120600.0 -6055.5596
120800.0 -6088.7631
121000.0 -6061.2367
121200.0 -6082.94
121400.0 -6045.3732
121600.0 -6054.2368
121800.0 -6050.3195
122000.0 -6040.9179
122200.0 -6050.6686
122400.0 -6024.2269
122600.0 -6011.3344
122800.0 -6061.5283
123000.0 -6007.1936
123200.0 -6048.3533
123400.0 -6008.0935
123600.0 -6006.3228
123800.0 -6025.7936
124000.0 -6016.2401
124200.0 -6012.3502
124400.0 -6025.72
124600.0 -6035.3243
124800.0 -6022.7659
125000.0 -6025.5772
125200.0 -6036.3523
125400.0 -6016.3708
125600.0 -6005.9439
125800.0 -6033.4542
126000.0 -6056.3802
126200.0 -6057.7688
126400.0 -6062.3227
126600.0 -6042.7887
126800.0 -6062.2508
127000.0 -6051.9522
127200.0 -6066.3512
127400.0 -6033.3034
127600.0 -6055.0788
127800.0 -6051.8482
128000.0 -6046.8858
128200.0 -6053.3027
128400.0 -6029.8686
128600.0 -6012.7602
128800.0 -5999.3087
129000.0 -6020.073
129200.0 -6039.4032
129400.0 -5995.7113
129600.0 -6010.5778
129800.0 -5991.5812
130000.0 -6007.3199
130200.0 -6046.3556
130400.0 -6023.2462
130600.0 -6003.7296
130800.0 -6062.5917
131000.0 -6031.2111
131200.0 -6033.8935
131400.0 -6062.0973
131600.0 -6032.1618
131800.0 -6036.3192
132000.0 -6033.7846
132200.0 -6021.7366
132400.0 -6028.5024
132600.0 -6020.5192
132800.0 -6031.4154
133000.0 -6019.9251
133200.0 -6031.2914
133400.0 -6050.439
133600.0 -6036.3777
133800.0 -6037.9576
134000.0 -6067.6277
134200.0 -6046.13
134400.0 -6025.0515
134600.0 -6025.139
134800.0 -6039.7668
135000.0 -6039.0655
135200.0 -6062.2714
135400.0 -6046.0533
135600.0 -6029.4115
135800.0 -6048.3734
136000.0 -6076.8332
136200.0 -6087.7648
136400.0 -6066.4167
136600.0 -6063.3308
136800.0 -6084.7443
137000.0 -6102.1955
137200.0 -6094.5106
137400.0 -6089.8634
137600.0 -6081.1609
137800.0 -6092.9721
138000.0 -6097.9422
138200.0 -6057.4387
138400.0 -6065.3506
138600.0 -6034.4493
138800.0 -6086.1543
139000.0 -6066.0347
139200.0 -6084.2543
139400.0 -6058.684
139600.0 -6050.6024
139800.0 -6059.809
140000.0 -6045.1784
140200.0 -6041.7157
140400.0 -6077.8578
140600.0 -6037.4334
140800.0 -6032.7856
141000.0 -6041.0125
141200.0 -6010.9541
141400.0 -6044.4232
141600.0 -6010.4205
141800.0 -6011.7154
142000.0 -6038.2184
142200.0 -6007.2834
142400.0 -6033.1869
142600.0 -6011.3578
142800.0 -6022.2386
143000.0 -5997.9575
143200.0 -5996.5731
143400.0 -6058.1396
143600.0 -6030.9598
143800.0 -6027.5376
144000.0 -6040.0797
144200.0 -6044.5414
144400.0 -6031.1691
144600.0 -6058.0526
144800.0 -6037.2095
145000.0 -6071.4727
145200.0 -6049.9145
145400.0 -6042.9546
145600.0 -6071.9324
145800.0 -6032.0225
146000.0 -6047.8674
146200.0 -6053.9545
146400.0 -6028.1086
146600.0 -6054.2509
146800.0 -6024.3751
147000.0 -6033.7062
147200.0 -6037.1289
147400.0 -6013.1352
147600.0 -6020.5041
147800.0 -6002.5057
148000.0 -6017.2867
148200.0 -6023.0901
148400.0 -6002.4825
148600.0 -6021.0935
148800.0 -6029.6375
149000.0 -6023.1029
149200.0 -6004.3144
149400.0 -6041.4821
149600.0 -6018.5452
149800.0 -6025.682
150000.0 -6067.1303
150200.0 -6054.9395
150400.0 -6044.44
150600.0 -6021.1542
150800.0 -6038.4673
151000.0 -6042.2446
151200.0 -6027.0098
151400.0 -6055.7951
151600.0 -6079.7439
151800.0 -6019.8592
152000.0 -6065.525
152200.0 -6069.2003
152400.0 -6044.0893
152600.0 -6064.8427
152800.0 -6071.6909
153000.0 -6067.2087
153200.0 -6037.9907
153400.0 -6022.7971
153600.0 -6026.3001
153800.0 -6012.8906
154000.0 -5995.1243
154200.0 -6044.5435
154400.0 -6019.0817
154600.0 -6007.8064
154800.0 -6018.1293
155000.0 -5990.778
155200.0 -6020.2224
155400.0 -6012.68
155600.0 -6012.8262
155800.0 -6048.2727
156000.0 -6011.7432
156200.0 -6063.6207
156400.0 -6016.1145
156600.0 -6023.8922
156800.0 -6033.6668
157000.0 -6012.2791
157200.0 -6055.3609
157400.0 -6085.1281
157600.0 -6053.6669
157800.0 -6008.9084
158000.0 -6011.8093
158200.0 -6059.9615
158400.0 -6016.9076
158600.0 -6002.6897
158800.0 -6027.4125
159000.0 -6020.3394
159200.0 -6036.8344
159400.0 -6019.9115
159600.0 -6002.2821
159800.0 -6031.7523
160000.0 -6033.5094
160200.0 -6037.4435
160400.0 -6030.7168
160600.0 -6011.6187
160800.0 -6046.1736
161000.0 -6068.3223
161200.0 -6033.5811
161400.0 -6041.5992
161600.0 -6028.5386
161800.0 -6004.5851
162000.0 -6020.4079
162200.0 -6042.7589
162400.0 -6038.848
162600.0 -6047.1809
162800.0 -6021.2128
163000.0 -6021.0997
163200.0 -6041.2029
163400.0 -6036.0455
163600.0 -6028.5344
163800.0 -6041.2026
164000.0 -6045.8315
164200.0 -6029.2104
164400.0 -6031.6432
164600.0 -6040.3749
164800.0 -6040.5678
165000.0 -6020.784
165200.0 -6029.4409
165400.0 -6044.4661
165600.0 -6042.3099
165800.0 -6049.8279
166000.0 -6033.5812
166200.0 -6050.221
166400.0 -6041.8024
166600.0 -6070.9136
166800.0 -6060.3992
167000.0 -6039.3284
167200.0 -6046.6465
167400.0 -6018.2456
167600.0 -6096.3201
167800.0 -6032.7071
168000.0 -6034.289
168200.0 -6076.8594
168400.0 -6037.5365
168600.0 -6063.1159
168800.0 -6030.3184
169000.0 -6042.7989
169200.0 -6026.8186
169400.0 -6024.6332
169600.0 -6002.3977
169800.0 -6039.2347
170000.0 -6012.4615
170200.0 -6014.5026
170400.0 -6014.8119
170600.0 -6007.1329
170800.0 -6054.5477
171000.0 -6034.0146
171200.0 -6032.6586
171400.0 -6047.4358
171600.0 -6033.7873
171800.0 -6051.1335
172000.0 -6045.3511
172200.0 -6060.6495
172400.0 -6061.771
172600.0 -6047.3467
172800.0 -6086.2563
173000.0 -6036.338
173200.0 -6075.9128
173400.0 -6035.1273
173600.0 -6072.7666
173800.0 -6056.2735
174000.0 -6024.8844
174200.0 -6037.353
174400.0 -6043.9537
174600.0 -6061.7464
174800.0 -6064.8152
175000.0 -6048.8808
175200.0 -6038.6235
175400.0 -6028.3757
175600.0 -6016.9633
175800.0 -6044.8142
176000.0 -6037.1294
176200.0 -6015.3348
176400.0 -6066.7524
176600.0 -6066.8541
176800.0 -6022.7
177000.0 -6021.6201
177200.0 -6053.1148
177400.0 -6035.8853
177600.0 -6073.0331
177800.0 -6059.1382
178000.0 -6081.2869
178200.0 -6060.3646
178400.0 -6050.6781
178600.0 -6077.7575
178800.0 -6054.4316
179000.0 -6074.362
179200.0 -6073.0675
179400.0 -6038.9191
179600.0 -6030.0684
179800.0 -6041.484
180000.0 -6031.2546
180200.0 -6039.6696
180400.0 -6023.7379
180600.0 -6065.7456
180800.0 -6014.3193
181000.0 -6025.5276
181200.0 -6016.2148
181400.0 -6021.4837
181600.0 -6052.4741
181800.0 -6035.4451
182000.0 -6054.222
182200.0 -6039.7381
182400.0 -6063.2085
182600.0 -6019.6722
182800.0 -6027.5564
183000.0 -6037.5824
183200.0 -6037.6561
183400.0 -6050.3667
183600.0 -6038.0301
183800.0 -6024.7844
184000.0 -6065.9826
184200.0 -6035.9622
184400.0 -6086.2282
184600.0 -6076.5335
184800.0 -6035.9578
185000.0 -6017.5994
185200.0 -6042.3326
185400.0 -6052.3868
185600.0 -6038.7195
185800.0 -6038.618
186000.0 -6044.5634
186200.0 -6014.0363
186400.0 -6026.3287
186600.0 -6003.1632
186800.0 -6054.3944
187000.0 -5983.6079
187200.0 -5994.2644
187400.0 -5991.3856
187600.0 -6026.3004
187800.0 -5998.3625
188000.0 -6039.0164
188200.0 -6017.5201
188400.0 -6025.9715
188600.0 -6024.9215
188800.0 -6038.4343
189000.0 -6031.5032
189200.0 -6059.9858
189400.0 -6078.0909
189600.0 -6068.1249
189800.0 -6059.0384
190000.0 -6034.727
190200.0 -6060.6426
190400.0 -6072.1347
190600.0 -6061.5627
190800.0 -6038.4552
191000.0 -6052.4329
191200.0 -6016.7235
191400.0 -6052.6568
191600.0 -6041.5074
191800.0 -6032.2006
192000.0 -6017.5306
192200.0 -6012.5451
192400.0 -6027.8698
192600.0 -6017.7479
192800.0 -6036.5874
193000.0 -6021.9963
193200.0 -6031.3949
193400.0 -6047.9427
193600.0 -6028.2088
193800.0 -6054.0052
194000.0 -6056.0013
194200.0 -6029.4922
194400.0 -6063.0301
194600.0 -6029.0574
194800.0 -6052.0775
195000.0 -6024.511
195200.0 -6061.2076
195400.0 -6026.4034
195600.0 -6032.6384
195800.0 -6030.9363
196000.0 -6043.0169
196200.0 -6065.0594
196400.0 -6046.1184
196600.0 -6046.89
196800.0 -6025.1997
197000.0 -6022.2635
197200.0 -6050.9008
197400.0 -6055.0499
197600.0 -6028.5783
197800.0 -6045.6249
198000.0 -6027.3154
198200.0 -6052.2747
198400.0 -6054.1712
198600.0 -5994.7454
198800.0 -6009.2187
199000.0 -6026.847
199200.0 -6047.095
199400.0 -6031.3502
199600.0 -6012.9918
199800.0 -6016.2398
200000.0 -6039.4543
