0.0 -1269.0745
200.0 -1104.5906
400.0 -1124.3173
600.0 -1120.7018
800.0 -1128.1578
1000.0 -1137.8025
1200.0 -1132.7074
1400.0 -1125.4282
1600.0 -1106.978
1800.0 -1115.9714
2000.0 -1108.4132
2200.0 -1107.4932
2400.0 -1097.8909
2600.0 -1092.0889
2800.0 -1086.3439
3000.0 -1089.1679
3200.0 -1077.2827
3400.0 -1080.5982
3600.0 -1060.735
3800.0 -1061.1838
4000.0 -1055.4037
4200.0 -1057.0441
4400.0 -1049.9999
4600.0 -1041.8472
4800.0 -1045.5456
5000.0 -1030.3264
5200.0 -1031.4186
5400.0 -1030.4353
5600.0 -1020.8555
5800.0 -1019.1104
6000.0 -1021.4822
6200.0 -1014.5366
6400.0 -1020.5643
6600.0 -1016.793
6800.0 -1020.2974
7000.0 -1019.7682
7200.0 -1034.8673
7400.0 -1029.4027
7600.0 -1016.0605
7800.0 -1040.1332
8000.0 -1043.4867
8200.0 -1049.6622
8400.0 -1047.1978
8600.0 -1034.0456
8800.0 -1048.0936
9000.0 -1041.5927
9200.0 -1051.3258
9400.0 -1045.5766
9600.0 -1055.588
9800.0 -1047.7059
10000.0 -1059.231
10200.0 -1049.4362
10400.0 -1047.8299
10600.0 -1047.9376
10800.0 -1045.3546
11000.0 -1043.6224
11200.0 -1018.0381
11400.0 -1042.5069
11600.0 -1036.7673
11800.0 -1038.8149
12000.0 -1030.835
12200.0 -1030.3983
12400.0 -1035.1118
12600.0 -1026.3067
12800.0 -1028.4035
13000.0 -1029.4412
13200.0 -1034.6938
13400.0 -1038.4062
13600.0 -1030.1273
13800.0 -1041.4396
14000.0 -1025.4034
14200.0 -1037.7824
14400.0 -1029.9723
14600.0 -1035.0915
14800.0 -1050.6701
15000.0 -1050.3814
15200.0 -1035.4374
15400.0 -1041.8791
15600.0 -1045.8633
15800.0 -1048.006
16000.0 -1041.8036
16200.0 -1042.2315
16400.0 -1041.9679
16600.0 -1043.4403
16800.0 -1039.4199
17000.0 -1034.1561
17200.0 -1041.6791
17400.0 -1031.358
17600.0 -1035.0264
17800.0 -1034.6986
18000.0 -1028.7419
18200.0 -1032.03
18400.0 -1026.5762
18600.0 -1036.5296
18800.0 -1043.4297
19000.0 -1019.6257
19200.0 -1037.6497
19400.0 -1031.4378
19600.0 -1034.6197
19800.0 -1044.9029
20000.0 -1039.4957
20200.0 -1047.3577
20400.0 -1043.0643
20600.0 -1048.6504
20800.0 -1054.3001
21000.0 -1044.1604
21200.0 -1052.8368
21400.0 -1049.4662
21600.0 -1042.5225
21800.0 -1045.428
22000.0 -1052.8762
22200.0 -1045.0078
22400.0 -1043.3337
22600.0 -1040.2497
22800.0 -1038.7366
23000.0 -1051.3975
23200.0 -1038.9397
23400.0 -1026.834
23600.0 -1035.3018
23800.0 -1043.147
24000.0 -1028.8857
24200.0 -1028.4598
24400.0 -1028.8628
24600.0 -1026.8269
24800.0 -1033.387
25000.0 -1032.531
25200.0 -1025.6818
25400.0 -1044.0748
25600.0 -1030.2811
25800.0 -1030.4486
26000.0 -1044.5705
26200.0 -1036.9283
26400.0 -1052.0041
26600.0 -1045.5717
26800.0 -1054.5501
27000.0 -1065.3929
27200.0 -1058.2961
27400.0 -1045.0915
27600.0 -1046.9368
27800.0 -1050.4036
28000.0 -1046.4336
28200.0 -1053.565
28400.0 -1049.9623
28600.0 -1040.1904
28800.0 -1046.2538
29000.0 -1036.1134
29200.0 -1046.0078
29400.0 -1043.8047
29600.0 -1029.8971
29800.0 -1040.2423
30000.0 -1030.7008
30200.0 -1045.454
30400.0 -1025.3245
30600.0 -1031.3815
30800.0 -1028.4444
31000.0 -1029.7662
31200.0 -1034.697
31400.0 -1027.7666
31600.0 -1035.7839
31800.0 -1029.186
32000.0 -1031.6878
32200.0 -1029.8756
32400.0 -1029.6413
32600.0 -1031.0402
32800.0 -1041.142
33000.0 -1053.1478
33200.0 -1037.4919
33400.0 -1052.1826
33600.0 -1055.6745
33800.0 -1044.2818
34000.0 -1061.4039
34200.0 -1044.4453
34400.0 -1040.4887
34600.0 -1060.1884
34800.0 -1035.5578
35000.0 -1048.3675
35200.0 -1039.2184
35400.0 -1038.9929
35600.0 -1052.709
35800.0 -1033.4174
36000.0 -1036.9018
36200.0 -1035.5687
36400.0 -1035.89
36600.0 -1044.1925
36800.0 -1035.811
37000.0 -1040.3079
37200.0 -1023.7351
37400.0 -1037.9743
37600.0 -1035.8436
37800.0 -1039.5138
38000.0 -1030.0356
38200.0 -1030.432
38400.0 -1033.3756
38600.0 -1042.0439
38800.0 -1033.6014
39000.0 -1040.6485
39200.0 -1038.2549
39400.0 -1052.3249
39600.0 -1055.8013
39800.0 -1050.5792
40000.0 -1049.1411
40200.0 -1048.9446
40400.0 -1055.5105
40600.0 -1044.7759
40800.0 -1050.5484
41000.0 -1039.2667
41200.0 -1055.8173
41400.0 -1043.2857
41600.0 -1051.3146
41800.0 -1040.6344
42000.0 -1027.8212
42200.0 -1046.4946
42400.0 -1030.4964
42600.0 -1036.0816
42800.0 -1030.3582
43000.0 -1023.4448
43200.0 -1025.931
43400.0 -1045.4281
43600.0 -1033.5521
43800.0 -1027.9313
44000.0 -1033.5652
44200.0 -1033.3569
44400.0 -1036.4135
44600.0 -1034.3693
44800.0 -1033.0186
45000.0 -1038.0832
45200.0 -1038.5954
45400.0 -1036.4472
45600.0 -1038.399
45800.0 -1047.2971
46000.0 -1053.9667
46200.0 -1037.5794
46400.0 -1061.699
46600.0 -1050.1765
46800.0 -1056.6953
47000.0 -1067.8989
47200.0 -1051.271
47400.0 -1059.9954
47600.0 -1046.8596
47800.0 -1043.4317
48000.0 -1047.1477
48200.0 -1037.8936
48400.0 -1037.8362
48600.0 -1042.4537
48800.0 -1030.4052
49000.0 -1036.5922
49200.0 -1049.533
49400.0 -1035.4255
49600.0 -1034.3884
49800.0 -1036.6578
50000.0 -1033.2392
50200.0 -1029.064
50400.0 -1030.0103
50600.0 -1032.1971
50800.0 -1026.166
51000.0 -1043.6376
51200.0 -1043.9204
51400.0 -1041.0274
51600.0 -1036.2538
51800.0 -1044.7819
52000.0 -1034.4332
52200.0 -1040.1337
52400.0 -1041.7544
52600.0 -1035.4837
52800.0 -1039.7077
53000.0 -1050.8221
53200.0 -1059.4096
53400.0 -1043.6042
53600.0 -1052.0909
53800.0 -1054.7783
54000.0 -1054.1105
54200.0 -1051.8681
54400.0 -1048.6408
54600.0 -1052.007
54800.0 -1041.6418
55000.0 -1038.8169
55200.0 -1035.6241
55400.0 -1019.6517
55600.0 -1022.6693
55800.0 -1030.9534
56000.0 -1021.5507
56200.0 -1033.0857
56400.0 -1038.126
56600.0 -1029.5709
56800.0 -1023.3176
57000.0 -1034.9587
57200.0 -1023.2058
57400.0 -1029.5032
57600.0 -1049.2827
57800.0 -1030.9939
58000.0 -1039.1525
58200.0 -1047.2816
58400.0 -1035.738
58600.0 -1042.3244
58800.0 -1054.12
59000.0 -1043.0093
59200.0 -1052.1943
59400.0 -1046.2978
59600.0 -1041.3207
59800.0 -1043.126
60000.0 -1042.083
60200.0 -1039.9392
60400.0 -1039.4615
60600.0 -1034.2334
60800.0 -1036.171
61000.0 -1036.2744
61200.0 -1033.2935
61400.0 -1034.859
61600.0 -1020.3823
61800.0 -1041.2182
62000.0 -1034.1218
62200.0 -1027.9564
62400.0 -1027.4846
62600.0 -1022.0205
62800.0 -1042.7911
63000.0 -1041.0798
63200.0 -1040.9749
63400.0 -1036.605
63600.0 -1044.432
63800.0 -1047.5173
64000.0 -1043.6981
64200.0 -1041.6259
64400.0 -1038.7017
64600.0 -1036.9053
64800.0 -1048.6773
65000.0 -1039.9164
65200.0 -1044.7195
65400.0 -1030.5863
65600.0 -1033.394
65800.0 -1034.943
66000.0 -1049.4412
66200.0 -1038.0203
66400.0 -1028.0702
66600.0 -1024.9493
66800.0 -1035.6298
67000.0 -1023.5013
67200.0 -1012.6879
67400.0 -1027.5611
67600.0 -1002.1245
67800.0 -1022.8336
68000.0 -1029.426
68200.0 -1026.6867
68400.0 -1028.895
68600.0 -1027.9656
68800.0 -1033.415
69000.0 -1021.0612
69200.0 -1042.2709
69400.0 -1038.1161
69600.0 -1038.6589
69800.0 -1028.9854
70000.0 -1035.7514
70200.0 -1039.1821
70400.0 -1044.1217
70600.0 -1040.2298
70800.0 -1039.1792
71000.0 -1046.7083
71200.0 -1032.5425
71400.0 -1040.8463
71600.0 -1043.9038
71800.0 -1037.8021
72000.0 -1046.6464
72200.0 -1048.513
72400.0 -1049.8245
72600.0 -1043.6762
72800.0 -1032.7532
73000.0 -1051.5186
73200.0 -1047.3256
73400.0 -1037.0199
73600.0 -1045.915
73800.0 -1044.0543
74000.0 -1043.4842
74200.0 -1041.7608
74400.0 -1046.4869
74600.0 -1044.4982
74800.0 -1038.9986
75000.0 -1036.596
75200.0 -1023.104
75400.0 -1042.849
75600.0 -1035.976
75800.0 -1034.5148
76000.0 -1033.1328
76200.0 -1026.4054
76400.0 -1034.2885
76600.0 -1032.4604
76800.0 -1044.1559
77000.0 -1029.2173
77200.0 -1042.5442
77400.0 -1029.6726
77600.0 -1042.4521
77800.0 -1044.612
78000.0 -1037.445
78200.0 -1046.6607
78400.0 -1039.6142
78600.0 -1055.1589
78800.0 -1058.7226
79000.0 -1057.5581
79200.0 -1057.0362
79400.0 -1044.8693
79600.0 -1039.7577
79800.0 -1039.1333
80000.0 -1027.6701
80200.0 -1028.3154
80400.0 -1037.5652
80600.0 -1028.3456
80800.0 -1013.9478
81000.0 -1031.7474
81200.0 -1026.1345
81400.0 -1024.4196
81600.0 -1024.5968
81800.0 -1024.0118
82000.0 -1034.0222
82200.0 -1030.8279
82400.0 -1023.1022
82600.0 -1033.9972
82800.0 -1026.3909
83000.0 -1040.5436
83200.0 -1049.6359
83400.0 -1031.096
83600.0 -1038.2196
83800.0 -1042.2309
84000.0 -1049.7818
84200.0 -1044.8307
84400.0 -1044.7901
84600.0 -1047.6514
84800.0 -1048.3894
85000.0 -1032.341
85200.0 -1036.0405
85400.0 -1037.0893
85600.0 -1041.6237
85800.0 -1031.5439
86000.0 -1034.8661
86200.0 -1034.6303
86400.0 -1019.272
86600.0 -1037.5568
86800.0 -1023.0098
87000.0 -1035.2448
87200.0 -1020.2944
87400.0 -1037.5472
87600.0 -1020.861
87800.0 -1025.1931
88000.0 -1044.4687
88200.0 -1034.1162
88400.0 -1042.3699
88600.0 -1041.5391
88800.0 -1035.0896
89000.0 -1042.6345
89200.0 -1044.641
89400.0 -1044.8626
89600.0 -1047.4985
89800.0 -1052.3843
90000.0 -1045.5726
90200.0 -1033.9045
90400.0 -1034.3005
90600.0 -1045.9373
90800.0 -1041.2218
91000.0 -1043.1177
91200.0 -1037.8849
91400.0 -1043.3501
91600.0 -1053.0842
91800.0 -1044.4639
92000.0 -1031.0393
92200.0 -1023.8067
92400.0 -1040.7934
92600.0 -1045.1441
92800.0 -1041.6583
93000.0 -1036.8515
93200.0 -1043.8965
93400.0 -1032.0868
93600.0 -1028.8382
93800.0 -1046.433
94000.0 -1022.7593
94200.0 -1026.8821
94400.0 -1036.1551
94600.0 -1056.5133
94800.0 -1033.5292
95000.0 -1024.4202
95200.0 -1046.6335
95400.0 -1037.868
95600.0 -1036.358
95800.0 -1035.1745
96000.0 -1032.088
96200.0 -1058.3073
96400.0 -1053.495
96600.0 -1047.2623
96800.0 -1047.0759
97000.0 -1050.4321
97200.0 -1058.6037
97400.0 -1057.1887
97600.0 -1041.8791
97800.0 -1047.2054
98000.0 -1053.204
98200.0 -1055.1296
98400.0 -1056.4371
98600.0 -1040.3151
98800.0 -1049.7255
99000.0 -1046.2281
99200.0 -1040.9222
99400.0 -1044.8159
99600.0 -1043.0433
99800.0 -1041.7869
100000.0 -1037.1487
100200.0 -1033.3347
100400.0 -1036.1869
100600.0 -1029.9545
100800.0 -1035.5324
101000.0 -1035.4066
101200.0 -1037.4396
101400.0 -1041.9719
101600.0 -1037.4673
101800.0 -1040.7461
102000.0 -1024.3736
102200.0 -1039.7714
102400.0 -1030.4334
102600.0 -1036.2828
102800.0 -1042.2336
103000.0 -1039.5453
103200.0 -1051.4093
103400.0 -1044.0009
103600.0 -1054.0899
103800.0 -1062.2766
104000.0 -1052.2219
104200.0 -1051.043
104400.0 -1050.3422
104600.0 -1055.5873
104800.0 -1040.0107
105000.0 -1047.3424
105200.0 -1050.9341
105400.0 -1039.1064
105600.0 -1043.8827
105800.0 -1037.0051
106000.0 -1042.1978
106200.0 -1057.5407
106400.0 -1027.7833
106600.0 -1037.236
106800.0 -1030.3842
107000.0 -1038.5793
107200.0 -1043.3524
107400.0 -1045.4867
107600.0 -1017.0411
107800.0 -1036.3252
108000.0 -1026.2495
108200.0 -1029.4901
108400.0 -1044.0495
108600.0 -1032.099
108800.0 -1031.802
109000.0 -1025.5476
109200.0 -1039.7496
109400.0 -1035.1332
109600.0 -1020.0497
109800.0 -1035.518
110000.0 -1020.4873
110200.0 -1027.8437
110400.0 -1026.4492
110600.0 -1027.4033
110800.0 -1030.6524
111000.0 -1029.4716
111200.0 -1035.9598
111400.0 -1035.246
111600.0 -1044.8513
111800.0 -1032.5429
112000.0 -1029.4766
112200.0 -1043.8357
112400.0 -1038.8581
112600.0 -1048.1406
112800.0 -1034.3251
113000.0 -1034.264
113200.0 -1027.2111
113400.0 -1037.3051
113600.0 -1045.0887
113800.0 -1032.2272
114000.0 -1033.8091
114200.0 -1024.0424
114400.0 -1036.569
114600.0 -1028.1314
114800.0 -1030.6393
115000.0 -1026.5139
115200.0 -1027.7043
115400.0 -1031.5037
115600.0 -1033.8487
115800.0 -1022.9021
116000.0 -1031.3667
116200.0 -1036.6943
116400.0 -1029.7487
116600.0 -1034.1421
116800.0 -1038.6614
117000.0 -1032.0506
117200.0 -1029.9013
117400.0 -1046.0946
117600.0 -1047.0466
117800.0 -1031.8901
118000.0 -1046.086
118200.0 -1034.3792
118400.0 -1048.5755
118600.0 -1056.4867
118800.0 -1051.36
119000.0 -1055.5959
119200.0 -1058.0142
119400.0 -1046.3496
119600.0 -1056.607
119800.0 -1056.8523
120000.0 -1064.5932
120200.0 -1050.8317
120400.0 -1051.1071
120600.0 -1040.9298
120800.0 -1043.8596
121000.0 -1036.2483
121200.0 -1028.7877
121400.0 -1037.7267
121600.0 -1038.0046
121800.0 -1031.0342
122000.0 -1032.2349
122200.0 -1029.9329
122400.0 -1043.8288
122600.0 -1026.2787
122800.0 -1041.2984
123000.0 -1039.983
123200.0 -1030.0813
123400.0 -1040.5587
123600.0 -1035.3399
123800.0 -1039.1518
124000.0 -1034.063
124200.0 -1052.3862
124400.0 -1041.6538
124600.0 -1039.1268
124800.0 -1034.2248
125000.0 -1055.9884
125200.0 -1037.8362
125400.0 -1037.2578
125600.0 -1038.1142
125800.0 -1035.4229
126000.0 -1046.4032
126200.0 -1023.1214
126400.0 -1037.0769
126600.0 -1027.5754
126800.0 -1043.5151
127000.0 -1039.3869
127200.0 -1036.5174
127400.0 -1033.4227
127600.0 -1038.649
127800.0 -1028.7912
128000.0 -1038.5957
128200.0 -1034.1402
128400.0 -1035.2665
128600.0 -1039.2375
128800.0 -1044.9179
129000.0 -1031.9495
129200.0 -1041.3872
129400.0 -1028.6262
129600.0 -1028.4637
129800.0 -1045.0901
130000.0 -1048.6289
130200.0 -1044.3303
130400.0 -1037.3261
130600.0 -1045.9551
130800.0 -1041.0961
131000.0 -1032.8036
131200.0 -1039.4847
131400.0 -1047.6046
131600.0 -1035.5691
131800.0 -1026.6995
132000.0 -1020.3307
132200.0 -1041.7818
132400.0 -1031.4662
132600.0 -1036.3525
132800.0 -1039.5473
133000.0 -1028.5581
133200.0 -1049.9036
133400.0 -1030.5752
133600.0 -1033.6555
133800.0 -1025.2524
134000.0 -1030.9387
134200.0 -1039.7082
134400.0 -1033.3356
134600.0 -1042.3581
134800.0 -1036.1781
135000.0 -1037.0122
135200.0 -1040.2142
135400.0 -1036.6928
135600.0 -1036.4809
135800.0 -1046.8414
136000.0 -1042.5139
136200.0 -1039.2215
136400.0 -1039.6469
136600.0 -1042.1178
136800.0 -1029.8562
137000.0 -1045.8221
137200.0 -1016.1703
137400.0 -1030.1507
137600.0 -1023.1197
137800.0 -1031.9038
138000.0 -1018.0446
138200.0 -1020.2236
138400.0 -1026.3615
138600.0 -1025.9001
138800.0 -1016.0011
139000.0 -1025.7218
139200.0 -1027.4342
139400.0 -1018.2438
139600.0 -1013.712
139800.0 -1042.8258
140000.0 -1030.8177
140200.0 -1027.3291
140400.0 -1036.3908
140600.0 -1045.2335
140800.0 -1047.8864
141000.0 -1028.9066
141200.0 -1032.3122
141400.0 -1043.5541
141600.0 -1038.8171
141800.0 -1032.2771
142000.0 -1038.627
142200.0 -1042.9381
142400.0 -1037.037
142600.0 -1026.7671
142800.0 -1047.6236
143000.0 -1028.9113
143200.0 -1038.6011
143400.0 -1033.7784
143600.0 -1033.3118
143800.0 -1012.2171
144000.0 -1024.97
144200.0 -1023.5105
144400.0 -1026.4929
144600.0 -1028.2592
144800.0 -1022.7358
145000.0 -1028.3136
145200.0 -1017.8942
145400.0 -1030.7641
145600.0 -1029.3538
145800.0 -1033.8089
146000.0 -1041.065
146200.0 -1034.1223
146400.0 -1034.5903
146600.0 -1034.5924
146800.0 -1043.5227
147000.0 -1041.3926
147200.0 -1048.312
147400.0 -1030.0781
147600.0 -1047.0018
147800.0 -1048.3004
148000.0 -1035.0404
148200.0 -1053.4903
148400.0 -1042.7686
148600.0 -1037.5175
148800.0 -1055.3806
149000.0 -1033.241
149200.0 -1049.0875
149400.0 -1033.6301
149600.0 -1058.3794
149800.0 -1042.7248
150000.0 -1031.6131
150200.0 -1027.5768
150400.0 -1028.3558
150600.0 -1030.7611
150800.0 -1038.8137
151000.0 -1024.8566
151200.0 -1015.2299
151400.0 -1021.5396
151600.0 -1021.7699
151800.0 -1013.4457
152000.0 -1013.352
152200.0 -1027.023
152400.0 -1026.6503
152600.0 -1027.847
152800.0 -1029.9755
153000.0 -1051.1056
153200.0 -1036.58
153400.0 -1038.5049
153600.0 -1047.5924
153800.0 -1031.0555
154000.0 -1038.2884
154200.0 -1034.8798
154400.0 -1046.0277
154600.0 -1043.6584
154800.0 -1039.6958
155000.0 -1048.48
155200.0 -1046.3432
155400.0 -1044.9701
155600.0 -1043.7357
155800.0 -1035.7877
156000.0 -1034.7563
156200.0 -1029.1826
156400.0 -1029.4759
156600.0 -1025.9165
156800.0 -1026.8524
157000.0 -1037.25
157200.0 -1028.3601
157400.0 -1031.7911
157600.0 -1022.339
157800.0 -1032.3201
158000.0 -1036.452
158200.0 -1031.4391
158400.0 -1036.6222
158600.0 -1023.3389
158800.0 -1032.7395
159000.0 -1047.7194
159200.0 -1038.6437
159400.0 -1041.1627
159600.0 -1043.6312
159800.0 -1036.3683
160000.0 -1039.1985
160200.0 -1046.4799
160400.0 -1031.7954
160600.0 -1037.9746
160800.0 -1042.8464
161000.0 -1039.0785
161200.0 -1022.8741
161400.0 -1051.3543
161600.0 -1042.3945
161800.0 -1028.6164
162000.0 -1039.6076
162200.0 -1029.1727
162400.0 -1036.3281
162600.0 -1034.9469
162800.0 -1027.3844
163000.0 -1036.3001
163200.0 -1032.759
163400.0 -1055.7026
163600.0 -1026.3514
163800.0 -1044.1672
164000.0 -1042.1409
164200.0 -1040.5183
164400.0 -1042.8135
164600.0 -1036.8984
164800.0 -1060.3715
165000.0 -1045.2597
165200.0 -1046.0351
165400.0 -1037.1676
165600.0 -1043.6546
165800.0 -1038.7418
166000.0 -1040.3175
166200.0 -1034.1931
166400.0 -1047.5005
166600.0 -1035.7222
166800.0 -1040.4444
167000.0 -1039.83
167200.0 -1028.7227
167400.0 -1036.7544
167600.0 -1039.9844
167800.0 -1048.6345
168000.0 -1033.8188
168200.0 -1037.1309
168400.0 -1041.482
168600.0 -1031.9092
168800.0 -1032.8244
169000.0 -1046.1076
169200.0 -1039.112
169400.0 -1036.0833
169600.0 -1038.671
169800.0 -1039.2222
170000.0 -1058.913
170200.0 -1049.5782
170400.0 -1044.6873
170600.0 -1050.1874
170800.0 -1048.4532
171000.0 -1053.254
171200.0 -1048.8473
171400.0 -1055.2364
171600.0 -1045.6052
171800.0 -1047.1736
172000.0 -1048.9702
172200.0 -1044.262
172400.0 -1034.5779
172600.0 -1037.7476
172800.0 -1040.5085
173000.0 -1038.2082
173200.0 -1029.4009
173400.0 -1039.5694
173600.0 -1041.2289
173800.0 -1025.2371
174000.0 -1039.151
174200.0 -1036.1907
174400.0 -1040.6249
174600.0 -1026.5061
174800.0 -1037.5333
175000.0 -1040.0426
175200.0 -1028.546
175400.0 -1035.7178
175600.0 -1036.4404
175800.0 -1042.4931
176000.0 -1044.9573
176200.0 -1019.8636
176400.0 -1045.51
176600.0 -1037.9893
176800.0 -1047.2633
177000.0 -1044.8186
177200.0 -1044.4859
177400.0 -1046.5051
177600.0 -1053.6568
177800.0 -1030.3373
178000.0 -1060.4221
178200.0 -1045.8705
178400.0 -1043.934
178600.0 -1039.7501
178800.0 -1040.4861
179000.0 -1033.9034
179200.0 -1031.265
179400.0 -1046.7553
179600.0 -1037.3643
179800.0 -1031.1016
180000.0 -1030.0329
180200.0 -1023.8368
180400.0 -1036.4903
180600.0 -1024.6234
180800.0 -1026.9138
181000.0 -1025.26
181200.0 -1031.0408
181400.0 -1037.2159
181600.0 -1040.3868
181800.0 -1027.916
182000.0 -1028.9218
182200.0 -1042.2455
182400.0 -1037.8059
182600.0 -1049.4198
182800.0 -1054.4579
183000.0 -1044.3749
183200.0 -1047.8087
183400.0 -1045.2229
183600.0 -1054.1023
183800.0 -1054.0547
184000.0 -1041.6669
184200.0 -1051.8216
184400.0 -1042.9217
184600.0 -1044.7893
184800.0 -1048.1835
185000.0 -1040.9814
185200.0 -1043.8567
185400.0 -1041.8686
185600.0 -1036.3192
185800.0 -1032.0612
186000.0 -1027.9908
186200.0 -1032.4838
186400.0 -1027.6543
186600.0 -1038.6113
186800.0 -1029.684
187000.0 -1037.3139
187200.0 -1043.414
187400.0 -1029.8654
187600.0 -1037.4607
187800.0 -1043.6463
188000.0 -1038.3104
188200.0 -1049.22
188400.0 -1033.6663
188600.0 -1036.1947
188800.0 -1050.3196
189000.0 -1038.458
189200.0 -1046.9819
189400.0 -1050.6119
189600.0 -1050.8155
189800.0 -1043.9469
190000.0 -1059.632
190200.0 -1053.2708
190400.0 -1052.7524
190600.0 -1041.5476
190800.0 -1030.9174
191000.0 -1038.0857
191200.0 -1032.4003
191400.0 -1040.4325
191600.0 -1038.3098
191800.0 -1031.4456
192000.0 -1032.3421
192200.0 -1029.7768
192400.0 -1031.2169
192600.0 -1018.9603
192800.0 -1037.0044
193000.0 -1029.3351
193200.0 -1016.6285
193400.0 -1025.149
193600.0 -1039.2979
193800.0 -1038.2362
194000.0 -1033.586
194200.0 -1038.9552
194400.0 -1035.2058
194600.0 -1040.287
194800.0 -1044.6034
195000.0 -1056.5567
195200.0 -1053.196
195400.0 -1051.3067
195600.0 -1044.9885
195800.0 -1050.0629
196000.0 -1046.9385
196200.0 -1044.74
196400.0 -1050.8862
196600.0 -1034.5302
196800.0 -1036.8074
197000.0 -1034.7907
197200.0 -1037.9733
197400.0 -1041.6633
197600.0 -1029.5191
197800.0 -1039.067
198000.0 -1043.7486
198200.0 -1037.7274
198400.0 -1038.1804
198600.0 -1040.8273
198800.0 -1031.0913
199000.0 -1035.8376
199200.0 -1028.8517
199400.0 -1024.6695
199600.0 -1051.9965
199800.0 -1040.4072
200000.0 -1034.4786
