0.0 -2094.1707
200.0 169.45279
400.0 -31.196109
600.0 -39.983601
800.0 -210.65084
1000.0 -188.39606
1200.0 -177.59337
1400.0 -133.67385
1600.0 -34.284321
1800.0 17.31176
2000.0 49.076228
2200.0 147.01404
2400.0 168.22371
2600.0 231.65146
2800.0 248.71515
3000.0 395.60157
3200.0 413.55316
3400.0 496.89305
3600.0 540.83677
3800.0 565.13618
4000.0 613.64529
4200.0 772.10078
4400.0 779.10295
4600.0 917.05579
4800.0 922.34186
5000.0 985.66704
5200.0 1046.1767
5400.0 1120.9211
5600.0 1212.6166
5800.0 1220.6138
6000.0 1279.0182
6200.0 1382.0882
6400.0 1367.2372
6600.0 1444.3971
6800.0 1526.5119
7000.0 1524.2545
7200.0 1554.3733
7400.0 1552.7455
7600.0 1585.6481
7800.0 1546.8844
8000.0 1613.746
8200.0 1636.2132
8400.0 1622.5225
8600.0 1582.7642
8800.0 1596.9886
9000.0 1653.2193
9200.0 1532.7559
9400.0 1468.8134
9600.0 1486.0189
9800.0 1528.9911
10000.0 1494.6863
10200.0 1434.4787
10400.0 1394.4937
10600.0 1353.0469
10800.0 1390.7663
11000.0 1366.5774
11200.0 1334.8812
11400.0 1397.4281
11600.0 1331.6674
11800.0 1377.7367
12000.0 1346.297
12200.0 1433.0054
12400.0 1445.0472
12600.0 1421.9065
12800.0 1460.2234
13000.0 1475.33
13200.0 1505.0405
13400.0 1518.1765
13600.0 1481.5775
13800.0 1535.0581
14000.0 1518.2636
14200.0 1548.4572
14400.0 1489.3658
14600.0 1542.1082
14800.0 1575.8696
15000.0 1515.5682
15200.0 1529.5512
15400.0 1492.7378
15600.0 1464.3432
15800.0 1517.9979
16000.0 1513.8349
16200.0 1456.6734
16400.0 1426.6554
16600.0 1464.0646
16800.0 1463.4587
17000.0 1418.6003
17200.0 1373.7227
17400.0 1426.0223
17600.0 1433.7303
17800.0 1432.0257
18000.0 1458.5397
18200.0 1476.0895
18400.0 1473.1735
18600.0 1445.2111
18800.0 1532.2887
19000.0 1450.9258
19200.0 1482.2677
19400.0 1569.4669
19600.0 1535.3218
19800.0 1545.0725
20000.0 1517.6386
20200.0 1485.6195
20400.0 1563.1568
20600.0 1506.1654
20800.0 1540.8401
21000.0 1516.0462
21200.0 1547.8139
21400.0 1505.2885
21600.0 1527.4612
21800.0 1483.6867
22000.0 1400.5882
22200.0 1450.782
22400.0 1466.3361
22600.0 1419.5526
22800.0 1415.7985
23000.0 1434.8843
23200.0 1400.8013
23400.0 1430.3116
23600.0 1418.3041
23800.0 1409.0715
24000.0 1421.0347
24200.0 1425.0227
24400.0 1490.9606
24600.0 1424.6743
24800.0 1470.0276
25000.0 1397.5811
25200.0 1504.0861
25400.0 1498.5151
25600.0 1487.5717
25800.0 1515.6399
26000.0 1516.2301
26200.0 1514.9333
26400.0 1530.4378
26600.0 1492.7059
26800.0 1566.404
27000.0 1531.6083
27200.0 1500.1799
27400.0 1480.2357
27600.0 1520.6733
27800.0 1507.1731
28000.0 1519.0538
28200.0 1461.3391
28400.0 1461.7589
28600.0 1445.3243
28800.0 1428.3065
29000.0 1427.1826
29200.0 1493.6534
29400.0 1461.0521
29600.0 1410.2883
29800.0 1400.9448
30000.0 1483.3368
30200.0 1446.1133
30400.0 1432.1933
30600.0 1514.7394
30800.0 1508.8483
31000.0 1434.1234
31200.0 1529.357
31400.0 1512.4472
31600.0 1480.6854
31800.0 1470.3988
32000.0 1561.594
32200.0 1512.0009
32400.0 1500.6512
32600.0 1536.8522
32800.0 1519.6793
33000.0 1552.9177
33200.0 1509.094
33400.0 1574.4731
33600.0 1474.131
33800.0 1507.5632
34000.0 1488.8902
34200.0 1440.6434
34400.0 1415.9588
34600.0 1457.3578
34800.0 1482.6631
35000.0 1454.7362
35200.0 1437.6436
35400.0 1448.2856
35600.0 1381.6224
35800.0 1435.6509
36000.0 1401.6418
36200.0 1420.2255
36400.0 1467.9801
36600.0 1468.4019
36800.0 1399.7592
37000.0 1399.5665
37200.0 1435.584
37400.0 1450.4101
37600.0 1504.1798
37800.0 1511.7823
38000.0 1470.8775
38200.0 1496.0254
38400.0 1473.3648
38600.0 1447.5
38800.0 1463.6632
39000.0 1503.3748
39200.0 1445.9737
39400.0 1502.3279
39600.0 1482.6644
39800.0 1463.433
40000.0 1477.845
40200.0 1495.2711
40400.0 1520.7341
40600.0 1435.8679
40800.0 1464.0907
41000.0 1505.389
41200.0 1425.8791
41400.0 1483.5256
41600.0 1430.8235
41800.0 1426.6105
42000.0 1495.1099
42200.0 1381.943
42400.0 1469.7906
42600.0 1485.2476
42800.0 1421.3452
43000.0 1495.8784
43200.0 1475.7547
43400.0 1456.9459
43600.0 1418.6247
43800.0 1496.1598
44000.0 1462.689
44200.0 1433.0502
44400.0 1460.8269
44600.0 1480.5125
44800.0 1483.7839
45000.0 1509.6212
45200.0 1460.2473
45400.0 1452.887
45600.0 1459.1069
45800.0 1491.1066
46000.0 1480.6635
46200.0 1491.6434
46400.0 1463.6199
46600.0 1405.6209
46800.0 1486.5951
47000.0 1453.2687
47200.0 1498.0884
47400.0 1440.7661
47600.0 1408.2414
47800.0 1449.0705
48000.0 1473.7169
48200.0 1455.3781
48400.0 1431.465
48600.0 1466.0825
48800.0 1507.336
49000.0 1431.7514
49200.0 1455.2998
49400.0 1487.0972
49600.0 1509.9016
49800.0 1485.3602
50000.0 1540.0635
50200.0 1459.598
50400.0 1493.4679
50600.0 1447.7098
50800.0 1476.9664
51000.0 1511.3704
51200.0 1470.8565
51400.0 1476.9167
51600.0 1460.7305
51800.0 1426.2427
52000.0 1437.7648
52200.0 1427.9266
52400.0 1461.3828
52600.0 1423.9949
52800.0 1427.9437
53000.0 1450.0712
53200.0 1405.8075
53400.0 1434.5047
53600.0 1440.1171
53800.0 1397.8559
54000.0 1399.3225
54200.0 1468.2882
54400.0 1445.4806
54600.0 1465.7244
54800.0 1473.925
55000.0 1475.251
55200.0 1458.3703
55400.0 1408.6565
55600.0 1529.7515
55800.0 1505.0894
56000.0 1505.9091
56200.0 1483.6182
56400.0 1553.5206
56600.0 1504.1999
56800.0 1463.6034
57000.0 1494.8559
57200.0 1464.4318
57400.0 1430.8515
57600.0 1453.0645
57800.0 1474.0299
58000.0 1489.4749
58200.0 1448.1621
58400.0 1396.2217
58600.0 1431.5192
58800.0 1387.958
59000.0 1437.9535
59200.0 1439.4143
59400.0 1425.7214
59600.0 1488.4104
59800.0 1352.1907
60000.0 1483.8363
60200.0 1440.9879
60400.0 1467.8547
60600.0 1402.9198
60800.0 1492.2944
61000.0 1467.5731
61200.0 1463.0338
61400.0 1604.6335
61600.0 1550.7859
61800.0 1464.6412
62000.0 1500.6555
62200.0 1568.1633
62400.0 1518.9413
62600.0 1490.5615
62800.0 1462.2374
63000.0 1514.4467
63200.0 1492.017
63400.0 1443.1704
63600.0 1473.1765
63800.0 1470.9812
64000.0 1406.4067
64200.0 1441.6152
64400.0 1490.4851
64600.0 1407.5342
64800.0 1453.0136
65000.0 1406.1042
65200.0 1361.7115
65400.0 1405.6502
65600.0 1465.6449
65800.0 1425.566
66000.0 1367.5416
66200.0 1461.8873
66400.0 1443.7439
66600.0 1456.8948
66800.0 1509.6561
67000.0 1507.3997
67200.0 1539.879
67400.0 1449.5205
67600.0 1499.0799
67800.0 1508.7401
68000.0 1527.7885
68200.0 1571.3687
68400.0 1559.4523
68600.0 1548.0751
68800.0 1556.9175
69000.0 1544.2993
69200.0 1543.9514
69400.0 1533.269
69600.0 1556.4251
69800.0 1530.1006
70000.0 1525.5148
70200.0 1452.4008
70400.0 1492.1079
70600.0 1494.5651
70800.0 1458.0134
71000.0 1446.6584
71200.0 1473.7361
71400.0 1419.7264
71600.0 1415.9467
71800.0 1393.3503
72000.0 1390.5575
72200.0 1463.1768
72400.0 1456.7596
72600.0 1434.0798
72800.0 1378.0847
73000.0 1416.9339
73200.0 1470.0528
73400.0 1532.35
73600.0 1465.3761
73800.0 1468.1421
74000.0 1485.8414
74200.0 1593.6414
74400.0 1532.1033
74600.0 1517.9749
74800.0 1506.275
75000.0 1491.0827
75200.0 1498.2942
75400.0 1513.5342
75600.0 1455.8937
75800.0 1509.7323
76000.0 1457.3223
76200.0 1468.6455
76400.0 1384.2733
76600.0 1441.3329
76800.0 1466.7869
77000.0 1409.0011
77200.0 1420.3191
77400.0 1430.7498
77600.0 1444.1838
77800.0 1405.7405
78000.0 1436.0454
78200.0 1411.7903
78400.0 1526.3893
78600.0 1404.8519
78800.0 1403.049
79000.0 1541.2247
79200.0 1459.5292
79400.0 1541.3733
79600.0 1517.4254
79800.0 1493.5214
80000.0 1547.8086
80200.0 1589.2599
80400.0 1545.4128
80600.0 1517.4853
80800.0 1571.9822
81000.0 1562.1072
81200.0 1498.2286
81400.0 1555.1607
81600.0 1539.2193
81800.0 1592.0493
82000.0 1500.3158
82200.0 1539.1228
82400.0 1515.7207
82600.0 1537.1923
82800.0 1499.8548
83000.0 1526.5075
83200.0 1544.097
83400.0 1462.4363
83600.0 1408.407
83800.0 1450.8323
84000.0 1477.2585
84200.0 1460.4222
84400.0 1423.2234
84600.0 1414.5546
84800.0 1446.6877
85000.0 1440.2507
85200.0 1421.4183
85400.0 1449.6164
85600.0 1359.1661
85800.0 1356.4481
86000.0 1348.938
86200.0 1369.9259
86400.0 1374.9516
86600.0 1406.3227
86800.0 1332.5048
87000.0 1367.4075
87200.0 1374.6191
87400.0 1403.2113
87600.0 1371.1373
87800.0 1396.639
88000.0 1395.0383
88200.0 1445.0346
88400.0 1557.603
88600.0 1452.742
88800.0 1469.8248
89000.0 1467.8406
89200.0 1545.6497
89400.0 1432.3922
89600.0 1495.7327
89800.0 1473.8694
90000.0 1514.1235
90200.0 1500.8742
90400.0 1457.25
90600.0 1464.2665
90800.0 1497.4982
91000.0 1503.2363
91200.0 1461.4651
91400.0 1446.7288
91600.0 1460.5366
91800.0 1429.3277
92000.0 1428.903
92200.0 1451.7155
92400.0 1419.2626
92600.0 1443.4142
92800.0 1362.5763
93000.0 1389.4312
93200.0 1399.5826
93400.0 1408.7149
93600.0 1410.4182
93800.0 1411.0356
94000.0 1441.8678
94200.0 1475.7957
94400.0 1491.9112
94600.0 1560.0433
94800.0 1526.5341
95000.0 1503.574
95200.0 1587.0784
95400.0 1567.9447
95600.0 1470.6375
95800.0 1502.2896
96000.0 1499.8471
96200.0 1458.5352
96400.0 1490.4975
96600.0 1492.4942
96800.0 1475.0652
97000.0 1440.1367
97200.0 1441.8255
97400.0 1437.9598
97600.0 1428.4394
97800.0 1419.6425
98000.0 1452.6099
98200.0 1441.0207
98400.0 1509.7218
98600.0 1422.9377
98800.0 1494.1697
99000.0 1459.3808
99200.0 1471.3535
99400.0 1496.1354
99600.0 1461.9798
99800.0 1525.5853
100000.0 1503.9544
100200.0 1528.4978
100400.0 1500.57
100600.0 1449.1464
100800.0 1512.6013
101000.0 1484.4625
101200.0 1506.9195
101400.0 1468.2017
101600.0 1542.8145
101800.0 1483.6755
102000.0 1531.7253
102200.0 1515.1799
102400.0 1503.382
102600.0 1492.4013
102800.0 1511.5065
103000.0 1478.3849
103200.0 1470.8437
103400.0 1498.4662
103600.0 1494.7695
103800.0 1493.9254
104000.0 1495.078
104200.0 1512.5763
104400.0 1464.8521
104600.0 1487.0709
104800.0 1499.7246
105000.0 1423.0282
105200.0 1418.7824
105400.0 1423.1076
105600.0 1426.2346
105800.0 1371.0097
106000.0 1425.4491
106200.0 1424.5988
106400.0 1387.3681
106600.0 1425.7722
106800.0 1391.7321
107000.0 1395.7864
107200.0 1483.9626
107400.0 1436.3097
107600.0 1466.6161
107800.0 1490.8828
108000.0 1482.8404
108200.0 1451.8044
108400.0 1480.4731
108600.0 1500.972
108800.0 1483.0028
109000.0 1473.7458
109200.0 1498.1129
109400.0 1490.0026
109600.0 1484.2371
109800.0 1497.5937
110000.0 1512.0579
110200.0 1489.6129
110400.0 1464.3592
110600.0 1484.3955
110800.0 1490.6741
111000.0 1444.27
111200.0 1442.1883
111400.0 1488.2365
111600.0 1486.145
111800.0 1473.4874
112000.0 1483.5134
112200.0 1516.5697
112400.0 1509.6618
112600.0 1516.3402
112800.0 1559.2451
113000.0 1570.8979
113200.0 1574.1945
113400.0 1568.0133
113600.0 1512.3224
113800.0 1524.8443
114000.0 1516.959
114200.0 1549.2719
114400.0 1565.9271
114600.0 1542.7674
114800.0 1498.873
115000.0 1486.6441
115200.0 1485.7694
115400.0 1474.2957
115600.0 1479.3525
115800.0 1460.117
116000.0 1368.8868
116200.0 1413.0146
116400.0 1428.4384
116600.0 1420.3434
116800.0 1458.4785
117000.0 1451.3801
117200.0 1433.9628
117400.0 1492.0694
117600.0 1475.2155
117800.0 1451.2829
118000.0 1426.5789
118200.0 1497.5908
118400.0 1448.8571
118600.0 1467.3138
118800.0 1445.9078
119000.0 1537.8281
119200.0 1548.2608
119400.0 1550.9384
119600.0 1553.4246
119800.0 1585.4
120000.0 1541.4001
120200.0 1582.7578
120400.0 1516.7438
120600.0 1549.9084
120800.0 1545.5105
121000.0 1532.9227
121200.0 1493.678
121400.0 1523.3593
121600.0 1586.1591
121800.0 1498.8691
122000.0 1461.2971
122200.0 1520.6446
122400.0 1458.6802
122600.0 1434.5064
122800.0 1454.5621
123000.0 1499.5756
123200.0 1469.685
123400.0 1505.2243
123600.0 1476.8513
123800.0 1424.2009
124000.0 1399.2922
124200.0 1428.0469
124400.0 1420.8618
124600.0 1389.3877
124800.0 1499.9012
125000.0 1467.1369
125200.0 1444.6826
125400.0 1492.5098
125600.0 1480.3642
125800.0 1479.3137
126000.0 1561.5991
126200.0 1550.1848
126400.0 1479.2406
126600.0 1480.2458
126800.0 1554.5566
127000.0 1576.3363
127200.0 1599.1617
127400.0 1505.1842
127600.0 1579.8397
127800.0 1519.1631
128000.0 1556.657
128200.0 1558.6991
128400.0 1515.9665
128600.0 1482.0448
128800.0 1515.7049
129000.0 1458.3128
129200.0 1437.2975
129400.0 1407.0181
129600.0 1491.575
129800.0 1481.9556
130000.0 1413.4903
130200.0 1448.9546
130400.0 1431.6188
130600.0 1418.9219
130800.0 1473.4172
131000.0 1426.1595
131200.0 1435.3693
131400.0 1446.0779
131600.0 1509.2218
131800.0 1508.8081
132000.0 1458.0038
132200.0 1481.6776
132400.0 1489.9082
132600.0 1512.8079
132800.0 1522.6669
133000.0 1493.5864
133200.0 1463.5872
133400.0 1544.7071
133600.0 1528.3877
133800.0 1483.3142
134000.0 1525.8197
134200.0 1540.0269
134400.0 1505.4012
134600.0 1430.3395
134800.0 1482.1881
135000.0 1494.8531
135200.0 1448.4279
135400.0 1402.0861
135600.0 1409.4834
135800.0 1441.3997
136000.0 1336.5922
136200.0 1422.0618
136400.0 1377.9651
136600.0 1437.6726
136800.0 1424.4037
137000.0 1398.0573
137200.0 1471.3852
137400.0 1469.3358
137600.0 1486.4368
137800.0 1443.648
138000.0 1459.4217
138200.0 1514.4647
138400.0 1446.6128
138600.0 1464.3562
138800.0 1513.767
139000.0 1464.5074
139200.0 1471.623
139400.0 1492.0602
139600.0 1457.6806
139800.0 1457.1577
140000.0 1506.4091
140200.0 1467.0506
140400.0 1401.46
140600.0 1466.7795
140800.0 1442.9867
141000.0 1456.4693
141200.0 1378.7156
141400.0 1431.7272
141600.0 1451.372
141800.0 1422.7482
142000.0 1399.2459
142200.0 1354.3659
142400.0 1389.2129
142600.0 1377.5716
142800.0 1420.6832
143000.0 1334.5692
143200.0 1431.4434
143400.0 1414.9332
143600.0 1447.7529
143800.0 1471.01
144000.0 1464.3126
144200.0 1445.4259
144400.0 1537.5528
144600.0 1456.5393
144800.0 1480.6356
145000.0 1549.423
145200.0 1495.2642
145400.0 1530.7066
145600.0 1492.8413
145800.0 1525.7314
146000.0 1486.023
146200.0 1554.2848
146400.0 1525.6016
146600.0 1550.154
146800.0 1522.0848
147000.0 1558.0052
147200.0 1582.433
147400.0 1533.4599
147600.0 1496.6307
147800.0 1470.9475
148000.0 1479.9119
148200.0 1540.9586
148400.0 1471.4409
148600.0 1509.5908
148800.0 1524.0732
149000.0 1552.6832
149200.0 1417.3361
149400.0 1460.0306
149600.0 1461.0445
149800.0 1436.4702
150000.0 1493.8174
150200.0 1426.0272
150400.0 1485.6419
150600.0 1483.2985
150800.0 1462.9586
151000.0 1487.9043
151200.0 1470.0225
151400.0 1546.1478
151600.0 1534.6882
151800.0 1567.4766
152000.0 1542.9329
152200.0 1575.4614
152400.0 1526.1296
152600.0 1580.8375
152800.0 1503.9542
153000.0 1535.3338
153200.0 1547.8444
153400.0 1532.8586
153600.0 1483.0282
153800.0 1529.5722
154000.0 1514.7481
154200.0 1532.1335
154400.0 1502.1484
154600.0 1461.781
154800.0 1506.0548
155000.0 1429.5625
155200.0 1472.1258
155400.0 1491.4017
155600.0 1441.7174
155800.0 1488.8255
156000.0 1476.9347
156200.0 1473.8977
156400.0 1464.8128
156600.0 1476.056
156800.0 1488.0678
157000.0 1492.4597
157200.0 1482.5867
157400.0 1527.7174
157600.0 1491.5406
157800.0 1463.7358
158000.0 1522.3452
158200.0 1553.5926
158400.0 1629.1205
158600.0 1525.6102
158800.0 1594.9376
159000.0 1579.7506
159200.0 1597.2686
159400.0 1574.8162
159600.0 1572.0885
159800.0 1519.0297
160000.0 1524.5005
160200.0 1523.8962
160400.0 1466.3069
160600.0 1463.766
160800.0 1500.792
161000.0 1509.6738
161200.0 1557.9906
161400.0 1461.2562
161600.0 1517.8487
161800.0 1483.5117
162000.0 1448.2389
162200.0 1493.7141
162400.0 1512.3165
162600.0 1521.0153
162800.0 1473.5115
163000.0 1399.5951
163200.0 1466.6294
163400.0 1458.7695
163600.0 1499.1614
163800.0 1462.0662
164000.0 1446.8113
164200.0 1458.544
164400.0 1458.6628
164600.0 1440.5783
164800.0 1434.6134
165000.0 1401.717
165200.0 1410.9644
165400.0 1443.6215
165600.0 1398.9903
165800.0 1489.8816
166000.0 1410.9991
166200.0 1439.8041
166400.0 1486.9013
166600.0 1502.3242
166800.0 1453.4388
167000.0 1454.2991
167200.0 1491.8432
167400.0 1489.75
167600.0 1531.5872
167800.0 1514.9749
168000.0 1528.7291
168200.0 1509.2717
168400.0 1530.0359
168600.0 1472.9773
168800.0 1538.8238
169000.0 1531.7361
169200.0 1490.1822
169400.0 1448.835
169600.0 1452.5721
169800.0 1448.1229
170000.0 1405.3267
170200.0 1419.9511
170400.0 1442.3344
170600.0 1356.4214
170800.0 1421.4168
171000.0 1467.5407
171200.0 1423.0135
171400.0 1439.5794
171600.0 1380.6826
171800.0 1391.9427
172000.0 1437.2888
172200.0 1430.2269
172400.0 1474.5878
172600.0 1431.4033
172800.0 1470.6908
173000.0 1477.0604
173200.0 1410.6176
173400.0 1467.7751
173600.0 1509.8517
173800.0 1474.1505
174000.0 1505.7519
174200.0 1469.3694
174400.0 1531.1403
174600.0 1496.1529
174800.0 1445.1471
175000.0 1531.2272
175200.0 1529.6168
175400.0 1484.4565
175600.0 1504.1385
175800.0 1413.3102
176000.0 1477.341
176200.0 1442.0611
176400.0 1375.1031
176600.0 1466.5272
176800.0 1417.7462
177000.0 1413.4637
177200.0 1369.0661
177400.0 1490.5898
177600.0 1370.4023
177800.0 1445.7911
178000.0 1400.5964
178200.0 1487.7432
178400.0 1516.2581
178600.0 1480.8989
178800.0 1461.8446
179000.0 1489.7766
179200.0 1456.5393
179400.0 1503.428
179600.0 1496.631
179800.0 1506.5499
180000.0 1510.1881
180200.0 1485.0996
180400.0 1499.7037
180600.0 1518.6504
180800.0 1501.1328
181000.0 1485.2932
181200.0 1508.3489
181400.0 1492.479
181600.0 1499.2588
181800.0 1488.9037
182000.0 1508.4735
182200.0 1454.5278
182400.0 1505.8481
182600.0 1488.7308
182800.0 1492.9733
183000.0 1521.1499
183200.0 1482.7767
183400.0 1487.0934
183600.0 1529.4763
183800.0 1528.4375
184000.0 1509.6643
184200.0 1561.1014
184400.0 1516.4821
184600.0 1528.5913
184800.0 1499.9217
185000.0 1468.1736
185200.0 1568.2517
185400.0 1482.7246
185600.0 1434.8241
185800.0 1446.3448
186000.0 1483.7358
186200.0 1406.1275
186400.0 1479.3433
186600.0 1408.6784
186800.0 1409.3582
187000.0 1410.778
187200.0 1455.6214
187400.0 1351.239
187600.0 1451.5413
187800.0 1417.8974
188000.0 1475.6973
188200.0 1453.1805
188400.0 1484.0452
188600.0 1497.3286
188800.0 1531.8747
189000.0 1520.2024
189200.0 1495.1466
189400.0 1543.5687
189600.0 1528.162
189800.0 1450.6074
190000.0 1532.6658
190200.0 1535.8231
190400.0 1534.4996
190600.0 1499.2587
190800.0 1494.3256
191000.0 1478.5637
191200.0 1536.5217
191400.0 1555.8556
191600.0 1458.4987
191800.0 1496.9391
192000.0 1448.0403
192200.0 1473.0602
192400.0 1503.965
192600.0 1470.8966
192800.0 1455.9167
193000.0 1431.5903
193200.0 1487.7553
193400.0 1487.383
193600.0 1481.0234
193800.0 1529.9049
194000.0 1481.1687
194200.0 1542.5591
194400.0 1580.712
194600.0 1560.6551
194800.0 1571.9755
195000.0 1541.6161
195200.0 1560.1363
195400.0 1543.6267
195600.0 1506.2412
195800.0 1518.0985
196000.0 1525.1641
196200.0 1522.3381
196400.0 1486.4891
196600.0 1496.0241
196800.0 1449.7561
197000.0 1497.9928
197200.0 1444.5318
197400.0 1508.5757
197600.0 1468.4057
197800.0 1484.4154
198000.0 1517.8104
198200.0 1441.8842
198400.0 1508.5588
198600.0 1490.8727
198800.0 1472.8453
199000.0 1472.342
199200.0 1493.7713
199400.0 1563.9226
199600.0 1493.7271
199800.0 1546.8924
200000.0 1629.9443
