0.0 -2094.6042
200.0 370.99934
400.0 767.13558
600.0 1598.2088
800.0 2221.9538
1000.0 2100.1319
1200.0 1780.1936
1400.0 1713.0088
1600.0 1792.5004
1800.0 1643.8805
2000.0 1722.9063
2200.0 1696.0301
2400.0 1618.8591
2600.0 1584.5525
2800.0 1599.2634
3000.0 1573.009
3200.0 1562.5862
3400.0 1634.7112
3600.0 1425.7402
3800.0 1309.7312
4000.0 1398.0678
4200.0 1242.492
4400.0 1422.7305
4600.0 1561.0785
4800.0 1483.1272
5000.0 1346.6072
5200.0 1466.919
5400.0 1345.8297
5600.0 1419.8605
5800.0 1348.9475
6000.0 1295.6428
6200.0 1364.217
6400.0 1445.9871
6600.0 1505.7224
6800.0 1472.3846
7000.0 1557.9093
7200.0 1513.3478
7400.0 1493.8504
7600.0 1444.289
7800.0 1299.7565
8000.0 1468.559
8200.0 1330.9456
8400.0 1611.2991
8600.0 1663.2128
8800.0 1587.7494
9000.0 1468.3917
9200.0 1526.7891
9400.0 1517.2226
9600.0 1334.2903
9800.0 1432.9024
10000.0 1540.3591
10200.0 1705.7278
10400.0 1493.1927
10600.0 1434.0909
10800.0 1478.7177
11000.0 1639.4567
11200.0 1487.3768
11400.0 1519.2792
11600.0 1677.6154
11800.0 1502.5609
12000.0 1427.8779
12200.0 1437.888
12400.0 1518.1993
12600.0 1612.1024
12800.0 1535.6332
13000.0 1543.423
13200.0 1365.3223
13400.0 1429.5219
13600.0 1310.0278
13800.0 1354.2211
14000.0 1529.1652
14200.0 1604.7281
14400.0 1489.8226
14600.0 1482.8637
14800.0 1510.7758
15000.0 1418.986
15200.0 1419.6051
15400.0 1346.6745
15600.0 1436.2299
15800.0 1447.1
16000.0 1483.9152
16200.0 1387.9735
16400.0 1371.5635
16600.0 1540.9605
16800.0 1541.3452
17000.0 1562.0672
17200.0 1487.3621
17400.0 1541.7203
17600.0 1599.1579
17800.0 1538.7767
18000.0 1329.4504
18200.0 1343.3827
18400.0 1361.1072
18600.0 1315.4273
18800.0 1382.4887
19000.0 1547.5376
19200.0 1495.8817
19400.0 1361.1654
19600.0 1314.2019
19800.0 1459.8941
20000.0 1460.0489
20200.0 1504.3206
20400.0 1415.5525
20600.0 1431.4975
20800.0 1509.1648
21000.0 1480.7909
21200.0 1495.8649
21400.0 1329.1365
21600.0 1304.2985
21800.0 1390.9079
22000.0 1419.2885
22200.0 1387.0575
22400.0 1518.1047
22600.0 1556.7294
22800.0 1492.1825
23000.0 1487.8644
23200.0 1503.2748
23400.0 1382.9798
23600.0 1566.7667
23800.0 1478.2926
24000.0 1575.39
24200.0 1518.0748
24400.0 1432.0575
24600.0 1351.5149
24800.0 1348.7624
25000.0 1668.4773
25200.0 1571.4778
25400.0 1587.0067
25600.0 1507.0905
25800.0 1456.3429
26000.0 1613.2859
26200.0 1455.9363
26400.0 1492.3251
26600.0 1674.1768
26800.0 1619.5202
27000.0 1292.6553
27200.0 1372.4048
27400.0 1313.5987
27600.0 1339.2137
27800.0 1491.6268
28000.0 1510.2455
28200.0 1567.956
28400.0 1640.6941
28600.0 1587.6079
28800.0 1719.0887
29000.0 1796.095
29200.0 1396.886
29400.0 1455.9214
29600.0 1465.3414
29800.0 1380.0682
30000.0 1506.7344
30200.0 1372.8643
30400.0 1401.4884
30600.0 1527.9261
30800.0 1649.1998
31000.0 1577.6187
31200.0 1496.4018
31400.0 1353.5461
31600.0 1420.0021
31800.0 1303.661
32000.0 1390.7941
32200.0 1382.0319
32400.0 1223.9853
32600.0 1379.8338
32800.0 1438.136
33000.0 1541.032
33200.0 1559.1596
33400.0 1532.0682
33600.0 1598.1924
33800.0 1488.9543
34000.0 1443.6473
34200.0 1336.9231
34400.0 1279.5062
34600.0 1390.9392
34800.0 1518.867
35000.0 1578.9696
35200.0 1409.0597
35400.0 1493.7578
35600.0 1462.1652
35800.0 1456.0171
36000.0 1607.5505
36200.0 1588.0037
36400.0 1372.4714
36600.0 1399.2404
36800.0 1444.2309
37000.0 1595.4335
37200.0 1579.3155
37400.0 1445.5545
37600.0 1411.7582
37800.0 1433.4512
38000.0 1425.1732
38200.0 1604.7838
38400.0 1511.8074
38600.0 1364.2474
38800.0 1383.3617
39000.0 1397.5585
39200.0 1485.7105
39400.0 1439.674
39600.0 1426.8022
39800.0 1440.5094
40000.0 1285.0582
40200.0 1294.8801
40400.0 1497.8843
40600.0 1523.5942
40800.0 1589.2664
41000.0 1540.72
41200.0 1366.3406
41400.0 1238.3271
41600.0 1346.7307
41800.0 1470.9067
42000.0 1493.5125
42200.0 1698.6445
42400.0 1526.6144
42600.0 1521.3522
42800.0 1752.642
43000.0 1601.8796
43200.0 1514.38
43400.0 1509.9622
43600.0 1482.997
43800.0 1442.1887
44000.0 1476.8755
44200.0 1480.0494
44400.0 1446.6803
44600.0 1359.8276
44800.0 1480.6474
45000.0 1609.4844
45200.0 1543.9231
45400.0 1394.1369
45600.0 1235.2843
45800.0 1393.8798
46000.0 1420.4829
46200.0 1450.845
46400.0 1543.2711
46600.0 1606.4373
46800.0 1575.898
47000.0 1617.1027
47200.0 1546.1266
47400.0 1697.9657
47600.0 1604.894
47800.0 1496.8169
48000.0 1519.7219
48200.0 1525.9797
48400.0 1396.3811
48600.0 1393.3216
48800.0 1453.7648
49000.0 1438.2559
49200.0 1436.0561
49400.0 1322.0367
49600.0 1429.3832
49800.0 1453.4695
50000.0 1476.2009
50200.0 1471.9036
50400.0 1481.7657
50600.0 1536.9895
50800.0 1658.2045
51000.0 1398.4081
51200.0 1503.2586
51400.0 1548.9459
51600.0 1529.1094
51800.0 1517.9741
52000.0 1527.8969
52200.0 1443.5493
52400.0 1313.6959
52600.0 1479.5283
52800.0 1487.9791
53000.0 1353.6912
53200.0 1420.1026
53400.0 1597.0041
53600.0 1487.9514
53800.0 1468.544
54000.0 1528.0899
54200.0 1449.1103
54400.0 1399.1822
54600.0 1455.6879
54800.0 1452.3134
55000.0 1531.0757
55200.0 1362.3098
55400.0 1480.4719
55600.0 1560.7072
55800.0 1439.839
56000.0 1551.155
56200.0 1669.8911
56400.0 1554.6586
56600.0 1335.5611
56800.0 1330.885
57000.0 1487.0859
57200.0 1435.1105
57400.0 1461.5152
57600.0 1602.1642
57800.0 1420.1423
58000.0 1500.1982
58200.0 1514.6956
58400.0 1448.5604
58600.0 1507.5442
58800.0 1644.7281
59000.0 1597.0502
59200.0 1334.1458
59400.0 1362.564
59600.0 1353.3891
59800.0 1437.4786
60000.0 1509.2479
60200.0 1498.8408
60400.0 1435.716
60600.0 1487.6374
60800.0 1434.6321
61000.0 1508.8569
61200.0 1503.6752
61400.0 1308.5205
61600.0 1433.8205
61800.0 1545.3837
62000.0 1588.2037
62200.0 1440.3475
62400.0 1443.6918
62600.0 1363.4112
62800.0 1374.6007
63000.0 1589.3728
63200.0 1404.1425
63400.0 1318.2407
63600.0 1307.5212
63800.0 1454.2009
64000.0 1470.0634
64200.0 1366.2171
64400.0 1516.0858
64600.0 1701.5739
64800.0 1597.6926
65000.0 1339.3991
65200.0 1150.1635
65400.0 1320.3342
65600.0 1511.4989
65800.0 1484.4858
66000.0 1409.2751
66200.0 1598.4582
66400.0 1438.9472
66600.0 1379.0189
66800.0 1463.7442
67000.0 1317.0967
67200.0 1452.6845
67400.0 1639.4272
67600.0 1742.1076
67800.0 1597.2454
68000.0 1439.8785
68200.0 1376.9236
68400.0 1438.3758
68600.0 1371.9195
68800.0 1518.8817
69000.0 1486.9759
69200.0 1486.039
69400.0 1372.0032
69600.0 1396.07
69800.0 1674.0636
70000.0 1666.0153
70200.0 1314.4782
70400.0 1443.1723
70600.0 1482.6279
70800.0 1485.4505
71000.0 1399.8773
71200.0 1337.8213
71400.0 1434.0478
71600.0 1473.7881
71800.0 1499.1468
72000.0 1499.5428
72200.0 1521.8015
72400.0 1525.0262
72600.0 1503.1191
72800.0 1462.9732
73000.0 1409.9604
73200.0 1635.7898
73400.0 1551.0734
73600.0 1482.356
73800.0 1722.1033
74000.0 1537.9922
74200.0 1542.8388
74400.0 1595.359
74600.0 1532.8107
74800.0 1562.284
75000.0 1637.6217
75200.0 1559.6011
75400.0 1360.5996
75600.0 1213.3334
75800.0 1276.9699
76000.0 1220.4145
76200.0 1231.0368
76400.0 1495.4618
76600.0 1682.842
76800.0 1442.3892
77000.0 1414.8595
77200.0 1414.5592
77400.0 1405.0699
77600.0 1514.0193
77800.0 1366.8063
78000.0 1458.1592
78200.0 1492.7055
78400.0 1489.7712
78600.0 1576.6458
78800.0 1673.4264
79000.0 1507.9917
79200.0 1413.1329
79400.0 1457.6641
79600.0 1356.4332
79800.0 1420.4886
80000.0 1430.3799
80200.0 1404.663
80400.0 1313.4697
80600.0 1548.8818
80800.0 1425.6997
81000.0 1500.2299
81200.0 1429.0814
81400.0 1400.9042
81600.0 1532.2098
81800.0 1492.4356
82000.0 1481.7245
82200.0 1462.7267
82400.0 1322.9375
82600.0 1207.7634
82800.0 1568.9398
83000.0 1512.6128
83200.0 1584.1801
83400.0 1663.332
83600.0 1493.1115
83800.0 1453.7062
84000.0 1599.767
84200.0 1577.09
84400.0 1385.0734
84600.0 1413.6822
84800.0 1377.8972
85000.0 1383.3362
85200.0 1605.875
85400.0 1682.3558
85600.0 1471.9388
85800.0 1472.8095
86000.0 1414.3789
86200.0 1547.2967
86400.0 1555.879
86600.0 1592.9449
86800.0 1613.0717
87000.0 1330.8961
87200.0 1392.6666
87400.0 1294.7498
87600.0 1350.3345
87800.0 1503.6891
88000.0 1260.1771
88200.0 1428.0774
88400.0 1467.8928
88600.0 1526.0896
88800.0 1613.3861
89000.0 1479.2526
89200.0 1429.9425
89400.0 1384.044
89600.0 1374.73
89800.0 1511.4358
90000.0 1423.3186
90200.0 1356.1574
90400.0 1525.311
90600.0 1598.7306
90800.0 1503.2749
91000.0 1356.3339
91200.0 1502.9284
91400.0 1352.5794
91600.0 1301.3934
91800.0 1470.9376
92000.0 1351.6913
92200.0 1264.2353
92400.0 1517.404
92600.0 1564.3276
92800.0 1551.5738
93000.0 1669.4972
93200.0 1427.941
93400.0 1502.2791
93600.0 1580.401
93800.0 1492.0974
94000.0 1361.5143
94200.0 1422.2846
94400.0 1360.4452
94600.0 1499.0391
94800.0 1459.5435
95000.0 1474.0513
95200.0 1471.8165
95400.0 1523.5662
95600.0 1451.517
95800.0 1383.8172
96000.0 1396.4491
96200.0 1464.3749
96400.0 1477.224
96600.0 1495.7428
96800.0 1422.1492
97000.0 1380.5199
97200.0 1345.9575
97400.0 1551.1985
97600.0 1537.0371
97800.0 1336.5676
98000.0 1427.5867
98200.0 1528.4136
98400.0 1510.0833
98600.0 1344.3452
98800.0 1374.1443
99000.0 1568.2546
99200.0 1385.3067
99400.0 1212.8731
99600.0 1493.5107
99800.0 1396.8171
100000.0 1411.4329
100200.0 1543.812
100400.0 1522.1166
100600.0 1568.8704
100800.0 1398.4482
101000.0 1343.6835
101200.0 1498.3874
101400.0 1534.1416
101600.0 1408.658
101800.0 1486.4447
102000.0 1590.913
102200.0 1410.936
102400.0 1478.7645
102600.0 1279.8878
102800.0 1397.1087
103000.0 1384.5116
103200.0 1460.2748
103400.0 1588.9275
103600.0 1523.3487
103800.0 1495.4718
104000.0 1412.3815
104200.0 1437.4399
104400.0 1581.2023
104600.0 1563.215
104800.0 1480.7107
105000.0 1270.986
105200.0 1473.2621
105400.0 1461.7884
105600.0 1407.5828
105800.0 1520.6912
106000.0 1505.6696
106200.0 1345.7577
106400.0 1361.5176
106600.0 1537.2949
106800.0 1571.865
107000.0 1434.3028
107200.0 1384.2667
107400.0 1420.9017
107600.0 1405.2467
107800.0 1428.912
108000.0 1625.1606
108200.0 1565.7649
108400.0 1356.2488
108600.0 1460.2016
108800.0 1438.8207
109000.0 1488.896
109200.0 1572.6621
109400.0 1412.4197
109600.0 1540.7606
109800.0 1599.9349
110000.0 1177.9979
110200.0 1294.4801
110400.0 1358.9321
110600.0 1417.2865
110800.0 1594.4326
111000.0 1578.6469
111200.0 1517.4894
111400.0 1453.2911
111600.0 1468.1413
111800.0 1764.3311
112000.0 1520.1522
112200.0 1510.7705
112400.0 1460.962
112600.0 1518.9186
112800.0 1462.2375
113000.0 1290.1085
113200.0 1268.324
113400.0 1403.1459
113600.0 1381.86
113800.0 1340.7904
114000.0 1561.3141
114200.0 1455.3385
114400.0 1316.1728
114600.0 1518.605
114800.0 1422.3534
115000.0 1641.5939
115200.0 1501.1414
115400.0 1292.8649
115600.0 1510.3431
115800.0 1572.4969
116000.0 1582.783
116200.0 1488.5723
116400.0 1410.2496
116600.0 1219.2459
116800.0 1320.2533
117000.0 1505.4829
117200.0 1522.7738
117400.0 1578.3903
117600.0 1566.7454
117800.0 1540.8014
118000.0 1272.8466
118200.0 1362.3277
118400.0 1367.0357
118600.0 1396.7589
118800.0 1456.2192
119000.0 1415.5655
119200.0 1483.8593
119400.0 1474.8899
119600.0 1347.6736
119800.0 1495.8192
120000.0 1519.9624
120200.0 1503.4275
120400.0 1361.1356
120600.0 1378.8151
120800.0 1436.6746
121000.0 1365.1463
121200.0 1310.4311
121400.0 1379.6083
121600.0 1269.1276
121800.0 1431.7649
122000.0 1455.6402
122200.0 1572.6665
122400.0 1481.1383
122600.0 1467.0734
122800.0 1474.1045
123000.0 1513.2184
123200.0 1681.7117
123400.0 1390.6251
123600.0 1326.6569
123800.0 1383.0457
124000.0 1278.322
124200.0 1351.9641
124400.0 1488.9189
124600.0 1557.7581
124800.0 1403.3493
125000.0 1453.4338
125200.0 1561.3683
125400.0 1357.0939
125600.0 1320.7136
125800.0 1469.7929
126000.0 1543.6753
126200.0 1388.2153
126400.0 1372.4921
126600.0 1492.1842
126800.0 1369.1975
127000.0 1562.4616
127200.0 1607.1538
127400.0 1275.3764
127600.0 1379.231
127800.0 1314.6356
128000.0 1583.2732
128200.0 1564.4588
128400.0 1392.0598
128600.0 1325.0774
128800.0 1381.3224
129000.0 1398.0092
129200.0 1540.0102
129400.0 1307.0803
129600.0 1344.859
129800.0 1262.6359
130000.0 1326.4297
130200.0 1419.0086
130400.0 1403.9109
130600.0 1281.8197
130800.0 1536.5971
131000.0 1501.6119
131200.0 1427.9015
131400.0 1524.1499
131600.0 1469.9076
131800.0 1305.0568
132000.0 1434.0059
132200.0 1473.9203
132400.0 1408.4299
132600.0 1523.35
132800.0 1535.4203
133000.0 1397.1621
133200.0 1358.0039
133400.0 1384.9443
133600.0 1392.8944
133800.0 1366.8996
134000.0 1478.5983
134200.0 1305.85
134400.0 1272.5112
134600.0 1361.7371
134800.0 1674.1924
135000.0 1540.19
135200.0 1570.0547
135400.0 1531.6474
135600.0 1348.8048
135800.0 1282.4236
136000.0 1374.9182
136200.0 1356.6053
136400.0 1375.1017
136600.0 1419.8555
136800.0 1401.0914
137000.0 1442.3429
137200.0 1526.6785
137400.0 1480.8032
137600.0 1522.3974
137800.0 1518.0736
138000.0 1482.2275
138200.0 1524.099
138400.0 1398.5693
138600.0 1660.8327
138800.0 1561.9851
139000.0 1546.11
139200.0 1615.8635
139400.0 1534.6662
139600.0 1569.1962
139800.0 1521.3349
140000.0 1476.1238
140200.0 1379.1184
140400.0 1338.1325
140600.0 1383.3125
140800.0 1551.4541
141000.0 1680.0272
141200.0 1657.0882
141400.0 1715.5895
141600.0 1627.2628
141800.0 1391.8912
142000.0 1253.8876
142200.0 1278.0768
142400.0 1468.5342
142600.0 1543.8353
142800.0 1466.3707
143000.0 1564.2872
143200.0 1578.6308
143400.0 1519.9259
143600.0 1538.401
143800.0 1389.1015
144000.0 1276.3792
144200.0 1307.4406
144400.0 1439.5178
144600.0 1418.4871
144800.0 1522.7495
145000.0 1551.8495
145200.0 1511.7697
145400.0 1592.8166
145600.0 1775.6471
145800.0 1574.2993
146000.0 1512.3883
146200.0 1361.3262
146400.0 1486.8193
146600.0 1411.8526
146800.0 1553.2967
147000.0 1486.2458
147200.0 1455.932
147400.0 1459.6405
147600.0 1407.0966
147800.0 1274.5294
148000.0 1459.2705
148200.0 1497.1953
148400.0 1361.7544
148600.0 1493.1678
148800.0 1480.0215
149000.0 1556.8627
149200.0 1387.1791
149400.0 1712.1602
149600.0 1677.462
149800.0 1505.6403
150000.0 1418.1497
150200.0 1362.3265
150400.0 1460.2094
150600.0 1545.025
150800.0 1387.7338
151000.0 1307.8193
151200.0 1357.0397
151400.0 1541.9593
151600.0 1466.1774
151800.0 1390.9699
152000.0 1432.1928
152200.0 1579.802
152400.0 1545.9795
152600.0 1658.9824
152800.0 1521.472
153000.0 1468.4259
153200.0 1567.7766
153400.0 1379.0062
153600.0 1505.7467
153800.0 1597.1434
154000.0 1628.3096
154200.0 1618.8433
154400.0 1527.3067
154600.0 1515.0248
154800.0 1379.4241
155000.0 1384.1082
155200.0 1437.762
155400.0 1503.6341
155600.0 1607.6589
155800.0 1561.0997
156000.0 1631.9734
156200.0 1568.2185
156400.0 1497.9603
156600.0 1599.7471
156800.0 1613.3475
157000.0 1644.6708
157200.0 1595.7097
157400.0 1444.6944
157600.0 1353.8033
157800.0 1422.1637
158000.0 1505.401
158200.0 1445.2268
158400.0 1437.2378
158600.0 1413.8062
158800.0 1376.9698
159000.0 1468.9145
159200.0 1470.844
159400.0 1630.1311
159600.0 1527.4221
159800.0 1448.7182
160000.0 1564.7981
160200.0 1701.4627
160400.0 1480.9238
160600.0 1404.3491
160800.0 1400.6767
161000.0 1323.7568
161200.0 1387.4875
161400.0 1582.5043
161600.0 1487.4699
161800.0 1435.1494
162000.0 1394.5249
162200.0 1424.7008
162400.0 1548.1148
162600.0 1560.9877
162800.0 1534.0341
163000.0 1688.3816
163200.0 1494.8707
163400.0 1475.9824
163600.0 1362.1603
163800.0 1377.0676
164000.0 1463.5329
164200.0 1535.6152
164400.0 1531.8958
164600.0 1439.0226
164800.0 1423.6543
165000.0 1387.906
165200.0 1553.6827
165400.0 1411.5179
165600.0 1327.6767
165800.0 1546.7928
166000.0 1536.2055
166200.0 1323.1225
166400.0 1409.5832
166600.0 1542.1649
166800.0 1319.9202
167000.0 1468.9044
167200.0 1404.7326
167400.0 1474.7945
167600.0 1693.8012
167800.0 1733.9222
168000.0 1714.9832
168200.0 1502.5121
168400.0 1453.1128
168600.0 1450.8767
168800.0 1489.0626
169000.0 1498.3245
169200.0 1514.7309
169400.0 1520.9431
169600.0 1619.6313
169800.0 1577.9397
170000.0 1646.9137
170200.0 1543.2239
170400.0 1434.5126
170600.0 1419.1172
170800.0 1345.2993
171000.0 1281.6887
171200.0 1425.2621
171400.0 1568.1129
171600.0 1680.9522
171800.0 1537.5475
172000.0 1536.3169
172200.0 1550.7705
172400.0 1421.9881
172600.0 1391.2417
172800.0 1393.6047
173000.0 1470.5163
173200.0 1672.8405
173400.0 1672.7674
173600.0 1579.9825
173800.0 1491.8457
174000.0 1386.462
174200.0 1393.3892
174400.0 1363.0039
174600.0 1476.611
174800.0 1458.1883
175000.0 1594.8981
175200.0 1761.884
175400.0 1721.6044
175600.0 1488.843
175800.0 1686.2956
176000.0 1721.9382
176200.0 1645.8153
176400.0 1455.3881
176600.0 1449.728
176800.0 1601.2663
177000.0 1484.9743
177200.0 1485.3376
177400.0 1539.3312
177600.0 1516.0225
177800.0 1484.6215
178000.0 1438.1036
178200.0 1494.9908
178400.0 1536.762
178600.0 1571.5364
178800.0 1513.3075
179000.0 1525.4983
179200.0 1627.8123
179400.0 1521.1845
179600.0 1569.1966
179800.0 1626.4066
180000.0 1622.7168
180200.0 1497.4783
180400.0 1519.3818
180600.0 1572.2597
180800.0 1642.5441
181000.0 1673.8734
181200.0 1578.1555
181400.0 1320.684
181600.0 1352.933
181800.0 1550.0199
182000.0 1583.1981
182200.0 1546.3222
182400.0 1685.0869
182600.0 1407.9285
182800.0 1386.8474
183000.0 1443.8729
183200.0 1467.9431
183400.0 1436.0021
183600.0 1354.7432
183800.0 1436.7947
184000.0 1451.2717
184200.0 1434.3921
184400.0 1474.3209
184600.0 1469.6447
184800.0 1435.8349
185000.0 1394.3453
185200.0 1370.3939
185400.0 1325.0069
185600.0 1465.5986
185800.0 1510.055
186000.0 1617.92
186200.0 1550.9245
186400.0 1524.1347
186600.0 1611.2897
186800.0 1629.3633
187000.0 1654.0434
187200.0 1629.8523
187400.0 1444.9682
187600.0 1449.1183
187800.0 1304.2723
188000.0 1258.4502
188200.0 1458.6688
188400.0 1595.2059
188600.0 1496.6217
188800.0 1452.2267
189000.0 1539.8263
189200.0 1574.7771
189400.0 1525.9783
189600.0 1626.987
189800.0 1810.5291
190000.0 1644.3043
190200.0 1540.1491
190400.0 1554.7514
190600.0 1561.4685
190800.0 1493.1155
191000.0 1453.228
191200.0 1404.9554
191400.0 1572.2347
191600.0 1490.5476
191800.0 1560.0644
192000.0 1587.3821
192200.0 1596.0641
192400.0 1613.2396
192600.0 1588.949
192800.0 1408.9036
193000.0 1357.615
193200.0 1363.6485
193400.0 1465.1936
193600.0 1431.0074
193800.0 1407.524
194000.0 1384.7629
194200.0 1421.2315
194400.0 1495.7905
194600.0 1591.8213
194800.0 1547.7947
195000.0 1606.0187
195200.0 1549.9758
195400.0 1506.7551
195600.0 1406.1238
195800.0 1428.2557
196000.0 1429.298
196200.0 1445.2919
196400.0 1671.9924
196600.0 1657.6667
196800.0 1563.211
197000.0 1479.6741
197200.0 1445.6022
197400.0 1494.1042
197600.0 1608.2354
197800.0 1479.4651
198000.0 1409.7734
198200.0 1414.9783
198400.0 1434.4374
198600.0 1585.0338
198800.0 1631.4417
199000.0 1372.8945
199200.0 1523.8162
199400.0 1489.1756
199600.0 1584.3092
199800.0 1555.5201
200000.0 1531.7123
