0.0 -2094.1204
1000.0 1878.535
2000.0 1577.199
3000.0 1573.1088
4000.0 1428.4795
5000.0 1480.042
6000.0 1474.5865
7000.0 1483.68
8000.0 1544.9602
9000.0 1554.7215
10000.0 1402.1624
11000.0 1479.0779
12000.0 1388.3004
13000.0 1454.3868
14000.0 1518.021
15000.0 1432.3114
16000.0 1443.3353
17000.0 1516.5995
18000.0 1470.7125
19000.0 1497.3756
20000.0 1439.912
21000.0 1520.9341
22000.0 1516.8184
23000.0 1499.4427
24000.0 1442.0531
25000.0 1428.702
26000.0 1469.2995
27000.0 1453.7083
28000.0 1399.0604
29000.0 1466.7415
30000.0 1458.1741
31000.0 1494.2317
32000.0 1490.7382
33000.0 1416.8696
34000.0 1469.7884
35000.0 1480.4718
36000.0 1470.3855
37000.0 1482.5865
38000.0 1479.4488
39000.0 1463.3539
40000.0 1461.2506
41000.0 1533.1833
42000.0 1513.0009
43000.0 1448.4546
44000.0 1508.2586
45000.0 1526.4866
46000.0 1497.0086
47000.0 1497.6138
48000.0 1496.0929
49000.0 1483.5015
50000.0 1649.149
51000.0 1534.2435
52000.0 1540.0765
53000.0 1476.9743
54000.0 1462.9074
55000.0 1534.0534
56000.0 1520.7642
57000.0 1420.6205
58000.0 1545.3277
59000.0 1487.7239
60000.0 1520.5728
61000.0 1472.7374
62000.0 1498.4093
63000.0 1497.5155
64000.0 1497.5672
65000.0 1494.8025
66000.0 1461.6225
67000.0 1496.0424
68000.0 1478.1674
69000.0 1463.192
70000.0 1500.8093
71000.0 1550.5181
72000.0 1585.0944
73000.0 1448.3642
74000.0 1478.2465
75000.0 1410.7439
76000.0 1518.7684
77000.0 1492.9051
78000.0 1507.6579
79000.0 1522.9683
80000.0 1470.8391
81000.0 1489.295
82000.0 1458.0835
83000.0 1483.803
84000.0 1498.1324
85000.0 1432.5608
86000.0 1489.6383
87000.0 1541.5624
88000.0 1429.7719
89000.0 1566.8465
90000.0 1443.1906
91000.0 1513.9966
92000.0 1472.3136
93000.0 1535.5643
94000.0 1409.2175
95000.0 1540.9181
96000.0 1478.1906
97000.0 1515.5551
98000.0 1512.5793
99000.0 1539.571
100000.0 1497.8935
101000.0 1493.1941
102000.0 1564.6661
103000.0 1503.5677
104000.0 1455.828
105000.0 1515.5727
106000.0 1523.7935
107000.0 1477.5271
108000.0 1513.7369
109000.0 1555.5587
110000.0 1473.8374
111000.0 1476.5948
112000.0 1514.5911
113000.0 1464.6378
114000.0 1467.8454
115000.0 1418.0145
116000.0 1461.2141
117000.0 1421.262
118000.0 1504.4099
119000.0 1481.9034
120000.0 1400.8989
121000.0 1484.6664
122000.0 1447.9199
123000.0 1468.6137
124000.0 1504.1412
125000.0 1451.1443
126000.0 1491.3283
127000.0 1451.5552
128000.0 1412.6476
129000.0 1572.8032
130000.0 1485.5476
131000.0 1474.0666
132000.0 1427.581
133000.0 1559.6365
134000.0 1547.8315
135000.0 1467.9544
136000.0 1528.5892
137000.0 1474.9582
138000.0 1437.4012
139000.0 1469.2938
140000.0 1502.6678
141000.0 1447.0444
142000.0 1446.2417
143000.0 1425.2919
144000.0 1496.4915
145000.0 1523.0862
146000.0 1446.9183
147000.0 1468.6534
148000.0 1482.2531
149000.0 1449.701
150000.0 1423.6162
151000.0 1504.7916
152000.0 1513.4055
153000.0 1495.4056
154000.0 1463.9568
155000.0 1504.3022
156000.0 1450.0516
157000.0 1446.7832
158000.0 1512.4575
159000.0 1452.1843
160000.0 1456.723
161000.0 1536.06
162000.0 1490.6237
163000.0 1511.9546
164000.0 1506.9692
165000.0 1443.7777
166000.0 1466.2751
167000.0 1470.8813
168000.0 1490.8661
169000.0 1503.7387
170000.0 1477.7956
171000.0 1477.5223
172000.0 1504.0047
173000.0 1472.0441
174000.0 1432.1522
175000.0 1517.7355
176000.0 1377.8445
177000.0 1526.3823
178000.0 1414.5248
179000.0 1509.2689
180000.0 1491.4061
181000.0 1508.6125
182000.0 1473.1416
183000.0 1507.2776
184000.0 1508.6072
185000.0 1496.6824
186000.0 1415.0464
187000.0 1506.2247
188000.0 1501.6817
189000.0 1482.2964
190000.0 1525.0165
191000.0 1430.647
192000.0 1489.6764
193000.0 1479.11
194000.0 1470.9761
195000.0 1516.4471
196000.0 1488.6534
197000.0 1532.2571
198000.0 1449.8315
199000.0 1515.0498
200000.0 1456.664
