0.0 -2094.2846
1000.0 -158.73311
2000.0 73.953945
3000.0 426.44226
4000.0 777.23182
5000.0 1186.7924
6000.0 1415.4476
7000.0 1614.1158
8000.0 1696.9964
9000.0 1544.629
10000.0 1361.4964
11000.0 1382.2239
12000.0 1355.7337
13000.0 1559.1845
14000.0 1574.2859
15000.0 1503.7867
16000.0 1356.1512
17000.0 1352.5655
18000.0 1361.8001
19000.0 1486.1334
20000.0 1558.4272
21000.0 1619.5033
22000.0 1467.2687
23000.0 1385.267
24000.0 1353.2823
25000.0 1504.6082
26000.0 1592.9726
27000.0 1518.051
28000.0 1454.5653
29000.0 1452.7068
30000.0 1407.4823
31000.0 1473.3955
32000.0 1481.5602
33000.0 1558.6359
34000.0 1568.8744
35000.0 1409.4359
36000.0 1340.4487
37000.0 1380.7339
38000.0 1546.2344
39000.0 1474.6527
40000.0 1454.5442
41000.0 1386.7425
42000.0 1398.9619
43000.0 1383.9655
44000.0 1478.2666
45000.0 1590.9186
46000.0 1542.5077
47000.0 1395.9047
48000.0 1353.4552
49000.0 1363.8519
50000.0 1477.49
51000.0 1516.4493
52000.0 1522.0378
53000.0 1474.4226
54000.0 1454.8327
55000.0 1382.8481
56000.0 1424.2567
57000.0 1402.3322
58000.0 1543.8448
59000.0 1519.1962
60000.0 1465.8256
61000.0 1418.7423
62000.0 1366.4783
63000.0 1444.5763
64000.0 1492.6805
65000.0 1468.346
66000.0 1424.0988
67000.0 1409.7082
68000.0 1425.8336
69000.0 1500.5844
70000.0 1468.2331
71000.0 1483.0065
72000.0 1472.2308
73000.0 1456.2782
74000.0 1520.7138
75000.0 1468.7495
76000.0 1411.0081
77000.0 1345.2617
78000.0 1454.9823
79000.0 1423.4683
80000.0 1515.8669
81000.0 1483.8061
82000.0 1398.0299
83000.0 1367.3361
84000.0 1426.1095
85000.0 1385.0195
86000.0 1398.1423
87000.0 1410.5226
88000.0 1426.9864
89000.0 1344.4935
90000.0 1333.8969
91000.0 1447.1446
92000.0 1501.5053
93000.0 1438.9997
94000.0 1476.3723
95000.0 1370.4698
96000.0 1342.1204
97000.0 1459.5248
98000.0 1587.3185
99000.0 1480.1922
100000.0 1386.2548
101000.0 1411.5491
102000.0 1347.3425
103000.0 1402.4169
104000.0 1532.9462
105000.0 1425.3859
106000.0 1438.877
107000.0 1347.2678
108000.0 1431.4679
109000.0 1558.3564
110000.0 1400.802
111000.0 1398.2661
112000.0 1472.6828
113000.0 1384.6362
114000.0 1561.3342
115000.0 1531.3016
116000.0 1412.0682
117000.0 1514.8343
118000.0 1449.5452
119000.0 1508.8619
120000.0 1462.315
121000.0 1424.179
122000.0 1353.9322
123000.0 1482.6522
124000.0 1573.2695
125000.0 1500.2232
126000.0 1422.2178
127000.0 1399.2155
128000.0 1462.2191
129000.0 1583.1925
130000.0 1491.5785
131000.0 1515.4189
132000.0 1505.084
133000.0 1511.6681
134000.0 1436.7396
135000.0 1511.7106
136000.0 1406.4306
137000.0 1420.7652
138000.0 1438.0852
139000.0 1488.0384
140000.0 1501.7801
141000.0 1444.894
142000.0 1400.9119
143000.0 1379.2184
144000.0 1475.5705
145000.0 1592.0139
146000.0 1559.152
147000.0 1507.7065
148000.0 1503.3263
149000.0 1517.668
150000.0 1531.0803
151000.0 1596.3444
152000.0 1501.3721
153000.0 1467.7011
154000.0 1473.1727
155000.0 1472.7896
156000.0 1471.7065
157000.0 1535.2362
158000.0 1536.1294
159000.0 1423.876
160000.0 1473.2928
161000.0 1612.6423
162000.0 1586.6488
163000.0 1610.4358
164000.0 1571.4564
165000.0 1522.909
166000.0 1502.4604
167000.0 1595.2302
168000.0 1530.2347
169000.0 1526.6694
170000.0 1464.772
171000.0 1511.8611
172000.0 1572.7456
173000.0 1576.1624
174000.0 1561.1756
175000.0 1433.3743
176000.0 1473.7848
177000.0 1482.2228
178000.0 1553.6072
179000.0 1583.3182
180000.0 1486.7167
181000.0 1397.0416
182000.0 1435.4823
183000.0 1444.9492
184000.0 1498.5055
185000.0 1600.266
186000.0 1468.7698
187000.0 1469.7845
188000.0 1414.0215
189000.0 1554.3072
190000.0 1591.2332
191000.0 1516.6644
192000.0 1430.603
193000.0 1386.7384
194000.0 1492.5825
195000.0 1548.8393
196000.0 1487.4744
197000.0 1462.5222
198000.0 1415.5565
199000.0 1471.2741
200000.0 1398.3895
