0.0 -2094.2151
1000.0 1998.7338
2000.0 1673.5952
3000.0 1481.0821
4000.0 1609.0598
5000.0 1576.4601
6000.0 1482.695
7000.0 1458.1331
8000.0 1523.7089
9000.0 1527.3888
10000.0 1497.5887
11000.0 1447.7953
12000.0 1435.7883
13000.0 1448.579
14000.0 1504.5328
15000.0 1533.5704
16000.0 1462.2223
17000.0 1552.6351
18000.0 1558.6956
19000.0 1464.09
20000.0 1394.2515
21000.0 1494.0463
22000.0 1418.6176
23000.0 1451.7687
24000.0 1447.1147
25000.0 1551.0454
26000.0 1386.4243
27000.0 1508.941
28000.0 1487.631
29000.0 1572.8249
30000.0 1524.5888
31000.0 1466.5997
32000.0 1532.8608
33000.0 1513.5895
34000.0 1506.5589
35000.0 1547.5804
36000.0 1615.321
37000.0 1487.623
38000.0 1472.4437
39000.0 1602.6534
40000.0 1572.2993
41000.0 1625.523
42000.0 1450.9854
43000.0 1629.1733
44000.0 1464.0331
45000.0 1554.7638
46000.0 1493.4601
47000.0 1506.287
48000.0 1453.0386
49000.0 1528.0716
50000.0 1469.7358
51000.0 1500.7653
52000.0 1474.6999
53000.0 1505.5834
54000.0 1565.4245
55000.0 1438.6987
56000.0 1448.7237
57000.0 1570.075
58000.0 1477.1296
59000.0 1543.7749
60000.0 1570.4363
61000.0 1534.8006
62000.0 1560.9729
63000.0 1499.9291
64000.0 1581.5518
65000.0 1523.8485
66000.0 1415.5657
67000.0 1531.4271
68000.0 1487.6281
69000.0 1618.6276
70000.0 1494.1473
71000.0 1509.0199
72000.0 1533.8004
73000.0 1601.0615
74000.0 1583.8344
75000.0 1472.1293
76000.0 1426.8914
77000.0 1433.1957
78000.0 1436.7193
79000.0 1512.9099
80000.0 1546.5156
81000.0 1404.9025
82000.0 1450.6494
83000.0 1509.7545
84000.0 1537.8967
85000.0 1520.3197
86000.0 1536.8188
87000.0 1510.54
88000.0 1466.5934
89000.0 1578.9542
90000.0 1456.3051
91000.0 1440.2889
92000.0 1587.247
93000.0 1462.844
94000.0 1508.0145
95000.0 1592.0465
96000.0 1459.0836
97000.0 1531.6984
98000.0 1515.2041
99000.0 1368.8345
100000.0 1522.6532
101000.0 1407.0956
102000.0 1577.6105
103000.0 1540.2781
104000.0 1434.8502
105000.0 1474.4022
106000.0 1448.1018
107000.0 1432.1273
108000.0 1498.3646
109000.0 1503.8247
110000.0 1457.0178
111000.0 1492.9092
112000.0 1478.1145
113000.0 1404.0022
114000.0 1532.2155
115000.0 1491.0813
116000.0 1476.6718
117000.0 1521.5567
118000.0 1591.3269
119000.0 1504.5634
120000.0 1508.1862
121000.0 1475.1044
122000.0 1425.2544
123000.0 1459.1411
124000.0 1486.0142
125000.0 1486.992
126000.0 1466.1075
127000.0 1515.3327
128000.0 1527.7918
129000.0 1481.8754
130000.0 1522.6808
131000.0 1537.8047
132000.0 1519.5375
133000.0 1392.8259
134000.0 1513.0233
135000.0 1433.8062
136000.0 1431.7279
137000.0 1477.1672
138000.0 1510.0923
139000.0 1570.9012
140000.0 1418.4867
141000.0 1543.6506
142000.0 1507.3856
143000.0 1416.9151
144000.0 1414.9925
145000.0 1503.1759
146000.0 1542.3619
147000.0 1458.1624
148000.0 1501.7048
149000.0 1455.4606
150000.0 1444.8211
151000.0 1508.2232
152000.0 1476.426
153000.0 1477.896
154000.0 1478.9015
155000.0 1441.9964
156000.0 1374.202
157000.0 1505.5986
158000.0 1502.9809
159000.0 1414.2005
160000.0 1473.2229
161000.0 1400.2723
162000.0 1499.2403
163000.0 1459.4253
164000.0 1540.7521
165000.0 1477.4219
166000.0 1390.8032
167000.0 1443.9329
168000.0 1582.6207
169000.0 1484.8172
170000.0 1446.0541
171000.0 1577.7426
172000.0 1489.622
173000.0 1522.75
174000.0 1585.1757
175000.0 1519.0756
176000.0 1563.2735
177000.0 1467.0506
178000.0 1468.683
179000.0 1420.7935
180000.0 1475.7799
181000.0 1379.2708
182000.0 1544.0414
183000.0 1550.4689
184000.0 1416.5839
185000.0 1478.2459
186000.0 1653.0816
187000.0 1495.1895
188000.0 1505.0546
189000.0 1558.6253
190000.0 1491.5227
191000.0 1489.6851
192000.0 1455.654
193000.0 1529.7633
194000.0 1381.6162
195000.0 1473.0599
196000.0 1495.5592
197000.0 1563.7078
198000.0 1550.9544
199000.0 1468.3603
200000.0 1556.5462
