0.0 180.0
1000.0 180.37609
2000.0 175.64149
3000.0 179.3029
4000.0 180.53149
5000.0 171.4849
6000.0 188.46536
7000.0 184.73629
8000.0 179.09593
9000.0 177.84956
10000.0 182.18913
11000.0 178.29437
12000.0 192.7349
13000.0 180.27607
14000.0 182.86949
15000.0 184.23487
16000.0 175.3519
17000.0 178.32631
18000.0 175.62107
19000.0 168.11158
20000.0 181.51294
21000.0 177.5282
22000.0 173.97114
23000.0 186.56788
24000.0 191.83583
25000.0 177.20985
26000.0 185.10809
27000.0 167.12044
28000.0 187.43831
29000.0 185.18865
30000.0 183.71804
31000.0 169.86153
32000.0 174.16419
33000.0 182.41798
34000.0 177.59295
35000.0 178.34027
36000.0 180.55428
37000.0 186.78278
38000.0 169.72896
39000.0 193.07133
40000.0 181.31037
41000.0 180.05218
42000.0 176.42232
43000.0 179.45729
44000.0 170.26482
45000.0 183.96072
46000.0 182.97114
47000.0 173.39588
48000.0 180.36536
49000.0 183.48412
50000.0 177.83218
51000.0 179.24779
52000.0 190.20997
53000.0 172.61862
54000.0 175.51775
55000.0 180.05687
56000.0 185.1314
57000.0 179.41289
58000.0 178.29728
59000.0 182.4326
60000.0 185.85635
61000.0 185.71576
62000.0 170.46175
63000.0 189.81238
64000.0 196.99229
65000.0 177.13553
66000.0 175.82063
67000.0 186.10963
68000.0 182.96287
69000.0 185.46809
70000.0 182.99697
71000.0 173.47707
72000.0 182.22804
73000.0 177.61865
74000.0 191.15367
75000.0 190.09125
76000.0 177.29187
77000.0 179.66312
78000.0 176.36731
79000.0 176.17375
80000.0 182.63954
81000.0 183.80377
82000.0 176.54245
83000.0 179.59826
84000.0 181.13149
85000.0 171.58356
86000.0 177.94389
87000.0 176.17147
88000.0 177.85369
89000.0 173.52142
90000.0 178.02312
91000.0 178.66775
92000.0 200.01733
93000.0 175.41229
94000.0 173.23641
95000.0 173.65126
96000.0 182.16347
97000.0 179.27799
98000.0 193.36533
99000.0 188.38245
100000.0 178.61442
101000.0 186.53648
102000.0 199.12784
103000.0 185.1615
104000.0 178.97854
105000.0 184.19158
106000.0 176.95331
107000.0 194.73552
108000.0 174.73421
109000.0 189.23853
110000.0 183.33136
111000.0 182.46371
112000.0 176.40136
113000.0 179.91622
114000.0 181.08048
115000.0 192.2485
116000.0 190.99302
117000.0 190.9249
118000.0 179.1036
119000.0 176.19181
120000.0 175.36584
121000.0 177.79455
122000.0 183.16267
123000.0 177.40165
124000.0 174.86264
125000.0 170.54883
126000.0 191.10237
127000.0 185.69098
128000.0 181.6102
129000.0 192.5301
130000.0 196.5729
131000.0 174.00766
132000.0 180.57909
133000.0 179.08324
134000.0 178.19994
135000.0 180.43709
136000.0 180.50286
137000.0 171.24922
138000.0 161.00499
139000.0 174.75658
140000.0 174.39744
141000.0 179.8973
142000.0 181.86489
143000.0 183.85201
144000.0 178.66088
145000.0 186.10215
146000.0 168.50795
147000.0 176.92131
148000.0 176.47071
149000.0 167.22006
150000.0 190.36975
151000.0 187.11603
152000.0 176.65674
153000.0 186.30205
154000.0 167.06865
155000.0 178.59684
156000.0 178.38194
157000.0 173.86768
158000.0 164.70581
159000.0 182.40486
160000.0 175.19364
161000.0 183.496
162000.0 167.50959
163000.0 173.28115
164000.0 172.55786
165000.0 180.62809
166000.0 176.00962
167000.0 177.40318
168000.0 179.18378
169000.0 178.22691
170000.0 180.84146
171000.0 182.88165
172000.0 171.11479
173000.0 176.63789
174000.0 175.35012
175000.0 180.64909
176000.0 178.17237
177000.0 181.003
178000.0 180.09645
179000.0 170.63708
180000.0 176.50504
181000.0 181.8841
182000.0 182.82207
183000.0 175.21399
184000.0 177.09313
185000.0 169.57718
186000.0 171.00435
187000.0 164.90446
188000.0 181.56815
189000.0 184.3918
190000.0 183.52037
191000.0 175.63036
192000.0 167.5714
193000.0 186.41857
194000.0 189.63598
195000.0 174.56507
196000.0 182.76956
197000.0 180.45366
198000.0 181.53577
199000.0 183.6883
200000.0 188.70556
