0.0 180.0
200.0 69.466577
400.0 84.151357
600.0 86.408912
800.0 98.540194
1000.0 101.63141
1200.0 105.792
1400.0 108.45882
1600.0 108.30667
1800.0 111.09742
2000.0 115.00676
2200.0 115.37563
2400.0 119.90172
2600.0 122.24322
2800.0 127.87857
3000.0 126.58347
3200.0 131.52784
3400.0 133.54618
3600.0 137.60075
3800.0 142.60646
4000.0 146.40002
4200.0 144.42764
4400.0 150.93056
4600.0 150.34521
4800.0 156.22092
5000.0 159.5034
5200.0 162.17231
5400.0 164.19941
5600.0 165.7648
5800.0 170.78892
6000.0 173.3108
6200.0 172.8238
6400.0 178.2928
6600.0 178.73124
6800.0 178.18881
7000.0 182.46218
7200.0 184.56397
7400.0 187.17603
7600.0 187.23765
7800.0 190.991
8000.0 187.99514
8200.0 186.84414
8400.0 186.49134
8600.0 187.32399
8800.0 183.97918
9000.0 179.02919
9200.0 183.0011
9400.0 183.08036
9600.0 179.45935
9800.0 175.21909
10000.0 174.9829
10200.0 176.02843
10400.0 176.96007
10600.0 178.49493
10800.0 175.82548
11000.0 176.39772
11200.0 177.99264
11400.0 174.64878
11600.0 178.97104
11800.0 177.4711
12000.0 180.16862
12200.0 176.21351
12400.0 176.7362
12600.0 180.07762
12800.0 179.2593
13000.0 179.94492
13200.0 179.94045
13400.0 180.6262
13600.0 184.12143
13800.0 181.8633
14000.0 183.22792
14200.0 182.13149
14400.0 185.82491
14600.0 183.039
14800.0 180.91286
15000.0 182.99146
15200.0 181.27413
15400.0 181.81547
15600.0 182.22244
15800.0 178.25487
16000.0 177.72889
16200.0 179.56782
16400.0 179.87977
16600.0 177.28161
16800.0 176.3517
17000.0 178.23906
17200.0 180.62544
17400.0 178.0918
17600.0 178.0765
17800.0 178.23977
18000.0 177.08463
18200.0 176.95956
18400.0 178.85485
18600.0 181.12381
18800.0 177.46821
19000.0 182.76115
19200.0 182.30946
19400.0 178.51655
19600.0 181.13524
19800.0 181.81358
20000.0 183.71989
20200.0 185.49079
20400.0 181.32728
20600.0 184.07197
20800.0 181.52651
21000.0 182.61796
21200.0 180.39206
21400.0 181.32551
21600.0 179.29896
21800.0 180.77534
22000.0 183.25502
22200.0 178.93733
22400.0 177.40088
22600.0 179.29367
22800.0 178.03927
23000.0 176.28008
23200.0 177.88027
23400.0 176.07298
23600.0 176.26856
23800.0 177.54404
24000.0 177.81952
24200.0 178.39833
24400.0 176.45913
24600.0 181.40773
24800.0 179.75499
25000.0 184.87582
25200.0 180.059
25400.0 180.86148
25600.0 182.37483
25800.0 181.84825
26000.0 182.23807
26200.0 182.14492
26400.0 181.68629
26600.0 183.59768
26800.0 179.13621
27000.0 180.57498
27200.0 181.81739
27400.0 182.00511
27600.0 179.48318
27800.0 179.69882
28000.0 178.34085
28200.0 180.63081
28400.0 179.48407
28600.0 179.91131
28800.0 180.21136
29000.0 179.37387
29200.0 175.34487
29400.0 177.00548
29600.0 179.99945
29800.0 180.22223
30000.0 175.85319
30200.0 178.25655
30400.0 179.73928
30600.0 176.00795
30800.0 177.27656
31000.0 182.19816
31200.0 178.39845
31400.0 180.48313
31600.0 183.40453
31800.0 184.49039
32000.0 180.32221
32200.0 183.55792
32400.0 183.8931
32600.0 181.58125
32800.0 182.12637
33000.0 179.80663
33200.0 181.33467
33400.0 177.32003
33600.0 181.96245
33800.0 178.55384
34000.0 179.15517
34200.0 181.48674
34400.0 182.16268
34600.0 179.20306
34800.0 176.90874
35000.0 178.33036
35200.0 178.905
35400.0 178.1155
35600.0 181.49066
35800.0 178.59846
36000.0 180.43523
36200.0 179.29273
36400.0 177.04809
36600.0 177.16406
36800.0 181.01061
37000.0 181.82348
37200.0 180.68692
37400.0 180.10182
37600.0 177.64601
37800.0 177.73508
38000.0 180.99955
38200.0 180.29325
38400.0 181.566
38600.0 183.32683
38800.0 182.45101
39000.0 180.67886
39200.0 182.9983
39400.0 179.42717
39600.0 179.98441
39800.0 180.2802
40000.0 179.55476
40200.0 178.44801
40400.0 176.37322
40600.0 180.44401
40800.0 179.02913
41000.0 176.7714
41200.0 181.19755
41400.0 177.80698
41600.0 180.48109
41800.0 181.19614
42000.0 177.63185
42200.0 183.50261
42400.0 178.8587
42600.0 178.36912
42800.0 181.83259
43000.0 177.54498
43200.0 179.41968
43400.0 180.29485
43600.0 182.79514
43800.0 178.57144
44000.0 180.20804
44200.0 182.22237
44400.0 180.97425
44600.0 179.6438
44800.0 179.82932
45000.0 178.10845
45200.0 180.92093
45400.0 181.12523
45600.0 180.54581
45800.0 179.25532
46000.0 179.41893
46200.0 179.01492
46400.0 180.75056
46600.0 183.1261
46800.0 178.28614
47000.0 180.42104
47200.0 177.54727
47400.0 180.24671
47600.0 181.98617
47800.0 179.62166
48000.0 178.25485
48200.0 178.95606
48400.0 180.38827
48600.0 178.81186
48800.0 176.40974
49000.0 180.99029
49200.0 179.89537
49400.0 178.93479
49600.0 177.97729
49800.0 179.87875
50000.0 177.31592
50200.0 181.95249
50400.0 180.61733
50600.0 183.43419
50800.0 182.10074
51000.0 179.98518
51200.0 182.77947
51400.0 182.31174
51600.0 182.15089
51800.0 183.3641
52000.0 181.65796
52200.0 181.4246
52400.0 179.13128
52600.0 180.23397
52800.0 179.3493
53000.0 177.21551
53200.0 179.05033
53400.0 177.2353
53600.0 176.90694
53800.0 179.46065
54000.0 179.89158
54200.0 176.02645
54400.0 178.19251
54600.0 178.18392
54800.0 178.58427
55000.0 179.96921
55200.0 181.61862
55400.0 184.8874
55600.0 179.00613
55800.0 180.484
56000.0 180.97291
56200.0 182.55798
56400.0 179.2109
56600.0 181.46075
56800.0 183.27108
57000.0 180.86756
57200.0 181.66967
57400.0 183.338
57600.0 181.10716
57800.0 178.97765
58000.0 177.0862
58200.0 178.80843
58400.0 181.27427
58600.0 178.70049
58800.0 180.0736
59000.0 177.40912
59200.0 177.23515
59400.0 177.65907
59600.0 174.18915
59800.0 182.02983
60000.0 175.50244
60200.0 179.13391
60400.0 178.96978
60600.0 183.66428
60800.0 179.60275
61000.0 182.04335
61200.0 183.13033
61400.0 176.26482
61600.0 179.67078
61800.0 184.63556
62000.0 182.68543
62200.0 178.6686
62400.0 181.48454
62600.0 182.90317
62800.0 184.21961
63000.0 180.96079
63200.0 181.28745
63400.0 182.74873
63600.0 180.05797
63800.0 178.72076
64000.0 180.89178
64200.0 178.53669
64400.0 175.32447
64600.0 179.24323
64800.0 176.41818
65000.0 178.62813
65200.0 181.2205
65400.0 179.80846
65600.0 176.59652
65800.0 179.20373
66000.0 182.6967
66200.0 178.16737
66400.0 179.73175
66600.0 179.48655
66800.0 177.11424
67000.0 178.24551
67200.0 177.76239
67400.0 184.99083
67600.0 183.52544
67800.0 184.40841
68000.0 184.37175
68200.0 182.76258
68400.0 182.93531
68600.0 182.93761
68800.0 182.47604
69000.0 182.47916
69200.0 181.70686
69400.0 181.83027
69600.0 180.20244
69800.0 180.84113
70000.0 180.53294
70200.0 183.20633
70400.0 179.59299
70600.0 179.18957
70800.0 180.45186
71000.0 179.7953
71200.0 177.72178
71400.0 180.30015
71600.0 180.07021
71800.0 181.13978
72000.0 180.52101
72200.0 176.37774
72400.0 177.34344
72600.0 178.21361
72800.0 181.59721
73000.0 179.98407
73200.0 178.33565
73400.0 176.53447
73600.0 181.79425
73800.0 183.62846
74000.0 184.00063
74200.0 178.9887
74400.0 182.83586
74600.0 183.83034
74800.0 184.42174
75000.0 184.84116
75200.0 183.79472
75400.0 181.45361
75600.0 183.36106
75800.0 179.18851
76000.0 180.6839
76200.0 179.56267
76400.0 183.98337
76600.0 180.1881
76800.0 178.08692
77000.0 180.97408
77200.0 179.58631
77400.0 179.17844
77600.0 178.41483
77800.0 180.65566
78000.0 179.01592
78200.0 180.41957
78400.0 174.72117
78600.0 182.3305
78800.0 183.08074
79000.0 176.13489
79200.0 181.72982
79400.0 179.12107
79600.0 182.01856
79800.0 184.87914
80000.0 183.15503
80200.0 181.58288
80400.0 183.06297
80600.0 185.07543
80800.0 181.8152
81000.0 181.72362
81200.0 184.86889
81400.0 180.5718
81600.0 180.33304
81800.0 177.50943
82000.0 182.02871
82200.0 179.86018
82400.0 180.84824
82600.0 179.63606
82800.0 180.67239
83000.0 179.25393
83200.0 177.83807
83400.0 181.86501
83600.0 184.53882
83800.0 181.88529
84000.0 179.78357
84200.0 179.71281
84400.0 180.77627
84600.0 179.80518
84800.0 177.40912
85000.0 176.52545
85200.0 176.23441
85400.0 174.61826
85600.0 178.08876
85800.0 177.30873
86000.0 177.50382
86200.0 175.89566
86400.0 174.72488
86600.0 172.87913
86800.0 176.63113
87000.0 174.77552
87200.0 175.4067
87400.0 175.22304
87600.0 178.71028
87800.0 179.06116
88000.0 180.68372
88200.0 179.21609
88400.0 174.14634
88600.0 180.82572
88800.0 181.09271
89000.0 181.58525
89200.0 177.832
89400.0 184.22512
89600.0 181.20097
89800.0 182.48493
90000.0 180.40478
90200.0 180.99331
90400.0 183.55083
90600.0 183.05587
90800.0 179.75222
91000.0 179.05977
91200.0 180.31346
91400.0 179.76461
91600.0 177.93656
91800.0 178.56026
92000.0 178.10202
92200.0 176.30343
92400.0 177.42976
92600.0 176.00415
92800.0 180.1635
93000.0 179.12821
93200.0 178.85589
93400.0 178.76441
93600.0 179.54198
93800.0 180.69786
94000.0 181.30313
94200.0 181.64284
94400.0 182.54131
94600.0 180.21332
94800.0 183.16724
95000.0 184.53883
95200.0 179.84764
95400.0 180.36946
95600.0 185.41952
95800.0 183.39222
96000.0 182.86925
96200.0 183.67483
96400.0 180.50396
96600.0 179.34134
96800.0 179.69295
97000.0 180.79429
97200.0 180.1498
97400.0 180.18052
97600.0 180.30478
97800.0 180.31183
98000.0 178.52916
98200.0 179.0076
98400.0 175.51297
98600.0 180.29404
98800.0 176.76374
99000.0 179.21482
99200.0 179.42736
99400.0 178.91276
99600.0 181.83749
99800.0 179.13054
100000.0 180.69326
100200.0 180.22154
100400.0 181.91714
100600.0 184.27235
100800.0 180.94799
101000.0 181.90806
101200.0 180.74593
101400.0 182.56621
101600.0 178.19412
101800.0 180.50202
102000.0 177.75009
102200.0 179.32988
102400.0 179.68556
102600.0 180.5012
102800.0 179.76132
103000.0 180.96781
103200.0 181.36034
103400.0 180.06697
103600.0 180.20088
103800.0 179.70482
104000.0 179.35254
104200.0 177.95259
104400.0 179.78518
104600.0 178.65104
104800.0 177.25016
105000.0 180.09497
105200.0 179.68253
105400.0 179.04173
105600.0 178.37463
105800.0 180.75919
106000.0 177.08591
106200.0 176.54879
106400.0 177.87281
106600.0 176.11501
106800.0 178.53757
107000.0 178.67713
107200.0 174.66901
107400.0 178.71013
107600.0 179.25599
107800.0 179.88203
108000.0 181.45286
108200.0 183.8643
108400.0 182.49514
108600.0 181.43005
108800.0 181.98638
109000.0 181.75072
109200.0 180.31352
109400.0 180.25367
109600.0 180.18381
109800.0 178.34817
110000.0 177.39908
110200.0 178.67587
110400.0 179.53799
110600.0 178.43088
110800.0 177.89976
111000.0 180.04199
111200.0 180.75798
111400.0 178.6288
111600.0 178.65933
111800.0 180.29502
112000.0 180.7328
112200.0 179.88408
112400.0 181.14047
112600.0 182.55125
112800.0 181.0833
113000.0 180.7143
113200.0 182.0782
113400.0 182.35336
113600.0 185.06
113800.0 184.22453
114000.0 183.95889
114200.0 181.78174
114400.0 179.75167
114600.0 179.66804
114800.0 180.27953
115000.0 179.76909
115200.0 179.16394
115400.0 179.1931
115600.0 178.42026
115800.0 179.50474
116000.0 184.07705
116200.0 181.22981
116400.0 180.16212
116600.0 180.9756
116800.0 178.03312
117000.0 178.63379
117200.0 179.82997
117400.0 176.5259
117600.0 178.23432
117800.0 179.52624
118000.0 181.29816
118200.0 177.77769
118400.0 181.67579
118600.0 181.97484
118800.0 184.40182
119000.0 180.87
119200.0 181.81306
119400.0 183.17266
119600.0 183.95734
119800.0 182.80609
120000.0 185.24944
120200.0 183.37305
120400.0 186.53981
120600.0 184.56655
120800.0 183.26435
121000.0 181.94237
121200.0 183.55799
121400.0 180.94925
121600.0 177.15032
121800.0 181.42503
122000.0 183.22364
122200.0 179.77346
122400.0 181.75386
122600.0 182.66794
122800.0 180.93535
123000.0 178.29301
123200.0 178.99072
123400.0 176.60077
123600.0 177.81983
123800.0 180.21234
124000.0 181.3317
124200.0 179.25029
124400.0 179.37486
124600.0 181.49537
124800.0 175.97565
125000.0 177.75072
125200.0 179.41683
125400.0 177.15378
125600.0 178.42629
125800.0 180.24147
126000.0 177.46472
126200.0 179.71736
126400.0 185.12999
126600.0 185.45619
126800.0 181.64726
127000.0 180.40079
127200.0 179.42283
127400.0 184.00474
127600.0 179.17502
127800.0 182.50575
128000.0 179.95077
128200.0 179.27946
128400.0 181.006
128600.0 181.8524
128800.0 178.81619
129000.0 180.75973
129200.0 180.41922
129400.0 180.97947
129600.0 175.19935
129800.0 175.62107
130000.0 179.29779
130200.0 177.59114
130400.0 178.82283
130600.0 179.59681
130800.0 177.45116
131000.0 179.97879
131200.0 179.90343
131400.0 179.25721
131600.0 176.7937
131800.0 177.66989
132000.0 180.83456
132200.0 179.88168
132400.0 179.87311
132600.0 180.31328
132800.0 180.27718
133000.0 181.93082
133200.0 183.94642
133400.0 179.83821
133600.0 180.66641
133800.0 182.9656
134000.0 180.9303
134200.0 179.35742
134400.0 180.65247
134600.0 183.79961
134800.0 179.3952
135000.0 177.62814
135200.0 178.30238
135400.0 179.34192
135600.0 177.7975
135800.0 175.68371
136000.0 180.66145
136200.0 176.13553
136400.0 178.19531
136600.0 175.62066
136800.0 177.44116
137000.0 179.67987
137200.0 176.74475
137400.0 178.40499
137600.0 178.74879
137800.0 182.26234
138000.0 181.97714
138200.0 179.45588
138400.0 183.80393
138600.0 183.4171
138800.0 179.97149
139000.0 182.51226
139200.0 182.01359
139400.0 179.78591
139600.0 180.89327
139800.0 180.23172
140000.0 177.74599
140200.0 178.59688
140400.0 181.80865
140600.0 177.76052
140800.0 178.10705
141000.0 177.19662
141200.0 180.89226
141400.0 177.13815
141600.0 175.44639
141800.0 175.96424
142000.0 176.22133
142200.0 177.21666
142400.0 175.32694
142600.0 175.83725
142800.0 173.92093
143000.0 179.09305
143200.0 175.56814
143400.0 177.80215
143600.0 176.9812
143800.0 177.76937
144000.0 179.53177
144200.0 181.36696
144400.0 177.18684
144600.0 182.1638
144800.0 181.14767
145000.0 177.94189
145200.0 181.15976
145400.0 179.88488
145600.0 182.2305
145800.0 180.67397
146000.0 183.05962
146200.0 179.15965
146400.0 180.35843
146600.0 179.29229
146800.0 180.57668
147000.0 178.74008
147200.0 177.33428
147400.0 179.66099
147600.0 181.70144
147800.0 182.68521
148000.0 182.25248
148200.0 178.71923
148400.0 181.89877
148600.0 178.88123
148800.0 177.08832
149000.0 175.08243
149200.0 181.95685
149400.0 179.23799
149600.0 178.64513
149800.0 179.1808
150000.0 176.45483
150200.0 179.48827
150400.0 176.08122
150600.0 177.02661
150800.0 178.87032
151000.0 179.19466
151200.0 181.35258
151400.0 178.57254
151600.0 180.39657
151800.0 179.72101
152000.0 182.2085
152200.0 180.80226
152400.0 183.74067
152600.0 180.83083
152800.0 184.86574
153000.0 182.96169
153200.0 181.77933
153400.0 181.69044
153600.0 183.23534
153800.0 179.7708
154000.0 180.03222
154200.0 178.8347
154400.0 179.47842
154600.0 181.47225
154800.0 178.90179
155000.0 183.14012
155200.0 180.56527
155400.0 179.11692
155600.0 181.27677
155800.0 178.47665
156000.0 178.60715
156200.0 178.55167
156400.0 179.44469
156600.0 178.86635
156800.0 178.50763
157000.0 178.49215
157200.0 179.68644
157400.0 178.48903
157600.0 181.69825
157800.0 185.30215
158000.0 183.36807
158200.0 183.19944
158400.0 180.10451
158600.0 186.79647
158800.0 182.80907
159000.0 183.26512
159200.0 182.32094
159400.0 182.67741
159600.0 181.70088
159800.0 183.02319
160000.0 182.24465
160200.0 181.58456
160400.0 183.7367
160600.0 183.24111
160800.0 180.72379
161000.0 180.04307
161200.0 176.38698
161400.0 180.87684
161600.0 178.12497
161800.0 179.84186
162000.0 181.74375
162200.0 179.26391
162400.0 178.01519
162600.0 177.21885
162800.0 179.92277
163000.0 183.34384
163200.0 179.81935
163400.0 180.258
163600.0 177.72544
163800.0 179.88478
164000.0 180.44548
164200.0 178.89833
164400.0 178.4566
164600.0 179.23601
164800.0 178.86289
165000.0 180.36593
165200.0 179.42147
165400.0 177.69977
165600.0 179.70309
165800.0 175.08184
166000.0 179.49489
166200.0 178.87836
166400.0 177.78737
166600.0 177.9149
166800.0 181.20981
167000.0 182.26101
167200.0 181.36642
167400.0 181.7706
167600.0 180.28132
167800.0 181.48665
168000.0 181.26618
168200.0 182.37449
168400.0 181.09196
168600.0 183.9252
168800.0 179.35027
169000.0 179.27786
169200.0 180.44756
169400.0 181.18295
169600.0 179.62178
169800.0 178.29116
170000.0 178.81689
170200.0 177.14372
170400.0 175.20444
170600.0 179.77208
170800.0 176.24741
171000.0 174.30243
171200.0 176.96634
171400.0 176.29811
171600.0 179.93249
171800.0 179.96853
172000.0 178.0056
172200.0 179.17429
172400.0 177.26663
172600.0 180.17141
172800.0 178.91334
173000.0 179.16395
173200.0 184.0017
173400.0 181.14004
173600.0 179.2955
173800.0 181.66106
174000.0 180.13381
174200.0 182.20846
174400.0 179.31138
174600.0 181.54307
174800.0 184.4584
175000.0 179.69781
175200.0 179.33453
175400.0 180.98624
175600.0 179.30269
175800.0 182.26014
176000.0 176.98592
176200.0 177.68828
176400.0 179.59768
176600.0 174.4819
176800.0 176.64105
177000.0 176.42295
177200.0 179.16808
177400.0 172.758
177600.0 179.89084
177800.0 177.02713
178000.0 180.62183
178200.0 177.47086
178400.0 176.95761
178600.0 179.91567
178800.0 181.87039
179000.0 180.6466
179200.0 182.42953
179400.0 180.93389
179600.0 180.94575
179800.0 179.85168
180000.0 179.84173
180200.0 180.93093
180400.0 179.9253
180600.0 178.66134
180800.0 179.49943
181000.0 179.94334
181200.0 178.21267
181400.0 179.01269
181600.0 178.89419
181800.0 179.24337
182000.0 177.86266
182200.0 181.13891
182400.0 177.76525
182600.0 179.46819
182800.0 180.166
183000.0 179.13259
183200.0 181.79618
183400.0 181.84481
183600.0 180.4914
183800.0 180.6807
184000.0 181.88111
184200.0 179.50199
184400.0 182.01522
184600.0 180.89827
184800.0 181.94037
185000.0 183.18569
185200.0 177.12292
185400.0 180.99356
185600.0 182.20962
185800.0 180.64215
186000.0 177.9219
186200.0 180.29862
186400.0 175.92853
186600.0 179.13958
186800.0 178.78506
187000.0 178.58647
187200.0 175.91102
187400.0 181.20413
187600.0 176.42678
187800.0 179.13486
188000.0 176.81229
188200.0 178.72736
188400.0 178.76645
188600.0 179.45746
188800.0 179.08882
189000.0 181.5997
189200.0 183.44139
189400.0 180.96611
189600.0 182.01004
189800.0 185.98835
190000.0 181.33332
190200.0 180.79278
190400.0 180.02492
190600.0 181.69613
190800.0 181.44814
191000.0 181.34969
191200.0 177.09225
191400.0 175.68109
191600.0 180.51257
191800.0 177.71789
192000.0 179.75487
192200.0 178.35967
192400.0 176.50945
192600.0 178.49877
192800.0 179.53744
193000.0 180.56367
193200.0 178.05132
193400.0 178.89327
193600.0 180.24532
193800.0 179.39493
194000.0 183.9714
194200.0 181.83111
194400.0 181.13177
194600.0 182.76678
194800.0 182.0598
195000.0 183.96241
195200.0 182.76943
195400.0 182.92471
195600.0 184.30459
195800.0 182.31081
196000.0 180.91528
196200.0 180.32801
196400.0 181.22035
196600.0 180.03671
196800.0 182.04052
197000.0 179.0777
197200.0 181.79257
197400.0 177.85716
197600.0 180.24504
197800.0 179.31399
198000.0 177.51457
198200.0 181.43432
198400.0 177.72046
198600.0 178.65169
198800.0 180.13804
199000.0 180.8858
199200.0 180.04513
199400.0 176.99633
199600.0 182.03411
199800.0 180.37095
200000.0 177.44603
