0.0 180.0
1000.0 182.91549
2000.0 180.69319
3000.0 184.14806
4000.0 182.24693
5000.0 177.63716
6000.0 178.30933
7000.0 179.47942
8000.0 179.88448
9000.0 179.46761
10000.0 180.87265
11000.0 183.02702
12000.0 180.45081
13000.0 176.5128
14000.0 177.46936
15000.0 175.97661
16000.0 179.89811
17000.0 180.26491
18000.0 177.69763
19000.0 183.71998
20000.0 180.53364
21000.0 182.29591
22000.0 180.71295
23000.0 179.30843
24000.0 177.91708
25000.0 180.56434
26000.0 180.11661
27000.0 180.2551
28000.0 182.54771
29000.0 177.91659
30000.0 181.88782
31000.0 179.16293
32000.0 176.61443
33000.0 180.05283
34000.0 178.7519
35000.0 176.86587
36000.0 181.31683
37000.0 180.75762
38000.0 179.45897
39000.0 182.08571
40000.0 180.72915
41000.0 182.41831
42000.0 176.45976
43000.0 180.75679
44000.0 176.6687
45000.0 179.75114
46000.0 177.60165
47000.0 176.21542
48000.0 181.41592
49000.0 178.61476
50000.0 180.03652
51000.0 180.39357
52000.0 179.94676
53000.0 179.94848
54000.0 179.15417
55000.0 184.42569
56000.0 179.45107
57000.0 181.85313
58000.0 183.47744
59000.0 177.4841
60000.0 180.46211
61000.0 181.28666
62000.0 183.0248
63000.0 181.26064
64000.0 180.85893
65000.0 180.663
66000.0 180.71036
67000.0 182.1478
68000.0 181.55698
69000.0 180.08695
70000.0 175.76933
71000.0 179.36012
72000.0 177.6974
73000.0 184.65687
74000.0 177.66967
75000.0 177.02452
76000.0 175.93262
77000.0 177.61815
78000.0 181.14305
79000.0 180.15554
80000.0 180.09148
81000.0 180.55158
82000.0 176.54408
83000.0 179.30455
84000.0 179.14508
85000.0 178.858
86000.0 180.68296
87000.0 179.22433
88000.0 180.73887
89000.0 179.67088
90000.0 180.24746
91000.0 181.0466
92000.0 181.82671
93000.0 181.44423
94000.0 179.28986
95000.0 179.51132
96000.0 179.00158
97000.0 181.14979
98000.0 180.57845
99000.0 181.30771
100000.0 178.91609
101000.0 178.12209
102000.0 177.63048
103000.0 184.91245
104000.0 178.79236
105000.0 179.63843
106000.0 184.8056
107000.0 182.5113
108000.0 177.17012
109000.0 184.22565
110000.0 180.1215
111000.0 179.63955
112000.0 184.30999
113000.0 180.08757
114000.0 176.71736
115000.0 177.94741
116000.0 181.25333
117000.0 179.51202
118000.0 178.13079
119000.0 172.38989
120000.0 183.13574
121000.0 178.34335
122000.0 179.95268
123000.0 180.2832
124000.0 180.26802
125000.0 180.51258
126000.0 181.98612
127000.0 183.46278
128000.0 179.98625
129000.0 179.40091
130000.0 181.72361
131000.0 179.08498
132000.0 182.36184
133000.0 179.97443
134000.0 181.41046
135000.0 179.26725
136000.0 182.44081
137000.0 181.30324
138000.0 180.57063
139000.0 180.00421
140000.0 181.28322
141000.0 186.32382
142000.0 181.88542
143000.0 177.83698
144000.0 180.21469
145000.0 176.28909
146000.0 181.36363
147000.0 178.07892
148000.0 178.66577
149000.0 180.84178
150000.0 177.00745
151000.0 184.2928
152000.0 179.9247
153000.0 180.65612
154000.0 177.21848
155000.0 178.96447
156000.0 179.51658
157000.0 180.76668
158000.0 178.88088
159000.0 179.96813
160000.0 182.0087
161000.0 182.16542
162000.0 178.66016
163000.0 177.74734
164000.0 179.98448
165000.0 183.81901
166000.0 180.27734
167000.0 181.02657
168000.0 178.13056
169000.0 181.69438
170000.0 180.19149
171000.0 182.67731
172000.0 172.85524
173000.0 182.38837
174000.0 178.24096
175000.0 179.85881
176000.0 179.35351
177000.0 178.5313
178000.0 181.04628
179000.0 180.95999
180000.0 180.05977
181000.0 179.93098
182000.0 182.74951
183000.0 183.26731
184000.0 177.05396
185000.0 176.5681
186000.0 176.18035
187000.0 178.19799
188000.0 179.41667
189000.0 181.76738
190000.0 178.55805
191000.0 182.22543
192000.0 183.56271
193000.0 180.98586
194000.0 182.76213
195000.0 177.77701
196000.0 178.42823
197000.0 174.61086
198000.0 178.5393
199000.0 180.22214
200000.0 185.01978
