0.0 180.0
1000.0 184.38312
2000.0 180.68232
3000.0 178.54536
4000.0 184.75822
5000.0 181.2134
6000.0 173.93702
7000.0 178.91321
8000.0 179.55302
9000.0 181.87121
10000.0 177.08069
11000.0 181.8862
12000.0 179.72166
13000.0 179.24954
14000.0 179.89226
15000.0 174.90073
16000.0 187.80022
17000.0 182.48378
18000.0 181.13707
19000.0 181.43369
20000.0 176.79898
21000.0 182.77009
22000.0 173.3245
23000.0 180.6471
24000.0 184.88868
25000.0 179.27301
26000.0 174.5695
27000.0 177.21934
28000.0 174.75555
29000.0 177.17139
30000.0 178.86895
31000.0 182.94424
32000.0 177.07413
33000.0 180.50604
34000.0 175.23279
35000.0 182.40656
36000.0 183.74326
37000.0 177.32856
38000.0 178.09438
39000.0 181.00444
40000.0 180.48751
41000.0 180.8071
42000.0 180.90208
43000.0 181.65385
44000.0 176.62743
45000.0 184.36885
46000.0 176.89349
47000.0 177.76129
48000.0 176.02337
49000.0 184.2453
50000.0 177.65992
51000.0 169.30687
52000.0 177.93084
53000.0 183.1303
54000.0 183.24083
55000.0 183.17153
56000.0 179.55789
57000.0 183.99294
58000.0 178.13934
59000.0 178.60729
60000.0 176.87039
61000.0 183.16076
62000.0 184.29784
63000.0 180.80218
64000.0 178.70076
65000.0 179.65171
66000.0 177.56682
67000.0 174.96229
68000.0 186.10684
69000.0 177.91431
70000.0 183.99479
71000.0 178.74817
72000.0 182.68376
73000.0 181.11392
74000.0 180.64991
75000.0 181.86376
76000.0 177.26806
77000.0 176.00795
78000.0 179.61885
79000.0 176.95395
80000.0 181.78878
81000.0 184.51318
82000.0 183.55991
83000.0 179.41483
84000.0 178.8909
85000.0 183.6169
86000.0 177.53805
87000.0 178.4722
88000.0 174.07812
89000.0 184.97846
90000.0 174.31336
91000.0 178.92309
92000.0 174.8318
93000.0 184.8437
94000.0 178.23643
95000.0 178.61923
96000.0 183.86027
97000.0 184.44497
98000.0 177.74302
99000.0 181.73395
100000.0 176.43267
101000.0 175.5769
102000.0 184.92561
103000.0 179.40915
104000.0 180.93208
105000.0 180.37296
106000.0 174.53619
107000.0 180.27461
108000.0 174.03186
109000.0 176.419
110000.0 187.2052
111000.0 178.92037
112000.0 182.84799
113000.0 184.77584
114000.0 181.20363
115000.0 175.76813
116000.0 182.73307
117000.0 175.99695
118000.0 181.39024
119000.0 180.38634
120000.0 185.87494
121000.0 184.1757
122000.0 178.52872
123000.0 183.76824
124000.0 171.65184
125000.0 177.40061
126000.0 179.35599
127000.0 178.12235
128000.0 180.85948
129000.0 180.18457
130000.0 179.89966
131000.0 176.80223
132000.0 178.37421
133000.0 181.88087
134000.0 177.93323
135000.0 178.71331
136000.0 178.17694
137000.0 180.68686
138000.0 180.396
139000.0 178.55591
140000.0 177.11721
141000.0 177.49489
142000.0 182.3683
143000.0 178.90102
144000.0 174.99102
145000.0 178.74281
146000.0 187.18259
147000.0 179.89988
148000.0 182.3287
149000.0 182.50631
150000.0 176.24013
151000.0 176.66735
152000.0 183.24409
153000.0 176.19523
154000.0 181.2841
155000.0 177.67108
156000.0 181.81851
157000.0 172.70166
158000.0 187.38321
159000.0 175.12514
160000.0 170.67887
161000.0 178.75898
162000.0 178.76444
163000.0 182.60874
164000.0 179.20531
165000.0 175.75725
166000.0 184.39364
167000.0 182.63013
168000.0 183.54686
169000.0 186.63196
170000.0 178.94517
171000.0 186.72058
172000.0 173.24213
173000.0 182.45672
174000.0 186.13974
175000.0 176.86164
176000.0 178.11977
177000.0 187.83012
178000.0 178.29611
179000.0 181.55905
180000.0 179.64566
181000.0 179.1195
182000.0 185.63329
183000.0 177.02092
184000.0 177.42107
185000.0 186.7025
186000.0 178.56907
187000.0 190.67709
188000.0 184.25294
189000.0 180.54199
190000.0 184.17586
191000.0 180.58479
192000.0 175.40638
193000.0 179.88754
194000.0 181.16528
195000.0 180.86718
196000.0 179.61063
197000.0 170.00562
198000.0 182.92051
199000.0 185.93467
200000.0 182.50212
