0.0 -2746.7361
1000.0 -1990.5306
2000.0 -2068.5398
3000.0 -2099.6528
4000.0 -2089.4014
5000.0 -2088.644
6000.0 -2086.8721
7000.0 -2098.3711
8000.0 -2120.2047
9000.0 -2105.9678
10000.0 -2102.1481
11000.0 -2123.6141
12000.0 -2130.8023
13000.0 -2106.7643
14000.0 -2128.3682
15000.0 -2100.506
16000.0 -2075.2748
17000.0 -2082.6035
18000.0 -2167.0145
19000.0 -2113.2112
20000.0 -2116.2523
21000.0 -2084.7686
22000.0 -2108.3093
23000.0 -2064.9226
24000.0 -2117.3551
25000.0 -2100.8957
26000.0 -2111.3539
27000.0 -2085.1528
28000.0 -2093.1948
29000.0 -2124.0607
30000.0 -2100.4262
31000.0 -2080.3913
32000.0 -2123.2065
33000.0 -2096.2562
34000.0 -2089.9544
35000.0 -2067.5969
36000.0 -2094.7213
37000.0 -2079.3321
38000.0 -2100.0591
39000.0 -2086.5936
40000.0 -2091.0376
41000.0 -2104.6531
42000.0 -2090.3152
43000.0 -2140.3091
44000.0 -2083.6255
45000.0 -2091.1938
46000.0 -2094.193
47000.0 -2055.4019
48000.0 -2071.5256
49000.0 -2036.0254
50000.0 -2098.9297
51000.0 -2107.4106
52000.0 -2124.5732
53000.0 -2121.2933
54000.0 -2114.1538
55000.0 -2125.6298
56000.0 -2116.4841
57000.0 -2099.6383
58000.0 -2119.13
59000.0 -2114.3914
60000.0 -2078.6346
61000.0 -2097.6783
62000.0 -2127.4581
63000.0 -2097.658
64000.0 -2119.0354
65000.0 -2115.7769
66000.0 -2063.4509
67000.0 -2099.75
68000.0 -2059.2565
69000.0 -2099.4293
70000.0 -2129.2145
71000.0 -2083.0439
72000.0 -2099.9579
73000.0 -2046.3252
74000.0 -2067.3505
75000.0 -2110.1867
76000.0 -2109.0443
77000.0 -2081.2567
78000.0 -2081.0997
79000.0 -2098.8024
80000.0 -2077.9044
81000.0 -2067.8115
82000.0 -2091.8492
83000.0 -2107.3075
84000.0 -2055.7821
85000.0 -2081.9394
86000.0 -2087.8305
87000.0 -2094.69
88000.0 -2113.5355
89000.0 -2110.9255
90000.0 -2097.9736
91000.0 -2088.7871
92000.0 -2079.1097
93000.0 -2110.9942
94000.0 -2122.5503
95000.0 -2103.5842
96000.0 -2098.7527
97000.0 -2102.3296
98000.0 -2099.4707
99000.0 -2115.7053
100000.0 -2080.2697
101000.0 -2117.0083
102000.0 -2055.5057
103000.0 -2100.3323
104000.0 -2136.1337
105000.0 -2107.7472
106000.0 -2125.9196
107000.0 -2066.9461
108000.0 -2092.0935
109000.0 -2105.661
110000.0 -2117.4465
111000.0 -2087.2374
112000.0 -2103.7931
113000.0 -2122.5963
114000.0 -2061.9807
115000.0 -2137.8466
116000.0 -2074.5104
117000.0 -2128.2732
118000.0 -2109.9765
119000.0 -2054.2842
120000.0 -2096.0307
121000.0 -2079.6242
122000.0 -2094.4077
123000.0 -2088.7624
124000.0 -2110.9244
125000.0 -2125.2075
126000.0 -2091.9115
127000.0 -2100.7428
128000.0 -2085.8226
129000.0 -2113.3373
130000.0 -2124.8143
131000.0 -2063.1136
132000.0 -2070.4283
133000.0 -2110.5723
134000.0 -2064.8737
135000.0 -2093.5921
136000.0 -2110.7708
137000.0 -2068.4386
138000.0 -2122.2225
139000.0 -2111.1091
140000.0 -2093.9312
141000.0 -2103.13
142000.0 -2097.975
143000.0 -2137.4269
144000.0 -2103.7273
145000.0 -2110.8088
146000.0 -2120.2846
147000.0 -2189.7913
148000.0 -2111.0664
149000.0 -2121.0179
150000.0 -2142.4153
151000.0 -2107.84
152000.0 -2104.0767
153000.0 -2095.5249
154000.0 -2079.0076
155000.0 -2106.9765
156000.0 -2103.1622
157000.0 -2142.5744
158000.0 -2118.2947
159000.0 -2099.5402
160000.0 -2093.5879
161000.0 -2080.5946
162000.0 -2122.0038
163000.0 -2070.102
164000.0 -2136.6142
165000.0 -2122.4308
166000.0 -2116.5977
167000.0 -2138.1472
168000.0 -2099.9764
169000.0 -2068.5985
170000.0 -2066.1205
171000.0 -2105.9882
172000.0 -2087.8306
173000.0 -2088.8355
174000.0 -2112.3197
175000.0 -2088.7194
176000.0 -2109.116
177000.0 -2094.2065
178000.0 -2074.299
179000.0 -2095.3443
180000.0 -2129.3521
181000.0 -2130.6653
182000.0 -2110.73
183000.0 -2107.6993
184000.0 -2132.8748
185000.0 -2092.5582
186000.0 -2079.916
187000.0 -2126.9267
188000.0 -2081.4279
189000.0 -2097.5906
190000.0 -2079.9648
191000.0 -2099.1867
192000.0 -2076.333
193000.0 -2061.9207
194000.0 -2131.684
195000.0 -2085.9767
196000.0 -2089.091
197000.0 -2094.965
198000.0 -2094.386
199000.0 -2107.7631
200000.0 -2145.8006
