0.0 -1001.3381
1000.0 -975.80759
2000.0 -926.91787
3000.0 -869.84685
4000.0 -812.11034
5000.0 -763.15719
6000.0 -735.41405
7000.0 -738.95584
8000.0 -769.97529
9000.0 -794.28688
10000.0 -792.36862
11000.0 -775.2493
12000.0 -755.17347
13000.0 -752.18966
14000.0 -771.00902
15000.0 -782.45233
16000.0 -781.54711
17000.0 -771.05471
18000.0 -759.64536
19000.0 -760.63616
20000.0 -772.91797
21000.0 -787.06272
22000.0 -787.84205
23000.0 -771.09928
24000.0 -757.99713
25000.0 -760.84252
26000.0 -777.95636
27000.0 -799.39574
28000.0 -794.9675
29000.0 -782.5739
30000.0 -767.62121
31000.0 -757.18144
32000.0 -757.07638
33000.0 -780.06652
34000.0 -795.08658
35000.0 -782.83659
36000.0 -767.98224
37000.0 -765.55826
38000.0 -768.73902
39000.0 -779.7624
40000.0 -792.56281
41000.0 -791.15146
42000.0 -769.04234
43000.0 -760.32599
44000.0 -761.73416
45000.0 -770.3867
46000.0 -791.40127
47000.0 -804.44489
48000.0 -788.5016
49000.0 -772.29041
50000.0 -766.16417
51000.0 -761.2304
52000.0 -767.88032
53000.0 -787.58666
54000.0 -791.04611
55000.0 -777.60724
56000.0 -749.61879
57000.0 -757.04625
58000.0 -773.19419
59000.0 -784.36625
60000.0 -782.78209
61000.0 -756.44939
62000.0 -753.99677
63000.0 -767.32353
64000.0 -778.40882
65000.0 -778.35955
66000.0 -763.99408
67000.0 -737.54775
68000.0 -743.19142
69000.0 -761.08219
70000.0 -773.08281
71000.0 -774.08003
72000.0 -777.58071
73000.0 -788.17884
74000.0 -783.03493
75000.0 -763.08767
76000.0 -757.82164
77000.0 -766.72116
78000.0 -789.49968
79000.0 -796.61932
80000.0 -768.81088
81000.0 -751.33674
82000.0 -749.65292
83000.0 -767.94533
84000.0 -781.13913
85000.0 -780.88567
86000.0 -758.48282
87000.0 -749.08304
88000.0 -757.97828
89000.0 -773.64155
90000.0 -781.88522
91000.0 -777.40082
92000.0 -771.72751
93000.0 -768.65976
94000.0 -767.81251
95000.0 -765.68973
96000.0 -771.49507
97000.0 -795.1164
98000.0 -799.32741
99000.0 -783.70642
100000.0 -772.04783
101000.0 -763.97756
102000.0 -764.18759
103000.0 -781.72934
104000.0 -798.33858
105000.0 -789.85589
106000.0 -771.02879
107000.0 -769.68381
108000.0 -766.75386
109000.0 -758.13316
110000.0 -752.42741
111000.0 -760.11868
112000.0 -780.19768
113000.0 -781.59047
114000.0 -762.00954
115000.0 -757.31489
116000.0 -760.83991
117000.0 -767.73967
118000.0 -781.79338
119000.0 -802.91521
120000.0 -805.23155
121000.0 -775.15122
122000.0 -763.06815
123000.0 -758.96008
124000.0 -774.51707
125000.0 -786.41733
126000.0 -775.46142
127000.0 -757.97282
128000.0 -761.75909
129000.0 -770.93851
130000.0 -778.55369
131000.0 -776.29457
132000.0 -754.36547
133000.0 -751.2908
134000.0 -771.40671
135000.0 -774.75791
136000.0 -770.62017
137000.0 -765.86846
138000.0 -742.41004
139000.0 -738.79704
140000.0 -760.15756
141000.0 -770.1478
142000.0 -774.46991
143000.0 -773.0354
144000.0 -749.70395
145000.0 -742.71595
146000.0 -761.27065
147000.0 -773.03243
148000.0 -777.04773
149000.0 -776.9656
150000.0 -770.4161
151000.0 -751.43979
152000.0 -744.89258
153000.0 -757.57444
154000.0 -781.02467
155000.0 -777.99878
156000.0 -771.0573
157000.0 -754.04832
158000.0 -745.74536
159000.0 -772.99032
160000.0 -779.31815
161000.0 -770.69749
162000.0 -759.75363
163000.0 -763.58899
164000.0 -787.1718
165000.0 -787.52652
166000.0 -773.24599
167000.0 -766.01902
168000.0 -767.3112
169000.0 -773.0439
170000.0 -778.24255
171000.0 -795.73842
172000.0 -793.6986
173000.0 -769.85955
174000.0 -763.76462
175000.0 -767.51639
176000.0 -774.43813
177000.0 -782.1818
178000.0 -785.37074
179000.0 -776.16873
180000.0 -757.41046
181000.0 -753.58252
182000.0 -768.19845
183000.0 -792.02837
184000.0 -789.16644
185000.0 -776.17091
186000.0 -764.52329
187000.0 -758.40763
188000.0 -773.0559
189000.0 -795.53199
190000.0 -787.27724
191000.0 -775.60711
192000.0 -760.05922
193000.0 -757.49765
194000.0 -765.34436
195000.0 -791.57112
196000.0 -791.53026
197000.0 -773.15392
198000.0 -764.24294
199000.0 -769.54512
200000.0 -770.10141
