0.0 -1001.3381
1000.0 -732.13399
2000.0 -779.9802
3000.0 -761.96207
4000.0 -772.95245
5000.0 -777.30484
6000.0 -757.57037
7000.0 -754.86967
8000.0 -763.02119
9000.0 -771.28277
10000.0 -750.88743
11000.0 -760.7303
12000.0 -748.51847
13000.0 -768.92156
14000.0 -769.47083
15000.0 -760.28995
16000.0 -754.11616
17000.0 -770.87731
18000.0 -780.40286
19000.0 -800.25499
20000.0 -753.19871
21000.0 -784.55948
22000.0 -769.87545
23000.0 -767.50074
24000.0 -749.19808
25000.0 -777.5536
26000.0 -769.48454
27000.0 -785.259
28000.0 -761.92902
29000.0 -750.10359
30000.0 -758.86477
31000.0 -783.98325
32000.0 -772.24839
33000.0 -769.29178
34000.0 -778.40397
35000.0 -763.58198
36000.0 -776.81588
37000.0 -761.30273
38000.0 -778.89982
39000.0 -767.10712
40000.0 -788.37236
41000.0 -767.81336
42000.0 -760.33026
43000.0 -774.15016
44000.0 -784.44402
45000.0 -765.77646
46000.0 -757.75747
47000.0 -778.30215
48000.0 -769.24956
49000.0 -763.12953
50000.0 -782.21129
51000.0 -769.10892
52000.0 -737.07606
53000.0 -776.2255
54000.0 -794.48611
55000.0 -767.17661
56000.0 -750.76602
57000.0 -779.69695
58000.0 -782.16863
59000.0 -773.09694
60000.0 -752.20828
61000.0 -758.01686
62000.0 -789.37961
63000.0 -757.45412
64000.0 -743.92934
65000.0 -767.98559
66000.0 -768.59947
67000.0 -762.59135
68000.0 -777.63965
69000.0 -753.16528
70000.0 -763.47452
71000.0 -779.76269
72000.0 -768.18709
73000.0 -774.01752
74000.0 -763.5961
75000.0 -769.09228
76000.0 -771.89436
77000.0 -772.23787
78000.0 -764.91445
79000.0 -765.58734
80000.0 -770.22308
81000.0 -745.80512
82000.0 -763.88454
83000.0 -773.0262
84000.0 -773.3744
85000.0 -779.46063
86000.0 -782.30466
87000.0 -776.19628
88000.0 -775.69964
89000.0 -768.42863
90000.0 -765.24127
91000.0 -770.50129
92000.0 -746.29017
93000.0 -769.31834
94000.0 -781.94298
95000.0 -785.25116
96000.0 -756.03239
97000.0 -764.55408
98000.0 -749.81512
99000.0 -754.20339
100000.0 -778.53321
101000.0 -758.96162
102000.0 -741.68309
103000.0 -748.74683
104000.0 -761.88904
105000.0 -765.76827
106000.0 -776.78544
107000.0 -746.88029
108000.0 -779.9076
109000.0 -748.14238
110000.0 -758.88823
111000.0 -761.06564
112000.0 -783.08776
113000.0 -760.46837
114000.0 -757.39233
115000.0 -762.91681
116000.0 -740.69039
117000.0 -762.58819
118000.0 -758.4375
119000.0 -794.29038
120000.0 -776.63793
121000.0 -762.41836
122000.0 -768.15741
123000.0 -773.00989
124000.0 -787.52078
125000.0 -780.99305
126000.0 -760.56862
127000.0 -761.98392
128000.0 -768.50355
129000.0 -750.90987
130000.0 -747.99064
131000.0 -763.39348
132000.0 -774.34759
133000.0 -766.26348
134000.0 -787.07961
135000.0 -776.39362
136000.0 -766.83821
137000.0 -784.13608
138000.0 -796.66995
139000.0 -788.07688
140000.0 -774.08786
141000.0 -780.34602
142000.0 -757.87214
143000.0 -754.76004
144000.0 -773.64882
145000.0 -765.32393
146000.0 -780.03372
147000.0 -779.48437
148000.0 -784.12413
149000.0 -786.5985
150000.0 -745.77013
151000.0 -759.73082
152000.0 -773.58896
153000.0 -770.31529
154000.0 -773.91625
155000.0 -764.00059
156000.0 -760.94506
157000.0 -794.59888
158000.0 -780.98887
159000.0 -762.86565
160000.0 -778.47172
161000.0 -749.61378
162000.0 -783.89369
163000.0 -775.0439
164000.0 -785.39677
165000.0 -769.28712
166000.0 -780.77351
167000.0 -779.93715
168000.0 -769.28492
169000.0 -751.08277
170000.0 -769.03439
171000.0 -780.57892
172000.0 -766.51805
173000.0 -790.11711
174000.0 -753.94785
175000.0 -781.15862
176000.0 -762.67128
177000.0 -776.69866
178000.0 -768.16434
179000.0 -795.23363
180000.0 -784.52871
181000.0 -760.20144
182000.0 -760.79056
183000.0 -789.01741
184000.0 -781.85798
185000.0 -779.51407
186000.0 -778.57378
187000.0 -785.08029
188000.0 -752.95528
189000.0 -760.43302
190000.0 -754.15346
191000.0 -789.42728
192000.0 -779.03992
193000.0 -762.91808
194000.0 -766.88696
195000.0 -765.76382
196000.0 -764.12884
197000.0 -771.45808
198000.0 -757.17989
199000.0 -770.29707
200000.0 -753.16461
