0.0 -1729.9217
1000.0 -1242.1783
2000.0 -1289.0655
3000.0 -1269.329
4000.0 -1305.7221
5000.0 -1316.9998
6000.0 -1311.3227
7000.0 -1312.5698
8000.0 -1346.3112
9000.0 -1334.5183
10000.0 -1349.8436
11000.0 -1337.9044
12000.0 -1314.8583
13000.0 -1335.4635
14000.0 -1346.3042
15000.0 -1312.9209
16000.0 -1330.7233
17000.0 -1346.6915
18000.0 -1346.4365
19000.0 -1333.1143
20000.0 -1316.5245
21000.0 -1310.8058
22000.0 -1345.2623
23000.0 -1341.9326
24000.0 -1314.1036
25000.0 -1343.4517
26000.0 -1317.5402
27000.0 -1295.2877
28000.0 -1330.03
29000.0 -1332.9636
30000.0 -1325.2196
31000.0 -1336.4979
32000.0 -1318.5099
33000.0 -1356.1238
34000.0 -1332.5913
35000.0 -1330.7902
36000.0 -1340.8408
37000.0 -1325.3328
38000.0 -1339.5817
39000.0 -1341.8577
40000.0 -1289.1608
41000.0 -1296.6979
42000.0 -1342.2302
43000.0 -1326.029
44000.0 -1327.1733
45000.0 -1325.6926
46000.0 -1314.1212
47000.0 -1308.5902
48000.0 -1340.2654
49000.0 -1323.5885
50000.0 -1351.7674
51000.0 -1325.8435
52000.0 -1308.8737
53000.0 -1346.7506
54000.0 -1343.4886
55000.0 -1333.0601
56000.0 -1327.8297
57000.0 -1328.595
58000.0 -1362.6936
59000.0 -1301.5342
60000.0 -1347.0537
61000.0 -1333.3057
62000.0 -1346.8134
63000.0 -1324.3426
64000.0 -1327.4242
65000.0 -1319.8974
66000.0 -1336.4763
67000.0 -1318.1445
68000.0 -1347.0337
69000.0 -1332.209
70000.0 -1358.5212
71000.0 -1323.3491
72000.0 -1357.024
73000.0 -1325.8327
74000.0 -1338.5987
75000.0 -1323.5486
76000.0 -1351.0411
77000.0 -1369.6031
78000.0 -1315.2268
79000.0 -1325.5451
80000.0 -1325.6915
81000.0 -1319.5826
82000.0 -1346.4266
83000.0 -1342.4462
84000.0 -1305.9056
85000.0 -1344.1416
86000.0 -1324.0808
87000.0 -1318.8458
88000.0 -1321.0683
89000.0 -1331.243
90000.0 -1341.3095
91000.0 -1342.0095
92000.0 -1307.2239
93000.0 -1333.3563
94000.0 -1316.0009
95000.0 -1323.1137
96000.0 -1314.6342
97000.0 -1323.7362
98000.0 -1317.9452
99000.0 -1323.4599
100000.0 -1324.4039
101000.0 -1316.3188
102000.0 -1298.373
103000.0 -1333.3301
104000.0 -1340.3485
105000.0 -1316.5253
106000.0 -1323.7507
107000.0 -1348.189
108000.0 -1324.2314
109000.0 -1336.3237
110000.0 -1322.5757
111000.0 -1338.6563
112000.0 -1347.2118
113000.0 -1317.1513
114000.0 -1325.7517
115000.0 -1334.8185
116000.0 -1345.2982
117000.0 -1317.1886
118000.0 -1341.6897
119000.0 -1320.8867
120000.0 -1328.1656
121000.0 -1324.6881
122000.0 -1318.7052
123000.0 -1334.3097
124000.0 -1310.4577
125000.0 -1308.2958
126000.0 -1337.5404
127000.0 -1325.6895
128000.0 -1280.4181
129000.0 -1320.3949
130000.0 -1314.4519
131000.0 -1335.6474
132000.0 -1307.3743
133000.0 -1321.0381
134000.0 -1319.8585
135000.0 -1293.5246
136000.0 -1319.4045
137000.0 -1314.4508
138000.0 -1325.5398
139000.0 -1306.5271
140000.0 -1329.2601
141000.0 -1340.591
142000.0 -1336.3303
143000.0 -1308.2846
144000.0 -1358.1301
145000.0 -1334.3573
146000.0 -1313.1697
147000.0 -1281.5639
148000.0 -1325.9582
149000.0 -1306.8616
150000.0 -1332.4293
151000.0 -1319.2301
152000.0 -1316.4243
153000.0 -1332.0147
154000.0 -1318.5476
155000.0 -1327.1688
156000.0 -1304.9475
157000.0 -1339.2087
158000.0 -1312.9939
159000.0 -1348.9311
160000.0 -1350.4957
161000.0 -1307.399
162000.0 -1325.0701
163000.0 -1308.9777
164000.0 -1319.7251
165000.0 -1334.337
166000.0 -1331.9642
167000.0 -1327.5653
168000.0 -1288.8594
169000.0 -1333.457
170000.0 -1341.277
171000.0 -1326.678
172000.0 -1321.9615
173000.0 -1314.6065
174000.0 -1305.0113
175000.0 -1313.4879
176000.0 -1319.6457
177000.0 -1326.7085
178000.0 -1328.0913
179000.0 -1318.0139
180000.0 -1311.7423
181000.0 -1290.0836
182000.0 -1300.9742
183000.0 -1327.0417
184000.0 -1298.0956
185000.0 -1324.8725
186000.0 -1302.4607
187000.0 -1342.291
188000.0 -1309.7222
189000.0 -1325.6496
190000.0 -1323.0082
191000.0 -1311.479
192000.0 -1322.9986
193000.0 -1344.5921
194000.0 -1349.9025
195000.0 -1344.8644
196000.0 -1335.8797
197000.0 -1344.8334
198000.0 -1316.1813
199000.0 -1324.4515
200000.0 -1321.0321
