0.0 -1001.3381
200.0 -846.47373
400.0 -788.05
600.0 -788.10842
800.0 -788.4761
1000.0 -780.14228
1200.0 -784.39583
1400.0 -800.3962
1600.0 -778.36794
1800.0 -781.64685
2000.0 -767.54366
2200.0 -768.33284
2400.0 -776.40643
2600.0 -749.83666
2800.0 -754.35268
3000.0 -755.04353
3200.0 -754.79941
3400.0 -741.15577
3600.0 -765.36728
3800.0 -760.95259
4000.0 -758.17633
4200.0 -767.51795
4400.0 -777.52351
4600.0 -772.32729
4800.0 -770.4166
5000.0 -762.38075
5200.0 -763.77718
5400.0 -783.74723
5600.0 -764.36779
5800.0 -778.83857
6000.0 -773.07242
6200.0 -774.2212
6400.0 -787.17436
6600.0 -778.97446
6800.0 -789.09927
7000.0 -775.36458
7200.0 -774.38984
7400.0 -764.30178
7600.0 -770.39946
7800.0 -786.78114
8000.0 -774.93576
8200.0 -783.18409
8400.0 -776.94423
8600.0 -784.11872
8800.0 -791.38253
9000.0 -777.69546
9200.0 -776.90845
9400.0 -777.12319
9600.0 -773.03051
9800.0 -783.35498
10000.0 -784.54253
10200.0 -785.63659
10400.0 -792.9038
10600.0 -783.05839
10800.0 -782.56641
11000.0 -771.78667
11200.0 -770.66011
11400.0 -778.01335
11600.0 -780.68472
11800.0 -783.71708
12000.0 -784.56577
12200.0 -780.13252
12400.0 -789.13924
12600.0 -763.81263
12800.0 -761.05371
13000.0 -771.88845
13200.0 -780.09615
13400.0 -754.13322
13600.0 -758.93545
13800.0 -748.23629
14000.0 -761.83908
14200.0 -759.25705
14400.0 -776.7226
14600.0 -776.31454
14800.0 -757.96642
15000.0 -759.1564
15200.0 -775.00329
15400.0 -772.12221
15600.0 -777.16183
15800.0 -769.85804
16000.0 -770.0423
16200.0 -793.83556
16400.0 -791.58076
16600.0 -767.66343
16800.0 -780.84099
17000.0 -776.42038
17200.0 -765.66968
17400.0 -784.61458
17600.0 -769.88719
17800.0 -765.26291
18000.0 -767.70852
18200.0 -769.36611
18400.0 -760.32418
18600.0 -752.5584
18800.0 -765.59988
19000.0 -768.80976
19200.0 -772.42008
19400.0 -769.15326
19600.0 -783.57375
19800.0 -766.3057
20000.0 -746.47219
20200.0 -773.47222
20400.0 -775.05365
20600.0 -765.72949
20800.0 -774.27922
21000.0 -765.99153
21200.0 -755.95653
21400.0 -762.81416
21600.0 -775.38759
21800.0 -777.91486
22000.0 -784.50108
22200.0 -778.23058
22400.0 -776.14054
22600.0 -776.83247
22800.0 -781.79139
23000.0 -782.45623
23200.0 -758.43074
23400.0 -767.44838
23600.0 -770.81808
23800.0 -775.91953
24000.0 -778.75202
24200.0 -777.16812
24400.0 -788.81016
24600.0 -770.01333
24800.0 -767.28346
25000.0 -766.53865
25200.0 -765.31722
25400.0 -773.87878
25600.0 -774.49846
25800.0 -768.33876
26000.0 -779.61585
26200.0 -757.73741
26400.0 -776.46985
26600.0 -765.66473
26800.0 -755.82538
27000.0 -766.96324
27200.0 -768.19744
27400.0 -772.28351
27600.0 -775.67418
27800.0 -755.57106
28000.0 -774.36724
28200.0 -780.80669
28400.0 -773.20956
28600.0 -752.2378
28800.0 -767.16249
29000.0 -759.53902
29200.0 -759.56803
29400.0 -780.54493
29600.0 -765.19781
29800.0 -772.79017
30000.0 -783.69873
30200.0 -787.62112
30400.0 -776.81109
30600.0 -764.24372
30800.0 -758.46736
31000.0 -768.28475
31200.0 -773.71357
31400.0 -780.55677
31600.0 -768.33114
31800.0 -768.57792
32000.0 -783.24314
32200.0 -783.83601
32400.0 -765.0752
32600.0 -772.70275
32800.0 -764.59972
33000.0 -762.06234
33200.0 -773.90888
33400.0 -765.947
33600.0 -770.92723
33800.0 -760.74634
34000.0 -777.98611
34200.0 -761.15026
34400.0 -774.25789
34600.0 -779.02937
34800.0 -739.5874
35000.0 -772.05753
35200.0 -750.89142
35400.0 -744.10282
35600.0 -768.00947
35800.0 -776.54916
36000.0 -755.45471
36200.0 -767.64424
36400.0 -784.90633
36600.0 -764.86223
36800.0 -773.05841
37000.0 -760.11006
37200.0 -763.81061
37400.0 -773.46013
37600.0 -776.06328
37800.0 -750.57908
38000.0 -754.47348
38200.0 -776.57912
38400.0 -771.13543
38600.0 -774.64493
38800.0 -778.91286
39000.0 -767.36483
39200.0 -750.39435
39400.0 -771.65148
39600.0 -774.63523
39800.0 -751.74317
40000.0 -769.11289
40200.0 -773.64185
40400.0 -772.79051
40600.0 -772.31589
40800.0 -774.2
41000.0 -785.98847
41200.0 -777.19102
41400.0 -774.6578
41600.0 -778.14381
41800.0 -778.66647
42000.0 -778.20549
42200.0 -770.99983
42400.0 -760.27962
42600.0 -752.6675
42800.0 -772.0119
43000.0 -765.46824
43200.0 -771.89872
43400.0 -770.61617
43600.0 -766.01837
43800.0 -756.66416
44000.0 -766.8249
44200.0 -760.32175
44400.0 -766.26674
44600.0 -785.77842
44800.0 -765.75259
45000.0 -776.37807
45200.0 -786.66257
45400.0 -769.7771
45600.0 -764.64002
45800.0 -770.31997
46000.0 -773.39977
46200.0 -761.12481
46400.0 -768.41867
46600.0 -783.27652
46800.0 -780.75606
47000.0 -775.60786
47200.0 -761.3851
47400.0 -765.52316
47600.0 -777.60571
47800.0 -778.8641
48000.0 -775.26446
48200.0 -777.09836
48400.0 -772.82418
48600.0 -775.89571
48800.0 -763.74815
49000.0 -763.71038
49200.0 -773.21479
49400.0 -761.46703
49600.0 -772.71644
49800.0 -782.74254
50000.0 -779.33645
50200.0 -755.48524
50400.0 -768.61722
50600.0 -770.26337
50800.0 -757.22507
51000.0 -762.66497
51200.0 -772.74059
51400.0 -779.25239
51600.0 -772.71411
51800.0 -774.59351
52000.0 -764.13378
52200.0 -787.55429
52400.0 -769.19507
52600.0 -790.36816
52800.0 -773.14917
53000.0 -784.68316
53200.0 -785.64544
53400.0 -782.8682
53600.0 -780.8639
53800.0 -765.5795
54000.0 -766.97974
54200.0 -772.92325
54400.0 -754.84704
54600.0 -773.29134
54800.0 -774.09973
55000.0 -770.55156
55200.0 -778.74438
55400.0 -773.94347
55600.0 -763.33228
55800.0 -760.64725
56000.0 -764.57748
56200.0 -780.64109
56400.0 -777.16991
56600.0 -766.78426
56800.0 -772.05172
57000.0 -773.26584
57200.0 -765.83638
57400.0 -774.45267
57600.0 -786.53913
57800.0 -772.2699
58000.0 -782.05461
58200.0 -777.53768
58400.0 -765.4414
58600.0 -770.28973
58800.0 -760.41885
59000.0 -765.11781
59200.0 -755.92987
59400.0 -756.14776
59600.0 -753.46543
59800.0 -778.25516
60000.0 -771.21767
60200.0 -759.11537
60400.0 -757.84312
60600.0 -781.28697
60800.0 -767.91123
61000.0 -749.13981
61200.0 -760.033
61400.0 -754.3524
61600.0 -766.11088
61800.0 -787.5813
62000.0 -788.20258
62200.0 -772.30386
62400.0 -767.98963
62600.0 -764.77612
62800.0 -769.57983
63000.0 -785.6272
63200.0 -766.23737
63400.0 -752.09885
63600.0 -775.94662
63800.0 -774.87414
64000.0 -762.64977
64200.0 -770.79517
64400.0 -763.84894
64600.0 -763.54674
64800.0 -751.66663
65000.0 -741.52952
65200.0 -746.23767
65400.0 -765.71373
65600.0 -752.38204
65800.0 -752.75247
66000.0 -757.10785
66200.0 -756.84525
66400.0 -755.96737
66600.0 -770.79258
66800.0 -773.54974
67000.0 -771.81446
67200.0 -757.37554
67400.0 -766.38584
67600.0 -767.1532
67800.0 -764.7367
68000.0 -763.7866
68200.0 -761.16481
68400.0 -765.74074
68600.0 -767.87071
68800.0 -771.63819
69000.0 -761.98026
69200.0 -775.05279
69400.0 -767.06271
69600.0 -797.9033
69800.0 -780.16222
70000.0 -791.86936
70200.0 -774.11849
70400.0 -772.80036
70600.0 -766.75263
70800.0 -778.976
71000.0 -770.96674
71200.0 -759.39378
71400.0 -767.36342
71600.0 -770.42266
71800.0 -760.75638
72000.0 -768.74713
72200.0 -777.14522
72400.0 -781.36336
72600.0 -771.96871
72800.0 -773.6141
73000.0 -754.48687
73200.0 -755.47938
73400.0 -766.22687
73600.0 -774.41904
73800.0 -791.43871
74000.0 -784.56626
74200.0 -778.95905
74400.0 -777.93667
74600.0 -786.1093
74800.0 -769.8511
75000.0 -762.78826
75200.0 -773.2861
75400.0 -776.12346
75600.0 -764.66526
75800.0 -747.5654
76000.0 -765.08543
76200.0 -754.57939
76400.0 -763.55298
76600.0 -766.31231
76800.0 -754.49936
77000.0 -764.20855
77200.0 -763.49771
77400.0 -785.0403
77600.0 -761.48873
77800.0 -768.20023
78000.0 -771.32968
78200.0 -769.44012
78400.0 -775.64102
78600.0 -756.0523
78800.0 -773.49557
79000.0 -770.62291
79200.0 -772.17487
79400.0 -759.37723
79600.0 -776.62277
79800.0 -766.49435
80000.0 -771.03629
80200.0 -771.52618
80400.0 -754.31751
80600.0 -765.88539
80800.0 -778.04946
81000.0 -772.30824
81200.0 -768.01895
81400.0 -764.11857
81600.0 -764.12702
81800.0 -770.04239
82000.0 -775.23933
82200.0 -766.8499
82400.0 -764.41045
82600.0 -770.95271
82800.0 -765.22457
83000.0 -757.54758
83200.0 -782.93025
83400.0 -768.67722
83600.0 -762.35971
83800.0 -765.11051
84000.0 -768.31107
84200.0 -778.95742
84400.0 -770.66614
84600.0 -769.34009
84800.0 -772.52521
85000.0 -771.65414
85200.0 -760.76355
85400.0 -774.10957
85600.0 -764.86265
85800.0 -788.78833
86000.0 -779.91855
86200.0 -771.24077
86400.0 -775.01828
86600.0 -781.04236
86800.0 -768.69641
87000.0 -760.20635
87200.0 -765.32364
87400.0 -762.36379
87600.0 -777.89958
87800.0 -769.75472
88000.0 -764.63388
88200.0 -796.01992
88400.0 -790.93379
88600.0 -789.18961
88800.0 -789.75186
89000.0 -768.33764
89200.0 -774.17985
89400.0 -777.64212
89600.0 -797.69265
89800.0 -771.07305
90000.0 -784.02445
90200.0 -768.22843
90400.0 -767.68863
90600.0 -761.54635
90800.0 -769.48086
91000.0 -760.93397
91200.0 -775.62596
91400.0 -766.49215
91600.0 -780.53773
91800.0 -775.41092
92000.0 -763.51136
92200.0 -766.03766
92400.0 -784.16868
92600.0 -782.27557
92800.0 -775.50256
93000.0 -772.78437
93200.0 -772.89305
93400.0 -774.45665
93600.0 -778.8316
93800.0 -768.63768
94000.0 -770.67787
94200.0 -763.71203
94400.0 -763.8212
94600.0 -772.65924
94800.0 -768.82126
95000.0 -762.62822
95200.0 -758.54259
95400.0 -765.88006
95600.0 -767.84372
95800.0 -778.1465
96000.0 -764.63965
96200.0 -769.04484
96400.0 -763.18434
96600.0 -763.87248
96800.0 -772.8459
97000.0 -771.80072
97200.0 -768.06578
97400.0 -771.41221
97600.0 -775.51605
97800.0 -773.59066
98000.0 -773.26593
98200.0 -783.01456
98400.0 -780.68184
98600.0 -776.13649
98800.0 -766.69138
99000.0 -780.15211
99200.0 -762.55647
99400.0 -773.49681
99600.0 -778.00759
99800.0 -780.05417
100000.0 -764.98965
100200.0 -765.68862
100400.0 -785.779
100600.0 -770.30256
100800.0 -763.93389
101000.0 -773.47362
101200.0 -760.86818
101400.0 -776.77155
101600.0 -769.40049
101800.0 -758.55028
102000.0 -749.43597
102200.0 -760.84909
102400.0 -767.61792
102600.0 -766.89006
102800.0 -774.30031
103000.0 -778.11603
103200.0 -781.32598
103400.0 -778.4476
103600.0 -764.48218
103800.0 -766.93911
104000.0 -777.13931
104200.0 -768.60295
104400.0 -759.29379
104600.0 -760.28389
104800.0 -777.88925
105000.0 -769.84992
105200.0 -768.09206
105400.0 -777.86565
105600.0 -764.32134
105800.0 -772.0911
106000.0 -769.55698
106200.0 -773.09838
106400.0 -765.27953
106600.0 -765.59652
106800.0 -775.68035
107000.0 -768.37343
107200.0 -776.55687
107400.0 -776.32206
107600.0 -783.6701
107800.0 -780.26496
108000.0 -769.23075
108200.0 -776.60649
108400.0 -770.12157
108600.0 -754.75462
108800.0 -762.09736
109000.0 -743.2768
109200.0 -767.30681
109400.0 -768.26367
109600.0 -767.60171
109800.0 -771.78025
110000.0 -779.20692
110200.0 -764.68487
110400.0 -778.17779
110600.0 -778.8827
110800.0 -782.32835
111000.0 -772.84399
111200.0 -779.18803
111400.0 -774.70273
111600.0 -769.3165
111800.0 -762.93117
112000.0 -765.10127
112200.0 -777.35084
112400.0 -781.72505
112600.0 -782.06549
112800.0 -774.9779
113000.0 -770.14642
113200.0 -756.84714
113400.0 -767.80531
113600.0 -764.00403
113800.0 -764.66182
114000.0 -778.36436
114200.0 -776.49707
114400.0 -790.00361
114600.0 -778.22959
114800.0 -776.49958
115000.0 -757.25955
115200.0 -772.55535
115400.0 -780.55702
115600.0 -770.26467
115800.0 -757.4688
116000.0 -751.93729
116200.0 -777.97508
116400.0 -761.4781
116600.0 -764.75354
116800.0 -773.4776
117000.0 -757.41715
117200.0 -762.87049
117400.0 -756.02813
117600.0 -753.13159
117800.0 -746.99357
118000.0 -759.40456
118200.0 -757.19933
118400.0 -771.63823
118600.0 -777.60407
118800.0 -779.00937
119000.0 -777.21253
119200.0 -778.65259
119400.0 -777.09021
119600.0 -777.36612
119800.0 -770.52209
120000.0 -778.88182
120200.0 -765.64398
120400.0 -778.86649
120600.0 -774.84944
120800.0 -776.08191
121000.0 -771.56321
121200.0 -771.56396
121400.0 -771.63058
121600.0 -765.42539
121800.0 -780.11748
122000.0 -769.10397
122200.0 -772.33267
122400.0 -782.90023
122600.0 -783.27343
122800.0 -772.11498
123000.0 -782.19152
123200.0 -767.73625
123400.0 -763.64304
123600.0 -757.31739
123800.0 -770.3501
124000.0 -778.53919
124200.0 -772.26276
124400.0 -766.46478
124600.0 -773.78759
124800.0 -777.24919
125000.0 -772.72988
125200.0 -784.62323
125400.0 -780.65007
125600.0 -774.28183
125800.0 -761.66879
126000.0 -768.82904
126200.0 -779.78939
126400.0 -784.0012
126600.0 -783.81988
126800.0 -777.77395
127000.0 -778.04579
127200.0 -766.90334
127400.0 -779.11909
127600.0 -779.0559
127800.0 -785.04806
128000.0 -779.02781
128200.0 -771.46386
128400.0 -781.99857
128600.0 -782.78723
128800.0 -770.3061
129000.0 -764.53898
129200.0 -755.81367
129400.0 -764.88684
129600.0 -767.98541
129800.0 -771.76092
130000.0 -764.24624
130200.0 -770.41235
130400.0 -777.53536
130600.0 -756.87672
130800.0 -751.73001
131000.0 -770.50807
131200.0 -756.06618
131400.0 -760.356
131600.0 -766.87281
131800.0 -783.76728
132000.0 -758.819
132200.0 -755.46327
132400.0 -775.16208
132600.0 -761.69649
132800.0 -763.38145
133000.0 -760.77743
133200.0 -761.71707
133400.0 -749.92985
133600.0 -740.45891
133800.0 -757.35747
134000.0 -759.87268
134200.0 -760.07112
134400.0 -747.54669
134600.0 -762.53371
134800.0 -777.65844
135000.0 -765.44082
135200.0 -782.12567
135400.0 -762.25917
135600.0 -771.44056
135800.0 -766.31547
136000.0 -785.07349
136200.0 -762.51718
136400.0 -772.6526
136600.0 -776.50685
136800.0 -783.5866
137000.0 -771.36557
137200.0 -771.43169
137400.0 -772.32465
137600.0 -772.36174
137800.0 -768.62931
138000.0 -775.4345
138200.0 -760.60449
138400.0 -777.32708
138600.0 -771.76254
138800.0 -770.0803
139000.0 -771.46072
139200.0 -764.08873
139400.0 -770.04651
139600.0 -759.60579
139800.0 -780.38905
140000.0 -774.12792
140200.0 -769.34972
140400.0 -760.47867
140600.0 -779.47651
140800.0 -769.43633
141000.0 -772.62854
141200.0 -773.92499
141400.0 -777.80439
141600.0 -788.60455
141800.0 -779.71567
142000.0 -770.02839
142200.0 -775.32125
142400.0 -767.61494
142600.0 -790.74034
142800.0 -781.77712
143000.0 -786.47796
143200.0 -783.00615
143400.0 -788.84299
143600.0 -780.53402
143800.0 -788.83379
144000.0 -785.01848
144200.0 -789.82643
144400.0 -791.40314
144600.0 -783.31961
144800.0 -773.29808
145000.0 -794.7375
145200.0 -769.77859
145400.0 -763.34954
145600.0 -782.84874
145800.0 -773.65354
146000.0 -770.72249
146200.0 -767.0379
146400.0 -775.85848
146600.0 -776.96607
146800.0 -764.04535
147000.0 -772.06313
147200.0 -769.56689
147400.0 -767.14193
147600.0 -764.14192
147800.0 -767.74822
148000.0 -765.77466
148200.0 -779.38642
148400.0 -771.49822
148600.0 -784.12874
148800.0 -765.1381
149000.0 -767.65289
149200.0 -762.38189
149400.0 -764.30633
149600.0 -767.82181
149800.0 -763.77974
150000.0 -770.49929
150200.0 -752.33604
150400.0 -749.68138
150600.0 -758.64009
150800.0 -769.54129
151000.0 -772.32268
151200.0 -771.53861
151400.0 -766.3622
151600.0 -763.46452
151800.0 -756.96465
152000.0 -758.30547
152200.0 -754.74002
152400.0 -746.71142
152600.0 -779.63622
152800.0 -778.38119
153000.0 -770.14258
153200.0 -771.14429
153400.0 -775.73467
153600.0 -775.26192
153800.0 -765.42599
154000.0 -775.91275
154200.0 -779.82797
154400.0 -789.97416
154600.0 -789.41137
154800.0 -774.27707
155000.0 -778.76801
155200.0 -764.37362
155400.0 -795.54002
155600.0 -772.91929
155800.0 -782.02295
156000.0 -768.80671
156200.0 -764.54755
156400.0 -772.38505
156600.0 -762.79626
156800.0 -744.43073
157000.0 -758.14363
157200.0 -767.7993
157400.0 -767.45668
157600.0 -757.43892
157800.0 -765.10958
158000.0 -758.57449
158200.0 -765.28526
158400.0 -775.63911
158600.0 -763.2746
158800.0 -759.66739
159000.0 -757.70358
159200.0 -753.57732
159400.0 -760.1944
159600.0 -771.50284
159800.0 -770.35929
160000.0 -765.52967
160200.0 -771.84086
160400.0 -761.01439
160600.0 -761.84544
160800.0 -771.25308
161000.0 -779.25644
161200.0 -764.20378
161400.0 -767.32116
161600.0 -762.94578
161800.0 -758.48274
162000.0 -757.81465
162200.0 -767.30195
162400.0 -770.38266
162600.0 -773.12308
162800.0 -791.30926
163000.0 -778.8254
163200.0 -770.41482
163400.0 -765.67428
163600.0 -766.81455
163800.0 -756.06899
164000.0 -759.89759
164200.0 -768.18462
164400.0 -782.25364
164600.0 -778.78555
164800.0 -761.64523
165000.0 -766.37204
165200.0 -771.52064
165400.0 -766.57649
165600.0 -766.41489
165800.0 -765.24878
166000.0 -773.19966
166200.0 -768.99615
166400.0 -786.1371
166600.0 -780.80833
166800.0 -778.47783
167000.0 -769.46967
167200.0 -769.64258
167400.0 -763.67024
167600.0 -769.41075
167800.0 -794.72754
168000.0 -780.85043
168200.0 -778.56304
168400.0 -771.44932
168600.0 -783.27433
168800.0 -779.29296
169000.0 -768.50567
169200.0 -784.07169
169400.0 -762.27306
169600.0 -779.50349
169800.0 -774.48494
170000.0 -776.97053
170200.0 -771.12887
170400.0 -764.59871
170600.0 -757.45076
170800.0 -761.45066
171000.0 -766.48573
171200.0 -782.13251
171400.0 -766.23887
171600.0 -771.47483
171800.0 -765.4316
172000.0 -778.70261
172200.0 -764.4481
172400.0 -761.50178
172600.0 -751.23075
172800.0 -760.36339
173000.0 -763.12296
173200.0 -749.64452
173400.0 -760.50761
173600.0 -775.53645
173800.0 -782.49899
174000.0 -774.28406
174200.0 -766.66979
174400.0 -763.12773
174600.0 -761.1474
174800.0 -786.97396
175000.0 -782.10674
175200.0 -779.89927
175400.0 -772.95107
175600.0 -774.84578
175800.0 -761.16222
176000.0 -769.38969
176200.0 -759.30778
176400.0 -772.75442
176600.0 -767.99
176800.0 -760.66274
177000.0 -777.75244
177200.0 -765.25985
177400.0 -774.63945
177600.0 -777.33637
177800.0 -773.98971
178000.0 -780.00609
178200.0 -771.89967
178400.0 -771.39506
178600.0 -761.17959
178800.0 -772.90472
179000.0 -764.63471
179200.0 -775.49272
179400.0 -753.48969
179600.0 -760.82494
179800.0 -757.14653
180000.0 -752.84878
180200.0 -769.52046
180400.0 -762.98924
180600.0 -758.99167
180800.0 -771.47839
181000.0 -775.34793
181200.0 -757.7804
181400.0 -768.65429
181600.0 -782.44215
181800.0 -773.97093
182000.0 -774.37203
182200.0 -762.29362
182400.0 -766.53701
182600.0 -765.45073
182800.0 -775.38139
183000.0 -772.79941
183200.0 -766.5368
183400.0 -767.57185
183600.0 -780.41509
183800.0 -782.73105
184000.0 -779.96721
184200.0 -773.2978
184400.0 -754.73286
184600.0 -758.06876
184800.0 -768.38429
185000.0 -780.19211
185200.0 -774.49987
185400.0 -774.93679
185600.0 -761.22948
185800.0 -771.3463
186000.0 -778.50406
186200.0 -781.16137
186400.0 -784.22313
186600.0 -767.52708
186800.0 -772.671
187000.0 -775.8434
187200.0 -777.64915
187400.0 -770.03479
187600.0 -775.56822
187800.0 -777.13774
188000.0 -771.40295
188200.0 -771.76629
188400.0 -770.2422
188600.0 -776.01823
188800.0 -782.14346
189000.0 -787.34384
189200.0 -769.95782
189400.0 -780.56517
189600.0 -781.90771
189800.0 -775.6099
190000.0 -777.698
190200.0 -776.00486
190400.0 -756.93138
190600.0 -752.37096
190800.0 -769.48733
191000.0 -791.46251
191200.0 -778.6521
191400.0 -788.10797
191600.0 -768.08441
191800.0 -761.87258
192000.0 -755.56472
192200.0 -768.04134
192400.0 -769.39226
192600.0 -765.34011
192800.0 -780.69253
193000.0 -771.12876
193200.0 -767.64288
193400.0 -772.85025
193600.0 -774.5273
193800.0 -755.04062
194000.0 -749.74087
194200.0 -772.53055
194400.0 -753.35431
194600.0 -755.19715
194800.0 -758.0813
195000.0 -769.34939
195200.0 -771.89459
195400.0 -783.49853
195600.0 -773.33334
195800.0 -779.42332
196000.0 -769.93502
196200.0 -778.88291
196400.0 -765.12233
196600.0 -786.05149
196800.0 -773.11192
197000.0 -765.91007
197200.0 -763.39361
197400.0 -756.45062
197600.0 -779.79447
197800.0 -777.96072
198000.0 -759.04711
198200.0 -779.98108
198400.0 -780.58535
198600.0 -775.04386
198800.0 -771.57227
199000.0 -773.49327
199200.0 -777.83539
199400.0 -772.13073
199600.0 -773.90316
199800.0 -762.8714
200000.0 -760.96027
