run 20000
Neighbor list info ...
  1 neighbor list requests
  update every 1 steps, delay 10 steps, check yes
  max neighbors/atom: 2000, page size: 100000
  master list distance cutoff = 14
  ghost atom cutoff = 14
  binsize = 7 -> bins = 46 46 46
Memory usage per processor = 3.65696 Mbytes
Step Time Lx Ly Lz Press Density Pxx Pyy Pzz PotEng Temp PotEng KinEng TotEng 
       0            0     317.9982     317.9982     317.9982    1.0061749 0.0038725634   0.99468675    1.0101682    1.0136698            0       275.15            0    707.80661    707.80661 
     100         1000    319.08223    319.08223    319.08223    1.0123468  0.003833228    1.0007882    1.0163646    1.0198876            0     279.6786            0    719.45616    719.45616 
     200         2000    321.89929    321.89929    321.89929    1.0244325 0.0037334683    1.0127358    1.0284982    1.0320633            0    290.57981            0    747.49885    747.49885 
     300         3000    319.60363    319.60363    319.60363   0.98505946  0.003814498   0.97381239   0.98896896   0.99239703            0    273.47625            0      703.501      703.501 
     400         4000    313.32629    313.32629    313.32629    1.0979801 0.0040483869    1.0854287    1.1023411    1.1061704 -0.012830327    287.22984 -0.012830327    738.88126    738.86843 
     500         5000    320.25241    320.25241    320.25241   0.99822052 0.0037913624   0.98414117    1.0139046   0.99661576  -0.43654927    277.08508  -0.43654927    712.78449    712.34794 
     600         6000    324.14247    324.14247    324.14247    0.9149594 0.0036564925   0.89751945   0.92564949   0.92170926   -1.7318011     266.4051   -1.7318011    685.31088    683.57908 
     700         7000    319.02568    319.02568    319.02568    0.9913355 0.0038352669   0.96940042    1.0172178   0.98738829   -2.5747604    271.66402   -2.5747604    698.83913    696.26437 
     800         8000    318.10814    318.10814    318.10814   0.98388576 0.0038685496   0.97081826    0.9955638   0.98527522    -1.082743    270.26371    -1.082743    695.23693    694.15419 
     900         9000    318.92118    318.92118    318.92118   0.98690412 0.0038390384     0.973812   0.99894705   0.98795332   -1.0226801    273.15272   -1.0226801    702.66872    701.64604 
    1000        10000    320.27396    320.27396    320.27396   0.99614751 0.0037905971   0.98005794    1.0110042   0.99738035  -0.83423534    279.22998  -0.83423534    718.30212    717.46789 
    1100        11000    317.84168    317.84168    317.84168    1.0088643 0.0038782872   0.99326402    1.0217594    1.0115694   -1.2721754    276.81274   -1.2721754     712.0839    710.81172 
    1200        12000    313.40369    313.40369    313.40369    1.0293412 0.0040453881    1.0167094    1.0342865    1.0370278    -2.401427    270.21096    -2.401427    695.10122    692.69979 
    1300        13000    320.56005    320.56005    320.56005   0.95636849 0.0037804572   0.94595014   0.96157431   0.96158102    -2.355522    269.81861    -2.355522    694.09193    691.73641 
    1400        14000    324.29862    324.29862    324.29862   0.96054301 0.0036512136   0.94857021   0.96728119   0.96577765   -2.5936476    280.74261   -2.5936476    722.19326    719.59961 
    1500        15000    316.42159    316.42159    316.42159    1.0330793 0.0039307388    1.0239637    1.0412976    1.0339765   -2.1676094    279.06356   -2.1676094    717.87401     715.7064 
    1600        16000    317.14611    317.14611    317.14611   0.99192564 0.0039038612   0.98038357    1.0144787   0.98091466   -2.4078938    270.69071   -2.4078938    696.33535    693.92746 
    1700        17000    320.81215    320.81215    320.81215   0.98595842 0.0037715518   0.96518768    1.0190129   0.97367465   -2.5259036        276.5   -2.5259036    711.27942    708.75351 
    1800        18000    320.41112    320.41112    320.41112     1.016405 0.0037857311    1.0372726    1.0271732   0.98476922   -2.5415548    281.24924   -2.5415548    723.49654    720.95499 
    1900        19000    316.33149    316.33149    316.33149   0.99901786 0.0039340985   0.99013052    1.0149108   0.99201224   -2.7481167    269.97565   -2.7481167     694.4959    691.74778 
    2000        20000    315.15069    315.15069    315.15069    1.0100783  0.003978485   0.99564213    1.0320746    1.0025182   -3.9275969    270.29514   -3.9275969    695.31779    691.39019 
    2100        21000    322.11068    322.11068    322.11068   0.93035352 0.0037261226    0.9219288   0.95117703   0.91795472   -3.3680323    265.26487   -3.3680323    682.37772    679.00969 
    2200        22000    320.53518    320.53518    320.53518   0.96203933 0.0037813372   0.94569619   0.97664208   0.96377971   -2.8379715    270.93417   -2.8379715    696.96164    694.12367 
    2300        23000    312.55439    312.55439    312.55439    1.0873863 0.0040784553    1.0806282    1.0861243    1.0954062   -1.2336832    276.67942   -1.2336832    711.74095    710.50726 
    2400        24000    317.46877    317.46877    317.46877    1.0252595 0.0038919699    1.0208336    1.0310774    1.0238675   -2.4103668    279.08244   -2.4103668    717.92258    715.51222 
    2500        25000    320.48956    320.48956    320.48956   0.98710668 0.0037829524    0.9769753   0.99767911   0.98666562    -1.682803    277.88358    -1.682803    714.83858    713.15577 
    2600        26000    317.77979    317.77979    317.77979    1.0488624 0.0038805536    1.0362723    1.0622551    1.0480597   -2.2868314    287.99295   -2.2868314    740.84431    738.55748 
    2700        27000    316.51441    316.51441    316.51441    1.0410053 0.0039272818    1.0297018    1.0551198    1.0381943   -2.2677358    282.14515   -2.2677358    725.80122    723.53348 
    2800        28000    324.05551    324.05551    324.05551   0.95952626 0.0036594373   0.94651515   0.98741965   0.94464399   -1.1139271    271.78775   -1.1139271    699.15743     698.0435 
    2900        29000     323.9317     323.9317     323.9317   0.95266024 0.0036636348   0.94132769    0.9547361   0.96191693   -1.7253168    276.01434   -1.7253168    710.03007    708.30475 
    3000        30000    315.61768    315.61768    315.61768     1.052913 0.0039608515    1.0499499    1.0476028    1.0611862   -2.3512227    283.11372   -2.3512227     728.2928    725.94158 
    3100        31000    318.62503    318.62503    318.62503   0.98045255 0.0038497528   0.97745976   0.97586045   0.98803745   -1.9411466    270.73767   -1.9411466    696.45617    694.51503 
    3200        32000    321.61818    321.61818    321.61818   0.99630839 0.0037432664   0.99658857   0.99843034   0.99390625   -1.7179642    281.41016   -1.7179642    723.91048    722.19252 
    3300        33000    317.49056    317.49056    317.49056   0.99834607 0.0038911686   0.99477178   0.99238148     1.007885   -2.3071122    272.21526   -2.3071122    700.25718    697.95007 
    3400        34000    313.07291    313.07291    313.07291    1.0350051 0.0040582242     1.032911    1.0308533    1.0412511   -1.8906581    270.56107   -1.8906581    696.00186    694.11121 
    3500        35000    320.90912    320.90912    320.90912   0.97343487  0.003768134   0.97004699   0.97017423   0.98008339   -1.1735772    272.45701   -1.1735772    700.87906    699.70549 
    3600        36000    323.11911    323.11911    323.11911   0.97128604 0.0036913446   0.96794879   0.96402686   0.98188248   -1.0952746    279.85939   -1.0952746    719.92124    718.82596 
    3700        37000    315.25389    315.25389    315.25389    1.0203628 0.0039745792    1.0128944    1.0150696    1.0331243   -2.8633745    274.24596   -2.8633745    705.48104    702.61766 
    3800        38000    316.71905    316.71905    316.71905    1.0403453 0.0039196741    1.0327772    1.0466692    1.0415895   -4.1842996    280.73546   -4.1842996    722.17486    717.99056 
    3900        39000     320.1496     320.1496     320.1496    0.9723542 0.0037950161   0.97669182   0.97662039    0.9637504   -2.2151172    271.64837   -2.2151172    698.79889    696.58377 
    4000        40000    318.64576    318.64576    318.64576    1.0238046 0.0038490017    1.0219502    1.0240495    1.0254142   -2.6191023    283.49721   -2.6191023    729.27931     726.6602 
    4100        41000    317.67419    317.67419    317.67419   0.99899853 0.0038844249   0.99867846   0.99906674   0.99925041   -2.1885962    273.86701   -2.1885962    704.50619    702.31759 
    4200        42000     319.8419     319.8419     319.8419    1.0248069 0.0038059796    1.0247503    1.0297599    1.0199103   -1.7809584    286.39743   -1.7809584    736.73993    734.95897 
    4300        43000    324.05026    324.05026    324.05026   0.95504931 0.0036596151   0.95435994   0.96559386   0.94519413   -2.1942514     277.1542   -2.1942514     712.9623    710.76805 
    4400        44000    315.38962    315.38962    315.38962    1.0419145 0.0039694501    1.0266841    1.0441988    1.0548606   -2.3028598    275.88027   -2.3028598    709.68519    707.38233 
    4500        45000    314.12468    314.12468    314.12468    1.0718815 0.0040175966    1.0770489    1.0844031    1.0541925   -2.5895859     284.1126   -2.5895859    730.86237    728.27278 
    4600        46000    320.50165    320.50165    320.50165   0.98309683 0.0037825241   0.98212454   0.99134696   0.97581898   -2.8110797    277.26798   -2.8110797    713.25499    710.44391 
    4700        47000    319.19453    319.19453    319.19453   0.99836713 0.0038291837   0.99546024    1.0096502   0.98999101   -3.0215918    276.13936   -3.0215918    710.35168    707.33009 
    4800        48000    317.69975    317.69975    317.69975   0.97342983 0.0038834874   0.96902241    0.9916902   0.95957688    -2.264493    267.68424    -2.264493    688.60141    686.33691 
    4900        49000    317.25224    317.25224    317.25224    1.0073767 0.0038999444    1.0055284     1.026593   0.99000874   -2.5088484     275.8294   -2.5088484    709.55431    707.04547 
    5000        50000    321.20126    321.20126    321.20126   0.95256598 0.0037578618   0.95348647   0.97294133   0.93127013   -2.9268973    269.11738   -2.9268973    692.28807    689.36118 
    5100        51000    325.69989    325.69989    325.69989   0.90907038 0.0036042896   0.90296866     0.919297   0.90494547   -2.7098641    266.80613   -2.7098641    686.34252    683.63265 
    5200        52000    313.88521    313.88521    313.88521    1.0854569 0.0040267992    1.0963931    1.0922681    1.0677094   -2.1462012    284.01666   -2.1462012    730.61555    728.46934 
    5300        53000     315.9466     315.9466     315.9466    1.0189546 0.0039484937    1.0170247    1.0333114    1.0065276   -3.4448085    274.70758   -3.4448085    706.66851     703.2237 
    5400        54000    321.33396    321.33396    321.33396   0.93839707  0.003753208   0.93925335   0.95229108   0.92364678    -2.488618    266.48049    -2.488618    685.50482    683.01621 
    5500        55000    319.06888    319.06888    319.06888    1.0104329 0.0038337094    1.0102984      1.03386   0.98714011   -3.3205044    281.00056   -3.3205044    722.85682    719.53632 
    5600        56000    307.32638    307.32638    307.32638    1.1057617 0.0042901553    1.1053159    1.1120657    1.0999033   -2.9498389    273.14645   -2.9498389    702.65259    699.70275 
    5700        57000    314.72709    314.72709    314.72709    1.0393386 0.0039945711    1.0411681    1.0503116    1.0265361   -2.4979583    277.74812   -2.4979583    714.49011    711.99215 
    5800        58000    320.84044    320.84044    320.84044    1.0413497 0.0037705543    1.0458658    1.0493405    1.0288427   -2.0622745    294.25628   -2.0622745    756.95635    754.89408 
    5900        59000     318.5197     318.5197     318.5197    0.9919849 0.0038535732   0.99205423   0.99443474   0.98946572   -2.6755961    273.04627   -2.6755961    702.39489    699.71929 
    6000        60000    315.35585    315.35585    315.35585    1.0892147 0.0039707252    1.0993228    1.0907315    1.0775897   -2.8845119    291.98734   -2.8845119    751.11964    748.23513 
    6100        61000    320.27969    320.27969    320.27969   0.91456985 0.0037903935   0.92210086   0.91986747   0.90174121   -2.3619035    257.96323   -2.3619035     663.5947    661.23279 
    6200        62000    324.14571    324.14571    324.14571    0.9405896 0.0036563831   0.95077186   0.94281441   0.92818252   -3.4219783    271.48425   -3.4219783    698.37668     694.9547 
    6300        63000    315.10113    315.10113    315.10113    1.0284361 0.0039803624    1.0318836    1.0311189    1.0223058   -2.0357912    270.46953   -2.0357912    695.76638    693.73059 
    6400        64000    315.79663    315.79663    315.79663     1.003281 0.0039541219    1.0049892    1.0155318   0.98932204   -2.4165712    270.35744   -2.4165712    695.47805    693.06148 
    6500        65000    319.81538    319.81538    319.81538    1.0415317 0.0038069264    1.0477216    1.0562647    1.0206087   -3.0060318    291.78058   -3.0060318    750.58777    747.58174 
    6600        66000     318.5893     318.5893     318.5893   0.98511875 0.0038510483   0.98687886   0.99789748   0.97057992   -2.8379024    271.80735   -2.8379024    699.20786    696.36995 
    6700        67000     318.4819     318.4819     318.4819    1.0419662 0.0038549455    1.0399742    1.0631516    1.0227727   -2.0933429    285.21535   -2.0933429     733.6991    731.60576 
    6800        68000    319.42539    319.42539    319.42539   0.95654157 0.0038208871   0.94969028    0.9757509   0.94418353   -2.6631279    266.51994   -2.6631279    685.60631    682.94319 
    6900        69000    320.44562    320.44562    320.44562   0.96153386 0.0037845087   0.94691485   0.99166191    0.9460248   -2.1719008    268.72154   -2.1719008     691.2698     689.0979 
    7000        70000    316.82071    316.82071    316.82071    1.0093606 0.0039159022    1.0008647    1.0313553   0.99586179   -2.6073078    275.52845   -2.6073078    708.78015    706.17284 
    7100        71000    313.85355    313.85355    313.85355    1.0459725 0.0040280177    1.0397098    1.0473492    1.0508586   -1.2340325    267.05939   -1.2340325      686.994    685.75997 
    7200        72000    324.16797    324.16797    324.16797   0.94676591 0.0036556297   0.93577954   0.97327136   0.93124681   -2.2698587    274.85085   -2.2698587    707.03707    704.76721 
    7300        73000    320.93315    320.93315    320.93315   0.98014985 0.0037672876   0.96605194    1.0112199    0.9631777   -2.8941476    277.71055   -2.8941476    714.39348    711.49933 
    7400        74000    317.27462    317.27462    317.27462    1.0517451 0.0038991191    1.0291093    1.0911007    1.0350253    -2.275978    281.48318    -2.275978    724.09832    721.82234 
    7500        75000     318.3647     318.3647     318.3647   0.99211099 0.0038592044   0.99493922    1.0140278     0.967366   -2.6680091    273.09979   -2.6680091    702.53258    699.86457 
    7600        76000    319.33102    319.33102    319.33102   0.95293948 0.0038242756   0.94362005   0.98202729   0.93317109   -2.5741638     265.6732   -2.5741638    683.42812    680.85396 
    7700        77000    319.39641    319.39641    319.39641    1.0097603 0.0038219274    1.0025441    1.0366095   0.99012721   -2.3717762    280.18933   -2.3717762    720.76999    718.39821 
    7800        78000    316.87059    316.87059    316.87059    1.0020252 0.0039140531   0.99429044    1.0312813   0.98050371   -2.2100247    272.99735   -2.2100247    702.26904    700.05901 
    7900        79000    315.70473    315.70473    315.70473   0.98609431 0.0039575761   0.97864129    1.0132698   0.96637189   -3.1051858    265.24922   -3.1051858    682.33747    679.23228 
    8000        80000    322.71207    322.71207    322.71207   0.96723176 0.0037053299    0.9584886   0.98999323   0.95321345   -3.5743895    277.74943   -3.5743895    714.49348    710.91909 
    8100        81000    322.30072    322.30072    322.30072   0.98307265 0.0037195353   0.97321607     1.002755   0.97324691   -2.9500268    282.03568   -2.9500268    725.51961    722.56958 
    8200        82000    313.19683    313.19683    313.19683    1.0250696 0.0040534092    1.0206168    1.0449795    1.0096124   -3.2835653    270.60851   -3.2835653    696.12391    692.84035 
    8300        83000    317.01338    317.01338    317.01338    1.0351441 0.0039087665    1.0324193    1.0520302    1.0209828   -2.4889858    279.24463   -2.4889858     718.3398    715.85082 
    8400        84000    321.70276    321.70276    321.70276   0.98511006 0.0037403148   0.98364386   0.99081105   0.98087526   -1.4002866    277.65276   -1.4002866    714.24481    712.84453 
    8500        85000    318.49325    318.49325    318.49325     1.021785 0.0038545336    1.0335354    1.0452583   0.98656123  -0.80706264    273.14562  -0.80706264    702.65046     701.8434 
    8600        86000    313.49993    313.49993    313.49993    1.0922574 0.0040416636    1.0992337    1.1048361    1.0727024   -1.4884962    287.63797   -1.4884962    739.93115    738.44265 
    8700        87000    317.94789    317.94789    317.94789   0.98857697 0.0038744019   0.99001293    1.0052176   0.97050042   -1.5252585    268.73991   -1.5252585    691.31705    689.79179 
    8800        88000    324.79748    324.79748    324.79748    0.9148261 0.0036344153    0.9147378   0.93033367   0.89940683   -1.6604499    267.39535   -1.6604499    687.85825     686.1978 
    8900        89000    317.04522    317.04522    317.04522     1.022796  0.003907589    1.0246365     1.038311    1.0054406    -1.875608    278.95748    -1.875608    717.60111     715.7255 
    9000        90000    314.93438    314.93438    314.93438   0.99380295 0.0039866884    1.0296005   0.99144478   0.96036357    -2.427163    261.38683    -2.427163    672.40168    669.97452 
    9100        91000    318.92733    318.92733    318.92733    1.0031696 0.0038388162    1.0127945    1.0090578   0.98765651    -3.171126    277.92928    -3.171126    714.95614    711.78501 
    9200        92000    318.98458    318.98458    318.98458   0.93342137 0.0038367497    0.9386062   0.93399722   0.92766069   -1.8944614     257.4131   -1.8944614     662.1795    660.28504 
    9300        93000    317.76516    317.76516    317.76516    1.0144154 0.0038810896    1.0225564    1.0176708     1.003019   -2.5422184    276.95429   -2.5422184    712.44803    709.90581 
    9400        94000    318.99681    318.99681    318.99681     1.016873 0.0038363082    1.0214029    1.0251111    1.0041049   -1.9126566    280.13042   -1.9126566    720.61844    718.70578 
    9500        95000    322.62077    322.62077    322.62077   0.92803635 0.0037084768   0.92948336   0.94276686   0.91185883   -2.6295572    266.72023   -2.6295572    686.12154    683.49199 
    9600        96000    318.58001    318.58001    318.58001    1.0212133 0.0038513851    1.0244804    1.0404253   0.99873412   -2.1684745    281.67319   -2.1684745    724.58713    722.41866 
    9700        97000    313.25454    313.25454    313.25454    1.1053891 0.0040511694    1.1080843    1.1271895    1.0808934   -2.9361038    287.88744   -2.9361038    740.57289    737.63679 
    9800        98000    321.52985    321.52985    321.52985   0.94388391 0.0037463522   0.94728631   0.95622649   0.92813892   -3.6163403    268.55754   -3.6163403     690.8479    687.23156 
    9900        99000    322.90812    322.90812    322.90812   0.95880525 0.0036985851   0.95872858   0.95833297    0.9593542   -2.2051396    270.51115   -2.2051396    695.87346    693.66832 
   10000       100000    316.85041    316.85041    316.85041   0.99157213  0.003914801    1.0016175    1.0094694   0.96362949   -3.9086477    270.38356   -3.9086477    695.54524     691.6366 
   10100       101000    317.69023    317.69023    317.69023   0.96789536 0.0038838366   0.97606266   0.98804904   0.93957438   -3.7394832    266.52181   -3.7394832    685.61112    681.87163 
   10200       102000    319.61981    319.61981    319.61981   0.97208354 0.0038139191   0.98278167   0.99107404    0.9423949   -2.6698415    271.89287   -2.6698415    699.42783    696.75799 
   10300       103000    315.77061    315.77061    315.77061   0.97462354 0.0039550993   0.97916434   0.99476439   0.94994189    -3.264012    263.60394    -3.264012    678.10508    674.84107 
   10400       104000    307.45901    307.45901    307.45901    1.1182432 0.0042846057    1.1297819    1.1320014    1.0929465   -2.7539341    275.60198   -2.7539341     708.9693    706.21537 
   10500       105000    318.80766    318.80766    318.80766   0.96570708 0.0038431408   0.97317782   0.98521039   0.93873302   -2.5274631    267.28188   -2.5274631    687.56635    685.03888 
   10600       106000    320.89698    320.89698    320.89698   0.99414823 0.0037685616   0.99993617    1.0197855   0.96272298   -1.9665349    280.93805   -1.9665349      722.696    720.72947 
   10700       107000    316.44782    316.44782    316.44782   0.98602493 0.0039297616   0.98985916    1.0060436   0.96217201   -1.8977601    266.19272   -1.8977601    684.76455    682.86679 
   10800       108000    315.72287    315.72287    315.72287    1.0229369 0.0039568938    1.0229761    1.0477068   0.99812773   -1.9856339    274.78436   -1.9856339    706.86603    704.88039 
   10900       109000    326.53412    326.53412    326.53412   0.93732885 0.0035767353   0.94196883   0.95449026   0.91552745   -2.4534795    277.28594   -2.4534795    713.30119    710.84771 
   11000       110000     320.6176     320.6176     320.6176    1.0009956 0.0037784219    1.0041097    1.0208267   0.97805051   -2.5934472     282.7604   -2.5934472     727.3839    724.79045 
   11100       111000    315.38216    315.38216    315.38216    1.0438861 0.0039697317    1.0469252    1.0617799    1.0229532   -3.3331858    280.84838   -3.3331858    722.46536    719.13217 
   11200       112000    320.03432    320.03432    320.03432   0.97541879 0.0037991185   0.97578965   0.98473254   0.96573417   -3.7588695    271.82422   -3.7588695    699.25125    695.49238 
   11300       113000    322.64457    322.64457    322.64457   0.92729361 0.0037076561   0.91421902   0.95136535   0.91629646   -3.2344898    266.79697   -3.2344898    686.31895    683.08446 
   11400       114000    313.73121    313.73121    313.73121    1.0164923 0.0040327319    1.0046532    1.0340504    1.0107733   -2.4962715    269.07882   -2.4962715    692.18887     689.6926 
   11500       115000    314.35823    314.35823    314.35823    1.0782328 0.0040086487    1.0698458    1.0974769    1.0673759   -2.1988226    283.47415   -2.1988226    729.21998    727.02116 
   11600       116000    322.38373    322.38373    322.38373   0.98213714 0.0037166629   0.96830525    1.0046013   0.97350483   -1.8566246    281.58233   -1.8566246    724.35339    722.49676 
   11700       117000    319.46263    319.46263    319.46263   0.96378371 0.0038195513   0.94858298   0.98579129   0.95697685   -1.8606876    266.84899   -1.8606876    686.45277    684.59208 
   11800       118000    316.62407    316.62407    316.62407    1.0324283 0.0039232024    1.0222493    1.0511641    1.0238716   -3.7244845    279.55193   -3.7244845    719.13031    715.40582 
   11900       119000    319.68217    319.68217    319.68217    0.9577952 0.0038116876   0.94306455   0.97691968   0.95340137   -3.6332645    267.79197   -3.6332645    688.87852    685.24526 
   12000       120000    329.36291    329.36291    329.36291   0.92955172 0.0034853663   0.90422704   0.95460027   0.92982786   -2.2368057    284.50156   -2.2368057    731.86293    729.62613 
   12100       121000    318.22199    318.22199    318.22199    1.0371402 0.0038643988    1.0154418     1.061471    1.0345078   -1.8097285    281.19107   -1.8097285    723.34689    721.53716 
   12200       122000    315.44022    315.44022    315.44022    1.0735513   0.00396754    1.0467477    1.0988048    1.0751014   -2.2082224    286.94555   -2.2082224    738.14993    735.94171 
   12300       123000    320.40924    320.40924    320.40924   0.97303647 0.0037857979   0.95131199   0.99982575   0.96797168   -1.1759542    273.31119   -1.1759542    703.07638    701.90042 
   12400       124000    320.95015    320.95015    320.95015    1.0018619 0.0037666892   0.97150496    1.0356711    0.9984096   -1.8728411    281.01423   -1.8728411    722.89198    721.01913 
   12500       125000    310.63562    310.63562    310.63562    1.0377532 0.0041545001    1.0087477    1.0661804    1.0383315   -3.0279741    265.37127   -3.0279741    682.65142    679.62345 
   12600       126000    316.00503    316.00503    316.00503   0.96738925  0.003946304   0.93107793   0.99897205   0.97211776   -2.1847815    259.98918   -2.1847815    668.80633    666.62155 
   12700       127000    322.43202    322.43202    322.43202   0.91957259 0.0037149931   0.88566207   0.94530261   0.92775308   -1.9235143    263.75668   -1.9235143    678.49798    676.57446 
   12800       128000    317.05928    317.05928    317.05928     1.022912 0.0039070693   0.98946213    1.0568248    1.0224492   -2.1732946    278.09096   -2.1732946    715.37205    713.19875 
   12900       129000    315.15562    315.15562    315.15562    1.0865561 0.0039782984     1.051466     1.129889    1.0783135   -2.5728973    290.96169   -2.5728973    748.48121    745.90832 
   13000       130000    324.18104    324.18104    324.18104   0.94132787 0.0036551878   0.91998483   0.97238118    0.9316176   -2.2954301    273.16116   -2.2954301    702.69045    700.39502 
   13100       131000    322.15797    322.15797    322.15797   0.97810639  0.003724482   0.95404503     1.011885   0.96838912   -2.1919832    278.88036   -2.1919832    717.40273    715.21075 
   13200       132000    313.03493    313.03493    313.03493    1.0907074 0.0040597016    1.0606707    1.1284257    1.0830259   -2.4091841    285.44518   -2.4091841    734.29033    731.88115 
   13300       133000    318.39608    318.39608    318.39608   0.98746345 0.0038580638   0.96469822    1.0264183   0.97127381   -1.7033812     272.7914   -1.7033812    701.73925    700.03587 
   13400       134000    320.98282    320.98282    320.98282   0.98641636  0.003765539   0.96303654    1.0266946   0.96951799   -2.3890735    279.79952   -2.3890735    719.76721    717.37814 
   13500       135000    316.94929    316.94929    316.94929   0.99761285 0.0039111383   0.99085843     1.026265   0.97571516   -2.9215407    268.68252   -2.9215407     691.1694    688.24786 
   13600       136000    310.92781    310.92781    310.92781    1.0875665 0.0041427987    1.0657679    1.1301261    1.0668054     -2.20593    279.74567     -2.20593    719.62868    717.42275 
   13700       137000    316.46085    316.46085    316.46085    1.0269064 0.0039292763     1.011919    1.0584728    1.0103274   -2.4791477    276.47405   -2.4791477    711.21264    708.73349 
   13800       138000    323.37926    323.37926    323.37926   0.96401047 0.0036824428   0.93301774    1.0103913   0.94862236    -2.203534    279.17942    -2.203534    718.17205    715.96851 
   13900       139000    317.43837    317.43837    317.43837    0.9917589 0.0038930882   0.95461494    1.0486971    0.9719646   -2.0723457    270.30585   -2.0723457    695.34532    693.27297 
   14000       140000    315.63094    315.63094    315.63094   0.99402667 0.0039603522   0.96632962    1.0414973   0.97425311   -3.4761589    267.93782   -3.4761589    689.25373    685.77757 
   14100       141000    321.58338    321.58338    321.58338   0.98249888 0.0037444817   0.94934865    1.0330181   0.96512988   -2.1158804    278.99072   -2.1158804    717.68663    715.57075 
   14200       142000    320.46675    320.46675    320.46675    1.0352958 0.0037837602    1.0038223    1.0823047    1.0197605   -1.6764565    290.29256   -1.6764565    746.75993    745.08347 
   14300       143000    315.64445    315.64445    315.64445   0.97308245 0.0039598439   0.93746078    1.0165221   0.96526444   -1.9377206    260.53668   -1.9377206    670.21472      668.277 
   14400       144000    318.66583    318.66583    318.66583   0.99771236 0.0038482744   0.96691219    1.0416524   0.98457254   -2.0632556    274.27435   -2.0632556    705.55405     703.4908 
   14500       145000    326.36177    326.36177    326.36177    0.9127934 0.0035824049    0.8847636   0.95993606   0.89368054   -1.4606605    271.31065   -1.4606605    697.93012    696.46946 
   14600       146000    315.30005    315.30005    315.30005    1.0471152 0.0039728338    1.0304377    1.0961782    1.0147297   -1.4401961    277.62697   -1.4401961    714.17846    712.73826 
   14700       147000    314.81127    314.81127    314.81127    1.0322084 0.0039913672     1.004075    1.0754657    1.0170846   -3.2148179    275.48417   -3.2148179    708.66624    705.45142 
   14800       148000    321.42287    321.42287    321.42287    1.0060844 0.0037500944   0.96910224    1.0683688   0.98078207   -3.0365774    284.21914   -3.0365774    731.13641    728.09984 
   14900       149000    320.24872    320.24872    320.24872   0.97844998 0.0037914934   0.94730073    1.0304187   0.95763054   -2.4859676    272.94504   -2.4859676    702.13448    699.64851 
   15000       150000    313.33484    313.33484    313.33484    1.0413393 0.0040480555    1.0117466     1.084062    1.0282094   -2.2838796    274.58617   -2.2838796    706.35619    704.07231 
   15100       151000    318.54301    318.54301    318.54301   0.97390831 0.0038527276   0.95996376    1.0022806   0.95948058   -1.7297264     264.3583   -1.7297264    680.04561    678.31588 
   15200       152000    325.91214    325.91214    325.91214   0.96257837 0.0035972524   0.94088358    1.0064107   0.94044081   -2.1917145    284.53942   -2.1917145    731.96031     729.7686 
   15300       153000    317.01803    317.01803    317.01803   0.98573506 0.0039085946   0.96185531     1.028766   0.96658391   -2.6313991    269.13053   -2.6313991     692.3219     689.6905 
   15400       154000     316.5484     316.5484     316.5484   0.99604622 0.0039260168   0.97765557    1.0391481   0.97133502   -2.5868681    270.30775   -2.5868681    695.35022    692.76335 
   15500       155000    321.01321    321.01321    321.01321   0.94504785 0.0037644699   0.92337804   0.98134601   0.93041951   -2.3091897    267.80182   -2.3091897    688.90386    686.59467 
   15600       156000    316.99539    316.99539    316.99539     1.023434 0.0039094322   0.99735881    1.0632944    1.0096488   -1.8567449    278.80058   -1.8567449    717.19751    715.34076 
   15700       157000    308.40071    308.40071    308.40071    1.1340415 0.0042454763    1.1002495    1.1872235    1.1146516   -2.2005723    281.27695   -2.2005723     723.5678    721.36723 
   15800       158000    319.31574    319.31574    319.31574   0.97505831 0.0038248246    0.9477627    1.0112741   0.96613811   -2.4763929    271.48799   -2.4763929    698.38632    695.90993 
   15900       159000    321.21414    321.21414    321.21414   0.99105301 0.0037574098   0.97114317    1.0250239   0.97699196     -1.42212    276.87454     -1.42212    712.24287    710.82075 
   16000       160000    316.49871    316.49871    316.49871    1.0202105 0.0039278663   0.99883653    1.0578031    1.0039918   -1.6186938    274.78078   -1.6186938    706.85683    705.23813 
   16100       161000    313.54701    313.54701    313.54701    1.0462503 0.0040398433    1.0180233    1.0838172    1.0369105   -2.4735852    276.37921   -2.4735852    710.96867    708.49508 
   16200       162000    324.51417    324.51417    324.51417   0.94273177 0.0036439426   0.92667594   0.98012912   0.92139025   -2.2092734    273.40131   -2.2092734    703.30822    701.09895 
   16300       163000    322.74507    322.74507    322.74507    0.9719696 0.0037041936   0.95431009    1.0065068   0.95509188   -2.4684256    276.29424   -2.4684256     710.7501    708.28168 
   16400       164000    314.53649    314.53649    314.53649     1.014661  0.004001837   0.99080029     1.054095   0.99908779   -3.0145718    269.56672   -3.0145718    693.44395    690.42938 
   16500       165000     317.2297     317.2297     317.2297    1.0413906 0.0039007758    1.0044789    1.0993636    1.0203294   -2.3155502    282.35112   -2.3155502    726.33106    724.01551 
   16600       166000    323.14894    323.14894    323.14894   0.96317365 0.0036903224   0.94036609   0.99907231   0.95008255   -1.5403449    276.98794   -1.5403449     712.5346    710.99425 
   16700       167000    316.43006    316.43006    316.43006    1.0507447 0.0039304232     1.023343    1.0957585    1.0331327   -2.0465291    283.75925   -2.0465291    729.95338    727.90685 
   16800       168000     311.8906     311.8906     311.8906    1.0415566 0.0041045511    1.0204561    1.0801899    1.0240239   -2.1076726    270.29984   -2.1076726    695.32987     693.2222 
   16900       169000    322.61288    322.61288    322.61288   0.91794207 0.0037087488    0.9013819   0.95120914   0.90123518   -1.9869171    263.01964   -1.9869171      676.602    674.61509 
   17000       170000    320.89261    320.89261    320.89261   0.98078688 0.0037687155   0.97603265    1.0072258    0.9591022  -0.88151297    271.68276  -0.88151297    698.88735    698.00584 
   17100       171000     316.3425     316.3425     316.3425    1.0235565 0.0039336877   0.99459254     1.061939     1.014138    -1.968855    275.10924    -1.968855    707.70176    705.73291 
   17200       172000    317.69723    317.69723    317.69723   0.96510654   0.00388358   0.94439028   0.99666124   0.95426809    -2.296321    260.83878    -2.296321    670.99187    668.69555 
   17300       173000    322.98848    322.98848    322.98848   0.97041523 0.0036958253   0.94400654    1.0097921   0.95744707   -1.6481701    279.74407   -1.6481701    719.62458    717.97641 
   17400       174000    317.90117    317.90117    317.90117   0.99079239 0.0038761105   0.96103111     1.029416   0.98193007    -1.764717    271.23735    -1.764717    697.74155    695.97683 
   17500       175000    311.58625    311.58625    311.58625    1.0698636 0.0041165905    1.0384728    1.1195702     1.051548   -1.9899957    271.05465   -1.9899957    697.27158    695.28158 
   17600       176000    319.78047    319.78047    319.78047     1.002954 0.0038081733   0.97331581    1.0387713   0.99677482   -3.0993773    281.14753   -3.0993773    723.23488     720.1355 
   17700       177000    320.03383    320.03383    320.03383    1.0058246 0.0037991361   0.97661224    1.0441655   0.99669623   -2.4788787    282.61269   -2.4788787    727.00393    724.52505 
   17800       178000    316.37255    316.37255    316.37255    1.0329558 0.0039325672    1.0091339    1.0672472    1.0224862    -3.697425    278.90497    -3.697425    717.46605    713.76863 
   17900       179000    317.67273    317.67273    317.67273   0.98585502 0.0038844783   0.96388712    1.0244004   0.96927759   -2.8336883    270.01792   -2.8336883    694.60465    691.77097 
   18000       180000    321.70025    321.70025    321.70025   0.99015912 0.0037404023   0.97065479    1.0195455   0.98027709   -1.8299679    278.31347   -1.8299679    715.94445    714.11448 
   18100       181000    318.70634    318.70634    318.70634    1.0095591 0.0038468069    1.0070592    1.0381196   0.98349836   -1.7174609    276.03873   -1.7174609    710.09282    708.37536 
   18200       182000    313.13033    313.13033    313.13033    1.0784376 0.0040559922    1.0706001    1.1090851    1.0556277   -2.2593468    282.78482   -2.2593468    727.44673    725.18739 
   18300       183000    321.34778    321.34778    321.34778   0.97495115 0.0037527237   0.96661322    1.0053346   0.95290564   -2.2452226    276.85999   -2.2452226    712.20545    709.96023 
   18400       184000    323.96945    323.96945    323.96945   0.94741989 0.0036623543   0.94036599    0.9755808   0.92631287   -2.4916219    275.55264   -2.4916219    708.84237    706.35075 
   18500       185000    318.44531    318.44531    318.44531    1.0227392 0.0038562746    1.0143279    1.0508497    1.0030399   -2.7586831    281.83584   -2.7586831    725.00553    722.24684 
   18600       186000    316.18719    316.18719    316.18719   0.99611772 0.0039394872   0.98493491    1.0241054    0.9793128   -3.0172985    269.95182   -3.0172985     694.4346     691.4173 
   18700       187000    319.80185    319.80185    319.80185    1.0331454 0.0038074097    1.0241652    1.0655708    1.0097001   -2.5235822    285.36524   -2.5235822    734.08469    731.56111 
   18800       188000    325.85583    325.85583    325.85583   0.96698708 0.0035991176   0.95247871   0.98147768   0.96700484   -1.5629707     282.3902   -1.5629707    726.43157     724.8686 
   18900       189000    317.16964    317.16964    317.16964   0.98408287 0.0039029924   0.99247468   0.99812933    0.9616446   -2.5852411    267.23801   -2.5852411    687.45349    684.86825 
   19000       190000     313.6547     313.6547     313.6547    1.0356791 0.0040356837    1.0409351    1.0591131     1.006989    -2.314225    273.82846    -2.314225    704.40703     702.0928 
   19100       191000    320.72307    320.72307    320.72307   0.94521697 0.0037746956   0.95699669   0.96809766   0.91055656   -2.1602044    264.83609   -2.1602044    681.27471    679.11451 
   19200       192000     321.8086     321.8086     321.8086   0.93736391 0.0037366257   0.94496946   0.95254017   0.91458211   -3.1133691    267.42138   -3.1133691     687.9252    684.81183 
   19300       193000    316.99544    316.99544    316.99544    1.0297688 0.0039094302     1.045984    1.0418013    1.0015211   -2.6345351    281.34149   -2.6345351    723.73384     721.0993 
   19400       194000    317.54364    317.54364    317.54364    0.9783213 0.0038892178   0.99958969   0.98932135   0.94605287   -2.9052753    266.94858   -2.9052753    686.70896    683.80369 
   19500       195000    320.19693    320.19693    320.19693   0.97803919 0.0037933335   0.98442906   0.98606824   0.96362029   -2.3121115    273.75083   -2.3121115    704.20734    701.89523 
   19600       196000    317.63811    317.63811    317.63811   0.99449148 0.0038857487    1.0111121    1.0043372   0.96802514   -2.5123919    271.97838   -2.5123919    699.64781    697.13542 
   19700       197000     310.2375     310.2375     310.2375    1.0398535 0.0041705145    1.0530061    1.0452258    1.0213285    -1.762948    264.76422    -1.762948    681.08983    679.32688 
   19800       198000    319.29039    319.29039    319.29039    1.0112967 0.0038257359    1.0194053    1.0373105   0.97717444   -1.4573906    277.84742   -1.4573906    714.74556    713.28817 
   19900       199000    323.38266    323.38266    323.38266   0.96761567 0.0036823269   0.98996666   0.97473017   0.93815017   -1.8026073    277.22006   -1.8026073    713.13171     711.3291 
   20000       200000    316.44139    316.44139    316.44139    1.0185163 0.0039300009    1.0355862    1.0319796   0.98798302   -1.4076512    273.66009   -1.4076512     703.9739    702.56624 
Loop time of 3.33023 on 4 procs for 20000 steps with 864 atoms

Performance: 5188.824 ns/day, 0.005 hours/ns, 6005.583 timesteps/s
84.4% CPU use with 4 MPI tasks x no OpenMP threads

MPI task timing breakdown:
Section |  min time  |  avg time  |  max time  |%varavg| %total
---------------------------------------------------------------
Pair    | 0.063969   | 0.064545   | 0.06583    |   0.3 |  1.94
Neigh   | 0.16784    | 0.16969    | 0.17328    |   0.5 |  5.10
Comm    | 0.27639    | 0.28435    | 0.28874    |   0.9 |  8.54
Output  | 2.1711     | 2.1715     | 2.1724     |   0.0 | 65.21
Modify  | 0.59584    | 0.59871    | 0.60279    |   0.4 | 17.98
Other   |            | 0.04145    |            |       |  1.24

Nlocal:    216 ave 226 max 204 min
Histogram: 1 0 1 0 0 0 0 0 0 2
Nghost:    107.75 ave 114 max 99 min
Histogram: 1 0 0 0 0 0 1 1 0 1
Neighs:    32.25 ave 34 max 31 min
Histogram: 1 0 0 2 0 0 0 0 0 1

Total # of neighbors = 129
Ave neighs/atom = 0.149306
Neighbor list builds = 1735
Dangerous builds = 1125

# the regular input script for finding the equilibrium state ends here

###############################################################################################
# the following lines just indicate possible further production step after the equilibration
###############################################################################################

# for removing fix 1
#unfix 1

# for removing the dump 1 command
#undump 1

# change the log file name
#log production.log

# enforcing another ensemble or the same for the production step
#fix 1 all nvt temp 180 180 100

# reset time step to zero
#reset_timestep 0

# set new time step
#timestep 5

# run more steps
#run 1000000

variable   natoms equal "count(all)"
print   "NUmber of atoms = ${natoms};"
NUmber of atoms = 864;
quit
