run 20000
Neighbor list info ...
  1 neighbor list requests
  update every 1 steps, delay 10 steps, check yes
  max neighbors/atom: 2000, page size: 100000
  master list distance cutoff = 14
  ghost atom cutoff = 14
  binsize = 7 -> bins = 84 84 84
Memory usage per processor = 4.32746 Mbytes
Step Time Lx Ly Lz Press Density Pxx Pyy Pzz PotEng Temp PotEng KinEng TotEng 
       0            0     583.9702     583.9702     583.9702    1.0021231 0.0038532285   0.97658961    1.0148277    1.0149521            0       275.15            0    4365.7643    4365.7643 
     100         1000    584.50072    584.50072    584.50072   0.99796545 0.0038427459   0.97253787    1.0106173    1.0107412            0    274.75591            0    4359.5114    4359.5114 
     200         2000    585.14982    585.14982    585.14982   0.99894776 0.0038299719   0.97349515    1.0116121    1.0117361            0    275.94364            0    4378.3569    4378.3569 
     300         3000     586.5798     586.5798     586.5798    1.0003474 0.0038020297   0.97485915    1.0130295    1.0131536            0    278.36111            0    4416.7144    4416.7144 
     400         4000     588.6185     588.6185     588.6185   0.98189106 0.0037626612   0.95686906   0.99434173   0.99446238 -0.023667699    276.08857 -0.023667699    4380.6565    4380.6328 
     500         5000    581.85408    581.85408    581.85408    1.0197755 0.0038954226   0.99344614    1.0329921    1.0328882   -2.0239484    277.25204   -2.0239484     4399.117    4397.0931 
     600         6000    582.04707    582.04707    582.04707   0.99845727  0.003891549   0.96903524    1.0068965    1.0194401   -7.5815011    271.47469   -7.5815011    4307.4486    4299.8671 
     700         7000    584.31473    584.31473    584.31473   0.99110167 0.0038464166   0.95410862    0.9975437    1.0216527   -8.4822642    272.01269   -8.4822642     4315.985    4307.5028 
     800         8000    582.03158    582.03158    582.03158    1.0238479 0.0038918598   0.99198024    1.0312397    1.0483239   -10.331168    278.55997   -10.331168    4419.8698    4409.5387 
     900         9000    587.55955    587.55955    587.55955   0.97428089  0.003783042   0.94215409   0.98357928   0.99710932    -9.728189    272.31228    -9.728189    4320.7387    4311.0105 
    1000        10000    584.48493    584.48493    584.48493    1.0065531 0.0038430575   0.97371838    1.0163577    1.0295831   -10.140169    277.68495   -10.140169     4405.986    4395.8459 
    1100        11000    584.28764    584.28764    584.28764    1.0094144 0.0038469516    0.9778734    1.0158316    1.0345381   -11.369808    277.94401   -11.369808    4410.0964    4398.7266 
    1200        12000     584.9741     584.9741     584.9741   0.97491442 0.0038334245   0.94647832   0.97547524    1.0027897   -11.333934    269.31485   -11.333934    4273.1788    4261.8449 
    1300        13000    580.90324    580.90324    580.90324    1.0200929 0.0039145824   0.98854633    1.0183427    1.0533898   -11.545276    275.30572   -11.545276    4368.2351    4356.6899 
    1400        14000    584.90063    584.90063    584.90063   0.99348365 0.0038348692   0.96250252   0.99624427    1.0217042   -11.537947    275.27972   -11.537947    4367.8225    4356.2846 
    1500        15000    586.78424    586.78424    586.78424   0.99771605 0.0037980572      0.96722   0.99993035    1.0259978   -12.497988    278.25512   -12.497988    4415.0328    4402.5348 
    1600        16000    587.55104    587.55104    587.55104   0.99946938 0.0037832063   0.96864008    1.0006472    1.0291209   -13.917399    280.13861   -13.917399    4444.9178    4431.0004 
    1700        17000    589.78589    589.78589    589.78589   0.95357155 0.0037403625   0.92427029   0.95412779   0.98231656    -14.09007     271.0541    -14.09007    4300.7753    4286.6852 
    1800        18000    581.04476    581.04476    581.04476    1.0198418 0.0039117226   0.98718356    1.0233428    1.0489991    -13.82183    276.15887    -13.82183    4381.7719    4367.9501 
    1900        19000    583.16525    583.16525    583.16525   0.98678218 0.0038692066     0.961456   0.98520296    1.0136876   -14.542594    271.24334   -14.542594    4303.7779    4289.2353 
    2000        20000    582.33289    582.33289    582.33289    1.0081697 0.0038858216   0.98006649    1.0088692    1.0355734   -13.582997      275.772   -13.582997    4375.6335    4362.0505 
    2100        21000     587.1806     587.1806     587.1806   0.99299015 0.0037903711   0.96466503   0.98950515    1.0248003   -11.443193    276.84688   -11.443193    4392.6884    4381.2452 
    2200        22000    588.67515    588.67515    588.67515   0.97935203  0.003761575   0.95332457   0.97458364    1.0101479   -12.618898    276.23924   -12.618898    4383.0471    4370.4282 
    2300        23000    584.67939    584.67939    584.67939    1.0060711 0.0038392241   0.97900889    1.0055761    1.0336283   -12.035057    277.84267   -12.035057    4408.4885    4396.4534 
    2400        24000    582.44349    582.44349    582.44349   0.99718342 0.0038836085   0.96822854   0.99313178    1.0301899   -11.673781    271.32326   -11.673781     4305.046    4293.3722 
    2500        25000    579.74325    579.74325    579.74325    1.0205416 0.0039381271   0.99260873    1.0198361    1.0491801   -12.140375    274.30996   -12.140375    4352.4355    4340.2951 
    2600        26000    585.67038    585.67038    585.67038   0.97767715 0.0038197686   0.95423495   0.97359548     1.005201   -11.660734     271.8858   -11.660734    4313.9717    4302.3109 
    2700        27000    584.76566    584.76566    584.76566    1.0067856 0.0038375252   0.98301179    1.0024119    1.0349331   -12.109714    278.86485   -12.109714    4424.7073    4412.5976 
    2800        28000    582.75734    582.75734    582.75734    1.0172155 0.0038773372   0.99274977    1.0131625    1.0457343   -13.108796    278.46075   -13.108796    4418.2955    4405.1867 
    2900        29000    588.00256    588.00256    588.00256   0.96399512 0.0037744979    0.9444116       0.9561   0.99147376   -15.639787    270.95424   -15.639787    4299.1909    4283.5511 
    3000        30000    581.81698    581.81698    581.81698    1.0252972 0.0038961677    1.0037193    1.0192941    1.0528783   -14.122532    278.90958   -14.122532     4425.417    4411.2945 
    3100        31000     584.3946     584.3946     584.3946   0.99046784 0.0038448398   0.96983664   0.98566882    1.0158981   -13.852518    273.69291   -13.852518    4342.6449    4328.7924 
    3200        32000    583.05956    583.05956    583.05956   0.99279855 0.0038713111   0.97188076   0.98549045    1.0210244   -12.887104    272.31854   -12.887104    4320.8379    4307.9508 
    3300        33000    581.19182    581.19182    581.19182     1.015507  0.003908754   0.99176804    1.0141816    1.0405714   -12.872325    274.64742   -12.872325    4357.7899    4344.9175 
    3400        34000    583.32047    583.32047    583.32047    1.0051636 0.0038661185    0.9829602    1.0011457    1.0313849   -11.675861    275.66449   -11.675861    4373.9276    4362.2517 
    3500        35000    585.99248    585.99248    585.99248   0.99616298 0.0038134731    0.9720507   0.98690266    1.0295356   -11.831938    276.32821   -11.831938    4384.4587    4372.6268 
    3600        36000    586.29367    586.29367    586.29367    1.0048662  0.003807599    0.9847477   0.99741616    1.0324348   -11.405875    277.51286   -11.405875    4403.2555    4391.8496 
    3700        37000    584.11859    584.11859    584.11859    1.0000347 0.0038502927   0.97863898   0.99209645    1.0293688   -15.245001    275.72335   -15.245001    4374.8616    4359.6166 
    3800        38000    580.02461    580.02461    580.02461    1.0146686 0.0039323988   0.99255198    1.0064322    1.0450216   -11.533446    273.12882   -11.533446    4333.6946    4322.1611 
    3900        39000    580.99052    580.99052    580.99052    1.0077348 0.0039128184   0.98982754   0.99957919    1.0337978    -12.50117    272.14789    -12.50117    4318.1303    4305.6291 
    4000        40000    585.94373    585.94373    585.94373   0.98012005  0.003814425   0.96017531   0.97538056    1.0048043   -13.626875    272.90755   -13.626875    4330.1837    4316.5568 
    4100        41000    582.87915    582.87915    582.87915    1.0188916 0.0038749069    1.0028178    1.0148582    1.0389989   -9.2986984    278.54688   -9.2986984     4419.662    4410.3633 
    4200        42000     581.4335     581.4335     581.4335    1.0157436  0.003903882   0.99688831    1.0071814     1.043161   -12.388288    276.02789   -12.388288    4379.6936    4367.3053 
    4300        43000    585.70174    585.70174    585.70174   0.97725584  0.003819155   0.95850435   0.97130575    1.0019574    -12.14137    269.78784    -12.14137    4280.6836    4268.5423 
    4400        44000    580.84207    580.84207    580.84207    1.0315042 0.0039158191    1.0108864    1.0249393     1.058687   -11.955864    279.09814   -11.955864    4428.4089    4416.4531 
    4500        45000    585.85889    585.85889    585.85889    0.9856505 0.0038160825   0.96909506   0.98178684    1.0060696   -14.860816     273.8293   -14.860816    4344.8089    4329.9481 
    4600        46000    584.65757    584.65757    584.65757    1.0041028 0.0038396539   0.97911981   0.99484596    1.0383425   -10.892156    275.06317   -10.892156    4364.3866    4353.4944 
    4700        47000    584.68481    584.68481    584.68481    1.0210902 0.0038391174     1.000964     1.014481    1.0478255   -13.393287    281.69801   -13.393287    4469.6607    4456.2674 
    4800        48000    590.16812    590.16812    590.16812   0.97361561 0.0037330998    0.9507913   0.97321042   0.99684512   -14.188213     277.1154   -14.188213     4396.949    4382.7607 
    4900        49000    585.93389    585.93389    585.93389   0.99072605 0.0038146173    0.9683127   0.99036645     1.013499   -14.957347    275.72065   -14.957347    4374.8188    4359.8614 
    5000        50000    583.20825    583.20825    583.20825   0.99799497 0.0038683508   0.97778974   0.99898242    1.0172128   -15.745501    273.76747   -15.745501    4343.8279    4328.0824 
    5100        51000      581.988      581.988      581.988    1.0087398 0.0038927341   0.98532115    1.0096443    1.0312539   -10.794938    274.10515   -10.794938    4349.1859    4338.3909 
    5200        52000    584.84919    584.84919    584.84919   0.98899954 0.0038358811   0.96757013   0.98694321    1.0124853   -10.715011    273.53081   -10.715011    4340.0728    4329.3578 
    5300        53000    587.77422    587.77422    587.77422     1.002395 0.0037788984   0.98423083    0.9981029    1.0248513   -12.792663    280.22942   -12.792663    4446.3588    4433.5661 
    5400        54000    590.65235    590.65235    590.65235   0.97956517 0.0037239258   0.96001698   0.97770422    1.0009743   -11.586903    278.25254   -11.586903    4414.9919     4403.405 
    5500        55000    584.30289    584.30289    584.30289    1.0120476 0.0038466505   0.99153721    1.0092817     1.035324   -12.800068    279.51578   -12.800068    4435.0355    4422.2355 
    5600        56000    583.45131    583.45131    583.45131   0.99707693 0.0038635181   0.97804764   0.99296057    1.0202226   -13.692874    274.01868   -13.692874    4347.8138    4334.1209 
    5700        57000    583.22701    583.22701    583.22701   0.99630391 0.0038679774   0.97782396   0.99120813    1.0198796   -11.349006     273.3134   -11.349006    4336.6232    4325.2742 
    5800        58000    578.20142    578.20142    578.20142    1.0466178 0.0039697153    1.0271622    1.0424393    1.0702521   -12.063202    279.35161   -12.063202    4432.4307    4420.3675 
    5900        59000      585.418      585.418      585.418   0.96576968 0.0038247108   0.94660625   0.96613922   0.98456356   -9.5143603    267.46288   -9.5143603    4243.7939    4234.2796 
    6000        60000    580.52442    580.52442    580.52442    1.0220192 0.0039222506    1.0075203    1.0179226    1.0406147    -13.39104    276.58519    -13.39104    4388.5362    4375.1451 
    6100        61000    585.10196    585.10196    585.10196    1.0008223 0.0038309119   0.98500898   0.99608615    1.0213717     -13.1382    276.75366     -13.1382    4391.2093    4378.0711 
    6200        62000    586.64718    586.64718    586.64718   0.98602432 0.0038007198   0.97069733   0.98220521    1.0051704   -13.570373    275.29546   -13.570373    4368.0724     4354.502 
    6300        63000    583.24944    583.24944    583.24944    1.0074466 0.0038675313   0.99388389    1.0048213    1.0236346   -14.153135    277.21591   -14.153135    4398.5439    4384.3907 
    6400        64000    582.13579    582.13579    582.13579   0.98789116   0.00388977   0.97730107    0.9828479    1.0035245   -14.161164    269.22419   -14.161164    4271.7403    4257.5792 
    6500        65000    577.37847    577.37847    577.37847    1.0326959 0.0039867139    1.0216301    1.0263479    1.0501096   -13.284434     274.5296   -13.284434    4355.9205    4342.6361 
    6600        66000    584.41679    584.41679    584.41679   0.98116569 0.0038444017   0.96863152   0.97823979   0.99662576   -14.378247    271.37429   -14.378247    4305.8556    4291.4774 
    6700        67000    584.79759    584.79759    584.79759    1.0000915 0.0038368966   0.98862895   0.99709714    1.0145484   -14.101573    276.60032   -14.101573    4388.7764    4374.6748 
    6800        68000     584.9013     584.9013     584.9013    1.0009844  0.003834856   0.98654425   0.99579837    1.0206104   -14.355507     276.4744   -14.355507    4386.7783    4372.4228 
    6900        69000    585.15041    585.15041    585.15041   0.99316185 0.0038299603   0.98453551   0.98121983    1.0137302   -12.845274    274.30366   -12.845274    4352.3355    4339.4902 
    7000        70000    580.25372    580.25372    580.25372    1.0253741 0.0039277427    1.0111003    1.0184221       1.0466    -13.90434    276.67599    -13.90434    4389.9769    4376.0725 
    7100        71000    582.06191    582.06191    582.06191    0.9771741 0.0038912513   0.96442263   0.97178801   0.99531167   -13.808363     267.5792   -13.808363    4245.6395    4231.8311 
    7200        72000    579.45681    579.45681    579.45681    1.0182977 0.0039439701    1.0049539    1.0092036    1.0407354   -14.270427    273.48404   -14.270427    4339.3307    4325.0603 
    7300        73000    583.03207    583.03207    583.03207    1.0017777 0.0038718585   0.99187735   0.99491491    1.0185408   -15.532824    273.30964   -15.532824    4336.5636    4321.0307 
    7400        74000    585.80724    585.80724    585.80724   0.98948199  0.003817092   0.98103837   0.98092362     1.006484   -17.539146    274.28747   -17.539146    4352.0787    4334.5395 
    7500        75000    583.81462    583.81462    583.81462    1.0127721 0.0038563099    1.0019415   0.99992404    1.0364506   -15.380864    278.65158   -15.380864    4421.3234    4405.9425 
    7600        76000    586.08853    586.08853    586.08853   0.98051717 0.0038115986   0.96824549   0.96698282    1.0063232   -15.789491    273.45994   -15.789491    4338.9483    4323.1588 
    7700        77000    582.40358    582.40358    582.40358   0.99776308 0.0038844068   0.98854633   0.98618049    1.0185624   -14.897477    272.14073   -14.897477    4318.0166    4303.1191 
    7800        78000    579.26858    579.26858    579.26858   0.99960901  0.003947816   0.98785578   0.98670493    1.0242663   -14.032041    268.69258   -14.032041    4263.3054    4249.2734 
    7900        79000    579.17277    579.17277    579.17277    1.0185067 0.0039497757    1.0091169    1.0075457    1.0388575   -14.197267    272.94358   -14.197267    4330.7554    4316.5581 
    8000        80000    585.24645    585.24645    585.24645   0.98574496 0.0038280753   0.97605684   0.97861345    1.0025646   -13.720946    273.23352   -13.720946    4335.3558    4321.6348 
    8100        81000     584.8106     584.8106     584.8106   0.99840234 0.0038366406    0.9943883   0.98629779    1.0145209   -13.389584    276.59584   -13.389584    4388.7052    4375.3156 
    8200        82000    584.99528    584.99528    584.99528   0.99865529 0.0038330081   0.98933378   0.98998216    1.0166499   -13.771118    276.38986   -13.771118     4385.437    4371.6659 
    8300        83000    584.26015    584.26015    584.26015   0.98971851 0.0038474947   0.98294867   0.97911789     1.007089   -13.864412     273.2648   -13.864412     4335.852    4321.9876 
    8400        84000    576.86585    576.86585    576.86585    1.0314186 0.0039973514    1.0225605    1.0236869    1.0480085   -14.707909     274.3032   -14.707909    4352.3282    4337.6203 
    8500        85000    580.31585    580.31585    580.31585   0.98545691 0.0039264812   0.97587515   0.97768788    1.0028077   -14.181415    266.90884   -14.181415     4235.003    4220.8216 
    8600        86000    582.85996    582.85996    582.85996   0.98888796 0.0038752896   0.98048718   0.97791973     1.008257    -13.18604    271.30882    -13.18604    4304.8169    4291.6308 
    8700        87000    579.69294    579.69294    579.69294    1.0300301 0.0039391526    1.0212956     1.021752    1.0470425   -15.047035    277.37165   -15.047035    4401.0149    4385.9679 
    8800        88000    588.19612    588.19612    588.19612   0.96134921 0.0037707727   0.95398943   0.94986948   0.98018872   -11.926897    270.46864   -11.926897    4291.4859     4279.559 
    8900        89000    583.85754    583.85754    583.85754    1.0222594 0.0038554596    1.0104622    1.0196256    1.0366903   -11.724786     280.6334   -11.724786    4452.7685    4441.0438 
    9000        90000    586.75438    586.75438    586.75438   0.98734722 0.0037986371    0.9789963   0.97813544    1.0049099    -12.88478    275.26713    -12.88478    4367.6228     4354.738 
    9100        91000    584.14689    584.14689    584.14689   0.99633587 0.0038497331   0.99480464   0.98343202    1.0107709   -15.398627    274.55957   -15.398627     4356.396    4340.9974 
    9200        92000    581.30506    581.30506    581.30506    1.0131188 0.0039064701    1.0075639    1.0015464    1.0302461   -14.391393    275.01412   -14.391393    4363.6083    4349.2169 
    9300        93000    582.39801    582.39801    582.39801   0.97570076 0.0038845183   0.96977256   0.96179679   0.99553294   -12.749957    266.58605   -12.749957    4229.8814    4217.1315 
    9400        94000    577.59334    577.59334    577.59334    1.0215736 0.0039822663    1.0120059    1.0119234    1.0407915   -14.157658    271.46913   -14.157658    4307.3606    4293.2029 
    9500        95000    582.05615    582.05615    582.05615    1.0144272  0.003891367    1.0065415    1.0016411    1.0350991   -13.760538    274.96562   -13.760538    4362.8387    4349.0782 
    9600        96000    585.28388    585.28388    585.28388   0.99471164 0.0038273409   0.98761041   0.98047726    1.0160473   -16.793347    274.64328   -16.793347    4357.7242    4340.9308 
    9700        97000    584.55583    584.55583    584.55583    1.0026768 0.0038416591    0.9968452   0.98929519    1.0218899   -16.203127    277.37654   -16.203127    4401.0925    4384.8893 
    9800        98000     585.3947     585.3947     585.3947     0.988922 0.0038251675   0.98341023   0.97346334    1.0098924   -13.069741    274.80018   -13.069741    4360.2138     4347.144 
    9900        99000    581.73546    581.73546    581.73546    1.0057589 0.0038978059    1.0056158   0.98890577    1.0227551   -11.289708    272.44202   -11.289708    4322.7972    4311.5075 
   10000       100000    578.36577    578.36577    578.36577    1.0177183 0.0039663321    1.0160332    1.0038905    1.0332312   -11.909056    271.66955   -11.909056    4310.5405    4298.6314 
   10100       101000     582.6866     582.6866     582.6866   0.99052791 0.0038787494   0.98700221   0.98297595    1.0016056   -14.009356    271.05943   -14.009356    4300.8598    4286.8505 
   10200       102000    585.95674    585.95674    585.95674   0.99406984 0.0038141709   0.99072529   0.98329265    1.0081916   -15.014719    276.08927   -15.014719    4380.6676    4365.6529 
   10300       103000    586.89948    586.89948    586.89948   0.99045494 0.0037958204   0.98839587   0.97548534    1.0074836   -11.087948    276.28111   -11.087948    4383.7115    4372.6235 
   10400       104000    583.30429    583.30429    583.30429    1.0137003 0.0038664404    1.0058288    1.0055256    1.0297465   -10.814537    277.78058   -10.814537    4407.5033    4396.6888 
   10500       105000    583.30833    583.30833    583.30833   0.98892284 0.0038663601   0.98336962   0.97798323    1.0054157   -14.000706    271.73021   -14.000706    4311.5029    4297.5022 
   10600       106000    579.97286    579.97286    579.97286    1.0200943 0.0039334517     1.012465    1.0113118     1.036506   -12.490439    274.82282   -12.490439     4360.573    4348.0826 
   10700       107000    582.99761    582.99761    582.99761   0.99946087 0.0038725453   0.99564031   0.98688678    1.0158555   -12.434081    273.83817   -12.434081    4344.9497    4332.5156 
   10800       108000    587.13262    587.13262    587.13262   0.99962178 0.0037913003   0.99600607   0.98490989    1.0179494   -12.059412    279.12279   -12.059412       4428.8    4416.7406 
   10900       109000     588.1706     588.1706     588.1706   0.99656405 0.0037712635   0.99359687    0.9760402    1.0200551   -13.793307    279.16091   -13.793307    4429.4049    4415.6115 
   11000       110000    584.07898    584.07898    584.07898    1.0071714  0.003851076    1.0043108   0.99167228    1.0255313   -14.114778    277.51619   -14.114778    4403.3083    4389.1935 
   11100       111000    580.65882    580.65882    580.65882    1.0136946 0.0039195277    1.0081468   0.99907579    1.0338612   -14.727293    274.89165   -14.727293    4361.6651    4346.9378 
   11200       112000    584.03903    584.03903    584.03903   0.98649298 0.0038518664   0.98199455   0.96904999    1.0084344   -14.084564     271.0685   -14.084564    4301.0037    4286.9192 
   11300       113000    581.91049    581.91049    581.91049    1.0216043 0.0038942898    1.0176896    1.0081503     1.038973   -10.951731    277.57049   -10.951731    4404.1698    4393.2181 
   11400       114000    589.02928    589.02928    589.02928   0.96287118 0.0037547946   0.95769723   0.94945655   0.98145975   -10.420583     271.7611   -10.420583    4311.9931    4301.5725 
   11500       115000    585.80285    585.80285    585.80285    1.0111611 0.0038171777   0.99841868     1.000366    1.0346985   -11.448907    278.98521   -11.448907     4426.617    4415.1681 
   11600       116000    585.57398    585.57398    585.57398    1.0045289 0.0038216553   0.99791181   0.98575968    1.0299151   -9.1201596    277.12043   -9.1201596    4397.0288    4387.9087 
   11700       117000    583.33309    583.33309    583.33309   0.98692209 0.0038658676   0.97868941   0.97786128    1.0042156   -15.408963    270.87114   -15.408963    4297.8723    4282.4633 
   11800       118000    579.45929    579.45929    579.45929    1.0297958 0.0039439194    1.0204955    1.0108511    1.0580408    -14.42401    276.30231    -14.42401    4384.0479    4369.6238 
   11900       119000     585.6813     585.6813     585.6813   0.98211453 0.0038195548   0.96949884   0.97411826    1.0027265   -13.635838    272.41128   -13.635838    4322.3095    4308.6737 
   12000       120000     584.7684     584.7684     584.7684    1.0101542 0.0038374713   0.99887261   0.99865308    1.0329369   -12.250463    279.02206   -12.250463    4427.2016    4414.9512 
   12100       121000    586.93956    586.93956    586.93956   0.98989464 0.0037950428   0.97721786   0.97960399    1.0128621   -13.319046    276.22119   -13.319046    4382.7608    4369.4417 
   12200       122000    586.31587    586.31587    586.31587   0.97879223 0.0038071665   0.97206034   0.96556067   0.99875568    -14.67247    273.17739    -14.67247    4334.4651    4319.7926 
   12300       123000    579.55866    579.55866    579.55866    1.0139753 0.0039418911      1.00421   0.99959257    1.0381232   -13.781444     272.5503   -13.781444    4324.5152    4310.7337 
   12400       124000    580.33432    580.33432    580.33432   0.99198778 0.0039261063   0.98221339   0.98035085    1.0133991   -11.867994    268.65241   -11.867994    4262.6679       4250.8 
   12500       125000    580.39975    580.39975    580.39975    1.0252068 0.0039247788    1.0146008     1.011812    1.0492077   -11.279603    274.75887   -11.279603    4359.5583    4348.2787 
   12600       126000    588.10353    588.10353    588.10353     0.968542 0.0037725541   0.96271509   0.95739468   0.98551624   -15.089923    272.40062   -15.089923    4322.1403    4307.0504 
   12700       127000    584.88125    584.88125    584.88125    1.0109791 0.0038352504    1.0058567    0.9985522    1.0285285    -12.22805    279.01675    -12.22805    4427.1174    4414.8893 
   12800       128000     585.3586     585.3586     585.3586   0.99270646 0.0038258753   0.98365886   0.98110128    1.0133592   -15.206465    275.82189   -15.206465    4376.4251    4361.2187 
   12900       129000    583.24763    583.24763    583.24763     1.003875 0.0038675673    1.0026031   0.99080071    1.0182213   -14.902316    274.03628   -14.902316    4348.0931    4333.1908 
   13000       130000    581.14758    581.14758    581.14758    1.0108846 0.0039096468    1.0050079   0.99918867    1.0284572   -14.590477    274.71955   -14.590477    4358.9344    4344.3439 
   13100       131000    585.21235    585.21235    585.21235   0.98278726 0.0038287445   0.97917403   0.96708777       1.0021    -14.47103    271.89815    -14.47103    4314.1676    4299.6966 
   13200       132000     588.3049     588.3049     588.3049    0.9907909 0.0037686814   0.98660721   0.97853251     1.007233   -15.947447    279.12983   -15.947447    4428.9117    4412.9642 
   13300       133000    587.49866    587.49866    587.49866    1.0009872 0.0037842183   0.99309965   0.99494578    1.0149162   -14.226263       279.05   -14.226263    4427.6451    4413.4188 
   13400       134000    584.11907    584.11907    584.11907    1.0028986 0.0038502832   0.99588759   0.99062357    1.0221848   -14.075794    275.40522   -14.075794    4369.8138     4355.738 
   13500       135000    580.21145    580.21145    580.21145    1.0158976 0.0039286011    1.0113173    1.0069245    1.0294509   -13.673164    274.54482   -13.673164    4356.1621    4342.4889 
   13600       136000    583.77764    583.77764    583.77764   0.98381041 0.0038570428    0.9804295   0.97186809   0.99913364   -14.929111    269.96702   -14.929111    4283.5267    4268.5976 
   13700       137000    586.31916    586.31916    586.31916   0.98922665 0.0038071024   0.98686529   0.97881511    1.0019996   -12.496016    275.07741   -12.496016    4364.6125    4352.1165 
   13800       138000    582.61408    582.61408    582.61408      1.01991 0.0038801981    1.0183882    1.0082617    1.0330801   -12.594713    279.61342   -12.594713    4436.5847    4423.9899 
   13900       139000    587.14893    587.14893    587.14893   0.96832292 0.0037909844    0.9632522   0.96089564   0.98082091   -13.217088     271.0723   -13.217088     4301.064    4287.8469 
   14000       140000    581.45046    581.45046    581.45046    1.0215947 0.0039035404    1.0172783    1.0108456    1.0366603   -14.602088    277.58566   -14.602088    4404.4105    4389.8084 
   14100       141000    583.26963    583.26963    583.26963    1.0010286 0.0038671297   0.99322938   0.99107554    1.0187809   -14.821476    274.74526   -14.821476    4359.3423    4344.5208 
   14200       142000    582.94015    582.94015    582.94015   0.98446646 0.0038736905    0.9793279   0.97430761   0.99976386   -14.852755    270.03777   -14.852755    4284.6492    4269.7965 
   14300       143000    579.54925    579.54925    579.54925    1.0218868 0.0039420832    1.0176947    1.0094829    1.0384828    -14.14079    275.13888    -14.14079    4365.5879    4351.4471 
   14400       144000    585.59871    585.59871    585.59871   0.99197194 0.0038211712   0.98786932   0.98406005    1.0039864   -13.533335    275.78218   -13.533335     4375.795    4362.2617 
   14500       145000    587.31389    587.31389    587.31389   0.99156995 0.0037877911   0.98748535   0.98249184    1.0047326   -13.504346    277.93779   -13.504346    4409.9977    4396.4934 
   14600       146000    584.73377    584.73377    584.73377    1.0088678 0.0038381531    1.0061007   0.99814887    1.0223539   -12.962133    278.34236   -12.962133     4416.417    4403.4549 
   14700       147000    585.09373    585.09373    585.09373   0.99568028 0.0038310736   0.99196043   0.98738514    1.0076953   -12.220454    274.92196   -12.220454     4362.146    4349.9256 
   14800       148000    583.72749    583.72749    583.72749    1.0049132  0.003858037    1.0045341   0.99297702    1.0172285   -11.530122    275.58708   -11.530122    4372.6993    4361.1692 
   14900       149000    582.87557    582.87557    582.87557    1.0077689 0.0038749781     1.003297    1.0014997      1.01851   -12.753222    274.92095   -12.753222      4362.13    4349.3768 
   15000       150000    584.42129    584.42129    584.42129   0.98675694 0.0038443129   0.98289605    0.9779937   0.99938105   -13.064322    271.01241   -13.064322    4300.1138    4287.0495 
   15100       151000    580.16781    580.16781    580.16781    1.0285987 0.0039294877    1.0275583    1.0197824    1.0384553   -13.387251    278.39053   -13.387251    4417.1813     4403.794 
   15200       152000    586.68447    586.68447    586.68447   0.98258596 0.0037999953   0.98006978   0.97547023   0.99221789   -12.769496    274.88373   -12.769496    4361.5394    4348.7699 
   15300       153000    586.34573    586.34573    586.34573    1.0002876  0.003806585   0.99783715    0.9955923    1.0074334   -13.289937    278.10228   -13.289937    4412.6077    4399.3177 
   15400       154000    585.49576    585.49576    585.49576     1.008363 0.0038231872    1.0048126    1.0065968    1.0136795   -13.025188    278.68132   -13.025188    4421.7952    4408.7701 
   15500       155000    585.43251    585.43251    585.43251   0.97905534 0.0038244264   0.97704904   0.97309498   0.98702199    -14.41041    271.71362    -14.41041    4311.2397    4296.8293 
   15600       156000    579.70353    579.70353    579.70353    1.0243408 0.0039389365    1.0222812    1.0184067    1.0323346   -13.341467    275.98341   -13.341467    4378.9879    4365.6465 
   15700       157000    583.54631    583.54631    583.54631   0.98931461 0.0038616317   0.98656596   0.98037147    1.0010064   -11.497004    271.68813   -11.497004    4310.8353    4299.3382 
   15800       158000    583.82481    583.82481    583.82481    1.0192755  0.003856108    1.0195482    1.0102823    1.0279959   -11.061138    279.55755   -11.061138    4435.6982    4424.6371 
   15900       159000    587.88106    587.88106    587.88106   0.98727231 0.0037768384   0.98571622   0.97863872   0.99746199   -12.157779    277.34243   -12.157779    4400.5512    4388.3935 
   16000       160000    585.59089    585.59089    585.59089   0.99499697 0.0038213242   0.99253425   0.98655344    1.0059032    -13.23987    276.29552    -13.23987    4383.9401    4370.7002 
   16100       161000    581.81818    581.81818    581.81818    1.0078758 0.0038961437    1.0006011    1.0029795    1.0200469   -13.616149    274.67112   -13.616149     4358.166    4344.5498 
   16200       162000    583.01613    583.01613    583.01613   0.99168429 0.0038721761   0.98481437   0.98110692    1.0091316   -15.501419     271.6679   -15.501419    4310.5143    4295.0129 
   16300       163000    583.55007    583.55007    583.55007   0.99826448 0.0038615571   0.98968172   0.99840842    1.0067033   -14.791882    273.59822   -14.791882    4341.1425    4326.3506 
   16400       164000     583.7313     583.7313     583.7313    1.0040161 0.0038579615   0.99748304   0.99920861    1.0153567   -12.816908    276.02574   -12.816908    4379.6595    4366.8426 
   16500       165000    587.08603    587.08603    587.08603   0.97918919  0.003792203   0.97227327   0.97527875   0.99001554   -11.953651     274.5655   -11.953651    4356.4901    4344.5365 
   16600       166000    584.82004    584.82004    584.82004    1.0205208 0.0038364549    1.0144155    1.0172314    1.0299154   -14.178892     281.2091   -14.178892    4461.9031    4447.7242 
   16700       167000    587.92095    587.92095    587.92095   0.98931621 0.0037760699   0.97749738   0.98321213    1.0072391   -13.976703    276.50031   -13.976703    4387.1894    4373.2127 
   16800       168000    586.16209    586.16209    586.16209   0.97819215 0.0038101637   0.97115308   0.97620724   0.98721614   -14.170586    272.68621   -14.170586    4326.6717    4312.5011 
   16900       169000    581.97123    581.97123    581.97123    1.0121089 0.0038930706    1.0053591    1.0061917     1.024776   -13.958045    276.25606   -13.958045     4383.314    4369.3559 
   17000       170000    584.61589    584.61589    584.61589   0.98063134 0.0038404752   0.97630526   0.97568992   0.98989884   -11.685386    271.24092   -11.685386    4303.7395    4292.0541 
   17100       171000    580.33906    580.33906    580.33906     1.030595 0.0039260101    1.0238501    1.0252489    1.0426862   -13.189492    276.27757   -13.189492    4383.6552    4370.4657 
   17200       172000    585.40097    585.40097    585.40097   0.98819631 0.0038250446    0.9811267   0.98205854    1.0014037   -14.508512    273.86499   -14.508512    4345.3752    4330.8667 
   17300       173000    586.79441    586.79441    586.79441   0.99181003 0.0037978598   0.98233379   0.99162718    1.0014691   -14.958283    277.16392   -14.958283    4397.7189    4382.7607 
   17400       174000    585.99955    585.99955    585.99955    1.0037533 0.0038133351   0.99608428    1.0005509    1.0146248   -14.325658    279.58478   -14.325658    4436.1303    4421.8046 
   17500       175000    586.19751    586.19751    586.19751   0.98178886 0.0038094731   0.97582412   0.97795244   0.99159002   -13.652222    273.06067   -13.652222    4332.6132     4318.961 
   17600       176000    580.36697    580.36697    580.36697    1.0224375 0.0039254438    1.0136272    1.0189399    1.0347454   -14.813857    276.03333   -14.813857      4379.78    4364.9662 
   17700       177000    583.75528    583.75528    583.75528   0.99050054 0.0038574859   0.97925851   0.98839456    1.0038485   -12.054316    272.15136   -12.054316    4318.1854    4306.1311 
   17800       178000    584.61626    584.61626    584.61626    0.9952772  0.003840468   0.98383593   0.99442337    1.0075723   -10.647875    274.71848   -10.647875    4358.9175    4348.2696 
   17900       179000    582.94378    582.94378    582.94378    1.0179785 0.0038736182    1.0014448    1.0234853    1.0290055   -9.5387528    278.11682   -9.5387528    4412.8384    4403.2997 
   18000       180000    589.08613    589.08613    589.08613   0.96268083 0.0037537076   0.95265023   0.96742104   0.96797121   -11.228707    270.88883   -11.228707    4298.1529    4286.9242 
   18100       181000    582.12557    582.12557    582.12557    1.0347463 0.0038899748    1.0268515    1.0338908    1.0434967   -11.583442    281.82014   -11.583442    4471.5985     4460.015 
   18200       182000    585.84497    585.84497    585.84497    1.0146655 0.0038163545    1.0034326    1.0160088    1.0245551   -11.761231    281.92622   -11.761231    4473.2816    4461.5204 
   18300       183000    588.06619    588.06619    588.06619   0.97700001 0.0037732726    0.9658187    0.9762667   0.98891463     -12.4254    273.29977     -12.4254    4336.4069    4323.9815 
   18400       184000    582.00346    582.00346    582.00346    1.0109843 0.0038924239    1.0005527    1.0119645    1.0204356   -13.246472    275.33595   -13.246472    4368.7147    4355.4683 
   18500       185000    582.28039    582.28039    582.28039    1.0003615 0.0038868729   0.98565673   0.99526405    1.0201638   -12.991358    272.45663   -12.991358     4323.029    4310.0376 
   18600       186000    583.09884    583.09884    583.09884   0.99844672 0.0038705287   0.98471774    0.9973634     1.013259   -14.151277    273.95194   -14.151277    4346.7549    4332.6036 
   18700       187000    587.00119    587.00119    587.00119   0.99207165 0.0037938475   0.98022678   0.99299988    1.0029883   -13.511395    277.40411   -13.511395      4401.53    4388.0186 
   18800       188000    590.25589    590.25589    590.25589   0.97077731 0.0037314346   0.96088984   0.97055334   0.98088875   -13.042388     276.3556   -13.042388    4384.8935    4371.8511 
   18900       189000    584.44185    584.44185    584.44185    1.0144814 0.0038439072    1.0039243    1.0122504    1.0272695   -15.025312    279.81953   -15.025312     4439.855    4424.8297 
   19000       190000    585.31156    585.31156    585.31156   0.99075309 0.0038267978   0.98807879   0.99052388    0.9936566   -12.475909    273.66785   -12.475909    4342.2472    4329.7713 
   19100       191000     581.8945     581.8945     581.8945     1.015737 0.0038946108    1.0082947    1.0159715    1.0229448    -15.05515    276.85814    -15.05515     4392.867    4377.8119 
   19200       192000    584.13875    584.13875    584.13875    0.9888032 0.0038498939   0.98280472   0.99002342   0.99358147   -11.856293    272.39318   -11.856293    4322.0222    4310.1659 
   19300       193000    584.39364    584.39364    584.39364   0.99261297 0.0038448587    0.9852375   0.99296375   0.99963767   -12.679188    274.15256   -12.679188     4349.938    4337.2588 
   19400       194000    582.35399    582.35399    582.35399    1.0315097 0.0038853994    1.0229812    1.0318321    1.0397157   -10.715157    280.84675   -10.715157    4456.1538    4445.4386 
   19500       195000     588.3256     588.3256     588.3256   0.96653103 0.0037682837   0.96007554   0.96536352   0.97415404   -14.288252    271.79981   -14.288252    4312.6073    4298.3191 
   19600       196000    582.12153    582.12153    582.12153    1.0092608 0.0038900559    1.0017903    1.0093828    1.0166095   -12.800919    274.35156   -12.800919    4353.0956    4340.2947 
   19700       197000    580.79596    580.79596    580.79596   0.99485355  0.003916752   0.99157386   0.99183603    1.0011507   -14.470722    269.60671   -14.470722    4277.8098     4263.339 
   19800       198000    580.39931    580.39931    580.39931    1.0134607 0.0039247876    1.0106073    1.0084396    1.0213351   -11.700733    272.59072   -11.700733    4325.1566    4313.4559 
   19900       199000    587.39309    587.39309    587.39309   0.97299421 0.0037862591   0.96934294    0.9687472    0.9808925   -12.094465    272.47157   -12.094465    4323.2661    4311.1716 
   20000       200000    587.02933    587.02933    587.02933   0.99081062  0.003793302   0.98672174   0.98930382   0.99640629     -14.9816      277.513     -14.9816    4403.2577    4388.2761 
Loop time of 10.3611 on 4 procs for 20000 steps with 5324 atoms

Performance: 1667.778 ns/day, 0.014 hours/ns, 1930.298 timesteps/s
86.8% CPU use with 4 MPI tasks x no OpenMP threads

MPI task timing breakdown:
Section |  min time  |  avg time  |  max time  |%varavg| %total
---------------------------------------------------------------
Pair    | 0.39225    | 0.39659    | 0.40113    |   0.5 |  3.83
Neigh   | 0.89915    | 0.91148    | 0.93385    |   1.4 |  8.80
Comm    | 0.57273    | 0.61698    | 0.6557     |   3.8 |  5.95
Output  | 5.7207     | 5.7235     | 5.7244     |   0.1 | 55.24
Modify  | 2.5576     | 2.5825     | 2.6078     |   1.1 | 24.93
Other   |            | 0.1301     |            |       |  1.26

Nlocal:    1331 ave 1367 max 1306 min
Histogram: 2 0 0 0 0 1 0 0 0 1
Nghost:    346.75 ave 361 max 336 min
Histogram: 1 0 0 1 1 0 0 0 0 1
Neighs:    208.5 ave 230 max 186 min
Histogram: 1 1 0 0 0 0 0 0 1 1

Total # of neighbors = 834
Ave neighs/atom = 0.156649
Neighbor list builds = 1715
Dangerous builds = 911

# the regular input script for finding the equilibrium state ends here

###############################################################################################
# the following lines just indicate possible further production step after the equilibration
###############################################################################################

# for removing fix 1
#unfix 1

# for removing the dump 1 command
#undump 1

# change the log file name
#log production.log

# enforcing another ensemble or the same for the production step
#fix 1 all nvt temp 180 180 100

# reset time step to zero
#reset_timestep 0

# set new time step
#timestep 5

# run more steps
#run 1000000

variable   natoms equal "count(all)"
print   "NUmber of atoms = ${natoms};"
NUmber of atoms = 5324;
quit
