run 20000
Neighbor list info ...
  1 neighbor list requests
  update every 1 steps, delay 10 steps, check yes
  max neighbors/atom: 2000, page size: 100000
  master list distance cutoff = 14
  ghost atom cutoff = 14
  binsize = 7 -> bins = 38 38 38
Memory usage per processor = 3.59163 Mbytes
Step Time Lx Ly Lz Press Density Pxx Pyy Pzz PotEng Temp PotEng KinEng TotEng 
       0            0     264.9985     264.9985     264.9985    1.0053261 0.0038725634   0.98951215    1.0257937    1.0006725            0       275.15            0    409.26477    409.26477 
     100         1000    265.76034    265.76034    265.76034   0.99218937 0.0038393549   0.97658204    1.0123895   0.98759661            0    273.90338            0    407.41052    407.41052 
     200         2000    266.69556    266.69556    266.69556   0.99528979 0.0037991063   0.97963369     1.015553   0.99068267            0    277.67014            0    413.01329    413.01329 
     300         3000    268.78511    268.78511    268.78511   0.99955038 0.0037111896   0.98382726    1.0199003   0.99492353            0    285.46484            0    424.60732    424.60732 
     400         4000    271.69297    271.69297    271.69297   0.94330101 0.0035933008   0.92845829   0.96250329   0.93894145 -0.0015026334    278.24191 -0.0015026334    413.86375    413.86224 
     500         5000    261.74952    261.74952    261.74952    1.0670565  0.004018566    1.0505694    1.0893051    1.0612949  -0.15160722    281.70128  -0.15160722    419.00931     418.8577 
     600         6000    261.41709    261.41709    261.41709    1.0002243 0.0040339161   0.98498913    1.0212674   0.99441639  -0.35383991    263.42005  -0.35383991    391.81736    391.46352 
     700         7000    265.34078    265.34078    265.34078   0.95630863 0.0038575963   0.93997486   0.97155393   0.95739709  -0.51017679    263.67868  -0.51017679    392.20205    391.69188 
     800         8000    264.69763    264.69763    264.69763    1.0261571 0.0038857839    1.0100087    1.0468776    1.0215851  -0.66088217    280.87202  -0.66088217    417.77585    417.11496 
     900         9000    268.95049    268.95049    268.95049   0.95119148 0.0037043479    0.9363612   0.97394119   0.94327205   -1.6687647    273.52372   -1.6687647     406.8458    405.17704 
    1000        10000    266.99142    266.99142    266.99142   0.99937939 0.0037864903   0.98030347    1.0375822   0.98025248   -2.2099237    279.93992   -2.2099237    416.38942    414.17949 
    1100        11000    261.87441    261.87441    261.87441    1.0514024 0.0040128191    1.0408687    1.0712491    1.0420894   -2.2602581    278.85494   -2.2602581    414.77559    412.51533 
    1200        12000    265.34232    265.34232    265.34232   0.91326031  0.003857529    0.9084922   0.92499161    0.9062971   -1.1187439    252.93779   -1.1187439    376.22579    375.10705 
    1300        13000    253.58513    253.58513    253.58513    1.2085218 0.0044193403    1.2037104    1.2300435    1.1918114   -1.8080228    290.77646   -1.8080228    432.50795    430.69992 
    1400        14000     262.7381     262.7381     262.7381   0.99779244 0.0039733756   0.97911314    1.0397198   0.97454435   -1.6251178    266.32567   -1.6251178    396.13925    394.51414 
    1500        15000     264.4055     264.4055     264.4055   0.99746679 0.0038986778   0.99417956    1.0292737   0.96894711   -1.3018638    271.42927   -1.3018638    403.73047    402.42861 
    1600        16000    267.81139    267.81139    267.81139    1.0117124 0.0037518172    1.0022814    1.0433822   0.98947358  -0.77266208    287.19055  -0.77266208    427.17417    426.40151 
    1700        17000    273.91096    273.91096    273.91096   0.90165012 0.0035067158   0.88916849    0.9336106   0.88217129  -0.73548134    273.78358  -0.73548134    407.23233    406.49685 
    1800        18000    264.24809    264.24809    264.24809    1.0573866 0.0039056492    1.0417692    1.0912567    1.0391338   -1.3469004    287.00984   -1.3469004    426.90539    425.55848 
    1900        19000    264.12678    264.12678    264.12678    0.9554101 0.0039110329   0.93965382   0.99151383   0.93506264   -1.9509028    261.33916   -1.9509028    388.72219    386.77129 
    2000        20000    260.76085    260.76085    260.76085    1.0377055 0.0040644483    1.0207305    1.0758809     1.016505   -2.2197246     272.7766   -2.2197246    405.73451    403.51479 
    2100        21000    267.05107    267.05107    267.05107   0.95379255 0.0037839535   0.93630113   0.98603864   0.93903789   -1.4483657    269.21075   -1.4483657    400.43059    398.98222 
    2200        22000    275.42449    275.42449    275.42449   0.91037933 0.0034492219   0.92990169   0.91834664   0.88288967  -0.48000459     272.3593  -0.48000459    405.11382    404.63382 
    2300        23000    263.11389    263.11389    263.11389    1.1283593 0.0039563751    1.1019068     1.174346     1.108825   -1.6274603    302.51224   -1.6274603    449.96403    448.33657 
    2400        24000    269.22019    269.22019    269.22019    0.9329236  0.003693226   0.90974013   0.96433968   0.92469098   -1.3083215    268.55666   -1.3083215    399.45769    398.14936 
    2500        25000    263.86041    263.86041    263.86041     1.029556 0.0039228894    1.0075537    1.0716775    1.0094368   -1.6408796    277.19027   -1.6408796    412.29952    410.65864 
    2600        26000    262.95953    262.95953    262.95953    1.0203526 0.0039633465    1.0022549    1.0572172    1.0015857   -1.4853606     274.8423   -1.4853606     408.8071    407.32174 
    2700        27000    265.98406    265.98406    265.98406   0.93086314 0.0038296751   0.91292672   0.96360875   0.91605394   -0.9391864    259.18137   -0.9391864    385.51264    384.57345 
    2800        28000    258.78697    258.78697    258.78697    1.1508893 0.0041581633    1.1371609    1.1926524    1.1228544  -0.41443561    288.17009  -0.41443561    428.63118    428.21674 
    2900        29000    270.00072    270.00072    270.00072   0.94122011 0.0036612891   0.91523979   0.98430792   0.92411262   -1.2790728    274.24387   -1.2790728    407.91698     406.6379 
    3000        30000    269.14542    269.14542    269.14542   0.98898702  0.003696305   0.97157929    1.0295578   0.96582392    -1.051925    285.31493    -1.051925    424.38434    423.33242 
    3100        31000    268.52136    268.52136    268.52136     1.008942 0.0037221362    0.9912657    1.0487242   0.98683607  -0.84838753    288.30089  -0.84838753    428.82573    427.97734 
    3200        32000    267.82703    267.82703    267.82703   0.95103318 0.0037511598   0.92449815   0.98622563   0.94237577  -0.76704392    266.49996  -0.76704392    396.39849    395.63145 
    3300        33000    257.25334    257.25334    257.25334    1.1043217 0.0042329749    1.0831616    1.1478723    1.0819312   -1.5223937    279.00482   -1.5223937    414.99852    413.47613 
    3400        34000    263.06351    263.06351    263.06351   0.96431057 0.0039586485   0.94418134   0.99604852   0.95270185   -1.1138405     259.5149   -1.1138405    386.00874     384.8949 
    3500        35000    262.83452    262.83452    262.83452    1.0591405 0.0039690041     1.055212    1.0727086    1.0495008  -0.32029512    280.03291  -0.32029512    416.52773    416.20743 
    3600        36000    270.35791    270.35791    270.35791    0.9433417 0.0036467966   0.92852295   0.96473864   0.93676351  -0.64925932     275.3694  -0.64925932    409.59112    408.94186 
    3700        37000    268.34116    268.34116    268.34116    0.9814685 0.0037296399   0.97073089    1.0057433   0.96793134   -1.7941126    281.22428   -1.7941126     418.2998    416.50569 
    3800        38000     263.1574     263.1574     263.1574    1.0391373 0.0039544129     1.015039    1.0678525    1.0345204  -0.88195334    280.11642  -0.88195334    416.65194    415.76999 
    3900        39000    268.66204    268.66204    268.66204   0.89427334 0.0037162924   0.87242495    0.9197806   0.89061446  -0.81514227    254.71419  -0.81514227    378.86806    378.05292 
    4000        40000    260.33241    260.33241    260.33241    1.0924727 0.0040845485    1.0713535    1.1224611    1.0836034   -1.3914798    285.68883   -1.3914798    424.94049    423.54901 
    4100        41000    265.31475    265.31475    265.31475   0.99407507  0.003858732   0.96462298    1.0310851   0.98651714   -1.0551598    272.87239   -1.0551598      405.877    404.82184 
    4200        42000    266.58314    266.58314    266.58314   0.97201219 0.0038039143   0.94411859    1.0037855    0.9681325   -0.6180891    271.56221   -0.6180891     403.9282    403.31011 
    4300        43000    263.91939    263.91939    263.91939    1.0511093   0.00392026    1.0394599    1.0749222    1.0389456  -0.38739114    281.56796  -0.38739114      418.811    418.42361 
    4400        44000     268.8231     268.8231     268.8231   0.93648518 0.0037096166   0.92043438   0.97366326    0.9153579   -1.1662922    265.79122   -1.1662922     395.3443      394.178 
    4500        45000    260.25386    260.25386    260.25386    1.0538979 0.0040882481    1.0443726    1.0934164    1.0239046   -1.2677592    275.23618   -1.2677592    409.39296     408.1252 
    4600        46000    259.57771    259.57771    259.57771    1.0444198 0.0041202785    1.0271943    1.0788973    1.0271677  -0.95211415    265.74745  -0.95211415    395.27919    394.32707 
    4700        47000    263.64557    263.64557    263.64557   0.96231591 0.0039324877   0.95862855   0.98452454   0.94379465   -0.7891832    260.73215   -0.7891832    387.81931    387.03013 
    4800        48000    263.42501    263.42501    263.42501    1.0452286 0.0039423734    1.0367733     1.081148    1.0177646   -1.4547643    283.05431   -1.4547643    421.02184    419.56708 
    4900        49000    271.20772    271.20772    271.20772   0.91712623  0.003612623   0.90058106   0.94811935   0.90267827  -0.61267714      270.234  -0.61267714    401.95259    401.33991 
    5000        50000    266.71941    266.71941    266.71941    1.0236219 0.0037980872   0.99815766    1.0653465    1.0073614   -1.0499762    286.49221   -1.0499762    426.13545    425.08548 
    5100        51000    267.76097    267.76097    267.76097   0.96763803 0.0037539369   0.92495712    1.0129301   0.96502688  -0.62474246    269.20013  -0.62474246    400.41479    399.79005 
    5200        52000    261.23862    261.23862    261.23862    1.0178406  0.004042189   0.99119781     1.075978   0.98634594   -0.8323253    265.07169   -0.8323253    394.27405    393.44172 
    5300        53000    259.86917    259.86917    259.86917    1.0481493 0.0041064307    1.0232173    1.0958375     1.025393   -1.4063254    272.69264   -1.4063254    405.60963    404.20331 
    5400        54000    265.23126    265.23126    265.23126    1.0146566 0.0038623769    0.9858506    1.0671074   0.99101177   -1.0070608     277.3628   -1.0070608    412.55615    411.54909 
    5500        55000    270.87135    270.87135    270.87135   0.98497542 0.0036260983   0.95694329    1.0372351   0.96074788  -0.86288402    287.93335  -0.86288402    428.27903    427.41615 
    5600        56000    271.53097    271.53097    271.53097   0.95615288  0.003599736   0.92857912   0.99783118   0.94204834  -0.72961834    282.83807  -0.72961834     420.7002    419.97058 
    5700        57000    260.06294    260.06294    260.06294    1.1340079 0.0040972584    1.1024517    1.1800613    1.1195107   -1.2382863    294.75766   -1.2382863    438.42969     437.1914 
    5800        58000    265.12405    265.12405    265.12405   0.95257324 0.0038670642   0.92015364   0.99424116   0.94332491   -1.2085947    263.17483   -1.2085947    391.45261    390.24402 
    5900        59000     267.3746     267.3746     267.3746   0.94595005 0.0037702341   0.91779782   0.99430151   0.92575082   -1.1746304    267.25622   -1.1746304    397.52337    396.34874 
    6000        60000    263.39229    263.39229    263.39229    1.0677871  0.003943843    1.0399464    1.1176076    1.0458072  -0.74190343    287.95472  -0.74190343    428.31082    427.56891 
    6100        61000    269.47784    269.47784    269.47784   0.92663073 0.0036826428    0.9004458   0.96769317    0.9117532  -0.82676049    267.83683  -0.82676049    398.38699    397.56023 
    6200        62000    263.28642    263.28642    263.28642    1.0440797 0.0039486025    1.0033963    1.1052868    1.0235561   -1.5611202     279.7488   -1.5611202    416.10515    414.54403 
    6300        63000    264.15272    264.15272    264.15272    0.9835648 0.0039098809   0.95081581    1.0266028   0.97327578   -1.8149901    268.44986   -1.8149901    399.29882    397.48383 
    6400        64000    262.60175    262.60175    262.60175   0.98519749 0.0039795681    0.9567929    1.0249254   0.97387411  -0.86131392    263.91263  -0.86131392    392.55003    391.68872 
    6500        65000    261.48622    261.48622    261.48622    1.0661961 0.0040307174    1.0265945    1.1286147     1.043379   -1.0587003    279.56957   -1.0587003    415.83855    414.77985 
    6600        66000    270.74943    270.74943    270.74943   0.93852611  0.003630999   0.91360995   0.98693187   0.91503652  -0.92489353     275.4514  -0.92489353    409.71308    408.78819 
    6700        67000     269.2158     269.2158     269.2158    1.0086288 0.0036934066   0.98340858    1.0558145   0.98666333   -0.8625778    290.61591   -0.8625778    432.26914    431.40657 
    6800        68000    268.47528    268.47528    268.47528   0.94365639 0.0037240533   0.91831357   0.98959533   0.92306027   -0.9787584    270.01438   -0.9787584    401.62592    400.64716 
    6900        69000    260.96516    260.96516    260.96516    1.0247006 0.0040549099   0.99406245    1.0677533    1.0122859   -1.0464495    269.70223   -1.0464495    401.16163    400.11518 
    7000        70000    261.87392    261.87392    261.87392    1.0251661 0.0040128419   0.99461606    1.0740353    1.0068469   -1.2289337    271.81901   -1.2289337    404.31018    403.08125 
    7100        71000    266.17892    266.17892    266.17892   0.98934897 0.0038212707   0.96252823    1.0345198   0.97099886   -1.0953541    275.65731   -1.0953541    410.01936    408.92401 
    7200        72000    269.13473    269.13473    269.13473    1.0065339 0.0036967454   0.96587216    1.0442848    1.0094448  -0.92473001    285.32743  -0.92473001    424.40293     423.4782 
    7300        73000    273.42894    273.42894    273.42894   0.91151156 0.0035252938   0.87591819   0.95871624   0.89990025     -1.11942    276.01221     -1.11942    410.54724    409.42782 
    7400        74000    262.90882    262.90882    262.90882    1.0153953 0.0039656403   0.97988988    1.0671168   0.99917907  -0.98978802     273.2266  -0.98978802    406.40386    405.41407 
    7500        75000    259.27803    259.27803    259.27803    1.0273573 0.0041345823   0.99412503    1.0776325    1.0103144    -0.900341    265.05457    -0.900341    394.24859    393.34825 
    7600        76000    263.02111    263.02111    263.02111   0.99222798 0.0039605635   0.94968062    1.0534518    0.9735515   -1.2321366    265.20301   -1.2321366    394.46937    393.23723 
    7700        77000    267.63448    267.63448    267.63448   0.97616306 0.0037592621   0.93725945    1.0248111    0.9664186   -1.5969244    276.59682   -1.5969244    411.41681    409.81989 
    7800        78000    272.15342    272.15342    272.15342   0.92900998 0.0035750933   0.89004443   0.97501435   0.92197116  -0.68897252     273.8379  -0.68897252    407.31313    406.62416 
    7900        79000    263.23317    263.23317    263.23317    1.0841481  0.003950999    1.0369525     1.145635    1.0698569  -0.85952546    292.08373  -0.85952546    434.45241    433.59289 
    8000        80000     266.4101     266.4101     266.4101   0.94776011 0.0038113317   0.90667954    1.0053908   0.93121001   -1.1886645    264.83002   -1.1886645    393.91459    392.72593 
    8100        81000    263.67899    263.67899    263.67899    1.0039198 0.0039309922   0.97143776    1.0568164   0.98350537   -1.1324484    272.59601   -1.1324484    405.46591    404.33346 
    8200        82000    258.11423    258.11423    258.11423    1.1177854 0.0041907613      1.07142    1.1704297    1.1115065   -1.7248823     284.2496   -1.7248823    422.79974    421.07486 
    8300        83000     270.1296     270.1296     270.1296   0.87444954 0.0036560513   0.84154006   0.91427209   0.86753647  -0.64547119    254.16705  -0.64547119    378.05423    377.40876 
    8400        84000    263.36801    263.36801    263.36801    1.0787122 0.0039449337    1.0369165    1.1313097    1.0679104  -0.59565832    290.91919  -0.59565832    432.72025    432.12459 
    8500        85000    269.58722    269.58722    269.58722   0.95171295 0.0036781622   0.91637537   0.99755527   0.94120821   -1.2933926    274.47159   -1.2933926    408.25569    406.96229 
    8600        86000    267.02335    267.02335    267.02335    1.0024195 0.0037851322   0.94089696    1.0448245    1.0215369   -0.2613919    277.06686   -0.2613919    412.11596    411.85456 
    8700        87000    263.17949    263.17949    263.17949     1.043204 0.0039534172    1.0090228    1.0843412    1.0362479   -1.1251177    277.92974   -1.1251177    413.39942     412.2743 
    8800        88000    264.52928    264.52928    264.52928   0.93306543 0.0038932075    0.8832706   0.98293643   0.93298927   -1.3325051    256.03649   -1.3325051    380.83488    379.50237 
    8900        89000    256.19576    256.19576    256.19576    1.1434292 0.0042856133    1.0721094    1.2143722     1.143806   -1.2452696    281.30098   -1.2452696    418.41389    417.16862 
    9000        90000    267.58053    267.58053    267.58053    1.0032669 0.0037615364   0.94634475    1.0589291    1.0045267   -1.2905019    284.39708   -1.2905019    423.01911    421.72861 
    9100        91000    271.45022    271.45022    271.45022   0.97659974 0.0036029497   0.91830616     1.026808   0.98468506   -1.3000748    287.59816   -1.3000748    427.78047     426.4804 
    9200        92000    267.95429    267.95429    267.95429    1.0027765 0.0037458178   0.94535664    1.0558804    1.0070924   -1.0952603    284.67171   -1.0952603    423.42759    422.33233 
    9300        93000    263.83869    263.83869    263.83869    1.0355723 0.0039238587   0.98830942    1.0845543    1.0338532  -0.96485026     279.8206  -0.96485026    416.21194    415.24709 
    9400        94000    267.93537    267.93537    267.93537   0.92920853 0.0037466115    0.8820911   0.97207365   0.93346083  -0.97725229    264.00086  -0.97725229    392.68128    391.70403 
    9500        95000    262.97908    262.97908    262.97908    1.0655976 0.0039624627    1.0038388    1.1130579    1.0798962   -1.3506569    283.91899   -1.3506569    422.30798    420.95733 
    9600        96000     266.4422     266.4422     266.4422   0.98392535 0.0038099542   0.94222084    1.0208772   0.98867804   -1.3410589    275.55102   -1.3410589    409.86125    408.52019 
    9700        97000    266.59804    266.59804    266.59804   0.92195304 0.0038032767    0.8582661   0.94965467   0.95793836   -1.0560506    254.07572   -1.0560506    377.91838    376.86233 
    9800        98000    259.93012    259.93012    259.93012    1.0777262 0.0041035429    1.0063198    1.1324578     1.094401  -0.96004194    273.81552  -0.96004194    407.27984     406.3198 
    9900        99000     267.0183     267.0183     267.0183    1.0091265  0.003785347   0.94877973    1.0450569     1.033543  -0.27032776      279.538  -0.27032776    415.79159    415.52127 
   10000       100000    271.19912    271.19912    271.19912   0.95735049 0.0036129667   0.89838607    1.0072203   0.96644511  -0.51876148    281.80577  -0.51876148    419.16472    418.64596 
   10100       101000    266.39729    266.39729    266.39729     1.030155 0.0038118815   0.96679691    1.0865052    1.0371629  -0.65181869    287.37258  -0.65181869    427.44494    426.79312 
   10200       102000    266.33532    266.33532    266.33532   0.99086689 0.0038145427   0.93389709    1.0451594   0.99354422  -0.92358325    276.82959  -0.92358325    411.76304    410.83945 
   10300       103000    270.54006    270.54006    270.54006   0.91695316 0.0036394355   0.86533864   0.95853965   0.92698118  -0.58887636    266.25639  -0.58887636    396.03621    395.44733 
   10400       104000    261.60003    261.60003    261.60003    1.1094219 0.0040254589    1.0359236    1.1697308    1.1226113  -0.83665851    293.59215  -0.83665851    436.69607    435.85941 
   10500       105000     268.3199     268.3199     268.3199   0.90995934 0.0037305266   0.84980319   0.95863575   0.92143907   -1.3822435    259.80751   -1.3822435    386.44398    385.06174 
   10600       106000    262.38251    262.38251    262.38251    1.0014247 0.0039895521   0.94027511    1.0545224    1.0094767   -1.4239495    267.93473   -1.4239495     398.5326    397.10865 
   10700       107000    263.35549    263.35549    263.35549    1.0307451 0.0039454963   0.97880181    1.0887122    1.0247211    -1.566212    279.40607    -1.566212    415.59536    414.02915 
   10800       108000    270.93855    270.93855    270.93855    1.0163066  0.003623401   0.95009449    1.0538299    1.0449955  -0.60195071    293.80532  -0.60195071    437.01314    436.41119 
   10900       109000    276.08924    276.08924    276.08924    0.9333448 0.0034243674   0.88276901   0.98658453   0.93068086  -0.98399504    290.34848  -0.98399504    431.87135    430.88736 
   11000       110000    267.39544    267.39544    267.39544    1.0260692  0.003769353   0.96603465    1.0879432    1.0242297   -1.2524995    290.23174   -1.2524995    431.69771    430.44521 
   11100       111000    265.28629    265.28629    265.28629   0.99880851  0.003859974    0.9404557    1.0615568   0.99441303   -1.4411901    274.93572   -1.4411901    408.94605    407.50486 
   11200       112000    264.76946    264.76946    264.76946   0.98457509 0.0038826219   0.92035825     1.049664   0.98370302   -2.0064346    269.31444   -2.0064346    400.58482    398.57839 
   11300       113000     263.1075     263.1075     263.1075     1.027072 0.0039566633    0.9579784    1.0907672    1.0324705   -1.5027491    276.90552   -1.5027491    411.87597    410.37322 
   11400       114000    270.51706    270.51706    270.51706   0.93367956 0.0036403641   0.86778144    1.0035967   0.92966056  -0.98595622    273.18696  -0.98595622    406.34489    405.35894 
   11500       115000    273.75351    273.75351    273.75351   0.96224961 0.0035127696   0.89444635    1.0365359   0.95576657  -0.86514939    291.60835  -0.86514939    433.74532    432.88018 
   11600       116000    267.85394    267.85394    267.85394    1.0523646 0.0037500292   0.98137232    1.1235323    1.0521893  -0.77638141     294.3338  -0.77638141    437.79922    437.02283 
   11700       117000    270.38734    270.38734    270.38734   0.93182996 0.0036456059   0.86763308    1.0057058   0.92215103   -1.0471094    271.92675   -1.0471094    404.47044    403.42333 
   11800       118000    259.96019    259.96019    259.96019    1.1102651 0.0041021189    1.0355622    1.1932803    1.1019527   -1.1297648    286.42649   -1.1297648     426.0377    424.90794 
   11900       119000    264.61212    264.61212    264.61212   0.94583084 0.0038895521   0.88755264    1.0061662    0.9437737  -0.75505949    258.95518  -0.75505949     385.1762    384.42114 
   12000       120000    262.23806    262.23806    262.23806     1.026169 0.0039961486    0.9582976    1.1011626    1.0190467   -1.0338924    272.24181   -1.0338924    404.93907    403.90517 
   12100       121000    263.08081    263.08081    263.08081    1.0397932 0.0039578675   0.97238412    1.1143519    1.0326436   -2.2181692    279.22936   -2.2181692    415.33252    413.11435 
   12200       122000    270.44961    270.44961    270.44961   0.91142703 0.0036430884    0.8545627   0.97336119    0.9063572   -1.2760826    267.09718   -1.2760826    397.28682    396.01073 
   12300       123000    264.61692    264.61692    264.61692    1.0355379 0.0038893405   0.97161435    1.0956609    1.0393384   -1.5304268    284.58929   -1.5304268    423.30501    421.77458 
   12400       124000    267.52629    267.52629    267.52629   0.96392362 0.0037638245   0.90004294    1.0206256   0.97110229   -1.6255639    270.16249   -1.6255639    401.84623    400.22067 
   12500       125000    263.75205    263.75205    263.75205    1.0106805 0.0039277267   0.95468763    1.0617618    1.0155921   -1.6128656    274.92087   -1.6128656    408.92397     407.3111 
   12600       126000    262.04399    262.04399    262.04399    1.0460521 0.0040050336   0.99443414    1.0952192    1.0485029    -1.398276    277.88176    -1.398276    413.32805    411.92978 
   12700       127000    267.99755    267.99755    267.99755   0.91833882 0.0037440042   0.87525849   0.95618195   0.92357602  -0.97986201    261.48614  -0.97986201    388.94082    387.96096 
   12800       128000    261.79299    261.79299    261.79299     1.116595 0.0040165643    1.0653133    1.1479568    1.1365147   -1.2895518     289.1799   -1.2895518    430.13318    428.84363 
   12900       129000    270.31401    270.31401    270.31401   0.94049372 0.0036485737   0.88675655   0.97442842   0.96029619   -1.1157233    270.44652   -1.1157233    402.26871    401.15299 
   13000       130000    266.05539    266.05539    266.05539    1.0007496 0.0038265959   0.95866025    1.0235667    1.0200219     -1.24462    279.40848     -1.24462    415.59894    414.35432 
   13100       131000    264.14754    264.14754    264.14754    1.0276808 0.0039101111    0.9939475    1.0486863    1.0404086   -1.6853753    278.72144   -1.6853753    414.57701    412.89164 
   13200       132000    265.20874    265.20874    265.20874   0.94347732  0.003863361   0.90360802   0.96901591   0.95780804   -1.1850329    260.61281   -1.1850329    387.64181    386.45677 
   13300       133000    261.53436    261.53436    261.53436    1.0424702 0.0040284919    1.0001813    1.0682678    1.0589616  -0.68372536    275.38463  -0.68372536    409.61377    408.93005 
   13400       134000    267.26641    267.26641    267.26641   0.99901405 0.0037748149   0.95926115    1.0188484    1.0189325  -0.60662112    281.59933  -0.60662112    418.85767    418.25105 
   13500       135000    271.79136    271.79136    271.79136   0.96862217    0.0035894   0.93853527   0.97971876   0.98761247  -0.81507506    285.98261  -0.81507506    425.37746    424.56238 
   13600       136000    269.36938    269.36938    269.36938    1.0302443 0.0036870929   0.99281778    1.0457457    1.0521695   -1.0974067    297.66377   -1.0974067    442.75231     441.6549 
   13700       137000    269.81714    269.81714    269.81714   0.93534494 0.0036687672   0.91135921   0.94519724   0.94947837   -1.0551132    268.92563   -1.0551132    400.00649    398.95138 
   13800       138000     260.3346     260.3346     260.3346    1.0693803 0.0040844453    1.0256233    1.0915008    1.0910168   -1.4547521    278.05577   -1.4547521    413.58688    412.13213 
   13900       139000      263.559      263.559      263.559   0.97330302  0.003936364   0.93645028   0.99792392   0.98553487   -1.0872191    262.36757   -1.0872191    390.25187    389.16465 
   14000       140000    263.99307    263.99307    263.99307    1.0105021 0.0039169787   0.98547875    1.0236639    1.0223636   -1.2021366    274.14245   -1.2021366    407.76612    406.56398 
   14100       141000    267.24095    267.24095    267.24095    1.0095459 0.0037758939    0.9790184    1.0343314    1.0152879  -0.77276967    282.61195  -0.77276967    420.36386    419.59109 
   14200       142000    272.76815    272.76815    272.76815   0.93450097 0.0035509767   0.90693125   0.95460539   0.94196627   0.21131323    272.12952   0.21131323    404.77204    404.98335 
   14300       143000    265.00087    265.00087    265.00087    1.0520262 0.0038724594    1.0066967     1.076265     1.073117  -0.89265486    288.36217  -0.89265486    428.91687    428.02422 
   14400       144000    267.16616    267.16616    267.16616   0.95133215 0.0037790655   0.91180086   0.97459794   0.96759764    -1.611129    269.04784    -1.611129    400.18827    398.57714 
   14500       145000    264.23196    264.23196    264.23196    1.0092752 0.0039063641   0.96460503    1.0330679    1.0301525   -1.5561436    275.19847   -1.5561436    409.33687    407.78072 
   14600       146000    264.78848    264.78848    264.78848    1.0079808 0.0038817852   0.96895572    1.0328813    1.0221055   -2.1872874    275.44709   -2.1872874    409.70668    407.51939 
   14700       147000    266.71215    266.71215    266.71215   0.98123966 0.0037983973   0.94071655    1.0128179   0.99018454   -2.1803127    273.46372   -2.1803127    406.75656    404.57625 
   14800       148000    265.46721    265.46721    265.46721    1.0354149 0.0038520876     1.006698    1.0584013    1.0411454   -1.2383899    284.84241   -1.2383899     423.6815    422.44311 
   14900       149000    270.79492    270.79492    270.79492   0.93892585 0.0036291694   0.90356068   0.96472585   0.94849102    -1.138555    275.87287    -1.138555    410.33999    409.20143 
   15000       150000    267.58538    267.58538    267.58538   0.98233976 0.0037613317   0.94263986     1.002708    1.0016714   -1.6914093    278.04289   -1.6914093    413.56773    411.87632 
   15100       151000    261.77018    261.77018    261.77018    1.0281466 0.0040176145   0.98215863    1.0574306    1.0448507   -1.6941713    273.57198   -1.6941713    406.91758    405.22341 
   15200       152000    263.22728    263.22728    263.22728   0.95870036 0.0039512645   0.92525172   0.98317689   0.96767246   -1.5600542    259.57235   -1.5600542     386.0942    384.53415 
   15300       153000     258.8971     258.8971     258.8971    1.1073656 0.0041528594    1.0902125    1.1361948    1.0956895    -1.203177    281.62238    -1.203177    418.89195    417.68877 
   15400       154000    271.47227    271.47227    271.47227   0.89667457 0.0036020718   0.87397608   0.92529881   0.89074882  -0.69747299    265.07579  -0.69747299    394.28015    393.58268 
   15500       155000    267.15833    267.15833    267.15833    1.0289352 0.0037793979   0.99996526    1.0618746    1.0249656   -1.4806482    290.54438   -1.4806482    432.16275     430.6821 
   15600       156000    268.93189    268.93189    268.93189   0.97429248 0.0037051164    0.9370289    1.0065849   0.97926365   -1.9620714    281.23353   -1.9620714    418.31356    416.35149 
   15700       157000    267.89938    267.89938    267.89938   0.96447501 0.0037481214   0.93395155    1.0008048   0.95866871   -1.3943275    274.98487   -1.3943275    409.01916    407.62483 
   15800       158000    260.41035    260.41035    260.41035    1.0665807 0.0040808822    1.0297368    1.1110554    1.0589499   -1.3560983    279.12797   -1.3560983     415.1817     413.8256 
   15900       159000    265.02923    265.02923    265.02923   0.93274013 0.0038712166   0.90220885   0.97541311   0.92059842   -1.2555042    255.85438   -1.2555042    380.56401     379.3085 
   16000       160000    261.28093    261.28093    261.28093    1.0845579 0.0040402256     1.029406    1.1101808    1.1140868   -1.2922992     279.6351   -1.2922992    415.93601    414.64371 
   16100       161000    265.64784    265.64784    265.64784   0.99251669 0.0038442348   0.94784656    1.0303205   0.99938304   -1.3809915    275.93848   -1.3809915    410.43757    409.05658 
   16200       162000    268.95465    268.95465    268.95465    0.9495501 0.0037041761   0.90191008   0.98517526   0.96156497   -1.8618177    271.99656   -1.8618177    404.57426    402.71245 
   16300       163000    264.06601    264.06601    264.06601     1.045972 0.0039137335    1.0045752    1.0837248    1.0496162   -1.1627837    285.10231   -1.1627837    424.06808     422.9053 
   16400       164000     266.8946     266.8946     266.8946   0.93956967  0.003790613   0.90627701   0.97187328   0.94055871   -1.2689671    264.66843   -1.2689671    393.67424    392.40527 
   16500       165000    260.13713    260.13713    260.13713    1.0009182  0.004093754   0.95637476    1.0435645    1.0028154    -1.159653    260.94501    -1.159653    388.13593    386.97628 
   16600       166000    256.81629    256.81629    256.81629    1.0251911 0.0042546227    0.9796083    1.0675296    1.0284353   -0.7360033    256.81204   -0.7360033    381.98845    381.25244 
   16700       167000    260.76546    260.76546    260.76546    1.0438008 0.0040642327   0.97914586    1.0792604    1.0729963   -1.1451649    267.79011   -1.1451649    398.31749    397.17233 
   16800       168000    268.40194    268.40194    268.40194   0.95835586 0.0037271068   0.91588139   0.99955909    0.9596271   -1.0334565    272.97794   -1.0334565      406.034    405.00055 
   16900       169000     267.5593     267.5593     267.5593    1.0097848 0.0037624316   0.95379192    1.0493617    1.0262008  -0.82097741    283.94684  -0.82097741    422.34941    421.52843 
   17000       170000    267.39174    267.39174    267.39174   0.97985046 0.0037695095   0.92779134    1.0205574   0.99120259   -1.3494175    277.48104   -1.3494175    412.73202     411.3826 
   17100       171000    261.71968    261.71968    261.71968    1.0297121 0.0040199405   0.97459442    1.0982415    1.0163004   -1.3862323    270.59877   -1.3862323    402.49516    401.10893 
   17200       172000    257.04185    257.04185    257.04185    1.0619387 0.0042434323    1.0164011    1.1107611    1.0586538   -1.0222049    267.04182   -1.0222049    397.20447    396.18226 
   17300       173000    265.15336    265.15336    265.15336   0.94262135 0.0038657822   0.91618488   0.97732304   0.93435611   -1.3824249     258.9837   -1.3824249    385.21863     383.8362 
   17400       174000    268.07238    268.07238    268.07238   0.99263564 0.0037408697   0.95295352    1.0303755   0.99457793   -1.2954319    282.10868   -1.2954319    419.61529    418.31986 
   17500       175000    275.67329    275.67329    275.67329   0.86770715 0.0034398911   0.83650172   0.89601564   0.87060408   -1.1880652     269.1712   -1.1880652    400.37177     399.1837 
   17600       176000    263.64584    263.64584    263.64584    1.1005805 0.0039324756    1.0680487    1.1374493    1.0962436  -0.51568766    297.62783  -0.51568766    442.69884    442.18315 
   17700       177000    267.77594    267.77594    267.77594    0.9406406 0.0037533072   0.92295633   0.96967139   0.92929408  -0.61144563    264.94788  -0.61144563     394.0899    393.47845 
   17800       178000    262.33159    262.33159    262.33159    1.0478948 0.0039918758    1.0054585    1.1064931    1.0317328  -0.72116084    274.68706  -0.72116084    408.57619    407.85503 
   17900       179000    263.59615    263.59615    263.59615    1.0173585 0.0039346996   0.99000749    1.0511626    1.0109054  -0.58561098    275.12198  -0.58561098     409.2231    408.63749 
   18000       180000    269.21738    269.21738    269.21738   0.94255558 0.0036933419   0.91292839   0.98119626   0.93354211  -0.59669787    271.60935  -0.59669787    403.99832    403.40162 
   18100       181000    266.36959    266.36959    266.36959    1.0766779 0.0038130709    1.0460111    1.1136521    1.0703705  -0.84668165    297.68349  -0.84668165    442.78163    441.93495 
   18200       182000    275.02546    275.02546    275.02546   0.89078144 0.0034642569   0.87213222   0.90793268   0.89227942  -0.52860325    266.02164  -0.52860325    395.68703    395.15843 
   18300       183000    263.39254    263.39254    263.39254    1.0607635 0.0039438315    1.0343846    1.0996237    1.0482822   -1.2975646    283.41774   -1.2975646     421.5624    420.26484 
   18400       184000    263.41809    263.41809    263.41809   0.95834479 0.0039426843    0.9419391   0.99532937    0.9377659  -0.70684242    258.94036  -0.70684242    385.15416    384.44732 
   18500       185000    258.37307    258.37307    258.37307    1.0403398 0.0041781792    1.0106585    1.1028203    1.0075406  -0.48456929    261.86671  -0.48456929    389.50688    389.02231 
   18600       186000    259.72504    259.72504    259.72504    1.0359038 0.0041132709    1.0156319    1.0775404     1.014539  -0.39768183    267.71084  -0.39768183    398.19958     397.8019 
   18700       187000    268.25584    268.25584    268.25584   0.93931585 0.0037331999   0.91574486   0.98510462   0.91709808  -0.88922445    266.31486  -0.88922445    396.12317    395.23394 
   18800       188000    265.96484    265.96484    265.96484     1.036327 0.0038305055    1.0138709    1.0643408    1.0307694    -1.439656    285.29656    -1.439656    424.35701    422.91736 
   18900       189000    268.48838    268.48838    268.48838   0.95841766 0.0037235082   0.94486885   0.99154572    0.9388384   -1.3168181    274.33238   -1.3168181    408.04863    406.73181 
   19000       190000    263.26819    263.26819    263.26819     1.023218 0.0039494225      1.00887    1.0597245    1.0010595  -0.54572294    275.64167  -0.54572294     409.9961    409.45038 
   19100       191000    257.74602    257.74602    257.74602    1.0341311 0.0042087478    1.0147431    1.0765791    1.0110712   -1.3670686    262.35447   -1.3670686    390.23239    388.86532 
   19200       192000    263.71874    263.71874    263.71874    0.9194064  0.003929215   0.89627275   0.95099511   0.91095132   -1.1207779    248.22844   -1.1207779    369.22099    368.10021 
   19300       193000    261.76744    261.76744    261.76744    1.0397565 0.0040177408    1.0217201    1.0684858    1.0290637  -0.89721701     273.3773  -0.89721701    406.62801    405.73079 
   19400       194000    264.08028    264.08028    264.08028    1.0131731 0.0039130994    1.0005256    1.0470602   0.99193361   -1.6180143    276.37127   -1.6180143    411.08131     409.4633 
   19500       195000    270.83626    270.83626    270.83626   0.92166121 0.0036275079   0.92002614   0.92997313   0.91498436   -1.6438547    270.01589   -1.6438547    401.62817    399.98432 
   19600       196000    265.25188    265.25188    265.25188    1.0698437 0.0038614763    1.0644347    1.0816727    1.0634236   -1.2141045    295.82168   -1.2141045    440.01232    438.79822 
   19700       197000    270.83762    270.83762    270.83762   0.91186118 0.0036274531   0.90699656     0.910742   0.91784498  -0.81139178    265.73367  -0.81139178    395.25869     394.4473 
   19800       198000    260.91457    260.91457    260.91457    1.0567382 0.0040572687    1.0597411    1.0653987     1.045075   -1.1834038    277.94456   -1.1834038    413.42148    412.23807 
   19900       199000     261.7554     261.7554     261.7554     1.028264 0.0040182952    1.0307806    1.0334826    1.0205287   -1.1869365    272.90971   -1.1869365    405.93251    404.74558 
   20000       200000    265.73359    265.73359    265.73359   0.96937714 0.0038405146   0.96879997   0.97869542   0.96063602   -1.2282919    268.35996   -1.2282919     399.1651    397.93681 
Loop time of 8.17534 on 4 procs for 20000 steps with 500 atoms

Performance: 2113.674 ns/day, 0.011 hours/ns, 2446.382 timesteps/s
77.9% CPU use with 4 MPI tasks x no OpenMP threads

MPI task timing breakdown:
Section |  min time  |  avg time  |  max time  |%varavg| %total
---------------------------------------------------------------
Pair    | 0.038087   | 0.039339   | 0.041157   |   0.6 |  0.48
Neigh   | 0.10443    | 0.10578    | 0.10874    |   0.5 |  1.29
Comm    | 0.26254    | 0.27376    | 0.28126    |   1.3 |  3.35
Output  | 7.2622     | 7.2626     | 7.2634     |   0.0 | 88.84
Modify  | 0.45571    | 0.4611     | 0.46692    |   0.6 |  5.64
Other   |            | 0.03277    |            |       |  0.40

Nlocal:    125 ave 130 max 120 min
Histogram: 2 0 0 0 0 0 0 0 0 2
Nghost:    82.5 ave 95 max 74 min
Histogram: 1 1 0 0 1 0 0 0 0 1
Neighs:    17 ave 25 max 9 min
Histogram: 1 0 0 1 0 0 1 0 0 1

Total # of neighbors = 68
Ave neighs/atom = 0.136
Neighbor list builds = 1746
Dangerous builds = 1183

# the regular input script for finding the equilibrium state ends here

###############################################################################################
# the following lines just indicate possible further production step after the equilibration
###############################################################################################

# for removing fix 1
#unfix 1

# for removing the dump 1 command
#undump 1

# change the log file name
#log production.log

# enforcing another ensemble or the same for the production step
#fix 1 all nvt temp 180 180 100

# reset time step to zero
#reset_timestep 0

# set new time step
#timestep 5

# run more steps
#run 1000000

variable   natoms equal "count(all)"
print   "NUmber of atoms = ${natoms};"
NUmber of atoms = 500;
quit
