run 20000
Neighbor list info ...
  1 neighbor list requests
  update every 1 steps, delay 10 steps, check yes
  max neighbors/atom: 2000, page size: 100000
  master list distance cutoff = 14
  ghost atom cutoff = 14
  binsize = 7 -> bins = 54 54 54
Memory usage per processor = 3.87048 Mbytes
Step Time Lx Ly Lz Press Density Pxx Pyy Pzz PotEng Temp PotEng KinEng TotEng 
       0            0        371.7        371.7        371.7    1.0009133 0.0038506603   0.96745415   0.99703724    1.0382484            0       275.15            0    1124.4529    1124.4529 
     100         1000    372.12548    372.12548    372.12548   0.97688067  0.003837467   0.94422493   0.97309771    1.0133193            0    269.46672            0    1101.2271    1101.2271 
     200         2000    373.05357    373.05357    373.05357   0.98914058 0.0038088976   0.95607502   0.98531015    1.0260366            0     274.8951            0    1123.4112    1123.4112 
     300         3000     371.9357     371.9357     371.9357    1.0031953 0.0038433444    0.9696599   0.99931044    1.0406155            0    276.30227            0    1129.1619    1129.1619 
     400         4000    369.11315    369.11315    369.11315   0.99295452 0.0039321884   0.95978203   0.98908151         1.03 -0.018533778    267.31623 -0.018533778    1092.4387    1092.4202 
     500         5000    372.88277    372.88277    372.88277   0.95815084 0.0038141341   0.92263807    0.9601414   0.99167305  -0.79368243    265.12621  -0.79368243    1083.4888    1082.6951 
     600         6000    378.73879    378.73879    378.73879   0.96617529 0.0036399343   0.93400475   0.95737328    1.0071478   -1.1888169    281.57484   -1.1888169    1150.7092    1149.5204 
     700         7000    369.59354    369.59354    369.59354    0.9967837 0.0039168757   0.96232358   0.98722697    1.0408005   -1.8872843    269.34097   -1.8872843    1100.7132    1098.8259 
     800         8000    369.63785    369.63785    369.63785    1.0554634 0.0039154673    1.0283994    1.0409726    1.0970182   -1.8105379    284.91051   -1.8105379    1164.3411    1162.5306 
     900         9000     374.2377     374.2377     374.2377   0.96423452 0.0037728564   0.93513362   0.94872409    1.0088459   -2.1741618    271.34473   -2.1741618     1108.902    1106.7278 
    1000        10000    372.72754    372.72754    372.72754   0.97446406 0.0038189015   0.95054176   0.95694962    1.0159008    -1.426667    269.89595    -1.426667    1102.9813    1101.5546 
    1100        11000    366.21884    366.21884    366.21884      1.03497 0.0040261584    1.0054696     1.016151    1.0832894    -3.226141    272.10492    -3.226141    1112.0086    1108.7825 
    1200        12000    375.08179    375.08179    375.08179   0.95221258 0.0037474422    0.9271982   0.93251421   0.99692535   -2.5461611    269.61289   -2.5461611    1101.8244    1099.2783 
    1300        13000    377.09995    377.09995    377.09995    0.9442493  0.003687597    0.9175972   0.92263021   0.99252048   -1.9863629    272.01179   -1.9863629     1111.628    1109.6417 
    1400        14000    369.07042    369.07042    369.07042    1.0460767 0.0039335544    1.0038914    1.0257713    1.1085675  -0.37071734    278.42879  -0.37071734    1137.8523    1137.4816 
    1500        15000      369.931      369.931      369.931    1.0006863  0.003906166   0.96918726   0.97670998    1.0561616   -2.1215213    272.53778   -2.1215213    1113.7776     1111.656 
    1600        16000     374.9117     374.9117     374.9117   0.97359275  0.003752545   0.94158917   0.94405977    1.0351293   -2.4780276    273.72437   -2.4780276    1118.6268    1116.1488 
    1700        17000    371.64067    371.64067    371.64067    1.0022023 0.0038525047    0.9619522   0.98235879    1.0622959   -2.9038282    274.78499   -2.9038282    1122.9612    1120.0574 
    1800        18000    363.99536    363.99536    363.99536    1.0936318 0.0041003917    1.0641064    1.0713752    1.1454138   -5.6305139    282.31767   -5.6305139     1153.745    1148.1145 
    1900        19000    373.05738    373.05738    373.05738    1.0355736 0.0038087809    1.0055014    1.0049052     1.096314   -3.6222579     286.2963   -3.6222579    1170.0044    1166.3821 
    2000        20000    374.08924    374.08924    374.08924   0.97177843 0.0037773502   0.93431344   0.95956366    1.0214582   -3.7875334    273.15099   -3.7875334    1116.2836    1112.4961 
    2100        21000    368.72141    368.72141    368.72141   0.98154335 0.0039447349   0.94195028   0.96416832    1.0385115   -2.9853702    265.15537   -2.9853702    1083.6079    1080.6226 
    2200        22000     370.6032     370.6032     370.6032    1.0081022 0.0038849496   0.96218549   0.99331596    1.0688052   -3.7926282    276.62156   -3.7926282    1130.4667    1126.6741 
    2300        23000    378.92334    378.92334    378.92334   0.94101372 0.0036346184   0.89717652   0.92944033    0.9964243   -3.4349931    275.62293   -3.4349931    1126.3856    1122.9507 
    2400        24000    367.93056    367.93056    367.93056    1.0045758 0.0039702268    0.9579899   0.99443034    1.0613071   -3.8273465    269.05997   -3.8273465    1099.5649    1095.7375 
    2500        25000    367.73134    367.73134    367.73134    1.0269508 0.0039766829   0.97869545    1.0229582    1.0791989   -3.6566826    272.93255   -3.6566826    1115.3909    1111.7342 
    2600        26000    373.95228    373.95228    373.95228     1.003365 0.0037815021   0.95232852   0.99985217    1.0579145   -4.6352452    281.25046   -4.6352452    1149.3836    1144.7484 
    2700        27000    372.62118    372.62118    372.62118   0.97927895 0.0038221724   0.92357729   0.97260586    1.0416537   -3.8105874    270.49647   -3.8105874    1105.4354    1101.6248 
    2800        28000    370.20475    370.20475    370.20475   0.98735091 0.0038975072   0.94474943   0.98481333      1.03249   -3.3023007    269.26015   -3.3023007    1100.3829    1097.0806 
    2900        29000    374.17482    374.17482    374.17482   0.98742411  0.003774759   0.93310864   0.98253933    1.0466243   -3.7894163    274.75854   -3.7894163    1122.8532    1119.0637 
    3000        30000    377.25696    377.25696    377.25696   0.95114587 0.0036829947   0.90201047   0.94348157    1.0079456   -3.8711293    273.29693   -3.8711293      1116.88    1113.0089 
    3100        31000    367.93842    367.93842    367.93842     1.030303 0.0039699722   0.97661638    1.0265872    1.0877054   -3.4797442    276.83132   -3.4797442     1131.324    1127.8442 
    3200        32000    368.98184    368.98184    368.98184    1.0009906 0.0039363882   0.94641498   0.99846043    1.0580963    -3.651647    270.77546    -3.651647    1106.5755    1102.9239 
    3300        33000    372.78653    372.78653    372.78653    1.0213829 0.0038170887   0.96653266    1.0186703    1.0789457    -2.151643     281.5129    -2.151643    1150.4561    1148.3045 
    3400        34000    372.24972    372.24972    372.24972    0.9771519 0.0038336261   0.91965431   0.97455051    1.0372509   -2.5416117    270.58607   -2.5416117    1105.8016    1103.2599 
    3500        35000    370.84813    370.84813    370.84813   0.98801507 0.0038772572   0.93324383   0.98455253    1.0462489   -2.8879674    271.32996   -2.8879674    1108.8416    1105.9536 
    3600        36000    371.41492    371.41492    371.41492    1.0176483 0.0038595337   0.95085578    1.0275918    1.0744974   -1.0241212    277.59109   -1.0241212    1134.4289    1133.4048 
    3700        37000    375.26739    375.26739    375.26739   0.96041798 0.0037418847   0.90645418   0.96123061    1.0135691    -2.894032    272.60394    -2.894032     1114.048    1111.1539 
    3800        38000    373.59617    373.59617    373.59617    0.9921542 0.0037923258   0.92890288    1.0019257    1.0456341    -2.696201    275.84958    -2.696201    1127.3119    1124.6157 
    3900        39000    365.39977    365.39977    365.39977    1.0613773 0.0040532937   0.99055543    1.0533952    1.1401814   -2.1762858    275.84743   -2.1762858    1127.3031    1125.1268 
    4000        40000    371.67177    371.67177    371.67177     1.027362 0.0038515377    0.9696248    1.0286943    1.0837668   -2.5882391     283.6544   -2.5882391    1159.2078    1156.6195 
    4100        41000    374.54591    374.54591    374.54591   0.98588564 0.0037635501   0.93890368    0.9810525    1.0377007   -2.0928941    276.37428   -2.0928941    1129.4562    1127.3633 
    4200        42000    371.25284    371.25284    371.25284   0.99977876 0.0038645911   0.94059627   0.99608472    1.0626553   -4.8923432    273.76971   -4.8923432    1118.8121    1113.9198 
    4300        43000    370.72524    370.72524    370.72524   0.96478539 0.0038811143   0.91153902   0.95858679    1.0242304   -3.5716632    264.94724   -3.5716632    1082.7574    1079.1857 
    4400        44000    375.75178    375.75178    375.75178   0.95716306 0.0037274321   0.90285101   0.95141285    1.0172253   -2.6966891    272.82776   -2.6966891    1114.9627     1112.266 
    4500        45000    378.50526    378.50526    378.50526   0.96265817 0.0036466757   0.90765948   0.95693317    1.0233819   -2.1295897    280.50489   -2.1295897    1146.3367    1144.2071 
    4600        46000    368.62618    368.62618    368.62618    1.0234229 0.0039477929   0.95919582    1.0199072    1.0911658   -3.0592362    275.67033   -3.0592362    1126.5793    1123.5201 
    4700        47000    371.01202    371.01202    371.01202     1.009116 0.0038721213   0.95177741    1.0098282    1.0657423    -2.795303    276.52779    -2.795303    1130.0835    1127.2882 
    4800        48000    373.89943    373.89943    373.89943   0.99100736 0.0037831058    0.9350289   0.98640588    1.0515873   -3.5807478    278.95129   -3.5807478    1139.9876    1136.4069 
    4900        49000    368.79303    368.79303    368.79303    1.0600925  0.003942437    1.0105409    1.0531188    1.1166179   -5.1343426     284.1342   -5.1343426    1161.1686    1156.0342 
    5000        50000    362.03299    362.03299    362.03299    1.1037657 0.0041674312    1.0415152    1.0930028     1.176779   -3.7247582    278.13579   -3.7247582    1136.6549    1132.9302 
    5100        51000    373.82599    373.82599    373.82599   0.99597268 0.0037853358   0.93223371    1.0102715    1.0454128   -1.8200524    275.99893   -1.8200524    1127.9222    1126.1022 
    5200        52000     374.8837     374.8837     374.8837    1.0159514 0.0037533859   0.95475864    1.0244879    1.0686077   -3.3601897    287.41951   -3.3601897    1174.5946    1171.2344 
    5300        53000    369.08242    369.08242    369.08242    1.0162903  0.003933171   0.95832623    1.0210554    1.0694893   -3.2450907    273.82554   -3.2450907    1119.0402    1115.7952 
    5400        54000    370.21755    370.21755    370.21755    1.0338377 0.0038971028   0.97453725    1.0406932    1.0862827   -3.0952368    281.53543   -3.0952368    1150.5482     1147.453 
    5500        55000    378.79782    378.79782    378.79782   0.95399748 0.0036382328   0.90316121   0.96242722   0.99640401   -3.4833179    279.22901   -3.4833179    1141.1226    1137.6392 
    5600        56000    370.63842    370.63842    370.63842   0.99680007 0.0038838423    0.9347325     1.014386    1.0412817   -3.2129907     272.1377   -3.2129907    1112.1426    1108.9296 
    5700        57000    368.11714    368.11714    368.11714    1.0295082 0.0039641928   0.96766861    1.0391627    1.0816933   -3.9011632    276.86203   -3.9011632    1131.4494    1127.5483 
    5800        58000     372.0623     372.0623     372.0623    1.0209518 0.0038394223   0.96478319    1.0214272    1.0766449   -4.4116202    280.71099   -4.4116202    1147.1789    1142.7673 
    5900        59000    374.22355    374.22355    374.22355   0.97918058 0.0037732844   0.91880416   0.97203366    1.0467039   -3.1925361    274.18941   -3.1925361    1120.5273    1117.3348 
    6000        60000     366.3126     366.3126     366.3126    1.0546122 0.0040230674   0.99714491    1.0535413    1.1131505    -3.841772    279.53322    -3.841772    1142.3658     1138.524 
    6100        61000    363.90304    363.90304    363.90304    1.0847841 0.0041035132    1.0293684    1.0799173    1.1450667   -3.2890929    281.45469   -3.2890929    1150.2182    1146.9291 
    6200        62000    371.48531    371.48531    371.48531    1.0092487 0.0038573404   0.94819835    1.0079572    1.0715905   -4.6204141     277.9096   -4.6204141    1135.7306    1131.1101 
    6300        63000      372.702      372.702      372.702   0.98556652 0.0038196865   0.92674457   0.98192687    1.0480281   -4.2613192     274.3785   -4.2613192       1121.3    1117.0387 
    6400        64000    370.51863    370.51863    370.51863     0.981618 0.0038876104   0.92300493    0.9777169    1.0441322   -3.4449868    269.26244   -3.4449868    1100.3923    1096.9473 
    6500        65000    367.79503    367.79503    367.79503    1.0353722 0.0039746173   0.97623493    1.0327823    1.0970994   -3.0641805    277.54388   -3.0641805     1134.236    1131.1718 
    6600        66000    373.94033    373.94033    373.94033   0.96412126 0.0037818645   0.90517738   0.96532467    1.0218617    -2.632066    271.09342    -2.632066    1107.8749    1105.2428 
    6700        67000    375.76641    375.76641    375.76641    0.9791819 0.0037269968   0.92090953   0.97998907    1.0366471   -3.4775547    278.54203   -3.4775547    1138.3151    1134.8375 
    6800        68000    368.31476    368.31476    368.31476    1.0791798 0.0039578153    1.0233798    1.0621824    1.1519773   -2.9540974    289.25198   -2.9540974    1182.0833    1179.1292 
    6900        69000    369.29792    369.29792    369.29792   0.99394783 0.0039262892   0.93249214   0.98645662    1.0628947   -1.0380415    265.80204   -1.0380415    1086.2507    1085.2127 
    7000        70000    372.84235    372.84235    372.84235    1.0016557 0.0038153747   0.96183804   0.98976811    1.0533609   -1.7360724    275.31734   -1.7360724    1125.1368    1123.4007 
    7100        71000    372.37421    372.37421    372.37421   0.98844668 0.0038297824   0.93141073   0.97872192    1.0552074   -3.5187095    273.45344   -3.5187095    1117.5196    1114.0009 
    7200        72000    370.48199    370.48199    370.48199    1.0076072  0.003888764   0.95251259   0.99329708    1.0770119   -2.5704949    275.84295   -2.5704949    1127.2848    1124.7143 
    7300        73000    369.71912    369.71912    369.71912    1.0262064 0.0039128857   0.96424221    1.0190205    1.0953566   -2.3938871    277.05769   -2.3938871    1132.2491    1129.8552 
    7400        74000    375.01509    375.01509    375.01509   0.96364358 0.0037494422   0.91245795   0.94712371    1.0313491   -3.0036339    273.26892   -3.0036339    1116.7655    1113.7619 
    7500        75000    373.69916    373.69916    373.69916   0.95090509 0.0037891912   0.90029294   0.93379616    1.0186262   -2.7513829    265.74973   -2.7513829    1086.0369    1083.2855 
    7600        76000    366.08501    366.08501    366.08501    1.0315744 0.0040305755   0.97530979    1.0098253    1.1095882   -2.3508957    270.82017   -2.3508957    1106.7583    1104.4074 
    7700        77000    371.51712    371.51712    371.51712     1.002903 0.0038563497   0.95013727   0.98657508    1.0719965   -2.2128094    275.73411   -2.2128094      1126.84    1124.6272 
    7800        78000    374.52258    374.52258    374.52258   0.97691333 0.0037642534   0.92354414     0.959203    1.0479928   -3.4421316    276.39156   -3.4421316    1129.5268    1126.0847 
    7900        79000     371.0274     371.0274     371.0274    1.0410222 0.0038716399   0.98486629    1.0320938    1.1061066   -2.8736007    283.98062   -2.8736007    1160.5409    1157.6673 
    8000        80000    370.79353    370.79353    370.79353   0.98471296 0.0038789701   0.93050102   0.97174607    1.0518918   -2.5903447    270.29838   -2.5903447    1104.6259    1102.0355 
    8100        81000    372.97507    372.97507    372.97507   0.98637951  0.003811303   0.93292148   0.97070231    1.0555147   -2.6349701    274.70475   -2.6349701    1122.6333    1119.9983 
    8200        82000    376.52136    376.52136    376.52136   0.96493653 0.0037046231   0.91300053    0.9539883    1.0278208   -3.0850859    276.11596   -3.0850859    1128.4005    1125.3154 
    8300        83000    370.07269    370.07269    370.07269    1.0311807 0.0039016813   0.97603601     1.016107    1.1013992   -2.7703422    280.17509   -2.7703422    1144.9889    1142.2186 
    8400        84000    366.84883    366.84883    366.84883    1.0487183 0.0040054516    1.0011018    1.0296058    1.1154474    -3.207744    277.59954    -3.207744    1134.4634    1131.2557 
    8500        85000    373.19405    373.19405    373.19405    1.0046022  0.003804598   0.95468618   0.98457486    1.0745456   -4.6165951     279.7738   -4.6165951     1143.349    1138.7324 
    8600        86000    373.62604    373.62604    373.62604    1.0052259 0.0037914164   0.94890979   0.99738887    1.0693791   -3.9342321    281.57108   -3.9342321    1150.6939    1146.7596 
    8700        87000    370.67065    370.67065    370.67065    1.0427167 0.0038828292    0.9843098    1.0334093    1.1104311   -4.2692862    286.16392   -4.2692862    1169.4634    1165.1941 
    8800        88000    370.36435    370.36435    370.36435    1.0193877 0.0038924709   0.95967631    1.0208252    1.0776617   -2.5337506    277.34402   -2.5337506    1133.4192    1130.8854 
    8900        89000    374.23917    374.23917    374.23917   0.98372296 0.0037728119   0.92816522   0.97676603    1.0462376   -3.1654402    277.65002   -3.1654402    1134.6697    1131.5043 
    9000        90000    378.65869    378.65869    378.65869   0.95585469 0.0036422446   0.90819661   0.95011103    1.0092564   -2.4246331    278.23559   -2.4246331    1137.0628    1134.6381 
    9100        91000    367.76723    367.76723    367.76723    1.0493247 0.0039755187   0.99373126    1.0488298    1.1054131   -2.8916876    280.22066   -2.8916876    1145.1752    1142.2835 
    9200        92000      368.654      368.654      368.654      0.99928 0.0039468991   0.94800293   0.99631469    1.0535224   -2.9779581    267.54506   -2.9779581    1093.3739    1090.3959 
    9300        93000     374.4361     374.4361     374.4361   0.96329732 0.0037668625   0.91396154   0.96946166    1.0064688   -3.1310294    270.81454   -3.1310294    1106.7352    1103.6042 
    9400        94000     372.6217     372.6217     372.6217    0.9553862 0.0038221565   0.90779134   0.95100311    1.0073641   -2.9667167    266.24119   -2.9667167    1088.0453    1085.0786 
    9500        95000    364.75853    364.75853    364.75853    1.1086283 0.0040747083    1.0736198    1.0962159    1.1560491   -1.1000011    281.78695   -1.1000011    1151.5761    1150.4761 
    9600        96000    370.99651    370.99651    370.99651    0.9906895 0.0038726071   0.93196172   0.98876752    1.0513393   -3.3670099    271.39343   -3.3670099     1109.101     1105.734 
    9700        97000    376.23897    376.23897    376.23897   0.93367432 0.0037129711   0.88676395   0.92316299   0.99109603   -3.0618049    267.13757   -3.0618049    1091.7086    1088.6468 
    9800        98000    370.30729    370.30729    370.30729    1.0270993 0.0038942704   0.96781933    1.0240762    1.0894023   -3.6820937    281.19537   -3.6820937    1149.1585    1145.4764 
    9900        99000    368.81948    368.81948    368.81948    1.0420547  0.003941589   0.98008274    1.0355245    1.1105568   -3.5831689    281.07431   -3.5831689    1148.6638    1145.0806 
   10000       100000    375.68135    375.68135    375.68135    0.9544173  0.003729529   0.90119707   0.95060024    1.0114546   -3.1767318    271.02449   -3.1767318    1107.5932    1104.4165 
   10100       101000    380.53604    380.53604    380.53604   0.90741086 0.0035886037   0.85821779   0.89544562   0.96856918   -3.5398131    268.17577   -3.5398131    1095.9514    1092.4116 
   10200       102000    367.79587    367.79587    367.79587    1.0625055 0.0039745902    1.0077988    1.0559217    1.1237959   -2.0550722    281.08586   -2.0550722    1148.7109    1146.6558 
   10300       103000    370.52639    370.52639    370.52639   0.97009239  0.003887366   0.91158206   0.96372274    1.0349724   -3.2803263     265.6355   -3.2803263    1085.5701    1082.2898 
   10400       104000    374.82211    374.82211    374.82211   0.97534782 0.0037552365   0.91234562   0.96941674    1.0442811   -3.6023195    275.71821   -3.6023195     1126.775    1123.1727 
   10500       105000    370.58258    370.58258    370.58258    1.0205195 0.0038855981   0.95672342    1.0156885    1.0891466   -3.3843572    279.84757   -3.3843572    1143.6504    1140.2661 
   10600       106000    364.29594    364.29594    364.29594    1.0716435 0.0040902503    1.0086924    1.0646555    1.1415825   -2.9729086     278.9055   -2.9729086    1139.8005    1136.8276 
   10700       107000    376.23147    376.23147    376.23147   0.98597252  0.003713193   0.92886917    0.9853667    1.0436817   -4.1039327    281.62406   -4.1039327    1150.9104    1146.8065 
   10800       108000    374.76852    374.76852    374.76852   0.97874442 0.0037568477   0.91488121   0.98274411    1.0386079   -4.2552552    277.13567   -4.2552552    1132.5677    1128.3125 
   10900       109000    368.00579    368.00579    368.00579    1.0502768 0.0039677922   0.98102887    1.0545957    1.1152059    -4.689399    281.91317    -4.689399    1152.0919    1147.4025 
   11000       110000    370.71731    370.71731    370.71731    1.0004591 0.0038813633   0.94050054    1.0062266    1.0546502    -5.222044    274.37345    -5.222044    1121.2794    1116.0574 
   11100       111000    375.73387    375.73387    375.73387   0.97864031 0.0037279653   0.92321562   0.98445394    1.0282514    -5.057951    279.15488    -5.057951    1140.8196    1135.7617 
   11200       112000     368.4653     368.4653     368.4653    0.9919278 0.0039529663   0.93079897     1.000684    1.0443004   -4.3938054    265.90492   -4.3938054    1086.6711    1082.2773 
   11300       113000    365.06898    365.06898    365.06898    1.0344563 0.0040643217   0.96708235    1.0316597    1.1046269   -3.4735991    267.99169   -3.4735991    1095.1991    1091.7255 
   11400       114000    372.41333    372.41333    372.41333   0.96440482 0.0038285757    0.9119218   0.97462871    1.0066639   -3.8745591    267.00021   -3.8745591    1091.1472    1087.2727 
   11500       115000    373.30168    373.30168    373.30168    1.0038229 0.0038013081   0.94463073    1.0148538    1.0519841   -3.0865631    278.51963   -3.0865631    1138.2236     1135.137 
   11600       116000    369.99452    369.99452    369.99452    1.0216278 0.0039041547   0.96372567     1.034271    1.0668868   -3.4093746    277.71745   -3.4093746    1134.9453    1131.5359 
   11700       117000    369.24225    369.24225    369.24225    1.0488058 0.0039280655   0.99190077    1.0631985    1.0913183    -3.818807    283.00131    -3.818807    1156.5388      1152.72 
   11800       118000    375.96237    375.96237    375.96237   0.96143287 0.0037211721    0.9180875   0.96601645    1.0001947   -4.8547277    272.59146   -4.8547277     1113.997    1109.1422 
   11900       119000    374.37403    374.37403    374.37403   0.97720893 0.0037687361   0.92327038   0.98188754    1.0264689   -3.4004676    276.59383   -3.4004676    1130.3534    1126.9529 
   12000       120000    367.27231    367.27231    367.27231    1.0465471  0.003991612   0.98704919    1.0572912    1.0953008   -3.3259137    277.61983   -3.3259137    1134.5463    1131.2204 
   12100       121000    370.55599    370.55599    370.55599    1.0335414 0.0038864346   0.98684919    1.0372437    1.0765312   -5.2245284    282.24026   -5.2245284    1153.4286    1148.2041 
   12200       122000    373.91785    373.91785    373.91785   0.96194932 0.0037825468   0.91256935   0.96631864      1.00696    -4.630202    271.55593    -4.630202    1109.7651    1105.1349 
   12300       123000     371.6309     371.6309     371.6309    1.0156529 0.0038528087   0.97405865    1.0124191     1.060481   -4.6983074    279.13307   -4.6983074    1140.7305    1136.0322 
   12400       124000    370.75871    370.75871    370.75871    1.0170965 0.0038800634   0.96416621     1.024052    1.0630714    -3.624467    278.35094    -3.624467    1137.5342    1133.9097 
   12500       125000    373.55208    373.55208    373.55208   0.93147819 0.0037936687    0.8736842   0.94455421   0.97619617   -2.7858741    260.48431   -2.7858741    1064.5188    1061.7329 
   12600       126000    375.93694    375.93694    375.93694   0.94275065 0.0037219274   0.88581338   0.95786511   0.98457345   -3.2355888    269.55282   -3.2355888     1101.579    1098.3434 
   12700       127000    367.34769    367.34769    367.34769    1.0487211 0.0039891553   0.99583409     1.056657    1.0936724   -4.3814531    279.33524   -4.3814531    1141.5567    1137.1753 
   12800       128000    368.65991    368.65991    368.65991    1.0187796 0.0039467095   0.96828952    1.0246799    1.0633695   -6.0489575    274.28728   -6.0489575    1120.9272    1114.8783 
   12900       129000    375.04379    375.04379    375.04379   0.95117617 0.0037485813    0.8997754   0.96513579   0.98861731   -5.8374044     269.5123   -5.8374044    1101.4134     1095.576 
   13000       130000    372.75289    372.75289    372.75289   0.99331955 0.0038181223   0.93214282    1.0122724    1.0355435   -4.1798313    276.01373   -4.1798313    1127.9827    1123.8029 
   13100       131000     370.5923     370.5923     370.5923   0.99467531 0.0038852925   0.93361654    1.0155372    1.0348722   -3.7277881    273.25685   -3.7277881    1116.7162    1112.9884 
   13200       132000    371.08478    371.08478    371.08478    1.0389962 0.0038698442   0.97747439    1.0559001     1.083614   -3.9438431    284.75567   -3.9438431    1163.7083    1159.7645 
   13300       133000    374.66219    374.66219    374.66219   0.98625427  0.003760047   0.92632876    1.0128125    1.0196216   -4.5422643    277.76704   -4.5422643    1135.1479    1130.6057 
   13400       134000    372.53577    372.53577    372.53577    0.9917899 0.0038248018   0.92746466     1.023701     1.024204    -4.523877    274.90366    -4.523877    1123.4462    1118.9223 
   13500       135000    366.32922    366.32922    366.32922    1.0393302 0.0040225199   0.97142381    1.0649702    1.0815967   -4.9008209    274.55068   -4.9008209    1122.0037    1117.1029 
   13600       136000     372.1999     372.1999     372.1999    1.0064324 0.0038351656   0.94716445    1.0305141    1.0416186   -4.7528328    278.85365   -4.7528328    1139.5886    1134.8357 
   13700       137000    374.88393    374.88393    374.88393   0.93990776  0.003753379   0.88315337   0.96333959   0.97323032   -5.1217604    267.52302   -5.1217604    1093.2838    1088.1621 
   13800       138000    368.42308    368.42308    368.42308    1.0502229 0.0039543254   0.98165419    1.0885982    1.0804164   -5.8390212    282.45001   -5.8390212    1154.2858    1148.4468 
   13900       139000    369.80997    369.80997    369.80997    1.0454076 0.0039100026   0.98872639    1.0653793    1.0821172   -4.9489467    281.06551   -4.9489467    1148.6278    1143.6788 
   14000       140000    373.38335    373.38335    373.38335   0.97099265 0.0037988142   0.91160357    1.0033004   0.99807393   -4.4361239    271.64667   -4.4361239    1110.1359    1105.6998 
   14100       141000    371.41364    371.41364    371.41364   0.99698366 0.0038595738   0.93383541     1.035747    1.0213686   -4.8275174     275.5896   -4.8275174    1126.2494    1121.4219 
   14200       142000    370.01689    370.01689    370.01689    1.0453346 0.0039034467   0.98173595    1.0795506    1.0747172   -4.2275493    283.46754   -4.2275493    1158.4441    1154.2166 
   14300       143000    375.80033    375.80033    375.80033   0.95695178 0.0037259876    0.8983049   0.98812898   0.98442145    -4.908973    272.44591    -4.908973    1113.4022    1108.4932 
   14400       144000    375.77732    375.77732    375.77732   0.96310953 0.0037266721   0.90390798   0.99724355   0.98817705   -4.9058912    275.11004   -4.9058912    1124.2896    1119.3837 
   14500       145000     367.1451     367.1451     367.1451    1.0247391 0.0039957626   0.95600397    1.0655163     1.052697   -4.9182829     272.2275   -4.9182829    1112.5096    1107.5913 
   14600       146000     370.5855     370.5855     370.5855    1.0306976 0.0038855063   0.96288604    1.0713305    1.0578762   -4.4342349    282.01275   -4.4342349    1152.4988    1148.0646 
   14700       147000    374.67765    374.67765    374.67765   0.99730974 0.0037595816   0.93436903    1.0321964    1.0253638   -3.6719594    281.79824   -3.6719594    1151.6222    1147.9502 
   14800       148000    371.29628    371.29628    371.29628   0.99332182 0.0038632346    0.9297399     1.030549    1.0196766   -3.8109942    272.05995   -3.8109942    1111.8248    1108.0138 
   14900       149000    368.62185    368.62185    368.62185    1.0068988 0.0039479319   0.93676848    1.0562845    1.0276435   -4.0399692    269.66777   -4.0399692    1102.0488    1098.0088 
   15000       150000    374.36628    374.36628    374.36628   0.99458904 0.0037689703   0.93778411    1.0328407    1.0131423   -4.1609564    279.80633   -4.1609564    1143.4819    1139.3209 
   15100       151000    376.95163    376.95163    376.95163   0.95357804 0.0036919517   0.89307414    1.0014406   0.96621936   -2.3960451    270.98967   -2.3960451    1107.4509    1105.0549 
   15200       152000    364.72457    364.72457    364.72457     1.047915 0.0040758465   0.97151793    1.1012324    1.0709947   -3.7277373    274.00847   -3.7277373    1119.7878    1116.0601 
   15300       153000    369.10986    369.10986    369.10986    1.0257702 0.0039322939   0.95270198    1.0795427     1.045066   -4.0609425    275.48874   -4.0609425    1125.8372    1121.7763 
   15400       154000    375.16626    375.16626    375.16626   0.97600434 0.0037449115   0.90501989    1.0286135   0.99437964   -3.5433926    276.62097   -3.5433926    1130.4643    1126.9209 
   15500       155000    371.20121    371.20121    371.20121    1.0306699 0.0038662036   0.94246687    1.0876283    1.0619146   -2.6626664     279.2056   -2.6626664    1141.0269    1138.3642 
   15600       156000    368.14207    368.14207    368.14207    1.0150232 0.0039633875   0.93778836     1.063873    1.0434082   -4.4661552    272.79558   -4.4661552    1114.8311     1110.365 
   15700       157000    376.97644    376.97644    376.97644   0.94683614 0.0036912227   0.87693191   0.99255033   0.97102619   -4.9762067    273.19709   -4.9762067     1116.472    1111.4958 
   15800       158000    377.38952    377.38952    377.38952   0.97722338 0.0036791151   0.92061931    1.0217058   0.98934503   -4.1620771    279.04528   -4.1620771    1140.3717    1136.2096 
   15900       159000    370.38098    370.38098    370.38098    1.0239783 0.0038919466   0.95021537    1.0756092    1.0461104   -5.1102754     280.7178   -5.1102754    1147.2068    1142.0965 
   16000       160000    370.01262    370.01262    370.01262    1.0346347 0.0039035818    0.9596293    1.0913065    1.0529682   -4.1823781    281.61583   -4.1823781    1150.8768    1146.6944 
   16100       161000    373.10565    373.10565    373.10565    1.0021602 0.0038073027   0.92794046    1.0573186    1.0212215     -3.65842    279.17833     -3.65842    1140.9154     1137.257 
   16200       162000    374.48815    374.48815    374.48815   0.97726034  0.003765292   0.90814104    1.0257544   0.99788554   -4.1010607    275.61926   -4.1010607    1126.3706    1122.2696 
   16300       163000    366.10496    366.10496    366.10496    1.0532763 0.0040299164   0.98275832    1.1047308    1.0723397   -4.5153685      276.525   -4.5153685    1130.0721    1125.5567 
   16400       164000     368.8614     368.8614     368.8614    1.0301676 0.0039402453   0.95673104    1.0742116    1.0595601   -6.3156725    279.41368   -6.3156725    1141.8773    1135.5616 
   16500       165000    375.07938    375.07938    375.07938   0.99181742 0.0037475145   0.91445337    1.0229942    1.0380046   -5.0427239    278.70013   -5.0427239    1138.9612    1133.9185 
   16600       166000    371.48393    371.48393    371.48393   0.97981675 0.0038573834   0.91466665    1.0110653    1.0137183   -5.4104881    270.37058   -5.4104881    1104.9209    1099.5104 
   16700       167000    366.78216    366.78216    366.78216    1.0410777 0.0040076362   0.97180357    1.0745385    1.0768909   -4.4950576    275.33725   -4.4950576    1125.2181    1120.7231 
   16800       168000    375.70838    375.70838    375.70838   0.97290985  0.003728724   0.90946456    1.0036008    1.0056641   -6.2446597    278.74407   -6.2446597    1139.1408    1132.8961 
   16900       169000     376.9515     376.9515     376.9515   0.96469301 0.0036919557   0.89774454    0.9939449    1.0023896   -5.9464093     276.9512   -5.9464093    1131.8139    1125.8675 
   17000       170000    369.88716    369.88716    369.88716    1.0211024 0.0039075553   0.94564062    1.0608249    1.0568416   -5.7042955    277.90949   -5.7042955    1135.7301    1130.0258 
   17100       171000    370.67542    370.67542    370.67542    1.0342222 0.0038826794   0.96936201    1.0690507     1.064254   -5.0643688    283.14713   -5.0643688    1157.1347    1152.0704 
   17200       172000    374.35818    374.35818    374.35818   0.98230935 0.0037692151   0.91578036    1.0140917     1.017056   -4.1639583    277.32047   -4.1639583     1133.323     1129.159 
   17300       173000    371.19962    371.19962    371.19962   0.99724247 0.0038662533   0.92971747     1.027749    1.0342609   -4.6761904    271.95653   -4.6761904    1111.4022     1106.726 
   17400       174000    364.82312    364.82312    364.82312    1.0832546 0.0040725446    1.0013415    1.1124684    1.1359538   -3.9764873    278.69108   -3.9764873    1138.9242    1134.9477 
   17500       175000    373.32219    373.32219    373.32219   0.99856734 0.0038006814   0.92768387    1.0351136    1.0329045   -4.0993133    278.66686   -4.0993133    1138.8252    1134.7259 
   17600       176000    373.90862    373.90862    373.90862   0.97743033 0.0037828268   0.91521951    1.0163916    1.0006799    -5.117433    274.57759    -5.117433    1122.1136    1116.9962 
   17700       177000    370.23553    370.23553    370.23553    1.0073138 0.0038965352   0.94887054     1.040931    1.0321398   -5.4202775    276.06507   -5.4202775    1128.1925    1122.7722 
   17800       178000    372.15959    372.15959    372.15959    1.0093065 0.0038364121   0.94819204    1.0385681    1.0411593   -3.7091237    278.55016   -3.7091237    1138.3483    1134.6392 
   17900       179000    381.55871    381.55871    381.55871   0.93840761 0.0035598259    0.8807963   0.96592709   0.96849943   -3.1197881    280.49919   -3.1197881    1146.3134    1143.1936 
   18000       180000    371.91799    371.91799    371.91799     1.000345 0.0038438933   0.93762251    1.0254895    1.0379229   -3.1407496    273.67872   -3.1407496    1118.4402    1115.2995 
   18100       181000    369.26694    369.26694    369.26694    1.0368383 0.0039272777   0.97143232    1.0676524    1.0714301   -4.1322749    281.31046   -4.1322749    1149.6288    1145.4965 
   18200       182000    373.18731    373.18731    373.18731   0.94827276  0.003804804   0.89336553   0.97129275   0.98016001   -5.0702209    263.52512   -5.0702209    1076.9456    1071.8754 
   18300       183000    374.99031    374.99031    374.99031    1.0051058 0.0037501856   0.93862789    1.0332156    1.0434738   -3.6316604    283.47886   -3.6316604    1158.4904    1154.8587 
   18400       184000    364.20904    364.20904    364.20904    1.0536484 0.0040931788    0.9888326    1.0776823    1.0944304   -3.9469538    273.65938   -3.9469538    1118.3612    1114.4143 
   18500       185000    366.05559    366.05559    366.05559    1.1100862 0.0040315474    1.0439986    1.1332101      1.15305   -3.8081368    293.04192   -3.8081368    1197.5717    1193.7635 
   18600       186000    372.21794    372.21794    372.21794   0.95739852 0.0038346082   0.89994781   0.98398957   0.98825819   -4.3541979      264.541   -4.3541979    1081.0972     1076.743 
   18700       187000    375.14046    375.14046    375.14046    0.9926104 0.0037456842   0.93633322    1.0166672    1.0248308   -3.5670711    282.53801   -3.5670711    1154.6454    1151.0784 
   18800       188000     368.8584     368.8584     368.8584    1.0202307 0.0039403413   0.96322144    1.0435708       1.0539   -3.5276177    275.50762   -3.5276177    1125.9144    1122.3868 
   18900       189000    368.18811    368.18811    368.18811     1.021627  0.003961901   0.96722495    1.0416095    1.0560466    -3.796624    274.53235    -3.796624    1121.9288    1118.1321 
   19000       190000    378.26134    378.26134    378.26134   0.95634072 0.0036537347   0.91523984   0.96649235   0.98728999   -5.6854924    278.78076   -5.6854924    1139.2907    1133.6052 
   19100       191000    374.90554    374.90554    374.90554   0.99481643 0.0037527301   0.94737858    1.0124523    1.0246184   -5.2482783    280.23841   -5.2482783    1145.2477    1139.9994 
   19200       192000    370.30215    370.30215    370.30215    1.0353627 0.0038944326    1.0032288    1.0425176    1.0603418    -3.326882      281.474    -3.326882    1150.2972    1146.9703 
   19300       193000    370.95418    370.95418    370.95418     1.036357 0.0038739328   0.99347132    1.0510701    1.0645295   -4.0887247    283.70645   -4.0887247    1159.4205    1155.3317 
   19400       194000    373.31022    373.31022    373.31022   0.99977347 0.0038010471   0.95793712    1.0119053     1.029478   -5.0161624    279.13902   -5.0161624    1140.7548    1135.7387 
   19500       195000    369.88868    369.88868    369.88868     1.039808  0.003907507   0.99824766    1.0481006    1.0730756   -4.3811198    282.52317   -4.3811198    1154.5848    1150.2037 
   19600       196000    365.38684    365.38684    365.38684    1.0960971  0.004053724     1.044988    1.1021859    1.1411176   -4.0083455    286.41592   -4.0083455    1170.4933    1166.4849 
   19700       197000    374.29407    374.29407    374.29407   0.96898215 0.0037711522   0.92037093   0.98690171   0.99967382   -4.4299422    272.28299   -4.4299422    1112.7363    1108.3064 
   19800       198000    374.55154    374.55154    374.55154   0.96240866 0.0037633805   0.91829439   0.97213702   0.99679457   -4.5230625    271.78247   -4.5230625    1110.6909    1106.1678 
   19900       199000    370.37831    370.37831    370.37831   0.99023952 0.0038920308   0.95001708    1.0020221    1.0186794   -4.1175408    269.01569   -4.1175408    1099.3839    1095.2663 
   20000       200000    370.89811    370.89811    370.89811   0.96623219 0.0038756898   0.93154441   0.98247532   0.98467685   -3.5422872    264.57679   -3.5422872    1081.2435    1077.7012 
Loop time of 6.37476 on 4 procs for 20000 steps with 1372 atoms

Performance: 2710.692 ns/day, 0.009 hours/ns, 3137.375 timesteps/s
81.4% CPU use with 4 MPI tasks x no OpenMP threads

MPI task timing breakdown:
Section |  min time  |  avg time  |  max time  |%varavg| %total
---------------------------------------------------------------
Pair    | 0.099757   | 0.1023     | 0.10597    |   0.7 |  1.60
Neigh   | 0.26069    | 0.26273    | 0.26574    |   0.4 |  4.12
Comm    | 0.31347    | 0.32055    | 0.32647    |   1.0 |  5.03
Output  | 4.8025     | 4.8029     | 4.8037     |   0.0 | 75.34
Modify  | 0.82993    | 0.83324    | 0.83939    |   0.4 | 13.07
Other   |            | 0.05307    |            |       |  0.83

Nlocal:    343 ave 358 max 326 min
Histogram: 1 0 0 1 0 0 0 1 0 1
Nghost:    139.75 ave 149 max 122 min
Histogram: 1 0 0 0 0 0 1 0 0 2
Neighs:    52.75 ave 56 max 48 min
Histogram: 1 0 0 0 0 0 1 1 0 1

Total # of neighbors = 211
Ave neighs/atom = 0.15379
Neighbor list builds = 1770
Dangerous builds = 1132

# the regular input script for finding the equilibrium state ends here

###############################################################################################
# the following lines just indicate possible further production step after the equilibration
###############################################################################################

# for removing fix 1
#unfix 1

# for removing the dump 1 command
#undump 1

# change the log file name
#log production.log

# enforcing another ensemble or the same for the production step
#fix 1 all nvt temp 180 180 100

# reset time step to zero
#reset_timestep 0

# set new time step
#timestep 5

# run more steps
#run 1000000

variable   natoms equal "count(all)"
print   "NUmber of atoms = ${natoms};"
NUmber of atoms = 1372;
quit
