run 20000
Neighbor list info ...
  1 neighbor list requests
  update every 1 steps, delay 10 steps, check yes
  max neighbors/atom: 2000, page size: 100000
  master list distance cutoff = 14
  ghost atom cutoff = 14
  binsize = 7 -> bins = 8 8 8
Memory usage per processor = 3.67567 Mbytes
Step Time Lx Ly Lz Press Density Pxx Pyy Pzz PotEng Temp PotEng KinEng TotEng 
       0            0         53.1         53.1         53.1    -1841.791    2.8071313   -1850.5386   -1837.5735   -1837.2607   -7401.2425       275.15   -7401.2425    2390.7952   -5010.4473 
     100         1000    53.924232    53.924232    53.924232    34.805816    2.6803678    27.236298    30.280962    46.900189   -6143.8892    120.42515   -6143.8892    1046.3815   -5097.5076 
     200         2000    54.360201    54.360201    54.360201   -37.402559    2.6163939   -80.532723   -31.042406  -0.63254842   -5973.1965    133.43364   -5973.1965    1159.4131   -4813.7834 
     300         3000    54.841549    54.841549    54.841549    39.007228     2.548104    16.552143    90.153849    10.315692   -5745.6356    146.28182   -5745.6356    1271.0517   -4474.5839 
     400         4000    55.737019    55.737019    55.737019    74.390871    2.4272532    77.924687    33.910254    111.33767   -5374.9047    146.71259   -5374.9047    1274.7947     -4100.11 
     500         5000    56.738253    56.738253    56.738253    68.846996    2.3010096     106.5173    4.8924592    95.131228   -5029.3496    153.05987   -5029.3496    1329.9466   -3699.4031 
     600         6000    57.969891    57.969891    57.969891    33.643725    2.1574406    1.1400179    11.331951    88.459206   -4688.4077     162.1144   -4688.4077    1408.6219   -3279.7858 
     700         7000    59.234989    59.234989    59.234989    59.047288    2.0221406    48.646297    78.530311    49.965255   -4327.3099    171.51765   -4327.3099    1490.3273   -2836.9826 
     800         8000    60.676041    60.676041    60.676041    54.147493    1.8814583    51.958445    60.879841    49.604194   -3984.6585    185.63708   -3984.6585    1613.0119   -2371.6465 
     900         9000    62.407592    62.407592    62.407592    81.496643    1.7291554    82.285848    82.413383    79.790699   -3628.6023    199.91724   -3628.6023    1737.0931   -1891.5092 
    1000        10000    64.399967    64.399967    64.399967    73.101598     1.573582    81.259858    62.954215     75.09072   -3294.7023    217.24783   -3294.7023    1887.6797   -1407.0225 
    1100        11000    66.714218    66.714218    66.714218    75.975752    1.4154388    95.365185    48.735182    83.826889   -2953.1521    232.29034   -2953.1521     2018.385   -934.76716 
    1200        12000    69.577871    69.577871    69.577871    93.154073    1.2477653    122.48088    72.628877    84.352464   -2595.8262    240.82849   -2595.8262    2092.5735   -503.25266 
    1300        13000    72.581697    72.581697    72.581697    96.271216    1.0991702    95.659968    88.883699    104.26998   -2283.0038    251.56617   -2283.0038    2185.8739   -97.129919 
    1400        14000    76.197794    76.197794    76.197794    112.53659   0.94999013    121.34759    100.77588     115.4863   -1996.0986    257.68162   -1996.0986    2239.0114    242.91274 
    1500        15000    80.383088    80.383088    80.383088    118.98322   0.80919322    124.57777    122.00713    110.36477   -1706.8661    256.71287   -1706.8661    2230.5939    523.72781 
    1600        16000    84.866355    84.866355    84.866355    106.57711     0.687606    109.86357    101.90757     107.9602   -1468.1552     259.1379   -1468.1552    2251.6651    783.50993 
    1700        17000    89.644353    89.644353    89.644353    92.992957   0.58341486    102.30434    90.882959     85.79157   -1268.6881    263.20075   -1268.6881    2286.9675    1018.2794 
    1800        18000    94.940144    94.940144    94.940144    87.716608    0.4911302    89.465366    91.155895    82.528565   -1073.8855    262.40362   -1073.8855    2280.0412    1206.1557 
    1900        19000    100.47915    100.47915    100.47915    69.753425   0.41430335    71.876252    71.984319    65.399703   -933.89935    267.23797   -933.89935    2322.0471    1388.1477 
    2000        20000    106.56414    106.56414    106.56414    68.027072   0.34730661    70.110882     69.82018    64.150153   -800.93229    267.54824   -800.93229    2324.7431    1523.8108 
    2100        21000    113.13699    113.13699    113.13699    57.387231   0.29022342    58.085512    58.168245    55.907936    -697.7617    267.43768    -697.7617    2323.7824    1626.0207 
    2200        22000     120.0403     120.0403     120.0403    51.714604   0.24297697    54.391011    50.256862     50.49594   -581.54294    265.18818   -581.54294    2304.2363    1722.6934 
    2300        23000    127.49163    127.49163    127.49163    41.223366   0.20281555    42.993988    40.225203    40.450906   -497.12313    266.09121   -497.12313    2312.0829    1814.9597 
    2400        24000    135.38031    135.38031    135.38031    36.924498   0.16938689    36.338384     36.91985     37.51526   -412.76901    266.65914   -412.76901    2317.0176    1904.2486 
    2500        25000    143.79499    143.79499    143.79499    31.142066   0.14135626    30.837653    31.824384    30.764162   -348.25673    267.60344   -348.25673    2325.2227     1976.966 
    2600        26000    152.76979    152.76979    152.76979    27.030698   0.11787829    27.143894    27.303427    26.644772   -299.13097     268.5615   -299.13097    2333.5473    2034.4164 
    2700        27000    162.36541    162.36541    162.36541    23.351933  0.098189663    21.832034    24.321274    23.902492   -244.81582    266.73864   -244.81582    2317.7084    2072.8926 
    2800        28000    172.42382    172.42382    172.42382    19.617182  0.081988803    19.698792     19.50259    19.650164   -206.28363    267.56679   -206.28363    2324.9043    2118.6206 
    2900        29000    183.14321    183.14321    183.14321    16.919638  0.068418547    16.556592    17.463729    16.738595   -170.22927    267.47989   -170.22927    2324.1492    2153.9199 
    3000        30000    194.36464    194.36464    194.36464    13.785558  0.057239326    13.611609    14.346705     13.39836   -146.68428    268.60266   -146.68428     2333.905    2187.2207 
    3100        31000     206.1756     206.1756     206.1756    11.592991  0.047955066    11.653671    11.854421     11.27088   -121.77193    268.93444   -121.77193    2336.7879    2215.0159 
    3200        32000    218.64336    218.64336    218.64336    9.9434399  0.040210311    10.204897    9.8817706    9.7436524   -105.78254    269.30015   -105.78254    2339.9655     2234.183 
    3300        33000    231.65351    231.65351    231.65351    8.4219852  0.033808793     8.634922    8.4823918    8.1486417   -83.775499    268.95238   -83.775499    2336.9437    2253.1682 
    3400        34000    245.26878    245.26878    245.26878    7.1131099  0.028485213     7.215746    7.2120103    6.9115733   -70.206548     269.4923   -70.206548    2341.6351    2271.4285 
    3500        35000    259.37489    259.37489    259.37489     6.061988   0.02408588    6.1072853    6.1968426    5.8818361   -59.803181    270.12027   -59.803181    2347.0916    2287.2884 
    3600        36000    274.01957    274.01957    274.01957    5.1774767  0.020426857    5.3029112    5.1825943    5.0469244   -53.350863    270.43417   -53.350863     2349.819    2296.4682 
    3700        37000    289.08396    289.08396    289.08396    4.3698989  0.017396998    4.4399068    4.3804824    4.2893075   -46.907355    270.62886   -46.907355    2351.5108    2304.6034 
    3800        38000    304.54943    304.54943    304.54943    3.7332132  0.014878973    3.7730459      3.77471    3.6518837   -43.678356    271.31827   -43.678356    2357.5011    2313.8227 
    3900        39000    320.27477    320.27477    320.27477    3.2494152  0.012793169    3.2996283    3.2764664     3.172151   -39.122601    271.89899   -39.122601     2362.547    2323.4244 
    4000        40000     336.2055     336.2055     336.2055    2.7880567  0.011059408    2.8710244    2.7776469    2.7154989   -31.664388    271.95641   -31.664388     2363.046    2331.3816 
    4100        41000    352.13478    352.13478    352.13478    2.4606674 0.0096254166       2.5136    2.4622265    2.4061757   -28.161333    272.78462   -28.161333    2370.2423    2342.0809 
    4200        42000    367.99008    367.99008    367.99008    2.1556445 0.0084340846    2.1947965    2.1381013    2.1340356   -24.988006    273.30306   -24.988006     2374.747     2349.759 
    4300        43000    383.45993    383.45993    383.45993    1.9127573 0.0074539477    1.9758462    1.8796751    1.8827506   -22.627182    274.04295   -22.627182     2381.176    2358.5488 
    4400        44000    398.42664    398.42664    398.42664    1.7030049 0.0066450947    1.7475726    1.6888718    1.6725702   -20.050585    274.44599   -20.050585     2384.678    2364.6274 
    4500        45000    412.61209    412.61209    412.61209    1.5393093 0.0059830199    1.5732833     1.530438    1.5142068   -16.177688    274.65703   -16.177688    2386.5118    2370.3341 
    4600        46000    425.73342    425.73342    425.73342     1.418638  0.005446695    1.4586111    1.4073616    1.3899412   -13.424256    275.33714   -13.424256    2392.4213    2378.9971 
    4700        47000     437.8745     437.8745     437.8745    1.2967271 0.0050060747    1.3299068     1.293232    1.2670424    -14.57437    275.70783    -14.57437    2395.6422    2381.0678 
    4800        48000    448.40649    448.40649    448.40649    1.2203431  0.004661553    1.2551714     1.208383     1.197475   -12.666245    275.77812   -12.666245     2396.253    2383.5868 
    4900        49000    457.43197    457.43197    457.43197    1.1529066 0.0043910336    1.1814692    1.1352203    1.1420304    -10.78066    275.72819    -10.78066    2395.8191    2385.0385 
    5000        50000    464.83467    464.83467    464.83467    1.0868155 0.0041845693     1.117344    1.0781353    1.0649672   -13.818774    276.23666   -13.818774    2400.2373    2386.4185 
    5100        51000    470.43611    470.43611    470.43611    1.0494608 0.0040368661    1.0733592     1.048864    1.0261593   -11.071494    276.15231   -11.071494    2399.5044    2388.4329 
    5200        52000    474.44899    474.44899    474.44899    1.0293972  0.003935299    1.0566722    1.0288355    1.0026839   -10.947609    276.12003   -10.947609    2399.2238    2388.2762 
    5300        53000    476.83352    476.83352    476.83352    1.0030804 0.0038765551    1.0232815    1.0036952   0.98226459   -10.955975    275.98978   -10.955975    2398.0921    2387.1361 
    5400        54000    477.75501    477.75501    477.75501    1.0064226 0.0038541672    1.0307328   0.99896122   0.98957391   -7.3174801     275.5999   -7.3174801    2394.7044     2387.387 
    5500        55000    478.40868    478.40868    478.40868   0.99269831 0.0038383905    1.0150026     0.986937   0.97615528   -9.2977758     275.1431   -9.2977758    2390.7352    2381.4375 
    5600        56000    477.46119    477.46119    477.46119    1.0036513 0.0038612869    1.0240872   0.99790748    0.9889593   -10.291655    276.06424   -10.291655    2398.7391    2388.4475 
    5700        57000    477.74608    477.74608    477.74608   0.99611736 0.0038543833    1.0166183   0.99686001   0.97487372   -9.2661602     274.2646   -9.2661602    2383.1019    2373.8357 
    5800        58000    477.65941    477.65941    477.65941   0.99865996 0.0038564817    1.0221588   0.99255695   0.98126415   -9.6287472    274.33191   -9.6287472    2383.6868    2374.0581 
    5900        59000    475.32648    475.32648    475.32648    1.0239517 0.0039135444    1.0497912    1.0188258     1.003238   -7.4985107    277.73632   -7.4985107    2413.2679    2405.7694 
    6000        60000    479.40908    479.40908    479.40908   0.97003696 0.0038144115   0.99800826   0.96601463     0.946088    -8.028878    270.55648    -8.028878    2350.8818    2342.8529 
    6100        61000    482.18387    482.18387    482.18387   0.96390597  0.003748938   0.99545077   0.96235987   0.93390727   -10.225167    273.24123   -10.225167    2374.2098    2363.9846 
    6200        62000    478.41174    478.41174    478.41174     1.027194 0.0038383167    1.0579747    1.0265942   0.99701293   -9.3562677    285.08335   -9.3562677    2477.1067    2467.7504 
    6300        63000    481.66386    481.66386    481.66386   0.97788333 0.0037610934   0.99888093    0.9894186   0.94535046   -6.9320048    273.15154   -6.9320048    2373.4305    2366.4985 
    6400        64000     476.4155     476.4155     476.4155    1.0167832 0.0038867684    1.0382874    1.0159871   0.99607512   -5.1452978    272.50212   -5.1452978    2367.7876    2362.6423 
    6500        65000    474.63672    474.63672    474.63672    1.0140839 0.0039306312    1.0351977    1.0199538   0.98710014   -7.8316991    273.25007   -7.8316991    2374.2866    2366.4549 
    6600        66000    477.27473    477.27473    477.27473   0.99107573 0.0038658142    1.0157965   0.99671503   0.96071563   -8.0023644    272.79809   -8.0023644    2370.3594     2362.357 
    6700        67000    479.22768    479.22768    479.22768   0.99784752 0.0038187445    1.0232808    1.0011502   0.96911158   -10.528252    276.89078   -10.528252    2405.9209    2395.3927 
    6800        68000    482.92607    482.92607    482.92607    0.9729229 0.0037316796    1.0011938   0.97374681   0.94382808   -10.400355    276.56306   -10.400355    2403.0734     2392.673 
    6900        69000    476.38425    476.38425    476.38425     1.038725 0.0038875333    1.0685025     1.039738    1.0079344   -10.345963    283.66072   -10.345963    2464.7454    2454.3994 
    7000        70000    476.65314    476.65314    476.65314   0.98822001 0.0038809578    1.0125528   0.99092582   0.96118138   -8.7374603    270.56529   -8.7374603    2350.9584    2342.2209 
    7100        71000    475.02333    475.02333    475.02333   0.99879757 0.0039210419    1.0269223    1.0015376   0.96793277   -8.8079842    267.96651   -8.8079842    2328.3774    2319.5694 
    7200        72000    472.40509    472.40509    472.40509    1.0455781 0.0039865993    1.0705273    1.0463066    1.0199004   -8.7187784    277.88985   -8.7187784    2414.6019    2405.8831 
    7300        73000    479.34919    479.34919    479.34919   0.98308445 0.0038158412    1.0087375   0.98357788     0.956938   -8.4993736    274.40752   -8.4993736    2384.3438    2375.8444 
    7400        74000    478.96727    478.96727    478.96727     1.005232 0.0038249767    1.0302479    1.0086497   0.97679842    -9.704349    279.29547    -9.704349    2426.8154    2417.1111 
    7500        75000    480.43767    480.43767    480.43767   0.98436128 0.0037899644    1.0067078   0.99206188   0.95431415   -7.7244697    275.44171   -7.7244697    2393.3299    2385.6055 
    7600        76000    476.39079    476.39079    476.39079    1.0141446  0.003887373    1.0396937    1.0146042   0.98813581   -8.2537855    276.47691   -8.2537855    2402.3248     2394.071 
    7700        77000    475.64101    475.64101    475.64101    0.9996573 0.0039057859    1.0228865     1.003331   0.97275436   -10.952108    272.49356   -10.952108    2367.7133    2356.7612 
    7800        78000    478.08913    478.08913    478.08913   0.97577604 0.0038460922   0.99763396   0.98081473   0.94887942   -11.399779    269.92858   -11.399779     2345.426    2334.0262 
    7900        79000    473.47301    473.47301    473.47301    1.0610239 0.0039596848    1.0828896    1.0733121    1.0268699   -10.755873     282.1306   -10.755873    2451.4501    2440.6942 
    8000        80000    482.37943    482.37943    482.37943   0.95606454 0.0037443803   0.97402049   0.96577742    0.9283957   -8.9829033    270.78502   -8.9829033    2352.8677    2343.8848 
    8100        81000    478.22295    478.22295    478.22295    1.0074889 0.0038428643    1.0301117     1.011688   0.98066687   -9.2374624    278.56925   -9.2374624    2420.5053    2411.2678 
    8200        82000    478.68581    478.68581    478.68581   0.99951991 0.0038317276     1.022802    1.0006501   0.97510764   -10.580195    276.77366   -10.580195    2404.9033    2394.3231 
    8300        83000    478.66992    478.66992    478.66992   0.98737948 0.0038321094    1.0068057   0.99790865    0.9574241   -9.7786127    272.59123   -9.7786127    2368.5619    2358.7833 
    8400        84000    474.38249    474.38249    474.38249    1.0239348 0.0039369541    1.0436033    1.0354145   0.99278663   -8.8565448     276.4361   -8.8565448    2401.9703    2393.1137 
    8500        85000    478.31904    478.31904    478.31904    0.9758292 0.0038405487   0.99719435   0.98620544   0.94408781   -7.7842054    270.42173   -7.7842054     2349.711    2341.9268 
    8600        86000    477.34703    477.34703    477.34703     1.007102 0.0038640578    1.0226379     1.021926   0.97674208   -10.710271    277.28817   -10.710271    2409.3739    2398.6637 
    8700        87000    477.36547    477.36547    477.36547    1.0214364 0.0038636102    1.0511262    1.0354488   0.97773416   -9.4920477    278.94484   -9.4920477    2423.7688    2414.2768 
    8800        88000    482.58354    482.58354    482.58354   0.94881854 0.0037396313   0.97289087   0.95803991   0.91552482   -11.352599    270.18749   -11.352599    2347.6757    2336.3231 
    8900        89000    476.27001    476.27001    476.27001    1.0219579 0.0038903314    1.0479704    1.0313131   0.98659006   -10.760924    280.10597   -10.760924    2433.8579     2423.097 
    9000        90000    478.98975    478.98975    478.98975   0.98891831 0.0038244382    1.0139616   0.99131842   0.96147492   -8.8746956     273.2811   -8.8746956    2374.5562    2365.6815 
    9100        91000    477.17109    477.17109    477.17109   0.99784352 0.0038683336    1.0297476    1.0011094    0.9626735   -10.531661    273.94916   -10.531661     2380.361    2369.8294 
    9200        92000    475.83839    475.83839    475.83839     1.019781 0.0039009274    1.0499323    1.0244087   0.98500184   -9.2039473    276.05985   -9.2039473     2398.701     2389.497 
    9300        93000    480.24372    480.24372    480.24372   0.97566704 0.0037945583    1.0097135   0.97524276   0.94204484   -9.8473501    271.50664   -9.8473501    2359.1378    2349.2905 
    9400        94000    476.65673    476.65673    476.65673    1.0243504   0.00388087    1.0567734    1.0282131    0.9880646   -11.067793    280.61077   -11.067793    2438.2442    2427.1764 
    9500        95000    477.61399    477.61399    477.61399    1.0065346 0.0038575822    1.0413495    1.0024646   0.97578955   -9.3105684    275.80795   -9.3105684    2396.5122    2387.2016 
    9600        96000    480.02719    480.02719    480.02719   0.96267815 0.0037996954   0.99394589   0.95914846   0.93494011   -9.7208349    269.10568   -9.7208349    2338.2757    2328.5549 
    9700        97000    474.59306    474.59306    474.59306    1.0370429 0.0039317162     1.073882    1.0277525    1.0094943   -10.074907    279.77081   -10.074907    2430.9457    2420.8708 
    9800        98000    479.09792    479.09792    479.09792   0.98154209 0.0038218483     1.015916   0.97721786   0.95149239   -9.0342026     273.3691   -9.0342026    2375.3209    2366.2867 
    9900        99000    477.21839    477.21839    477.21839    1.0045371 0.0038671836    1.0393367   0.99691365   0.97736112    -9.371891    275.83456    -9.371891    2396.7434    2387.3715 
   10000       100000    476.92485    476.92485    476.92485    1.0071882 0.0038743284    1.0402374     1.005331   0.97599609   -9.1120575    275.70525   -9.1120575    2395.6198    2386.5078 
   10100       101000    479.24011    479.24011    479.24011    0.9825816 0.0038184475    1.0130859   0.97930827   0.95535066   -8.2392803    272.21981   -8.2392803    2365.3346    2357.0953 
   10200       102000    473.77092    473.77092    473.77092    1.0495018   0.00395222    1.0831914    1.0533674    1.0119467    -9.867728    281.08073    -9.867728    2442.3277    2432.4599 
   10300       103000    480.05881    480.05881    480.05881   0.96422506 0.0037989445    0.9993726   0.95978216   0.93352042   -11.474321    269.08057   -11.474321    2338.0576    2326.5832 
   10400       104000    478.05049    478.05049    478.05049   0.99480751 0.0038470249     1.029856   0.99389095   0.96067558   -10.870928    274.17461   -10.870928      2382.32    2371.4491 
   10500       105000    476.86799    476.86799    476.86799    1.0288701 0.0038757146     1.062161    1.0254682   0.99898113   -10.452961    280.52307   -10.452961    2437.4822    2427.0292 
   10600       106000    480.64642    480.64642    480.64642   0.97695053 0.0037850287    1.0129868   0.97517032   0.94269449   -9.9171939    273.01074   -9.9171939    2372.2071    2362.2899 
   10700       107000    476.56886    476.56886    476.56886    1.0102701 0.0038830173     1.049941    1.0088854     0.971984   -10.205548    276.19176   -10.205548    2399.8471    2389.6416 
   10800       108000    476.64721    476.64721    476.64721    1.0048632 0.0038811026    1.0360519    1.0106574   0.96788032   -11.251148    273.60473   -11.251148    2377.3683    2366.1172 
   10900       109000     477.9496     477.9496     477.9496   0.98332238 0.0038494616    1.0171195   0.98132682   0.95152078    -11.55984    272.33932    -11.55984     2366.373    2354.8132 
   11000       110000    474.13742    474.13742    474.13742    1.0396126 0.0039430619    1.0731268    1.0421729    1.0035381   -11.212727    280.60826   -11.212727    2438.2223    2427.0096 
   11100       111000    482.75359    482.75359    482.75359   0.94833707 0.0037356807   0.97995497   0.94423913    0.9208171   -10.341498    268.78977   -10.341498    2335.5307    2325.1892 
   11200       112000    477.65272    477.65272    477.65272    1.0195709 0.0038566439    1.0483522    1.0206174   0.98974318   -10.406882    279.74811   -10.406882    2430.7485    2420.3416 
   11300       113000    479.31217    479.31217    479.31217   0.99508398 0.0038167256    1.0274166    0.9887109   0.96912445   -9.6632533    277.30729   -9.6632533    2409.5401    2399.8768 
   11400       114000    478.66222    478.66222    478.66222   0.98173219 0.0038322942    1.0161392   0.97438026   0.95467709   -8.7106642    272.38123   -8.7106642    2366.7372    2358.0266 
   11500       115000    474.37764    474.37764    474.37764    1.0221962 0.0039370749    1.0636226    1.0141685   0.98879748   -9.9364017    274.74725   -9.9364017    2387.2957    2377.3593 
   11600       116000    477.00512    477.00512    477.00512   0.97527089 0.0038723728    1.0110256   0.96640347   0.94838356   -11.179125    268.23179   -11.179125    2330.6825    2319.5034 
   11700       117000    473.93174    473.93174    473.93174    1.0373525 0.0039481978    1.0720439    1.0327767     1.007237   -9.7477508    277.57709   -9.7477508    2411.8843    2402.1366 
   11800       118000    481.42485    481.42485    481.42485   0.96839912 0.0037666979    1.0026448    0.9607157   0.94183684   -8.6387148     274.3255   -8.6387148    2383.6311    2374.9924 
   11900       119000    480.82497    480.82497    480.82497   0.99324134 0.0037808136    1.0300865    0.9844362   0.96520131   -9.2587439    279.28774   -9.2587439    2426.7483    2417.4895 
   12000       120000    479.37819    479.37819    479.37819    1.0044454 0.0038151488    1.0389568   0.99867523   0.97570402   -10.188547     279.1109   -10.188547    2425.2117    2415.0231 
   12100       121000    477.27149    477.27149    477.27149   0.98857366  0.003865893    1.0329559   0.98548419   0.94728088   -7.0433215    270.29878   -7.0433215    2348.6427    2341.5994 
   12200       122000    472.94508    472.94508    472.94508    1.0299909 0.0039729597    1.0679664    1.0262473   0.99575894   -10.115939    275.67944   -10.115939    2395.3955    2385.2796 
   12300       123000    478.22034    478.22034    478.22034   0.98208989 0.0038429272    1.0194047   0.97475477    0.9521102    -11.55589    271.54944    -11.55589    2359.5097    2347.9538 
   12400       124000    478.84149    478.84149    478.84149    1.0107891 0.0038279915    1.0424923    1.0043863    0.9854887   -10.391991    280.74027   -10.391991    2439.3694    2428.9774 
   12500       125000    482.78038    482.78038    482.78038   0.97002431 0.0037350589    0.9998912   0.96237814   0.94780358   -8.4770079     276.6404   -8.4770079    2403.7454    2395.2684 
   12600       126000    478.48622    478.48622    478.48622    1.0114086 0.0038365247    1.0442616    1.0092861   0.98067805   -10.955355    279.41312   -10.955355    2427.8377    2416.8823 
   12700       127000    475.65793    475.65793    475.65793    1.0190531 0.0039053689    1.0619113    1.0086313   0.98661667   -8.4883553    276.83011   -8.4883553    2405.3938    2396.9054 
   12800       128000    479.47688    479.47688    479.47688   0.97808514 0.0038127935    1.0202547   0.96843863   0.94556209   -8.4545335    271.18021   -8.4545335    2356.3015    2347.8469 
   12900       129000    475.57858    475.57858    475.57858    1.0300648 0.0039073242    1.0644666    1.0223561    1.0033718   -10.257895    279.41306   -10.257895    2427.8372    2417.5793 
   13000       130000    480.70702    480.70702    480.70702   0.96721115 0.0037835973   0.99651328   0.96532507    0.9397951   -10.638193    271.81903   -10.638193    2361.8522     2351.214 
   13100       131000    477.97509    477.97509    477.97509   0.99592725 0.0038488457    1.0262092   0.99246963   0.96910295   -11.023921    274.63183   -11.023921    2386.2928    2375.2688 
   13200       132000    475.42397    475.42397    475.42397    1.0302463 0.0039111375    1.0625479    1.0263476    1.0018434   -9.7606692     280.1883   -9.7606692    2434.5733    2424.8127 
   13300       133000    480.06293    480.06293    480.06293   0.96754579 0.0037988469   0.99808244   0.96293764    0.9416173   -8.1753101    269.98003   -8.1753101     2345.873    2337.6977 
   13400       134000    475.39708    475.39708    475.39708    1.0212139 0.0039118012    1.0529902    1.0142137   0.99643773   -11.007273    276.15559   -11.007273    2399.5328    2388.5256 
   13500       135000    478.11517    478.11517    478.11517   0.99887591 0.0038454637    1.0329851   0.98661084   0.97703181   -12.390206    275.73048   -12.390206     2395.839    2383.4488 
   13600       136000    480.61871    480.61871    480.61871   0.98907404 0.0037856834     1.033208   0.97238349    0.9616306   -9.3278965    277.21028   -9.3278965    2408.6971    2399.3692 
   13700       137000    478.63865    478.63865    478.63865    1.0185727 0.0038328603    1.0603354    1.0047581   0.99062463   -8.8298944    282.44294   -8.8298944     2454.164    2445.3341 
   13800       138000    481.71108    481.71108    481.71108   0.95572796 0.0037599875   0.99232226   0.94434141    0.9305202   -9.9498935    269.88074   -9.9498935    2345.0103    2335.0604 
   13900       139000    472.45137    472.45137    472.45137    1.0484802 0.0039854279    1.0856988    1.0340512    1.0256907   -9.5073857    278.70556   -9.5073857    2421.6897    2412.1823 
   14000       140000    475.54972    475.54972    475.54972    1.0036739 0.0039080355    1.0361567   0.99947271   0.97539233   -7.4093163     271.6861   -7.4093163    2360.6972    2353.2879 
   14100       141000    476.86508    476.86508    476.86508   0.99342433 0.0038757855    1.0263803   0.98753254   0.96636012   -9.2273178    272.70974   -9.2273178    2369.5917    2360.3643 
   14200       142000    478.91691    478.91691    478.91691    1.0170183 0.0038261835    1.0493285    1.0079228   0.99380366   -9.7347131    282.68598   -9.7347131    2456.2758    2446.5411 
   14300       143000    483.46097    483.46097    483.46097   0.97041632 0.0037193072   0.99856604   0.96498729   0.94769563   -9.7358891    277.39042   -9.7358891    2410.2623    2400.5264 
   14400       144000    478.58965    478.58965    478.58965    1.0063633 0.0038340378     1.037685   0.99958324   0.98182158   -10.145723    278.91717   -10.145723    2423.5284    2413.3827 
   14500       145000    476.52673    476.52673    476.52673   0.99630195 0.0038840471    1.0277326   0.98739473   0.97377852   -9.5891679    273.30179   -9.5891679     2374.736    2365.1468 
   14600       146000    474.82135    474.82135    474.82135    1.0161184 0.0039260478    1.0499846    1.0026486   0.99572203   -11.601427    273.19819   -11.601427    2373.8358    2362.2344 
   14700       147000    478.10658    478.10658    478.10658   0.98835889 0.0038456711    1.0202572   0.97996297    0.9648565    -10.16342    272.28141    -10.16342    2365.8699    2355.7065 
   14800       148000    483.27207    483.27207    483.27207   0.97745288 0.0037236701    1.0134435    0.9700541   0.94886107   -9.7045633    278.63041   -9.7045633    2421.0367    2411.3322 
   14900       149000     479.2531     479.2531     479.2531     1.018558  0.003818137    1.0608775    1.0027614   0.99203512   -11.583576    283.08557   -11.583576    2459.7479    2448.1643 
   15000       150000    477.26228    477.26228    477.26228   0.99997357 0.0038661167    1.0428329   0.98907557   0.96801221   -11.759151    275.83822   -11.759151    2396.7752    2385.0161 
   15100       151000    478.58437    478.58437    478.58437   0.98616901 0.0038341646    1.0416309   0.96587795   0.95099817   -9.8943683    270.71403   -9.8943683    2352.2508    2342.3564 
   15200       152000    470.95868    470.95868    470.95868    1.0730486 0.0040234434     1.125738    1.0613025    1.0321053   -11.400898    282.61356   -11.400898    2455.6466    2444.2457 
   15300       153000    478.14956    478.14956    478.14956   0.96983316 0.0038446341    1.0120251   0.95973873   0.93773568   -8.1607607    267.20438   -8.1607607    2321.7552    2313.5944 
   15400       154000    475.64126    475.64126    475.64126    1.0000404 0.0039057796    1.0465141   0.98200761   0.97159964   -10.080965    271.12679   -10.080965    2355.8373    2345.7564 
   15500       155000    476.50972    476.50972    476.50972    1.0215081 0.0038844632     1.075058    1.0006377    0.9888287   -8.6234775    278.92076   -8.6234775    2423.5596    2414.9361 
   15600       156000    480.03006    480.03006    480.03006   0.99850319 0.0037996273    1.0502381   0.97472737   0.97054406   -6.6958618    274.48955   -6.6958618    2385.0566    2378.3607 
   15700       157000    478.03605    478.03605    478.03605    1.0022597 0.0038473735    1.0514815   0.98546157   0.96983611   -8.8074927    276.81403   -8.8074927     2405.254    2396.4465 
   15800       158000    476.87803    476.87803    476.87803     1.000406 0.0038754698    1.0455892    0.9794622   0.97616664   -10.377103    274.12813   -10.377103    2381.9161     2371.539 
   15900       159000    476.06332    476.06332    476.06332   0.98255911 0.0038954008    1.0278426   0.96858065   0.95125407   -10.512762    268.29779   -10.512762     2331.256    2320.7432 
   16000       160000    469.61785    469.61785    469.61785    1.0605877 0.0040580043    1.1138451    1.0406253    1.0272927   -12.142902    277.82507   -12.142902    2414.0391    2401.8962 
   16100       161000    478.72652    478.72652    478.72652   0.98772169 0.0038307502     1.032646   0.97660044   0.95391865   -11.895333    274.12852   -11.895333    2381.9195    2370.0242 
   16200       162000    479.54269    479.54269    479.54269    1.0081263 0.0038112239    1.0567224   0.99569017   0.97196643   -10.083264    280.37218   -10.083264     2436.171    2426.0878 
   16300       163000    479.88369    479.88369    479.88369   0.99240376  0.003803105    1.0430278   0.97632056   0.95786287   -11.411147    277.12743   -11.411147    2407.9773    2396.5661 
   16400       164000    476.43866    476.43866    476.43866    1.0028104 0.0038862015    1.0481479   0.99255338   0.96772981   -9.2363685    273.70714   -9.2363685    2378.2582    2369.0218 
   16500       165000    473.17555    473.17555    473.17555    1.0266561 0.0039671571    1.0807673     1.011579   0.98762196   -10.080101    274.34832   -10.080101    2383.8293    2373.7492 
   16600       166000    478.85871    478.85871    478.85871   0.96868513 0.0038275785    1.0145417   0.95943873   0.93207499   -10.005196    268.95258   -10.005196    2336.9454    2326.9402 
   16700       167000    475.53861    475.53861    475.53861    1.0374141 0.0039083094    1.0915283    1.0212336   0.99948034   -8.7828201    277.80723   -8.7828201    2413.8841    2405.1012 
   16800       168000    478.49886    478.49886    478.49886   0.98949901 0.0038362206    1.0379496   0.97829243   0.95225495   -10.745207    274.28145   -10.745207    2383.2483    2372.5031 
   16900       169000    480.49498    480.49498    480.49498   0.97728418 0.0037886085    1.0356846   0.95980841   0.93635951   -8.6015585    272.48465   -8.6015585    2367.6358    2359.0343 
   17000       170000    476.30311    476.30311    476.30311    1.0439842 0.0038895202     1.098777    1.0320783    1.0010974   -7.5397697    285.38198   -7.5397697    2479.7015    2472.1618 
   17100       171000     482.2463     482.2463     482.2463   0.95767464 0.0037474823     1.005725   0.94690883   0.92039011   -7.9247549    271.95384   -7.9247549    2363.0236    2355.0988 
   17200       172000    476.08342    476.08342    476.08342    1.0077276 0.0038949074    1.0611701   0.98899527   0.97301746   -9.3433808    273.03456   -9.3433808     2372.414    2363.0706 
   17300       173000    475.42917    475.42917    475.42917    1.0056606  0.003911009    1.0624882   0.98756045   0.96693305   -10.196105    273.78497   -10.196105    2378.9344    2368.7383 
   17400       174000    477.70281    477.70281    477.70281   0.99405372 0.0038554307    1.0419626   0.98829905   0.95189949   -9.1580419    272.58257   -9.1580419    2368.4867    2359.3286 
   17500       175000     477.0287     477.0287     477.0287    1.0053684 0.0038717988    1.0610553   0.99258937   0.96246043   -11.187846    276.65763   -11.187846    2403.8951    2392.7072 
   17600       176000    477.85309    477.85309    477.85309    1.0005093 0.0038517945    1.0558411   0.98450696   0.96117992   -12.479126    275.92485   -12.479126    2397.5279    2385.0488 
   17700       177000    479.95778    479.95778    479.95778   0.96886457 0.0038013442    1.0260543   0.94907806   0.93146131    -11.93898    271.06769    -11.93898    2355.3238    2343.3848 
   17800       178000    473.97734    473.97734    473.97734    1.0399419 0.0039470585    1.0979435    1.0241372    0.9977449   -10.537619    280.64793   -10.537619    2438.5671    2428.0295 
   17900       179000    479.33678    479.33678    479.33678   0.97587326 0.0038161377    1.0322293   0.95697664   0.93841381   -9.8561739    271.88959   -9.8561739    2362.4653    2352.6091 
   18000       180000    477.21029    477.21029    477.21029   0.99488422 0.0038673804    1.0542985   0.97768588   0.95266827   -9.0811837    274.05796   -9.0811837    2381.3064    2372.2252 
   18100       181000    476.79695    476.79695    476.79695    1.0193772 0.0038774471    1.0782127    1.0027328   0.97718615   -7.5349177    278.27542   -7.5349177    2417.9522    2410.4173 
   18200       182000    481.90037    481.90037    481.90037    0.9781051 0.0037555584    1.0341024   0.95782696   0.94238595   -7.0823768    274.77736   -7.0823768    2387.5573    2380.4749 
   18300       183000     479.1116     479.1116     479.1116    1.0185392 0.0038215209    1.0808971   0.99507374    0.9796469   -9.3243149    282.33049   -9.3243149    2453.1869    2443.8626 
   18400       184000    479.74133    479.74133    479.74133    0.9832532 0.0038064917    1.0430728   0.96309677   0.94359001   -8.7637434    274.81407   -8.7637434    2387.8763    2379.1126 
   18500       185000     475.8807     475.8807     475.8807    1.0054631 0.0038998871    1.0573279   0.98662319   0.97243828   -8.1559771    273.53611   -8.1559771     2376.772     2368.616 
   18600       186000    473.61743    473.61743    473.61743    1.0280856 0.0039560635    1.0848588    1.0137291   0.98566909    -9.812818     274.9816    -9.812818     2389.332    2379.5192 
   18700       187000    477.78942    477.78942    477.78942   0.98338386 0.0038533346    1.0362208   0.96664629   0.94728452   -9.0821332    270.41097   -9.0821332    2349.6175    2340.5354 
   18800       188000    478.14196    478.14196    478.14196    1.0231463 0.0038448175     1.075798    1.0065434   0.98709759   -10.298988    281.99236   -10.298988    2450.2489    2439.9499 
   18900       189000    482.83221    482.83221    482.83221   0.96812524 0.0037338563    1.0188527   0.95090496   0.93461802    -9.304237    275.77325    -9.304237    2396.2107    2386.9064 
   19000       190000    477.59194    477.59194    477.59194    1.0121234 0.0038581165    1.0665827   0.99701814   0.97276925   -8.4904272    277.64212   -8.4904272    2412.4494    2403.9589 
   19100       191000    476.01049    476.01049    476.01049   0.99417128 0.0038966977    1.0521173    0.9742161   0.95618046   -10.373311    271.00356   -10.373311    2354.7665    2344.3932 
   19200       192000    475.16618    475.16618    475.16618    1.0046373 0.0039175066    1.0543426   0.98563533   0.97393399   -8.7461168    271.40945   -8.7461168    2358.2933    2349.5472 
   19300       193000    476.00583    476.00583    476.00583    1.0092464 0.0038968123    1.0615212   0.98916064    0.9770573   -10.026714    273.56101   -10.026714    2376.9884    2366.9617 
   19400       194000    479.90206    479.90206    479.90206   0.97537727 0.0038026685    1.0246787    0.9553654   0.94608766   -9.0832416    273.22201   -9.0832416    2374.0428    2364.9595 
   19500       195000    479.14035    479.14035    479.14035    1.0087948  0.003820833    1.0610336    0.9891522   0.97619863   -10.541875    279.76189   -10.541875    2430.8682    2420.3264 
   19600       196000    479.48992    479.48992    479.48992   0.99891527 0.0038124825    1.0505015   0.98451157   0.96173275   -9.3752718    276.26523   -9.3752718    2400.4855    2391.1102 
   19700       197000    477.93211    477.93211    477.93211   0.97891525 0.0038498843     1.037199   0.95337284   0.94617391    -7.526851     268.7911    -7.526851    2335.5423    2328.0155 
   19800       198000    470.96071    470.96071    470.96071    1.0151662 0.0040233912    1.0662838   0.99768952   0.98152529   -8.1266893    267.40641   -8.1266893    2323.5107     2315.384 
   19900       199000    470.96761    470.96761    470.96761   0.99738358 0.0040232145    1.0489561   0.97795206    0.9652426   -8.1524892    263.69922   -8.1524892    2291.2987    2283.1462 
   20000       200000    473.27028    473.27028    473.27028    1.0095391 0.0039647754    1.0587047   0.99359906   0.97631358   -7.9680317     270.6692   -7.9680317    2351.8613    2343.8933 
Loop time of 8.76591 on 4 procs for 20000 steps with 2916 atoms

Performance: 1971.273 ns/day, 0.012 hours/ns, 2281.565 timesteps/s
91.7% CPU use with 4 MPI tasks x no OpenMP threads

MPI task timing breakdown:
Section |  min time  |  avg time  |  max time  |%varavg| %total
---------------------------------------------------------------
Pair    | 2.3415     | 2.4        | 2.4712     |   3.3 | 27.38
Neigh   | 0.86787    | 0.88846    | 0.92129    |   2.1 | 10.14
Comm    | 0.78596    | 0.90097    | 0.97917    |   8.3 | 10.28
Output  | 2.9412     | 2.9416     | 2.9424     |   0.0 | 33.56
Modify  | 1.5145     | 1.5339     | 1.5568     |   1.3 | 17.50
Other   |            | 0.101      |            |       |  1.15

Nlocal:    729 ave 746 max 701 min
Histogram: 1 0 0 0 0 0 1 0 1 1
Nghost:    222.75 ave 235 max 204 min
Histogram: 1 0 0 0 1 0 0 0 0 2
Neighs:    106.25 ave 130 max 85 min
Histogram: 1 0 1 0 0 0 1 0 0 1

Total # of neighbors = 425
Ave neighs/atom = 0.145748
Neighbor list builds = 1852
Dangerous builds = 1301

# the regular input script for finding the equilibrium state ends here

###############################################################################################
# the following lines just indicate possible further production step after the equilibration
###############################################################################################

# for removing fix 1
#unfix 1

# for removing the dump 1 command
#undump 1

# change the log file name
#log production.log

# enforcing another ensemble or the same for the production step
#fix 1 all nvt temp 180 180 100

# reset time step to zero
#reset_timestep 0

# set new time step
#timestep 5

# run more steps
#run 1000000

variable   natoms equal "count(all)"
print   "NUmber of atoms = ${natoms};"
NUmber of atoms = 2916;
quit
