run 20000
Neighbor list info ...
  1 neighbor list requests
  update every 1 steps, delay 10 steps, check yes
  max neighbors/atom: 2000, page size: 100000
  master list distance cutoff = 14
  ghost atom cutoff = 14
  binsize = 7 -> bins = 6 6 6
Memory usage per processor = 3.72723 Mbytes
Step Time Lx Ly Lz Press Density Pxx Pyy Pzz PotEng Temp PotEng KinEng TotEng 
       0            0         41.3         41.3         41.3   -1842.0728    2.8071313   -1866.4645   -1844.8984   -1814.8555   -3482.3404       275.15   -3482.3404    1124.4529   -2357.8875 
     100         1000    45.952407    45.952407    45.952407      529.437    2.0379246    546.82151    481.57701    559.91247   -1973.5317    269.50128   -1973.5317    1101.3683   -872.16331 
     200         2000    49.545939    49.545939    49.545939    216.62533    1.6258808    192.33743    211.96452    245.57403   -1574.5127     276.9304   -1574.5127    1131.7289    -442.7838 
     300         3000    52.604797    52.604797    52.604797    231.82567    1.3584287    225.68136    282.18502    187.61063   -1284.0267    271.43928   -1284.0267    1109.2884   -174.73835 
     400         4000    55.946093    55.946093    55.946093     149.1007    1.1292851    130.26396    170.59558    146.44258   -1080.6057    275.51502   -1080.6057    1125.9446     45.33898 
     500         5000    59.105104    59.105104    59.105104    126.00358   0.95771864    139.56422    103.65408    134.79245   -927.62319    284.88318   -927.62319    1164.2294    236.60624 
     600         6000    62.670439    62.670439    62.670439     110.7345   0.80338677    122.19041    109.09203    100.92108   -792.06863    268.82718   -792.06863    1098.6135    306.54488 
     700         7000    66.706689    66.706689    66.706689    101.76603   0.66620018    122.00235    82.860821     100.4349   -667.67956    272.24731   -667.67956    1112.5905    444.91097 
     800         8000    70.954387    70.954387    70.954387    104.99234    0.5535733    108.96683    101.97377    104.03641   -556.95248    280.73431   -556.95248    1147.2742    590.32176 
     900         9000    75.740571    75.740571    75.740571    87.965484    0.4551213    90.940334    88.541927    84.414191   -476.28146     270.9286   -476.28146    1107.2013    630.91988 
    1000        10000    81.260561    81.260561    81.260561    74.912213   0.36853051    80.035627    78.024681     66.67633   -403.58945     281.9234   -403.58945    1152.1337    748.54425 
    1100        11000    87.295498    87.295498    87.295498      62.1837    0.2972606    65.150478    63.182775    58.217847   -331.23383    272.91289   -331.23383    1115.3105    784.07671 
    1200        12000    93.855064    93.855064    93.855064     55.49301   0.23918821    50.607627    59.911035    55.960368   -265.22945     288.0236   -265.22945    1177.0633    911.83388 
    1300        13000    100.95676    100.95676    100.95676    43.349714   0.19217931    43.163655    46.249438    40.636048   -216.13142    268.49752   -216.13142    1097.2663    881.13484 
    1400        14000    108.65187    108.65187    108.65187    33.404598   0.15417051     34.99546     33.97794    31.240394   -175.21585    271.00922   -175.21585    1107.5308    932.31498 
    1500        15000    116.95548    116.95548    116.95548    29.903506   0.12360931    30.941752    30.252866    28.515899   -142.16149    280.52183   -142.16149    1146.4059    1004.2444 
    1600        16000    125.93292    125.93292    125.93292    23.059444  0.099013649    23.675288    23.289447    22.213596    -119.1889    275.10726    -119.1889    1124.2783    1005.0894 
    1700        17000    135.58944    135.58944    135.58944    19.322703  0.079329598    19.274386    19.244421    19.449303    -97.89397    276.50277    -97.89397    1129.9813    1032.0873 
    1800        18000    146.01996    146.01996    146.01996    15.761774  0.063514985    15.687844    15.982988     15.61449   -83.418542    280.77213   -83.418542    1147.4288    1064.0103 
    1900        19000    157.05118    157.05118    157.05118    12.706388   0.05104924    12.176845    13.032155    12.910165   -64.345804    279.69713   -64.345804    1143.0356    1078.6898 
    2000        20000    168.86085    168.86085    168.86085    10.624125  0.041070124    10.245123    10.630883    10.996369   -53.056925    289.01834   -53.056925    1181.1285    1128.0716 
    2100        21000    181.35321    181.35321    181.35321    8.0586064  0.033154092    7.7446279    8.0569094    8.3742818   -40.408288    272.33795   -40.408288    1112.9609    1072.5526 
    2200        22000    194.58084    194.58084    194.58084    6.7950973  0.026841865    6.4786507    6.7964301    7.1102112   -31.278506    270.78435   -31.278506    1106.6118    1075.3333 
    2300        23000    208.45988    208.45988    208.45988     5.551303  0.021829582    5.2755621    5.6660191    5.7123278   -27.451562     273.0397   -27.451562    1115.8287    1088.3772 
    2400        24000    222.92268    222.92268    222.92268     4.286462  0.017850488    4.1235857    4.4080574    4.3277427   -22.122904    262.56823   -22.122904    1073.0351    1050.9122 
    2500        25000    237.95974    237.95974    237.95974    3.8590946  0.014675821    3.6943066    3.9734677    3.9095096   -23.603417    280.41398   -23.603417    1145.9652    1122.3618 
    2600        26000    253.19629    253.19629    253.19629    3.1244736  0.012182626    3.0144959    3.1744309     3.184494   -18.076367    273.75191   -18.076367    1118.7394     1100.663 
    2700        27000    268.80106    268.80106    268.80106    2.7363902  0.010181692    2.5993947    2.8456924    2.7640835   -13.192721    284.43589   -13.192721    1162.4015    1149.2088 
    2800        28000    284.10633    284.10633    284.10633    2.2627552 0.0086232336    2.1361425    2.3605569    2.2915661   -10.561596    279.30009   -10.561596     1141.413    1130.8514 
    2900        29000    299.04375    299.04375    299.04375     1.917848 0.0073944982    1.8251237    1.9942312    1.9341893   -10.002675    273.46629   -10.002675    1117.5721    1107.5694 
    3000        30000    313.40538    313.40538    313.40538    1.5967535 0.0064238228    1.5365473    1.6364805    1.6172327   -10.461094    265.91166   -10.461094    1086.6987    1076.2376 
    3100        31000    326.66806    326.66806    326.66806    1.5041557 0.0056727396    1.4543314    1.5420227    1.5161131   -7.5814202     282.5066   -7.5814202     1154.517    1146.9356 
    3200        32000    338.56236    338.56236    338.56236    1.3099921 0.0050956183    1.2454207    1.3505326    1.3340231    -6.533473    274.08846    -6.533473    1120.1147    1113.5812 
    3300        33000    348.90964    348.90964    348.90964    1.2369881 0.0046555821    1.1729964    1.2640337    1.2739342   -5.9447666    283.15366   -5.9447666    1157.1614    1151.2166 
    3400        34000    357.33824    357.33824    357.33824    1.1512596 0.0043338554    1.0920925    1.1706265      1.19106   -6.5705806    280.60028   -6.5705806    1146.7265    1140.1559 
    3500        35000    363.55929    363.55929    363.55929    1.1203027 0.0041151642    1.0696906    1.1417213    1.1494961   -5.5811482    287.86937   -5.5811482     1176.433    1170.8519 
    3600        36000    367.90855    367.90855    367.90855    1.0189742 0.0039709393   0.97212934     1.031831    1.0529621   -6.4342545    273.60345   -6.4342545    1118.1326    1111.6984 
    3700        37000    370.56583    370.56583    370.56583     1.024002 0.0038861252   0.97586625    1.0362965    1.0598433   -6.2618232    279.07029   -6.2618232    1140.4739    1134.2121 
    3800        38000     371.6531     371.6531     371.6531   0.95314281 0.0038521181   0.90871603   0.96990857   0.98080383   -5.8488766    263.51835   -5.8488766     1076.918    1071.0691 
    3900        39000    371.35555    371.35555    371.35555    1.0335571 0.0038613852   0.98419187    1.0537766    1.0627029    -5.250648    284.43486    -5.250648    1162.3973    1157.1466 
    4000        40000    371.67535    371.67535    371.67535   0.98284748 0.0038514263   0.93268419     1.001855    1.0140032   -5.5836202    272.13954   -5.5836202    1112.1501    1106.5665 
    4100        41000     371.6808     371.6808     371.6808   0.96954568  0.003851257   0.92130329   0.98844465   0.99888911   -5.9037901    268.63912   -5.9037901    1097.8449    1091.9412 
    4200        42000    370.21143    370.21143    370.21143    1.0446959 0.0038972962   0.99002744     1.069967    1.0740931   -6.2460026    284.93551   -6.2460026    1164.4433    1158.1973 
    4300        43000    369.94434    369.94434    369.94434   0.98689467 0.0039057437   0.95231534    1.0016761    1.0066926    -5.007881    267.27976    -5.007881    1092.2897    1087.2818 
    4400        44000    382.21356    382.21356    382.21356   0.92289993 0.0035415601   0.88375603   0.93713566   0.94780809    -5.450676     276.0074    -5.450676    1127.9568    1122.5062 
    4500        45000    375.82412    375.82412    375.82412   0.93749885 0.0037252803   0.89286786   0.95509355   0.96453513   -4.3135931    268.69232   -4.3135931    1098.0624    1093.7488 
    4600        46000    370.55647    370.55647    370.55647    1.0085286 0.0038864196   0.95693741    1.0246859    1.0439625   -5.2477103    276.20739   -5.2477103    1128.7741    1123.5264 
    4700        47000    370.89301    370.89301    370.89301    1.0305065 0.0038758497   0.98530503    1.0569589    1.0492554   -6.2424423    279.45374   -6.2424423     1142.041    1135.7985 
    4800        48000    372.53897    372.53897    372.53897   0.99007405 0.0038247034   0.93827647    1.0023952    1.0295505   -6.0626154    274.78906   -6.0626154    1122.9779    1116.9153 
    4900        49000    371.98521    371.98521    371.98521   0.99871465   0.00384181   0.94492925    1.0237438    1.0274709   -5.1104211     276.8667   -5.1104211    1131.4685    1126.3581 
    5000        50000     369.8176     369.8176     369.8176    1.0423952 0.0039097607   0.98627006    1.0717975    1.0691181   -5.1074583    283.94658   -5.1074583    1160.4018    1155.2944 
    5100        51000    369.29495    369.29495    369.29495    1.0048335 0.0039263841   0.95151066    1.0379337    1.0250562   -5.0095561    272.42407   -5.0095561    1113.3129    1108.3033 
    5200        52000    379.93779    379.93779    379.93779   0.94567232 0.0036055824   0.89881238   0.97164614   0.96655844   -6.3919681    278.02726   -6.3919681    1136.2114    1129.8194 
    5300        53000    375.55549    375.55549    375.55549   0.95972683 0.0037332798     0.899858   0.99172265   0.98759983   -6.2434088    273.12466   -6.2434088     1116.176    1109.9325 
    5400        54000    369.14044    369.14044    369.14044     1.011038 0.0039313165   0.95188091    1.0427482    1.0384849   -7.0338488    274.46561   -7.0338488     1121.656    1114.6222 
    5500        55000    371.15512    371.15512    371.15512   0.99835307 0.0038676444   0.93719721    1.0319239    1.0259381   -6.7277744    275.29351   -6.7277744    1125.0394    1118.3116 
    5600        56000     372.2767     372.2767     372.2767   0.99977724 0.0038327925   0.94028383    1.0344097    1.0246382   -6.3778441    277.33243   -6.3778441    1133.3718     1126.994 
    5700        57000    370.93529    370.93529    370.93529   0.97424113 0.0038745247   0.91548843     1.007038    1.0001969   -6.5089975    268.53147   -6.5089975     1097.405     1090.896 
    5800        58000    370.20197    370.20197    370.20197    1.0227498 0.0038975951   0.96580743    1.0545121      1.04793   -5.9239849    279.47965   -5.9239849    1142.1469    1136.2229 
    5900        59000    373.66747    373.66747    373.66747    0.9948492 0.0037901555   0.93832755    1.0259539    1.0202661   -5.2930387    279.80882   -5.2930387    1143.4921     1138.199 
    6000        60000    381.18028    381.18028    381.18028   0.93353291 0.0035704391   0.88297676   0.96299057   0.95463142   -6.1421203    275.70356   -6.1421203    1126.7151     1120.573 
    6100        61000      369.442      369.442      369.442    1.0145834 0.0039216976   0.95361468    1.0439258    1.0462098   -7.6600872     272.9113   -7.6600872     1115.304     1107.644 
    6200        62000    368.87867    368.87867    368.87867     1.045859 0.0039396918   0.99295002    1.0765097    1.0681172   -7.6595919    280.19501   -7.6595919    1145.0703    1137.4107 
    6300        63000    372.53944    372.53944    372.53944   0.99007682 0.0038246889   0.93332647     1.016263     1.020641   -6.0250902    275.83916   -6.0250902    1127.2693    1121.2442 
    6400        64000    372.01739    372.01739    372.01739    1.0278775  0.003840813   0.96191251    1.0525542    1.0691657   -5.6495121    281.14886   -5.6495121    1148.9684    1143.3189 
    6500        65000    370.67779    370.67779    370.67779   0.97914598 0.0038826048   0.90972644    1.0099723    1.0177392   -5.0960232    266.78935   -5.0960232    1090.2855    1085.1895 
    6600        66000    370.10049    370.10049    370.10049    1.0231203 0.0039008019   0.95569018     1.053354    1.0603169   -6.1949994     279.1314   -6.1949994    1140.7237    1134.5287 
    6700        67000    376.56013    376.56013    376.56013   0.95115738 0.0037034791   0.88502415    0.9852649   0.98318308   -6.7681189    273.80416   -6.7681189    1118.9529    1112.1848 
    6800        68000    377.46225    377.46225    377.46225   0.94754421 0.0036769889   0.87947373   0.98393142   0.97922748   -6.1398015    273.96735   -6.1398015    1119.6198      1113.48 
    6900        69000    367.07906    367.07906    367.07906    1.0872376 0.0039979197    1.0099489     1.125541     1.126223   -6.3822516     288.4185   -6.3822516    1178.6772    1172.2949 
    7000        70000    370.01603    370.01603    370.01603   0.99403791 0.0039034738   0.92702837    1.0291471    1.0259382    -6.803733    271.04678    -6.803733    1107.6843    1100.8806 
    7100        71000    372.49411    372.49411    372.49411   0.98846453 0.0038260853   0.91833431    1.0278878    1.0191715   -5.5976232    273.33836   -5.5976232    1117.0493    1111.4517 
    7200        72000    371.54682    371.54682    371.54682    0.9378961 0.0038554248   0.87002688    0.9621722   0.98148923   -5.0705148    258.28524   -5.0705148    1055.5319    1050.4614 
    7300        73000    369.62851    369.62851    369.62851    1.0433024 0.0039157641   0.96819874    1.0726197    1.0890887   -6.3697926    281.24433   -6.3697926    1149.3586    1142.9888 
    7400        74000     375.6127     375.6127     375.6127   0.96858321 0.0037315741    0.9100019    1.0041731   0.99157465   -5.2167585    275.32241   -5.2167585    1125.1575    1119.9408 
    7500        75000    377.08284    377.08284    377.08284   0.96022052  0.003688099   0.88905016   0.99853656   0.99307483   -5.1036078    275.93013   -5.1036078    1127.6411    1122.5375 
    7600        76000    367.07261    367.07261    367.07261    1.0204804 0.0039981305   0.94847253    1.0620905    1.0508781   -6.9593123    271.44233   -6.9593123    1109.3008    1102.3415 
    7700        77000     370.0572     370.0572     370.0572    1.0021456  0.003902171   0.92544669    1.0491586    1.0318316   -7.0441408    273.03766   -7.0441408    1115.8204    1108.7763 
    7800        78000    373.67637    373.67637    373.67637   0.97416384 0.0037898844   0.90342965    1.0164683    1.0025936   -6.1140731    273.58052   -6.1140731    1118.0389    1111.9249 
    7900        79000     371.1084     371.1084     371.1084    1.0558184 0.0038691051   0.97756651    1.0981961    1.0916927   -6.1640083    288.84817   -6.1640083    1180.4331    1174.2691 
    8000        80000    368.65299    368.65299    368.65299    1.0155086 0.0039469316   0.94902182    1.0570069     1.040497   -6.4264562    272.71496   -6.4264562    1114.5016    1108.0752 
    8100        81000    374.95895    374.95895    374.95895   0.99455541 0.0037511265   0.92246299    1.0249966    1.0362066   -6.2160533    279.70449   -6.2160533    1143.0657    1136.8497 
    8200        82000    377.62981    377.62981    377.62981    0.9652373 0.0036720963   0.90215321   0.99765479   0.99590391   -5.8789098    279.31794   -5.8789098     1141.486    1135.6071 
    8300        83000    368.11381    368.11381    368.11381   0.98669773 0.0039643006   0.91652268    1.0193185     1.024252   -6.1756576    265.22901   -6.1756576    1083.9089    1077.7332 
    8400        84000    369.56038    369.56038    369.56038    1.0053212   0.00391793    0.9339289    1.0395517    1.0424831   -6.4413514    271.68115   -6.4413514    1110.2768    1103.8355 
    8500        85000    373.00251    373.00251    373.00251    1.0257619 0.0038104618   0.95310093    1.0539987     1.070186   -6.8436109    285.70505   -6.8436109    1167.5881    1160.7445 
    8600        86000    371.46888    371.46888    371.46888   0.99118937 0.0038578522    0.9202436    1.0118366    1.0414879    -6.452266    272.82969    -6.452266    1114.9705    1108.5182 
    8700        87000     367.7257     367.7257     367.7257    1.0457572 0.0039768658   0.96628368    1.0772822    1.0937056   -6.3853749    279.49909   -6.3853749    1142.2263    1135.8409 
    8800        88000    372.59921    372.59921    372.59921   0.98471604 0.0038228485   0.91303594    1.0144033    1.0267088   -6.6723102     275.2208   -6.6723102    1124.7423    1118.0699 
    8900        89000    378.67233    378.67233    378.67233   0.93789725 0.0036418509    0.8757805   0.96001822   0.97789301    -6.284074    270.65847    -6.284074    1106.0974    1099.8133 
    9000        90000    369.97819    369.97819    369.97819    1.0119625 0.0039046718   0.94653493    1.0350375     1.054315     -7.65646    276.05649     -7.65646    1128.1575     1120.501 
    9100        91000    369.54302    369.54302    369.54302   0.99943411 0.0039184822   0.93045132    1.0296254    1.0382256   -5.7257075    270.56424   -5.7257075    1105.7123    1099.9866 
    9200        92000    372.81351    372.81351    372.81351   0.97164919 0.0038162602   0.90962356   0.99674202     1.008582    -6.144569    271.36823    -6.144569     1108.998    1102.8534 
    9300        93000    372.02172    372.02172    372.02172    1.0281193  0.003840679   0.95821873     1.057041    1.0690983   -7.4563572    285.54611   -7.4563572    1166.9386    1159.4823 
    9400        94000    367.06688    367.06688    367.06688   0.99942222 0.0039983177   0.93911878    1.0155907    1.0435572   -8.8468422    267.11696   -8.8468422    1091.6244    1082.7775 
    9500        95000    372.43525    372.43525    372.43525   0.97063759 0.0038278997    0.9156366   0.99023939    1.0060368   -4.9828267    269.87775   -4.9828267    1102.9069     1097.924 
    9600        96000    378.24831    378.24831    378.24831    0.9433756 0.0036541125   0.89255244   0.96030588   0.97726847    -4.400953    274.75885    -4.400953    1122.8544    1118.4534 
    9700        97000    369.76808    369.76808    369.76808   0.98037774 0.0039113315   0.92555153   0.99961428    1.0159674   -6.1761812    267.12101   -6.1761812    1091.6409    1085.4648 
    9800        98000    369.77157    369.77157    369.77157   0.94849961 0.0039112208   0.89777228   0.96059833   0.98712821   -6.8279267    258.31934   -6.8279267    1055.6712    1048.8433 
    9900        99000    373.12378    373.12378    373.12378   0.95772218 0.0038067478     0.901462   0.97616762   0.99553691   -7.2259187    268.70182   -7.2259187    1098.1012    1090.8753 
   10000       100000     372.2199     372.2199     372.2199    0.9795884 0.0038345474   0.92300803      1.00148    1.0142771   -6.7501383    271.56365   -6.7501383    1109.7966    1103.0465 
   10100       101000    367.48168    367.48168    367.48168    1.0397362 0.0039847932   0.98881303    1.0448251    1.0855705   -6.4860768    275.17663   -6.4860768    1124.5618    1118.0757 
   10200       102000    371.54949    371.54949    371.54949    1.0139249 0.0038553419   0.97764183    1.0244235    1.0397094   -4.7709135    275.55812   -4.7709135    1126.1208    1121.3499 
   10300       103000    378.44731    378.44731    378.44731   0.98179324  0.003648351   0.95139326   0.98724369    1.0067428   -4.4600323      286.315   -4.4600323    1170.0808    1165.6208 
   10400       104000    370.75115    370.75115    370.75115   0.98604738 0.0038803005   0.95764661   0.98979812    1.0106974   -6.4851769    269.90175   -6.4851769    1103.0049    1096.5198 
   10500       105000    370.59461    370.59461    370.59461   0.99089914 0.0038852198   0.96253456    1.0064687    1.0036942     -4.69658    270.15987     -4.69658    1104.0598    1099.3632 
   10600       106000    372.66842    372.66842    372.66842   0.96213349 0.0038207192   0.93815889   0.97264337   0.97559821   -5.1711318    268.02064   -5.1711318    1095.3174    1090.1463 
   10700       107000    371.50601    371.50601    371.50601   0.98303077 0.0038566955   0.96107492   0.99061084   0.99740656   -5.5983676     271.3085   -5.5983676    1108.7539    1103.1555 
   10800       108000    368.10677    368.10677    368.10677    1.0343889 0.0039645277    1.0102634    1.0434212    1.0494821   -6.6760384     277.8517   -6.6760384    1135.4939    1128.8179 
   10900       109000    373.59949    373.59949    373.59949   0.98861742 0.0037922248   0.96958417   0.99435987    1.0019082   -5.0408784    276.73626   -5.0408784    1130.9355    1125.8946 
   11000       110000    378.58111    378.58111    378.58111   0.97992809 0.0036444842   0.95562371   0.99169293   0.99246764   -4.0281539    284.30425   -4.0281539    1161.8635    1157.8354 
   11100       111000    370.02418    370.02418    370.02418    1.0145629 0.0039032158   0.99155485    1.0285052    1.0236287   -5.4789723    276.04209   -5.4789723    1128.0986    1122.6197 
   11200       112000    369.70827    369.70827    369.70827    1.0472153   0.00391323    1.0269588    1.0505171    1.0641701   -6.9500692    283.63178   -6.9500692    1159.1153    1152.1653 
   11300       113000    372.84662    372.84662    372.84662   0.99578519 0.0038152433   0.97146318    1.0059353    1.0099571   -5.2797936    276.93874   -5.2797936     1131.763    1126.4832 
   11400       114000    372.80727    372.80727    372.80727   0.96416874 0.0038164518   0.93773369   0.97988274    0.9748898    -5.063145    269.17254    -5.063145    1100.0249    1094.9617 
   11500       115000    368.00564    368.00564    368.00564    1.0162938 0.0039677973   0.98276532    1.0245904    1.0415255   -4.5682436    269.80096   -4.5682436     1102.593    1098.0248 
   11600       116000    369.98825    369.98825    369.98825   0.98638836 0.0039043531    0.9597752    1.0034623   0.99592763   -4.1135063    269.06441   -4.1135063     1099.583    1095.4695 
   11700       117000    378.52296    378.52296    378.52296   0.92504973 0.0036461641   0.89708912   0.93650316   0.94155691   -5.0241885    269.97467   -5.0241885    1103.3029    1098.2787 
   11800       118000    371.72645    371.72645    371.72645    1.0368881 0.0038498385    1.0042558    1.0551911    1.0512176   -4.5179916    283.63118   -4.5179916    1159.1129    1154.5949 
   11900       119000    369.61049    369.61049    369.61049    1.0095146 0.0039163366   0.98522124    1.0149372    1.0283854   -5.8430002    274.34579   -5.8430002    1121.1663    1115.3233 
   12000       120000    372.43876    372.43876    372.43876   0.96964996 0.0038277914   0.94695108   0.97585322   0.98614557   -5.0030474    269.32865   -5.0030474    1100.6629    1095.6598 
   12100       121000    372.21535    372.21535    372.21535   0.97888985  0.003834688   0.95569579   0.98462471   0.99634907   -5.5804849    270.86129   -5.5804849    1106.9263    1101.3458 
   12200       122000    366.93754    366.93754    366.93754    1.0269294 0.0040025472    1.0110758    1.0282626    1.0414497   -6.0047939    271.94741   -6.0047939    1111.3649    1105.3601 
   12300       123000    368.93095    368.93095    368.93095   0.99539326 0.0039380172   0.97357109    1.0012983    1.0113104   -5.5092672    268.50805   -5.5092672    1097.3093    1091.8001 
   12400       124000     377.4314     377.4314     377.4314   0.94186034 0.0036778907   0.93044801   0.93959679   0.95553621   -5.0906865    272.73961   -5.0906865    1114.6024    1109.5117 
   12500       125000    371.11285    371.11285    371.11285    1.0522386 0.0038689659    1.0384628    1.0490358    1.0692171    -5.025011    285.75401    -5.025011    1167.7882    1162.7632 
   12600       126000    369.74314    369.74314    369.74314    1.0021611 0.0039121232   0.98844336   0.99583006    1.0222098   -5.2792158     273.1221   -5.2792158    1116.1655    1110.8863 
   12700       127000    372.73734    372.73734    372.73734     0.990974    0.0038186   0.99738774   0.97976922   0.99576504   -3.6701365    273.12656   -3.6701365    1116.1838    1112.5136 
   12800       128000    374.72334    374.72334    374.72334   0.95783855 0.0037582068    0.9479408   0.96081489   0.96475996   -3.0419321    268.03244   -3.0419321    1095.3656    1092.3237 
   12900       129000    367.68622    367.68622    367.68622   0.99931741  0.003978147   0.99836866   0.99740178    1.0021818   -4.7320921    266.59208   -4.7320921    1089.4793    1084.7473 
   13000       130000    367.98832    367.98832    367.98832    1.0280079 0.0039683573    1.0193744     1.031615    1.0330344      -4.3881     273.9741      -4.3881    1119.6474    1115.2593 
   13100       131000    375.72749    375.72749    375.72749   0.99256376 0.0037281551   0.98393939   0.98820682    1.0055451   -5.1605217    284.29683   -5.1605217    1161.8332    1156.6727 
   13200       132000    372.35001    372.35001    372.35001    1.0216497 0.0038305291    1.0119165    1.0230369    1.0299957   -6.1979707    284.07468   -6.1979707    1160.9253    1154.7273 
   13300       133000    370.86654    370.86654    370.86654   0.96732446 0.0038766798   0.95765734   0.96697331   0.97734273   -6.3521732    265.58328   -6.3521732    1085.3567    1079.0045 
   13400       134000    371.57087    371.57087    371.57087   0.97450104 0.0038546762   0.98141183     0.966468   0.97562329   -5.2274156    267.92443   -5.2274156    1094.9242    1089.6968 
   13500       135000    371.83842    371.83842    371.83842    0.9979406 0.0038463616   0.99390879   0.99417753    1.0057355   -4.6351735    276.53792   -4.6351735    1130.1249    1125.4897 
   13600       136000    371.04413    371.04413    371.04413    1.0467104  0.003871116    1.0365593    1.0450573    1.0585145   -4.0875435    287.29069   -4.0875435    1174.0682    1169.9806 
   13700       137000    371.22534    371.22534    371.22534   0.98690878 0.0038654497   0.97628932   0.99412044   0.99031658   -3.5935265    269.74472   -3.5935265    1102.3632    1098.7697 
   13800       138000    373.32224    373.32224    373.32224   0.97129305 0.0038006799   0.96423578   0.97237426   0.97726911   -4.1842268    271.74453   -4.1842268    1110.5358    1106.3516 
   13900       139000    372.51646    372.51646    372.51646   0.99195583 0.0038253968   0.98370113   0.99130813    1.0008582   -4.2253792     276.3259   -4.2253792    1129.2585    1125.0331 
   14000       140000    367.04726    367.04726    367.04726    1.0651838 0.0039989588    1.0566261    1.0661907    1.0727345   -5.1032072    282.65423   -5.1032072    1155.1204    1150.0172 
   14100       141000    372.32338    372.32338    372.32338   0.99430791 0.0038313511   0.97748985   0.98640259    1.0190313   -4.3375489    274.50175   -4.3375489    1121.8037    1117.4661 
   14200       142000    376.93132    376.93132    376.93132   0.97304245 0.0036925487   0.95490151   0.97623051   0.98799533   -4.3315795    279.07813   -4.3315795     1140.506    1136.1744 
   14300       143000    371.90486    371.90486    371.90486     1.026862 0.0038443006    1.0132289    1.0209839    1.0463731   -4.0369904    284.15676   -4.0369904    1161.2608    1157.2238 
   14400       144000    370.62013    370.62013    370.62013    1.0294119 0.0038844172    1.0119972    1.0257955    1.0504431   -4.6502431    281.43006   -4.6502431    1150.1176    1145.4673 
   14500       145000      371.904      371.904      371.904    1.0291152 0.0038443272    1.0090508    1.0280981    1.0501967   -4.3864132    284.15744   -4.3864132    1161.2635    1156.8771 
   14600       146000    373.32501    373.32501    373.32501    1.0074453 0.0038005953    0.9883839    1.0061927    1.0277593   -4.5256228    281.49153   -4.5256228    1150.3688    1145.8431 
   14700       147000     373.1225     373.1225     373.1225    1.0011991 0.0038067871   0.98767696    1.0062686    1.0096517   -3.8918732    279.22938   -3.8918732    1141.1241    1137.2322 
   14800       148000    367.83378    367.83378    367.83378   0.97463145 0.0039733612   0.95902659   0.97633429   0.98853346   -4.3058609    261.71171   -4.3058609    1069.5348    1065.2289 
   14900       149000    370.82822    370.82822    370.82822    1.0422506 0.0038778817      1.01815    1.0229369    1.0856648     -2.19156     280.8978     -2.19156    1147.9424    1145.7508 
   15000       150000    378.77478    378.77478    378.77478   0.95256892 0.0036388968   0.93851551   0.95423278   0.96495847   -5.7603037    277.02617   -5.7603037    1132.1202    1126.3599 
   15100       151000    371.86681    371.86681    371.86681     1.006351 0.0038454807    1.0021389    1.0071085    1.0098055   -5.3267558    274.97318   -5.3267558    1123.7303    1118.4035 
   15200       152000     370.3573     370.3573     370.3573    1.0010045 0.0038926932   0.99693393    1.0065449   0.99953479   -5.4115671    272.91313   -5.4115671    1115.3115    1109.8999 
   15300       153000      372.732      372.732      372.732   0.97066673 0.0038187643   0.97532366   0.97552365   0.96115289   -5.3511734    270.52726   -5.3511734    1105.5612      1100.21 
   15400       154000    373.16154    373.16154    373.16154   0.94167657 0.0038055923   0.94315168   0.94646992   0.93540813   -4.6236456    261.64879   -4.6236456    1069.2777     1064.654 
   15500       155000    366.30085    366.30085    366.30085    1.0268149 0.0040234547    1.0255188    1.0328123    1.0221136   -5.6066858    272.33637   -5.6066858    1112.9545    1107.3478 
   15600       156000    368.34734    368.34734    368.34734    1.0265554 0.0039567652    1.0264399    1.0355419    1.0176845   -6.6116923    275.25506   -6.6116923    1124.8823    1118.2706 
   15700       157000    376.03027    376.03027    376.03027   0.90693245 0.0037191566   0.90668695   0.91031631   0.90379408   -6.9812779    259.31424   -6.9812779     1059.737    1052.7558 
   15800       158000     372.1679     372.1679     372.1679    1.0128167 0.0038361549    0.9986198    1.0245054     1.015325   -5.2934279    280.85136   -5.2934279    1147.7526    1142.4592 
   15900       159000    367.93589    367.93589    367.93589    1.0597137  0.003970054    1.0521834    1.0582568     1.068701   -2.8645295    280.84936   -2.8645295    1147.7444    1144.8799 
   16000       160000    373.21675    373.21675    373.21675   0.98083153 0.0038039037   0.97952866   0.98648111   0.97648481   -4.0146329    273.87328   -4.0146329    1119.2354    1115.2207 
   16100       161000    378.15048    378.15048    378.15048   0.92238584 0.0036569491   0.92160115   0.92356678    0.9219896   -4.3306983    268.47633   -4.3306983    1097.1797     1092.849 
   16200       162000    367.09244    367.09244    367.09244    1.0458478 0.0039974824    1.0501127    1.0422382    1.0451925   -5.1816252    278.62195   -5.1816252    1138.6417    1133.4601 
   16300       163000    369.03108    369.03108    369.03108     1.037369 0.0039348125    1.0458906    1.0343472    1.0318693   -4.8138481    280.43757   -4.8138481    1146.0616    1141.2477 
   16400       164000    374.28715    374.28715    374.28715   0.99850504 0.0037713614   0.99920588     1.001419   0.99489019   -4.3458727    280.89643   -4.3458727    1147.9368    1143.5909 
   16500       165000    371.66594    371.66594    371.66594   0.97900346 0.0038517191    0.9972864   0.96740671   0.97231728    -4.688515    267.65513    -4.688515    1093.8237    1089.1352 
   16600       166000     366.0518     366.0518     366.0518    1.0251134 0.0040316725    1.0445757    1.0212969    1.0094676   -3.9003011    268.84477   -3.9003011    1098.6854    1094.7851 
   16700       167000    366.01328    366.01328    366.01328    1.0227798 0.0040329455    1.0396151    1.0210756    1.0076487   -3.8600333    269.81228   -3.8600333    1102.6393    1098.7793 
   16800       168000    376.15235    376.15235    376.15235   0.97984146 0.0037155365   0.99439016   0.98147625   0.96365796   -4.4494368    279.48258   -4.4494368    1142.1588    1137.7094 
   16900       169000    372.78276    372.78276    372.78276    1.0374329 0.0038172044    1.0712407    1.0273195    1.0137384    -4.464502    287.01324    -4.464502    1172.9343    1168.4698 
   17000       170000    368.59591    368.59591    368.59591     1.000107 0.0039487655    1.0176209    0.9989219   0.98377806   -4.3491246    270.39964   -4.3491246    1105.0397    1100.6905 
   17100       171000    371.57673    371.57673    371.57673    1.0292844 0.0038544938    1.0610243    1.0204348    1.0063941   -3.7001202    283.05352   -3.7001202    1156.7521     1153.052 
   17200       172000    376.17304    376.17304    376.17304   0.93579829 0.0037149235   0.95766543   0.92883786   0.92089157   -3.7490734    268.35559   -3.7490734    1096.6863    1092.9372 
   17300       173000     367.8368     367.8368     367.8368   0.96593049 0.0039732635   0.99104443   0.95887332   0.94787373   -4.6264887    259.49198   -4.6264887    1060.4634     1055.837 
   17400       174000    365.83996    365.83996    365.83996     1.061546 0.0040386801    1.0847535    1.0539265    1.0459581   -5.2693047    279.37595   -5.2693047    1141.7231    1136.4538 
   17500       175000    373.20831    373.20831    373.20831   0.99682362 0.0038041619     1.014519   0.99542725   0.98052461   -4.7630306    279.28109   -4.7630306    1141.3354    1136.5724 
   17600       176000    372.97975    372.97975    372.97975   0.98295455 0.0038111597   0.99902136    0.9780141   0.97182818   -4.5936579    274.42414   -4.5936579    1121.4865    1116.8929 
   17700       177000     369.8768     369.8768     369.8768    1.0568043 0.0039078837    1.0786897    1.0474875    1.0442358   -4.6124251    286.78915   -4.6124251    1172.0185    1167.4061 
   17800       178000    371.00788    371.00788    371.00788   0.98412732 0.0038722509   0.99463801    0.9744526   0.98329134   -3.4405024    267.54523   -3.4405024    1093.3746    1089.9341 
   17900       179000    376.20697    376.20697    376.20697   0.94699825 0.0037139186   0.95688917   0.94402694   0.94007863   -4.4487827    271.47274   -4.4487827    1109.4251    1104.9763 
   18000       180000     370.5065     370.5065     370.5065    1.0286805 0.0038879923    1.0355087      1.02258    1.0279528   -4.1528247    282.19368   -4.1528247    1153.2382    1149.0854 
   18100       181000    365.40944    365.40944    365.40944    1.0939564  0.004052972    1.0986021    1.0830134    1.1002538   -3.7705579    285.87855   -3.7705579    1168.2972    1164.5266 
   18200       182000    370.11855    370.11855    370.11855    1.0149805  0.003900231    1.0090806    1.0112874    1.0245734    -3.147072    274.49752    -3.147072    1121.7864    1118.6394 
   18300       183000    373.00869    373.00869    373.00869   0.95853282 0.0038102724   0.96251696     0.950509   0.96257251    -4.953335    265.84354    -4.953335    1086.4203     1081.467 
   18400       184000    372.45902    372.45902    372.45902    1.0041374  0.003827167    1.0156989   0.99351411    1.0031992   -5.2802945    279.41914   -5.2802945    1141.8995    1136.6193 
   18500       185000     366.0648     366.0648     366.0648    1.0263054 0.0040312431    1.0409785    1.0081696    1.0297683   -4.7410926     268.8861   -4.7410926    1098.8543    1094.1132 
   18600       186000    369.83654    369.83654    369.83654    1.0389892 0.0039091598    1.0444902    1.0282603    1.0442172   -5.6128456    282.81242   -5.6128456    1155.7668     1150.154 
   18700       187000    376.91329    376.91329    376.91329   0.93338565 0.0036930785   0.94093625   0.91955156   0.93966914   -4.5041923    269.70694   -4.5041923    1102.2088    1097.7046 
   18800       188000    369.82271    369.82271    369.82271    1.0376364 0.0039095985     1.043971     1.025787    1.0431511   -4.0363847    282.65207   -4.0363847    1155.1116    1151.0752 
   18900       189000    367.85349    367.85349    367.85349    1.0587743 0.0039727226    1.0636389    1.0479145    1.0647695   -5.4162581    282.99051   -5.4162581    1156.4947    1151.0784 
   19000       190000     374.4317     374.4317     374.4317   0.95569665 0.0037669951   0.96324175   0.93992396   0.96392424   -5.1893701    270.00533   -5.1893701    1103.4282    1098.2389 
   19100       191000    373.42385    373.42385    373.42385    1.0283134 0.0037975784    1.0338411    1.0097834    1.0413157   -4.3693259    285.87781   -4.3693259    1168.2942    1163.9248 
   19200       192000    364.22868    364.22868    364.22868    1.0118944 0.0040925169    1.0231895    1.0007234    1.0117704    -4.431494    263.40173    -4.431494    1076.4414    1072.0099 
   19300       193000    369.39514    369.39514    369.39514    1.0378565 0.0039231901    1.0500655    1.0208845    1.0426196    -4.520251    281.36491    -4.520251    1149.8513    1145.3311 
   19400       194000    374.54016    374.54016    374.54016   0.99268663 0.0037637234    1.0084135   0.98119864   0.98844779   -4.3588147    280.70319   -4.3588147    1147.1471    1142.7883 
   19500       195000    371.01772    371.01772    371.01772   0.97257251 0.0038719429   0.99361802   0.95459092    0.9695086   -5.0025181    265.35453   -5.0025181    1084.4219    1079.4194 
   19600       196000    369.40837    369.40837    369.40837   0.99485014 0.0039227688    1.0104489   0.97464277   0.99945873   -5.0292924    266.57252   -5.0292924    1089.3994    1084.3701 
   19700       197000    377.01054    377.01054    377.01054    0.9635844 0.0036902213   0.98242777    0.9586347   0.94969072   -5.1427864    275.38653   -5.1427864    1125.4195    1120.2768 
   19800       198000    379.98866    379.98866    379.98866    0.9196724 0.0036041344    0.9553113   0.90037466   0.90333123   -3.7771614    268.84566   -3.7771614     1098.689    1094.9119 
   19900       199000    370.50448    370.50448    370.50448    1.0328111 0.0038880559    1.0628598    1.0120345     1.023539   -4.9162966    283.07055   -4.9162966    1156.8218    1151.9055 
   20000       200000    371.10682    371.10682    371.10682    1.0006781 0.0038691546    1.0163524   0.98850555   0.99717631    -4.543838    273.44102    -4.543838    1117.4688     1112.925 
Loop time of 4.38768 on 4 procs for 20000 steps with 1372 atoms

Performance: 3938.296 ns/day, 0.006 hours/ns, 4558.213 timesteps/s
88.3% CPU use with 4 MPI tasks x no OpenMP threads

MPI task timing breakdown:
Section |  min time  |  avg time  |  max time  |%varavg| %total
---------------------------------------------------------------
Pair    | 0.48292    | 0.51417    | 0.55509    |   3.7 | 11.72
Neigh   | 0.36227    | 0.36812    | 0.37805    |   1.0 |  8.39
Comm    | 0.47192    | 0.53121    | 0.55868    |   4.8 | 12.11
Output  | 2.093      | 2.0934     | 2.0942     |   0.0 | 47.71
Modify  | 0.82236    | 0.83103    | 0.83899    |   0.8 | 18.94
Other   |            | 0.04978    |            |       |  1.13

Nlocal:    343 ave 351 max 338 min
Histogram: 1 1 0 1 0 0 0 0 0 1
Nghost:    155.75 ave 168 max 145 min
Histogram: 1 0 0 1 1 0 0 0 0 1
Neighs:    51.5 ave 58 max 44 min
Histogram: 1 0 0 0 1 0 0 1 0 1

Total # of neighbors = 206
Ave neighs/atom = 0.150146
Neighbor list builds = 1906
Dangerous builds = 1424

# the regular input script for finding the equilibrium state ends here

###############################################################################################
# the following lines just indicate possible further production step after the equilibration
###############################################################################################

# for removing fix 1
#unfix 1

# for removing the dump 1 command
#undump 1

# change the log file name
#log production.log

# enforcing another ensemble or the same for the production step
#fix 1 all nvt temp 180 180 100

# reset time step to zero
#reset_timestep 0

# set new time step
#timestep 5

# run more steps
#run 1000000

variable   natoms equal "count(all)"
print   "NUmber of atoms = ${natoms};"
NUmber of atoms = 1372;
quit
