run 20000
Neighbor list info ...
  1 neighbor list requests
  update every 1 steps, delay 10 steps, check yes
  max neighbors/atom: 2000, page size: 100000
  master list distance cutoff = 14
  ghost atom cutoff = 14
  binsize = 7 -> bins = 6 6 6
Memory usage per processor = 3.58969 Mbytes
Step Time Lx Ly Lz Press Density Pxx Pyy Pzz PotEng Temp PotEng KinEng TotEng 
       0            0         35.4         35.4         35.4   -1842.3857    2.8071313   -1850.7132    -1839.491   -1836.9528   -2192.9607       275.15   -2192.9607    707.80661   -1485.1541 
     100         1000    35.974288    35.974288    35.974288    38.720526    2.6748283    15.894397   -2.7438775    103.01106   -1814.6571    123.15047   -1814.6571    316.79707     -1497.86 
     200         2000    36.369587    36.369587    36.369587   -6.9560472     2.588555   -31.271183    115.89776   -105.49472   -1743.4308    137.19329   -1743.4308    352.92139   -1390.5094 
     300         3000    36.947501    36.947501    36.947501   -47.845056    2.4689785   -58.304852   -7.8320902   -77.398227   -1640.4668    146.83162   -1640.4668    377.71539   -1262.7514 
     400         4000    37.672054    37.672054    37.672054     80.03128     2.329242    46.435214    87.585699    106.07293   -1511.8735    151.76061   -1511.8735    390.39492   -1121.4786 
     500         5000    38.604088    38.604088    38.604088    24.608812    2.1645749    38.164639    54.350437    -18.68864   -1392.0988     164.1091   -1392.0988    422.16065   -969.93817 
     600         6000    39.556841    39.556841    39.556841    57.794268    2.0119061     83.04501    7.0403984    83.297395   -1272.7312    181.16785   -1272.7312    466.04326   -806.68799 
     700         7000    40.966873    40.966873    40.966873    50.152859     1.811232     49.26266   -17.205865    118.40178   -1132.3902    192.82467   -1132.3902    496.02973   -636.36049 
     800         8000    42.496826    42.496826    42.496826    86.562118    1.6225685    134.26173    21.190108    104.23451   -1003.1742    210.82619   -1003.1742    542.33753    -460.8367 
     900         9000    44.589455    44.589455    44.589455    88.604555    1.4046756    92.429411     102.7749    70.609349   -857.45506    220.29259   -857.45506    566.68927   -290.76579 
    1000        10000    47.027347    47.027347    47.027347     55.18251    1.1973499    34.730948    51.514833    79.301748   -723.44925    231.84658   -723.44925     596.4112   -127.03806 
    1100        11000    49.757815    49.757815    49.757815    68.440881    1.0108544    35.842653    76.077921     93.40207   -625.46812    253.07203   -625.46812    651.01238    25.544267 
    1200        12000    53.559739    53.559739    53.559739    89.717042   0.81050775    94.598566    69.963063     104.5895    -509.6718    252.78263    -509.6718    650.26791    140.59611 
    1300        13000    57.786547    57.786547    57.786547    98.322664    0.6453455     88.57989    108.64779    97.740308   -410.72468    253.57737   -410.72468    652.31234    241.58766 
    1400        14000    62.505419    62.505419    62.505419    83.517484   0.50994051     107.3002    78.757799    64.494458   -329.73501    256.19995   -329.73501    659.05875    329.32375 
    1500        15000    67.903781    67.903781    67.903781    65.748253   0.39773211    62.502232    70.850616     63.89191   -268.76339    260.04709   -268.76339     668.9553    400.19191 
    1600        16000    73.925195    73.925195    73.925195    57.177035   0.30824433    61.278103    60.429671    49.823331   -219.99036    262.47565   -219.99036    675.20263    455.21227 
    1700        17000    80.656191    80.656191    80.656191    44.114222   0.23733369    46.229407    41.698319    44.414939   -172.33724    259.83112   -172.33724    668.39971    496.06247 
    1800        18000    87.860097    87.860097    87.860097     38.41186   0.18361049    40.906643    36.127138    38.201798   -137.46258    262.80475   -137.46258    676.04921    538.58663 
    1900        19000    95.919421    95.919421    95.919421    30.722083    0.1411084    34.026938    27.755226    30.384084   -110.00482    262.62977   -110.00482    675.59909    565.59428 
    2000        20000     104.6972     104.6972     104.6972    23.961598   0.10850938    23.995962    23.570599    24.318234   -87.643202    262.40263   -87.643202    675.01477    587.37157 
    2100        21000    114.12897    114.12897    114.12897    19.305931  0.083769289    20.605608    17.779926    19.532258   -69.347322     263.4558   -69.347322      677.724    608.37668 
    2200        22000    124.37002    124.37002    124.37002    15.149182  0.064732951    16.088047    13.904609    15.454889   -53.471858    263.69652   -53.471858    678.34324    624.87138 
    2300        23000    135.61909    135.61909    135.61909    11.641078  0.049924076    12.375214    11.261557    11.286464   -46.303458    263.99771   -46.303458    679.11803    632.81457 
    2400        24000    147.59834    147.59834    147.59834    9.0020782  0.038728271    9.3108135    8.5228603    9.1725609   -37.909631    264.43746   -37.909631    680.24925    642.33962 
    2500        25000    160.41226    160.41226    160.41226    7.1168897  0.030168925    7.4877486    6.7501692    7.1127514   -27.920511    264.41493   -27.920511     680.1913    652.27079 
    2600        26000     174.1114     174.1114     174.1114    5.7896977  0.023593418    5.8195005    5.5309886     6.018604    -23.55746    265.40691    -23.55746    682.74311    659.18565 
    2700        27000    188.33112    188.33112    188.33112    4.4965119  0.018642591    4.5993689    4.3290847    4.5610823   -16.458931    266.36066   -16.458931    685.19656    668.73763 
    2800        28000    203.20831    203.20831    203.20831     3.643248  0.014840485    3.7457663    3.4643436    3.7196341   -15.423265    268.79696   -15.423265    691.46379    676.04053 
    2900        29000    218.56038    218.56038    218.56038    2.9545294  0.011927741    3.0201303    2.8545336    2.9889243   -13.796864    269.31626   -13.796864    692.79968    679.00282 
    3000        30000     233.9461     233.9461     233.9461    2.4220138 0.0097257944    2.4745041    2.3703647    2.4211724   -9.8523205    269.73577   -9.8523205    693.87885    684.02653 
    3100        31000    249.28322    249.28322    249.28322    2.0329655 0.0080388399    2.0697207    1.9719344    2.0572413   -7.9443314    271.40023   -7.9443314    698.16056    690.21622 
    3200        32000    264.14255    264.14255    264.14255    1.7182733 0.0067570545    1.7627323    1.6764899    1.7155976   -7.3494021    273.49184   -7.3494021     703.5411     696.1917 
    3300        33000    278.01257    278.01257    278.01257    1.4811141 0.0057953442    1.5170168    1.4443603    1.4819654   -6.2353201    275.06359   -6.2353201    707.58433    701.34901 
    3400        34000    290.26887    290.26887    290.26887    1.3163884 0.0050917977    1.3607625    1.2875026    1.3009003    -6.707563    276.94585    -6.707563    712.42633    705.71877 
    3500        35000    300.83205    300.83205    300.83205     1.195188 0.0045740426    1.2174699    1.1854708    1.1826231   -5.4936871    276.53924   -5.4936871    711.38034    705.88665 
    3600        36000    308.94765    308.94765    308.94765    1.0929367 0.0042229684    1.1164322    1.0738992    1.0884789   -4.7581252    277.07492   -4.7581252    712.75836    708.00023 
    3700        37000    314.81083    314.81083    314.81083    1.0428123  0.003991384    1.0701796    1.0244647    1.0337927   -4.1892847    277.68043   -4.1892847    714.31598    710.12669 
    3800        38000    318.08503    318.08503    318.08503    1.0145641 0.0038693929    1.0463632   0.98496387    1.0123651   -3.9064588    278.02671   -3.9064588    715.20678    711.30033 
    3900        39000    319.63763    319.63763    319.63763   0.99062322 0.0038132811    1.0087595   0.97340953    0.9897006   -4.1077444    276.22476   -4.1077444    710.57137    706.46363 
    4000        40000    318.78316    318.78316    318.78316   0.99003042 0.0038440267    1.0051319   0.97576433   0.98919501    -3.083126    275.61705    -3.083126    709.00808    705.92495 
    4100        41000    317.15788    317.15788    317.15788    1.0114614 0.0039034264    1.0284189   0.99264685    1.0133183   -3.4651188    275.55506   -3.4651188     708.8486    705.38348 
    4200        42000    318.19958    318.19958    318.19958   0.99634233 0.0038652155    1.0193033   0.98433609   0.98538753   -3.0867343    270.71068   -3.0867343    696.38673        693.3 
    4300        43000    317.66638    317.66638    317.66638    1.0108362 0.0038847115    1.0255057   0.98484108    1.0221619   -3.5722012    275.70313   -3.5722012    709.22951    705.65731 
    4400        44000    315.08841    315.08841    315.08841    1.0553761 0.0039808447    1.0828819    1.0235108    1.0597355   -4.1733032    282.56951   -4.1733032    726.89285    722.71955 
    4500        45000    327.02963    327.02963    327.02963   0.86573854 0.0035605019   0.88551442   0.84289891   0.86880228   -4.3205713    258.57341   -4.3205713    665.16435    660.84378 
    4600        46000    318.26127    318.26127    318.26127    1.0446726 0.0038629682    1.0747481    1.0111879    1.0480818   -4.0472182    288.11417   -4.0472182    741.15615    737.10893 
    4700        47000    321.04983    321.04983    321.04983   0.99767463 0.0037631817    1.0304963    0.9651311   0.99739645   -2.7245675     280.2163   -2.7245675    720.83935    718.11478 
    4800        48000    320.23486    320.23486    320.23486   0.95569679 0.0037919857   0.98488928   0.92874111      0.95346   -3.1180811    269.22324   -3.1180811    692.56039    689.44231 
    4900        49000     314.1984     314.1984     314.1984    1.0477193 0.0040147694    1.0708859    1.0181158    1.0541562   -2.0152719     275.0651   -2.0152719    707.58822    705.57295 
    5000        50000    317.55159    317.55159    317.55159   0.97898011 0.0038889257    1.0082739   0.94901582   0.97965061   -2.6270178    268.68644   -2.6270178     691.1795    688.55248 
    5100        51000    318.34157    318.34157    318.34157    1.0239726 0.0038600457    1.0599117   0.99500579    1.0170003   -3.0352923    276.24044   -3.0352923    710.61171    707.57641 
    5200        52000    321.90228    321.90228    321.90228   0.97629541 0.0037333644    1.0064238   0.94009375    0.9823687   -4.3410009    278.65977   -4.3410009    716.83529    712.49428 
    5300        53000    325.28684    325.28684    325.28684   0.93461754 0.0036180374   0.96573408   0.90586265   0.93225589   -3.0615294    275.64256   -3.0615294    709.07369    706.01216 
    5400        54000    314.81457    314.81457    314.81457    1.0943398 0.0039912419    1.1299924     1.058527    1.0944999   -2.3773878    289.62289   -2.3773878    745.03723    742.65984 
    5500        55000    319.57803    319.57803    319.57803   0.93784754 0.0038154148   0.96219791   0.90633259   0.94501213   -3.4992953     261.7492   -3.4992953    673.33386    669.83456 
    5600        56000    313.42124    313.42124    313.42124    1.0432118 0.0040447085    1.0741117    1.0089025    1.0466213   -3.1627035     272.9144   -3.1627035    702.05567    698.89297 
    5700        57000    316.50784    316.50784    316.50784    1.0133245 0.0039275264    1.0471504   0.97504354    1.0177796   -3.2743133    275.61921   -3.2743133    709.01363    705.73932 
    5800        58000    321.18998    321.18998    321.18998   0.96872585 0.0037582578    1.0024443   0.92910074   0.97463249   -2.6588318    275.27707   -2.6588318     708.1335    705.47466 
    5900        59000    319.44189    319.44189    319.44189    1.0170376 0.0038202952    1.0522855   0.97708622    1.0217412   -3.2776727    284.47694   -3.2776727    731.79959    728.52191 
    6000        60000    322.65393    322.65393    322.65393   0.94320803 0.0037073333   0.96848833   0.91406999   0.94706577   -2.7672307    270.77107   -2.7672307    696.54207    693.77484 
    6100        61000    314.26872    314.26872    314.26872    1.0630718 0.0040120751    1.0881101    1.0268367    1.0742685    -2.823825    280.38554    -2.823825    721.27472     718.4509 
    6200        62000    315.45387    315.45387    315.45387    1.0041781 0.0039670249    1.0416496   0.98348649   0.98739832   -2.4027642    267.60789   -2.4027642    688.40499    686.00223 
    6300        63000    317.70146    317.70146    317.70146   0.99194536 0.0038834246    1.0053094   0.97025381    1.0002728   -2.4776991    265.76901   -2.4776991    683.67458    681.19688 
    6400        64000    316.22471    316.22471    316.22471     1.056431 0.0039380851    1.0791634    1.0390161    1.0511135   -3.9351142    283.06541   -3.9351142    728.16851     724.2334 
    6500        65000    324.46101    324.46101    324.46101   0.92698711 0.0036457339   0.94616292   0.91206627   0.92273214   -3.5039257    271.87704   -3.5039257    699.38713     695.8832 
    6600        66000     318.9591     318.9591     318.9591    1.0346649 0.0038376692    1.0567135    1.0163865    1.0308947   -3.1504348    287.90373   -3.1504348    740.61482    737.46438 
    6700        67000    320.82188    320.82188    320.82188   0.95537347 0.0037712089   0.97349332   0.94350315   0.94912394   -2.7793667    270.36581   -2.7793667    695.49958    692.72021 
    6800        68000    314.50192    314.50192    314.50192    1.0198011 0.0040031568    1.0390192    1.0071111    1.0132731   -3.7176733     272.6372   -3.7176733    701.34258    697.62491 
    6900        69000    313.73862    313.73862    313.73862    1.0372501 0.0040324462    1.0632158    1.0112937    1.0372409   -3.8238953    273.34303   -3.8238953     703.1583     699.3344 
    7000        70000    318.71025    318.71025    318.71025   0.97363481 0.0038466655    0.9981044   0.94923183    0.9735682   -3.1857823     269.8912   -3.1857823    694.27867    691.09289 
    7100        71000    319.84651    319.84651    319.84651    1.0254806 0.0038058151    1.0452923   0.99953976    1.0316097   -4.3029463    288.31295   -4.3029463     741.6675    737.36455 
    7200        72000    325.68845    325.68845    325.68845   0.92699088 0.0036046695   0.94640022   0.90399863   0.93057378   -4.9322034    273.55818   -4.9322034    703.71176    698.77955 
    7300        73000    316.97674    316.97674    316.97674    1.0312076 0.0039101223    1.0589258    1.0019223    1.0327747    -3.816333    281.44059    -3.816333    723.98878    720.17245 
    7400        74000    315.48929    315.48929    315.48929   0.99023012 0.0039656889    1.0177416    0.9630333   0.98991547   -2.0242619    266.13093   -2.0242619    684.60561    682.58135 
    7500        75000    314.25371    314.25371    314.25371    1.0084445   0.00401265    1.0327933   0.98187745    1.0106626   -2.4920944    268.38404   -2.4920944    690.40158    687.90949 
    7600        76000    316.23924    316.23924    316.23924    1.0026561 0.0039375426    1.0272111   0.97760123     1.003156   -3.3038317    271.39291   -3.3038317    698.14172    694.83789 
    7700        77000    323.48316    323.48316    323.48316   0.93541702 0.0036788958   0.95670036   0.91544783   0.93410286   -3.3768759     270.1503   -3.3768759    694.94519    691.56832 
    7800        78000    316.74306    316.74306    316.74306    1.0634238 0.0039187827     1.084062    1.0436415     1.062568    -3.416444    290.36899    -3.416444    746.95653    743.54008 
    7900        79000    321.29843    321.29843    321.29843   0.95530021 0.0037544534   0.97756186   0.93181767    0.9565211   -3.1095478    271.01224   -3.1095478    697.16248    694.05293 
    8000        80000     319.7319     319.7319     319.7319   0.97984671 0.0038099091    1.0073535   0.95897009   0.97321656   -2.9586628    274.07645   -2.9586628    705.04496     702.0863 
    8100        81000    315.66019    315.66019    315.66019    1.0454643 0.0039592515    1.0719146    1.0188858    1.0455926   -3.0431238    281.26004   -3.0431238    723.52431    720.48119 
    8200        82000    320.22449    320.22449    320.22449   0.94410337 0.0037923543   0.97274242   0.91671521   0.94285248   -3.8969302    264.10115   -3.8969302    679.38413     675.4872 
    8300        83000    313.54259    313.54259    313.54259    1.0527607 0.0040400141    1.0714574    1.0336702    1.0531546   -3.9337253    278.41552   -3.9337253    716.20697    712.27325 
    8400        84000    319.39934    319.39934    319.39934    1.0066614 0.0038218222    1.0145012   0.97814698    1.0273361   -2.5045901    278.12672   -2.5045901    715.46404    712.95945 
    8500        85000    322.44757    322.44757    322.44757   0.97278521 0.0037144558   0.99127765   0.95184638    0.9752316   -2.5830104    278.83839   -2.5830104    717.29478    714.71177 
    8600        86000    319.91821    319.91821    319.91821    1.0140546 0.0038032568    1.0294372   0.99822389    1.0145028   -2.3963374    283.37567   -2.3963374    728.96664    726.57031 
    8700        87000    319.32606    319.32606    319.32606   0.96478735  0.003824454   0.97633348   0.95110584   0.96692274   -2.0622893    267.68088   -2.0622893    688.59274    686.53045 
    8800        88000    311.27357    311.27357    311.27357    1.0732443 0.0041290086    1.0806643    1.0598335    1.0792351   -3.4284915    276.51631   -3.4284915    711.32135    707.89286 
    8900        89000    317.49121    317.49121    317.49121   0.96037545 0.0038911447   0.96252192   0.95608107   0.96252336   -3.8977069    264.21634   -3.8977069    679.68044    675.78273 
    9000        90000    319.69942    319.69942    319.69942    1.0124907 0.0038110703    1.0156385    1.0045585     1.017275   -2.6755961      283.798   -2.6755961    730.05307    727.37747 
    9100        91000    323.09411    323.09411    323.09411   0.97258695 0.0036922014   0.97564321   0.96379515    0.9783225   -3.0138278    279.95962   -3.0138278    720.17906    717.16523 
    9200        92000    321.04485    321.04485    321.04485   0.97230217 0.0037633569   0.97895987   0.96398565   0.97396099   -3.3056846     275.7551   -3.3056846    709.36318     706.0575 
    9300        93000    313.71611    313.71611    313.71611    1.0442985 0.0040333143    1.0499093    1.0255612    1.0574251   -4.5071927     275.8903   -4.5071927      709.711    705.20381 
    9400        94000    316.77482    316.77482    316.77482   0.96991368 0.0039176041   0.98502955   0.95699008   0.96772142   -3.9260517    262.82553   -3.9260517    676.10265     672.1766 
    9500        95000    314.23811    314.23811    314.23811    1.0393805 0.0040132477    1.0595533    1.0237125    1.0348758   -3.4702107    276.34961   -3.4702107    710.89255    707.42234 
    9600        96000    321.22333    321.22333    321.22333   0.97547072 0.0037570873    1.0323788   0.94565641     0.948377   -1.3099526    267.87249   -1.3099526    689.08565    687.77569 
    9700        97000    320.70453    320.70453    320.70453   0.98100917   0.00377535   0.99279664   0.97113791   0.97909298   -3.0785201    277.74731   -3.0785201    714.48802     711.4095 
    9800        98000    316.96212    316.96212    316.96212      1.04426 0.0039106632    1.0548444    1.0485827    1.0293529   -2.5724781    282.52906   -2.5724781     726.7888    724.21633 
    9900        99000     320.2079     320.2079     320.2079   0.96809709 0.0037929436   0.97826685   0.96432453   0.96169988   -2.9229178    269.70191   -2.9229178    693.79174    690.86882 
   10000       100000    316.96379    316.96379    316.96379    1.0233639 0.0039106016    1.0209292    1.0174932    1.0316694   -2.8726014    276.82698   -2.8726014    712.12055    709.24795 
   10100       101000     318.2052     318.2052     318.2052   0.99874663 0.0038650109     1.006112   0.99030756   0.99982028   -2.5265148    274.46612   -2.5265148    706.04736    703.52085 
   10200       102000    319.21712    319.21712    319.21712   0.98469771 0.0038283708   0.98873114    0.9782134   0.98714859   -2.3006904    274.26389   -2.3006904    705.52715    703.22646 
   10300       103000    319.73023    319.73023    319.73023    1.0507548 0.0038099688    1.0664335    1.0396427    1.0461883   -3.7989974    291.48889   -3.7989974     749.8374     746.0384 
   10400       104000    329.94822    329.94822    329.94822   0.90160274 0.0034668507   0.91595267   0.88059337   0.90826218   -2.8851744    277.21987   -2.8851744    713.13121    710.24604 
   10500       105000    321.47872    321.47872    321.47872   0.99541086 0.0037481404    1.0071725   0.97339037    1.0056697   -2.6531846    283.00835   -2.6531846    728.02174    725.36856 
   10600       106000     317.7399     317.7399     317.7399   0.99811106 0.0038820152    1.0090395   0.97608955    1.0092041   -2.8049126    272.03041   -2.8049126    699.78166    696.97675 
   10700       107000    315.43159    315.43159    315.43159    1.0196655 0.0039678658    1.0363342   0.99630377    1.0263585   -2.8459975    273.20321   -2.8459975    702.79861    699.95262 
   10800       108000    318.72525    318.72525    318.72525    0.9802746 0.0038461226    1.0026056   0.95656653   0.98165173   -2.5899398    270.39185   -2.5899398    695.56655    692.97661 
   10900       109000    322.93449    322.93449    322.93449   0.97918025 0.0036976792   0.99847045   0.96098525   0.97808505   -3.1696497    281.26522   -3.1696497    723.53764    720.36799 
   11000       110000    322.85909    322.85909    322.85909   0.99426817 0.0037002704    1.0116224   0.96935857    1.0018235   -3.0596934    286.54209   -3.0596934    737.11208    734.05238 
   11100       111000    320.53806    320.53806    320.53806    0.9942246 0.0037812353    1.0159257   0.96737369   0.99937441   -3.6142042    280.54567   -3.6142042    721.68663    718.07243 
   11200       112000    315.68452    315.68452    315.68452    1.0292943 0.0039583359    1.0571524    0.9927725    1.0379582   -3.5594409    277.77853   -3.5594409    714.56834     711.0089 
   11300       113000    319.10576    319.10576    319.10576   0.95433491 0.0038323803   0.97836555   0.92399403   0.96064516   -3.3801141    265.54239   -3.3801141    683.09161     679.7115 
   11400       114000    317.88462    317.88462    317.88462    1.0158391 0.0038767158    1.0381121   0.97995948    1.0294458   -3.6678267    277.07785   -3.6678267    712.76589    709.09806 
   11500       115000    318.60124    318.60124    318.60124    1.0097981 0.0038506152    1.0294353   0.97241801    1.0275411   -3.2076207    279.92319   -3.2076207    720.08536    716.87774 
   11600       116000    322.98636    322.98636    322.98636   0.94245536  0.003695898   0.96447056   0.89895377   0.96394174   -2.4275764    271.00075   -2.4275764    697.13291    694.70533 
   11700       117000    314.74525    314.74525    314.74525    1.0736243 0.0039938797    1.1133823    1.0294111    1.0780796   -3.6564563    285.64936   -3.6564563    734.81557    731.15911 
   11800       118000     320.6027     320.6027     320.6027    0.9376866 0.0037789487   0.96792564   0.89218204   0.95295211   -3.7341616    265.04506   -3.7341616    681.81227    678.07811 
   11900       119000    316.79575    316.79575    316.79575    1.0138062 0.0039168277    1.0563872   0.95546371    1.0295679   -3.0615243    275.89057   -3.0615243    709.71167    706.65015 
   12000       120000    317.48963    317.48963    317.48963    1.0319719  0.003891203     1.072106   0.97014703    1.0536626   -2.9674894    281.97367   -2.9674894    725.36007    722.39258 
   12100       121000    323.19654    323.19654    323.19654    0.9410916  0.003688692   0.97718755   0.88603306    0.9600542   -3.6852535    270.34407   -3.6852535    695.44364    691.75839 
   12200       122000     317.7871     317.7871     317.7871    1.0358217  0.003880286    1.0941129    0.9619035    1.0514488   -3.2043368    279.93586   -3.2043368    720.11795    716.91361 
   12300       123000    318.78766    318.78766    318.78766   0.98119542 0.0038438638    1.0357663   0.91626078   0.99155918   -3.5315374    272.08824   -3.5315374    699.93043    696.39889 
   12400       124000    316.73178    316.73178    316.73178   0.99929585 0.0039192014    1.0513391   0.93372466    1.0128238   -3.7199265    271.02133   -3.7199265    697.18586    693.46593 
   12500       125000    316.34496    316.34496    316.34496    1.0153731 0.0039335961    1.0652204   0.94934061    1.0315584   -3.3775981    275.07441   -3.3775981    707.61216    704.23456 
   12600       126000    319.37467    319.37467    319.37467    1.0066521 0.0038227081    1.0511239   0.94349279    1.0253395    -2.544823    280.70128    -2.544823    722.08695    719.54213 
   12700       127000    322.77273    322.77273    322.77273   0.98608731 0.0037032413    1.0222004   0.93059027    1.0054713   -2.6318084    282.98987   -2.6318084    727.97421     725.3424 
   12800       128000    321.67439    321.67439    321.67439   0.98128843 0.0037413047    1.0239562   0.92171492   0.99819418   -2.7083596    277.52864   -2.7083596    713.92551    711.21715 
   12900       129000    312.25889    312.25889    312.25889    1.0704495 0.0040900451    1.1134521    1.0142399    1.0836565   -3.2657722     274.7307   -3.2657722    706.72799    703.46221 
   13000       130000    314.71926    314.71926    314.71926   0.99185299 0.0039948692    1.0247792   0.93940788    1.0113719    -2.752993    265.17994    -2.752993    682.15923    679.40624 
   13100       131000      319.049      319.049      319.049   0.97401002 0.0038344261    1.0075025   0.92305247   0.99147513   -3.1809533    269.94201   -3.1809533    694.40937    691.22841 
   13200       132000    318.69735    318.69735    318.69735    1.0116321 0.0038471328    1.0504466   0.95349474    1.0309548   -3.6587522    280.09055   -3.6587522    720.51588    716.85713 
   13300       133000     322.2536     322.2536     322.2536   0.95163015 0.0037211674   0.98433989   0.89851944   0.97203113   -3.4579181    272.68073   -3.4579181    701.45456    697.99664 
   13400       134000    316.63799    316.63799    316.63799    1.0419178 0.0039226851    1.0826703   0.98147654    1.0616065   -2.5431566    282.19725   -2.5431566    725.93523    723.39207 
   13500       135000    316.38129    316.38129    316.38129   0.98221228 0.0039322412    1.0181395   0.92730515    1.0011922   -2.6502645    265.94847   -2.6502645    684.13623    681.48596 
   13600       136000    315.26626    315.26626    315.26626    0.9958592 0.0039741114    1.0284983   0.94490576    1.0141735   -3.0442368    264.61303   -3.0442368    680.70089    677.65666 
   13700       137000    312.21065    312.21065    312.21065    1.0683747 0.0040919411    1.1158772    1.0057685    1.0834783     -2.68511    279.03158     -2.68511    717.79173    715.10662 
   13800       138000    321.01129    321.01129    321.01129   0.95287514 0.0037645371   0.99415131   0.89448289    0.9699912   -2.5821139    267.71909   -2.5821139    688.69104    686.10892 
   13900       139000    318.10009    318.10009    318.10009    1.0238628 0.0038688433    1.0624966   0.96092257    1.0481693   -3.1017336    281.62649   -3.1017336    724.46698    721.36524 
   14000       140000    320.54251    320.54251    320.54251   0.97791747  0.003781078     1.014496   0.91819741     1.001059   -3.1181212    275.18823   -3.1181212    707.90496    704.78683 
   14100       141000    325.07202    325.07202    325.07202   0.91725431 0.0036252147   0.95192866   0.85962036   0.94021391     -3.19578    269.25994     -3.19578    692.65479    689.45901 
   14200       142000     315.1011     315.1011     315.1011    1.0889736 0.0039803638     1.122095    1.0180574    1.1267685   -2.1017991    290.09491   -2.1017991    746.25148    744.14968 
   14300       143000    320.86985    320.86985    320.86985   0.94318004 0.0037695178   0.97914213   0.88634919   0.96404881   -2.3049687    264.40355   -2.3049687    680.16202    677.85706 
   14400       144000    315.41639    315.41639    315.41639    1.0235166 0.0039684395    1.0620089   0.96441836    1.0441225   -3.0791425    275.02924   -3.0791425    707.49597    704.41683 
   14500       145000     316.2667     316.2667     316.2667    1.0177615 0.0039365169    1.0662274   0.95530581    1.0317512   -2.3066034    274.05153   -2.3066034    704.98085    702.67425 
   14600       146000    318.62229    318.62229    318.62229   0.99130878 0.0038498521    1.0301956   0.92707537    1.0166554   -2.4282479     272.6789   -2.4282479    701.44987    699.02162 
   14700       147000    318.83925    318.83925    318.83925    1.0281327 0.0038419983    1.0698061   0.95967486    1.0549171   -2.3080272    284.83176   -2.3080272    732.71235    730.40432 
   14800       148000     325.4926     325.4926     325.4926   0.96990763 0.0036111802    1.0010013   0.90042555     1.008296   -1.0417519    282.33871   -1.0417519    726.29913    725.25738 
   14900       149000    322.79454    322.79454    322.79454   0.99608703 0.0037024908    1.0332087   0.92928055    1.0257719   -1.9873014     285.6353   -1.9873014     734.7794     732.7921 
   15000       150000    315.34023    315.34023    315.34023    1.0321598 0.0039713154    1.0842665   0.95220804     1.060005   -2.7383228    276.40471   -2.7383228    711.03428    708.29595 
   15100       151000    317.49514    317.49514    317.49514   0.97513451 0.0038910005    1.0286821   0.89808518   0.99863623   -3.2933401    265.75674   -3.2933401    683.64302    680.34968 
   15200       152000     315.4613     315.4613     315.4613    1.0417299 0.0039667449    1.1009535   0.95031888    1.0739173   -2.7820789    278.74484   -2.7820789    717.05413    714.27205 
   15300       153000    320.42584    320.42584    320.42584   0.97967028 0.0037852094    1.0362441   0.89557938    1.0071874   -2.1431545    276.05725   -2.1431545    710.14046     707.9973 
   15400       154000    322.72393    322.72393    322.72393   0.97146626 0.0037049214    1.0259516   0.88645247    1.0019947   -1.9409042    277.22596   -1.9409042     713.1469    711.20599 
   15500       155000    319.27038    319.27038    319.27038    1.0607837 0.0038264553    1.1187227   0.96939733    1.0942311   -1.9300245     294.6668   -1.9300245    758.01238    756.08236 
   15600       156000    326.22601    326.22601    326.22601   0.89496299 0.0035868792    0.9479597   0.81518881   0.92174047   -1.5580855    265.69241   -1.5580855    683.47754    681.91946 
   15700       157000    316.40039    316.40039    316.40039    1.0304057 0.0039315289    1.0923859   0.93075495    1.0680764   -2.2687917    277.67216   -2.2687917    714.29472    712.02593 
   15800       158000    317.63838    317.63838    317.63838    1.0032975 0.0038857389    1.0512442   0.91261181    1.0460365   -2.7882669    271.76522   -2.7882669    699.09948    696.31121 
   15900       159000    318.38371    318.38371    318.38371   0.98360537 0.0038585133     1.043901   0.88084863    1.0260665   -2.1258953    272.12805   -2.1258953    700.03283    697.90693 
   16000       160000    319.18335    319.18335    319.18335    1.0408341 0.0038295861    1.1134267    0.9294721    1.0796034    -2.039274    288.30432    -2.039274     741.6453    739.60603 
   16100       161000    328.08045    328.08045    328.08045   0.90658468  0.003526399   0.96656182   0.80645014   0.94674209   -1.7757602    273.71255   -1.7757602    704.10885    702.33309 
   16200       162000     319.8914     319.8914     319.8914    1.0432722 0.0038042131    1.1298198   0.91002906    1.0899679  -0.77494835    284.94105  -0.77494835    732.99349    732.21854 
   16300       163000    318.70137    318.70137    318.70137   0.96701124 0.0038469869    1.0272338   0.85466238    1.0191375   -2.6778728    267.84116   -2.6778728    689.00507     686.3272 
   16400       164000    313.66739    313.66739    313.66739    1.0490383  0.004035194    1.1036237   0.94603763    1.0974535   -3.0454919     274.8425   -3.0454919    707.01559     703.9701 
   16500       165000    319.29388    319.29388    319.29388   0.96229407 0.0038256106    1.0161467   0.86051206    1.0102235   -2.5985611    268.00034   -2.5985611    689.41456    686.81599 
   16600       166000    322.80715    322.80715    322.80715   0.98326158 0.0037020568    1.0372461   0.87653962     1.035999   -2.6267171    281.56656   -2.6267171    724.31281    721.68609 
   16700       167000    315.99235    315.99235    315.99235    1.0867408 0.0039467791    1.1487052   0.96332683    1.1481905   -2.4497828    293.90662   -2.4497828    756.05688     753.6071 
   16800       168000    322.68389    322.68389    322.68389   0.93708461 0.0037063007   0.99817981   0.82753656   0.98553747   -2.6192761    266.57666   -2.6192761    685.75221    683.13293 
   16900       169000    317.89854    317.89854    317.89854    1.0054303 0.0038762068    1.0563659   0.89030311     1.069622   -3.7936195    277.43061   -3.7936195    713.67333    709.87971 
   17000       170000    317.09373    317.09373    317.09373     1.028691  0.003905796    1.0778048    0.9123087    1.0959595   -3.8027278    279.66349   -3.8027278    719.41729    715.61456 
   17100       171000    319.51002    319.51002    319.51002   0.94760262 0.0038178517   0.98712185   0.85243464    1.0032513    -3.718109    264.05055    -3.718109    679.25396    675.53585 
   17200       172000    314.73394    314.73394    314.73394    1.0130454 0.0039943103    1.0593264   0.90051213    1.0792977   -2.7540847    270.92412   -2.7540847    696.93579     694.1817 
   17300       173000    317.11502    317.11502    317.11502    1.0366708 0.0039050095    1.0830384   0.93002188    1.0969522   -2.2500048     282.0428   -2.2500048    725.53791    723.28791 
   17400       174000    323.71778    323.71778    323.71778   0.96173027 0.0036709024    1.0037784   0.86382159    1.0175908   -1.9569599    278.13667   -1.9569599    715.48964    713.53268 
   17500       175000    320.62619    320.62619    320.62619    1.0217455 0.0037781181    1.0673641   0.92430727    1.0735651   -2.3607018    282.73548   -2.3607018     727.3198     724.9591 
   17600       176000    316.48635    316.48635    316.48635    1.0048299 0.0039283265    1.0748661   0.88999874    1.0496248   -3.5363987    268.87698   -3.5363987    691.66966    688.13326 
   17700       177000    309.57107    309.57107    309.57107    1.0982711  0.004197507    1.1482889   0.98269473    1.1638297   -3.7007714    275.48916   -3.7007714    708.67907     704.9783 
   17800       178000    318.15388    318.15388    318.15388   0.94734076 0.0038668813   0.99820924   0.84291002     1.000903   -3.3345192    261.68439   -3.3345192    673.16714    669.83262 
   17900       179000    318.56092    318.56092    318.56092    1.0135349 0.0038520776    1.0681179   0.89991629    1.0725705    -3.398638    280.37336    -3.398638    721.24338    717.84474 
   18000       180000    319.78206    319.78206    319.78206   0.99515838 0.0038081166    1.0498079   0.88516585    1.0505014    -2.983887     278.5481    -2.983887    716.54802    713.56414 
   18100       181000    322.31738    322.31738    322.31738   0.94216082 0.0037189585   0.99328948   0.83960281   0.99359018   -3.2711642    270.68692   -3.2711642    696.32561    693.05445 
   18200       182000    313.20488    313.20488    313.20488    1.0902608 0.0040530966    1.1396441   0.97448954    1.1566489   -4.0061274    285.94484   -4.0061274    735.57568    731.56955 
   18300       183000    318.66373    318.66373    318.66373   0.93668852 0.0038483503   0.99161712   0.83261377   0.98583467   -4.5074443    258.37709   -4.5074443    664.65931    660.15187 
   18400       184000    314.79411    314.79411    314.79411    1.0229164 0.0039920203    1.0679262   0.92160849    1.0792145   -5.2650201    271.77084   -5.2650201    699.11393    693.84891 
   18500       185000    317.88685    317.88685    317.88685   0.99552472 0.0038766344    1.0350336   0.89519481    1.0563457   -4.0795295    273.91012   -4.0795295    704.61709    700.53756 
   18600       186000    320.16276    320.16276    320.16276   0.98375363 0.0037945482     1.033358    0.8795449     1.038358   -3.6935906    274.33519   -3.6935906    705.71055    702.01696 
   18700       187000    316.34265    316.34265    316.34265    1.0457406 0.0039336823    1.0798287   0.94536023    1.1120328   -3.6738629    282.91389   -3.6738629    727.77874    724.10488 
   18800       188000    317.32243    317.32243    317.32243   0.99386459 0.0038973573    1.0305189    0.9022053    1.0488695    -3.647797    268.54573    -3.647797    690.81753    687.16973 
   18900       189000    316.86381    316.86381    316.86381   0.95950839 0.0039143044   0.98723923   0.86635766    1.0249283   -2.9500201    261.61766   -2.9500201    672.99548    670.04546 
   19000       190000    313.64724    313.64724    313.64724     1.123189 0.0040359718     1.181107    1.0009967    1.1874634   -3.2220455    293.39469   -3.2220455    754.73995    751.51791 
   19100       191000    322.49401    322.49401    322.49401    0.9622831 0.0037128515     1.001494   0.85870098    1.0266543   -2.9981169    273.38223   -2.9981169    703.25914    700.26102 
   19200       192000     318.2179     318.2179     318.2179    0.9983561 0.0038645481    1.0387191   0.90214997    1.0541993   -2.9329741    276.28483   -2.9329741     710.7259    707.79293 
   19300       193000    314.66494    314.66494    314.66494    1.0277152 0.0039969383    1.0603571   0.93265118    1.0901374   -3.6918908    273.14581   -3.6918908    702.65094    698.95905 
   19400       194000    317.48497    317.48497    317.48497   0.95445901 0.0038913741   0.99624639   0.87345418   0.99367647   -3.2760524    258.23785   -3.2760524    664.30113    661.02508 
   19500       195000     310.0593     310.0593     310.0593    1.1372854 0.0041777097    1.1817898    1.0363844    1.1936821   -4.2478534    288.54179   -4.2478534    742.25617    738.00832 
   19600       196000    321.55152    321.55152    321.55152   0.95036695 0.0037455949   0.97485392   0.87463253    1.0016144    -3.482073    271.19996    -3.482073    697.64537    694.16329 
   19700       197000    319.39482    319.39482    319.39482   0.99424644 0.0038219843    1.0180103   0.91498868    1.0497403   -3.4136021    277.63996   -3.4136021    714.21189    710.79829 
   19800       198000    317.04172    317.04172    317.04172    1.0259713 0.0039077184    1.0433018   0.94830186    1.0863102   -3.3456563    278.76173   -3.3456563    717.09756    713.75191 
   19900       199000    320.81961    320.81961    320.81961    0.9353644 0.0037712888   0.95068686   0.86659927   0.98880708   -2.7034398    264.61275   -2.7034398    680.70018    677.99674 
   20000       200000    310.81774    310.81774    310.81774    1.1488555 0.0041472014    1.1633974    1.0656009    1.2175682   -1.8762542    292.47838   -1.8762542    752.38281    750.50656 
Loop time of 3.42525 on 4 procs for 20000 steps with 864 atoms

Performance: 5044.890 ns/day, 0.005 hours/ns, 5838.993 timesteps/s
89.0% CPU use with 4 MPI tasks x no OpenMP threads

MPI task timing breakdown:
Section |  min time  |  avg time  |  max time  |%varavg| %total
---------------------------------------------------------------
Pair    | 0.5656     | 0.58613    | 0.60523    |   1.9 | 17.11
Neigh   | 0.24287    | 0.24707    | 0.25222    |   0.7 |  7.21
Comm    | 0.48591    | 0.49024    | 0.49504    |   0.5 | 14.31
Output  | 1.4307     | 1.4311     | 1.432      |   0.0 | 41.78
Modify  | 0.60736    | 0.62381    | 0.6388     |   1.6 | 18.21
Other   |            | 0.0469     |            |       |  1.37

Nlocal:    216 ave 232 max 196 min
Histogram: 1 0 0 0 0 1 1 0 0 1
Nghost:    109 ave 111 max 106 min
Histogram: 1 0 0 0 0 0 1 0 1 1
Neighs:    33.75 ave 42 max 25 min
Histogram: 1 0 0 0 1 1 0 0 0 1

Total # of neighbors = 135
Ave neighs/atom = 0.15625
Neighbor list builds = 1785
Dangerous builds = 1229

# the regular input script for finding the equilibrium state ends here

###############################################################################################
# the following lines just indicate possible further production step after the equilibration
###############################################################################################

# for removing fix 1
#unfix 1

# for removing the dump 1 command
#undump 1

# change the log file name
#log production.log

# enforcing another ensemble or the same for the production step
#fix 1 all nvt temp 180 180 100

# reset time step to zero
#reset_timestep 0

# set new time step
#timestep 5

# run more steps
#run 1000000

variable   natoms equal "count(all)"
print   "NUmber of atoms = ${natoms};"
NUmber of atoms = 864;
quit
