run 20000
Neighbor list info ...
  1 neighbor list requests
  update every 1 steps, delay 10 steps, check yes
  max neighbors/atom: 2000, page size: 100000
  master list distance cutoff = 14
  ghost atom cutoff = 14
  binsize = 7 -> bins = 6 6 6
Memory usage per processor = 3.72723 Mbytes
Step Time Lx Ly Lz Press Density Pxx Pyy Pzz PotEng Temp PotEng KinEng TotEng 
       0            0         41.3         41.3         41.3   -1842.0728    2.8071313   -1866.4645   -1844.8984   -1814.8555   -3482.3404       275.15   -3482.3404    1124.4529   -2357.8875 
     100         1000    41.964182    41.964182    41.964182    42.252279    2.6759414    3.8000829    43.461947    79.494809   -2884.6128    121.10371   -2884.6128    494.91341   -2389.6994 
     200         2000    42.291215    42.291215    42.291215    56.455577     2.614342    65.734795    45.557874    58.074063   -2793.9851     136.5428   -2793.9851    558.00819   -2235.9769 
     300         3000    42.843432    42.843432    42.843432    40.020539    2.5145492   -80.336776    75.695193     124.7032    -2654.389    147.93042    -2654.389    604.54585   -2049.8431 
     400         4000    43.716239    43.716239    43.716239    28.024535    2.3669251    104.10319   -37.096946    17.067365   -2455.8271    149.99459   -2455.8271    612.98146   -1842.8456 
     500         5000     44.57409     44.57409     44.57409    76.832787    2.2328803    85.355784    59.627803    85.514772   -2279.4995    160.84329   -2279.4995    657.31674   -1622.1828 
     600         6000    45.691412    45.691412    45.691412    70.634598     2.073047    40.499955     145.0413    26.362533   -2087.7316    170.89207   -2087.7316      698.383   -1389.3486 
     700         7000    46.894639    46.894639    46.894639    73.928824     1.917535   -20.278809     47.14945    194.91583   -1899.3053    185.54851   -1899.3053    758.27934    -1141.026 
     800         8000    48.388731    48.388731    48.388731    45.883458    1.7453406    118.15678    12.553536    6.9400574   -1728.6532    206.56329   -1728.6532    844.16025   -884.49296 
     900         9000    50.279671    50.279671    50.279671    88.154982     1.555735    8.9003868    141.09735    114.46721    -1521.625    218.49865    -1521.625    892.93636   -628.68867 
    1000        10000    52.625689    52.625689    52.625689    106.94595    1.3568114    160.59687    111.30868    48.932296   -1320.9381    229.07989   -1320.9381    936.17864   -384.75943 
    1100        11000    55.388533    55.388533    55.388533    73.838799    1.1637329    83.594695    75.984717    61.936985   -1153.4279    244.10436   -1153.4279    997.57897   -155.84894 
    1200        12000    58.618941    58.618941    58.618941    94.392356   0.98174567    63.057886    119.48508     100.6341   -974.63463    250.16939   -974.63463    1022.3649    47.730271 
    1300        13000     62.43235     62.43235     62.43235    112.52719   0.81261314    98.203669    120.99973    118.37817   -816.84183    253.89584   -816.84183    1037.5937    220.75191 
    1400        14000    66.948139    66.948139    66.948139    84.743967   0.65901812    80.216471    76.753483    97.261945   -675.75389    254.07465   -675.75389    1038.3245    362.57058 
    1500        15000    71.697063    71.697063    71.697063    81.825465   0.53654825    80.715893    72.863636    91.896865   -557.43215    258.50118   -557.43215    1056.4143    498.98219 
    1600        16000    76.797817    76.797817    76.797817    74.318532   0.43658243    80.495421    67.731756    74.728419   -464.24974    264.23424   -464.24974    1079.8436    615.59383 
    1700        17000    82.450969    82.450969    82.450969    57.790924   0.35279759    64.195459    54.033176    55.144137    -381.5079    265.60887    -381.5079    1085.4613    703.95338 
    1800        18000    88.873798    88.873798    88.873798    52.810245   0.28170312    52.726951    47.502489    58.201296   -315.86916     264.5732   -315.86916    1081.2288    765.35964 
    1900        19000    95.933452    95.933452    95.933452     45.49127   0.22397662    50.455632    40.094481    45.923696    -256.0192    262.06973    -256.0192    1070.9979    814.97869 
    2000        20000     103.4586     103.4586     103.4586    40.590224   0.17857191    39.592307    40.564225    41.614139   -200.21782    261.42436   -200.21782    1068.3605    868.14266 
    2100        21000    111.64849    111.64849    111.64849    31.220016     0.142087    31.790208    30.634018    31.235823   -162.11793    263.09141   -162.11793    1075.1732    913.05526 
    2200        22000    120.40187    120.40187    120.40187    27.188877   0.11329564    26.100728    27.561248    27.904653    -128.7462    264.40761    -128.7462    1080.5521     951.8059 
    2300        23000    129.95995    129.95995    129.95995    20.049196  0.090091604    19.876735    19.048174     21.22268   -117.25808     267.1699   -117.25808    1091.8407    974.58262 
    2400        24000    140.15944    140.15944    140.15944     16.36999  0.071820065    16.269837    15.464288    17.375844   -96.662584    266.33402   -96.662584    1088.4247    991.76213 
    2500        25000    151.04077    151.04077    151.04077    13.350085  0.057389223    13.343136    12.767537    13.939581   -77.954762    265.68205   -77.954762    1085.7603    1007.8056 
    2600        26000    162.63407    162.63407    162.63407    10.806987  0.045970401    11.088458    10.297533    11.034969   -54.375116    264.50974   -54.375116    1080.9695    1026.5943 
    2700        27000    174.92895    174.92895    174.92895    8.8984687  0.036942632    9.0120115    8.5239804    9.1594141   -44.838334    266.98422   -44.838334    1091.0819    1046.2436 
    2800        28000    187.89104    187.89104    187.89104    7.2329667  0.029812244    7.3847704    7.0393365    7.2747931   -38.547784     268.7409   -38.547784    1098.2609    1059.7131 
    2900        29000    201.73385    201.73385    201.73385    5.8959021  0.024086657    5.9472945    5.7885954    5.9518164   -31.011075    267.59279   -31.011075    1093.5689    1062.5578 
    3000        30000    216.06969    216.06969    216.06969      4.86016  0.019603397    4.9620782    4.7972595    4.8211422   -23.151453    267.63129   -23.151453    1093.7263    1070.5748 
    3100        31000    230.93707    230.93707    230.93707    3.9830924  0.016055799    4.1078556     3.831891    4.0095308   -21.650516    269.43351   -21.650516    1101.0914    1079.4409 
    3200        32000    246.23071    246.23071    246.23071    3.3860413  0.013246045    3.4334644    3.2975788    3.4270807   -19.919565     270.2525   -19.919565    1104.4383    1084.5188 
    3300        33000    261.86863    261.86863    261.86863    2.8005917  0.011011905    2.9195224    2.7118269     2.770426   -14.371441    269.54419   -14.371441    1101.5437    1087.1722 
    3400        34000    277.49998    277.49998    277.49998     2.338735 0.0092538837    2.3976744    2.2685994    2.3499311   -12.325913    271.04869   -12.325913    1107.6921    1095.3662 
    3500        35000    292.88647    292.88647    292.88647    2.0209295 0.0078707289    2.0787269     1.976256    2.0078056   -9.0943112    272.69541   -9.0943112    1114.4218    1105.3275 
    3600        36000    307.85123    307.85123    307.85123    1.7404904 0.0067778227     1.797962    1.6826573    1.7408519   -6.9862758    273.80598   -6.9862758    1118.9603     1111.974 
    3700        37000    321.98094    321.98094    321.98094    1.5293241 0.0059241003    1.5720059    1.4988778    1.5170888   -5.7502354    274.78344   -5.7502354    1122.9549    1117.2046 
    3800        38000    334.82296    334.82296    334.82296    1.3690217   0.00526826    1.4042207     1.338612    1.3642324   -7.1021261    276.17936   -7.1021261    1128.6596    1121.5575 
    3900        39000    346.16815    346.16815    346.16815    1.2341748 0.0047670704    1.2714855    1.2039635    1.2270754   -5.1156769      275.973   -5.1156769    1127.8162    1122.7006 
    4000        40000    355.40516    355.40516    355.40516    1.1521285 0.0044049572    1.1856668     1.121351    1.1493676   -2.7004001    276.51116   -2.7004001    1130.0155    1127.3151 
    4100        41000    362.83976    362.83976    362.83976    1.0840899 0.0041396944    1.1196977    1.0591708    1.0734012   -3.2174553    277.32685   -3.2174553     1133.349    1130.1316 
    4200        42000    368.10376    368.10376    368.10376    1.0332523 0.0039646252    1.0630536    1.0108015    1.0259018   -3.8433662    277.27233   -3.8433662    1133.1262    1129.2829 
    4300        43000    371.11317    371.11317    371.11317    1.0159155 0.0038689559    1.0453646   0.99896398    1.0034179   -3.3317248    276.34501   -3.3317248    1129.3366    1126.0048 
    4400        44000    372.70287    372.70287    372.70287   0.99570815 0.0038196597    1.0210116   0.96185959    1.0042533   -3.8630591    275.38503   -3.8630591    1125.4134    1121.5503 
    4500        45000     372.3281     372.3281     372.3281   0.99960264 0.0038312054    1.0360798   0.97359615   0.98913199   -3.0777518    276.14226   -3.0777518     1128.508    1125.4302 
    4600        46000    372.17883    372.17883    372.17883   0.99265258 0.0038358172    1.0160408   0.97067365   0.99124326   -3.4764361    275.18549   -3.4764361    1124.5979    1121.1215 
    4700        47000    371.32355    371.32355    371.32355   0.99586787 0.0038623836    1.0200907    0.9702023   0.99731067   -3.5043151    275.02531   -3.5043151    1123.9433     1120.439 
    4800        48000    369.45199    369.45199    369.45199    1.0207296 0.0039213794    1.0482704   0.99453977    1.0193785   -4.3330898     276.2195   -4.3330898    1128.8236    1124.4906 
    4900        49000    376.39188    376.39188    376.39188   0.92399649 0.0037084477   0.94801954   0.89819353   0.92577639   -4.4698012    265.28457   -4.4698012     1084.136    1079.6662 
    5000        50000    369.95284    369.95284    369.95284    1.0555286 0.0039054745    1.0805149    1.0324706    1.0536002   -3.5352027    286.64955   -3.5352027     1171.448    1167.9128 
    5100        51000    372.35016    372.35016    372.35016     1.002811 0.0038305247    1.0273521   0.98119072    0.9998903    -2.450852    278.50051    -2.450852    1138.1454    1135.6946 
    5200        52000     372.8219     372.8219     372.8219   0.96892628 0.0038160023   0.99587468   0.95667875    0.9542254  -0.67554917    266.44909  -0.67554917     1088.895    1088.2194 
    5300        53000    368.14755    368.14755    368.14755    1.0370745 0.0039632105    1.0593744    1.0100305    1.0418187   -1.9110859    275.63582   -1.9110859    1126.4383    1124.5272 
    5400        54000    371.98272    371.98272    371.98272   0.99412075  0.003841887     1.014416   0.97561886   0.99232742   -2.6271283    273.56468   -2.6271283    1117.9742    1115.3471 
    5500        55000    373.14171    373.14171    373.14171   0.99875711 0.0038061991    1.0227207   0.97851894   0.99503172   -2.6508619    277.11138   -2.6508619    1132.4685    1129.8176 
    5600        56000    373.03164    373.03164    373.03164    1.0046853 0.0038095693    1.0181683   0.98108297    1.0148045    -2.914873    279.18841    -2.914873    1140.9566    1138.0418 
    5700        57000    374.51076    374.51076    374.51076   0.97033143 0.0037646101   0.99158495   0.94758716   0.97182217   -3.6738384    272.93324   -3.6738384    1115.3937    1111.7199 
    5800        58000    365.14161    365.14161    365.14161    1.0930839 0.0040618972    1.1227745    1.0599124    1.0965647   -2.8721341    283.14233   -2.8721341    1157.1151     1154.243 
    5900        59000    369.94898    369.94898    369.94898   0.97069685 0.0039055967   0.98614584   0.94803944   0.97790525   -3.6679129    264.33021   -3.6679129    1080.2358    1076.5679 
    6000        60000    369.15252    369.15252    369.15252   0.99505086 0.0039309305    1.0169097   0.97199076   0.99625218   -3.3321761    269.52818   -3.3321761    1101.4783    1098.1461 
    6100        61000    369.95505    369.95505    369.95505    1.0376926 0.0039054044    1.0671291    1.0074995    1.0384491    -3.947653    281.69521    -3.947653    1151.2012    1147.2535 
    6200        62000    375.85896    375.85896    375.85896   0.96664173 0.0037242444   0.99165131   0.94027853   0.96799536   -2.7853268    276.26194   -2.7853268    1128.9971    1126.2117 
    6300        63000    372.74619    372.74619    372.74619    1.0071913 0.0038183281    1.0351472   0.97731121    1.0091156   -3.1681123    280.31683   -3.1681123    1145.5681       1142.4 
    6400        64000    371.62177    371.62177    371.62177   0.98869687 0.0038530927     1.012391   0.96209029   0.99160938   -2.9685871    273.34403   -2.9685871    1117.0725    1114.1039 
    6500        65000    368.33018    368.33018    368.33018    1.0123568 0.0039573182    1.0367064   0.98314646    1.0172175    -4.350286    272.30923    -4.350286    1112.8436    1108.4933 
    6600        66000    367.27531    367.27531    367.27531    1.0217717 0.0039915144    1.0466222   0.99387159    1.0248212   -3.3062367    272.59549   -3.3062367    1114.0134    1110.7072 
    6700        67000     376.3965     376.3965     376.3965   0.93224602  0.003708311   0.95668128   0.90929929    0.9307575   -3.0626531    265.90828   -3.0626531    1086.6848    1083.6222 
    6800        68000      371.398      371.398      371.398    1.0544006 0.0038600613    1.0743577    1.0272843    1.0615599   -3.9439959    289.32815   -3.9439959    1182.3946    1178.4506 
    6900        69000    376.67272    376.67272    376.67272    0.9663578  0.003700159   0.98680058   0.94134918   0.97092364   -2.0192894    275.13138   -2.0192894    1124.3768    1122.3575 
    7000        70000    373.09946    373.09946    373.09946   0.97483777 0.0038074923   0.99777989   0.94980873    0.9769247   -2.9412889    272.37982   -2.9412889    1113.1321    1110.1908 
    7100        71000    368.67971    368.67971    368.67971    1.0269319 0.0039460735    1.0434769    1.0029589    1.0343599   -2.6143616    275.72406   -2.6143616    1126.7989    1124.1845 
    7200        72000    371.54049    371.54049    371.54049   0.98793042 0.0038556219    1.0193661    0.9552351   0.98919003   -2.5484605    268.73844   -2.5484605    1098.2508    1095.7024 
    7300        73000    370.08401    370.08401    370.08401    1.0218045 0.0039013232    1.0427348   0.98941318    1.0332656   -3.7628453     277.7288   -3.7628453    1134.9917    1131.2288 
    7400        74000    374.48879    374.48879    374.48879   0.97809622 0.0037652727   0.99161435   0.94673261   0.99594169    -3.192432    275.44138    -3.192432    1125.6437    1122.4513 
    7500        75000    375.20028    375.20028    375.20028   0.97460449 0.0037438931   0.99015425   0.94523338   0.98842583    -4.759732    277.89121    -4.759732    1135.6554    1130.8957 
    7600        76000    369.38264    369.38264    369.38264    1.0469183 0.0039235885    1.0583879    1.0192259    1.0631412   -4.3960864    282.92915   -4.3960864    1156.2439    1151.8478 
    7700        77000    373.81645    373.81645    373.81645   0.94664207 0.0037856256   0.96003339    0.9199945   0.95989832   -2.7911189    264.59337   -2.7911189    1081.3112    1078.5201 
    7800        78000    366.34319    366.34319    366.34319     1.058924 0.0040220598    1.0748167    1.0440038    1.0579514   -3.5732131    279.69148   -3.5732131    1143.0125    1139.4393 
    7900        79000    372.11626    372.11626    372.11626   0.99510322 0.0038377524    1.0195663   0.97480408   0.99093933   -2.5732436    272.25472   -2.5732436    1112.6208    1110.0476 
    8000        80000    373.77316    373.77316    373.77316   0.97814985 0.0037869412    0.9920097   0.95868989   0.98374997     -3.00645    275.22759     -3.00645      1124.77    1121.7635 
    8100        81000    372.67777    372.67777    372.67777    1.0202479 0.0038204316    1.0329624   0.99833674    1.0294446   -3.6571909    284.16865   -3.6571909    1161.3093    1157.6521 
    8200        82000    375.91502    375.91502    375.91502   0.94853861 0.0037225784    0.9609661   0.93161398   0.95303577   -3.6509352    270.67667   -3.6509352    1106.1718    1102.5209 
    8300        83000    366.64974    366.64974    366.64974    1.0282618 0.0040119798    1.0385332    1.0066474    1.0396047   -4.6094649    272.54292   -4.6094649    1113.7986    1109.1891 
    8400        84000    366.86132    366.86132    366.86132     1.000822 0.0040050424    1.0019985   0.98182457     1.018643   -4.7128522    264.85696   -4.7128522    1082.3885    1077.6756 
    8500        85000    368.82605    368.82605    368.82605    1.0492646 0.0039413784    1.0413842    1.0417775    1.0646319   -4.8406912    277.13859   -4.8406912    1132.5797     1127.739 
    8600        86000    376.63934    376.63934    376.63934   0.95767924 0.0037011429   0.97091956   0.93718467    0.9649335   -3.6441232    275.60564   -3.6441232     1126.315    1122.6708 
    8700        87000    373.44324    373.44324    373.44324    1.0169211 0.0037969868    1.0271539    1.0020755     1.021534    -4.990439    282.91752    -4.990439    1156.1964    1151.2059 
    8800        88000    372.54156    372.54156    372.54156   0.98872992 0.0038246236    1.0016279   0.97405134   0.99051058   -3.4186187    273.40273   -3.4186187    1117.3123    1113.8937 
    8900        89000    367.08274    367.08274    367.08274     1.038491 0.0039977995    1.0448251    1.0290326    1.0416152   -4.2402699    274.51899   -4.2402699    1121.8742    1117.6339 
    9000        90000    368.22879    368.22879    368.22879    1.0004804 0.0039605879    1.0050846   0.99243335    1.0039231   -4.2034767    269.46578   -4.2034767    1101.2233    1097.0198 
    9100        91000      372.942      372.942      372.942   0.98369632  0.003812317   0.98488527    0.9655728    1.0006309   -4.4357459    273.51215   -4.4357459    1117.7595    1113.3238 
    9200        92000    373.36496    373.36496    373.36496    1.0092858 0.0037993756    1.0135666   0.99740115    1.0168896    -5.720939    283.12204    -5.720939    1157.0322    1151.3112 
    9300        93000    377.27863    377.27863    377.27863   0.93997888 0.0036823602   0.94057245   0.92184998   0.95751421   -5.7099088    271.65579   -5.7099088    1110.1732    1104.4633 
    9400        94000    368.17412    368.17412    368.17412    1.0455372 0.0039623526      1.04164    1.0355603    1.0594112   -4.3228131     280.0058   -4.3228131    1144.2971    1139.9743 
    9500        95000    369.86507    369.86507    369.86507   0.97363599 0.0039082553   0.97086366   0.96075216   0.98929216   -3.9761437    265.55486   -3.9761437    1085.2405    1081.2644 
    9600        96000    366.78164    366.78164    366.78164    1.0275871 0.0040076533    1.0244211    1.0098475    1.0484926    -5.024329    273.52077    -5.024329    1117.7948    1112.7704 
    9700        97000    371.95684    371.95684    371.95684    1.0011657 0.0038426891    0.9983681   0.98205827    1.0230706   -2.7973231    272.14605   -2.7973231    1112.1767    1109.3794 
    9800        98000    374.43307    374.43307    374.43307   0.97691473 0.0037669537   0.98613249   0.96675338   0.97785832   -2.5339065     273.4396   -2.5339065     1117.463    1114.9291 
    9900        99000    370.06605    370.06605    370.06605    1.0317126 0.0039018912     1.050728     1.011884    1.0325257   -2.5521491    279.96485   -2.5521491    1144.1297    1141.5775 
   10000       100000    372.99468    372.99468    372.99468   0.96740216  0.003810702    0.9786394   0.95244408     0.971123   -2.6209571    269.15043   -2.6209571    1099.9345    1097.3136 
   10100       101000    368.24509    368.24509    368.24509    1.0420641  0.003960062    1.0555946    1.0184764    1.0521214   -3.3413527    277.12036   -3.3413527    1132.5052    1129.1638 
   10200       102000    370.72113    370.72113    370.72113    1.0130183 0.0038812432    1.0233538   0.99878926    1.0169118   -4.1309431     275.6161   -4.1309431    1126.3577    1122.2268 
   10300       103000    375.28629    375.28629    375.28629     0.959806 0.0037413194   0.96380297   0.93944555   0.97616947   -3.6731965    271.41526   -3.6731965    1109.1902     1105.517 
   10400       104000    371.30039    371.30039    371.30039     1.053961 0.0038631064    1.0473196    1.0399162    1.0746472   -2.1768448    286.39953   -2.1768448    1170.4263    1168.2494 
   10500       105000    375.87567    375.87567    375.87567   0.94941356 0.0037237478   0.95639379   0.92916382   0.96268307   -3.9019511    271.94755   -3.9019511    1111.3655    1107.4635 
   10600       106000    368.98776    368.98776    368.98776    1.0242297 0.0039361988    1.0292204    1.0085659    1.0349029    -4.721132    274.83131    -4.721132    1123.1505    1118.4294 
   10700       107000    368.30344    368.30344    368.30344   0.99786224 0.0039581802     1.008776    0.9732002    1.0116105   -4.0573663    267.63749   -4.0573663    1093.7516    1089.6943 
   10800       108000    366.71283    366.71283    366.71283   0.98159862 0.0040099096    1.0014577   0.95301551    0.9903226   -3.9996556     259.4901   -3.9996556    1060.4557    1056.4561 
   10900       109000    363.21972    363.21972    363.21972    1.0737006 0.0041267164    1.0815846    1.0507902     1.088727    -4.191268    276.89749    -4.191268    1131.5944    1127.4031 
   11000       110000    373.08345    373.08345    373.08345   0.98034885 0.0038079823   0.97805608    0.9664832   0.99650726   -2.9991082    271.46372   -2.9991082    1109.3882    1106.3891 
   11100       111000    372.35673    372.35673    372.35673    1.0097437 0.0038303218    1.0081897   0.98402231     1.037019   -3.1372908    278.51892   -3.1372908    1138.2206    1135.0833 
   11200       112000    372.87497    372.87497    372.87497    1.0008772 0.0038143733     1.011749    0.9738739    1.0170088   -3.9088829    276.94116   -3.9088829    1131.7728     1127.864 
   11300       113000    372.05933    372.05933    372.05933   0.97942751 0.0038395143   0.97659875   0.96520847    0.9964753   -3.9250696    269.67027   -3.9250696     1102.059    1098.1339 
   11400       114000    363.26325    363.26325    363.26325    1.0443799 0.0041252331    1.0412966    1.0291721    1.0626712   -4.1299289    268.91494   -4.1299289    1098.9721    1094.8422 
   11500       115000    365.60226    365.60226    365.60226    1.0015813 0.0040465629    0.9966267   0.98959429     1.018523   -2.5820175    263.01792   -2.5820175    1074.8728    1072.2908 
   11600       116000    370.86251    370.86251    370.86251     1.000465 0.0038768062    1.0039791    0.9873115    1.0101045    -1.737443    271.74073    -1.737443    1110.5203    1108.7828 
   11700       117000    373.37435    373.37435    373.37435   0.97919518 0.0037990887    0.9801594   0.95984785   0.99757829    -4.428109    274.86517    -4.428109    1123.2889    1118.8608 
   11800       118000    372.47536    372.47536    372.47536    1.0085941 0.0038266633    1.0060962   0.99047131    1.0292148   -4.3184356    279.98097   -4.3184356    1144.1956    1139.8771 
   11900       119000    374.76793    374.76793    374.76793   0.96536065 0.0037568655   0.96565957   0.95091387   0.97950851   -5.6040582    272.78057   -5.6040582    1114.7698    1109.1657 
   12000       120000    369.19336    369.19336    369.19336    1.0155972 0.0039296263    1.0120925    1.0012049    1.0334943   -4.5571004    275.87942   -4.5571004    1127.4338    1122.8767 
   12100       121000    366.24572    366.24572    366.24572    1.0350854 0.0040252718    1.0421681    1.0088717    1.0542165   -4.1624773    269.50933   -4.1624773    1101.4012    1097.2388 
   12200       122000    369.51086    369.51086    369.51086   0.97306892 0.0039195053   0.97516792   0.94859662   0.99544221   -4.7469294    262.31381   -4.7469294    1071.9954    1067.2485 
   12300       123000    366.59601    366.59601    366.59601    1.0576966  0.004013744     1.067427    1.0249612    1.0807017   -4.0343008     278.7732   -4.0343008    1139.2598    1135.2255 
   12400       124000    376.75208    376.75208    376.75208   0.92830726 0.0036978213   0.93378361   0.90144531   0.94969285   -4.3427308    266.73761   -4.3427308    1090.0741    1085.7313 
   12500       125000    372.08344    372.08344    372.08344    1.0228698 0.0038387679    1.0251528    0.9970876    1.0463689   -5.1439906    283.08139   -5.1439906    1156.8661    1151.7221 
   12600       126000    373.43834    373.43834    373.43834   0.99200554 0.0037971361   0.98928718   0.96337394    1.0233555   -4.6637613    277.44014   -4.6637613     1133.812    1129.1483 
   12700       127000    372.59784    372.59784    372.59784   0.97099888 0.0038228908   0.97259822   0.94057834   0.99982007    -4.137351    270.02319    -4.137351    1103.5012    1099.3639 
   12800       128000    369.27107    369.27107    369.27107    1.0136439  0.003927146    1.0213089   0.98613227    1.0334905   -4.4502917    274.26198   -4.4502917    1120.8239    1116.3736 
   12900       129000    371.53525    371.53525    371.53525    1.0052416 0.0038557851    1.0138727   0.97660392    1.0252482   -3.2577734    277.78218   -3.2577734    1135.2098    1131.9521 
   13000       130000    374.98119    374.98119    374.98119   0.98771302 0.0037504592   0.99739577   0.96055629     1.005187    -2.636395    279.56094    -2.636395    1142.4791    1139.8427 
   13100       131000    375.06892    375.06892    375.06892   0.98625889 0.0037478279    1.0023427   0.95535035    1.0010836   -1.9930428    278.45913   -1.9930428    1137.9763    1135.9832 
   13200       132000    366.10558    366.10558    366.10558    1.0707184 0.0040298962    1.0929019    1.0340564    1.0851969   -2.5543189    280.77696   -2.5543189    1147.4485    1144.8942 
   13300       133000    369.69689    369.69689    369.69689   0.97367538 0.0039135914    0.9887488   0.94192232   0.99035503   -3.7542274    265.22764   -3.7542274    1083.9033    1080.1491 
   13400       134000    371.09913    371.09913    371.09913   0.99087426  0.003869395    1.0072553   0.95885959    1.0065079   -4.9026297    271.60882   -4.9026297    1109.9812    1105.0786 
   13500       135000    365.64911    365.64911    365.64911    1.0913755 0.0040450073    1.1135762    1.0549311    1.1056193   -4.0996423    285.49052   -4.0996423    1166.7114    1162.6118 
   13600       136000    375.56457    375.56457    375.56457   0.92869565  0.003733009   0.94795942    0.8928401   0.94528742   -4.1015941    264.80385   -4.1015941    1082.1714    1078.0698 
   13700       137000    370.32228    370.32228    370.32228    1.0254793 0.0038937974    1.0422104   0.98333968    1.0508879   -4.1546046    279.56041   -4.1546046    1142.4769    1138.3223 
   13800       138000    372.11132    372.11132    372.11132    1.0061625 0.0038379051    1.0241721   0.96965202    1.0246635   -4.7560852    278.59701   -4.7560852    1138.5398    1133.7837 
   13900       139000    373.64519    373.64519    373.64519   0.95215393 0.0037908334    0.9674146   0.91396266   0.97508453   -3.7902385     264.7066   -3.7902385     1081.774    1077.9837 
   14000       140000    366.78145    366.78145    366.78145   0.98692213 0.0040076594    1.0073768   0.94590897    1.0074806   -3.4718081    262.11374   -3.4718081    1071.1778    1067.7059 
   14100       141000    365.80052    365.80052    365.80052    1.0425261 0.0040399865    1.0608808    1.0037035    1.0629941   -4.6146623     273.7399   -4.6146623    1118.6903    1114.0756 
   14200       142000    373.28997    373.28997    373.28997   0.97059312 0.0038016657   0.99111497   0.92631225   0.99435212   -4.9333849    270.69461   -4.9333849    1106.2451    1101.3117 
   14300       143000    372.16528    372.16528    372.16528    1.0040786 0.0038362359    1.0229307   0.95848943    1.0308156   -3.8142364    278.44476   -3.8142364    1137.9176    1134.1034 
   14400       144000    372.11687    372.11687    372.11687    1.0020792 0.0038377333    1.0183182   0.96046604    1.0274533   -3.9899707    277.45262   -3.9899707     1133.863     1129.873 
   14500       145000    372.52139    372.52139    372.52139   0.97814527  0.003825245    1.0056641   0.92758386    1.0011879   -4.6244646     270.4936   -4.6244646    1105.4237    1100.7992 
   14600       146000    364.21015    364.21015    364.21015    1.0504155 0.0040931416    1.0626919    1.0086785     1.079876   -3.5614237    270.50858   -3.5614237    1105.4849    1101.9234 
   14700       147000    364.06237    364.06237    364.06237    1.0074326  0.004098128     1.016382   0.96786094    1.0380548   -3.6611524     262.1443   -3.6611524    1071.3027    1067.6415 
   14800       148000    372.39785    372.39785    372.39785    0.9502031 0.0038290532   0.95567101   0.92067282   0.97426547   -4.8252375    263.81207   -4.8252375    1078.1183    1073.2931 
   14900       149000     370.6931     370.6931     370.6931    1.0156984 0.0038821239    1.0180442   0.98808676    1.0409641   -5.3838888    277.91939   -5.3838888    1135.7705    1130.3867 
   15000       150000    367.52131    367.52131    367.52131    1.0569208 0.0039835044    1.0588413    1.0292821     1.082639   -3.9921615    281.20277   -3.9921615    1149.1887    1145.1965 
   15100       151000    374.91944    374.91944    374.91944   0.93400179 0.0037523126    0.9541569   0.90010081   0.94774765   -4.4632812    263.34927   -4.4632812     1076.227    1071.7637 
   15200       152000    368.13871    368.13871    368.13871    1.0648999  0.003963496    1.0799807    1.0282213    1.0864976   -3.6259894    282.63069   -3.6259894    1155.0242    1151.3982 
   15300       153000    374.65445    374.65445    374.65445   0.96622301   0.00376028   0.97088801   0.93833391    0.9894471   -3.3610371    273.24634   -3.3610371    1116.6732    1113.3122 
   15400       154000    372.82044    372.82044    372.82044   0.99746199 0.0038160473    1.0043831    0.9703308     1.017672   -3.3128327    275.75662   -3.3128327     1126.932    1123.6191 
   15500       155000    370.98783    370.98783    370.98783    1.0211393 0.0038728786    1.0232545   0.99451604    1.0456474   -4.0865042     280.7234   -4.0865042    1147.2297    1143.1432 
   15600       156000    373.66592    373.66592    373.66592   0.96003731 0.0037902026   0.96717822    0.9300353   0.98289842   -5.5628165    270.59163   -5.5628165    1105.8243    1100.2614 
   15700       157000    370.11617    370.11617    370.11617    1.0090698 0.0039003062     1.022388   0.96910792    1.0357134   -4.3012563    273.63053   -4.3012563    1118.2433    1113.9421 
   15800       158000    370.41464    370.41464    370.41464    1.0047935 0.0038908857    1.0160943   0.96719776    1.0310884   -3.2761179    275.29179   -3.2761179    1125.0324    1121.7562 
   15900       159000    372.90691    372.90691    372.90691    1.0077291 0.0038133933    1.0307849   0.97233631    1.0200661   -5.0107472    278.26612   -5.0107472    1137.1875    1132.1768 
   16000       160000    377.79388    377.79388    377.79388   0.96610263 0.0036673142   0.98409972   0.92567405   0.98853413    -5.652515    278.18687    -5.652515    1136.8636    1131.2111 
   16100       161000    375.37638    375.37638    375.37638    1.0066325 0.0037386262     1.021967   0.96113097    1.0367994   -4.5120652    286.10384   -4.5120652    1169.2179    1164.7058 
   16200       162000    370.94107    370.94107    370.94107    1.0087875 0.0038743436    1.0264877   0.97262442    1.0272504   -3.8461981    277.17558   -3.8461981    1132.7308    1128.8846 
   16300       163000    371.73455    371.73455    371.73455   0.98120782 0.0038495867   0.99803511   0.95168287   0.99390547   -4.4434713     269.4984   -4.4434713    1101.3566    1096.9131 
   16400       164000    365.43768    365.43768    365.43768    1.0916512 0.0040520324     1.127385    1.0361464    1.1114223   -3.1670466    281.80387   -3.1670466    1151.6452    1148.4782 
   16500       165000    373.88287    373.88287    373.88287   0.94760272 0.0037836083   0.97051869   0.91286819   0.95942129   -4.1377744     265.3467   -4.1377744    1084.3899    1080.2521 
   16600       166000    370.13587    370.13587    370.13587    1.0231507 0.0038996837     1.047622   0.98733866    1.0344914   -5.5507855     279.7825   -5.5507855    1143.3845    1137.8337 
   16700       167000    373.17742    373.17742    373.17742    1.0038029 0.0038051065    1.0272481   0.96774104    1.0164197   -4.6800647    280.79269   -4.6800647    1147.5129    1142.8328 
   16800       168000    374.98588    374.98588    374.98588   0.95707038 0.0037503184   0.97709377   0.91987392   0.97424344    -3.960111    272.39682    -3.960111    1113.2015    1109.2414 
   16900       169000    370.34373    370.34373    370.34373    1.0036569 0.0038931208    1.0178107   0.97976857    1.0133913   -4.3367526    270.78892   -4.3367526    1106.6305    1102.2938 
   17000       170000    365.92835    365.92835    365.92835    1.0058039 0.0040357542    1.0236161   0.96918864    1.0246071   -4.2003847    265.57999   -4.2003847    1085.3432    1081.1429 
   17100       171000    365.09418    365.09418    365.09418    1.0448742 0.0040634805     1.071726   0.99972327    1.0631733   -4.9274531    272.44053   -4.9274531    1113.3801    1108.4527 
   17200       172000    373.98439    373.98439    373.98439   0.96778854  0.003780528   0.99287188   0.92963121   0.98086255   -4.3376921    272.79136   -4.3376921    1114.8139    1110.4762 
   17300       173000    373.10227    373.10227    373.10227   0.99842598 0.0038074064    1.0231708   0.96724071    1.0048664   -6.2300442     279.3054   -6.2300442    1141.4348    1135.2047 
   17400       174000    372.51983    372.51983    372.51983   0.99637918 0.0038252929     1.020353   0.95720289    1.0115817   -5.1188681    276.19138   -5.1188681    1128.7087    1123.5899 
   17500       175000    369.87248    369.87248    369.87248    1.0100408 0.0039080206    1.0462439   0.97005112    1.0138272   -3.7504032    272.75801   -3.7504032    1114.6776    1110.9272 
   17600       176000    367.30652    367.30652    367.30652      1.00875 0.0039904969    1.0324099   0.97890473    1.0149353   -5.2951294     268.7422   -5.2951294    1098.2662    1092.9711 
   17700       177000    367.00386    367.00386    367.00386   0.99000763 0.0040003778    1.0274537    0.9491013   0.99346788    -5.003151    262.21117    -5.003151    1071.5759    1066.5728 
   17800       178000    366.26909    366.26909    366.26909    1.0547123 0.0040245015    1.0889656    1.0153622    1.0598091   -5.0138795    276.33857   -5.0138795    1129.3102    1124.2963 
   17900       179000    375.14314    375.14314    375.14314   0.95821372 0.0037456041   0.98109645   0.92214516   0.97139955   -4.6242222    272.14868   -4.6242222    1112.1874    1107.5632 
   18000       180000     373.0609     373.0609     373.0609     1.033805  0.003808673    1.0507137   0.99639356    1.0543078   -4.2785854    281.59434   -4.2785854    1150.7889    1146.5104 
   18100       181000    373.71416    373.71416    373.71416   0.98585882 0.0037887349    1.0069585   0.94715289    1.0034651   -5.6204575    276.25857   -5.6204575    1128.9833    1123.3628 
   18200       182000    369.08645    369.08645    369.08645    1.0039002 0.0039330419     1.020111   0.96991809    1.0216714   -5.6613905    271.25701   -5.6613905    1108.5435    1102.8821 
   18300       183000    364.26863    364.26863    364.26863    1.0359072 0.0040911705    1.0543546    1.0072965    1.0460706   -5.1646723    270.70061   -5.1646723    1106.2696     1101.105 
   18400       184000    368.39215    368.39215    368.39215   0.94303383 0.0039553216   0.95953316    0.9194242   0.95014413   -5.0709566    253.78217   -5.0709566    1037.1292    1032.0582 
   18500       185000    362.70957    362.70957    362.70957     1.069729 0.0041441535      1.09326    1.0438504    1.0720765   -3.3816343    272.94715   -3.3816343    1115.4506    1112.0689 
   18600       186000    368.75708    368.75708    368.75708     1.020436 0.0039435904    1.0447891   0.99009336    1.0264256   -2.7469356    274.44383   -2.7469356     1121.567    1118.8201 
   18700       187000    372.75727    372.75727    372.75727    1.0002281 0.0038179878    1.0092983   0.99099722    1.0003889   -3.5634839    275.52953   -3.5634839    1126.0039    1122.4404 
   18800       188000    374.15762    374.15762    374.15762   0.99358551 0.0037752795    1.0122558    0.9653006    1.0032002   -4.4050164    279.83172   -4.4050164    1143.5856    1139.1806 
   18900       189000    373.96478    373.96478    373.96478   0.99724624 0.0037811229     1.009672   0.97495439    1.0071124   -3.9019961    278.44344   -3.9019961    1137.9122    1134.0102 
   19000       190000    369.84991    369.84991    369.84991   0.99265899  0.003908736    1.0132763   0.96338409    1.0013166   -3.9326087    269.81197   -3.9326087     1102.638    1098.7054 
   19100       191000    364.93593    364.93593    364.93593    1.0395094 0.0040687689    1.0594955    1.0110016     1.048031   -3.5378129    271.91497   -3.5378129    1111.2323    1107.6945 
   19200       192000    371.09036    371.09036    371.09036   0.97412678 0.0038696695    0.9966123   0.94325474   0.98251331   -4.0712203    267.62324   -4.0712203    1093.6934    1089.6221 
   19300       193000    373.00325    373.00325    373.00325    1.0014574 0.0038104393    1.0182411   0.97172554    1.0144055   -4.1016905    279.05068   -4.1016905    1140.3938    1136.2921 
   19400       194000      375.252      375.252      375.252    0.9687911 0.0037423453   0.98404911   0.94818325   0.97414095   -4.1788594    275.74936   -4.1788594    1126.9023    1122.7235 
   19500       195000    370.22654    370.22654    370.22654    1.0356732 0.0038968192    1.0573403    1.0121486    1.0375307   -5.8717999    280.17545   -5.8717999    1144.9904    1139.1186 
   19600       196000    369.59224    369.59224    369.59224   0.98794788 0.0039169169    1.0029211   0.96172039   0.99920213   -5.8402232    269.41619   -5.8402232    1101.0206    1095.1804 
   19700       197000    369.06682    369.06682    369.06682    1.0004189 0.0039336695     1.009587   0.98061476    1.0110549   -5.7529999    269.50401   -5.7529999    1101.3795    1095.6265 
   19800       198000    367.90365    367.90365    367.90365    1.0459217 0.0039710979    1.0501317    1.0387761    1.0488573    -4.258804     278.0113    -4.258804    1136.1462    1131.8873 
   19900       199000    375.44197    375.44197    375.44197   0.95012557 0.0037366672   0.95578248   0.92986111   0.96473312   -3.6232968    270.21424   -3.6232968     1104.282    1100.6587 
   20000       200000    370.16713    370.16713    370.16713    1.0359551 0.0038986958    1.0387923    1.0205902    1.0484827    -3.604582    280.55186    -3.604582    1146.5286    1142.9241 
Loop time of 5.21733 on 4 procs for 20000 steps with 1372 atoms

Performance: 3312.037 ns/day, 0.007 hours/ns, 3833.376 timesteps/s
89.0% CPU use with 4 MPI tasks x no OpenMP threads

MPI task timing breakdown:
Section |  min time  |  avg time  |  max time  |%varavg| %total
---------------------------------------------------------------
Pair    | 0.95835    | 0.98069    | 0.99646    |   1.5 | 18.80
Neigh   | 0.39205    | 0.39864    | 0.40475    |   0.7 |  7.64
Comm    | 0.52349    | 0.54845    | 0.58039    |   3.2 | 10.51
Output  | 2.4016     | 2.402      | 2.4029     |   0.0 | 46.04
Modify  | 0.82182    | 0.83516    | 0.85225    |   1.2 | 16.01
Other   |            | 0.05243    |            |       |  1.00

Nlocal:    343 ave 356 max 324 min
Histogram: 1 0 0 0 1 0 0 0 0 2
Nghost:    150.25 ave 153 max 146 min
Histogram: 1 0 0 0 0 0 0 2 0 1
Neighs:    59.25 ave 70 max 52 min
Histogram: 1 0 1 1 0 0 0 0 0 1

Total # of neighbors = 237
Ave neighs/atom = 0.172741
Neighbor list builds = 1838
Dangerous builds = 1283

# the regular input script for finding the equilibrium state ends here

###############################################################################################
# the following lines just indicate possible further production step after the equilibration
###############################################################################################

# for removing fix 1
#unfix 1

# for removing the dump 1 command
#undump 1

# change the log file name
#log production.log

# enforcing another ensemble or the same for the production step
#fix 1 all nvt temp 180 180 100

# reset time step to zero
#reset_timestep 0

# set new time step
#timestep 5

# run more steps
#run 1000000

variable   natoms equal "count(all)"
print   "NUmber of atoms = ${natoms};"
NUmber of atoms = 1372;
quit
