run 20000
Neighbor list info ...
  1 neighbor list requests
  update every 1 steps, delay 10 steps, check yes
  max neighbors/atom: 2000, page size: 100000
  master list distance cutoff = 14
  ghost atom cutoff = 14
  binsize = 7 -> bins = 5 5 5
Memory usage per processor = 3.56761 Mbytes
Step Time Lx Ly Lz Press Density Pxx Pyy Pzz PotEng Temp PotEng KinEng TotEng 
       0            0         29.5         29.5         29.5   -1843.0009    2.8071313   -1854.4641   -1828.1645   -1846.3742   -1269.0745       275.15   -1269.0745    409.26477   -859.80973 
     100         1000    33.601934    33.601934    33.601934    372.88707    1.8994855    449.00048    381.43701    288.22371   -666.68713    263.97998   -666.68713    392.65021   -274.03691 
     200         2000     36.55707     36.55707     36.55707       279.42    1.4750768    304.51107    256.93836    276.81057   -503.62135    275.69286   -503.62135    410.07224   -93.549112 
     300         3000    39.631729    39.631729    39.631729    77.514748    1.1577099    102.50026    71.540448    58.503541   -411.63158    263.94119   -411.63158    392.59252   -19.039059 
     400         4000    42.870504    42.870504    42.870504    131.17652   0.91464594    140.14749    143.42723    109.95485   -320.19738    273.15706   -320.19738    406.30043    86.103043 
     500         5000    46.337227    46.337227    46.337227    112.02885   0.72433366    82.850695    117.11686    136.11899   -264.63695     286.1451   -264.63695    425.61915     160.9822 
     600         6000    50.627842    50.627842    50.627842    107.85989   0.55534203    101.34203    112.25126    109.98639   -212.73268    279.31319   -212.73268     415.4572    202.72453 
     700         7000    55.539196    55.539196    55.539196    72.263958   0.42065884     77.71299    67.610235    71.468649   -169.30047    255.31986   -169.30047    379.76894    210.46846 
     800         8000    61.046463    61.046463    61.046463    59.484003   0.31677235    66.247195    55.496115      56.7087   -135.67324    286.89233   -135.67324     426.7306    291.05735 
     900         9000    67.494069    67.494069    67.494069    51.476406   0.23438616    48.645021    50.465279    55.318918   -100.52924    262.59553   -100.52924    390.59095    290.06171 
    1000        10000    74.726692    74.726692    74.726692    37.348343   0.17270365    36.986302    32.645096    42.413632    -74.80342    267.93132    -74.80342    398.52754    323.72412 
    1100        11000    82.625618    82.625618    82.625618    32.542405   0.12775697    31.808928    30.857689    34.960597   -51.541196    288.66658   -51.541196    429.36966    377.82847 
    1200        12000     91.44645     91.44645     91.44645    22.769731  0.094238472    21.566136    22.598168    24.144891   -38.564238    276.22013   -38.564238    410.85651    372.29227 
    1300        13000    101.32719    101.32719    101.32719    15.892219  0.069270892    15.131228    15.783639     16.76179   -30.313011    260.82583   -30.313011    387.95865    357.64564 
    1400        14000    111.88051    111.88051    111.88051    11.524209  0.051459492    10.961339    11.278705    12.332585   -24.450208    261.72141   -24.450208    389.29076    364.84055 
    1500        15000    123.44811    123.44811    123.44811    10.189231   0.03830676    9.2077857    10.339192    11.020714   -16.197346    288.53848   -16.197346    429.17913    412.98178 
    1600        16000    136.06207    136.06207    136.06207    7.4523917  0.028609978    7.0561648    7.3944421    7.9065682   -13.536591    283.01914   -13.536591    420.96953    407.43294 
    1700        17000    149.50016    149.50016    149.50016    5.5708901  0.021567698    5.2409358    5.5706028    5.9011317   -10.197143    279.09907   -10.197143    415.13872    404.94158 
    1800        18000    163.90744    163.90744    163.90744    4.0412585  0.016365631    3.8555385     4.066758     4.201479    -7.665528    269.48727    -7.665528    400.84189    393.17636 
    1900        19000    178.86801    178.86801    178.86801    3.2367662  0.012593046    3.0023276    3.2900897    3.4178813   -5.9565686    276.18844   -5.9565686    410.80937    404.85281 
    2000        20000    194.06236    194.06236    194.06236    2.7117704 0.0098606342    2.5148103    2.7898934    2.8306076   -3.1111464    292.98141   -3.1111464    435.78764    432.67649 
    2100        21000       208.99       208.99       208.99    2.0685861 0.0078950018    1.9465278    2.0648925    2.1943378   -3.0153122    277.42648   -3.0153122    412.65086    409.63555 
    2200        22000    223.48911    223.48911    223.48911     1.661504 0.0064559427    1.5644297    1.6738533     1.746229   -2.3386894    274.71615   -2.3386894    408.61945    406.28076 
    2300        23000    236.53854    236.53854    236.53854    1.4919132 0.0054453155    1.4080906    1.4933003    1.5743488   -2.1545536    292.75555   -2.1545536    435.45169    433.29714 
    2400        24000    247.50001    247.50001    247.50001     1.213171 0.0047533866    1.1449205    1.2100801    1.2845125   -1.8299017    271.88793   -1.8299017    404.41269    402.58279 
    2500        25000    256.27579    256.27579    256.27579    1.0973466 0.0042815997    1.0269044    1.1001108    1.1650245   -1.9776332    274.08453   -1.9776332    407.67997    405.70234 
    2600        26000     262.0531     262.0531     262.0531    0.9946956 0.0040046158     0.931595   0.99880844    1.0536834   -1.7570158    264.65497   -1.7570158    393.65422     391.8972 
    2700        27000    265.32767    265.32767    265.32767   0.99197255  0.003858168   0.92768975   0.99843137    1.0497965   -1.0898834    274.11465   -1.0898834    407.72477    406.63489 
    2800        28000    265.73347    265.73347    265.73347    1.0305056 0.0038405196      0.96005    1.0385056    1.0929612   -1.3350712    285.69242   -1.3350712    424.94582    423.61075 
    2900        29000     264.8996     264.8996     264.8996    1.0404632 0.0038769025   0.97076185    1.0489749     1.101653   -1.4583267    285.85424   -1.4583267    425.18652     423.7282 
    3000        30000    264.43657    264.43657    264.43657    1.0112737 0.0038973037    0.9392883    1.0305292    1.0640036   -1.3579978      273.761   -1.3579978    407.19874    405.84075 
    3100        31000    266.17766    266.17766    266.17766      1.03665 0.0038213252   0.97607715    1.0491837    1.0846891   -1.5952617    290.05064   -1.5952617    431.42835    429.83308 
    3200        32000    271.19084    271.19084    271.19084   0.89502947 0.0036132976   0.84285518   0.90057973   0.94165349   -1.4836821    263.87502   -1.4836821     392.4941    391.01042 
    3300        33000    263.45655    263.45655    263.45655   0.97539446 0.0039409579   0.91998513   0.97926648    1.0269318   -1.8864437    264.92124   -1.8864437    394.05027    392.16383 
    3400        34000    257.41924    257.41924    257.41924    1.1592543 0.0042247962    1.0794584    1.1874688    1.2108356   -2.2070386    288.59781   -2.2070386    429.26737    427.06033 
    3500        35000    264.81305    264.81305    264.81305    1.0027416 0.0038807052   0.94167688    1.0149883    1.0515596   -2.0766165    276.64902   -2.0766165    411.49445    409.41784 
    3600        36000    266.53974    266.53974    266.53974   0.97597441  0.003805773   0.93912162   0.98618943    1.0026122   -1.4736993    269.25742   -1.4736993    400.50001    399.02631 
    3700        37000    265.26644    265.26644    265.26644   0.96354401 0.0038608405   0.90297265    0.9811484     1.006511   -1.6729978    266.61571   -1.6729978    396.57066    394.89766 
    3800        38000    263.66199    263.66199    263.66199    1.0290569 0.0039317529   0.96227291     1.047791    1.0771069   -1.3224838    278.83063   -1.3224838    414.73943    413.41695 
    3900        39000    267.04887    267.04887    267.04887   0.99571049 0.0037840474    0.9288602    1.0141851    1.0440862   -1.2769957    280.57798   -1.2769957    417.33849    416.06149 
    4000        40000    274.45187    274.45187    274.45187    0.9438123 0.0034860228   0.88076306   0.96721783   0.98345599   -1.2540495    287.47255   -1.2540495    427.59364    426.33959 
    4100        41000    262.14467    262.14467    262.14467    1.0717744  0.004000421    1.0032627     1.091155    1.1209054   -1.1833309    285.60569   -1.1833309    424.81682    423.63349 
    4200        42000    260.88151    260.88151    260.88151    1.0574387 0.0040588114   0.99118676    1.0806487    1.1004805   -1.1791555    275.65601   -1.1791555    410.01743    408.83828 
    4300        43000    266.13857    266.13857    266.13857    1.0379439 0.0038230089   0.95986463    1.0607337    1.0932333   -1.7541886    285.48407   -1.7541886    424.63592    422.88173 
    4400        44000    267.15238    267.15238    267.15238   0.95047739 0.0037796506   0.88386708   0.96136766    1.0061974   -1.6776268     268.8783   -1.6776268    399.93609    398.25846 
    4500        45000    262.91026    262.91026    262.91026    1.0517301  0.003965575   0.98371169    1.0574852    1.1139933   -1.8332091    283.42269   -1.8332091    421.56978    419.73657 
    4600        46000    262.51259    262.51259    262.51259   0.93983246 0.0039836244   0.87914028   0.94512874   0.99522838   -1.8370973    251.85937   -1.8370973    374.62172    372.78462 
    4700        47000    271.95383    271.95383    271.95383   0.92350517 0.0035829705   0.86348971   0.93531989   0.97170592   -1.2733978    271.69593   -1.2733978    404.12711    402.85371 
    4800        48000    268.18348    268.18348    268.18348   0.92926683 0.0037362223   0.87402177   0.92959999   0.98417874   -1.3688352     264.9896   -1.3688352    394.15195    392.78311 
    4900        49000    260.32715    260.32715    260.32715    1.0144184 0.0040847961   0.95393982    1.0233594    1.0659561   -1.5861262    265.58783   -1.5861262    395.04177    393.45565 
    5000        50000    265.76577    265.76577    265.76577     1.010635 0.0038391196   0.93339458    1.0346163    1.0638941    -1.703152    281.09389    -1.703152    418.10586    416.40271 
    5100        51000    268.26138    268.26138    268.26138   0.97594119 0.0037329682   0.90152432   0.99540428     1.030895   -1.1496563    278.59578   -1.1496563    414.39011    413.24045 
    5200        52000    262.84581    262.84581    262.84581    1.0012541 0.0039684928   0.91531516    1.0080178    1.0804292  -0.77385936    264.66178  -0.77385936    393.66435    392.89049 
    5300        53000    263.21968    263.21968    263.21968    1.0091371 0.0039516065   0.93125181    1.0220169    1.0741425   -1.0253618    272.25205   -1.0253618     404.9543    403.92894 
    5400        54000    271.45915    271.45915    271.45915   0.90919016 0.0036025941   0.84136348   0.92048777   0.96571922   -1.2903914    269.32801   -1.2903914    400.60501    399.31462 
    5500        55000    266.25799    266.25799    266.25799   0.95080027 0.0038178674   0.86634335   0.97197213    1.0140853   -2.3873586    266.57272   -2.3873586    396.50672    394.11936 
    5600        56000    259.26408    259.26408    259.26408    1.0677917 0.0041352494   0.95717055    1.0988264    1.1473781   -1.7670414    273.91998   -1.7670414    407.43522    405.66818 
    5700        57000    266.62545    266.62545    266.62545   0.96455327 0.0038021041   0.87375989    1.0042166    1.0156833   -1.4789105    271.14732   -1.4789105    403.31109    401.83218 
    5800        58000    267.69499    267.69499    267.69499    1.0058398 0.0037567133   0.90475733    1.0550119      1.05775   -1.6114191    283.14453   -1.6114191    421.15602     419.5446 
    5900        59000    263.06378    263.06378    263.06378    1.0359261 0.0039586365   0.93265986    1.0819013    1.0932172  -0.81303746    278.85639  -0.81303746    414.77775    413.96471 
    6000        60000    263.17479    263.17479    263.17479   0.97763367  0.003953629   0.88382637    1.0206711    1.0284036  -0.91943234    263.20458  -0.91943234    391.49687    390.57744 
    6100        61000    272.47846    272.47846    272.47846   0.89508958 0.0035623146   0.80166191   0.94239607   0.94121075  -0.84582207    266.30624  -0.84582207    396.11035    395.26452 
    6200        62000    266.18247    266.18247    266.18247    1.0335981 0.0038211178   0.92673326    1.0880833    1.0859777   -1.7284164    283.60726   -1.7284164    421.84431    420.11589 
    6300        63000    260.13445    260.13445    260.13445    1.0296692 0.0040938806   0.93467507    1.0785193    1.0758132   -2.0652112    266.33334   -2.0652112    396.15066    394.08545 
    6400        64000    266.97531    266.97531    266.97531     1.007129 0.0037871761   0.89914149     1.037347    1.0848986    -1.223346    278.17219    -1.223346    413.76005    412.53671 
    6500        65000    268.12196    268.12196    268.12196   0.96403964 0.0037387946   0.87195812    1.0044114    1.0157494   -1.5801783    275.52844   -1.5801783    409.82767    408.24749 
    6600        66000    263.48466    263.48466    263.48466    1.0046865 0.0039396964   0.90546213    1.0496214    1.0589761    -1.418188     272.5358    -1.418188    405.37635    403.95816 
    6700        67000    263.92115    263.92115    263.92115    1.0039242 0.0039201819   0.93636772     1.027619    1.0477859   -0.5105702    267.89092   -0.5105702    398.46744    397.95687 
    6800        68000    271.81236    271.81236    271.81236   0.96289164 0.0035885682   0.87517772    1.0020598    1.0114374  -0.88558036    286.02638  -0.88558036    425.44256    424.55698 
    6900        69000    266.08838    266.08838    266.08838   0.98162048 0.0038251727   0.89963662    1.0149384    1.0302864   -1.8022804    272.59501   -1.8022804    405.46442    403.66214 
    7000        70000    259.16153    259.16153    259.16153    1.0427291 0.0041401607   0.94504186    1.0843955    1.0987499   -1.6767861    269.15758   -1.6767861    400.35151    398.67472 
    7100        71000    266.11895    266.11895    266.11895   0.99376393 0.0038238546   0.89905616    1.0281975    1.0540381   -0.8185486    276.92963   -0.8185486    411.91184    411.09329 
    7200        72000    267.69349    267.69349    267.69349   0.97570605 0.0037567765   0.88133018    1.0097278    1.0360602  -0.74992713    276.53131  -0.74992713    411.31936    410.56943 
    7300        73000    263.55692    263.55692    263.55692    1.1017103  0.003936457    0.9838982    1.1314239    1.1898086   -1.3470933    295.88198   -1.3470933    440.10202    438.75493 
    7400        74000    264.08038    264.08038    264.08038   0.99595676 0.0039130949    0.9009134    1.0200397    1.0669172   -1.4248639    271.62302   -1.4248639    404.01865    402.59379 
    7500        75000    271.80994    271.80994    271.80994   0.92462687 0.0035886637   0.83957144   0.95628584   0.97802332   -1.0147612    274.55678   -1.0147612    408.38241    407.36764 
    7600        76000    268.03112    268.03112    268.03112   0.94565076 0.0037425976   0.86067629   0.97842017   0.99785581  -0.89028571     269.4893  -0.89028571    400.84491    399.95463 
    7700        77000    259.77071    259.77071    259.77071    1.0365835  0.004111102   0.94430481    1.0728865    1.0925591   -2.1759742    264.43128   -2.1759742    393.32149    391.14552 
    7800        78000    266.91375    266.91375    266.91375   0.95715411 0.0037897971   0.87772157   0.98347757    1.0102632  -0.93433337    268.61614  -0.93433337    399.54615    398.61182 
    7900        79000    268.00182    268.00182    268.00182   0.95627202 0.0037438252   0.87788866   0.98642446    1.0045029  -0.58037568    271.83487  -0.58037568    404.33377     403.7534 
    8000        80000    261.48293    261.48293    261.48293    1.0773459 0.0040308697   0.99616026    1.1200499    1.1158276   -1.5456593    283.79504   -1.5456593    422.12361    420.57795 
    8100        81000    264.79114    264.79114    264.79114    1.0036065 0.0038816685   0.92020704    1.0445075    1.0461051   -1.6666035    275.57873   -1.6666035    409.90248    408.23588 
    8200        82000    270.99222    270.99222    270.99222     0.925286 0.0036212483   0.84659929   0.96580334   0.96345537  -0.95873371    272.21093  -0.95873371    404.89313     403.9344 
    8300        83000    262.16292    262.16292    262.16292    1.1011415 0.0039995856    1.0026115    1.1575155    1.1432975  -0.62712613     291.2629  -0.62712613    433.23149    432.60436 
    8400        84000    256.26226    256.26226    256.26226    1.1195759 0.0042822775    1.0267023    1.1667439    1.1652813   -1.0416838    278.90315   -1.0416838     414.8473    413.80561 
    8500        85000    266.07964    266.07964    266.07964     1.013506 0.0038255496   0.92554337    1.0597603    1.0552143  -0.85181573    282.28817  -0.85181573    419.88226    419.03044 
    8600        86000    267.14312    267.14312    267.14312    0.9315228 0.0037800433   0.84904894   0.97344669   0.97207278  -0.63304408    262.36893  -0.63304408    390.25389    389.62085 
    8700        87000    263.66536    263.66536    263.66536    0.9558162  0.003931602   0.86957935   0.99477513    1.0030941  -0.99387702    259.33539  -0.99387702    385.74174    384.74787 
    8800        88000    264.67104    264.67104    264.67104    1.0428031 0.0038869549   0.95488643    1.0757085    1.0978144   -1.6152981    285.97861   -1.6152981    425.37151    423.75621 
    8900        89000    274.36962    274.36962    274.36962   0.86218124 0.0034891585    0.7899463   0.88694481   0.90965261    -1.476411    264.20636    -1.476411    392.98693    391.51052 
    9000        90000    264.96022    264.96022    264.96022    1.0075012 0.0038742421   0.92398737    1.0420363    1.0564798   -1.8940129    276.83825   -1.8940129    411.77592    409.88191 
    9100        91000    261.27366    261.27366    261.27366    1.0150047 0.0040405632   0.92982951    1.0348266     1.080358   -2.6830458    265.84881   -2.6830458    395.42996    392.74692 
    9200        92000    267.29029    267.29029    267.29029    1.0034929 0.0037738031   0.92776686    1.0399127    1.0427992   -1.3272105      283.937   -1.3272105    422.33477    421.00756 
    9300        93000    268.44075    268.44075    268.44075    1.0073936 0.0037254905   0.92903227    1.0408662    1.0522823   -1.3357067    286.32272   -1.3357067    425.88334    424.54764 
    9400        94000    260.92351    260.92351    260.92351    1.0574204  0.004056852   0.97848656    1.0889013    1.1048732   -1.5685911    278.55737   -1.5685911    414.33297    412.76438 
    9500        95000      262.391      262.391      262.391   0.97620563 0.0039891648   0.90185882     0.990786    1.0359721   -1.9097286    261.80922   -1.9097286    389.42137    387.51164 
    9600        96000    270.10802    270.10802    270.10802   0.95872743 0.0036569273   0.88248809    0.9729568    1.0207374   -1.2100756    278.05113   -1.2100756    413.57998     412.3699 
    9700        97000    264.97263    264.97263    264.97263    1.0373003 0.0038736977   0.96215421    1.0548182    1.0949284   -1.2879119    285.59696   -1.2879119    424.80383    423.51592 
    9800        98000    260.01399    260.01399    260.01399    1.0032802 0.0040995732   0.92087139    1.0071743     1.081795  -0.95453062    258.71289  -0.95453062    384.81581    383.86128 
    9900        99000    268.43699    268.43699    268.43699   0.98067931 0.0037256471   0.91036731   0.99905014    1.0326205  -0.91628996    277.95152  -0.91628996    413.43182    412.51553 
   10000       100000    269.99952    269.99952    269.99952   0.97477184 0.0036613379   0.90458931   0.98189292    1.0378333   -1.4209298    282.62178   -1.4209298    420.37848    418.95755 
   10100       101000    260.89236    260.89236    260.89236    1.0192346 0.0040583052   0.94096858    1.0332981    1.0834372   -1.1742853    267.52765   -1.1742853    397.92711    396.75282 
   10200       102000    262.47884    262.47884    262.47884    1.0083308 0.0039851613   0.93144965    1.0203125    1.0732303  -0.86580447    269.67526  -0.86580447    401.12152    400.25571 
   10300       103000    268.27968    268.27968    268.27968    0.9940416 0.0037322046   0.92553535   0.98893395    1.0676555   -1.2220401    284.07329   -1.2220401    422.53749    421.31545 
   10400       104000    266.91606    266.91606    266.91606     1.040607 0.0037896986   0.96620148    1.0388382    1.1167813   -1.2969074     291.8381   -1.2969074    434.08706    432.79015 
   10500       105000    264.28646    264.28646    264.28646    1.0188491 0.0039039483   0.94747873    1.0166779    1.0923908  -0.80155603    277.70157  -0.80155603    413.06004    412.25849 
   10600       106000    264.78697    264.78697    264.78697    1.0228222 0.0038818519   0.95135264     1.017585    1.0995291  -0.58060001    280.38168  -0.58060001    417.04651    416.46591 
   10700       107000    266.21491    266.21491    266.21491    1.0033977 0.0038197211   0.93769891    1.0020769    1.0704173   -1.6886241    279.93003   -1.6886241     416.3747    414.68608 
   10800       108000    266.12945    266.12945    266.12945    0.9467351  0.003823402   0.87994827   0.93812076    1.0221363   -1.4094629    263.58192   -1.4094629    392.05812    390.64866 
   10900       109000    261.17834    261.17834    261.17834    1.0597196 0.0040449885   0.99179378    1.0518272    1.1355377    -1.384858    279.12293    -1.384858    415.17421    413.78935 
   11000       110000     261.4312     261.4312     261.4312    1.0030539  0.004033263   0.93900232   0.99277985    1.0773794   -1.7177085    265.00232   -1.7177085    394.17087    392.45316 
   11100       111000    271.86618    271.86618    271.86618   0.94603061 0.0035864373   0.88954019    0.9305779    1.0179738   -1.3571061    278.49237   -1.3571061     414.2363    412.87919 
   11200       112000    266.28043    266.28043    266.28043    1.0368275 0.0038169022   0.97344171     1.030024    1.1070169  -0.80508139    289.42021  -0.80508139    430.49062    429.68554 
   11300       113000    262.79552    262.79552    262.79552    1.0256182 0.0039707714   0.96458002    1.0255842    1.0866904  -0.34562379    271.43735  -0.34562379    403.74249    403.39687 
   11400       114000    265.95358    265.95358    265.95358   0.98958332  0.003830992   0.92960501   0.97984633    1.0592986  -0.89663701    275.32976  -0.89663701    409.53215    408.63551 
   11500       115000    267.31057    267.31057    267.31057   0.93498272  0.003772944   0.88289204   0.92183115     1.000225   -1.7861033    264.45875   -1.7861033    393.36234    391.57624 
   11600       116000    262.24297    262.24297    262.24297   0.98516378 0.0039959241   0.91765187    0.9827842    1.0550553   -1.9777828    260.35501   -1.9777828    387.25834    385.28056 
   11700       117000    262.10704    262.10704    262.10704    1.0222038 0.0040021443   0.96656092    1.0057411    1.0943094   -1.8668875    273.54431   -1.8668875    406.87644    405.00955 
   11800       118000    272.46526    272.46526    272.46526   0.89751044 0.0035628323   0.85177826   0.88868349   0.95206956   -1.9648786    269.11099   -1.9648786     400.2822    398.31732 
   11900       119000    265.91146    265.91146    265.91146   0.94588791 0.0038328131   0.89208668    0.9411984    1.0043786   -1.9068882    260.58606   -1.9068882    387.60201    385.69512 
   12000       120000    260.60365    260.60365    260.60365    1.0304937 0.0040718082   0.98011927    1.0197226    1.0916392   -1.4006859    268.57667   -1.4006859    399.48745    398.08676 
   12100       121000    267.11564    267.11564    267.11564   0.92433667 0.0037812101   0.87445094   0.91925984   0.97929923   -1.3587179    260.80714   -1.3587179    387.93085    386.57214 
   12200       122000    268.45401    268.45401    268.45401   0.95963518 0.0037249384   0.88068323   0.96744786    1.0307744   0.16424659    264.93525   0.16424659     394.0711    394.23535 
   12300       123000    263.36084    263.36084    263.36084   0.99985448 0.0039452562    0.9520205    1.0047531    1.0427898  -0.69400656    269.06401  -0.69400656    400.21232    399.51831 
   12400       124000      262.596      262.596      262.596    1.0618057 0.0039798293    1.0124641    1.0575099    1.1154432   -1.1409915    284.51789   -1.1409915     423.1988    422.05781 
   12500       125000    273.12688    273.12688    273.12688   0.90776605 0.0035370031   0.86354055   0.90438083   0.95537677   -1.1220038    273.48325   -1.1220038    406.78561    405.66361 
   12600       126000    267.36299    267.36299    267.36299   0.99660762 0.0037707256   0.94659864   0.99584271    1.0473815  -0.53082686     281.1724  -0.53082686    418.22264    417.69181 
   12700       127000    261.60796    261.60796    261.60796   0.99926025 0.0040250929   0.94798515   0.99808673    1.0517089  -0.96253488    264.86035  -0.96253488     393.9597    392.99717 
   12800       128000     265.8328     265.8328     265.8328   0.97770327 0.0038362161   0.92255565   0.98063597    1.0299182   -1.6688154    272.47699   -1.6688154    405.28888    403.62006 
   12900       129000    267.97619    267.97619    267.97619   0.97281749 0.0037448993   0.91596607   0.98212663    1.0203598   -1.7239693     274.4659   -1.7239693    408.24723    406.52326 
   13000       130000    263.37236    263.37236    263.37236      1.00215 0.0039447385   0.96018411   0.99777617    1.0484898   -1.3050293     269.0178   -1.3050293     400.1436    398.83857 
   13100       131000    259.09933    259.09933    259.09933    1.1509384  0.004143143    1.0754688    1.1438459    1.2335005  -0.38927779    290.40016  -0.38927779    431.94822    431.55894 
   13200       132000    268.60503    268.60503    268.60503    1.0196163 0.0037186591   0.97110828    1.0308318    1.0569089  -0.94985347     292.1185  -0.94985347    434.50414    433.55428 
   13300       133000    269.41453    269.41453    269.41453   0.97777698 0.0036852399   0.92916748    0.9844671    1.0196964  -0.83124687    282.57035  -0.83124687    420.30197    419.47073 
   13400       134000    260.74377    260.74377    260.74377   0.98972778 0.0040652474   0.93950659   0.99324624    1.0364305  -0.94227264    259.48855  -0.94227264    385.96956    385.02728 
   13500       135000     263.2493     263.2493     263.2493    1.0524418 0.0039502731   0.99630387    1.0561116      1.10491  -0.54902709    283.36388  -0.54902709     421.4823    420.93327 
   13600       136000    268.24195    268.24195    268.24195   0.94325072 0.0037337796   0.89290237   0.94599018    0.9908596   -0.6669931    268.58893   -0.6669931    399.50567    398.83868 
   13700       137000    265.92455    265.92455    265.92455   0.92149618 0.0038322469   0.87100481   0.92384637   0.96963738  -0.66302436    256.10442  -0.66302436    380.93591    380.27289 
   13800       138000    263.15999    263.15999    263.15999    1.0496914 0.0039542964   0.98416805    1.0377985    1.1271076  -0.95123008    277.02549  -0.95123008    412.05442    411.10319 
   13900       139000    266.41773    266.41773    266.41773    1.0154848 0.0038110038   0.95952188    1.0188963    1.0680362  -0.78643607    283.86938  -0.78643607    422.23419    421.44775 
   14000       140000    270.88508    270.88508    270.88508    0.9953643  0.003625547   0.93985387    1.0011832    1.0450558   -1.3142316    292.74447   -1.3142316    435.43522    434.12099 
   14100       141000    264.00069    264.00069    264.00069    1.0046037 0.0039166397    0.9476329    1.0096361    1.0565422   -1.4101053    272.21982   -1.4101053    404.90635    403.49625 
   14200       142000     259.8702     259.8702     259.8702    1.1002682 0.0041063817     1.034639    1.1186115    1.1475541  -0.83111017    285.30682  -0.83111017    424.37227    423.54116 
   14300       143000    268.42508    268.42508    268.42508     1.016902 0.0037261431   0.95544912     1.031855    1.0634019  -0.84380261    289.53702  -0.84380261    430.66437    429.82057 
   14400       144000    267.81791    267.81791    267.81791   0.98405928 0.0037515429   0.93170242   0.99789997    1.0225754   -1.3048758    279.19444   -1.3048758    415.28056    413.97569 
   14500       145000     264.7192     264.7192     264.7192   0.98611952  0.003884834     0.934441   0.99968573    1.0242318  -0.70324988    270.29072  -0.70324988    402.03696    401.33371 
   14600       146000    264.43961    264.43961    264.43961    1.0079247 0.0038971692   0.95108784    1.0321764    1.0405098   -0.7434999    273.30547   -0.7434999    406.52117    405.77767 
   14700       147000     267.9247     267.9247     267.9247   0.95275972  0.003747059   0.90513627   0.96378758   0.98935531  -0.41548023    270.31399  -0.41548023    402.07157    401.65609 
   14800       148000    265.42462    265.42462    265.42462    0.9716902 0.0038539421   0.91325161    1.0018381   0.99998086  -0.83433175    265.47079  -0.83433175    394.86768    394.03335 
   14900       149000    261.70293    261.70293    261.70293    1.0453923 0.0040207127   0.99885522    1.0546223    1.0826993   -1.2226743    273.65343   -1.2226743    407.03873    405.81606 
   15000       150000    268.00732    268.00732    268.00732   0.95230852 0.0037435946   0.90604663    0.9640209   0.98685802  -0.98730183    265.59932  -0.98730183    395.05886    394.07156 
   15100       151000    272.09599    272.09599    272.09599   0.91915899 0.0035773578   0.86779883   0.94327999   0.94639817   -1.8843978    273.87532   -1.8843978    407.36879    405.48439 
   15200       152000     261.5857     261.5857     261.5857    1.0787144 0.0040261207     1.031114    1.0950254    1.1100039   -1.4143443    285.33331   -1.4143443    424.41167    422.99733 
   15300       153000    263.35896    263.35896    263.35896     1.025484 0.0039453404   0.99207657    1.0260467    1.0583288   -1.7210122    273.99125   -1.7210122    407.54122    405.82021 
   15400       154000    267.85853    267.85853    267.85853   0.93258109 0.0037498365   0.89879464   0.94409706   0.95485159   -2.3719879    264.56954   -2.3719879    393.52715    391.15516 
   15500       155000    265.87059    265.87059    265.87059     1.060034 0.0038345808    1.0138779     1.078668     1.087556    -1.148002    293.57704    -1.148002    436.67359    435.52559 
   15600       156000    259.25701    259.25701    259.25701    1.0910189 0.0041355878    1.0382973    1.1234125    1.1113469  -0.49418986    277.17119  -0.49418986    412.27114    411.77695 
   15700       157000    264.75808    264.75808    264.75808    1.0469883 0.0038831226    1.0044578    1.0680021     1.068505    -1.188425     287.7148    -1.188425    427.95395    426.76553 
   15800       158000     272.3016     272.3016     272.3016    0.9287921 0.0035692601   0.89831469   0.93891445   0.94914715   -1.3710264    277.33284   -1.3710264    412.51159    411.14056 
   15900       159000    263.13923    263.13923    263.13923     1.003258  0.003955232   0.96663129    1.0251521    1.0179905   -1.0817874    268.57349   -1.0817874    399.48271    398.40092 
   16000       160000    262.15509    262.15509    262.15509    1.0419676  0.003999944    1.0289947    1.0371826    1.0597256  -0.66608303    272.63811  -0.66608303    405.52853    404.86245 
   16100       161000    267.60154    267.60154    267.60154    1.0176081 0.0037606503   0.98916802    1.0249156    1.0387406   -1.2188114    288.51973   -1.2188114    429.15123    427.93241 
   16200       162000    266.61187    266.61187    266.61187    0.9467388 0.0038026849    0.9168404   0.95306263   0.97031335   -1.4153412    265.30289   -1.4153412    394.61794     393.2026 
   16300       163000     264.2529     264.2529     264.2529   0.99867626 0.0039054359   0.97314179    1.0035722    1.0193148   -1.5235093    271.69061   -1.5235093    404.11919    402.59568 
   16400       164000    265.69045    265.69045    265.69045   0.99042038 0.0038423854   0.96341584   0.99811292    1.0097324   -1.8793924    274.70461   -1.8793924    408.60228    406.72289 
   16500       165000    271.75529    271.75529    271.75529   0.98454449 0.0035908294   0.94984892   0.99753466    1.0062499  -0.53789034     291.6496  -0.53789034    433.80668    433.26879 
   16600       166000     268.0929     268.0929     268.0929   0.96845194 0.0037400107   0.91462148   0.98382901    1.0069053  -0.35452309     275.1492  -0.35452309    409.26358    408.90906 
   16700       167000    259.69007    259.69007    259.69007    1.0269235 0.0041149327   0.96801015     1.043942    1.0688183  -0.75959584     265.9304  -0.75959584    395.55131    394.79172 
   16800       168000    265.85346    265.85346    265.85346    1.0645117 0.0038353218    1.0015124    1.0835908     1.108432   -1.7903136    294.93219   -1.7903136    438.68927    436.89896 
   16900       169000    269.16929    269.16929    269.16929   0.94716586 0.0036953217   0.88133192   0.99220559   0.96796006  -0.32803133    266.17396  -0.32803133    395.91359    395.58556 
   17000       170000    265.59681    265.59681    265.59681   0.97446387  0.003846451   0.90661595   0.99594039    1.0208353  -0.99857598    265.86262  -0.99857598     395.4505    394.45192 
   17100       171000    264.85903    264.85903    264.85903    1.0526197 0.0038786845   0.97698142    1.0710481    1.1098295   -1.6037135    288.52275   -1.6037135    429.15573    427.55202 
   17200       172000    266.56467    266.56467    266.56467   0.98610414 0.0038047054   0.92974861    1.0090793    1.0194845   -1.6934477    277.03883   -1.6934477    412.07426    410.38081 
   17300       173000    266.92497    266.92497    266.92497    1.0306312 0.0037893192   0.96892153    1.0594703    1.0635016   -2.0533442    288.87787   -2.0533442    429.68394     427.6306 
   17400       174000    262.52249    262.52249    262.52249    1.0169558 0.0039831735   0.95513084    1.0420433    1.0536933   -1.9476773    273.29625   -1.9476773    406.50746    404.55978 
   17500       175000    263.36542    263.36542    263.36542    1.0307838 0.0039450503   0.96909745    1.0498861     1.073368   -2.0490038    279.68383   -2.0490038    416.00851     413.9595 
   17600       176000     272.2232     272.2232     272.2232   0.92634785 0.0035723447    0.8711569   0.93624801   0.97163865   -2.4491739    277.56712   -2.4491739    412.86005    410.41088 
   17700       177000    267.70703    267.70703    267.70703   0.93551002 0.0037562065   0.89011201   0.95061665   0.96580139   -1.5585225    266.77499   -1.5585225    396.80758    395.24906 
   17800       178000    259.17294    259.17294    259.17294    1.0443354 0.0041396138    1.0030127      1.05794    1.0720533   -1.8111649    268.60211   -1.8111649    399.52528    397.71412 
   17900       179000    265.44411    265.44411    265.44411   0.96645598 0.0038530931   0.91902577    0.9851349   0.99520729   -1.6585335    265.49462   -1.6585335    394.90312    393.24459 
   18000       180000    268.89178    268.89178    268.89178   0.98235081 0.0037067748   0.93532315    1.0004818    1.0112475   -1.3627521     281.5138   -1.3627521    418.73045     417.3677 
   18100       181000    263.25394    263.25394    263.25394    1.0507828 0.0039500642   0.99801431    1.0580612    1.0962728   -1.6764708    281.44346   -1.6764708    418.62582    416.94935 
   18200       182000    260.74383    260.74383    260.74383    1.0136225 0.0040652442   0.97090118     1.028836    1.0411304   -1.7276992    263.91717   -1.7276992    392.55678    390.82908 
   18300       183000    276.41786    276.41786    276.41786   0.84435934 0.0034121684   0.80834132   0.85360453   0.87113216  -0.98793552     264.0831  -0.98793552    392.80359    391.81566 
   18400       184000    268.80906    268.80906    268.80906   0.94787599 0.0037101978   0.90452645   0.96840794   0.97069358   -1.5209481    272.91869   -1.5209481    405.94587    404.42492 
   18500       185000    261.59092    261.59092    261.59092    1.0192151 0.0040258799    0.9754519    1.0416062    1.0405873    -1.316613    270.66534    -1.316613    402.59417    401.27756 
   18600       186000    264.94132    264.94132    264.94132    1.0371243 0.0038750712   0.98822742     1.053875    1.0692704  -0.88645509    285.32061  -0.88645509    424.39278    423.50633 
   18700       187000    269.75282    269.75282    269.75282     1.000803 0.0036713923   0.94905266    1.0251874    1.0281689  -0.85053946    289.29984  -0.85053946    430.31158    429.46104 
   18800       188000    262.60637    262.60637    262.60637    1.0804791 0.0039793581    1.0240207     1.102521    1.1148957   -1.4255132    289.13659   -1.4255132    430.06876    428.64325 
   18900       189000    256.62129    256.62129    256.62129     1.084822 0.0042643291    1.0354716    1.1050256    1.1139687  -0.87802428    271.30312  -0.87802428    403.54283    402.66481 
   19000       190000    266.26141    266.26141    266.26141   0.98530591 0.0038177204   0.95149118   0.99125182    1.0131747  -0.49293492    270.21383  -0.49293492    401.92259    401.42966 
   19100       191000    266.91399    266.91399    266.91399    1.0488978 0.0037897869     1.012722    1.0727766    1.0611948 -0.081796259    287.45378 -0.081796259    427.56571    427.48391 
   19200       192000    263.94765    263.94765    263.94765    1.0314593  0.003919001   0.99269254    1.0350971    1.0665882   -1.1890126    280.89745   -1.1890126    417.81367    416.62466 
   19300       193000    262.31056    262.31056    262.31056   0.99938749 0.0039928361   0.95889462   0.99928396    1.0399839   -1.7643997    266.67607   -1.7643997    396.66044    394.89604 
   19400       194000    270.69224    270.69224    270.69224   0.91450672 0.0036333009   0.87552299   0.90806735   0.95992981   -1.2652829    268.27744   -1.2652829    399.04237    397.77708 
   19500       195000    268.67199    268.67199    268.67199   0.98223852 0.0037158793   0.92921373   0.98604189    1.0314599   -2.1389827    280.49764   -2.1389827    417.21899    415.08001 
   19600       196000     259.9378     259.9378     259.9378    1.0951141 0.0041031788    1.0250028    1.0901178    1.1702218    -1.744094    282.06815    -1.744094      419.555     417.8109 
   19700       197000    265.74449    265.74449    265.74449   0.98837582 0.0038400419   0.94653068     0.966362    1.0522348   -1.3558139    271.53097   -1.3558139    403.88174    402.52593 
   19800       198000    269.04602    269.04602    269.04602    1.0148685 0.0037004032   0.98450568    1.0007781    1.0593218   -1.0547574    288.35285   -1.0547574    428.90301    427.84826 
   19900       199000    266.04704    266.04704    266.04704   0.91696073 0.0038269562    0.8930087   0.90368233   0.95419116  -0.98528982    255.47821  -0.98528982    380.00448    379.01919 
   20000       200000    262.85661    262.85661    262.85661    1.0360588 0.0039680035   0.98940691    1.0365101    1.0822593  0.064385388    271.14162  0.064385388    403.30261    403.36699 
Loop time of 3.73717 on 4 procs for 20000 steps with 500 atoms

Performance: 4623.822 ns/day, 0.005 hours/ns, 5351.646 timesteps/s
82.8% CPU use with 4 MPI tasks x no OpenMP threads

MPI task timing breakdown:
Section |  min time  |  avg time  |  max time  |%varavg| %total
---------------------------------------------------------------
Pair    | 0.14239    | 0.14999    | 0.15663    |   1.6 |  4.01
Neigh   | 0.13077    | 0.13314    | 0.13728    |   0.7 |  3.56
Comm    | 0.31894    | 0.33887    | 0.35577    |   2.3 |  9.07
Output  | 2.6305     | 2.6309     | 2.6318     |   0.0 | 70.40
Modify  | 0.44615    | 0.45323    | 0.46401    |   1.1 | 12.13
Other   |            | 0.03106    |            |       |  0.83

Nlocal:    125 ave 130 max 121 min
Histogram: 1 0 1 0 0 1 0 0 0 1
Nghost:    91.75 ave 99 max 83 min
Histogram: 1 0 0 0 0 1 1 0 0 1
Neighs:    18.75 ave 26 max 13 min
Histogram: 1 0 1 0 0 1 0 0 0 1

Total # of neighbors = 75
Ave neighs/atom = 0.15
Neighbor list builds = 1854
Dangerous builds = 1331

# the regular input script for finding the equilibrium state ends here

###############################################################################################
# the following lines just indicate possible further production step after the equilibration
###############################################################################################

# for removing fix 1
#unfix 1

# for removing the dump 1 command
#undump 1

# change the log file name
#log production.log

# enforcing another ensemble or the same for the production step
#fix 1 all nvt temp 180 180 100

# reset time step to zero
#reset_timestep 0

# set new time step
#timestep 5

# run more steps
#run 1000000

variable   natoms equal "count(all)"
print   "NUmber of atoms = ${natoms};"
NUmber of atoms = 500;
quit
