run 20000
Neighbor list info ...
  1 neighbor list requests
  update every 1 steps, delay 10 steps, check yes
  max neighbors/atom: 2000, page size: 100000
  master list distance cutoff = 14
  ghost atom cutoff = 14
  binsize = 7 -> bins = 8 8 8
Memory usage per processor = 3.67567 Mbytes
Step Time Lx Ly Lz Press Density Pxx Pyy Pzz PotEng Temp PotEng KinEng TotEng 
       0            0         53.1         53.1         53.1    -1841.791    2.8071313   -1850.5386   -1837.5735   -1837.2607   -7401.2425       275.15   -7401.2425    2390.7952   -5010.4473 
     100         1000    57.019262    57.019262    57.019262    898.71973    2.2671566    850.65213    913.95221    931.55487   -4649.9178    269.55405   -4649.9178    2342.1717   -2307.7462 
     200         2000    61.665941    61.665941    61.665941     384.2596    1.7922979    394.18811    331.56119    427.02951   -3642.3334    274.77584   -3642.3334    2387.5441   -1254.7893 
     300         3000    65.394135    65.394135    65.394135     249.8592    1.5028993     259.7055    213.08745    276.78465   -3037.7853    271.80748   -3037.7853    2361.7519    -676.0334 
     400         4000    68.805481    68.805481    68.805481    152.27969    1.2902599    154.90177    144.94906    156.98826    -2630.754    269.85869    -2630.754    2344.8187   -285.93536 
     500         5000    72.283656    72.283656    72.283656    161.81101    1.1128227    151.19518    196.68036    137.55749   -2280.1375    272.05892   -2280.1375    2363.9366    83.799143 
     600         6000     75.93213     75.93213     75.93213    130.54708   0.95999627    136.08227    133.49555    122.06343   -1992.6915    276.46176   -1992.6915    2402.1931    409.50164 
     700         7000    79.703742    79.703742    79.703742    131.34713    0.8300613    133.70652    126.98174    133.35312   -1733.1144    276.20481   -1733.1144    2399.9605    666.84608 
     800         8000    84.052672    84.052672    84.052672    123.66129    0.7077693    136.72247    112.71936    121.54205    -1491.843    275.22683    -1491.843    2391.4628    899.61985 
     900         9000    88.641167    88.641167    88.641167    107.18723   0.60344807    105.61391    101.77552    114.17225   -1294.1495    275.78615   -1294.1495    2396.3227    1102.1732 
    1000        10000     93.57908     93.57908     93.57908    88.420849   0.51287317    99.254959     80.38008    85.627508   -1138.8588    278.38718   -1138.8588    2418.9233    1280.0645 
    1100        11000      98.7551      98.7551      98.7551    76.667516   0.43638287    72.323394    69.838819    87.840336   -982.10444    273.86226   -982.10444     2379.606    1397.5015 
    1200        12000    104.47226    104.47226    104.47226    69.871639   0.36858982    65.727986    72.174392    71.712538   -846.51464    272.37332   -846.51464    2366.6685    1520.1538 
    1300        13000    110.57125    110.57125    110.57125    64.925672   0.31089926    64.022029    67.973721    62.781265   -730.00497    273.97004   -730.00497    2380.5424    1650.5375 
    1400        14000    117.17647    117.17647    117.17647    55.848266   0.26123122    56.434752    54.357357    56.752688   -618.83987    273.20868   -618.83987    2373.9269    1755.0871 
    1500        15000    124.19623    124.19623    124.19623    47.832427   0.21939215     46.92921    49.927218    46.640853   -539.00234     277.5078   -539.00234    2411.2823    1872.2799 
    1600        16000    131.72408    131.72408    131.72408    42.033725   0.18388688    41.621811    41.770865    42.708499   -464.65726    276.82216   -464.65726    2405.3247    1940.6675 
    1700        17000    139.79182    139.79182    139.79182    34.816921   0.15385126    33.478776    34.674472    36.297515   -393.78424    272.64374   -393.78424    2369.0182    1975.2339 
    1800        18000    148.28712    148.28712    148.28712    29.722847   0.12889497    28.051037    29.897054    31.220452   -332.76741    274.93253   -332.76741    2388.9056    2056.1382 
    1900        19000    157.36938    157.36938    157.36938    25.429975   0.10784143    24.146149     25.55679    26.586985   -280.68926    271.93916   -280.68926     2362.896    2082.2068 
    2000        20000    166.95409    166.95409    166.95409    21.341063  0.090314003    21.251019    20.518594    22.253576   -232.12393    276.89414   -232.12393    2405.9502    2173.8262 
    2100        21000    177.00414    177.00414    177.00414    17.666806  0.075787227    17.434494    17.360809    18.205116   -197.33331    268.38274   -197.33331     2331.994    2134.6607 
    2200        22000    187.77406    187.77406    187.77406     15.61323  0.063480378    15.248611    15.665177    15.925903   -171.05289    275.12261   -171.05289    2390.5573    2219.5044 
    2300        23000    198.95903    198.95903    198.95903    13.633782  0.053364851    13.729061    13.541284    13.631001   -142.92008    277.35281   -142.92008    2409.9355    2267.0155 
    2400        24000    210.81928    210.81928    210.81928    11.081875  0.044855461    11.166801     11.07442    11.004405   -115.37759    272.83994   -115.37759    2370.7229    2255.3453 
    2500        25000    223.20073    223.20073    223.20073     9.755756  0.037797184    9.7605593    9.8184931    9.6882155   -101.98905    279.47827   -101.98905    2428.4038    2326.4148 
    2600        26000     236.2763     236.2763     236.2763    8.1554726  0.031862938    8.0990077    8.1971539    8.1702563   -90.606654    278.75367   -90.606654    2422.1077     2331.501 
    2700        27000    249.88671    249.88671    249.88671     6.760489  0.026934989    6.5920832    6.8413777    6.8480059   -82.308197    271.78052   -82.308197    2361.5176    2279.2094 
    2800        28000    263.96507    263.96507    263.96507    5.7572212  0.022851091    5.7038972    5.7845861    5.7831803    -62.95403    275.55799    -62.95403    2394.3403    2331.3863 
    2900        29000    278.51142    278.51142    278.51142    4.9674048  0.019454374       4.9351    5.0252444    4.9418699    -55.36658    277.37197    -55.36658    2410.1021    2354.7355 
    3000        30000    293.62521    293.62521    293.62521    4.2896937  0.016602225     4.264276    4.2849093    4.3198959   -49.446392    275.74183   -49.446392    2395.9376    2346.4912 
    3100        31000    308.99467    308.99467    308.99467    3.7026246  0.014246012    3.7052991    3.7378832    3.6646913   -41.542021    280.53698   -41.542021     2437.603     2396.061 
    3200        32000    324.65774    324.65774    324.65774     3.137956  0.012281997    3.1652249    3.1348751     3.113768   -35.727388    274.14375   -35.727388    2382.0519    2346.3245 
    3300        33000    340.38075    340.38075    340.38075    2.7714486  0.010657401    2.8002126    2.7756591    2.7384741    -32.13885    278.73741    -32.13885    2421.9665    2389.8276 
    3400        34000    356.14776    356.14776    356.14776     2.338197 0.0093036989     2.324988    2.3559509    2.3336522   -25.998632    267.61714   -25.998632    2325.3417    2299.3431 
    3500        35000    371.71428    371.71428    371.71428     2.151539 0.0081831135    2.1542614    2.1739644     2.126391   -24.043186    280.29768   -24.043186    2435.5237    2411.4805 
    3600        36000    386.93854    386.93854    386.93854    1.8434279 0.0072547144    1.8233565    1.8734544    1.8334728   -19.083267    271.92651   -19.083267    2362.7861    2343.7029 
    3700        37000    401.41026    401.41026    401.41026    1.7154507 0.0064980177    1.7219862    1.7326426    1.6917234   -19.310784     279.2184   -19.310784    2426.1458     2406.835 
    3800        38000    415.24111    415.24111    415.24111    1.4978309 0.0058700968    1.4862677    1.5136511    1.4935738   -19.597897    272.22822   -19.597897    2365.4077    2345.8098 
    3900        39000    427.98751    427.98751    427.98751    1.3747573 0.0053610889    1.3754094    1.3860298    1.3628326    -16.41384    273.06202    -16.41384    2372.6526    2356.2388 
    4000        40000    439.40571    439.40571    439.40571    1.2814764 0.0049539224    1.2729745    1.2904785    1.2809761   -14.606514    276.18465   -14.606514    2399.7853    2385.1788 
    4100        41000    449.51707    449.51707    449.51707    1.1899458 0.0046270877    1.1839329    1.1981016    1.1878028   -14.097698    274.27841   -14.097698    2383.2219    2369.1242 
    4200        42000     458.3722     458.3722     458.3722    1.1239855 0.0043640677    1.1139798    1.1371734    1.1208033   -13.075309    273.70104   -13.075309    2378.2051    2365.1298 
    4300        43000    465.19262    465.19262    465.19262    1.0725727 0.0041749171    1.0652494    1.0828281    1.0696407   -13.578005    272.56657   -13.578005    2368.3476    2354.7696 
    4400        44000    470.71446    470.71446    470.71446    1.0141261 0.0040297091    1.0084869    1.0156573    1.0182342   -13.495195    266.61675   -13.495195    2316.6493    2303.1541 
    4500        45000    474.16347    474.16347    474.16347   0.99591156 0.0039424122   0.98231845   0.99793256    1.0074837   -10.564529    267.99172   -10.564529    2328.5965     2318.032 
    4600        46000    476.43478    476.43478    476.43478    1.0134537 0.0038862963    1.0109933    1.0139674    1.0154004   -10.547999    276.59901   -10.547999    2403.3858    2392.8378 
    4700        47000    477.50551    477.50551    477.50551    1.0045602 0.0038602117   0.99816662    1.0077351     1.007779   -9.9718776    276.74788   -9.9718776    2404.6793    2394.7074 
    4800        48000    478.25895    478.25895    478.25895   0.96354739 0.0038419966   0.96237683   0.96012781   0.96813753   -9.3857215    264.63567   -9.3857215    2299.4355    2290.0498 
    4900        49000    476.45995    476.45995    476.45995   0.99888348 0.0038856806   0.99843053   0.99544784    1.0027721   -12.755365    272.91342   -12.755365    2371.3614    2358.6061 
    5000        50000     478.5168     478.5168     478.5168    1.0044751 0.0038357892    1.0005327    1.0026971    1.0101955   -11.678338    278.14698   -11.678338    2416.8362    2405.1578 
    5100        51000    481.43836    481.43836    481.43836    1.0002771 0.0037663808   0.99907043     1.002342   0.99941889   -9.7904887     282.1557   -9.7904887    2451.6682    2441.8777 
    5200        52000    474.32673    474.32673    474.32673   0.99661756 0.0039383427    1.0024892   0.99176033   0.99560314   -10.959528    269.44545   -10.959528     2341.228    2330.2685 
    5300        53000    472.16058    472.16058    472.16058    1.0412395 0.0039927959    1.0408904    1.0372311    1.0455968   -12.379392    278.10165   -12.379392    2416.4423    2404.0629 
    5400        54000    479.04385    479.04385    479.04385    1.0134277 0.0038231426    1.0136204     1.014827    1.0118358    -12.06057    279.84015    -12.06057    2431.5482    2419.4876 
    5500        55000    479.56108    479.56108    479.56108   0.97451786 0.0038107855   0.97433324   0.97419037   0.97502998   -11.159837    271.19638   -11.159837     2356.442    2345.2821 
    5600        56000    476.60505    476.60505    476.60505    1.0077239 0.0038821326    1.0095247    1.0040517    1.0095953    -12.56651    275.87862    -12.56651    2397.1262    2384.5597 
    5700        57000    475.75389    475.75389    475.75389    1.0272976 0.0039030063    1.0318883    1.0198281    1.0301765   -10.605949    279.53191   -10.605949    2428.8699    2418.2639 
    5800        58000    480.10666    480.10666    480.10666   0.99079312  0.003797809   0.99893896   0.98689964   0.98654078   -11.240539    277.08428   -11.240539    2407.6023    2396.3618 
    5900        59000     484.0887     484.0887     484.0887   0.94956804 0.0037048571    0.9594683   0.93753465   0.95170117   -10.325466    270.66387   -10.325466    2351.8149    2341.4895 
    6000        60000    475.35023    475.35023    475.35023    1.0071067 0.0039129578    1.0151755    1.0035773    1.0025673     -11.7635    273.74644     -11.7635    2378.5996    2366.8361 
    6100        61000    476.78999    476.78999    476.78999   0.98385737 0.0038776169   0.99066096   0.97365753   0.98725361   -10.080528    270.69781   -10.080528    2352.1098    2342.0293 
    6200        62000    478.33547    478.33547    478.33547    1.0200829 0.0038401531    1.0282395    1.0099935    1.0220156   -10.816217     282.4133   -10.816217    2453.9065    2443.0903 
    6300        63000    477.54606    477.54606    477.54606   0.99117457 0.0038592285   0.99902914   0.98032455   0.99417003   -10.584049    273.07521   -10.584049    2372.7672    2362.1832 
    6400        64000    477.29848    477.29848    477.29848    1.0026515 0.0038652372    1.0157699   0.99183751    1.0003472    -9.679427    275.29304    -9.679427    2392.0381    2382.3587 
    6500        65000    477.37242    477.37242    477.37242    1.0080508 0.0038634413    1.0154014   0.99926066    1.0094905   -9.1098521    277.07611   -9.1098521    2407.5313    2398.4214 
    6600        66000    476.93209    476.93209    476.93209   0.99164263 0.0038741521   0.99523946   0.98415773   0.99553069   -11.218094    270.29454   -11.218094    2348.6058    2337.3877 
    6700        67000    480.23609    480.23609    480.23609   0.96851546 0.0037947391   0.97710406   0.95964205   0.96880026    -9.687082    272.12728    -9.687082    2364.5306    2354.8436 
    6800        68000    488.87769    488.87769    488.87769   0.95384437  0.003597043   0.96226056   0.94224405   0.95702849   -11.259746    280.68833   -11.259746    2438.9181    2427.6583 
    6900        69000     477.9619     477.9619     477.9619   0.97090575 0.0038491644   0.98102998    0.9592227   0.97246458   -9.8200694    267.73808   -9.8200694    2326.3926    2316.5725 
    7000        70000    476.25382    476.25382    476.25382   0.99411784 0.0038907281    1.0003687   0.98819155   0.99379326   -10.611227    272.23304   -10.611227    2365.4495    2354.8383 
    7100        71000     477.0289     477.0289     477.0289    1.0311336 0.0038717938    1.0319905     1.036056    1.0253543   -7.7792505     281.6334   -7.7792505    2447.1299    2439.3506 
    7200        72000    478.12645    478.12645    478.12645    0.9901483 0.0038451916   0.99186064     0.989045   0.98953926     -7.60797     273.0766     -7.60797    2372.7793    2365.1713 
    7300        73000     478.3112     478.3112     478.3112   0.97574425 0.0038407376   0.97643543   0.97424811    0.9765492   -8.9058782    269.88235   -8.9058782    2345.0243    2336.1184 
    7400        74000    477.75237    477.75237    477.75237   0.98496552 0.0038542311   0.98335516   0.98661915   0.98492224   -8.8086484    271.24888   -8.8086484    2356.8982    2348.0895 
    7500        75000    476.30614    476.30614    476.30614    1.0329096 0.0038894462    1.0345897    1.0318306    1.0323086   -10.719759    281.72517   -10.719759    2447.9273    2437.2075 
    7600        76000     472.6296     472.6296     472.6296    1.0493132 0.0039809208    1.0519768    1.0443907    1.0515722   -10.884512    279.00377   -10.884512    2424.2809    2413.3964 
    7700        77000    481.85084    481.85084    481.85084   0.96459721 0.0037567167   0.96859264   0.96616533   0.95903367   -11.061942    273.41592   -11.061942    2375.7277    2364.6658 
    7800        78000    482.62469    482.62469    482.62469   0.94361624 0.0037386749   0.95086447   0.94328592   0.93669832   -9.7877747     268.5043   -9.7877747    2333.0503    2323.2625 
    7900        79000    477.90358    477.90358    477.90358    1.0113909 0.0038505737    1.0203491    1.0077834    1.0060403   -12.037859    278.97891   -12.037859    2424.0649     2412.027 
    8000        80000    477.39899    477.39899    477.39899   0.99028116 0.0038627963   0.99329659   0.98748444   0.99006245   -11.081358     273.1203   -11.081358     2373.159    2362.0777 
    8100        81000    477.46283    477.46283    477.46283   0.99549641 0.0038612472   0.99761132   0.98961343   0.99926449   -11.686634    273.87241   -11.686634    2379.6941    2368.0075 
    8200        82000    478.61756    478.61756    478.61756    1.0138366 0.0038333671    1.0159003    1.0073452    1.0182643   -10.309325    278.99661   -10.309325    2424.2187    2413.9094 
    8300        83000    480.24878    480.24878    480.24878    1.0116925 0.0037944382    1.0076014     1.007064    1.0204121   -10.641588    282.15225   -10.641588    2451.6382    2440.9966 
    8400        84000    473.78625    473.78625    473.78625    1.0119681 0.0039518363    1.0111767    1.0047455    1.0199821   -11.245274    272.10521   -11.245274    2364.3389    2353.0936 
    8500        85000    471.42846    471.42846    471.42846    1.0143048 0.0040114272    1.0142537    1.0070027    1.0216581   -10.710025     268.7813   -10.710025    2335.4572    2324.7472 
    8600        86000    479.28489    479.28489    479.28489   0.99552065 0.0038173773   0.99852716   0.98423953    1.0037953   -11.227229     277.2968   -11.227229    2409.4489    2398.2217 
    8700        87000    479.03361    479.03361    479.03361   0.99328633 0.0038233877   0.99477302   0.98196535    1.0031206   -11.023757    275.86788   -11.023757    2397.0329    2386.0092 
    8800        88000    476.36677    476.36677    476.36677    1.0021666 0.0038879613    1.0009704   0.99084342    1.0146859   -12.218696    273.80423   -12.218696    2379.1017     2366.883 
    8900        89000     476.5676     476.5676     476.5676   0.99142236 0.0038830481   0.99130202   0.97720203     1.005763   -12.281258    272.34767   -12.281258    2366.4456    2354.1644 
    9000        90000    478.79751    478.79751    478.79751    1.0042803 0.0038290465    1.0050717   0.98912683    1.0186424   -10.561334    277.29166   -10.561334    2409.4042    2398.8429 
    9100        91000     480.2527     480.2527     480.2527   0.99849605 0.0037943453    0.9896627   0.99926657    1.0065589     -9.02967    278.84873     -9.02967    2422.9337     2413.904 
    9200        92000    471.95836    471.95836    471.95836    1.0464288 0.0039979306    1.0429633     1.036535    1.0597881   -10.728145    277.97318   -10.728145     2415.326    2404.5979 
    9300        93000    476.01797    476.01797    476.01797    1.0244683  0.003896514    1.0163548    1.0153297    1.0417205   -10.335183    279.54694   -10.335183    2429.0005    2418.6653 
    9400        94000    481.07664    481.07664    481.07664   0.95860383  0.003774883   0.95274486   0.94540095   0.97766568   -11.899941    269.84325   -11.899941    2344.6845    2332.7846 
    9500        95000    478.77037    478.77037    478.77037   0.98838084 0.0038296978   0.98348047   0.96486758    1.0167945   -10.451243    272.79675   -10.451243    2370.3477    2359.8965 
    9600        96000    475.28884    475.28884    475.28884    1.0391146 0.0039144742      1.03724    1.0170519     1.063052   -11.605703    281.37741   -11.605703    2444.9056    2433.2999 
    9700        97000    476.61355    476.61355    476.61355   0.99291696 0.0038819251   0.99191167   0.97524041    1.0115988   -11.430356    272.64975   -11.430356    2369.0704      2357.64 
    9800        98000    481.69752    481.69752    481.69752   0.95714823  0.003760305   0.95641429   0.94730609   0.96772431   -9.4211992    269.32186   -9.4211992    2340.1542     2330.733 
    9900        99000    480.34789    480.34789    480.34789   0.99553629   0.00379209   0.98969835   0.98117925    1.0157313   -10.337861    277.34642   -10.337861    2409.8801    2399.5422 
   10000       100000    472.14151    472.14151    472.14151    1.0425485 0.0039932798    1.0435598    1.0242647    1.0598209    -10.25116    277.99515    -10.25116    2415.5169    2405.2658 
   10100       101000    476.16407    476.16407    476.16407    1.0122252 0.0038929285     1.017574   0.98837604    1.0307256   -7.5872817    274.71969   -7.5872817    2387.0563     2379.469 
   10200       102000    480.37579    480.37579    480.37579     0.981627 0.0037914292   0.98407981   0.95934912    1.0014521   -9.5510052    274.63213   -9.5510052    2386.2955    2376.7444 
   10300       103000    478.41835    478.41835    478.41835   0.99020152 0.0038381576   0.98799272    0.9662708     1.016341   -11.146094    273.05442   -11.146094    2372.5866    2361.4405 
   10400       104000    475.76234    475.76234    475.76234    1.0453749 0.0039027984    1.0457463    1.0209072    1.0694713   -10.629745    285.01809   -10.629745    2476.5397    2465.9099 
   10500       105000    478.64186    478.64186    478.64186   0.98257777 0.0038327832   0.98193432   0.95891315    1.0068858   -10.723538    273.16019   -10.723538    2373.5056    2362.7821 
   10600       106000     482.3406     482.3406     482.3406   0.94988523 0.0037452847   0.94714076   0.92482662   0.97768831   -9.5629368     266.8207   -9.5629368    2318.4214    2308.8585 
   10700       107000    473.57048    473.57048    473.57048    1.0266238 0.0039572403    1.0225026    1.0016306    1.0557382   -10.666982    275.53076   -10.666982    2394.1036    2383.4366 
   10800       108000    474.22471    474.22471    474.22471    1.0275731  0.003940885    1.0210045    1.0011648    1.0605501   -11.057277     277.7222   -11.057277    2413.1452    2402.0879 
   10900       109000    479.56451    479.56451    479.56451   0.97297897 0.0038107037   0.97132228   0.94608483    1.0015298   -11.139055     271.5743   -11.139055    2359.7258    2348.5867 
   11000       110000     478.4295     478.4295     478.4295   0.97938721 0.0038378894   0.98602546   0.94948491    1.0026513   -9.9416978    271.91299   -9.9416978    2362.6686    2352.7269 
   11100       111000    475.65979    475.65979    475.65979    1.0336169 0.0039053231    1.0402624    1.0052597    1.0553286   -9.1347584    279.68015   -9.1347584    2430.1579    2421.0232 
   11200       112000    479.04621    479.04621    479.04621    1.0078192 0.0038230861     1.010589   0.97775459     1.035114   -11.582565    280.03234   -11.582565    2433.2182    2421.6356 
   11300       113000    484.55703    484.55703    484.55703   0.95869437 0.0036941252   0.96220546   0.93153105   0.98234661   -12.146706    275.90432   -12.146706    2397.3496    2385.2028 
   11400       114000    476.04965    476.04965    476.04965    0.9998083 0.0038957361    1.0003576   0.97808844    1.0209789   -10.217149    271.73389   -10.217149    2361.1124    2350.8953 
   11500       115000      474.209      474.209      474.209    1.0211138 0.0039412766      1.02168    0.9910437    1.0506177   -10.430125    274.56694   -10.430125    2385.7289    2375.2988 
   11600       116000    478.15476    478.15476    478.15476    1.0029324 0.0038445087    1.0107483   0.96933797     1.028711   -11.254848    277.11204   -11.254848    2407.8435    2396.5887 
   11700       117000    479.51535    479.51535    479.51535   0.97302905  0.003811876   0.97489833   0.94827187   0.99591694   -10.373163    272.02755   -10.373163    2363.6641    2353.2909 
   11800       118000    476.95218    476.95218    476.95218   0.97495369 0.0038736626   0.97975979   0.94887555   0.99622573   -9.7923212    268.07158   -9.7923212    2329.2904    2319.4981 
   11900       119000     473.8317     473.8317     473.8317    1.0370808 0.0039506992    1.0404057    1.0101231    1.0607137   -8.0374473    279.04267   -8.0374473    2424.6188    2416.5814 
   12000       120000     480.8476     480.8476     480.8476   0.99739775 0.0037802797    1.0010523   0.97296406    1.0181769   -7.4352607    280.83172   -7.4352607     2440.164    2432.7287 
   12100       121000    480.16457    480.16457    480.16457   0.99083607 0.0037964349   0.99236137   0.96680878    1.0133381   -8.4137909    277.38752   -8.4137909    2410.2371    2401.8233 
   12200       122000    474.42095    474.42095    474.42095    1.0357014 0.0039359967    1.0424103    1.0100946    1.0545994   -9.8176439    277.88286   -9.8176439    2414.5412    2404.7235 
   12300       123000    478.64799    478.64799    478.64799   0.97486793 0.0038326359   0.97396957   0.94951782    1.0011164   -12.095483    270.25193   -12.095483    2348.2355    2336.1401 
   12400       124000    480.02813    480.02813    480.02813   0.99400753 0.0037996731   0.99330714   0.97279809    1.0159174   -10.400768    277.86118   -10.400768    2414.3529    2403.9521 
   12500       125000    474.66793    474.66793    474.66793    1.0204304  0.003929856    1.0224589   0.99410113    1.0447311   -12.628429    275.88932   -12.628429    2397.2192    2384.5908 
   12600       126000    476.53438    476.53438    476.53438   0.99767153 0.0038838601   0.99681644   0.97651453    1.0196836   -11.775495    273.90971   -11.775495    2380.0182    2368.2428 
   12700       127000    482.19277    482.19277    482.19277   0.97100998 0.0037487304   0.97155826   0.94739144   0.99408022   -10.048604    274.78939   -10.048604    2387.6618    2377.6132 
   12800       128000    476.94166    476.94166    476.94166    1.0090983 0.0038739188     1.003317    0.9929543    1.0310237     -9.92048    277.22044     -9.92048    2408.7854    2398.8649 
   12900       129000     474.0177     474.0177     474.0177    1.0135281 0.0039460503    1.0107881   0.99214213    1.0376541   -10.719545    273.83491   -10.719545    2379.3683    2368.6488 
   13000       130000    479.14826    479.14826    479.14826   0.96897046 0.0038206439   0.96209582   0.95408019   0.99073536   -10.500662    269.99563   -10.500662    2346.0086    2335.5079 
   13100       131000    479.77697    479.77697    479.77697   0.99848168 0.0038056435   0.99165742   0.98282753    1.0209601   -11.077699     279.3254   -11.077699    2427.0755    2415.9978 
   13200       132000    474.84068    474.84068    474.84068   0.99588744 0.0039255683   0.99240204   0.97700017    1.0182601   -11.015999    269.72587   -11.015999    2343.6646    2332.6486 
   13300       133000    477.22153    477.22153    477.22153     1.000366 0.0038671072    0.9968358   0.98112404     1.023138   -8.5060347    274.96169   -8.5060347     2389.159     2380.653 
   13400       134000    482.68669    482.68669    482.68669   0.99087548 0.0037372342   0.98178587   0.97795996    1.0128806   -7.3583397    281.12496   -7.3583397     2442.712    2435.3537 
   13500       135000    477.56274    477.56274    477.56274   0.97916472 0.0038588241   0.96787738   0.96841212    1.0012046   -8.2772753    269.09028   -8.2772753     2338.142    2329.8647 
   13600       136000    473.23689    473.23689    473.23689    1.0192948 0.0039656149    1.0086507    1.0011939    1.0480398    -8.329332    272.14385    -8.329332    2364.6746    2356.3453 
   13700       137000    479.85624    479.85624    479.85624   0.98907903 0.0038037578   0.97832946   0.97521269    1.0136949   -7.8976866    275.91462   -7.8976866     2397.439    2389.5413 
   13800       138000    480.20018    480.20018    480.20018    1.0084741 0.0037955905    1.0003721   0.99213233    1.0329179   -8.4261152    281.83134   -8.4261152    2448.8498    2440.4237 
   13900       139000     475.6941     475.6941     475.6941    1.0051051 0.0039044781   0.99239249   0.99019435    1.0327284    -9.277313    273.44143    -9.277313    2375.9494     2366.672 
   14000       140000    477.18519    477.18519    477.18519   0.96277653 0.0038679908   0.94469608   0.94810211   0.99553141   -7.0044594    262.82853   -7.0044594    2283.7332    2276.7287 
   14100       141000    479.88239    479.88239    479.88239   0.98805481 0.0038031361   0.97691663   0.97279971    1.0144481   -8.8867459     275.8263   -8.8867459    2396.6716    2387.7849 
   14200       142000    477.67828    477.67828    477.67828    1.0135293 0.0038560247    1.0090865   0.99693606    1.0345654   -9.8801609    279.40291   -9.8801609     2427.749    2417.8689 
   14300       143000    471.25819    471.25819    471.25819    1.0124185 0.0040157767    1.0026952   0.99999032    1.0345699   -10.668185    266.98458   -10.668185    2319.8454    2309.1772 
   14400       144000    477.99728    477.99728    477.99728    1.0243838 0.0038483097    1.0108241    1.0059149    1.0564123   -10.932075    280.35191   -10.932075    2435.9949    2425.0629 
   14500       145000    482.26647    482.26647    482.26647   0.96122055 0.0037470121   0.95422689   0.94627281   0.98316196   -9.8375109    271.30736   -9.8375109    2357.4063    2347.5688 
   14600       146000    477.72285    477.72285    477.72285   0.99492348 0.0038549455   0.98642336   0.98094992    1.0173972   -9.2195883    273.97259   -9.2195883    2380.5646     2371.345 
   14700       147000    476.34322    476.34322    476.34322    1.0420524 0.0038885378    1.0363707    1.0252282    1.0645584   -9.9938629    285.21754   -9.9938629    2478.2727    2468.2789 
   14800       148000    478.93498    478.93498    478.93498   0.98996884 0.0038257503   0.98562066   0.97932423    1.0049616   -8.6253977    274.02337   -8.6253977    2381.0059    2372.3805 
   14900       149000    479.06839    479.06839    479.06839   0.98683761  0.003822555   0.98122373   0.97726327    1.0020258   -9.3880267    274.72527   -9.3880267    2387.1047    2377.7166 
   15000       150000    473.08202    473.08202    473.08202     1.030966 0.0039695107    1.0250308    1.0178172    1.0500501   -9.5055011    276.15541   -9.5055011    2399.5313    2390.0258 
   15100       151000     472.3019     472.3019     472.3019    1.0557372  0.003989213    1.0539655    1.0402888    1.0729574   -9.4579614    281.23412   -9.4579614    2443.6605    2434.2025 
   15200       152000    482.69489    482.69489    482.69489   0.95479275 0.0037370439   0.94813197   0.93541067    0.9808356   -8.0783789    269.38609   -8.0783789    2340.7123    2332.6339 
   15300       153000    479.53338    479.53338    479.53338   0.98689079  0.003811446   0.98176387   0.97203359    1.0068749   -10.466367    275.58499   -10.466367    2394.5749    2384.1085 
   15400       154000    476.32185    476.32185    476.32185    1.0191557 0.0038890612    1.0168879    1.0092537    1.0313255   -11.193019    277.74877   -11.193019    2413.3761    2402.1831 
   15500       155000    477.03654    477.03654    477.03654   0.98830234 0.0038716078   0.98492757   0.98540209   0.99457737   -9.1307934    270.36207   -9.1307934    2349.1926    2340.0618 
   15600       156000    478.55793    478.55793    478.55793   0.99297231 0.0038348003   0.98774905   0.98242154    1.0087463   -9.1613265    273.90243   -9.1613265     2379.955    2370.7937 
   15700       157000    480.70345    480.70345    480.70345   0.98231815 0.0037836816   0.97396124   0.97516375   0.99782946   -9.8871454    276.47025   -9.8871454    2402.2669    2392.3798 
   15800       158000    473.19668    473.19668    473.19668     1.041872 0.0039666258    1.0299635    1.0334536    1.0621989   -10.784781    279.72721   -10.784781    2430.5668    2419.7821 
   15900       159000    472.46049    472.46049    472.46049    1.0292554 0.0039851971    1.0175867    1.0276921    1.0424875   -10.023047     273.3946   -10.023047    2375.5424    2365.5194 
   16000       160000    480.66648    480.66648    480.66648   0.96529795 0.0037845548   0.95547917   0.96323979   0.97717489   -12.018672    271.38766   -12.018672     2358.104    2346.0853 
   16100       161000    478.44501    478.44501    478.44501   0.99567391 0.0038375161   0.98463958   0.99367625    1.0087059   -11.202646    274.96886   -11.202646    2389.2213    2378.0187 
   16200       162000    475.45186    475.45186    475.45186     1.006542 0.0039104493    0.9998543   0.99790169    1.0218702   -11.822515    274.28921   -11.822515    2383.3157    2371.4932 
   16300       163000    478.27685    478.27685    478.27685   0.97301198 0.0038415652   0.96514866    0.9629287   0.99095857   -8.3485031    268.64468   -8.3485031    2334.2701    2325.9215 
   16400       164000    479.54013    479.54013    479.54013   0.98736975  0.003811285    0.9797067   0.97788033    1.0045222   -9.1793259    276.23642   -9.1793259    2400.2352    2391.0559 
   16500       165000    472.07026    472.07026    472.07026    1.0645093 0.0039950882    1.0548859    1.0557527    1.0828894   -9.4956093    283.28123   -9.4956093     2461.448    2451.9524 
   16600       166000    475.46641    475.46641    475.46641    1.0149467 0.0039100901    1.0079075    1.0050696     1.031863   -10.027627    275.89426   -10.027627    2397.2622    2387.2345 
   16700       167000    480.80494    480.80494    480.80494    0.9676735 0.0037812861   0.95955865   0.95647379   0.98698806   -9.2610353    272.42872   -9.2610353    2367.1499    2357.8888 
   16800       168000    478.73947    478.73947    478.73947   0.97487347 0.0038304395   0.96768349   0.96608856   0.99084836   -9.8871932    269.35139   -9.8871932    2340.4108    2330.5236 
   16900       169000    474.56109    474.56109    474.56109    1.0314412 0.0039325107    1.0290917    1.0192003    1.0460315   -10.575436    277.71015   -10.575436    2413.0405    2402.4651 
   17000       170000     477.0581     477.0581     477.0581    1.0085075 0.0038710828    1.0033767     1.002633    1.0195127   -10.235696    275.66242   -10.235696    2395.2477     2385.012 
   17100       171000    483.89416    483.89416    483.89416    0.9450357 0.0037093272   0.93432689   0.94372199   0.95705822   -9.3046706    270.79659   -9.3046706    2352.9681    2343.6635 
   17200       172000    477.28767    477.28767    477.28767    1.0216944 0.0038654997    1.0092182    1.0185197    1.0373452   -10.782374    280.94656   -10.782374    2441.1619    2430.3795 
   17300       173000    474.06287    474.06287    474.06287    1.0217705 0.0039449225    1.0127216    1.0136834    1.0389065   -11.416594    275.56542   -11.416594    2394.4048    2382.9882 
   17400       174000    477.69169    477.69169    477.69169   0.99735518    0.0038557   0.98369442   0.99384489    1.0145262   -9.2013331    272.58348   -9.2013331    2368.4946    2359.2932 
   17500       175000    480.79324    480.79324    480.79324    0.9674146 0.0037815621   0.95344133   0.96098253   0.98781995   -9.8530861    270.50617   -9.8530861    2350.4447    2340.5916 
   17600       176000    476.26024    476.26024    476.26024    1.0241802 0.0038905707      1.01932    1.0163193    1.0369012   -11.234586    279.59967   -11.234586    2429.4587    2418.2241 
   17700       177000    476.13484    476.13484    476.13484    0.9895959 0.0038936456   0.97817158   0.98361869    1.0069974   -11.438566    270.86062   -11.438566    2353.5245     2342.086 
   17800       178000    481.41498    481.41498    481.41498    0.9644043 0.0037669296   0.96210757   0.95202988   0.97907545   -11.325477    272.32746   -11.325477      2366.27    2354.9445 
   17900       179000    478.31122    478.31122    478.31122    1.0059396 0.0038407371    1.0010688   0.99220448    1.0245456   -10.903204     278.1108   -10.903204    2416.5218    2405.6186 
   18000       180000    472.91575    472.91575    472.91575    1.0267443 0.0039736991    1.0218077    1.0150512    1.0433739   -10.574274    275.55894   -10.574274    2394.3486    2383.7743 
   18100       181000    478.29066    478.29066    478.29066   0.98205691 0.0038412326   0.97660157   0.97010313   0.99946601   -9.6135076    272.00004   -9.6135076    2363.4251    2353.8115 
   18200       182000    480.54407    480.54407    480.54407    1.0031348 0.0037874476   0.99828764   0.98766642    1.0234504   -10.034928    279.32291   -10.034928    2427.0539    2417.0189 
   18300       183000    477.91866    477.91866    477.91866   0.98723458 0.0038502092   0.97681932   0.98439059    1.0004938   -11.805996    272.63762   -11.805996     2368.965     2357.159 
   18400       184000    477.36857    477.36857    477.36857   0.99357445 0.0038635348   0.98388873   0.99027253    1.0065621   -13.070527    273.60487   -13.070527    2377.3695     2364.299 
   18500       185000    478.90136    478.90136    478.90136   0.99510064 0.0038265562   0.98206286   0.99228732    1.0109518   -12.298908    277.75286   -12.298908    2413.4117    2401.1128 
   18600       186000    473.93676    473.93676    473.93676    1.0303206 0.0039480725     1.023407    1.0230029    1.0445519   -12.420452    277.85756   -12.420452    2414.3214     2401.901 
   18700       187000    474.43747    474.43747    474.43747    1.0107875 0.0039355855    1.0081337    1.0026051    1.0216235   -11.713645    272.71312   -11.713645     2369.621    2357.9074 
   18800       188000    482.09712    482.09712    482.09712     1.001726 0.0037509621   0.99201989   0.99498641    1.0181717   -10.019487    283.25859   -10.019487    2461.2513    2451.2318 
   18900       189000    478.60822    478.60822    478.60822     0.994454 0.0038335915   0.99028542   0.98699301    1.0060836   -9.9433589    276.26713   -9.9433589    2400.5021    2390.5587 
   19000       190000    474.16184    474.16184    474.16184    1.0197772 0.0039424526    1.0130466    1.0180044    1.0282806   -9.2885464    274.25689   -9.2885464     2383.035    2373.7464 
   19100       191000    477.81356    477.81356    477.81356    1.0027025 0.0038527504   0.99566985   0.99869969    1.0137379   -10.000424    277.68217   -10.000424    2412.7974     2402.797 
   19200       192000    478.15791    478.15791    478.15791   0.98436554 0.0038444328   0.97995865   0.98228943   0.99084853   -11.457355    272.70426   -11.457355     2369.544    2358.0867 
   19300       193000    476.54006    476.54006    476.54006   0.99509846 0.0038837211   0.99221875   0.98670566     1.006371   -9.6834341    271.23903   -9.6834341    2356.8125    2347.1291 
   19400       194000    477.15365    477.15365    477.15365    1.0162641 0.0038687578    1.0078742    1.0048637    1.0360543   -8.6525391    278.63789   -8.6525391    2421.1017    2412.4492 
   19500       195000    480.03058    480.03058    480.03058   0.99236276  0.003799615   0.98449383   0.98217802    1.0104164   -7.8500785    274.95838   -7.8500785    2389.1302    2381.2801 
   19600       196000    484.54279    484.54279    484.54279    0.9475789 0.0036944509   0.93692498   0.94532537   0.96048636   -11.006818    272.75503   -11.006818    2369.9852    2358.9784 
   19700       197000      476.304      476.304      476.304    1.0281445 0.0038894986    1.0233328    1.0170664    1.0440344   -10.987801    280.72338   -10.987801    2439.2227    2428.2349 
   19800       198000    475.93808    475.93808    475.93808    1.0297771 0.0038984766    1.0176544    1.0218217     1.049855   -10.182934    281.24625   -10.182934    2443.7659     2433.583 
   19900       199000    478.70413    478.70413    478.70413   0.98776949 0.0038312877   0.97905221   0.98194827     1.002308   -11.395511    273.83894   -11.395511    2379.4034    2368.0079 
   20000       200000    478.78357    478.78357    478.78357     0.973889 0.0038293811   0.96833252    0.9689077   0.98442679   -9.7992966    269.83653   -9.7992966    2344.6261    2334.8268 
Loop time of 7.17356 on 4 procs for 20000 steps with 2916 atoms

Performance: 2408.846 ns/day, 0.010 hours/ns, 2788.016 timesteps/s
90.4% CPU use with 4 MPI tasks x no OpenMP threads

MPI task timing breakdown:
Section |  min time  |  avg time  |  max time  |%varavg| %total
---------------------------------------------------------------
Pair    | 1.2632     | 1.2763     | 1.2929     |   0.9 | 17.79
Neigh   | 0.76374    | 0.76917    | 0.77805    |   0.6 | 10.72
Comm    | 0.59841    | 0.6262     | 0.64626    |   2.2 |  8.73
Output  | 2.9201     | 2.9204     | 2.9213     |   0.0 | 40.71
Modify  | 1.4809     | 1.4983     | 1.5206     |   1.4 | 20.89
Other   |            | 0.08317    |            |       |  1.16

Nlocal:    729 ave 744 max 690 min
Histogram: 1 0 0 0 0 0 0 0 0 3
Nghost:    242 ave 262 max 207 min
Histogram: 1 0 0 0 0 0 0 1 1 1
Neighs:    114.75 ave 123 max 110 min
Histogram: 1 1 0 1 0 0 0 0 0 1

Total # of neighbors = 459
Ave neighs/atom = 0.157407
Neighbor list builds = 1852
Dangerous builds = 1297

# the regular input script for finding the equilibrium state ends here

###############################################################################################
# the following lines just indicate possible further production step after the equilibration
###############################################################################################

# for removing fix 1
#unfix 1

# for removing the dump 1 command
#undump 1

# change the log file name
#log production.log

# enforcing another ensemble or the same for the production step
#fix 1 all nvt temp 180 180 100

# reset time step to zero
#reset_timestep 0

# set new time step
#timestep 5

# run more steps
#run 1000000

variable   natoms equal "count(all)"
print   "NUmber of atoms = ${natoms};"
NUmber of atoms = 2916;
quit
