0.0 53.624773
100.0 36.839993
200.0 19.171526
300.0 27.590865
400.0 32.322755
500.0 28.459286
600.0 28.720286
700.0 34.150981
800.0 39.188593
900.0 44.287407
1000.0 52.196489
1100.0 61.750229
1200.0 71.308062
1300.0 79.319585
1400.0 84.462348
1500.0 88.603799
1600.0 88.987883
1700.0 89.951781
1800.0 89.873395
1900.0 88.080069
2000.0 85.896751
2100.0 83.786218
2200.0 82.4372
2300.0 83.976064
2400.0 85.340439
2500.0 86.201148
2600.0 87.828946
2700.0 93.011082
2800.0 93.74497
2900.0 92.292654
3000.0 92.268051
3100.0 92.554303
3200.0 91.918033
3300.0 93.944582
3400.0 91.809768
3500.0 90.604585
3600.0 93.987272
3700.0 96.027056
3800.0 97.296383
3900.0 95.33598
4000.0 95.63273
4100.0 96.932535
4200.0 96.325743
4300.0 95.771962
4400.0 95.094992
4500.0 94.542319
4600.0 94.928663
4700.0 98.376426
4800.0 98.045778
4900.0 96.055181
5000.0 97.204164
5100.0 98.750936
5200.0 96.905577
5300.0 96.726741
5400.0 96.432377
5500.0 94.997864
5600.0 97.818909
5700.0 96.730829
5800.0 96.922004
5900.0 98.311056
6000.0 96.253693
6100.0 95.738215
6200.0 94.641805
6300.0 94.819437
6400.0 95.861602
6500.0 94.840244
6600.0 98.276376
6700.0 97.476601
6800.0 94.819821
6900.0 97.458442
7000.0 98.182945
7100.0 98.285864
7200.0 98.421028
7300.0 97.138056
7400.0 95.326883
7500.0 95.467542
7600.0 96.23265
7700.0 95.97786
7800.0 96.059362
7900.0 97.297189
8000.0 97.754376
8100.0 95.77558
8200.0 93.433206
8300.0 93.052594
8400.0 93.389462
8500.0 94.814909
8600.0 95.885396
8700.0 94.082852
8800.0 92.788627
8900.0 94.306486
9000.0 95.818244
9100.0 93.121014
9200.0 93.24148
9300.0 94.583437
9400.0 91.461661
9500.0 88.725819
9600.0 89.882162
9700.0 89.627299
9800.0 90.760522
9900.0 90.861127
10000.0 91.532469
10100.0 90.966732
10200.0 89.359994
10300.0 89.986545
10400.0 90.70966
10500.0 90.883962
10600.0 89.260584
10700.0 89.678807
10800.0 89.126052
10900.0 88.946631
11000.0 88.40783
11100.0 89.656412
11200.0 89.897772
11300.0 88.607386
11400.0 86.154617
11500.0 84.755742
11600.0 85.082392
11700.0 87.209641
11800.0 87.521276
11900.0 86.998414
12000.0 86.930833
12100.0 85.967906
12200.0 87.046008
12300.0 86.573165
12400.0 85.6216
12500.0 83.60692
12600.0 82.243594
12700.0 82.754648
12800.0 84.543037
12900.0 84.031009
13000.0 81.747555
13100.0 83.44287
13200.0 83.897052
13300.0 82.991185
13400.0 82.468616
13500.0 82.478343
13600.0 81.645142
13700.0 82.219178
13800.0 82.095917
13900.0 84.05023
14000.0 82.637942
14100.0 80.303749
14200.0 79.724383
14300.0 82.513522
14400.0 81.438283
14500.0 78.788378
14600.0 79.32365
14700.0 79.400812
14800.0 78.431644
14900.0 78.442951
15000.0 77.872043
15100.0 77.307353
15200.0 76.439895
15300.0 76.312073
15400.0 78.088273
15500.0 77.857024
15600.0 76.131821
15700.0 76.653861
15800.0 76.801306
15900.0 77.793154
16000.0 77.178032
16100.0 75.36372
16200.0 76.692979
16300.0 75.862802
16400.0 75.429865
16500.0 74.545672
16600.0 75.422847
16700.0 78.023531
16800.0 77.215269
16900.0 76.749946
17000.0 75.440781
17100.0 75.921508
17200.0 74.952978
17300.0 72.830977
17400.0 73.701733
17500.0 73.471413
17600.0 72.788691
17700.0 74.192323
17800.0 75.548492
17900.0 72.668088
18000.0 70.594188
18100.0 72.842898
18200.0 74.521019
18300.0 72.645735
18400.0 70.732608
18500.0 71.529345
18600.0 71.604743
18700.0 72.190088
18800.0 72.378667
18900.0 71.259075
19000.0 71.254258
19100.0 69.868073
19200.0 69.699765
19300.0 70.233217
19400.0 70.727408
19500.0 71.119866
19600.0 70.540068
19700.0 70.630898
19800.0 69.890436
19900.0 70.023988
20000.0 71.331773
20100.0 70.548991
20200.0 69.840992
20300.0 70.553554
20400.0 69.332643
20500.0 69.000923
20600.0 69.737449
20700.0 69.448958
20800.0 68.762433
20900.0 67.643982
21000.0 65.861802
21100.0 67.298486
21200.0 68.696447
21300.0 68.354107
21400.0 69.018068
21500.0 69.563264
21600.0 67.43512
21700.0 66.020525
21800.0 66.197622
21900.0 66.785599
22000.0 65.895953
22100.0 64.150757
22200.0 64.600666
22300.0 66.224459
22400.0 65.789064
22500.0 65.484208
22600.0 65.439596
22700.0 66.305061
22800.0 66.564557
22900.0 65.789947
23000.0 63.322218
23100.0 62.832193
23200.0 64.806415
23300.0 64.160168
23400.0 62.971383
23500.0 63.552752
23600.0 63.592302
23700.0 63.178132
23800.0 63.599939
23900.0 63.857614
24000.0 63.242086
24100.0 63.156247
24200.0 63.657715
24300.0 61.942624
24400.0 62.234092
24500.0 62.360284
24600.0 62.588973
24700.0 62.866457
24800.0 60.913384
24900.0 61.781799
25000.0 62.628382
25100.0 60.876029
25200.0 60.24574
25300.0 59.996143
25400.0 59.971265
25500.0 59.970317
25600.0 59.760076
25700.0 58.838579
25800.0 58.901938
25900.0 58.615094
26000.0 57.300628
26100.0 58.641287
26200.0 60.099126
26300.0 58.834568
26400.0 57.542342
26500.0 58.010583
26600.0 57.370798
26700.0 57.434735
26800.0 57.818918
26900.0 57.760567
27000.0 57.435332
27100.0 56.398742
27200.0 57.081551
27300.0 57.085187
27400.0 57.414185
27500.0 56.927303
27600.0 54.84378
27700.0 56.938434
27800.0 56.016337
27900.0 54.850186
28000.0 56.626005
28100.0 57.118823
28200.0 56.186807
28300.0 55.36156
28400.0 56.658522
28500.0 56.878811
28600.0 54.198879
28700.0 52.222151
28800.0 53.771997
28900.0 54.710579
29000.0 54.392513
29100.0 53.705758
29200.0 52.633144
29300.0 52.98003
29400.0 53.249636
29500.0 53.075115
29600.0 53.22562
29700.0 53.868508
29800.0 53.695449
29900.0 53.703553
30000.0 53.647892
30100.0 53.90614
30200.0 52.744164
30300.0 53.000255
30400.0 54.292489
30500.0 54.357624
30600.0 54.066889
30700.0 51.597188
30800.0 50.863265
30900.0 53.004074
31000.0 52.877906
31100.0 50.937405
31200.0 50.354552
31300.0 49.75895
31400.0 50.141119
31500.0 51.10558
31600.0 51.150555
31700.0 52.023846
31800.0 51.74266
31900.0 50.228833
32000.0 50.87711
32100.0 51.21854
32200.0 50.761899
32300.0 49.203045
32400.0 48.864373
32500.0 49.793971
32600.0 49.537384
32700.0 50.429584
32800.0 50.019531
32900.0 50.019191
33000.0 50.572737
33100.0 49.418473
33200.0 48.204554
33300.0 48.277936
33400.0 48.691841
33500.0 49.18217
33600.0 48.981765
33700.0 49.226907
33800.0 48.859769
33900.0 47.633785
34000.0 48.15765
34100.0 50.436833
34200.0 50.763025
34300.0 49.87067
34400.0 48.425152
34500.0 48.808582
34600.0 50.154754
34700.0 48.80957
34800.0 49.174869
34900.0 50.22069
35000.0 48.850427
35100.0 47.956086
35200.0 49.223793
35300.0 48.722926
35400.0 49.147426
35500.0 51.05207
35600.0 50.123978
35700.0 48.721923
35800.0 47.995373
35900.0 47.85151
36000.0 49.568831
36100.0 50.508509
36200.0 49.047534
36300.0 49.167781
36400.0 50.189273
36500.0 49.164123
36600.0 48.100388
36700.0 47.779427
36800.0 47.957425
36900.0 48.279646
37000.0 47.507156
37100.0 48.539557
37200.0 50.642765
37300.0 50.163716
37400.0 48.305501
37500.0 48.932352
37600.0 49.339279
37700.0 47.862408
37800.0 47.038223
37900.0 48.226272
38000.0 49.272861
38100.0 49.835446
38200.0 50.156391
38300.0 48.241194
38400.0 47.098276
38500.0 48.248481
38600.0 48.867555
38700.0 47.940916
38800.0 47.884823
38900.0 47.51406
39000.0 48.050952
39100.0 48.512132
39200.0 48.721327
39300.0 49.141237
39400.0 47.933588
39500.0 45.993537
39600.0 46.886722
39700.0 48.651004
39800.0 49.049863
39900.0 48.953784
40000.0 48.062759
40100.0 47.440661
40200.0 47.55324
40300.0 47.832475
40400.0 47.180861
40500.0 48.246659
40600.0 49.009391
40700.0 48.805398
40800.0 49.18919
40900.0 49.146596
41000.0 48.404109
41100.0 47.723755
41200.0 47.772201
41300.0 47.957337
41400.0 47.590367
41500.0 48.143466
41600.0 50.629042
41700.0 50.257349
41800.0 48.494131
41900.0 47.934148
42000.0 48.556291
42100.0 48.143254
42200.0 48.346838
42300.0 48.715068
42400.0 48.505088
42500.0 48.881995
42600.0 49.076196
42700.0 48.138559
42800.0 47.137177
42900.0 47.875635
43000.0 48.355448
43100.0 47.964361
43200.0 47.929932
43300.0 48.531703
43400.0 48.815654
43500.0 48.668134
43600.0 49.969931
43700.0 50.063942
43800.0 48.535942
43900.0 48.200458
44000.0 48.806616
44100.0 48.36265
44200.0 47.95148
44300.0 48.893913
44400.0 49.136409
44500.0 48.485898
44600.0 48.087803
44700.0 47.372195
44800.0 48.623654
44900.0 49.065544
45000.0 48.444459
45100.0 50.460149
45200.0 50.908775
45300.0 49.175788
45400.0 48.102362
45500.0 49.586867
45600.0 50.070016
45700.0 49.687799
45800.0 49.476604
45900.0 49.33889
46000.0 48.67485
46100.0 48.302297
46200.0 47.938415
46300.0 48.516962
46400.0 49.163717
46500.0 49.25379
46600.0 49.962918
46700.0 50.458249
46800.0 49.738748
46900.0 48.851214
47000.0 50.34725
47100.0 51.455729
47200.0 49.660413
47300.0 48.470956
47400.0 49.685107
47500.0 50.825347
47600.0 51.025772
47700.0 50.516073
47800.0 51.085573
47900.0 51.890968
48000.0 51.061108
48100.0 50.071882
48200.0 50.062278
48300.0 49.980951
48400.0 49.513494
48500.0 49.609766
48600.0 51.084798
48700.0 51.613976
48800.0 51.257935
48900.0 51.366032
49000.0 51.603562
49100.0 50.769681
49200.0 50.814152
49300.0 50.640807
49400.0 50.296472
49500.0 51.217071
49600.0 51.191032
49700.0 49.973112
49800.0 49.398342
49900.0 50.414225
50000.0 51.348579
50100.0 50.990386
50200.0 50.540785
50300.0 50.317137
50400.0 51.2004
50500.0 51.953419
50600.0 50.900857
50700.0 51.20211
50800.0 50.484631
50900.0 50.17246
51000.0 50.206904
51100.0 50.270725
51200.0 50.172336
51300.0 50.312043
51400.0 49.497716
51500.0 50.91443
51600.0 52.265078
51700.0 51.374634
51800.0 51.47773
51900.0 52.422662
52000.0 51.529126
52100.0 49.501934
52200.0 49.324856
52300.0 51.070153
52400.0 50.253194
52500.0 49.722028
52600.0 49.846731
52700.0 49.769708
52800.0 50.45176
52900.0 49.774179
53000.0 49.825103
53100.0 51.067928
53200.0 51.172638
53300.0 49.533433
53400.0 49.563408
53500.0 51.138309
53600.0 51.062
53700.0 50.563185
53800.0 51.188121
53900.0 51.163269
54000.0 49.739047
54100.0 49.358543
54200.0 49.626737
54300.0 50.547405
54400.0 51.438853
54500.0 50.932633
54600.0 49.53265
54700.0 49.602915
54800.0 50.769443
54900.0 50.838527
55000.0 50.697684
55100.0 50.073186
55200.0 49.884649
55300.0 49.827095
55400.0 49.127218
55500.0 48.791397
55600.0 50.287498
55700.0 50.814112
55800.0 50.419468
55900.0 49.541649
56000.0 49.444493
56100.0 49.20511
56200.0 50.459142
56300.0 50.348651
56400.0 48.394342
56500.0 48.69595
56600.0 49.998517
56700.0 48.931946
56800.0 48.174899
56900.0 50.013047
57000.0 49.707966
57100.0 47.612382
57200.0 48.017071
57300.0 49.557925
57400.0 49.982994
57500.0 49.388965
57600.0 49.162953
57700.0 49.605938
57800.0 50.120508
57900.0 49.299422
58000.0 48.388972
58100.0 48.647925
58200.0 47.591196
58300.0 48.38174
58400.0 50.336368
58500.0 49.736593
58600.0 48.320549
58700.0 48.199541
58800.0 48.723448
58900.0 49.614037
59000.0 48.767116
59100.0 47.555967
59200.0 47.339301
59300.0 47.571
59400.0 48.223625
59500.0 49.325348
59600.0 47.79093
59700.0 48.195765
59800.0 49.48864
59900.0 48.555366
60000.0 47.232799
60100.0 47.79646
60200.0 47.63603
60300.0 48.247625
60400.0 48.56189
60500.0 47.443611
60600.0 47.566149
60700.0 47.68859
60800.0 47.536482
60900.0 47.945781
61000.0 48.193929
61100.0 49.12288
61200.0 48.267884
61300.0 47.045022
61400.0 47.11225
61500.0 47.721923
61600.0 47.284046
61700.0 47.395231
61800.0 47.643998
61900.0 46.396085
62000.0 46.524582
62100.0 47.030031
62200.0 47.858477
62300.0 47.02076
62400.0 45.938691
62500.0 45.918859
62600.0 46.226165
62700.0 47.520288
62800.0 47.697701
62900.0 47.328016
63000.0 47.23387
63100.0 47.305541
63200.0 47.20666
63300.0 46.511565
63400.0 45.932247
63500.0 47.034972
63600.0 48.236155
63700.0 47.038221
63800.0 46.772092
63900.0 48.055477
64000.0 47.542149
64100.0 45.915081
64200.0 45.11733
64300.0 45.964097
64400.0 45.952194
64500.0 45.550701
64600.0 46.525661
64700.0 47.121601
64800.0 46.130383
64900.0 46.566394
65000.0 47.611593
65100.0 46.730903
65200.0 46.046403
65300.0 46.124546
65400.0 46.07505
65500.0 45.821258
65600.0 46.509588
65700.0 47.283797
65800.0 47.133439
65900.0 47.171206
66000.0 47.187747
66100.0 46.236387
66200.0 45.524784
66300.0 45.733318
66400.0 46.330154
66500.0 46.560925
66600.0 47.338839
66700.0 47.848713
66800.0 46.345582
66900.0 45.433363
67000.0 46.217944
67100.0 46.541626
67200.0 46.756479
67300.0 46.415738
67400.0 47.048914
67500.0 46.98347
67600.0 46.605693
67700.0 47.454611
67800.0 47.567959
67900.0 46.408855
68000.0 46.192756
68100.0 47.681347
68200.0 47.891757
68300.0 46.899311
68400.0 45.255539
68500.0 45.2266
68600.0 46.544793
68700.0 48.47011
68800.0 48.592761
68900.0 47.077621
69000.0 46.267999
69100.0 47.28593
69200.0 47.714006
69300.0 47.317754
69400.0 47.786726
69500.0 47.645222
69600.0 48.239783
69700.0 48.026402
69800.0 47.304481
69900.0 47.915822
70000.0 47.368315
70100.0 47.747616
70200.0 48.166287
70300.0 47.407777
70400.0 47.455369
70500.0 48.225591
70600.0 48.180077
70700.0 47.593633
70800.0 46.736344
70900.0 48.018783
71000.0 47.458747
71100.0 48.025258
71200.0 48.300326
71300.0 47.303311
71400.0 46.728069
71500.0 45.788019
71600.0 47.617085
71700.0 46.803974
71800.0 45.625616
71900.0 47.067798
72000.0 48.001009
72100.0 46.546693
72200.0 46.723954
72300.0 48.483482
72400.0 47.289086
72500.0 47.018419
72600.0 48.509808
72700.0 47.656717
72800.0 47.15504
72900.0 46.939906
73000.0 45.792929
73100.0 47.610668
73200.0 46.972013
73300.0 46.010273
73400.0 47.986218
73500.0 47.386494
73600.0 46.147195
73700.0 47.832132
73800.0 48.987384
73900.0 47.420932
74000.0 47.475177
74100.0 48.031278
74200.0 48.545649
74300.0 48.310692
74400.0 46.677963
74500.0 46.249902
74600.0 47.819211
74700.0 47.722103
74800.0 47.355496
74900.0 47.529391
75000.0 48.056279
75100.0 47.633679
75200.0 46.885278
75300.0 47.657084
75400.0 48.165903
75500.0 46.423745
75600.0 45.817402
75700.0 46.225348
75800.0 47.121888
75900.0 47.032953
76000.0 45.735325
76100.0 47.02032
76200.0 48.526326
76300.0 46.7003
76400.0 45.611365
76500.0 47.368955
76600.0 47.907014
76700.0 46.814018
76800.0 46.905923
76900.0 47.516568
77000.0 47.245167
77100.0 46.637955
77200.0 47.16721
77300.0 47.083063
77400.0 47.032943
77500.0 47.096007
77600.0 46.75843
77700.0 48.160015
77800.0 47.993906
77900.0 47.286023
78000.0 46.890715
78100.0 46.34458
78200.0 46.601967
78300.0 46.581536
78400.0 46.317196
78500.0 47.299499
78600.0 47.221466
78700.0 47.607552
78800.0 47.945043
78900.0 47.74791
79000.0 47.01141
79100.0 47.004668
79200.0 46.740747
79300.0 46.763071
79400.0 47.386405
79500.0 47.5932
79600.0 47.411134
79700.0 48.292838
79800.0 49.183969
79900.0 48.456712
80000.0 47.553846
80100.0 48.033042
80200.0 47.483608
80300.0 46.031336
80400.0 45.57207
80500.0 46.57968
80600.0 46.963836
80700.0 46.104912
80800.0 47.154883
80900.0 49.476784
81000.0 48.528995
81100.0 45.383209
81200.0 45.849418
81300.0 47.165358
81400.0 47.127454
81500.0 47.599121
81600.0 47.332322
81700.0 46.379186
81800.0 47.100503
81900.0 47.743919
82000.0 47.531612
82100.0 48.400997
82200.0 47.665202
82300.0 46.089444
82400.0 46.701921
82500.0 46.737897
82600.0 46.399602
82700.0 45.634375
82800.0 45.886579
82900.0 46.119472
83000.0 47.109199
83100.0 47.627365
83200.0 46.750383
83300.0 46.241306
83400.0 47.031923
83500.0 47.552438
83600.0 46.623091
83700.0 47.756514
83800.0 47.550062
83900.0 45.908394
84000.0 46.388523
84100.0 46.615789
84200.0 44.970344
84300.0 46.171128
84400.0 46.606944
84500.0 46.100208
84600.0 47.396226
84700.0 46.500932
84800.0 45.550519
84900.0 45.053782
85000.0 44.378488
85100.0 46.280678
85200.0 47.327189
85300.0 46.313123
85400.0 46.375381
85500.0 46.542229
85600.0 45.974131
85700.0 46.048621
85800.0 46.348746
85900.0 44.682589
86000.0 44.839768
86100.0 45.863754
86200.0 45.706611
86300.0 46.373069
86400.0 47.262825
86500.0 47.349921
86600.0 46.676649
86700.0 46.342387
86800.0 45.415198
86900.0 44.852966
87000.0 44.578564
87100.0 44.527565
87200.0 44.212162
87300.0 44.526365
87400.0 45.048305
87500.0 45.714115
87600.0 45.846125
87700.0 45.234684
87800.0 44.986134
87900.0 45.045478
88000.0 44.928431
88100.0 46.309242
88200.0 46.127237
88300.0 45.118582
88400.0 45.179377
88500.0 44.772571
88600.0 44.902732
88700.0 45.607066
88800.0 45.27498
88900.0 44.996088
89000.0 46.164229
89100.0 46.128091
89200.0 45.044107
89300.0 44.58006
89400.0 45.494781
89500.0 45.076742
89600.0 44.483734
89700.0 44.909493
89800.0 44.668477
89900.0 45.432845
90000.0 46.209859
90100.0 45.277964
90200.0 45.442814
90300.0 44.857762
90400.0 43.921231
90500.0 44.546046
90600.0 44.457849
90700.0 43.115492
90800.0 43.199123
90900.0 45.108964
91000.0 45.769605
91100.0 45.101081
91200.0 43.761848
91300.0 43.877242
91400.0 45.235564
91500.0 44.384737
91600.0 44.457591
91700.0 44.564414
91800.0 43.817204
91900.0 42.297303
92000.0 43.787681
92100.0 46.079157
92200.0 45.889448
92300.0 45.750246
92400.0 45.571782
92500.0 43.810506
92600.0 43.698811
92700.0 44.954711
92800.0 44.878174
92900.0 44.774908
93000.0 44.810576
93100.0 44.069333
93200.0 44.085969
93300.0 45.181364
93400.0 44.743344
93500.0 43.999308
93600.0 44.442557
93700.0 43.953449
93800.0 43.46452
93900.0 44.158995
94000.0 45.454003
94100.0 45.577853
94200.0 45.003974
94300.0 43.908945
94400.0 43.552531
94500.0 43.971665
94600.0 44.621775
94700.0 45.371239
94800.0 45.476477
94900.0 45.580227
95000.0 46.003357
95100.0 45.384858
95200.0 45.582116
95300.0 45.764047
95400.0 43.852035
95500.0 43.75461
95600.0 45.683792
95700.0 45.88613
95800.0 45.506102
95900.0 45.663993
96000.0 44.79362
96100.0 44.173042
96200.0 43.550541
96300.0 43.572224
96400.0 44.865092
96500.0 43.952898
96600.0 43.623748
96700.0 45.569751
96800.0 46.197112
96900.0 45.183805
97000.0 43.591584
97100.0 42.943255
97200.0 43.505244
97300.0 45.14256
97400.0 46.146094
97500.0 45.360191
97600.0 45.712684
97700.0 46.02599
97800.0 45.77633
97900.0 45.941549
98000.0 45.910207
98100.0 44.808664
98200.0 44.425981
98300.0 46.825288
98400.0 47.582101
98500.0 45.291524
98600.0 44.88643
98700.0 45.601921
98800.0 45.81231
98900.0 43.99614
99000.0 42.988844
99100.0 44.77176
99200.0 47.027913
99300.0 47.466257
99400.0 47.209869
99500.0 46.523529
99600.0 45.623624
99700.0 45.027345
99800.0 45.154657
99900.0 45.305817
100000.0 46.829496
100100.0 47.398315
100200.0 45.958781
100300.0 46.706272
100400.0 47.651283
100500.0 46.095479
100600.0 44.870109
100700.0 45.855382
100800.0 45.975644
100900.0 45.841381
101000.0 46.600377
101100.0 46.12017
101200.0 45.243624
101300.0 45.696072
101400.0 45.53654
101500.0 46.323572
101600.0 46.2956
101700.0 44.869291
101800.0 45.019549
101900.0 47.120752
102000.0 46.681832
102100.0 45.406095
102200.0 46.443865
102300.0 46.02205
102400.0 45.132125
102500.0 45.585979
102600.0 46.366703
102700.0 46.249043
102800.0 46.20364
102900.0 46.236787
103000.0 46.001514
103100.0 45.008137
103200.0 44.692243
103300.0 44.723151
103400.0 45.767542
103500.0 46.354227
103600.0 45.489021
103700.0 46.013652
103800.0 46.849178
103900.0 45.231322
104000.0 44.126917
104100.0 43.677766
104200.0 44.740986
104300.0 45.591635
104400.0 44.646104
104500.0 45.072325
104600.0 44.95759
104700.0 44.629613
104800.0 44.36733
104900.0 44.256744
105000.0 44.883366
105100.0 44.819055
105200.0 43.678007
105300.0 43.883525
105400.0 44.467033
105500.0 43.86458
105600.0 44.370103
105700.0 44.835615
105800.0 44.586873
105900.0 43.757445
106000.0 42.789607
106100.0 43.467866
106200.0 45.541882
106300.0 45.044211
106400.0 43.777022
106500.0 42.921753
106600.0 44.69413
106700.0 44.776808
106800.0 43.515682
106900.0 43.337926
107000.0 43.925762
107100.0 44.233287
107200.0 44.377727
107300.0 43.475313
107400.0 43.249125
107500.0 44.620452
107600.0 44.761173
107700.0 43.961411
107800.0 44.594398
107900.0 44.707053
108000.0 44.015904
108100.0 44.402885
108200.0 44.008488
108300.0 43.204048
108400.0 43.063832
108500.0 42.432114
108600.0 42.814342
108700.0 43.722275
108800.0 43.689885
108900.0 43.079143
109000.0 43.03171
109100.0 42.892914
109200.0 43.335731
109300.0 44.014192
109400.0 43.207828
109500.0 43.409318
109600.0 43.044967
109700.0 42.440273
109800.0 43.296103
109900.0 43.782918
110000.0 42.675566
110100.0 41.3159
110200.0 41.261139
110300.0 42.577231
110400.0 43.738025
110500.0 43.429798
110600.0 43.535465
110700.0 43.873361
110800.0 44.011752
110900.0 44.054442
111000.0 43.226112
111100.0 41.35829
111200.0 41.482308
111300.0 42.17734
111400.0 42.07085
111500.0 42.430555
111600.0 42.890268
111700.0 43.007338
111800.0 42.114196
111900.0 41.153154
112000.0 41.13632
112100.0 41.792476
112200.0 42.100724
112300.0 42.911048
112400.0 43.468232
112500.0 42.614543
112600.0 43.01056
112700.0 42.918854
112800.0 42.013803
112900.0 41.316333
113000.0 41.905004
113100.0 42.155015
113200.0 41.445988
113300.0 41.293333
113400.0 42.453219
113500.0 42.970837
113600.0 43.253249
113700.0 42.689691
113800.0 41.321978
113900.0 41.077788
114000.0 41.671617
114100.0 42.873801
114200.0 43.82657
114300.0 43.279158
114400.0 43.615603
114500.0 42.929647
114600.0 41.588986
114700.0 41.409563
114800.0 40.93362
114900.0 40.767897
115000.0 41.939367
115100.0 42.673495
115200.0 42.237313
115300.0 42.323681
115400.0 43.974856
115500.0 42.571214
115600.0 40.727962
115700.0 41.15217
115800.0 41.376402
115900.0 41.433062
116000.0 41.339286
116100.0 42.198233
116200.0 42.406556
116300.0 42.565923
116400.0 43.212949
116500.0 42.396281
116600.0 42.187846
116700.0 42.380192
116800.0 42.289285
116900.0 42.723752
117000.0 42.430784
117100.0 42.394201
117200.0 43.009111
117300.0 42.89775
117400.0 42.155199
117500.0 42.524753
117600.0 42.584808
117700.0 42.205628
117800.0 43.413427
117900.0 44.328059
118000.0 42.658954
118100.0 41.503773
118200.0 42.658892
118300.0 43.525199
118400.0 42.918238
118500.0 42.350708
118600.0 42.763331
118700.0 42.408733
118800.0 43.34858
118900.0 44.963619
119000.0 43.892794
119100.0 42.465622
119200.0 42.571356
119300.0 42.743588
119400.0 42.576899
119500.0 43.032571
119600.0 42.67016
119700.0 43.552415
119800.0 44.765933
119900.0 44.490601
120000.0 43.050316
120100.0 42.002993
120200.0 42.66001
120300.0 42.741557
120400.0 42.698064
120500.0 43.69421
120600.0 45.330147
120700.0 44.59067
120800.0 42.977226
120900.0 42.580983
121000.0 43.759775
121100.0 43.677386
121200.0 43.929392
121300.0 43.730496
121400.0 43.359788
121500.0 43.567187
121600.0 43.337001
121700.0 44.27133
121800.0 44.88484
121900.0 42.910898
122000.0 42.075114
122100.0 43.129598
122200.0 43.620875
122300.0 44.242905
122400.0 45.409002
122500.0 44.803003
122600.0 42.842286
122700.0 42.740842
122800.0 43.68713
122900.0 43.492835
123000.0 42.827205
123100.0 43.171683
123200.0 43.240078
123300.0 42.640024
123400.0 42.571187
123500.0 43.751587
123600.0 44.330485
123700.0 43.277325
123800.0 42.425616
123900.0 43.22429
124000.0 43.759056
124100.0 43.153924
124200.0 42.469934
124300.0 43.118408
124400.0 44.374321
124500.0 44.519069
124600.0 44.036914
124700.0 43.615467
124800.0 42.892171
124900.0 42.768215
125000.0 43.521945
125100.0 44.487247
125200.0 44.643563
125300.0 44.453687
125400.0 43.865108
125500.0 43.029024
125600.0 43.223578
125700.0 43.286305
125800.0 43.348302
125900.0 42.89663
126000.0 42.033904
126100.0 42.571993
126200.0 43.756908
126300.0 43.080319
126400.0 42.688815
126500.0 43.316512
126600.0 44.577555
126700.0 43.724214
126800.0 42.466485
126900.0 42.383535
127000.0 42.639735
127100.0 43.070838
127200.0 43.07702
127300.0 43.944126
127400.0 44.164244
127500.0 43.098244
127600.0 42.902671
127700.0 42.853814
127800.0 42.762741
127900.0 42.305443
128000.0 43.136152
128100.0 43.451999
128200.0 42.397237
128300.0 42.891518
128400.0 43.267235
128500.0 42.011216
128600.0 42.290013
128700.0 42.459194
128800.0 42.612745
128900.0 42.822065
129000.0 43.094089
129100.0 43.606559
129200.0 43.808718
129300.0 43.406848
129400.0 42.511375
129500.0 43.154331
129600.0 44.381182
129700.0 42.4743
129800.0 40.818158
129900.0 41.887749
130000.0 42.331837
130100.0 43.292077
130200.0 43.141713
130300.0 42.443017
130400.0 42.258724
130500.0 41.783
130600.0 41.729789
130700.0 42.767526
130800.0 43.985496
130900.0 42.92465
131000.0 41.586805
131100.0 41.90715
131200.0 42.619823
131300.0 42.924467
131400.0 42.838373
131500.0 42.27785
131600.0 42.986905
131700.0 42.157641
131800.0 40.968973
131900.0 41.613493
132000.0 42.738458
132100.0 42.141703
132200.0 41.398318
132300.0 41.759753
132400.0 41.958463
132500.0 42.282212
132600.0 42.27033
132700.0 40.281367
132800.0 40.520298
132900.0 42.213924
133000.0 40.74615
133100.0 40.805769
133200.0 42.401936
133300.0 42.221877
133400.0 41.945975
133500.0 42.30373
133600.0 41.087968
133700.0 40.382023
133800.0 41.466464
133900.0 42.689642
134000.0 41.259229
134100.0 39.845081
134200.0 41.508151
134300.0 41.351049
134400.0 40.540782
134500.0 40.330789
134600.0 40.73491
134700.0 40.93529
134800.0 40.51142
134900.0 41.512498
135000.0 42.146514
135100.0 41.306455
135200.0 41.803794
135300.0 41.889881
135400.0 40.866488
135500.0 40.89524
135600.0 41.260153
135700.0 41.078298
135800.0 40.829763
135900.0 41.198259
136000.0 41.573682
136100.0 40.988857
136200.0 40.516821
136300.0 40.552681
136400.0 39.983313
136500.0 40.158927
136600.0 40.421589
136700.0 40.323408
136800.0 40.594307
136900.0 41.089094
137000.0 42.343139
137100.0 42.563134
137200.0 40.400923
137300.0 39.828495
137400.0 41.296048
137500.0 41.514113
137600.0 39.443736
137700.0 39.963716
137800.0 41.423587
137900.0 41.244492
138000.0 41.436343
138100.0 40.991071
138200.0 40.007338
138300.0 40.126089
138400.0 39.746667
138500.0 39.187975
138600.0 40.023147
138700.0 40.751683
138800.0 41.900644
138900.0 41.073096
139000.0 39.533276
139100.0 40.939173
139200.0 42.205718
139300.0 41.089315
139400.0 40.020943
139500.0 39.662048
139600.0 39.328969
139700.0 39.811549
139800.0 40.74984
139900.0 41.461764
140000.0 40.781486
140100.0 39.405942
140200.0 39.555027
140300.0 40.537937
140400.0 40.526442
140500.0 39.673641
140600.0 40.383845
140700.0 41.407314
140800.0 41.020442
140900.0 40.552806
141000.0 41.270142
141100.0 41.08959
141200.0 40.068154
141300.0 39.637497
141400.0 39.378068
141500.0 38.84847
141600.0 38.98943
141700.0 40.209882
141800.0 40.964884
141900.0 39.725019
142000.0 39.508654
142100.0 40.537674
142200.0 40.687884
142300.0 40.040598
142400.0 39.815072
142500.0 40.310318
142600.0 40.350208
142700.0 39.509755
142800.0 39.676034
142900.0 39.633206
143000.0 40.40806
143100.0 40.719225
143200.0 40.255652
143300.0 40.897731
143400.0 40.756268
143500.0 39.543756
143600.0 39.452264
143700.0 40.234195
143800.0 39.861321
143900.0 39.782523
144000.0 40.646691
144100.0 39.983939
144200.0 39.709434
144300.0 39.947845
144400.0 40.32281
144500.0 41.011828
144600.0 39.875401
144700.0 40.012155
144800.0 40.243125
144900.0 39.68236
145000.0 40.143084
145100.0 40.045019
145200.0 39.75402
145300.0 39.952801
145400.0 40.379911
145500.0 40.797326
145600.0 40.315527
145700.0 39.442473
145800.0 40.260852
145900.0 41.359982
146000.0 41.151286
146100.0 41.472951
146200.0 41.276559
146300.0 40.392799
146400.0 39.906946
146500.0 40.612503
146600.0 40.676145
146700.0 40.029378
146800.0 40.171673
146900.0 41.869108
147000.0 41.352613
147100.0 39.866386
147200.0 40.124526
147300.0 40.612898
147400.0 40.525032
147500.0 40.082613
147600.0 40.351451
147700.0 41.043552
147800.0 41.024032
147900.0 40.577665
148000.0 40.239216
148100.0 40.668345
148200.0 40.70223
148300.0 40.896046
148400.0 41.185989
148500.0 41.810907
148600.0 42.507537
148700.0 41.325635
148800.0 40.102221
148900.0 40.239229
149000.0 40.828473
149100.0 40.865798
149200.0 40.317011
149300.0 40.164299
149400.0 40.128539
149500.0 40.897249
149600.0 42.967684
149700.0 43.029759
149800.0 41.359129
149900.0 40.069467
150000.0 39.252851
150100.0 39.473049
150200.0 41.46571
150300.0 42.369246
150400.0 41.571152
150500.0 41.335983
150600.0 41.384182
150700.0 41.205946
150800.0 40.577039
150900.0 40.372397
151000.0 40.837609
151100.0 40.560772
151200.0 40.287074
151300.0 42.297423
151400.0 42.225247
151500.0 40.490387
151600.0 40.265379
151700.0 41.001623
151800.0 41.005756
151900.0 39.432
152000.0 39.393948
152100.0 41.139827
152200.0 42.092703
152300.0 42.272837
152400.0 41.777647
152500.0 40.503698
152600.0 40.608402
152700.0 40.875524
152800.0 39.851764
152900.0 39.68632
153000.0 40.991972
153100.0 41.19712
153200.0 41.134033
153300.0 40.656732
153400.0 40.426564
153500.0 40.810097
153600.0 40.27482
153700.0 40.645335
153800.0 41.395521
153900.0 41.743989
154000.0 41.057591
154100.0 40.323549
154200.0 40.682535
154300.0 41.275351
154400.0 40.764637
154500.0 40.025983
154600.0 39.986224
154700.0 40.300989
154800.0 40.994885
154900.0 41.178825
155000.0 40.432507
155100.0 40.190196
155200.0 40.661438
155300.0 39.910483
155400.0 39.856427
155500.0 41.174539
155600.0 41.032038
155700.0 40.841319
155800.0 40.866122
155900.0 40.224887
156000.0 40.151588
156100.0 40.588201
156200.0 40.489257
156300.0 39.526153
156400.0 39.301422
156500.0 40.145317
156600.0 40.145151
156700.0 40.575652
156800.0 40.808179
156900.0 39.649052
157000.0 39.03772
157100.0 40.112509
157200.0 39.955944
157300.0 40.022503
157400.0 41.455367
157500.0 41.78645
157600.0 39.625057
157700.0 39.322781
157800.0 40.2878
157900.0 40.131357
158000.0 38.856997
158100.0 38.579656
158200.0 38.542656
158300.0 39.361547
158400.0 39.946881
158500.0 39.306167
158600.0 39.700711
158700.0 40.061288
158800.0 39.574224
158900.0 39.911246
159000.0 39.443577
159100.0 38.62906
159200.0 39.587271
159300.0 40.277643
159400.0 39.473178
159500.0 39.013561
159600.0 38.484714
159700.0 38.556216
159800.0 39.016089
159900.0 38.465046
160000.0 38.446128
160100.0 39.570939
160200.0 39.983361
160300.0 39.042112
160400.0 38.338364
160500.0 39.027185
160600.0 38.752458
160700.0 38.707865
160800.0 39.215574
160900.0 39.678795
161000.0 39.770199
161100.0 39.478109
161200.0 39.124091
161300.0 38.681494
161400.0 38.908755
161500.0 38.389321
161600.0 37.655878
161700.0 38.786894
161800.0 39.55241
161900.0 38.460239
162000.0 38.196313
162100.0 39.271754
162200.0 38.854111
162300.0 38.006436
162400.0 37.770917
162500.0 38.628763
162600.0 39.467988
162700.0 39.100859
162800.0 38.956815
162900.0 38.05485
163000.0 38.229081
163100.0 38.574149
163200.0 38.320161
163300.0 38.025746
163400.0 38.028981
163500.0 38.225156
163600.0 38.997778
163700.0 38.743293
163800.0 38.54944
163900.0 37.741683
164000.0 37.561184
164100.0 38.288225
164200.0 38.255979
164300.0 37.716196
164400.0 37.787763
164500.0 38.382442
164600.0 39.076543
164700.0 39.082485
164800.0 37.761504
164900.0 37.555698
165000.0 38.683312
165100.0 38.386566
165200.0 37.82277
165300.0 38.34084
165400.0 38.880006
165500.0 38.718949
165600.0 38.291449
165700.0 37.654238
165800.0 37.664473
165900.0 37.595488
166000.0 38.005209
166100.0 38.787247
166200.0 39.381627
166300.0 38.95912
166400.0 38.602193
166500.0 38.803062
166600.0 37.234539
166700.0 36.887081
166800.0 38.712384
166900.0 38.273711
167000.0 37.877189
167100.0 38.023006
167200.0 38.321416
167300.0 38.444403
167400.0 37.488108
167500.0 38.550888
167600.0 39.767065
167700.0 38.177308
167800.0 38.052291
167900.0 39.403852
168000.0 38.322044
168100.0 36.90611
168200.0 37.031137
168300.0 38.07148
168400.0 38.142241
168500.0 38.343061
168600.0 38.29589
168700.0 38.13193
168800.0 38.57799
168900.0 38.083418
169000.0 37.807286
169100.0 38.530951
169200.0 38.047935
169300.0 37.220053
169400.0 37.707047
169500.0 37.908384
169600.0 37.965265
169700.0 38.64018
169800.0 38.980946
169900.0 38.248968
170000.0 37.74956
170100.0 38.561362
170200.0 38.77559
170300.0 38.244452
170400.0 38.05328
170500.0 38.241889
170600.0 38.618393
170700.0 38.480865
170800.0 38.95664
170900.0 38.922249
171000.0 37.667125
171100.0 38.361681
171200.0 38.867876
171300.0 37.670695
171400.0 37.45719
171500.0 38.163272
171600.0 37.642654
171700.0 38.875264
171800.0 38.717375
171900.0 37.623773
172000.0 38.063447
172100.0 37.058355
172200.0 37.349599
172300.0 38.99772
172400.0 37.943138
172500.0 37.368729
172600.0 38.394541
172700.0 38.944667
172800.0 38.291078
172900.0 37.931525
173000.0 38.427262
173100.0 38.821392
173200.0 38.600397
173300.0 39.03257
173400.0 39.123392
173500.0 37.908728
173600.0 37.220659
173700.0 38.042771
173800.0 38.738377
173900.0 38.859526
174000.0 38.568194
174100.0 38.300303
174200.0 38.654069
174300.0 39.131332
174400.0 38.436109
174500.0 38.225358
174600.0 39.053323
174700.0 38.218822
174800.0 37.879983
174900.0 38.455387
175000.0 38.564422
175100.0 38.12292
175200.0 37.965722
175300.0 39.025087
175400.0 38.735509
175500.0 37.28417
175600.0 36.85796
175700.0 38.355049
175800.0 39.096509
175900.0 38.016005
176000.0 38.703734
176100.0 39.428081
176200.0 38.133258
176300.0 37.517082
176400.0 38.608711
176500.0 38.632555
176600.0 38.798645
176700.0 38.753817
176800.0 37.757289
176900.0 37.272437
177000.0 38.00324
177100.0 38.656063
177200.0 38.531359
177300.0 38.80956
177400.0 39.49317
177500.0 39.346953
177600.0 38.157097
177700.0 38.759941
177800.0 39.158081
177900.0 39.085117
178000.0 38.10175
178100.0 36.859379
178200.0 38.290865
178300.0 39.003738
178400.0 37.155041
178500.0 37.991334
178600.0 39.289769
178700.0 37.987724
178800.0 38.188021
178900.0 38.372562
179000.0 37.679423
179100.0 36.737946
179200.0 37.047485
179300.0 38.183099
179400.0 38.063034
179500.0 38.254625
179600.0 38.349377
179700.0 37.308096
179800.0 36.7877
179900.0 38.140178
180000.0 37.506244
180100.0 36.730368
180200.0 37.44806
180300.0 38.193024
180400.0 38.003123
180500.0 37.553269
180600.0 37.623252
180700.0 37.139794
180800.0 37.945717
180900.0 39.008785
181000.0 37.638803
181100.0 36.987665
181200.0 37.912871
181300.0 38.719385
181400.0 38.452819
181500.0 37.863817
181600.0 37.809141
181700.0 38.036306
181800.0 37.142352
181900.0 37.266337
182000.0 37.789792
182100.0 37.133783
182200.0 36.893801
182300.0 38.030125
182400.0 38.128096
182500.0 37.325347
182600.0 36.74515
182700.0 37.534137
182800.0 38.11434
182900.0 37.891774
183000.0 37.847182
183100.0 38.169674
183200.0 38.165853
183300.0 37.596875
183400.0 36.934463
183500.0 36.892761
183600.0 36.792116
183700.0 36.4328
183800.0 36.63625
183900.0 37.913956
184000.0 37.806787
184100.0 37.140074
184200.0 37.190025
184300.0 37.231707
184400.0 37.885561
184500.0 37.640481
184600.0 36.384823
184700.0 36.476594
184800.0 37.178307
184900.0 37.272599
185000.0 36.675972
185100.0 37.465135
185200.0 37.757336
185300.0 36.50599
185400.0 36.432904
185500.0 37.64818
185600.0 37.753381
185700.0 36.676719
185800.0 36.794031
185900.0 37.019774
186000.0 36.324363
186100.0 36.111061
186200.0 36.870601
186300.0 36.909374
186400.0 36.412569
186500.0 36.545231
186600.0 37.185196
186700.0 37.151648
186800.0 37.21339
186900.0 37.061563
187000.0 36.924595
187100.0 36.207616
187200.0 36.155069
187300.0 37.60731
187400.0 37.366047
187500.0 36.583661
187600.0 36.555914
187700.0 36.259154
187800.0 36.396977
187900.0 36.767493
188000.0 36.085496
188100.0 35.395269
188200.0 36.626947
188300.0 37.497725
188400.0 36.701315
188500.0 35.838955
188600.0 36.189404
188700.0 36.865054
188800.0 35.591853
188900.0 34.765756
189000.0 35.999377
189100.0 36.549229
189200.0 36.178535
189300.0 36.722541
189400.0 36.216153
189500.0 35.001381
189600.0 35.890044
189700.0 36.81203
189800.0 36.020906
189900.0 36.069837
190000.0 36.353023
190100.0 35.907817
190200.0 36.158887
190300.0 36.945216
190400.0 37.667565
190500.0 37.337916
190600.0 35.68366
190700.0 34.219893
190800.0 34.762345
190900.0 36.315687
191000.0 37.317268
191100.0 37.244581
191200.0 35.821142
191300.0 34.313872
191400.0 35.08825
191500.0 36.707496
191600.0 36.659976
191700.0 35.678566
191800.0 35.294338
191900.0 36.53357
192000.0 37.085465
192100.0 36.356327
192200.0 36.607921
192300.0 36.908181
192400.0 36.143626
192500.0 35.229356
192600.0 35.22344
192700.0 35.9668
192800.0 36.92133
192900.0 36.726068
193000.0 36.17574
193100.0 36.24891
193200.0 36.590808
193300.0 36.681675
193400.0 36.122366
193500.0 35.809
193600.0 35.594376
193700.0 36.129097
193800.0 36.553749
193900.0 35.773244
194000.0 35.417633
194100.0 36.193672
194200.0 36.051139
194300.0 35.72165
194400.0 35.639796
194500.0 35.930519
194600.0 36.187203
194700.0 36.099829
194800.0 36.945087
194900.0 37.27225
195000.0 35.803534
195100.0 35.546153
195200.0 36.157303
195300.0 35.91304
195400.0 35.859923
195500.0 35.086183
195600.0 34.803955
195700.0 36.021592
195800.0 36.257089
195900.0 34.805141
196000.0 34.929843
196100.0 36.727277
196200.0 36.662238
196300.0 35.26599
196400.0 34.33007
196500.0 36.151044
196600.0 37.265726
196700.0 36.197214
196800.0 35.794987
196900.0 36.824282
197000.0 36.943112
197100.0 36.252226
197200.0 35.813661
197300.0 35.637001
197400.0 36.584628
197500.0 36.644584
197600.0 36.342012
197700.0 35.849595
197800.0 35.473558
197900.0 36.57892
198000.0 36.904316
198100.0 36.371835
198200.0 36.580364
198300.0 36.048791
198400.0 35.727789
198500.0 36.708422
198600.0 36.569164
198700.0 36.601473
198800.0 36.604323
198900.0 36.429417
199000.0 36.669531
199100.0 36.795244
199200.0 36.14488
199300.0 34.922618
199400.0 34.597077
199500.0 35.9008
199600.0 36.709375
199700.0 36.098616
199800.0 35.919728
199900.0 36.564907
200000.0 36.279213
200100.0 35.410494
200200.0 36.447738
200300.0 35.963395
200400.0 34.638417
200500.0 35.436403
200600.0 37.164491
200700.0 36.126593
200800.0 34.99528
200900.0 35.35459
201000.0 36.023616
201100.0 36.226258
201200.0 35.514369
201300.0 33.56273
201400.0 35.443911
201500.0 36.360556
201600.0 35.253233
201700.0 35.981439
201800.0 37.751433
201900.0 34.815222
202000.0 35.11655
202100.0 36.627511
202200.0 35.477341
202300.0 33.461927
202400.0 33.989454
202500.0 36.451416
202600.0 35.805402
202700.0 35.631047
202800.0 35.402428
202900.0 36.036223
203000.0 37.01488
203100.0 35.757676
203200.0 34.64549
203300.0 35.869881
203400.0 36.039023
203500.0 35.411835
203600.0 35.215025
203700.0 34.360984
203800.0 36.332383
203900.0 36.518153
204000.0 35.229078
204100.0 35.236141
204200.0 37.394958
204300.0 36.34824
204400.0 35.658343
204500.0 35.511104
204600.0 35.256398
204700.0 37.476742
204800.0 37.194972
204900.0 34.90556
205000.0 35.870845
205100.0 36.080883
205200.0 34.202632
205300.0 35.596446
205400.0 36.223715
205500.0 35.474921
205600.0 36.301114
205700.0 37.098599
205800.0 36.202699
205900.0 35.386121
206000.0 35.994735
206100.0 35.979447
206200.0 34.28864
206300.0 35.396648
206400.0 35.200593
206500.0 35.466001
206600.0 36.336579
206700.0 35.861384
206800.0 34.52993
206900.0 34.866538
207000.0 35.826376
207100.0 35.811955
207200.0 35.880553
207300.0 36.376059
207400.0 35.705073
207500.0 34.793916
207600.0 36.224781
207700.0 38.067357
207800.0 35.332414
207900.0 34.894283
208000.0 36.601971
208100.0 35.604701
208200.0 35.476198
208300.0 35.481725
208400.0 33.69722
208500.0 34.774735
208600.0 35.825551
208700.0 35.446597
208800.0 35.702744
208900.0 36.984327
209000.0 36.155972
209100.0 35.773466
209200.0 35.741409
209300.0 35.602551
209400.0 35.509747
209500.0 35.713781
209600.0 36.049795
209700.0 37.044886
209800.0 36.18676
209900.0 35.24821
210000.0 36.056038
210100.0 34.882049
210200.0 35.935104
210300.0 36.903906
210400.0 35.469621
210500.0 35.838619
210600.0 35.136771
210700.0 34.325425
210800.0 35.808314
210900.0 36.072409
211000.0 35.255299
211100.0 37.328187
211200.0 36.817118
211300.0 34.903419
211400.0 36.494575
211500.0 35.486656
211600.0 34.032792
211700.0 35.791982
211800.0 36.578079
211900.0 35.845436
212000.0 34.854845
212100.0 35.719176
212200.0 36.558291
212300.0 37.308829
212400.0 36.485776
212500.0 34.432356
212600.0 36.353074
212700.0 36.698181
212800.0 35.133377
212900.0 35.739497
213000.0 35.224396
213100.0 36.323138
213200.0 37.283808
213300.0 35.187804
213400.0 35.583028
213500.0 36.117003
213600.0 34.838641
213700.0 35.772038
213800.0 37.339334
213900.0 35.541572
214000.0 35.130065
214100.0 35.647788
214200.0 36.220473
214300.0 35.523481
214400.0 33.757155
214500.0 35.588263
214600.0 35.659741
214700.0 35.252488
214800.0 36.061198
214900.0 35.949917
215000.0 35.571334
215100.0 37.624449
215200.0 36.463976
215300.0 34.861721
215400.0 35.93794
215500.0 36.147625
215600.0 35.094428
215700.0 37.222604
215800.0 36.833281
215900.0 34.935578
216000.0 35.814242
216100.0 36.14929
216200.0 34.273797
216300.0 35.383146
216400.0 37.459491
216500.0 34.814367
216600.0 34.716701
216700.0 37.405339
216800.0 35.755343
216900.0 34.850891
217000.0 37.204975
217100.0 35.78454
217200.0 34.659316
217300.0 36.379422
217400.0 35.738172
217500.0 34.674025
217600.0 36.867052
217700.0 36.904837
217800.0 34.121973
217900.0 36.137158
218000.0 36.558458
218100.0 35.238184
218200.0 35.977918
218300.0 36.642702
218400.0 35.559129
218500.0 35.378498
218600.0 35.759497
218700.0 36.035526
218800.0 36.786693
218900.0 35.863233
219000.0 35.110686
219100.0 36.866315
219200.0 36.687079
219300.0 35.553901
219400.0 35.818268
219500.0 36.485484
219600.0 35.328606
219700.0 34.058458
219800.0 35.504063
219900.0 36.464659
220000.0 34.984245
