0.0 264.99612
100.0 529.68381
200.0 553.06908
300.0 -143.91942
400.0 -622.51388
500.0 -628.24647
600.0 -464.39184
700.0 -249.0029
800.0 29.587802
900.0 244.00929
1000.0 252.40096
1100.0 96.806858
1200.0 -94.974482
1300.0 -204.487
1400.0 -168.57377
1500.0 -35.090915
1600.0 178.65231
1700.0 280.48186
1800.0 257.32323
1900.0 156.72605
2000.0 8.8244986
2100.0 -128.6792
2200.0 -216.2802
2300.0 -258.50363
2400.0 -185.44285
2500.0 -26.667044
2600.0 106.83997
2700.0 106.29221
2800.0 133.76693
2900.0 145.68502
3000.0 65.721918
3100.0 -43.369605
3200.0 -108.54609
3300.0 -163.78404
3400.0 -61.140043
3500.0 50.168105
3600.0 37.089854
3700.0 23.158107
3800.0 15.757231
3900.0 57.772224
4000.0 29.729515
4100.0 -31.580995
4200.0 -43.503282
4300.0 -32.735817
4400.0 -3.1517803
4500.0 20.077788
4600.0 2.9684435
4700.0 -78.599706
4800.0 -41.726393
4900.0 56.712308
5000.0 63.939706
5100.0 26.004326
5200.0 36.437592
5300.0 5.6203187
5400.0 -19.97476
5500.0 -20.382968
5600.0 -90.251888
5700.0 -38.351112
5800.0 14.40033
5900.0 32.19918
6000.0 92.1685
6100.0 72.870413
6200.0 17.933178
6300.0 -70.562773
6400.0 -128.27521
6500.0 -81.38957
6600.0 -78.649991
6700.0 37.481347
6800.0 161.92585
6900.0 91.297261
7000.0 7.6136185
7100.0 -52.455954
7200.0 -79.102873
7300.0 -43.574279
7400.0 24.013913
7500.0 45.87066
7600.0 24.843302
7700.0 -2.1081452
7800.0 -42.530878
7900.0 -83.264605
8000.0 -56.096051
8100.0 62.925253
8200.0 162.7787
8300.0 129.86561
8400.0 5.2523086
8500.0 -138.26512
8600.0 -197.50818
8700.0 -99.334858
8800.0 38.841924
8900.0 94.32046
9000.0 97.415902
9100.0 130.74511
9200.0 46.411845
9300.0 -78.045766
9400.0 -68.307877
9500.0 -34.295271
9600.0 -66.083599
9700.0 -48.323895
9800.0 -27.659636
9900.0 28.468073
10000.0 65.256737
10100.0 97.651882
10200.0 95.506609
10300.0 -5.9228044
10400.0 -113.29468
10500.0 -147.47878
10600.0 -70.296175
10700.0 7.2731968
10800.0 99.891747
10900.0 139.4788
11000.0 111.13932
11100.0 -9.1068474
11200.0 -108.32605
11300.0 -116.39535
11400.0 -38.570706
11500.0 32.706954
11600.0 42.962455
11700.0 -13.662781
11800.0 -37.537513
11900.0 -20.719599
12000.0 12.943417
12100.0 66.373902
12200.0 51.735129
12300.0 34.692321
12400.0 10.424156
12500.0 7.3218488
12600.0 -1.3883519
12700.0 -47.922398
12800.0 -108.85901
12900.0 -78.235046
13000.0 23.267766
13100.0 36.662659
13200.0 53.138767
13300.0 68.365109
13400.0 39.865191
13500.0 -13.448659
13600.0 -41.944232
13700.0 -74.463463
13800.0 -60.927755
13900.0 -50.524333
14000.0 56.507386
14100.0 152.30558
14200.0 117.31209
14300.0 -43.380909
14400.0 -95.559409
14500.0 -60.899765
14600.0 -61.038814
14700.0 -26.606812
14800.0 37.746807
14900.0 54.135918
15000.0 50.405361
15100.0 29.094828
15200.0 7.4456408
15300.0 -29.103049
15400.0 -84.964301
15500.0 -58.230193
15600.0 25.047679
15700.0 44.47265
15800.0 33.343454
15900.0 -13.735705
16000.0 -9.8607366
16100.0 34.942107
16200.0 6.3793442
16300.0 12.087413
16400.0 4.9279939
16500.0 2.4976431
16600.0 -43.249888
16700.0 -102.86458
16800.0 -37.110159
16900.0 49.602382
17000.0 119.02269
17100.0 89.830937
17200.0 44.874242
17300.0 1.0530957
17400.0 -101.35153
17500.0 -131.23787
17600.0 -84.190272
17700.0 -35.291509
17800.0 39.110505
17900.0 181.58929
18000.0 208.6072
18100.0 35.490248
18200.0 -140.13788
18300.0 -163.72641
18400.0 -101.46012
18500.0 -42.288425
18600.0 46.933132
18700.0 101.00822
18800.0 104.22597
18900.0 72.970433
19000.0 -11.397058
19100.0 -57.302424
19200.0 -89.077031
19300.0 -89.048435
19400.0 -43.037984
19500.0 31.173966
19600.0 102.69374
19700.0 101.50762
19800.0 58.870444
19900.0 -31.787495
20000.0 -119.73023
20100.0 -93.436024
20200.0 -21.389961
20300.0 22.922377
20400.0 87.437478
20500.0 93.825411
20600.0 31.666591
20700.0 -26.759386
20800.0 -58.972951
20900.0 -46.481874
21000.0 -1.3312626
21100.0 -26.050946
21200.0 -40.115421
21300.0 -0.79927612
21400.0 11.456582
21500.0 19.958012
21600.0 83.75799
21700.0 101.61879
21800.0 34.731032
21900.0 -55.987779
22000.0 -81.995215
22100.0 -47.454539
22200.0 -38.955321
22300.0 -39.024502
22400.0 20.299086
22500.0 64.122294
22600.0 63.570395
22700.0 13.087905
22800.0 -26.268555
22900.0 -19.224046
23000.0 35.715966
23100.0 29.500489
23200.0 -45.297602
23300.0 -45.429704
23400.0 -9.6320592
23500.0 -5.4426045
23600.0 11.50409
23700.0 29.173282
23800.0 14.367463
23900.0 0.18617746
24000.0 4.9099809
24100.0 -8.9771629
24200.0 -28.341549
24300.0 14.40457
24400.0 12.668637
24500.0 -2.4708413
24600.0 -22.092034
24700.0 -23.176806
24800.0 33.343084
24900.0 11.704269
25000.0 -17.335704
25100.0 20.042244
25200.0 31.514677
25300.0 15.784617
25400.0 -14.343775
25500.0 -33.911345
25600.0 -27.706622
25700.0 6.7428073
25800.0 14.518753
25900.0 17.29345
26000.0 28.78691
26100.0 -21.276862
26200.0 -53.444016
26300.0 2.5588688
26400.0 55.08503
26500.0 37.968996
26600.0 22.419118
26700.0 -15.407964
26800.0 -53.345582
26900.0 -52.499911
27000.0 -13.545511
27100.0 42.98286
27200.0 38.432296
27300.0 27.585051
27400.0 2.9917122
27500.0 -3.9503663
27600.0 11.336438
27700.0 -66.24903
27800.0 -46.719716
27900.0 11.0972
28000.0 5.1415341
28100.0 21.488602
28200.0 59.159203
28300.0 63.534265
28400.0 -9.2383378
28500.0 -52.915959
28600.0 1.734634
28700.0 45.958109
28800.0 -13.807982
28900.0 -63.924884
29000.0 -51.087202
29100.0 3.3384137
29200.0 61.722898
29300.0 56.374985
29400.0 23.250949
29500.0 -12.43136
29600.0 -50.213685
29700.0 -74.233593
29800.0 -45.759028
29900.0 5.1546872
30000.0 56.424937
30100.0 76.63304
30200.0 87.656559
30300.0 26.099503
30400.0 -69.149777
30500.0 -100.69043
30600.0 -65.589263
30700.0 46.890473
30800.0 93.913748
30900.0 27.901535
31000.0 -3.5607542
31100.0 9.3075992
31200.0 -11.593318
31300.0 -31.575789
31400.0 -56.859925
31500.0 -62.058664
31600.0 -13.778317
31700.0 26.790714
31800.0 75.817458
31900.0 109.09331
32000.0 44.158368
32100.0 -35.192102
32200.0 -75.538843
32300.0 -53.124477
32400.0 -26.238663
32500.0 -12.401373
32600.0 28.533425
32700.0 37.716098
32800.0 58.854712
32900.0 44.957983
33000.0 -5.7037784
33100.0 -19.136834
33200.0 -18.608686
33300.0 -37.707645
33400.0 -51.153575
33500.0 -39.435216
33600.0 11.245228
33700.0 52.778928
33800.0 80.775757
33900.0 78.995661
34000.0 -10.052795
34100.0 -133.74087
34200.0 -143.74883
34300.0 -41.828021
34400.0 100.33129
34500.0 153.06538
34600.0 105.68155
34700.0 54.994487
34800.0 -60.613218
34900.0 -157.72645
35000.0 -118.32074
35100.0 -25.208641
35200.0 34.10419
35300.0 108.26611
35400.0 109.13722
35500.0 25.917328
35600.0 -10.086837
35700.0 -32.70173
35800.0 -63.749507
35900.0 -80.45642
36000.0 -87.773868
36100.0 -20.602993
36200.0 116.63889
36300.0 160.98362
36400.0 99.82305
36500.0 29.322021
36600.0 -54.001422
36700.0 -124.9095
36800.0 -140.30972
36900.0 -81.183464
37000.0 44.055873
37100.0 106.92745
37200.0 87.643401
37300.0 77.054552
37400.0 53.728999
37500.0 -52.905908
37600.0 -128.93482
37700.0 -92.89542
37800.0 -17.161293
37900.0 25.560142
38000.0 55.242853
38100.0 67.980288
38200.0 56.537161
38300.0 64.738962
38400.0 21.659778
38500.0 -85.59188
38600.0 -138.42296
38700.0 -87.264484
38800.0 -7.892494
38900.0 82.03529
39000.0 114.95098
39100.0 88.201973
39200.0 17.687997
39300.0 -66.302908
39400.0 -80.466975
39500.0 -38.087102
39600.0 -35.734783
39700.0 -30.301607
39800.0 29.364009
39900.0 91.906407
40000.0 120.71518
40100.0 75.206741
40200.0 -29.894189
40300.0 -117.90102
40400.0 -123.54234
40500.0 -100.13228
40600.0 -20.683415
40700.0 91.334669
40800.0 148.05273
40900.0 138.33765
41000.0 70.589109
41100.0 -37.713783
41200.0 -142.34064
41300.0 -178.09021
41400.0 -111.47403
41500.0 -1.8867008
41600.0 80.913901
41700.0 187.78143
41800.0 223.01846
41900.0 105.83204
42000.0 -89.764499
42100.0 -214.77865
42200.0 -238.37363
42300.0 -137.1581
42400.0 50.861998
42500.0 198.66406
42600.0 241.29828
42700.0 177.93069
42800.0 24.556396
42900.0 -167.72736
43000.0 -260.05622
43100.0 -197.94879
43200.0 -42.77478
43300.0 115.40784
43400.0 209.74439
43500.0 191.69769
43600.0 46.484505
43700.0 -82.658799
43800.0 -121.70608
43900.0 -122.04806
44000.0 -83.094065
44100.0 23.57541
44200.0 118.62903
44300.0 120.26685
44400.0 71.197037
44500.0 6.9658509
44600.0 -60.906842
44700.0 -90.291157
44800.0 -111.23893
44900.0 -60.163782
45000.0 40.167192
45100.0 64.240722
45200.0 86.815274
45300.0 115.51306
45400.0 66.516271
45500.0 -73.60129
45600.0 -149.01762
45700.0 -116.79514
45800.0 -23.600149
45900.0 79.195439
46000.0 146.98892
46100.0 125.32488
46200.0 33.39756
46300.0 -92.323824
46400.0 -166.61099
46500.0 -142.40625
46600.0 -58.121351
46700.0 64.133508
46800.0 182.47089
46900.0 201.04641
47000.0 59.663056
47100.0 -95.800328
47200.0 -133.02903
47300.0 -114.4735
47400.0 -88.732306
47500.0 -12.548516
47600.0 95.306227
47700.0 163.25762
47800.0 115.86376
47900.0 3.9283396
48000.0 -70.508402
48100.0 -102.98331
48200.0 -100.78082
48300.0 -39.921102
48400.0 51.723331
48500.0 100.49989
48600.0 66.280459
48700.0 21.277014
48800.0 -10.6221
48900.0 -48.009204
49000.0 -66.059118
49100.0 -26.571121
49200.0 14.123259
49300.0 52.01081
49400.0 65.16027
49500.0 20.545522
49600.0 -16.395769
49700.0 -23.723542
49800.0 -33.226571
49900.0 -60.584933
50000.0 -58.81947
50100.0 2.8831492
50200.0 71.677738
50300.0 97.698519
50400.0 50.322561
50500.0 -11.772905
50600.0 -28.466804
50700.0 -59.396799
50800.0 -45.02115
50900.0 -14.383345
51000.0 15.03621
51100.0 33.095806
51200.0 34.753441
51300.0 16.322681
51400.0 6.4585091
51500.0 -50.253479
51600.0 -72.462646
51700.0 -7.2798342
51800.0 37.409488
51900.0 38.987088
52000.0 60.26645
52100.0 79.931502
52200.0 21.155353
52300.0 -85.718516
52400.0 -95.009615
52500.0 -59.089475
52600.0 -8.5426444
52700.0 44.926162
52800.0 58.089483
52900.0 68.678812
53000.0 31.31315
53100.0 -45.520937
53200.0 -71.57736
53300.0 -19.885113
53400.0 10.400613
53500.0 5.1134637
53600.0 36.827382
53700.0 56.582644
53800.0 11.313062
53900.0 -32.609921
54000.0 -27.349762
54100.0 -21.613183
54200.0 -17.434247
54300.0 -19.516313
54400.0 -9.651825
54500.0 38.086188
54600.0 84.770557
54700.0 52.842129
54800.0 -31.116992
54900.0 -74.218372
55000.0 -67.585221
55100.0 -14.430314
55200.0 36.241998
55300.0 63.387073
55400.0 69.983772
55500.0 29.407031
55600.0 -63.586602
55700.0 -100.35046
55800.0 -60.306662
55900.0 20.902598
56000.0 73.000354
56100.0 85.560705
56200.0 25.084007
56300.0 -18.831887
56400.0 -17.389351
56500.0 -54.486435
56600.0 -79.648334
56700.0 -7.4807596
56800.0 63.801166
56900.0 44.974562
57000.0 42.760523
57100.0 55.155903
57200.0 -12.137026
57300.0 -97.707146
57400.0 -107.97163
57500.0 -36.437049
57600.0 49.315013
57700.0 97.650688
57800.0 98.745842
57900.0 75.062323
58000.0 7.3801795
58100.0 -88.114154
58200.0 -112.01844
58300.0 -116.64519
58400.0 -85.156046
58500.0 48.968979
58600.0 181.69597
58700.0 190.66401
58800.0 78.289985
58900.0 -83.693045
59000.0 -160.37549
59100.0 -136.81088
59200.0 -60.556058
59300.0 34.548892
59400.0 98.734238
59500.0 103.57455
59600.0 102.0893
59700.0 2.1648664
59800.0 -116.72615
59900.0 -118.38243
60000.0 -42.978532
60100.0 17.541501
60200.0 78.75437
60300.0 80.682265
60400.0 45.174353
60500.0 16.362934
60600.0 -39.919257
60700.0 -69.757869
60800.0 -52.529273
60900.0 -17.139152
61000.0 23.044136
61100.0 31.780885
61200.0 62.323724
61300.0 74.632889
61400.0 20.045452
61500.0 -58.781415
61600.0 -82.947812
61700.0 -72.58871
61800.0 -28.408518
61900.0 61.333348
62000.0 96.35231
62100.0 69.452373
62200.0 -1.146533
62300.0 -33.601806
62400.0 -40.189384
62500.0 -49.044882
62600.0 -40.078146
62700.0 -27.48552
62800.0 19.327153
62900.0 63.944426
63000.0 67.770092
63100.0 36.067888
63200.0 -3.6380294
63300.0 -24.873417
63400.0 -39.596287
63500.0 -75.410208
63600.0 -74.763873
63700.0 19.45957
63800.0 90.418415
63900.0 83.911444
64000.0 69.659083
64100.0 41.72098
64200.0 -29.367811
64300.0 -120.1346
64400.0 -127.28702
64500.0 -56.337647
64600.0 15.235553
64700.0 85.216686
64800.0 141.52537
64900.0 92.494328
65000.0 -18.495845
65100.0 -77.943589
65200.0 -95.790466
65300.0 -77.447015
65400.0 -15.388206
65500.0 57.847125
65600.0 79.637881
65700.0 58.635661
65800.0 28.523753
65900.0 -18.386389
66000.0 -49.992617
66100.0 -28.642548
66200.0 5.1366022
66300.0 13.699712
66400.0 3.3699512
66500.0 -4.1562933
66600.0 -22.922808
66700.0 -22.281841
66800.0 33.275829
66900.0 56.570162
67000.0 11.878339
67100.0 -30.089205
67200.0 -50.997948
67300.0 -31.326324
67400.0 -10.039993
67500.0 32.621311
67600.0 64.076355
67700.0 33.105529
67800.0 -0.78795304
67900.0 -3.3863575
68000.0 -21.738375
68100.0 -63.919251
68200.0 -46.924052
68300.0 22.656668
68400.0 91.710837
68500.0 74.819687
68600.0 -12.248754
68700.0 -99.642697
68800.0 -91.146005
68900.0 3.2936118
69000.0 80.138154
69100.0 69.935556
69200.0 31.231475
69300.0 -3.2107514
69400.0 -50.56955
69500.0 -60.917487
69600.0 -50.021262
69700.0 7.0830605
69800.0 70.980115
69900.0 71.192557
70000.0 54.350452
70100.0 -11.369187
70200.0 -71.840271
70300.0 -68.443858
70400.0 -44.780286
70500.0 -11.344109
70600.0 47.381183
70700.0 94.811794
70800.0 92.700488
70900.0 -0.39819539
71000.0 -53.108617
71100.0 -92.657419
71200.0 -75.763487
71300.0 6.2105978
71400.0 78.28567
71500.0 112.96832
71600.0 32.303789
71700.0 -14.199501
71800.0 -43.882195
71900.0 -106.35808
72000.0 -104.18925
72100.0 2.3196924
72200.0 77.481306
72300.0 82.173738
72400.0 100.47629
72500.0 42.696771
72600.0 -70.973498
72700.0 -93.375309
72800.0 -67.861825
72900.0 -12.359722
73000.0 61.91515
73100.0 42.138772
73200.0 45.76328
73300.0 30.70132
73400.0 -54.103042
73500.0 -51.132231
73600.0 -6.1437773
73700.0 -24.877151
73800.0 -21.866738
73900.0 52.19035
74000.0 70.064317
74100.0 38.887905
74200.0 -9.9875247
74300.0 -33.59737
74400.0 -7.0453042
74500.0 -4.4005803
74600.0 -46.753926
74700.0 -35.429003
74800.0 3.1628855
74900.0 30.472249
75000.0 35.550743
75100.0 44.010983
75200.0 35.042873
75300.0 -28.189545
75400.0 -70.305487
75500.0 -24.828656
75600.0 15.520991
75700.0 24.938675
75800.0 13.740916
75900.0 20.835018
76000.0 40.890645
76100.0 -15.996244
76200.0 -65.546425
76300.0 -7.2336781
76400.0 38.622474
76500.0 -0.77182405
76600.0 -16.79237
76700.0 12.986867
76800.0 12.612656
76900.0 -4.4646208
77000.0 3.6165285
77100.0 17.841243
77200.0 -5.0637895
77300.0 -20.937094
77400.0 -28.690586
77500.0 -19.386142
77600.0 12.152014
77700.0 3.6947517
77800.0 23.094783
77900.0 45.317297
78000.0 41.919774
78100.0 19.926831
78200.0 -34.065152
78300.0 -67.13351
78400.0 -57.058261
78500.0 -36.958414
78600.0 21.713357
78700.0 57.107742
78800.0 63.06961
78900.0 52.823846
79000.0 28.197853
79100.0 -24.509995
79200.0 -59.672909
79300.0 -71.824566
79400.0 -62.248118
79500.0 -8.2397275
79600.0 64.560764
79700.0 86.378221
79800.0 66.507033
79900.0 45.032149
80000.0 -3.9138892
80100.0 -83.645236
80200.0 -95.51773
80300.0 -32.196159
80400.0 28.915039
80500.0 40.525274
80600.0 43.381951
80700.0 49.605944
80800.0 -17.010643
80900.0 -105.26543
81000.0 -62.221303
81100.0 69.297712
81200.0 92.911528
81300.0 43.029564
81400.0 -8.7425691
81500.0 -68.328293
81600.0 -73.380932
81700.0 -21.03953
81800.0 12.776779
81900.0 44.996083
82000.0 70.417465
82100.0 35.84976
82200.0 14.584122
82300.0 0.79690446
82400.0 -58.941705
82500.0 -77.796335
82600.0 -45.393421
82700.0 20.291825
82800.0 57.306496
82900.0 61.473839
83000.0 16.635579
83100.0 -26.796907
83200.0 -22.808774
83300.0 -8.2635145
83400.0 -15.382451
83500.0 -11.449761
83600.0 23.443187
83700.0 8.2068137
83800.0 21.226835
83900.0 53.449248
84000.0 9.2701312
84100.0 -35.946967
84200.0 -22.544173
84300.0 -51.576683
84400.0 -40.709563
84500.0 8.762051
84600.0 20.568069
84700.0 68.891922
84800.0 85.85099
84900.0 44.744659
85000.0 -22.807548
85100.0 -129.25524
85200.0 -146.19462
85300.0 -41.770968
85400.0 66.810206
85500.0 141.93154
85600.0 155.90639
85700.0 65.961401
85800.0 -65.980546
85900.0 -120.38184
86000.0 -142.95797
86100.0 -105.559
86200.0 14.779576
86300.0 111.44266
86400.0 139.33249
86500.0 109.76708
86600.0 41.446026
86700.0 -49.833852
86800.0 -99.667774
86900.0 -105.6273
87000.0 -68.506545
87100.0 -0.71362723
87200.0 76.418575
87300.0 100.45078
87400.0 62.514884
87500.0 -10.912015
87600.0 -66.240757
87700.0 -72.773539
87800.0 -47.422608
87900.0 3.0931012
88000.0 60.384671
88100.0 58.983315
88200.0 56.619774
88300.0 37.075563
88400.0 -26.059704
88500.0 -64.280953
88600.0 -76.658496
88700.0 -59.637325
88800.0 9.019117
88900.0 71.967858
89000.0 70.744475
89100.0 56.574547
89200.0 30.849044
89300.0 -30.72182
89400.0 -103.06012
89500.0 -84.111317
89600.0 -8.1658835
89700.0 50.417798
89800.0 89.344003
89900.0 57.187774
90000.0 -5.854099
90100.0 -29.982315
90200.0 -58.177323
90300.0 -39.053424
90400.0 12.767726
90500.0 31.540634
90600.0 49.315545
90700.0 63.337292
90800.0 10.296644
90900.0 -86.360227
91000.0 -111.92553
91100.0 -46.632364
91200.0 61.893029
91300.0 106.22922
91400.0 65.214288
91500.0 33.733166
91600.0 -32.307293
91700.0 -86.155745
91800.0 -75.138983
91900.0 -7.9422109
92000.0 3.0220335
92100.0 -3.3310069
92200.0 43.211405
92300.0 67.583474
92400.0 59.76989
92500.0 55.591487
92600.0 -9.7523522
92700.0 -98.956539
92800.0 -108.55425
92900.0 -57.094513
93000.0 24.966111
93100.0 112.86122
93200.0 124.4554
93300.0 44.698564
93400.0 -29.957552
93500.0 -86.704726
93600.0 -126.16317
93700.0 -79.796683
93800.0 15.815675
93900.0 85.172812
94000.0 101.85494
94100.0 91.066953
94200.0 47.667984
94300.0 -14.072021
94400.0 -89.654568
94500.0 -136.88852
94600.0 -115.19246
94700.0 -29.254192
94800.0 91.413278
94900.0 167.45353
95000.0 148.44878
95100.0 68.428957
95200.0 -64.372135
95300.0 -161.79522
95400.0 -134.30915
95500.0 -74.643243
95600.0 -14.617206
95700.0 94.940459
95800.0 169.07759
95900.0 136.10906
96000.0 45.283919
96100.0 -72.150188
96200.0 -149.1816
96300.0 -162.77021
96400.0 -112.52536
96500.0 51.579126
96600.0 184.65382
96700.0 170.12306
96800.0 87.605923
96900.0 -4.2410735
97000.0 -80.767524
97100.0 -137.37904
97200.0 -150.19867
97300.0 -102.62388
97400.0 21.703131
97500.0 177.59357
97600.0 215.47314
97700.0 133.80304
97800.0 -12.728859
97900.0 -164.29024
98000.0 -222.69404
98100.0 -135.95235
98200.0 10.66866
98300.0 94.469674
98400.0 162.48903
98500.0 208.1838
98600.0 101.59893
98700.0 -84.689854
98800.0 -206.37285
98900.0 -173.04068
99000.0 -69.097324
99100.0 10.674257
99200.0 77.754468
99300.0 145.1517
99400.0 151.17419
99500.0 81.848938
99600.0 -24.930748
99700.0 -120.35516
99800.0 -162.57716
99900.0 -120.70714
100000.0 -45.112203
100100.0 71.865838
100200.0 190.65194
100300.0 162.19483
100400.0 44.50685
100500.0 -38.157026
100600.0 -102.76188
100700.0 -156.49739
100800.0 -110.36957
100900.0 -0.034467608
101000.0 90.81677
101100.0 152.14888
101200.0 134.83065
101300.0 23.448366
101400.0 -80.676322
101500.0 -156.7695
101600.0 -137.0445
101700.0 -19.426937
101800.0 72.759979
101900.0 85.297189
102000.0 107.58724
102100.0 92.019501
102200.0 -18.373978
102300.0 -88.183317
102400.0 -96.745062
102500.0 -80.583678
102600.0 -31.041494
102700.0 50.860161
102800.0 105.22763
102900.0 105.1181
103000.0 57.555594
103100.0 -5.0208193
103200.0 -79.091482
103300.0 -122.67946
103400.0 -122.55242
103500.0 -43.862518
103600.0 90.657404
103700.0 146.6551
103800.0 114.43512
103900.0 72.165753
104000.0 -9.1310108
104100.0 -95.752101
104200.0 -161.28527
104300.0 -135.45738
104400.0 -3.5539215
104500.0 99.374031
104600.0 154.46859
104700.0 132.45859
104800.0 43.322847
104900.0 -65.25975
105000.0 -150.96961
105100.0 -141.63327
105200.0 -34.040257
105300.0 64.02494
105400.0 117.88343
105500.0 132.11175
105600.0 53.930672
105700.0 -52.438833
105800.0 -115.43382
105900.0 -102.03355
106000.0 -28.874246
106100.0 23.55819
106200.0 33.23315
106300.0 79.224647
106400.0 103.17514
106500.0 59.069152
106600.0 -67.362247
106700.0 -118.86235
106800.0 -78.59747
106900.0 -24.709825
107000.0 23.763007
107100.0 66.661207
107200.0 77.404403
107300.0 65.161618
107400.0 5.620017
107500.0 -85.003759
107600.0 -104.42355
107700.0 -50.873485
107800.0 1.3801325
107900.0 66.412854
108000.0 113.28252
108100.0 76.889478
108200.0 14.677141
108300.0 -43.317222
108400.0 -87.212587
108500.0 -72.836121
108600.0 -40.020545
108700.0 0.91138071
108800.0 61.464365
108900.0 101.31277
109000.0 74.974646
109100.0 5.6155007
109200.0 -82.726994
109300.0 -128.69653
109400.0 -71.692838
109500.0 8.7688481
109600.0 97.534355
109700.0 137.81005
109800.0 72.504332
109900.0 -22.665125
110000.0 -67.905249
110100.0 -68.362906
110200.0 -60.002423
110300.0 -49.037345
110400.0 -10.95892
110500.0 58.816161
110600.0 91.845235
110700.0 76.772383
110800.0 26.827621
110900.0 -36.101238
111000.0 -59.046224
111100.0 -28.501453
111200.0 -26.459053
111300.0 -25.031744
111400.0 9.4173491
111500.0 33.018632
111600.0 35.360374
111700.0 25.712788
111800.0 24.360837
111900.0 13.269357
112000.0 -25.455771
112100.0 -65.601796
112200.0 -64.240315
112300.0 -38.569992
112400.0 17.666143
112500.0 97.005356
112600.0 99.497761
112700.0 56.486692
112800.0 2.5478776
112900.0 -56.695584
113000.0 -110.61379
113100.0 -97.739271
113200.0 -13.334734
113300.0 64.480932
113400.0 77.724378
113500.0 60.081729
113600.0 18.263171
113700.0 -15.070974
113800.0 -25.25949
113900.0 -43.610196
114000.0 -55.78184
114100.0 -50.143708
114200.0 -9.5785124
114300.0 67.433349
114400.0 93.14963
114500.0 91.032418
114600.0 54.852048
114700.0 -35.059203
114800.0 -100.43045
114900.0 -115.85678
115000.0 -95.112243
115100.0 -13.124558
115200.0 102.48497
115300.0 148.44932
115400.0 80.447964
115500.0 33.879286
115600.0 -16.536126
115700.0 -103.00065
115800.0 -131.92703
115900.0 -83.836062
116000.0 12.336152
116100.0 82.406459
116200.0 121.65261
116300.0 97.080252
116400.0 10.271422
116500.0 -50.837021
116600.0 -94.485822
116700.0 -96.288283
116800.0 -39.319476
116900.0 30.258697
117000.0 95.025534
117100.0 99.599921
117200.0 36.037231
117300.0 -26.945582
117400.0 -57.927942
117500.0 -81.411775
117600.0 -56.913922
117700.0 7.6444037
117800.0 35.387925
117900.0 52.606952
118000.0 98.565858
118100.0 80.67307
118200.0 -30.189977
118300.0 -118.09064
118400.0 -110.51808
118500.0 -46.586593
118600.0 22.072972
118700.0 94.414122
118800.0 87.662691
118900.0 20.038537
119000.0 -1.2735856
119100.0 -11.816259
119200.0 -47.595085
119300.0 -59.211444
119400.0 -30.331498
119500.0 6.6792304
119600.0 56.38908
119700.0 46.596148
119800.0 -1.0092113
119900.0 -15.297312
120000.0 9.7152894
120100.0 22.50867
120200.0 -11.34327
120300.0 -25.651828
120400.0 -20.905994
120500.0 -29.482386
120600.0 -34.108191
120700.0 33.169353
120800.0 104.50105
120900.0 90.553579
121000.0 -4.5042723
121100.0 -70.988052
121200.0 -102.80562
121300.0 -73.156981
121400.0 -4.2990234
121500.0 59.736519
121600.0 104.24325
121700.0 67.131617
121800.0 -0.84550537
121900.0 -16.517537
122000.0 -47.761441
122100.0 -93.678713
122200.0 -76.358902
122300.0 -17.582325
122400.0 41.420839
122500.0 118.47968
122600.0 159.66063
122700.0 71.981828
122800.0 -75.43451
122900.0 -152.84704
123000.0 -138.37039
123100.0 -73.603532
123200.0 35.719092
123300.0 140.33827
123400.0 155.8687
123500.0 61.087747
123600.0 -49.64565
123700.0 -94.252034
123800.0 -90.801907
123900.0 -70.588317
124000.0 -4.3061022
124100.0 88.783519
124200.0 130.82349
124300.0 67.242412
124400.0 -46.568361
124500.0 -109.01303
124600.0 -97.030407
124700.0 -31.196548
124800.0 59.644575
124900.0 105.28452
125000.0 72.541369
125100.0 -1.4672349
125200.0 -51.415412
125300.0 -65.756469
125400.0 -40.738163
125500.0 9.1770735
125600.0 33.771192
125700.0 40.924507
125800.0 28.915484
125900.0 18.827676
126000.0 10.046863
126100.0 -38.584138
126200.0 -85.703573
126300.0 -46.222533
126400.0 16.317864
126500.0 44.497827
126600.0 38.939049
126700.0 62.325896
126800.0 61.930524
126900.0 1.1345983
127000.0 -68.476134
127100.0 -105.91682
127200.0 -80.554563
127300.0 -29.325763
127400.0 54.440644
127500.0 142.0379
127600.0 136.06346
127700.0 49.855823
127800.0 -55.136345
127900.0 -116.75497
128000.0 -141.04006
128100.0 -81.952676
128200.0 45.46786
128300.0 112.21311
128400.0 117.81784
128500.0 93.277143
128600.0 -4.9948465
128700.0 -91.927827
128800.0 -126.94671
128900.0 -98.357807
129000.0 -19.978417
129100.0 62.151787
129200.0 115.03946
129300.0 119.73594
129400.0 71.229328
129500.0 -48.094459
129600.0 -150.31343
129700.0 -99.524368
129800.0 3.1278214
129900.0 41.61099
130000.0 62.570119
130100.0 41.649451
130200.0 21.21886
130300.0 1.7854235
130400.0 -21.845546
130500.0 -18.626727
130600.0 -14.158363
130700.0 -32.806197
130800.0 -39.242762
130900.0 24.173345
131000.0 78.88875
131100.0 53.975359
131200.0 -5.0590661
131300.0 -48.040634
131400.0 -57.25435
131500.0 -29.126518
131600.0 -6.1436699
131700.0 51.16737
131800.0 82.982033
131900.0 26.102894
132000.0 -52.457233
132100.0 -60.666993
132200.0 -29.355625
132300.0 -5.3314866
132400.0 22.44829
132500.0 35.666914
132600.0 39.007689
132700.0 61.05985
132800.0 5.0171973
132900.0 -77.267343
133000.0 -48.674998
133100.0 -25.972036
133200.0 -28.33793
133300.0 20.741719
133400.0 66.334068
133500.0 66.381196
133600.0 61.268088
133700.0 10.583238
133800.0 -85.628308
133900.0 -134.29476
134000.0 -48.585425
134100.0 62.888216
134200.0 73.204183
134300.0 77.037183
134400.0 54.755837
134500.0 -8.9154682
134600.0 -75.856957
134700.0 -93.0317
134800.0 -50.078486
134900.0 -12.324402
135000.0 40.730238
135100.0 102.49885
135200.0 80.497618
135300.0 23.265577
135400.0 -21.465086
135500.0 -76.960193
135600.0 -100.19581
135700.0 -55.329707
135800.0 26.104882
135900.0 81.116419
136000.0 90.314362
136100.0 73.243606
136200.0 17.254074
136300.0 -58.118818
136400.0 -90.360793
136500.0 -88.118338
136600.0 -43.02011
136700.0 30.759313
136800.0 80.409593
136900.0 79.235853
137000.0 20.977602
137100.0 -19.240866
137200.0 5.4733438
137300.0 -8.2309299
137400.0 -67.466916
137500.0 -65.041062
137600.0 21.941298
137700.0 48.622074
137800.0 31.897377
137900.0 35.146915
138000.0 15.885617
138100.0 -0.033344345
138200.0 -6.5038286
138300.0 -31.55449
138400.0 -29.744861
138500.0 -8.7114818
138600.0 -12.866785
138700.0 -12.306467
138800.0 -11.26653
138900.0 39.747299
139000.0 84.274907
139100.0 22.200178
139200.0 -46.108197
139300.0 -36.977138
139400.0 -11.376087
139500.0 3.1536068
139600.0 17.744933
139700.0 8.9014014
139800.0 -15.843539
139900.0 -26.753052
140000.0 9.1347854
140100.0 54.278059
140200.0 35.898964
140300.0 -18.164906
140400.0 -38.10427
140500.0 -22.955902
140600.0 -30.376543
140700.0 -26.071649
140800.0 24.917635
140900.0 62.787358
141000.0 40.184982
141100.0 16.814449
141200.0 6.820971
141300.0 -17.714148
141400.0 -37.811003
141500.0 -34.810999
141600.0 -29.55058
141700.0 -31.306217
141800.0 -2.0194238
141900.0 73.603352
142000.0 89.27722
142100.0 29.938797
142200.0 -25.549892
142300.0 -48.701883
142400.0 -55.547348
142500.0 -48.544251
142600.0 -3.2390051
142700.0 65.153869
142800.0 77.674607
142900.0 46.960844
143000.0 -24.536103
143100.0 -70.202884
143200.0 -60.740715
143300.0 -40.047902
143400.0 18.737898
143500.0 93.159267
143600.0 96.182271
143700.0 27.942104
143800.0 -34.616774
143900.0 -89.241648
144000.0 -116.09088
144100.0 -47.029025
144200.0 45.712397
144300.0 104.29296
144400.0 103.35832
144500.0 45.28558
144600.0 -0.76230794
144700.0 -73.274103
144800.0 -108.40369
144900.0 -67.301877
145000.0 -9.3771927
145100.0 64.114081
145200.0 108.04301
145300.0 84.379319
145400.0 8.0125273
145500.0 -75.506303
145600.0 -101.21072
145700.0 -65.386903
145800.0 -25.926257
145900.0 27.94047
146000.0 98.775294
146100.0 109.30403
146200.0 73.18583
146300.0 13.258985
146400.0 -67.648847
146500.0 -141.64497
146600.0 -127.36043
146700.0 -26.962022
146800.0 72.782122
146900.0 103.95151
147000.0 125.30803
147100.0 95.274767
147200.0 -27.788305
147300.0 -140.98915
147400.0 -161.5761
147500.0 -85.769882
147600.0 23.272326
147700.0 115.42784
147800.0 163.00029
147900.0 130.28093
148000.0 22.359941
148100.0 -110.77566
148200.0 -174.86312
148300.0 -147.61889
148400.0 -44.704892
148500.0 74.871797
148600.0 157.2422
148700.0 197.18504
148800.0 132.82309
148900.0 -31.283877
149000.0 -185.49689
149100.0 -226.84254
149200.0 -134.84016
149300.0 23.728153
149400.0 169.75408
149500.0 203.16364
149600.0 97.42439
149700.0 -15.757468
149800.0 -80.937193
149900.0 -110.06295
150000.0 -90.585816
150100.0 -46.715433
150200.0 -15.990612
150300.0 45.880681
150400.0 121.72915
150500.0 123.23376
150600.0 51.357697
150700.0 -41.378027
150800.0 -100.83155
150900.0 -114.6364
151000.0 -79.663264
151100.0 14.736498
151200.0 97.581886
151300.0 78.937829
151400.0 63.104548
151500.0 50.415016
151600.0 -22.633806
151700.0 -104.55333
151800.0 -109.51986
151900.0 -17.644777
152000.0 52.76153
152100.0 53.827805
152200.0 38.796018
152300.0 18.752852
152400.0 2.155216
152500.0 -0.66286895
152600.0 -27.469958
152700.0 -37.263057
152800.0 1.520701
152900.0 16.272832
153000.0 -15.250374
153100.0 -16.114721
153200.0 6.0576852
153300.0 38.269627
153400.0 42.402142
153500.0 6.991626
153600.0 -13.941431
153700.0 -41.18025
153800.0 -53.763938
153900.0 -27.939746
154000.0 36.885998
154100.0 83.268282
154200.0 59.038411
154300.0 -1.6806603
154400.0 -36.15688
154500.0 -43.021375
154600.0 -38.353737
154700.0 -19.531252
154800.0 -0.12549703
154900.0 26.013799
155000.0 53.552496
155100.0 40.768689
155200.0 -2.0003906
155300.0 -10.641404
155400.0 -23.700535
155500.0 -54.443282
155600.0 -31.486618
155700.0 10.317683
155800.0 46.898145
155900.0 74.239244
156000.0 47.680971
156100.0 -18.339858
156200.0 -61.271955
156300.0 -52.482865
156400.0 -33.222119
156500.0 -18.086307
156600.0 23.496271
156700.0 43.405758
156800.0 44.015991
156900.0 51.43717
157000.0 18.941581
157100.0 -59.14886
157200.0 -78.133016
157300.0 -54.570492
157400.0 -28.001926
157500.0 41.553129
157600.0 143.19593
157700.0 126.84587
157800.0 8.2811252
157900.0 -93.683089
158000.0 -123.63589
158100.0 -108.85006
158200.0 -37.063193
158300.0 47.653856
158400.0 115.13691
158500.0 139.49316
158600.0 63.362359
158700.0 -44.712585
158800.0 -111.02099
158900.0 -134.06095
159000.0 -65.601229
159100.0 49.310195
159200.0 99.751364
159300.0 97.715167
159400.0 75.955798
159500.0 12.387141
159600.0 -56.838397
159700.0 -109.94867
159800.0 -109.53796
159900.0 -24.939074
160000.0 64.522892
160100.0 92.313372
160200.0 84.137925
160300.0 62.193245
160400.0 -1.1772016
160500.0 -96.037402
160600.0 -119.55257
160700.0 -83.25082
160800.0 -16.488604
160900.0 62.307698
161000.0 121.33297
161100.0 126.29653
161200.0 61.30176
161300.0 -38.19953
161400.0 -127.45681
161500.0 -128.30643
161600.0 -52.899935
161700.0 14.382402
161800.0 81.746076
161900.0 144.57005
162000.0 110.92644
162100.0 -10.805571
162200.0 -94.033401
162300.0 -117.28645
162400.0 -94.012691
162500.0 -41.513455
162600.0 38.976585
162700.0 125.43329
162800.0 140.18838
162900.0 89.798339
163000.0 -31.931173
163100.0 -138.74135
163200.0 -154.45435
163300.0 -83.685192
163400.0 26.150421
163500.0 116.7797
163600.0 133.76128
163700.0 96.951109
163800.0 8.4542192
163900.0 -70.124314
164000.0 -122.74902
164100.0 -125.81757
164200.0 -40.322986
164300.0 81.633425
164400.0 143.1684
164500.0 108.01788
164600.0 8.8913835
164700.0 -76.728334
164800.0 -89.300403
164900.0 -75.061161
165000.0 -49.369732
165100.0 30.138138
165200.0 99.227744
165300.0 91.388931
165400.0 35.010826
165500.0 -19.042294
165600.0 -48.378857
165700.0 -45.198232
165800.0 -33.463877
165900.0 -6.1143156
166000.0 11.405356
166100.0 10.618551
166200.0 8.5027395
166300.0 25.411197
166400.0 27.382043
166500.0 7.6414496
166600.0 26.08585
166700.0 6.7709721
166800.0 -58.611711
166900.0 -43.50594
167000.0 -5.0183583
167100.0 19.897304
167200.0 29.559629
167300.0 27.967877
167400.0 28.356131
167500.0 -31.813812
167600.0 -75.759849
167700.0 -18.72307
167800.0 19.383569
167900.0 17.966215
168000.0 58.470834
168100.0 75.814539
168200.0 17.695479
168300.0 -67.801837
168400.0 -94.604963
168500.0 -69.969374
168600.0 -0.45800428
168700.0 71.433588
168800.0 89.152551
168900.0 74.669167
169000.0 16.316209
169100.0 -66.485444
169200.0 -83.578814
169300.0 -44.898882
169400.0 -10.440409
169500.0 30.234153
169600.0 55.698911
169700.0 39.147061
169800.0 10.571995
169900.0 3.5963317
170000.0 -9.5593025
170100.0 -47.088601
170200.0 -47.86711
170300.0 -5.405789
170400.0 33.016964
170500.0 43.201406
170600.0 27.802757
170700.0 11.076939
170800.0 -21.526365
170900.0 -28.832993
171000.0 4.1641672
171100.0 -6.316676
171200.0 -11.086714
171300.0 26.654289
171400.0 29.272029
171500.0 -1.1643821
171600.0 -4.3777303
171700.0 -37.48795
171800.0 -24.367039
171900.0 17.490961
172000.0 18.315115
172100.0 38.342899
172200.0 13.427212
172300.0 -41.643885
172400.0 -15.503302
172500.0 8.980491
172600.0 -9.252099
172700.0 -11.281402
172800.0 22.652329
172900.0 38.623051
173000.0 14.977753
173100.0 -11.97786
173200.0 -19.568873
173300.0 -33.059257
173400.0 -24.814901
173500.0 23.596578
173600.0 49.347494
173700.0 15.919014
173800.0 -23.341045
173900.0 -32.757627
174000.0 -13.50156
174100.0 12.081638
174200.0 17.333185
174300.0 12.017472
174400.0 24.492467
174500.0 10.09445
174600.0 -33.370344
174700.0 -25.431792
174800.0 -10.847381
174900.0 -6.5807612
175000.0 13.859686
175100.0 41.111628
175200.0 40.558275
175300.0 -5.3204932
175400.0 -20.059839
175500.0 0.70743881
175600.0 -1.9430501
175700.0 -44.915446
175800.0 -42.90829
175900.0 24.098025
176000.0 38.451149
176100.0 26.087743
176200.0 42.04721
176300.0 23.737323
176400.0 -39.547547
176500.0 -56.037782
176600.0 -40.850261
176700.0 0.77561128
176800.0 59.298465
176900.0 67.875846
177000.0 9.6330989
177100.0 -46.364901
177200.0 -55.648056
177300.0 -46.740174
177400.0 -24.723632
177500.0 32.585088
177600.0 97.307587
177700.0 71.438734
177800.0 6.3733424
177900.0 -48.697802
178000.0 -54.024884
178100.0 -27.091465
178200.0 -43.398479
178300.0 -17.887249
178400.0 76.27679
178500.0 75.513612
178600.0 22.598581
178700.0 12.086308
178800.0 -32.837712
178900.0 -63.060062
179000.0 -41.199238
179100.0 6.7501468
179200.0 21.528823
179300.0 6.0298835
179400.0 14.626318
179500.0 15.847087
179600.0 15.151949
179700.0 31.159188
179800.0 16.690139
179900.0 -47.838461
180000.0 -49.062251
180100.0 -19.21663
180200.0 -9.8363904
180300.0 3.1499843
180400.0 36.374604
180500.0 60.6675
180600.0 46.075525
180700.0 15.612977
180800.0 -52.910864
180900.0 -99.612318
181000.0 -43.872672
181100.0 23.103947
181200.0 47.785679
181300.0 53.464617
181400.0 56.722948
181500.0 35.060848
181600.0 -23.271559
181700.0 -78.409397
181800.0 -67.102294
181900.0 -34.790735
182000.0 11.897987
182100.0 78.701468
182200.0 93.196655
182300.0 26.826057
182400.0 -30.047828
182500.0 -46.981
182600.0 -45.115925
182700.0 -52.543698
182800.0 -31.338486
182900.0 24.776544
183000.0 65.219965
183100.0 65.103609
183200.0 41.835376
183300.0 11.21086
183400.0 -23.290983
183500.0 -56.5822
183600.0 -55.107822
183700.0 -17.408102
183800.0 13.20389
183900.0 9.8925959
184000.0 27.789736
184100.0 44.251511
184200.0 23.708
184300.0 -10.846444
184400.0 -51.734141
184500.0 -44.226057
184600.0 10.174519
184700.0 31.887607
184800.0 23.385362
184900.0 18.84361
185000.0 19.158265
185100.0 -18.733478
185200.0 -34.846374
185300.0 -0.83051485
185400.0 7.4988473
185500.0 -13.521908
185600.0 0.54556823
185700.0 39.54276
185800.0 30.231998
185900.0 1.7086012
186000.0 -5.7111387
186100.0 -20.863319
186200.0 -48.782819
186300.0 -36.768261
186400.0 8.4386693
186500.0 38.187004
186600.0 41.330487
186700.0 38.897474
186800.0 11.531884
186900.0 -21.527374
187000.0 -40.632946
187100.0 -22.540221
187200.0 -7.1830872
187300.0 -17.948938
187400.0 18.967127
187500.0 59.062255
187600.0 46.779876
187700.0 10.102664
187800.0 -36.468221
187900.0 -63.842875
188000.0 -36.284034
188100.0 7.9033051
188200.0 7.278435
188300.0 12.88752
188400.0 52.415212
188500.0 66.786236
188600.0 16.095192
188700.0 -49.8359
188800.0 -48.099829
188900.0 -30.555497
189000.0 -39.548228
189100.0 -12.086579
189200.0 42.877799
189300.0 57.810348
189400.0 65.218467
189500.0 53.900447
189600.0 -30.298206
189700.0 -99.130203
189800.0 -78.535348
189900.0 -34.009406
190000.0 20.543339
190100.0 78.374661
190200.0 82.63526
190300.0 31.480165
190400.0 -36.594965
190500.0 -60.274369
190600.0 -19.37473
190700.0 26.560018
190800.0 12.947656
190900.0 -30.630823
191000.0 -43.706061
191100.0 -3.2417638
191200.0 73.394601
191300.0 110.42018
191400.0 35.174548
191500.0 -75.900507
191600.0 -106.86975
191700.0 -59.525601
191800.0 4.0814202
191900.0 29.816158
192000.0 51.809125
192100.0 71.834097
192200.0 36.123494
192300.0 -15.647491
192400.0 -33.745971
192500.0 -30.313311
192600.0 -30.160225
192700.0 -29.55243
192800.0 -16.037594
192900.0 30.32274
193000.0 66.943055
193100.0 51.996233
193200.0 2.1031559
193300.0 -42.26776
193400.0 -50.245517
193500.0 -37.152382
193600.0 -6.9851489
193700.0 15.191557
193800.0 36.82309
193900.0 65.353007
194000.0 48.491488
194100.0 -15.626786
194200.0 -49.611577
194300.0 -54.378884
194400.0 -41.798885
194500.0 -17.300107
194600.0 20.071727
194700.0 54.71378
194800.0 39.609539
194900.0 15.375446
195000.0 22.404982
195100.0 -4.9354026
195200.0 -47.10073
195300.0 -45.872554
195400.0 -17.964525
195500.0 37.435088
195600.0 57.709387
195700.0 9.9954548
195800.0 -21.14701
195900.0 -2.4894569
196000.0 -15.782675
196100.0 -54.113275
196200.0 -19.889248
196300.0 58.902285
196400.0 91.424651
196500.0 12.660881
196600.0 -57.104296
196700.0 -46.724228
196800.0 -25.749156
196900.0 -22.094337
197000.0 14.626562
197100.0 63.077097
197200.0 72.184341
197300.0 34.835427
197400.0 -43.654836
197500.0 -80.459972
197600.0 -63.662674
197700.0 -5.7976322
197800.0 52.276891
197900.0 51.969073
198000.0 40.433049
198100.0 25.907504
198200.0 -15.881334
198300.0 -33.816704
198400.0 -39.582033
198500.0 -51.701811
198600.0 -13.885313
198700.0 30.781712
198800.0 59.746426
198900.0 61.083929
199000.0 21.226425
199100.0 -28.785592
199200.0 -47.984208
199300.0 -31.741961
199400.0 -19.273015
199500.0 -28.739058
199600.0 -6.8231127
199700.0 52.862755
199800.0 73.699903
199900.0 36.203235
200000.0 0.44365557
200100.0 -0.14010519
200200.0 -1.6236593
200300.0 -1.3953756
200400.0 1.317815
200500.0 10.625028
200600.0 27.802271
200700.0 46.169949
200800.0 46.399376
200900.0 2.1367076
201000.0 -64.585291
201100.0 -83.656933
201200.0 -27.680728
201300.0 -12.996843
201400.0 -0.13244072
201500.0 40.242173
201600.0 97.116008
201700.0 105.74313
201800.0 59.111927
201900.0 1.0501226
202000.0 -15.418555
202100.0 -22.252631
202200.0 -41.703864
202300.0 -66.975192
202400.0 -7.0460122
202500.0 49.504435
202600.0 54.605636
202700.0 34.659
202800.0 13.605221
202900.0 1.724781
203000.0 -2.0730803
203100.0 -5.5663841
203200.0 -24.92217
203300.0 -30.576395
203400.0 -6.1736295
203500.0 77.605411
203600.0 106.70144
203700.0 56.515591
203800.0 29.776134
203900.0 7.7122775
204000.0 -26.592511
204100.0 -63.088165
204200.0 -97.106409
204300.0 -99.928878
204400.0 -17.542289
204500.0 26.273519
204600.0 36.738916
204700.0 48.94045
204800.0 82.395
204900.0 21.153414
205000.0 -47.503106
205100.0 -64.63237
205200.0 -58.847791
205300.0 -34.798508
205400.0 -6.578244
205500.0 29.022339
205600.0 109.87723
205700.0 145.22089
205800.0 55.730663
205900.0 2.0715709
206000.0 -20.85646
206100.0 -45.079703
206200.0 -79.552465
206300.0 -88.186683
206400.0 -14.92078
206500.0 29.302886
206600.0 24.645863
206700.0 30.289862
206800.0 37.348385
206900.0 16.004293
207000.0 -51.141915
207100.0 -91.10672
207200.0 -59.498645
207300.0 -15.309919
207400.0 -2.5055344
207500.0 16.336491
207600.0 61.245092
207700.0 89.265705
207800.0 71.199031
207900.0 13.849468
208000.0 -45.670668
208100.0 -54.372967
208200.0 -40.513181
208300.0 -26.476636
208400.0 -12.996596
208500.0 52.344124
208600.0 113.57801
208700.0 81.689054
208800.0 39.528727
208900.0 6.6888435
209000.0 -4.9180981
209100.0 -8.0352984
209200.0 -13.103936
209300.0 -22.045751
209400.0 -4.2531436
209500.0 43.106721
209600.0 119.22157
209700.0 129.05504
209800.0 31.405394
209900.0 1.4617989
210000.0 -20.324759
210100.0 -68.269462
210200.0 -114.37259
210300.0 -68.254991
210400.0 -0.038926067
210500.0 37.59394
210600.0 25.637478
210700.0 17.076056
210800.0 13.423612
210900.0 3.5845044
211000.0 -27.887543
211100.0 -65.421137
211200.0 -106.65492
211300.0 -93.145834
211400.0 -3.1034906
211500.0 23.359177
211600.0 37.409748
211700.0 55.603874
211800.0 68.337665
211900.0 0.059069009
212000.0 -60.202505
212100.0 -71.742725
212200.0 -51.11161
212300.0 -16.102509
212400.0 1.5947544
212500.0 9.6224606
212600.0 27.903605
212700.0 63.927124
212800.0 57.58224
212900.0 -6.8972682
213000.0 -62.920864
213100.0 -43.97379
213200.0 -32.049245
213300.0 -22.128474
213400.0 3.5204996
213500.0 44.176661
213600.0 88.42511
213700.0 122.77649
213800.0 91.670316
213900.0 -1.0221442
214000.0 -26.720892
214100.0 -39.933898
214200.0 -67.483277
214300.0 -94.323305
214400.0 -2.6775001
214500.0 46.912201
214600.0 64.462168
214700.0 70.461372
214800.0 102.70114
214900.0 8.1214916
215000.0 -42.599425
215100.0 -56.472561
215200.0 -63.332826
215300.0 -87.102022
215400.0 -4.200431
215500.0 59.63591
215600.0 80.010082
215700.0 75.206556
215800.0 52.420785
215900.0 3.834041
216000.0 -90.968461
216100.0 -67.65456
216200.0 -51.024865
216300.0 -37.249684
216400.0 -5.0761024
216500.0 99.825946
216600.0 155.94818
216700.0 61.398258
216800.0 35.190262
216900.0 5.6590828
217000.0 -61.039267
217100.0 -143.85403
217200.0 -80.257941
217300.0 -26.574026
217400.0 -3.8026892
217500.0 32.607275
217600.0 106.63727
217700.0 137.96118
217800.0 77.285006
217900.0 15.764282
218000.0 -41.182458
218100.0 -77.073208
218200.0 -83.057803
218300.0 -63.736833
218400.0 -16.062521
218500.0 56.255055
218600.0 75.2862
218700.0 46.056611
218800.0 26.760129
218900.0 10.84507
219000.0 -47.124435
219100.0 -125.47208
219200.0 -89.058423
219300.0 -36.79042
219400.0 -5.4547837
219500.0 29.618298
219600.0 138.66149
219700.0 138.86693
219800.0 53.638525
219900.0 11.860165
220000.0 -23.259059
