1600000.0 0.0
1604000.0 0.0
1608000.0 0.0
1612000.0 0.0
1616000.0 0.0
1620000.0 0.0
1624000.0 0.0
1628000.0 0.0
1632000.0 0.0
1636000.0 0.0
1640000.0 0.0
1644000.0 0.0
1648000.0 0.0
1652000.0 0.0
1656000.0 0.0
1660000.0 0.0
1664000.0 0.0
1668000.0 0.0
1672000.0 0.0
1676000.0 0.0
1680000.0 0.0
1684000.0 0.0
1688000.0 0.0
1692000.0 0.0
1696000.0 0.0
1700000.0 0.0
1704000.0 0.0
1708000.0 0.0
1712000.0 0.0
1716000.0 0.0
1720000.0 0.0
1724000.0 0.0
1728000.0 0.0
1732000.0 0.0
1736000.0 0.0
1740000.0 0.0
1744000.0 0.0
1748000.0 0.0
1752000.0 0.0
1756000.0 0.0
1760000.0 0.0
1764000.0 0.0
1768000.0 0.0
1772000.0 0.0
1776000.0 0.0
1780000.0 0.0
1784000.0 0.0
1788000.0 0.0
1792000.0 0.0
1796000.0 0.0
1800000.0 0.0
1804000.0 0.0
1808000.0 0.0
1812000.0 0.0
1816000.0 0.0
1820000.0 0.0
1824000.0 0.0
1828000.0 0.0
1832000.0 0.0
1836000.0 0.0
1840000.0 0.0
1844000.0 0.0
1848000.0 0.0
1852000.0 0.0
1856000.0 0.0
1860000.0 0.0
1864000.0 0.0
1868000.0 0.0
1872000.0 0.0
1876000.0 0.0
1880000.0 0.0
1884000.0 0.0
1888000.0 0.0
1892000.0 0.0
1896000.0 0.0
1900000.0 0.0
1904000.0 0.0
1908000.0 0.0
1912000.0 0.0
1916000.0 0.0
1920000.0 0.0
1924000.0 0.0
1928000.0 0.0
1932000.0 0.0
1936000.0 0.0
1940000.0 0.0
1944000.0 0.0
1948000.0 0.0
1952000.0 0.0
1956000.0 0.0
1960000.0 0.0
1964000.0 0.0
1968000.0 0.0
1972000.0 0.0
1976000.0 0.0
1980000.0 0.0
1984000.0 0.0
1988000.0 0.0
1992000.0 0.0
1996000.0 0.0
2000000.0 0.0
2004000.0 0.0
2008000.0 0.0
2012000.0 0.0
2016000.0 0.0
2020000.0 0.0
2024000.0 0.0
2028000.0 0.0
2032000.0 0.0
2036000.0 0.0
2040000.0 0.0
2044000.0 0.0
2048000.0 0.0
2052000.0 0.0
2056000.0 0.0
2060000.0 0.0
2064000.0 0.0
2068000.0 0.0
2072000.0 0.0
2076000.0 0.0
2080000.0 0.0
2084000.0 0.0
2088000.0 0.0
2092000.0 0.0
2096000.0 0.0
2100000.0 0.0
2104000.0 0.0
2108000.0 0.0
2112000.0 0.0
2116000.0 0.0
2120000.0 0.0
2124000.0 0.0
2128000.0 0.0
2132000.0 0.0
2136000.0 0.0
2140000.0 0.0
2144000.0 0.0
2148000.0 0.0
2152000.0 0.0
2156000.0 0.0
2160000.0 0.0
2164000.0 0.0
2168000.0 0.0
2172000.0 0.0
2176000.0 0.0
2180000.0 0.0
2184000.0 0.0
2188000.0 0.0
2192000.0 0.0
2196000.0 0.0
2200000.0 0.0
2204000.0 0.0
2208000.0 0.0
2212000.0 0.0
2216000.0 0.0
2220000.0 0.0
2224000.0 0.0
2228000.0 0.0
2232000.0 0.0
2236000.0 0.0
2240000.0 0.0
2244000.0 0.0
2248000.0 0.0
2252000.0 0.0
2256000.0 0.0
2260000.0 0.0
2264000.0 0.0
2268000.0 0.0
2272000.0 0.0
2276000.0 0.0
2280000.0 0.0
2284000.0 0.0
2288000.0 0.0
2292000.0 0.0
2296000.0 0.0
2300000.0 0.0
2304000.0 0.0
2308000.0 0.0
2312000.0 0.0
2316000.0 0.0
2320000.0 0.0
2324000.0 0.0
2328000.0 0.0
2332000.0 0.0
2336000.0 0.0
2340000.0 0.0
2344000.0 0.0
2348000.0 0.0
2352000.0 0.0
2356000.0 0.0
2360000.0 0.0
2364000.0 0.0
2368000.0 0.0
2372000.0 0.0
2376000.0 0.0
2380000.0 0.0
2384000.0 0.0
2388000.0 0.0
2392000.0 0.0
2396000.0 0.0
2400000.0 0.0
2404000.0 0.0
2408000.0 0.0
2412000.0 0.0
2416000.0 0.0
2420000.0 0.0
2424000.0 0.0
2428000.0 0.0
2432000.0 0.0
2436000.0 0.0
2440000.0 0.0
2444000.0 0.0
2448000.0 0.0
2452000.0 0.0
2456000.0 0.0
2460000.0 0.0
2464000.0 0.0
2468000.0 0.0
2472000.0 0.0
2476000.0 0.0
2480000.0 0.0
2484000.0 0.0
2488000.0 0.0
2492000.0 0.0
2496000.0 0.0
2500000.0 0.0
2504000.0 0.0
2508000.0 0.0
2512000.0 0.0
2516000.0 0.0
2520000.0 0.0
2524000.0 0.0
2528000.0 0.0
2532000.0 0.0
2536000.0 0.0
2540000.0 0.0
2544000.0 0.0
2548000.0 0.0
2552000.0 0.0
2556000.0 0.0
2560000.0 0.0
2564000.0 0.0
2568000.0 0.0
2572000.0 0.0
2576000.0 0.0
2580000.0 0.0
2584000.0 0.0
2588000.0 0.0
2592000.0 0.0
2596000.0 0.0
2600000.0 0.0
2604000.0 0.0
2608000.0 0.0
2612000.0 0.0
2616000.0 0.0
2620000.0 0.0
2624000.0 0.0
2628000.0 0.0
2632000.0 0.0
2636000.0 0.0
2640000.0 0.0
2644000.0 0.0
2648000.0 0.0
2652000.0 0.0
2656000.0 0.0
2660000.0 0.0
2664000.0 0.0
2668000.0 0.0
2672000.0 0.0
2676000.0 0.0
2680000.0 0.0
2684000.0 0.0
2688000.0 0.0
2692000.0 0.0
2696000.0 0.0
2700000.0 0.0
2704000.0 0.0
2708000.0 0.0
2712000.0 0.0
2716000.0 0.0
2720000.0 0.0
2724000.0 0.0
2728000.0 0.0
2732000.0 0.0
2736000.0 0.0
2740000.0 0.0
2744000.0 0.0
2748000.0 0.0
2752000.0 0.0
2756000.0 0.0
2760000.0 0.0
2764000.0 0.0
2768000.0 0.0
2772000.0 0.0
2776000.0 0.0
2780000.0 0.0
2784000.0 0.0
2788000.0 0.0
2792000.0 0.0
2796000.0 0.0
2800000.0 0.0
2804000.0 0.0
2808000.0 0.0
2812000.0 0.0
2816000.0 0.0
2820000.0 0.0
2824000.0 0.0
2828000.0 0.0
2832000.0 0.0
2836000.0 0.0
2840000.0 0.0
2844000.0 0.0
2848000.0 0.0
2852000.0 0.0
2856000.0 0.0
2860000.0 0.0
2864000.0 0.0
2868000.0 0.0
2872000.0 0.0
2876000.0 0.0
2880000.0 0.0
2884000.0 0.0
2888000.0 0.0
2892000.0 0.0
2896000.0 0.0
2900000.0 0.0
2904000.0 0.0
2908000.0 0.0
2912000.0 0.0
2916000.0 0.0
2920000.0 0.0
2924000.0 0.0
2928000.0 0.0
2932000.0 0.0
2936000.0 0.0
2940000.0 0.0
2944000.0 0.0
2948000.0 0.0
2952000.0 0.0
2956000.0 0.0
2960000.0 0.0
2964000.0 0.0
2968000.0 0.0
2972000.0 0.0
2976000.0 0.0
2980000.0 0.0
2984000.0 0.0
2988000.0 0.0
2992000.0 0.0
2996000.0 0.0
3000000.0 0.0
3004000.0 0.0
3008000.0 0.0
3012000.0 0.0
3016000.0 0.0
3020000.0 0.0
3024000.0 0.0
3028000.0 0.0
3032000.0 0.0
3036000.0 0.0
3040000.0 0.0
3044000.0 0.0
3048000.0 0.0
3052000.0 0.0
3056000.0 0.0
3060000.0 0.0
3064000.0 0.0
3068000.0 0.0
3072000.0 0.0
3076000.0 0.0
3080000.0 0.0
3084000.0 0.0
3088000.0 0.0
3092000.0 0.0
3096000.0 0.0
3100000.0 0.0
3104000.0 0.0
3108000.0 0.0
3112000.0 0.0
3116000.0 0.0
3120000.0 0.0
3124000.0 0.0
3128000.0 0.0
3132000.0 0.0
3136000.0 0.0
3140000.0 0.0
3144000.0 0.0
3148000.0 0.0
3152000.0 0.0
3156000.0 0.0
3160000.0 0.0
3164000.0 0.0
3168000.0 0.0
3172000.0 0.0
3176000.0 0.0
3180000.0 0.0
3184000.0 0.0
3188000.0 0.0
3192000.0 0.0
3196000.0 0.0
3200000.0 0.0
3204000.0 0.0
3208000.0 0.0
3212000.0 0.0
3216000.0 0.0
3220000.0 0.0
3224000.0 0.0
3228000.0 0.0
3232000.0 0.0
3236000.0 0.0
3240000.0 0.0
3244000.0 0.0
3248000.0 0.0
3252000.0 0.0
3256000.0 0.0
3260000.0 0.0
3264000.0 0.0
3268000.0 0.0
3272000.0 0.0
3276000.0 0.0
3280000.0 0.0
3284000.0 0.0
3288000.0 0.0
3292000.0 0.0
3296000.0 0.0
3300000.0 0.0
3304000.0 0.0
3308000.0 0.0
3312000.0 0.0
3316000.0 0.0
3320000.0 0.0
3324000.0 0.0
3328000.0 0.0
3332000.0 0.0
3336000.0 0.0
3340000.0 0.0
3344000.0 0.0
3348000.0 0.0
3352000.0 0.0
3356000.0 0.0
3360000.0 0.0
3364000.0 0.0
3368000.0 0.0
3372000.0 0.0
3376000.0 0.0
3380000.0 0.0
3384000.0 0.0
3388000.0 0.0
3392000.0 0.0
3396000.0 0.0
3400000.0 0.0
3404000.0 0.0
3408000.0 0.0
3412000.0 0.0
3416000.0 0.0
3420000.0 0.0
3424000.0 0.0
3428000.0 0.0
3432000.0 0.0
3436000.0 0.0
3440000.0 0.0
3444000.0 0.0
3448000.0 0.0
3452000.0 0.0
3456000.0 0.0
3460000.0 0.0
3464000.0 0.0
3468000.0 0.0
3472000.0 0.0
3476000.0 0.0
3480000.0 0.0
3484000.0 0.0
3488000.0 0.0
3492000.0 0.0
3496000.0 0.0
3500000.0 0.0
3504000.0 0.0
3508000.0 0.0
3512000.0 0.0
3516000.0 0.0
3520000.0 0.0
3524000.0 0.0
3528000.0 0.0
3532000.0 0.0
3536000.0 0.0
3540000.0 0.0
3544000.0 0.0
3548000.0 0.0
3552000.0 0.0
3556000.0 0.0
3560000.0 0.0
3564000.0 0.0
3568000.0 0.0
3572000.0 0.0
3576000.0 0.0
3580000.0 0.0
3584000.0 0.0
3588000.0 0.0
3592000.0 0.0
3596000.0 0.0
3600000.0 0.0
3604000.0 0.0
3608000.0 0.0
3612000.0 0.0
3616000.0 0.0
3620000.0 0.0
3624000.0 0.0
3628000.0 0.0
3632000.0 0.0
3636000.0 0.0
3640000.0 0.0
3644000.0 0.0
3648000.0 0.0
3652000.0 0.0
3656000.0 0.0
3660000.0 0.0
3664000.0 0.0
3668000.0 0.0
3672000.0 0.0
3676000.0 0.0
3680000.0 0.0
3684000.0 0.0
3688000.0 0.0
3692000.0 0.0
3696000.0 0.0
3700000.0 0.0
3704000.0 0.0
3708000.0 0.0
3712000.0 0.0
3716000.0 0.0
3720000.0 0.0
3724000.0 0.0
3728000.0 0.0
3732000.0 0.0
3736000.0 0.0
3740000.0 0.0
3744000.0 0.0
3748000.0 0.0
3752000.0 0.0
3756000.0 0.0
3760000.0 0.0
3764000.0 0.0
3768000.0 0.0
3772000.0 0.0
3776000.0 0.0
3780000.0 0.0
3784000.0 0.0
3788000.0 0.0
3792000.0 0.0
3796000.0 0.0
3800000.0 0.0
3804000.0 0.0
3808000.0 0.0
3812000.0 0.0
3816000.0 0.0
3820000.0 0.0
3824000.0 0.0
3828000.0 0.0
3832000.0 0.0
3836000.0 0.0
3840000.0 0.0
3844000.0 0.0
3848000.0 0.0
3852000.0 0.0
3856000.0 0.0
3860000.0 0.0
3864000.0 0.0
3868000.0 0.0
3872000.0 0.0
3876000.0 0.0
3880000.0 0.0
3884000.0 0.0
3888000.0 0.0
3892000.0 0.0
3896000.0 0.0
3900000.0 0.0
3904000.0 0.0
3908000.0 0.0
3912000.0 0.0
3916000.0 0.0
3920000.0 0.0
3924000.0 0.0
3928000.0 0.0
3932000.0 0.0
3936000.0 0.0
3940000.0 0.0
3944000.0 0.0
3948000.0 0.0
3952000.0 0.0
3956000.0 0.0
3960000.0 0.0
3964000.0 0.0
3968000.0 0.0
3972000.0 0.0
3976000.0 0.0
3980000.0 0.0
3984000.0 0.0
3988000.0 0.0
3992000.0 0.0
3996000.0 0.0
4000000.0 0.0
4004000.0 0.0
4008000.0 0.0
4012000.0 0.0
4016000.0 0.0
4020000.0 0.0
4024000.0 0.0
4028000.0 0.0
4032000.0 0.0
4036000.0 0.0
4040000.0 0.0
4044000.0 0.0
4048000.0 0.0
4052000.0 0.0
4056000.0 0.0
4060000.0 0.0
4064000.0 0.0
4068000.0 0.0
4072000.0 0.0
4076000.0 0.0
4080000.0 0.0
4084000.0 0.0
4088000.0 0.0
4092000.0 0.0
4096000.0 0.0
4100000.0 0.0
4104000.0 0.0
4108000.0 0.0
4112000.0 0.0
4116000.0 0.0
4120000.0 0.0
4124000.0 0.0
4128000.0 0.0
4132000.0 0.0
4136000.0 0.0
4140000.0 0.0
4144000.0 0.0
4148000.0 0.0
4152000.0 0.0
4156000.0 0.0
4160000.0 0.0
4164000.0 0.0
4168000.0 0.0
4172000.0 0.0
4176000.0 0.0
4180000.0 0.0
4184000.0 0.0
4188000.0 0.0
4192000.0 0.0
4196000.0 0.0
4200000.0 0.0
4204000.0 0.0
4208000.0 0.0
4212000.0 0.0
4216000.0 0.0
4220000.0 0.0
4224000.0 0.0
4228000.0 0.0
4232000.0 0.0
4236000.0 0.0
4240000.0 0.0
4244000.0 0.0
4248000.0 0.0
4252000.0 0.0
4256000.0 0.0
4260000.0 0.0
4264000.0 0.0
4268000.0 0.0
4272000.0 0.0
4276000.0 0.0
4280000.0 0.0
4284000.0 0.0
4288000.0 0.0
4292000.0 0.0
4296000.0 0.0
4300000.0 0.0
4304000.0 0.0
4308000.0 0.0
4312000.0 0.0
4316000.0 0.0
4320000.0 0.0
4324000.0 0.0
4328000.0 0.0
4332000.0 0.0
4336000.0 0.0
4340000.0 0.0
4344000.0 0.0
4348000.0 0.0
4352000.0 0.0
4356000.0 0.0
4360000.0 0.0
4364000.0 0.0
4368000.0 0.0
4372000.0 0.0
4376000.0 0.0
4380000.0 0.0
4384000.0 0.0
4388000.0 0.0
4392000.0 0.0
4396000.0 0.0
4400000.0 0.0
4404000.0 0.0
4408000.0 0.0
4412000.0 0.0
4416000.0 0.0
4420000.0 0.0
4424000.0 0.0
4428000.0 0.0
4432000.0 0.0
4436000.0 0.0
4440000.0 0.0
4444000.0 0.0
4448000.0 0.0
4452000.0 0.0
4456000.0 0.0
4460000.0 0.0
4464000.0 0.0
4468000.0 0.0
4472000.0 0.0
4476000.0 0.0
4480000.0 0.0
4484000.0 0.0
4488000.0 0.0
4492000.0 0.0
4496000.0 0.0
4500000.0 0.0
4504000.0 0.0
4508000.0 0.0
4512000.0 0.0
4516000.0 0.0
4520000.0 0.0
4524000.0 0.0
4528000.0 0.0
4532000.0 0.0
4536000.0 0.0
4540000.0 0.0
4544000.0 0.0
4548000.0 0.0
4552000.0 0.0
4556000.0 0.0
4560000.0 0.0
4564000.0 0.0
4568000.0 0.0
4572000.0 0.0
4576000.0 0.0
4580000.0 0.0
4584000.0 0.0
4588000.0 0.0
4592000.0 0.0
4596000.0 0.0
4600000.0 0.0
4604000.0 0.0
4608000.0 0.0
4612000.0 0.0
4616000.0 0.0
4620000.0 0.0
4624000.0 0.0
4628000.0 0.0
4632000.0 0.0
4636000.0 0.0
4640000.0 0.0
4644000.0 0.0
4648000.0 0.0
4652000.0 0.0
4656000.0 0.0
4660000.0 0.0
4664000.0 0.0
4668000.0 0.0
4672000.0 0.0
4676000.0 0.0
4680000.0 0.0
4684000.0 0.0
4688000.0 0.0
4692000.0 0.0
4696000.0 0.0
4700000.0 0.0
4704000.0 0.0
4708000.0 0.0
4712000.0 0.0
4716000.0 0.0
4720000.0 0.0
4724000.0 0.0
4728000.0 0.0
4732000.0 0.0
4736000.0 0.0
4740000.0 0.0
4744000.0 0.0
4748000.0 0.0
4752000.0 0.0
4756000.0 0.0
4760000.0 0.0
4764000.0 0.0
4768000.0 0.0
4772000.0 0.0
4776000.0 0.0
4780000.0 0.0
4784000.0 0.0
4788000.0 0.0
4792000.0 0.0
4796000.0 0.0
4800000.0 0.0
4804000.0 0.0
4808000.0 0.0
4812000.0 0.0
4816000.0 0.0
4820000.0 0.0
4824000.0 0.0
4828000.0 0.0
4832000.0 0.0
4836000.0 0.0
4840000.0 0.0
4844000.0 0.0
4848000.0 0.0
4852000.0 0.0
4856000.0 0.0
4860000.0 0.0
4864000.0 0.0
4868000.0 0.0
4872000.0 0.0
4876000.0 0.0
4880000.0 0.0
4884000.0 0.0
4888000.0 0.0
4892000.0 0.0
4896000.0 0.0
4900000.0 0.0
4904000.0 0.0
4908000.0 0.0
4912000.0 0.0
4916000.0 0.0
4920000.0 0.0
4924000.0 0.0
4928000.0 0.0
4932000.0 0.0
4936000.0 0.0
4940000.0 0.0
4944000.0 0.0
4948000.0 0.0
4952000.0 0.0
4956000.0 0.0
4960000.0 0.0
4964000.0 0.0
4968000.0 0.0
4972000.0 0.0
4976000.0 0.0
4980000.0 0.0
4984000.0 0.0
4988000.0 0.0
4992000.0 0.0
4996000.0 0.0
5000000.0 0.0
5004000.0 0.0
5008000.0 0.0
5012000.0 0.0
5016000.0 0.0
5020000.0 0.0
5024000.0 0.0
5028000.0 0.0
5032000.0 0.0
5036000.0 0.0
5040000.0 0.0
5044000.0 0.0
5048000.0 0.0
5052000.0 0.0
5056000.0 0.0
5060000.0 0.0
5064000.0 0.0
5068000.0 0.0
5072000.0 0.0
5076000.0 0.0
5080000.0 0.0
5084000.0 0.0
5088000.0 0.0
5092000.0 0.0
5096000.0 0.0
5100000.0 0.0
5104000.0 0.0
5108000.0 0.0
5112000.0 0.0
5116000.0 0.0
5120000.0 0.0
5124000.0 0.0
5128000.0 0.0
5132000.0 0.0
5136000.0 0.0
5140000.0 0.0
5144000.0 0.0
5148000.0 0.0
5152000.0 0.0
5156000.0 0.0
5160000.0 0.0
5164000.0 0.0
5168000.0 0.0
5172000.0 0.0
5176000.0 0.0
5180000.0 0.0
5184000.0 0.0
5188000.0 0.0
5192000.0 0.0
5196000.0 0.0
5200000.0 0.0
5204000.0 0.0
5208000.0 0.0
5212000.0 0.0
5216000.0 0.0
5220000.0 0.0
5224000.0 0.0
5228000.0 0.0
5232000.0 0.0
5236000.0 0.0
5240000.0 0.0
5244000.0 0.0
5248000.0 0.0
5252000.0 0.0
5256000.0 0.0
5260000.0 0.0
5264000.0 0.0
5268000.0 0.0
5272000.0 0.0
5276000.0 0.0
5280000.0 0.0
5284000.0 0.0
5288000.0 0.0
5292000.0 0.0
5296000.0 0.0
5300000.0 0.0
5304000.0 0.0
5308000.0 0.0
5312000.0 0.0
5316000.0 0.0
5320000.0 0.0
5324000.0 0.0
5328000.0 0.0
5332000.0 0.0
5336000.0 0.0
5340000.0 0.0
5344000.0 0.0
5348000.0 0.0
5352000.0 0.0
5356000.0 0.0
5360000.0 0.0
5364000.0 0.0
5368000.0 0.0
5372000.0 0.0
5376000.0 0.0
5380000.0 0.0
5384000.0 0.0
5388000.0 0.0
5392000.0 0.0
5396000.0 0.0
5400000.0 0.0
5404000.0 0.0
5408000.0 0.0
5412000.0 0.0
5416000.0 0.0
5420000.0 0.0
5424000.0 0.0
5428000.0 0.0
5432000.0 0.0
5436000.0 0.0
5440000.0 0.0
5444000.0 0.0
5448000.0 0.0
5452000.0 0.0
5456000.0 0.0
5460000.0 0.0
5464000.0 0.0
5468000.0 0.0
5472000.0 0.0
5476000.0 0.0
5480000.0 0.0
5484000.0 0.0
5488000.0 0.0
5492000.0 0.0
5496000.0 0.0
5500000.0 0.0
5504000.0 0.0
5508000.0 0.0
5512000.0 0.0
5516000.0 0.0
5520000.0 0.0
5524000.0 0.0
5528000.0 0.0
5532000.0 0.0
5536000.0 0.0
5540000.0 0.0
5544000.0 0.0
5548000.0 0.0
5552000.0 0.0
5556000.0 0.0
5560000.0 0.0
5564000.0 0.0
5568000.0 0.0
5572000.0 0.0
5576000.0 0.0
5580000.0 0.0
5584000.0 0.0
5588000.0 0.0
5592000.0 0.0
5596000.0 0.0
5600000.0 0.0
5604000.0 0.0
5608000.0 0.0
5612000.0 0.0
5616000.0 0.0
5620000.0 0.0
5624000.0 0.0
5628000.0 0.0
5632000.0 0.0
5636000.0 0.0
5640000.0 0.0
5644000.0 0.0
5648000.0 0.0
5652000.0 0.0
5656000.0 0.0
5660000.0 0.0
5664000.0 0.0
5668000.0 0.0
5672000.0 0.0
5676000.0 0.0
5680000.0 0.0
5684000.0 0.0
5688000.0 0.0
5692000.0 0.0
5696000.0 0.0
5700000.0 0.0
5704000.0 0.0
5708000.0 0.0
5712000.0 0.0
5716000.0 0.0
5720000.0 0.0
5724000.0 0.0
5728000.0 0.0
5732000.0 0.0
5736000.0 0.0
5740000.0 0.0
5744000.0 0.0
5748000.0 0.0
5752000.0 0.0
5756000.0 0.0
5760000.0 0.0
5764000.0 0.0
5768000.0 0.0
5772000.0 0.0
5776000.0 0.0
5780000.0 0.0
5784000.0 0.0
5788000.0 0.0
5792000.0 0.0
5796000.0 0.0
5800000.0 0.0
5804000.0 0.0
5808000.0 0.0
5812000.0 0.0
5816000.0 0.0
5820000.0 0.0
5824000.0 0.0
5828000.0 0.0
5832000.0 0.0
5836000.0 0.0
5840000.0 0.0
5844000.0 0.0
5848000.0 0.0
5852000.0 0.0
5856000.0 0.0
5860000.0 0.0
5864000.0 0.0
5868000.0 0.0
5872000.0 0.0
5876000.0 0.0
5880000.0 0.0
5884000.0 0.0
5888000.0 0.0
5892000.0 0.0
5896000.0 0.0
5900000.0 0.0
5904000.0 0.0
5908000.0 0.0
5912000.0 0.0
5916000.0 0.0
5920000.0 0.0
5924000.0 0.0
5928000.0 0.0
5932000.0 0.0
5936000.0 0.0
5940000.0 0.0
5944000.0 0.0
5948000.0 0.0
5952000.0 0.0
5956000.0 0.0
5960000.0 0.0
5964000.0 0.0
5968000.0 0.0
5972000.0 0.0
5976000.0 0.0
5980000.0 0.0
5984000.0 0.0
5988000.0 0.0
5992000.0 0.0
5996000.0 0.0
6000000.0 0.0
6004000.0 0.0
6008000.0 0.0
6012000.0 0.0
6016000.0 0.0
6020000.0 0.0
6024000.0 0.0
6028000.0 0.0
6032000.0 0.0
6036000.0 0.0
6040000.0 0.0
6044000.0 0.0
6048000.0 0.0
6052000.0 0.0
6056000.0 0.0
6060000.0 0.0
6064000.0 0.0
6068000.0 0.0
6072000.0 0.0
6076000.0 0.0
6080000.0 0.0
6084000.0 0.0
6088000.0 0.0
6092000.0 0.0
6096000.0 0.0
6100000.0 0.0
6104000.0 0.0
6108000.0 0.0
6112000.0 0.0
6116000.0 0.0
6120000.0 0.0
6124000.0 0.0
6128000.0 0.0
6132000.0 0.0
6136000.0 0.0
6140000.0 0.0
6144000.0 0.0
6148000.0 0.0
6152000.0 0.0
6156000.0 0.0
6160000.0 0.0
6164000.0 0.0
6168000.0 0.0
6172000.0 0.0
6176000.0 0.0
6180000.0 0.0
6184000.0 0.0
6188000.0 0.0
6192000.0 0.0
6196000.0 0.0
6200000.0 0.0
6204000.0 0.0
6208000.0 0.0
6212000.0 0.0
6216000.0 0.0
6220000.0 0.0
6224000.0 0.0
6228000.0 0.0
6232000.0 0.0
6236000.0 0.0
6240000.0 0.0
6244000.0 0.0
6248000.0 0.0
6252000.0 0.0
6256000.0 0.0
6260000.0 0.0
6264000.0 0.0
6268000.0 0.0
6272000.0 0.0
6276000.0 0.0
6280000.0 0.0
6284000.0 0.0
6288000.0 0.0
6292000.0 0.0
6296000.0 0.0
6300000.0 0.0
6304000.0 0.0
6308000.0 0.0
6312000.0 0.0
6316000.0 0.0
6320000.0 0.0
6324000.0 0.0
6328000.0 0.0
6332000.0 0.0
6336000.0 0.0
6340000.0 0.0
6344000.0 0.0
6348000.0 0.0
6352000.0 0.0
6356000.0 0.0
6360000.0 0.0
6364000.0 0.0
6368000.0 0.0
6372000.0 0.0
6376000.0 0.0
6380000.0 0.0
6384000.0 0.0
6388000.0 0.0
6392000.0 0.0
6396000.0 0.0
6400000.0 0.0
6404000.0 0.0
6408000.0 0.0
6412000.0 0.0
6416000.0 0.0
6420000.0 0.0
6424000.0 0.0
6428000.0 0.0
6432000.0 0.0
6436000.0 0.0
6440000.0 0.0
6444000.0 0.0
6448000.0 0.0
6452000.0 0.0
6456000.0 0.0
6460000.0 0.0
6464000.0 0.0
6468000.0 0.0
6472000.0 0.0
6476000.0 0.0
6480000.0 0.0
6484000.0 0.0
6488000.0 0.0
6492000.0 0.0
6496000.0 0.0
6500000.0 0.0
6504000.0 0.0
6508000.0 0.0
6512000.0 0.0
6516000.0 0.0
6520000.0 0.0
6524000.0 0.0
6528000.0 0.0
6532000.0 0.0
6536000.0 0.0
6540000.0 0.0
6544000.0 0.0
6548000.0 0.0
6552000.0 0.0
6556000.0 0.0
6560000.0 0.0
6564000.0 0.0
6568000.0 0.0
6572000.0 0.0
6576000.0 0.0
6580000.0 0.0
6584000.0 0.0
6588000.0 0.0
6592000.0 0.0
6596000.0 0.0
6600000.0 0.0
6604000.0 0.0
6608000.0 0.0
6612000.0 0.0
6616000.0 0.0
6620000.0 0.0
6624000.0 0.0
6628000.0 0.0
6632000.0 0.0
6636000.0 0.0
6640000.0 0.0
6644000.0 0.0
6648000.0 0.0
6652000.0 0.0
6656000.0 0.0
6660000.0 0.0
6664000.0 0.0
6668000.0 0.0
6672000.0 0.0
6676000.0 0.0
6680000.0 0.0
6684000.0 0.0
6688000.0 0.0
6692000.0 0.0
6696000.0 0.0
6700000.0 0.0
6704000.0 0.0
6708000.0 0.0
6712000.0 0.0
6716000.0 0.0
6720000.0 0.0
6724000.0 0.0
6728000.0 0.0
6732000.0 0.0
6736000.0 0.0
6740000.0 0.0
6744000.0 0.0
6748000.0 0.0
6752000.0 0.0
6756000.0 0.0
6760000.0 0.0
6764000.0 0.0
6768000.0 0.0
6772000.0 0.0
6776000.0 0.0
6780000.0 0.0
6784000.0 0.0
6788000.0 0.0
6792000.0 0.0
6796000.0 0.0
6800000.0 0.0
6804000.0 0.0
6808000.0 0.0
6812000.0 0.0
6816000.0 0.0
6820000.0 0.0
6824000.0 0.0
6828000.0 0.0
6832000.0 0.0
6836000.0 0.0
6840000.0 0.0
6844000.0 0.0
6848000.0 0.0
6852000.0 0.0
6856000.0 0.0
6860000.0 0.0
6864000.0 0.0
6868000.0 0.0
6872000.0 0.0
6876000.0 0.0
6880000.0 0.0
6884000.0 0.0
6888000.0 0.0
6892000.0 0.0
6896000.0 0.0
6900000.0 0.0
6904000.0 0.0
6908000.0 0.0
6912000.0 0.0
6916000.0 0.0
6920000.0 0.0
6924000.0 0.0
6928000.0 0.0
6932000.0 0.0
6936000.0 0.0
6940000.0 0.0
6944000.0 0.0
6948000.0 0.0
6952000.0 0.0
6956000.0 0.0
6960000.0 0.0
6964000.0 0.0
6968000.0 0.0
6972000.0 0.0
6976000.0 0.0
6980000.0 0.0
6984000.0 0.0
6988000.0 0.0
6992000.0 0.0
6996000.0 0.0
7000000.0 0.0
7004000.0 0.0
7008000.0 0.0
7012000.0 0.0
7016000.0 0.0
7020000.0 0.0
7024000.0 0.0
7028000.0 0.0
7032000.0 0.0
7036000.0 0.0
7040000.0 0.0
7044000.0 0.0
7048000.0 0.0
7052000.0 0.0
7056000.0 0.0
7060000.0 0.0
7064000.0 0.0
7068000.0 0.0
7072000.0 0.0
7076000.0 0.0
7080000.0 0.0
7084000.0 0.0
7088000.0 0.0
7092000.0 0.0
7096000.0 0.0
7100000.0 0.0
7104000.0 0.0
7108000.0 0.0
7112000.0 0.0
7116000.0 0.0
7120000.0 0.0
7124000.0 0.0
7128000.0 0.0
7132000.0 0.0
7136000.0 0.0
7140000.0 0.0
7144000.0 0.0
7148000.0 0.0
7152000.0 0.0
7156000.0 0.0
7160000.0 0.0
7164000.0 0.0
7168000.0 0.0
7172000.0 0.0
7176000.0 0.0
7180000.0 0.0
7184000.0 0.0
7188000.0 0.0
7192000.0 0.0
7196000.0 0.0
7200000.0 0.0
7204000.0 0.0
7208000.0 0.0
7212000.0 0.0
7216000.0 0.0
7220000.0 0.0
7224000.0 0.0
7228000.0 0.0
7232000.0 0.0
7236000.0 0.0
7240000.0 0.0
7244000.0 0.0
7248000.0 0.0
7252000.0 0.0
7256000.0 0.0
7260000.0 0.0
7264000.0 0.0
7268000.0 0.0
7272000.0 0.0
7276000.0 0.0
7280000.0 0.0
7284000.0 0.0
7288000.0 0.0
7292000.0 0.0
7296000.0 0.0
7300000.0 0.0
7304000.0 0.0
7308000.0 0.0
7312000.0 0.0
7316000.0 0.0
7320000.0 0.0
7324000.0 0.0
7328000.0 0.0
7332000.0 0.0
7336000.0 0.0
7340000.0 0.0
7344000.0 0.0
7348000.0 0.0
7352000.0 0.0
7356000.0 0.0
7360000.0 0.0
7364000.0 0.0
7368000.0 0.0
7372000.0 0.0
7376000.0 0.0
7380000.0 0.0
7384000.0 0.0
7388000.0 0.0
7392000.0 0.0
7396000.0 0.0
7400000.0 0.0
7404000.0 0.0
7408000.0 0.0
7412000.0 0.0
7416000.0 0.0
7420000.0 0.0
7424000.0 0.0
7428000.0 0.0
7432000.0 0.0
7436000.0 0.0
7440000.0 0.0
7444000.0 0.0
7448000.0 0.0
7452000.0 0.0
7456000.0 0.0
7460000.0 0.0
7464000.0 0.0
7468000.0 0.0
7472000.0 0.0
7476000.0 0.0
7480000.0 0.0
7484000.0 0.0
7488000.0 0.0
7492000.0 0.0
7496000.0 0.0
7500000.0 0.0
7504000.0 0.0
7508000.0 0.0
7512000.0 0.0
7516000.0 0.0
7520000.0 0.0
7524000.0 0.0
7528000.0 0.0
7532000.0 0.0
7536000.0 0.0
7540000.0 0.0
7544000.0 0.0
7548000.0 0.0
7552000.0 0.0
7556000.0 0.0
7560000.0 0.0
7564000.0 0.0
7568000.0 0.0
7572000.0 0.0
7576000.0 0.0
7580000.0 0.0
7584000.0 0.0
7588000.0 0.0
7592000.0 0.0
7596000.0 0.0
7600000.0 0.0
7604000.0 0.0
7608000.0 0.0
7612000.0 0.0
7616000.0 0.0
7620000.0 0.0
7624000.0 0.0
7628000.0 0.0
7632000.0 0.0
7636000.0 0.0
7640000.0 0.0
7644000.0 0.0
7648000.0 0.0
7652000.0 0.0
7656000.0 0.0
7660000.0 0.0
7664000.0 0.0
7668000.0 0.0
7672000.0 0.0
7676000.0 0.0
7680000.0 0.0
7684000.0 0.0
7688000.0 0.0
7692000.0 0.0
7696000.0 0.0
7700000.0 0.0
7704000.0 0.0
7708000.0 0.0
7712000.0 0.0
7716000.0 0.0
7720000.0 0.0
7724000.0 0.0
7728000.0 0.0
7732000.0 0.0
7736000.0 0.0
7740000.0 0.0
7744000.0 0.0
7748000.0 0.0
7752000.0 0.0
7756000.0 0.0
7760000.0 0.0
7764000.0 0.0
7768000.0 0.0
7772000.0 0.0
7776000.0 0.0
7780000.0 0.0
7784000.0 0.0
7788000.0 0.0
7792000.0 0.0
7796000.0 0.0
7800000.0 0.0
7804000.0 0.0
7808000.0 0.0
7812000.0 0.0
7816000.0 0.0
7820000.0 0.0
7824000.0 0.0
7828000.0 0.0
7832000.0 0.0
7836000.0 0.0
7840000.0 0.0
7844000.0 0.0
7848000.0 0.0
7852000.0 0.0
7856000.0 0.0
7860000.0 0.0
7864000.0 0.0
7868000.0 0.0
7872000.0 0.0
7876000.0 0.0
7880000.0 0.0
7884000.0 0.0
7888000.0 0.0
7892000.0 0.0
7896000.0 0.0
7900000.0 0.0
7904000.0 0.0
7908000.0 0.0
7912000.0 0.0
7916000.0 0.0
7920000.0 0.0
7924000.0 0.0
7928000.0 0.0
7932000.0 0.0
7936000.0 0.0
7940000.0 0.0
7944000.0 0.0
7948000.0 0.0
7952000.0 0.0
7956000.0 0.0
7960000.0 0.0
7964000.0 0.0
7968000.0 0.0
7972000.0 0.0
7976000.0 0.0
7980000.0 0.0
7984000.0 0.0
7988000.0 0.0
7992000.0 0.0
7996000.0 0.0
8000000.0 0.0
8004000.0 0.0
8008000.0 0.0
8012000.0 0.0
8016000.0 0.0
8020000.0 0.0
8024000.0 0.0
8028000.0 0.0
8032000.0 0.0
8036000.0 0.0
8040000.0 0.0
8044000.0 0.0
8048000.0 0.0
8052000.0 0.0
8056000.0 0.0
8060000.0 0.0
8064000.0 0.0
8068000.0 0.0
8072000.0 0.0
8076000.0 0.0
8080000.0 0.0
8084000.0 0.0
8088000.0 0.0
8092000.0 0.0
8096000.0 0.0
8100000.0 0.0
8104000.0 0.0
8108000.0 0.0
8112000.0 0.0
8116000.0 0.0
8120000.0 0.0
8124000.0 0.0
8128000.0 0.0
8132000.0 0.0
8136000.0 0.0
8140000.0 0.0
8144000.0 0.0
8148000.0 0.0
8152000.0 0.0
8156000.0 0.0
8160000.0 0.0
8164000.0 0.0
8168000.0 0.0
8172000.0 0.0
8176000.0 0.0
8180000.0 0.0
8184000.0 0.0
8188000.0 0.0
8192000.0 0.0
8196000.0 0.0
8200000.0 0.0
8204000.0 0.0
8208000.0 0.0
8212000.0 0.0
8216000.0 0.0
8220000.0 0.0
8224000.0 0.0
8228000.0 0.0
8232000.0 0.0
8236000.0 0.0
8240000.0 0.0
8244000.0 0.0
8248000.0 0.0
8252000.0 0.0
8256000.0 0.0
8260000.0 0.0
8264000.0 0.0
8268000.0 0.0
8272000.0 0.0
8276000.0 0.0
8280000.0 0.0
8284000.0 0.0
8288000.0 0.0
8292000.0 0.0
8296000.0 0.0
8300000.0 0.0
8304000.0 0.0
8308000.0 0.0
8312000.0 0.0
8316000.0 0.0
8320000.0 0.0
8324000.0 0.0
8328000.0 0.0
8332000.0 0.0
8336000.0 0.0
8340000.0 0.0
8344000.0 0.0
8348000.0 0.0
8352000.0 0.0
8356000.0 0.0
8360000.0 0.0
8364000.0 0.0
8368000.0 0.0
8372000.0 0.0
8376000.0 0.0
8380000.0 0.0
8384000.0 0.0
8388000.0 0.0
8392000.0 0.0
8396000.0 0.0
8400000.0 0.0
8404000.0 0.0
8408000.0 0.0
8412000.0 0.0
8416000.0 0.0
8420000.0 0.0
8424000.0 0.0
8428000.0 0.0
8432000.0 0.0
8436000.0 0.0
8440000.0 0.0
8444000.0 0.0
8448000.0 0.0
8452000.0 0.0
8456000.0 0.0
8460000.0 0.0
8464000.0 0.0
8468000.0 0.0
8472000.0 0.0
8476000.0 0.0
8480000.0 0.0
8484000.0 0.0
8488000.0 0.0
8492000.0 0.0
8496000.0 0.0
8500000.0 0.0
8504000.0 0.0
8508000.0 0.0
8512000.0 0.0
8516000.0 0.0
8520000.0 0.0
8524000.0 0.0
8528000.0 0.0
8532000.0 0.0
8536000.0 0.0
8540000.0 0.0
8544000.0 0.0
8548000.0 0.0
8552000.0 0.0
8556000.0 0.0
8560000.0 0.0
8564000.0 0.0
8568000.0 0.0
8572000.0 0.0
8576000.0 0.0
8580000.0 0.0
8584000.0 0.0
8588000.0 0.0
8592000.0 0.0
8596000.0 0.0
8600000.0 0.0
8604000.0 0.0
8608000.0 0.0
8612000.0 0.0
8616000.0 0.0
8620000.0 0.0
8624000.0 0.0
8628000.0 0.0
8632000.0 0.0
8636000.0 0.0
8640000.0 0.0
8644000.0 0.0
8648000.0 0.0
8652000.0 0.0
8656000.0 0.0
8660000.0 0.0
8664000.0 0.0
8668000.0 0.0
8672000.0 0.0
8676000.0 0.0
8680000.0 0.0
8684000.0 0.0
8688000.0 0.0
8692000.0 0.0
8696000.0 0.0
8700000.0 0.0
8704000.0 0.0
8708000.0 0.0
8712000.0 0.0
8716000.0 0.0
8720000.0 0.0
8724000.0 0.0
8728000.0 0.0
8732000.0 0.0
8736000.0 0.0
8740000.0 0.0
8744000.0 0.0
8748000.0 0.0
8752000.0 0.0
8756000.0 0.0
8760000.0 0.0
8764000.0 0.0
8768000.0 0.0
8772000.0 0.0
8776000.0 0.0
8780000.0 0.0
8784000.0 0.0
8788000.0 0.0
8792000.0 0.0
8796000.0 0.0
8800000.0 0.0
8804000.0 0.0
8808000.0 0.0
8812000.0 0.0
8816000.0 0.0
8820000.0 0.0
8824000.0 0.0
8828000.0 0.0
8832000.0 0.0
8836000.0 0.0
8840000.0 0.0
8844000.0 0.0
8848000.0 0.0
8852000.0 0.0
8856000.0 0.0
8860000.0 0.0
8864000.0 0.0
8868000.0 0.0
8872000.0 0.0
8876000.0 0.0
8880000.0 0.0
8884000.0 0.0
8888000.0 0.0
8892000.0 0.0
8896000.0 0.0
8900000.0 0.0
8904000.0 0.0
8908000.0 0.0
8912000.0 0.0
8916000.0 0.0
8920000.0 0.0
8924000.0 0.0
8928000.0 0.0
8932000.0 0.0
8936000.0 0.0
8940000.0 0.0
8944000.0 0.0
8948000.0 0.0
8952000.0 0.0
8956000.0 0.0
8960000.0 0.0
8964000.0 0.0
8968000.0 0.0
8972000.0 0.0
8976000.0 0.0
8980000.0 0.0
8984000.0 0.0
8988000.0 0.0
8992000.0 0.0
8996000.0 0.0
9000000.0 0.0
9004000.0 0.0
9008000.0 0.0
9012000.0 0.0
9016000.0 0.0
9020000.0 0.0
9024000.0 0.0
9028000.0 0.0
9032000.0 0.0
9036000.0 0.0
9040000.0 0.0
9044000.0 0.0
9048000.0 0.0
9052000.0 0.0
9056000.0 0.0
9060000.0 0.0
9064000.0 0.0
9068000.0 0.0
9072000.0 0.0
9076000.0 0.0
9080000.0 0.0
9084000.0 0.0
9088000.0 0.0
9092000.0 0.0
9096000.0 0.0
9100000.0 0.0
9104000.0 0.0
9108000.0 0.0
9112000.0 0.0
9116000.0 0.0
9120000.0 0.0
9124000.0 0.0
9128000.0 0.0
9132000.0 0.0
9136000.0 0.0
9140000.0 0.0
9144000.0 0.0
9148000.0 0.0
9152000.0 0.0
9156000.0 0.0
9160000.0 0.0
9164000.0 0.0
9168000.0 0.0
9172000.0 0.0
9176000.0 0.0
9180000.0 0.0
9184000.0 0.0
9188000.0 0.0
9192000.0 0.0
9196000.0 0.0
9200000.0 0.0
9204000.0 0.0
9208000.0 0.0
9212000.0 0.0
9216000.0 0.0
9220000.0 0.0
9224000.0 0.0
9228000.0 0.0
9232000.0 0.0
9236000.0 0.0
9240000.0 0.0
9244000.0 0.0
9248000.0 0.0
9252000.0 0.0
9256000.0 0.0
9260000.0 0.0
9264000.0 0.0
9268000.0 0.0
9272000.0 0.0
9276000.0 0.0
9280000.0 0.0
9284000.0 0.0
9288000.0 0.0
9292000.0 0.0
9296000.0 0.0
9300000.0 0.0
9304000.0 0.0
9308000.0 0.0
9312000.0 0.0
9316000.0 0.0
9320000.0 0.0
9324000.0 0.0
9328000.0 0.0
9332000.0 0.0
9336000.0 0.0
9340000.0 0.0
9344000.0 0.0
9348000.0 0.0
9352000.0 0.0
9356000.0 0.0
9360000.0 0.0
9364000.0 0.0
9368000.0 0.0
9372000.0 0.0
9376000.0 0.0
9380000.0 0.0
9384000.0 0.0
9388000.0 0.0
9392000.0 0.0
9396000.0 0.0
9400000.0 0.0
9404000.0 0.0
9408000.0 0.0
9412000.0 0.0
9416000.0 0.0
9420000.0 0.0
9424000.0 0.0
9428000.0 0.0
9432000.0 0.0
9436000.0 0.0
9440000.0 0.0
9444000.0 0.0
9448000.0 0.0
9452000.0 0.0
9456000.0 0.0
9460000.0 0.0
9464000.0 0.0
9468000.0 0.0
9472000.0 0.0
9476000.0 0.0
9480000.0 0.0
9484000.0 0.0
9488000.0 0.0
9492000.0 0.0
9496000.0 0.0
9500000.0 0.0
9504000.0 0.0
9508000.0 0.0
9512000.0 0.0
9516000.0 0.0
9520000.0 0.0
9524000.0 0.0
9528000.0 0.0
9532000.0 0.0
9536000.0 0.0
9540000.0 0.0
9544000.0 0.0
9548000.0 0.0
9552000.0 0.0
9556000.0 0.0
9560000.0 0.0
9564000.0 0.0
9568000.0 0.0
9572000.0 0.0
9576000.0 0.0
9580000.0 0.0
9584000.0 0.0
9588000.0 0.0
9592000.0 0.0
9596000.0 0.0
9600000.0 0.0
9604000.0 0.0
9608000.0 0.0
9612000.0 0.0
9616000.0 0.0
9620000.0 0.0
9624000.0 0.0
9628000.0 0.0
9632000.0 0.0
9636000.0 0.0
9640000.0 0.0
9644000.0 0.0
9648000.0 0.0
9652000.0 0.0
9656000.0 0.0
9660000.0 0.0
9664000.0 0.0
9668000.0 0.0
9672000.0 0.0
9676000.0 0.0
9680000.0 0.0
9684000.0 0.0
9688000.0 0.0
9692000.0 0.0
9696000.0 0.0
9700000.0 0.0
9704000.0 0.0
9708000.0 0.0
9712000.0 0.0
9716000.0 0.0
9720000.0 0.0
9724000.0 0.0
9728000.0 0.0
9732000.0 0.0
9736000.0 0.0
9740000.0 0.0
9744000.0 0.0
9748000.0 0.0
9752000.0 0.0
9756000.0 0.0
9760000.0 0.0
9764000.0 0.0
9768000.0 0.0
9772000.0 0.0
9776000.0 0.0
9780000.0 0.0
9784000.0 0.0
9788000.0 0.0
9792000.0 0.0
9796000.0 0.0
9800000.0 0.0
9804000.0 0.0
9808000.0 0.0
9812000.0 0.0
9816000.0 0.0
9820000.0 0.0
9824000.0 0.0
9828000.0 0.0
9832000.0 0.0
9836000.0 0.0
9840000.0 0.0
9844000.0 0.0
9848000.0 0.0
9852000.0 0.0
9856000.0 0.0
9860000.0 0.0
9864000.0 0.0
9868000.0 0.0
9872000.0 0.0
9876000.0 0.0
9880000.0 0.0
9884000.0 0.0
9888000.0 0.0
9892000.0 0.0
9896000.0 0.0
9900000.0 0.0
9904000.0 0.0
9908000.0 0.0
9912000.0 0.0
9916000.0 0.0
9920000.0 0.0
9924000.0 0.0
9928000.0 0.0
9932000.0 0.0
9936000.0 0.0
9940000.0 0.0
9944000.0 0.0
9948000.0 0.0
9952000.0 0.0
9956000.0 0.0
9960000.0 0.0
9964000.0 0.0
9968000.0 0.0
9972000.0 0.0
9976000.0 0.0
9980000.0 0.0
9984000.0 0.0
9988000.0 0.0
9992000.0 0.0
9996000.0 0.0
10000000.0 0.0
10004000.0 0.0
10008000.0 0.0
10012000.0 0.0
10016000.0 0.0
10020000.0 0.0
10024000.0 0.0
10028000.0 0.0
10032000.0 0.0
10036000.0 0.0
10040000.0 0.0
10044000.0 0.0
10048000.0 0.0
10052000.0 0.0
10056000.0 0.0
10060000.0 0.0
10064000.0 0.0
10068000.0 0.0
10072000.0 0.0
10076000.0 0.0
10080000.0 0.0
10084000.0 0.0
10088000.0 0.0
10092000.0 0.0
10096000.0 0.0
10100000.0 0.0
10104000.0 0.0
10108000.0 0.0
10112000.0 0.0
10116000.0 0.0
10120000.0 0.0
10124000.0 0.0
10128000.0 0.0
10132000.0 0.0
10136000.0 0.0
10140000.0 0.0
10144000.0 0.0
10148000.0 0.0
10152000.0 0.0
10156000.0 0.0
10160000.0 0.0
10164000.0 0.0
10168000.0 0.0
10172000.0 0.0
10176000.0 0.0
10180000.0 0.0
10184000.0 0.0
10188000.0 0.0
10192000.0 0.0
10196000.0 0.0
10200000.0 0.0
10204000.0 0.0
10208000.0 0.0
10212000.0 0.0
10216000.0 0.0
10220000.0 0.0
10224000.0 0.0
10228000.0 0.0
10232000.0 0.0
10236000.0 0.0
10240000.0 0.0
10244000.0 0.0
10248000.0 0.0
10252000.0 0.0
10256000.0 0.0
10260000.0 0.0
10264000.0 0.0
10268000.0 0.0
10272000.0 0.0
10276000.0 0.0
10280000.0 0.0
10284000.0 0.0
10288000.0 0.0
10292000.0 0.0
10296000.0 0.0
10300000.0 0.0
10304000.0 0.0
10308000.0 0.0
10312000.0 0.0
10316000.0 0.0
10320000.0 0.0
10324000.0 0.0
10328000.0 0.0
10332000.0 0.0
10336000.0 0.0
10340000.0 0.0
10344000.0 0.0
10348000.0 0.0
10352000.0 0.0
10356000.0 0.0
10360000.0 0.0
10364000.0 0.0
10368000.0 0.0
10372000.0 0.0
10376000.0 0.0
10380000.0 0.0
10384000.0 0.0
10388000.0 0.0
10392000.0 0.0
10396000.0 0.0
10400000.0 0.0
10404000.0 0.0
10408000.0 0.0
10412000.0 0.0
10416000.0 0.0
10420000.0 0.0
10424000.0 0.0
10428000.0 0.0
10432000.0 0.0
10436000.0 0.0
10440000.0 0.0
10444000.0 0.0
10448000.0 0.0
10452000.0 0.0
10456000.0 0.0
10460000.0 0.0
10464000.0 0.0
10468000.0 0.0
10472000.0 0.0
10476000.0 0.0
10480000.0 0.0
10484000.0 0.0
10488000.0 0.0
10492000.0 0.0
10496000.0 0.0
10500000.0 0.0
10504000.0 0.0
10508000.0 0.0
10512000.0 0.0
10516000.0 0.0
10520000.0 0.0
10524000.0 0.0
10528000.0 0.0
10532000.0 0.0
10536000.0 0.0
10540000.0 0.0
10544000.0 0.0
10548000.0 0.0
10552000.0 0.0
10556000.0 0.0
10560000.0 0.0
10564000.0 0.0
10568000.0 0.0
10572000.0 0.0
10576000.0 0.0
10580000.0 0.0
10584000.0 0.0
10588000.0 0.0
10592000.0 0.0
10596000.0 0.0
10600000.0 0.0
10604000.0 0.0
10608000.0 0.0
10612000.0 0.0
10616000.0 0.0
10620000.0 0.0
10624000.0 0.0
10628000.0 0.0
10632000.0 0.0
10636000.0 0.0
10640000.0 0.0
10644000.0 0.0
10648000.0 0.0
10652000.0 0.0
10656000.0 0.0
10660000.0 0.0
10664000.0 0.0
10668000.0 0.0
10672000.0 0.0
10676000.0 0.0
10680000.0 0.0
10684000.0 0.0
10688000.0 0.0
10692000.0 0.0
10696000.0 0.0
10700000.0 0.0
10704000.0 0.0
10708000.0 0.0
10712000.0 0.0
10716000.0 0.0
10720000.0 0.0
10724000.0 0.0
10728000.0 0.0
10732000.0 0.0
10736000.0 0.0
10740000.0 0.0
10744000.0 0.0
10748000.0 0.0
10752000.0 0.0
10756000.0 0.0
10760000.0 0.0
10764000.0 0.0
10768000.0 0.0
10772000.0 0.0
10776000.0 0.0
10780000.0 0.0
10784000.0 0.0
10788000.0 0.0
10792000.0 0.0
10796000.0 0.0
10800000.0 0.0
10804000.0 0.0
10808000.0 0.0
10812000.0 0.0
10816000.0 0.0
10820000.0 0.0
10824000.0 0.0
10828000.0 0.0
10832000.0 0.0
10836000.0 0.0
10840000.0 0.0
10844000.0 0.0
10848000.0 0.0
10852000.0 0.0
10856000.0 0.0
10860000.0 0.0
10864000.0 0.0
10868000.0 0.0
10872000.0 0.0
10876000.0 0.0
10880000.0 0.0
10884000.0 0.0
10888000.0 0.0
10892000.0 0.0
10896000.0 0.0
10900000.0 0.0
10904000.0 0.0
10908000.0 0.0
10912000.0 0.0
10916000.0 0.0
10920000.0 0.0
10924000.0 0.0
10928000.0 0.0
10932000.0 0.0
10936000.0 0.0
10940000.0 0.0
10944000.0 0.0
10948000.0 0.0
10952000.0 0.0
10956000.0 0.0
10960000.0 0.0
10964000.0 0.0
10968000.0 0.0
10972000.0 0.0
10976000.0 0.0
10980000.0 0.0
10984000.0 0.0
10988000.0 0.0
10992000.0 0.0
10996000.0 0.0
11000000.0 0.0
11004000.0 0.0
11008000.0 0.0
11012000.0 0.0
11016000.0 0.0
11020000.0 0.0
11024000.0 0.0
11028000.0 0.0
11032000.0 0.0
11036000.0 0.0
11040000.0 0.0
11044000.0 0.0
11048000.0 0.0
11052000.0 0.0
11056000.0 0.0
11060000.0 0.0
11064000.0 0.0
11068000.0 0.0
11072000.0 0.0
11076000.0 0.0
11080000.0 0.0
11084000.0 0.0
11088000.0 0.0
11092000.0 0.0
11096000.0 0.0
11100000.0 0.0
11104000.0 0.0
11108000.0 0.0
11112000.0 0.0
11116000.0 0.0
11120000.0 0.0
11124000.0 0.0
11128000.0 0.0
11132000.0 0.0
11136000.0 0.0
11140000.0 0.0
11144000.0 0.0
11148000.0 0.0
11152000.0 0.0
11156000.0 0.0
11160000.0 0.0
11164000.0 0.0
11168000.0 0.0
11172000.0 0.0
11176000.0 0.0
11180000.0 0.0
11184000.0 0.0
11188000.0 0.0
11192000.0 0.0
11196000.0 0.0
11200000.0 0.0
11204000.0 0.0
11208000.0 0.0
11212000.0 0.0
11216000.0 0.0
11220000.0 0.0
11224000.0 0.0
11228000.0 0.0
11232000.0 0.0
11236000.0 0.0
11240000.0 0.0
11244000.0 0.0
11248000.0 0.0
11252000.0 0.0
11256000.0 0.0
11260000.0 0.0
11264000.0 0.0
11268000.0 0.0
11272000.0 0.0
11276000.0 0.0
11280000.0 0.0
11284000.0 0.0
11288000.0 0.0
11292000.0 0.0
11296000.0 0.0
11300000.0 0.0
11304000.0 0.0
11308000.0 0.0
11312000.0 0.0
11316000.0 0.0
11320000.0 0.0
11324000.0 0.0
11328000.0 0.0
11332000.0 0.0
11336000.0 0.0
11340000.0 0.0
11344000.0 0.0
11348000.0 0.0
11352000.0 0.0
11356000.0 0.0
11360000.0 0.0
11364000.0 0.0
11368000.0 0.0
11372000.0 0.0
11376000.0 0.0
11380000.0 0.0
11384000.0 0.0
11388000.0 0.0
11392000.0 0.0
11396000.0 0.0
11400000.0 0.0
11404000.0 0.0
11408000.0 0.0
11412000.0 0.0
11416000.0 0.0
11420000.0 0.0
11424000.0 0.0
11428000.0 0.0
11432000.0 0.0
11436000.0 0.0
11440000.0 0.0
11444000.0 0.0
11448000.0 0.0
11452000.0 0.0
11456000.0 0.0
11460000.0 0.0
11464000.0 0.0
11468000.0 0.0
11472000.0 0.0
11476000.0 0.0
11480000.0 0.0
11484000.0 0.0
11488000.0 0.0
11492000.0 0.0
11496000.0 0.0
11500000.0 0.0
11504000.0 0.0
11508000.0 0.0
11512000.0 0.0
11516000.0 0.0
11520000.0 0.0
11524000.0 0.0
11528000.0 0.0
11532000.0 0.0
11536000.0 0.0
11540000.0 0.0
11544000.0 0.0
11548000.0 0.0
11552000.0 0.0
11556000.0 0.0
11560000.0 0.0
11564000.0 0.0
11568000.0 0.0
11572000.0 0.0
11576000.0 0.0
11580000.0 0.0
11584000.0 0.0
11588000.0 0.0
11592000.0 0.0
11596000.0 0.0
11600000.0 0.0
11604000.0 0.0
11608000.0 0.0
11612000.0 0.0
11616000.0 0.0
11620000.0 0.0
11624000.0 0.0
11628000.0 0.0
11632000.0 0.0
11636000.0 0.0
11640000.0 0.0
11644000.0 0.0
11648000.0 0.0
11652000.0 0.0
11656000.0 0.0
11660000.0 0.0
11664000.0 0.0
11668000.0 0.0
11672000.0 0.0
11676000.0 0.0
11680000.0 0.0
11684000.0 0.0
11688000.0 0.0
11692000.0 0.0
11696000.0 0.0
11700000.0 0.0
11704000.0 0.0
11708000.0 0.0
11712000.0 0.0
11716000.0 0.0
11720000.0 0.0
11724000.0 0.0
11728000.0 0.0
11732000.0 0.0
11736000.0 0.0
11740000.0 0.0
11744000.0 0.0
11748000.0 0.0
11752000.0 0.0
11756000.0 0.0
11760000.0 0.0
11764000.0 0.0
11768000.0 0.0
11772000.0 0.0
11776000.0 0.0
11780000.0 0.0
11784000.0 0.0
11788000.0 0.0
11792000.0 0.0
11796000.0 0.0
11800000.0 0.0
11804000.0 0.0
11808000.0 0.0
11812000.0 0.0
11816000.0 0.0
11820000.0 0.0
11824000.0 0.0
11828000.0 0.0
11832000.0 0.0
11836000.0 0.0
11840000.0 0.0
11844000.0 0.0
11848000.0 0.0
11852000.0 0.0
11856000.0 0.0
11860000.0 0.0
11864000.0 0.0
11868000.0 0.0
11872000.0 0.0
11876000.0 0.0
11880000.0 0.0
11884000.0 0.0
11888000.0 0.0
11892000.0 0.0
11896000.0 0.0
11900000.0 0.0
11904000.0 0.0
11908000.0 0.0
11912000.0 0.0
11916000.0 0.0
11920000.0 0.0
11924000.0 0.0
11928000.0 0.0
11932000.0 0.0
11936000.0 0.0
11940000.0 0.0
11944000.0 0.0
11948000.0 0.0
11952000.0 0.0
11956000.0 0.0
11960000.0 0.0
11964000.0 0.0
11968000.0 0.0
11972000.0 0.0
11976000.0 0.0
11980000.0 0.0
11984000.0 0.0
11988000.0 0.0
11992000.0 0.0
11996000.0 0.0
12000000.0 0.0
12004000.0 0.0
12008000.0 0.0
12012000.0 0.0
12016000.0 0.0
12020000.0 0.0
12024000.0 0.0
12028000.0 0.0
12032000.0 0.0
12036000.0 0.0
12040000.0 0.0
12044000.0 0.0
12048000.0 0.0
12052000.0 0.0
12056000.0 0.0
12060000.0 0.0
12064000.0 0.0
12068000.0 0.0
12072000.0 0.0
12076000.0 0.0
12080000.0 0.0
12084000.0 0.0
12088000.0 0.0
12092000.0 0.0
12096000.0 0.0
12100000.0 0.0
12104000.0 0.0
12108000.0 0.0
12112000.0 0.0
12116000.0 0.0
12120000.0 0.0
12124000.0 0.0
12128000.0 0.0
12132000.0 0.0
12136000.0 0.0
12140000.0 0.0
12144000.0 0.0
12148000.0 0.0
12152000.0 0.0
12156000.0 0.0
12160000.0 0.0
12164000.0 0.0
12168000.0 0.0
12172000.0 0.0
12176000.0 0.0
12180000.0 0.0
12184000.0 0.0
12188000.0 0.0
12192000.0 0.0
12196000.0 0.0
12200000.0 0.0
12204000.0 0.0
12208000.0 0.0
12212000.0 0.0
12216000.0 0.0
12220000.0 0.0
12224000.0 0.0
12228000.0 0.0
12232000.0 0.0
12236000.0 0.0
12240000.0 0.0
12244000.0 0.0
12248000.0 0.0
12252000.0 0.0
12256000.0 0.0
12260000.0 0.0
12264000.0 0.0
12268000.0 0.0
12272000.0 0.0
12276000.0 0.0
12280000.0 0.0
12284000.0 0.0
12288000.0 0.0
12292000.0 0.0
12296000.0 0.0
12300000.0 0.0
12304000.0 0.0
12308000.0 0.0
12312000.0 0.0
12316000.0 0.0
12320000.0 0.0
12324000.0 0.0
12328000.0 0.0
12332000.0 0.0
12336000.0 0.0
12340000.0 0.0
12344000.0 0.0
12348000.0 0.0
12352000.0 0.0
12356000.0 0.0
12360000.0 0.0
12364000.0 0.0
12368000.0 0.0
12372000.0 0.0
12376000.0 0.0
12380000.0 0.0
12384000.0 0.0
12388000.0 0.0
12392000.0 0.0
12396000.0 0.0
12400000.0 0.0
12404000.0 0.0
12408000.0 0.0
12412000.0 0.0
12416000.0 0.0
12420000.0 0.0
12424000.0 0.0
12428000.0 0.0
12432000.0 0.0
12436000.0 0.0
12440000.0 0.0
12444000.0 0.0
12448000.0 0.0
12452000.0 0.0
12456000.0 0.0
12460000.0 0.0
12464000.0 0.0
12468000.0 0.0
12472000.0 0.0
12476000.0 0.0
12480000.0 0.0
12484000.0 0.0
12488000.0 0.0
12492000.0 0.0
12496000.0 0.0
12500000.0 0.0
12504000.0 0.0
12508000.0 0.0
12512000.0 0.0
12516000.0 0.0
12520000.0 0.0
12524000.0 0.0
12528000.0 0.0
12532000.0 0.0
12536000.0 0.0
12540000.0 0.0
12544000.0 0.0
12548000.0 0.0
12552000.0 0.0
12556000.0 0.0
12560000.0 0.0
12564000.0 0.0
12568000.0 0.0
12572000.0 0.0
12576000.0 0.0
12580000.0 0.0
12584000.0 0.0
12588000.0 0.0
12592000.0 0.0
12596000.0 0.0
12600000.0 0.0
12604000.0 0.0
12608000.0 0.0
12612000.0 0.0
12616000.0 0.0
12620000.0 0.0
12624000.0 0.0
12628000.0 0.0
12632000.0 0.0
12636000.0 0.0
12640000.0 0.0
12644000.0 0.0
12648000.0 0.0
12652000.0 0.0
12656000.0 0.0
12660000.0 0.0
12664000.0 0.0
12668000.0 0.0
12672000.0 0.0
12676000.0 0.0
12680000.0 0.0
12684000.0 0.0
12688000.0 0.0
12692000.0 0.0
12696000.0 0.0
12700000.0 0.0
12704000.0 0.0
12708000.0 0.0
12712000.0 0.0
12716000.0 0.0
12720000.0 0.0
12724000.0 0.0
12728000.0 0.0
12732000.0 0.0
12736000.0 0.0
12740000.0 0.0
12744000.0 0.0
12748000.0 0.0
12752000.0 0.0
12756000.0 0.0
12760000.0 0.0
12764000.0 0.0
12768000.0 0.0
12772000.0 0.0
12776000.0 0.0
12780000.0 0.0
12784000.0 0.0
12788000.0 0.0
12792000.0 0.0
12796000.0 0.0
12800000.0 0.0
12804000.0 0.0
12808000.0 0.0
12812000.0 0.0
12816000.0 0.0
12820000.0 0.0
12824000.0 0.0
12828000.0 0.0
12832000.0 0.0
12836000.0 0.0
12840000.0 0.0
12844000.0 0.0
12848000.0 0.0
12852000.0 0.0
12856000.0 0.0
12860000.0 0.0
12864000.0 0.0
12868000.0 0.0
12872000.0 0.0
12876000.0 0.0
12880000.0 0.0
12884000.0 0.0
12888000.0 0.0
12892000.0 0.0
12896000.0 0.0
12900000.0 0.0
12904000.0 0.0
12908000.0 0.0
12912000.0 0.0
12916000.0 0.0
12920000.0 0.0
12924000.0 0.0
12928000.0 0.0
12932000.0 0.0
12936000.0 0.0
12940000.0 0.0
12944000.0 0.0
12948000.0 0.0
12952000.0 0.0
12956000.0 0.0
12960000.0 0.0
12964000.0 0.0
12968000.0 0.0
12972000.0 0.0
12976000.0 0.0
12980000.0 0.0
12984000.0 0.0
12988000.0 0.0
12992000.0 0.0
12996000.0 0.0
13000000.0 0.0
13004000.0 0.0
13008000.0 0.0
13012000.0 0.0
13016000.0 0.0
13020000.0 0.0
13024000.0 0.0
13028000.0 0.0
13032000.0 0.0
13036000.0 0.0
13040000.0 0.0
13044000.0 0.0
13048000.0 0.0
13052000.0 0.0
13056000.0 0.0
13060000.0 0.0
13064000.0 0.0
13068000.0 0.0
13072000.0 0.0
13076000.0 0.0
13080000.0 0.0
13084000.0 0.0
13088000.0 0.0
13092000.0 0.0
13096000.0 0.0
13100000.0 0.0
13104000.0 0.0
13108000.0 0.0
13112000.0 0.0
13116000.0 0.0
13120000.0 0.0
13124000.0 0.0
13128000.0 0.0
13132000.0 0.0
13136000.0 0.0
13140000.0 0.0
13144000.0 0.0
13148000.0 0.0
13152000.0 0.0
13156000.0 0.0
13160000.0 0.0
13164000.0 0.0
13168000.0 0.0
13172000.0 0.0
13176000.0 0.0
13180000.0 0.0
13184000.0 0.0
13188000.0 0.0
13192000.0 0.0
13196000.0 0.0
13200000.0 0.0
13204000.0 0.0
13208000.0 0.0
13212000.0 0.0
13216000.0 0.0
13220000.0 0.0
13224000.0 0.0
13228000.0 0.0
13232000.0 0.0
13236000.0 0.0
13240000.0 0.0
13244000.0 0.0
13248000.0 0.0
13252000.0 0.0
13256000.0 0.0
13260000.0 0.0
13264000.0 0.0
13268000.0 0.0
13272000.0 0.0
13276000.0 0.0
13280000.0 0.0
13284000.0 0.0
13288000.0 0.0
13292000.0 0.0
13296000.0 0.0
13300000.0 0.0
13304000.0 0.0
13308000.0 0.0
13312000.0 0.0
13316000.0 0.0
13320000.0 0.0
13324000.0 0.0
13328000.0 0.0
13332000.0 0.0
13336000.0 0.0
13340000.0 0.0
13344000.0 0.0
13348000.0 0.0
13352000.0 0.0
13356000.0 0.0
13360000.0 0.0
13364000.0 0.0
13368000.0 0.0
13372000.0 0.0
13376000.0 0.0
13380000.0 0.0
13384000.0 0.0
13388000.0 0.0
13392000.0 0.0
13396000.0 0.0
13400000.0 0.0
13404000.0 0.0
13408000.0 0.0
13412000.0 0.0
13416000.0 0.0
13420000.0 0.0
13424000.0 0.0
13428000.0 0.0
13432000.0 0.0
13436000.0 0.0
13440000.0 0.0
13444000.0 0.0
13448000.0 0.0
13452000.0 0.0
13456000.0 0.0
13460000.0 0.0
13464000.0 0.0
13468000.0 0.0
13472000.0 0.0
13476000.0 0.0
13480000.0 0.0
13484000.0 0.0
13488000.0 0.0
13492000.0 0.0
13496000.0 0.0
13500000.0 0.0
13504000.0 0.0
13508000.0 0.0
13512000.0 0.0
13516000.0 0.0
13520000.0 0.0
13524000.0 0.0
13528000.0 0.0
13532000.0 0.0
13536000.0 0.0
13540000.0 0.0
13544000.0 0.0
13548000.0 0.0
13552000.0 0.0
13556000.0 0.0
13560000.0 0.0
13564000.0 0.0
13568000.0 0.0
13572000.0 0.0
13576000.0 0.0
13580000.0 0.0
13584000.0 0.0
13588000.0 0.0
13592000.0 0.0
13596000.0 0.0
13600000.0 0.0
13604000.0 0.0
13608000.0 0.0
13612000.0 0.0
13616000.0 0.0
13620000.0 0.0
13624000.0 0.0
13628000.0 0.0
13632000.0 0.0
13636000.0 0.0
13640000.0 0.0
13644000.0 0.0
13648000.0 0.0
13652000.0 0.0
13656000.0 0.0
13660000.0 0.0
13664000.0 0.0
13668000.0 0.0
13672000.0 0.0
13676000.0 0.0
13680000.0 0.0
13684000.0 0.0
13688000.0 0.0
13692000.0 0.0
13696000.0 0.0
13700000.0 0.0
13704000.0 0.0
13708000.0 0.0
13712000.0 0.0
13716000.0 0.0
13720000.0 0.0
13724000.0 0.0
13728000.0 0.0
13732000.0 0.0
13736000.0 0.0
13740000.0 0.0
13744000.0 0.0
13748000.0 0.0
13752000.0 0.0
13756000.0 0.0
13760000.0 0.0
13764000.0 0.0
13768000.0 0.0
13772000.0 0.0
13776000.0 0.0
13780000.0 0.0
13784000.0 0.0
13788000.0 0.0
13792000.0 0.0
13796000.0 0.0
13800000.0 0.0
13804000.0 0.0
13808000.0 0.0
13812000.0 0.0
13816000.0 0.0
13820000.0 0.0
13824000.0 0.0
13828000.0 0.0
13832000.0 0.0
13836000.0 0.0
13840000.0 0.0
13844000.0 0.0
13848000.0 0.0
13852000.0 0.0
13856000.0 0.0
13860000.0 0.0
13864000.0 0.0
13868000.0 0.0
13872000.0 0.0
13876000.0 0.0
13880000.0 0.0
13884000.0 0.0
13888000.0 0.0
13892000.0 0.0
13896000.0 0.0
13900000.0 0.0
13904000.0 0.0
13908000.0 0.0
13912000.0 0.0
13916000.0 0.0
13920000.0 0.0
13924000.0 0.0
13928000.0 0.0
13932000.0 0.0
13936000.0 0.0
13940000.0 0.0
13944000.0 0.0
13948000.0 0.0
13952000.0 0.0
13956000.0 0.0
13960000.0 0.0
13964000.0 0.0
13968000.0 0.0
13972000.0 0.0
13976000.0 0.0
13980000.0 0.0
13984000.0 0.0
13988000.0 0.0
13992000.0 0.0
13996000.0 0.0
14000000.0 0.0
14004000.0 0.0
14008000.0 0.0
14012000.0 0.0
14016000.0 0.0
14020000.0 0.0
14024000.0 0.0
14028000.0 0.0
14032000.0 0.0
14036000.0 0.0
14040000.0 0.0
14044000.0 0.0
14048000.0 0.0
14052000.0 0.0
14056000.0 0.0
14060000.0 0.0
14064000.0 0.0
14068000.0 0.0
14072000.0 0.0
14076000.0 0.0
14080000.0 0.0
14084000.0 0.0
14088000.0 0.0
14092000.0 0.0
14096000.0 0.0
14100000.0 0.0
14104000.0 0.0
14108000.0 0.0
14112000.0 0.0
14116000.0 0.0
14120000.0 0.0
14124000.0 0.0
14128000.0 0.0
14132000.0 0.0
14136000.0 0.0
14140000.0 0.0
14144000.0 0.0
14148000.0 0.0
14152000.0 0.0
14156000.0 0.0
14160000.0 0.0
14164000.0 0.0
14168000.0 0.0
14172000.0 0.0
14176000.0 0.0
14180000.0 0.0
14184000.0 0.0
14188000.0 0.0
14192000.0 0.0
14196000.0 0.0
14200000.0 0.0
14204000.0 0.0
14208000.0 0.0
14212000.0 0.0
14216000.0 0.0
14220000.0 0.0
14224000.0 0.0
14228000.0 0.0
14232000.0 0.0
14236000.0 0.0
14240000.0 0.0
14244000.0 0.0
14248000.0 0.0
14252000.0 0.0
14256000.0 0.0
14260000.0 0.0
14264000.0 0.0
14268000.0 0.0
14272000.0 0.0
14276000.0 0.0
14280000.0 0.0
14284000.0 0.0
14288000.0 0.0
14292000.0 0.0
14296000.0 0.0
14300000.0 0.0
14304000.0 0.0
14308000.0 0.0
14312000.0 0.0
14316000.0 0.0
14320000.0 0.0
14324000.0 0.0
14328000.0 0.0
14332000.0 0.0
14336000.0 0.0
14340000.0 0.0
14344000.0 0.0
14348000.0 0.0
14352000.0 0.0
14356000.0 0.0
14360000.0 0.0
14364000.0 0.0
14368000.0 0.0
14372000.0 0.0
14376000.0 0.0
14380000.0 0.0
14384000.0 0.0
14388000.0 0.0
14392000.0 0.0
14396000.0 0.0
14400000.0 0.0
14404000.0 0.0
14408000.0 0.0
14412000.0 0.0
14416000.0 0.0
14420000.0 0.0
14424000.0 0.0
14428000.0 0.0
14432000.0 0.0
14436000.0 0.0
14440000.0 0.0
14444000.0 0.0
14448000.0 0.0
14452000.0 0.0
14456000.0 0.0
14460000.0 0.0
14464000.0 0.0
14468000.0 0.0
14472000.0 0.0
14476000.0 0.0
14480000.0 0.0
14484000.0 0.0
14488000.0 0.0
14492000.0 0.0
14496000.0 0.0
14500000.0 0.0
14504000.0 0.0
14508000.0 0.0
14512000.0 0.0
14516000.0 0.0
14520000.0 0.0
14524000.0 0.0
14528000.0 0.0
14532000.0 0.0
14536000.0 0.0
14540000.0 0.0
14544000.0 0.0
14548000.0 0.0
14552000.0 0.0
14556000.0 0.0
14560000.0 0.0
14564000.0 0.0
14568000.0 0.0
14572000.0 0.0
14576000.0 0.0
14580000.0 0.0
14584000.0 0.0
14588000.0 0.0
14592000.0 0.0
14596000.0 0.0
14600000.0 0.0
14604000.0 0.0
14608000.0 0.0
14612000.0 0.0
14616000.0 0.0
14620000.0 0.0
14624000.0 0.0
14628000.0 0.0
14632000.0 0.0
14636000.0 0.0
14640000.0 0.0
14644000.0 0.0
14648000.0 0.0
14652000.0 0.0
14656000.0 0.0
14660000.0 0.0
14664000.0 0.0
14668000.0 0.0
14672000.0 0.0
14676000.0 0.0
14680000.0 0.0
14684000.0 0.0
14688000.0 0.0
14692000.0 0.0
14696000.0 0.0
14700000.0 0.0
14704000.0 0.0
14708000.0 0.0
14712000.0 0.0
14716000.0 0.0
14720000.0 0.0
14724000.0 0.0
14728000.0 0.0
14732000.0 0.0
14736000.0 0.0
14740000.0 0.0
14744000.0 0.0
14748000.0 0.0
14752000.0 0.0
14756000.0 0.0
14760000.0 0.0
14764000.0 0.0
14768000.0 0.0
14772000.0 0.0
14776000.0 0.0
14780000.0 0.0
14784000.0 0.0
14788000.0 0.0
14792000.0 0.0
14796000.0 0.0
14800000.0 0.0
14804000.0 0.0
14808000.0 0.0
14812000.0 0.0
14816000.0 0.0
14820000.0 0.0
14824000.0 0.0
14828000.0 0.0
14832000.0 0.0
14836000.0 0.0
14840000.0 0.0
14844000.0 0.0
14848000.0 0.0
14852000.0 0.0
14856000.0 0.0
14860000.0 0.0
14864000.0 0.0
14868000.0 0.0
14872000.0 0.0
14876000.0 0.0
14880000.0 0.0
14884000.0 0.0
14888000.0 0.0
14892000.0 0.0
14896000.0 0.0
14900000.0 0.0
14904000.0 0.0
14908000.0 0.0
14912000.0 0.0
14916000.0 0.0
14920000.0 0.0
14924000.0 0.0
14928000.0 0.0
14932000.0 0.0
14936000.0 0.0
14940000.0 0.0
14944000.0 0.0
14948000.0 0.0
14952000.0 0.0
14956000.0 0.0
14960000.0 0.0
14964000.0 0.0
14968000.0 0.0
14972000.0 0.0
14976000.0 0.0
14980000.0 0.0
14984000.0 0.0
14988000.0 0.0
14992000.0 0.0
14996000.0 0.0
15000000.0 0.0
15004000.0 0.0
15008000.0 0.0
15012000.0 0.0
15016000.0 0.0
15020000.0 0.0
15024000.0 0.0
15028000.0 0.0
15032000.0 0.0
15036000.0 0.0
15040000.0 0.0
15044000.0 0.0
15048000.0 0.0
15052000.0 0.0
15056000.0 0.0
15060000.0 0.0
15064000.0 0.0
15068000.0 0.0
15072000.0 0.0
15076000.0 0.0
15080000.0 0.0
15084000.0 0.0
15088000.0 0.0
15092000.0 0.0
15096000.0 0.0
15100000.0 0.0
15104000.0 0.0
15108000.0 0.0
15112000.0 0.0
15116000.0 0.0
15120000.0 0.0
15124000.0 0.0
15128000.0 0.0
15132000.0 0.0
15136000.0 0.0
15140000.0 0.0
15144000.0 0.0
15148000.0 0.0
15152000.0 0.0
15156000.0 0.0
15160000.0 0.0
15164000.0 0.0
15168000.0 0.0
15172000.0 0.0
15176000.0 0.0
15180000.0 0.0
15184000.0 0.0
15188000.0 0.0
15192000.0 0.0
15196000.0 0.0
15200000.0 0.0
15204000.0 0.0
15208000.0 0.0
15212000.0 0.0
15216000.0 0.0
15220000.0 0.0
15224000.0 0.0
15228000.0 0.0
15232000.0 0.0
15236000.0 0.0
15240000.0 0.0
15244000.0 0.0
15248000.0 0.0
15252000.0 0.0
15256000.0 0.0
15260000.0 0.0
15264000.0 0.0
15268000.0 0.0
15272000.0 0.0
15276000.0 0.0
15280000.0 0.0
15284000.0 0.0
15288000.0 0.0
15292000.0 0.0
15296000.0 0.0
15300000.0 0.0
15304000.0 0.0
15308000.0 0.0
15312000.0 0.0
15316000.0 0.0
15320000.0 0.0
15324000.0 0.0
15328000.0 0.0
15332000.0 0.0
15336000.0 0.0
15340000.0 0.0
15344000.0 0.0
15348000.0 0.0
15352000.0 0.0
15356000.0 0.0
15360000.0 0.0
15364000.0 0.0
15368000.0 0.0
15372000.0 0.0
15376000.0 0.0
15380000.0 0.0
15384000.0 0.0
15388000.0 0.0
15392000.0 0.0
15396000.0 0.0
15400000.0 0.0
15404000.0 0.0
15408000.0 0.0
15412000.0 0.0
15416000.0 0.0
15420000.0 0.0
15424000.0 0.0
15428000.0 0.0
15432000.0 0.0
15436000.0 0.0
15440000.0 0.0
15444000.0 0.0
15448000.0 0.0
15452000.0 0.0
15456000.0 0.0
15460000.0 0.0
15464000.0 0.0
15468000.0 0.0
15472000.0 0.0
15476000.0 0.0
15480000.0 0.0
15484000.0 0.0
15488000.0 0.0
15492000.0 0.0
15496000.0 0.0
15500000.0 0.0
15504000.0 0.0
15508000.0 0.0
15512000.0 0.0
15516000.0 0.0
15520000.0 0.0
15524000.0 0.0
15528000.0 0.0
15532000.0 0.0
15536000.0 0.0
15540000.0 0.0
15544000.0 0.0
15548000.0 0.0
15552000.0 0.0
15556000.0 0.0
15560000.0 0.0
15564000.0 0.0
15568000.0 0.0
15572000.0 0.0
15576000.0 0.0
15580000.0 0.0
15584000.0 0.0
15588000.0 0.0
15592000.0 0.0
15596000.0 0.0
15600000.0 0.0
15604000.0 0.0
15608000.0 0.0
15612000.0 0.0
15616000.0 0.0
15620000.0 0.0
15624000.0 0.0
15628000.0 0.0
15632000.0 0.0
15636000.0 0.0
15640000.0 0.0
15644000.0 0.0
15648000.0 0.0
15652000.0 0.0
15656000.0 0.0
15660000.0 0.0
15664000.0 0.0
15668000.0 0.0
15672000.0 0.0
15676000.0 0.0
15680000.0 0.0
15684000.0 0.0
15688000.0 0.0
15692000.0 0.0
15696000.0 0.0
15700000.0 0.0
15704000.0 0.0
15708000.0 0.0
15712000.0 0.0
15716000.0 0.0
15720000.0 0.0
15724000.0 0.0
15728000.0 0.0
15732000.0 0.0
15736000.0 0.0
15740000.0 0.0
15744000.0 0.0
15748000.0 0.0
15752000.0 0.0
15756000.0 0.0
15760000.0 0.0
15764000.0 0.0
15768000.0 0.0
15772000.0 0.0
15776000.0 0.0
15780000.0 0.0
15784000.0 0.0
15788000.0 0.0
15792000.0 0.0
15796000.0 0.0
15800000.0 0.0
15804000.0 0.0
15808000.0 0.0
15812000.0 0.0
15816000.0 0.0
15820000.0 0.0
15824000.0 0.0
15828000.0 0.0
15832000.0 0.0
15836000.0 0.0
15840000.0 0.0
15844000.0 0.0
15848000.0 0.0
15852000.0 0.0
15856000.0 0.0
15860000.0 0.0
15864000.0 0.0
15868000.0 0.0
15872000.0 0.0
15876000.0 0.0
15880000.0 0.0
15884000.0 0.0
15888000.0 0.0
15892000.0 0.0
15896000.0 0.0
15900000.0 0.0
15904000.0 0.0
15908000.0 0.0
15912000.0 0.0
15916000.0 0.0
15920000.0 0.0
15924000.0 0.0
15928000.0 0.0
15932000.0 0.0
15936000.0 0.0
15940000.0 0.0
15944000.0 0.0
15948000.0 0.0
15952000.0 0.0
15956000.0 0.0
15960000.0 0.0
15964000.0 0.0
15968000.0 0.0
15972000.0 0.0
15976000.0 0.0
15980000.0 0.0
15984000.0 0.0
15988000.0 0.0
15992000.0 0.0
15996000.0 0.0
16000000.0 0.0
16004000.0 0.0
16008000.0 0.0
16012000.0 0.0
16016000.0 0.0
16020000.0 0.0
16024000.0 0.0
16028000.0 0.0
16032000.0 0.0
16036000.0 0.0
16040000.0 0.0
16044000.0 0.0
16048000.0 0.0
16052000.0 0.0
16056000.0 0.0
16060000.0 0.0
16064000.0 0.0
16068000.0 0.0
16072000.0 0.0
16076000.0 0.0
16080000.0 0.0
16084000.0 0.0
16088000.0 0.0
16092000.0 0.0
16096000.0 0.0
16100000.0 0.0
16104000.0 0.0
16108000.0 0.0
16112000.0 0.0
16116000.0 0.0
16120000.0 0.0
16124000.0 0.0
16128000.0 0.0
16132000.0 0.0
16136000.0 0.0
16140000.0 0.0
16144000.0 0.0
16148000.0 0.0
16152000.0 0.0
16156000.0 0.0
16160000.0 0.0
16164000.0 0.0
16168000.0 0.0
16172000.0 0.0
16176000.0 0.0
16180000.0 0.0
16184000.0 0.0
16188000.0 0.0
16192000.0 0.0
16196000.0 0.0
16200000.0 0.0
16204000.0 0.0
16208000.0 0.0
16212000.0 0.0
16216000.0 0.0
16220000.0 0.0
16224000.0 0.0
16228000.0 0.0
16232000.0 0.0
16236000.0 0.0
16240000.0 0.0
16244000.0 0.0
16248000.0 0.0
16252000.0 0.0
16256000.0 0.0
16260000.0 0.0
16264000.0 0.0
16268000.0 0.0
16272000.0 0.0
16276000.0 0.0
16280000.0 0.0
16284000.0 0.0
16288000.0 0.0
16292000.0 0.0
16296000.0 0.0
16300000.0 0.0
16304000.0 0.0
16308000.0 0.0
16312000.0 0.0
16316000.0 0.0
16320000.0 0.0
16324000.0 0.0
16328000.0 0.0
16332000.0 0.0
16336000.0 0.0
16340000.0 0.0
16344000.0 0.0
16348000.0 0.0
16352000.0 0.0
16356000.0 0.0
16360000.0 0.0
16364000.0 0.0
16368000.0 0.0
16372000.0 0.0
16376000.0 0.0
16380000.0 0.0
16384000.0 0.0
16388000.0 0.0
16392000.0 0.0
16396000.0 0.0
16400000.0 0.0
16404000.0 0.0
16408000.0 0.0
16412000.0 0.0
16416000.0 0.0
16420000.0 0.0
16424000.0 0.0
16428000.0 0.0
16432000.0 0.0
16436000.0 0.0
16440000.0 0.0
16444000.0 0.0
16448000.0 0.0
16452000.0 0.0
16456000.0 0.0
16460000.0 0.0
16464000.0 0.0
16468000.0 0.0
16472000.0 0.0
16476000.0 0.0
16480000.0 0.0
16484000.0 0.0
16488000.0 0.0
16492000.0 0.0
16496000.0 0.0
16500000.0 0.0
16504000.0 0.0
16508000.0 0.0
16512000.0 0.0
16516000.0 0.0
16520000.0 0.0
16524000.0 0.0
16528000.0 0.0
16532000.0 0.0
16536000.0 0.0
16540000.0 0.0
16544000.0 0.0
16548000.0 0.0
16552000.0 0.0
16556000.0 0.0
16560000.0 0.0
16564000.0 0.0
16568000.0 0.0
16572000.0 0.0
16576000.0 0.0
16580000.0 0.0
16584000.0 0.0
16588000.0 0.0
16592000.0 0.0
16596000.0 0.0
16600000.0 0.0
16604000.0 0.0
16608000.0 0.0
16612000.0 0.0
16616000.0 0.0
16620000.0 0.0
16624000.0 0.0
16628000.0 0.0
16632000.0 0.0
16636000.0 0.0
16640000.0 0.0
16644000.0 0.0
16648000.0 0.0
16652000.0 0.0
16656000.0 0.0
16660000.0 0.0
16664000.0 0.0
16668000.0 0.0
16672000.0 0.0
16676000.0 0.0
16680000.0 0.0
16684000.0 0.0
16688000.0 0.0
16692000.0 0.0
16696000.0 0.0
16700000.0 0.0
16704000.0 0.0
16708000.0 0.0
16712000.0 0.0
16716000.0 0.0
16720000.0 0.0
16724000.0 0.0
16728000.0 0.0
16732000.0 0.0
16736000.0 0.0
16740000.0 0.0
16744000.0 0.0
16748000.0 0.0
16752000.0 0.0
16756000.0 0.0
16760000.0 0.0
16764000.0 0.0
16768000.0 0.0
16772000.0 0.0
16776000.0 0.0
16780000.0 0.0
16784000.0 0.0
16788000.0 0.0
16792000.0 0.0
16796000.0 0.0
16800000.0 0.0
16804000.0 0.0
16808000.0 0.0
16812000.0 0.0
16816000.0 0.0
16820000.0 0.0
16824000.0 0.0
16828000.0 0.0
16832000.0 0.0
16836000.0 0.0
16840000.0 0.0
16844000.0 0.0
16848000.0 0.0
16852000.0 0.0
16856000.0 0.0
16860000.0 0.0
16864000.0 0.0
16868000.0 0.0
16872000.0 0.0
16876000.0 0.0
16880000.0 0.0
16884000.0 0.0
16888000.0 0.0
16892000.0 0.0
16896000.0 0.0
16900000.0 0.0
16904000.0 0.0
16908000.0 0.0
16912000.0 0.0
16916000.0 0.0
16920000.0 0.0
16924000.0 0.0
16928000.0 0.0
16932000.0 0.0
16936000.0 0.0
16940000.0 0.0
16944000.0 0.0
16948000.0 0.0
16952000.0 0.0
16956000.0 0.0
16960000.0 0.0
16964000.0 0.0
16968000.0 0.0
16972000.0 0.0
16976000.0 0.0
16980000.0 0.0
16984000.0 0.0
16988000.0 0.0
16992000.0 0.0
16996000.0 0.0
17000000.0 0.0
17004000.0 0.0
17008000.0 0.0
17012000.0 0.0
17016000.0 0.0
17020000.0 0.0
17024000.0 0.0
17028000.0 0.0
17032000.0 0.0
17036000.0 0.0
17040000.0 0.0
17044000.0 0.0
17048000.0 0.0
17052000.0 0.0
17056000.0 0.0
17060000.0 0.0
17064000.0 0.0
17068000.0 0.0
17072000.0 0.0
17076000.0 0.0
17080000.0 0.0
17084000.0 0.0
17088000.0 0.0
17092000.0 0.0
17096000.0 0.0
17100000.0 0.0
17104000.0 0.0
17108000.0 0.0
17112000.0 0.0
17116000.0 0.0
17120000.0 0.0
17124000.0 0.0
17128000.0 0.0
17132000.0 0.0
17136000.0 0.0
17140000.0 0.0
17144000.0 0.0
17148000.0 0.0
17152000.0 0.0
17156000.0 0.0
17160000.0 0.0
17164000.0 0.0
17168000.0 0.0
17172000.0 0.0
17176000.0 0.0
17180000.0 0.0
17184000.0 0.0
17188000.0 0.0
17192000.0 0.0
17196000.0 0.0
17200000.0 0.0
17204000.0 0.0
17208000.0 0.0
17212000.0 0.0
17216000.0 0.0
17220000.0 0.0
17224000.0 0.0
17228000.0 0.0
17232000.0 0.0
17236000.0 0.0
17240000.0 0.0
17244000.0 0.0
17248000.0 0.0
17252000.0 0.0
17256000.0 0.0
17260000.0 0.0
17264000.0 0.0
17268000.0 0.0
17272000.0 0.0
17276000.0 0.0
17280000.0 0.0
17284000.0 0.0
17288000.0 0.0
17292000.0 0.0
17296000.0 0.0
17300000.0 0.0
17304000.0 0.0
17308000.0 0.0
17312000.0 0.0
17316000.0 0.0
17320000.0 0.0
17324000.0 0.0
17328000.0 0.0
17332000.0 0.0
17336000.0 0.0
17340000.0 0.0
17344000.0 0.0
17348000.0 0.0
17352000.0 0.0
17356000.0 0.0
17360000.0 0.0
17364000.0 0.0
17368000.0 0.0
17372000.0 0.0
17376000.0 0.0
17380000.0 0.0
17384000.0 0.0
17388000.0 0.0
17392000.0 0.0
17396000.0 0.0
17400000.0 0.0
17404000.0 0.0
17408000.0 0.0
17412000.0 0.0
17416000.0 0.0
17420000.0 0.0
17424000.0 0.0
17428000.0 0.0
17432000.0 0.0
17436000.0 0.0
17440000.0 0.0
17444000.0 0.0
17448000.0 0.0
17452000.0 0.0
17456000.0 0.0
17460000.0 0.0
17464000.0 0.0
17468000.0 0.0
17472000.0 0.0
17476000.0 0.0
17480000.0 0.0
17484000.0 0.0
17488000.0 0.0
17492000.0 0.0
17496000.0 0.0
17500000.0 0.0
17504000.0 0.0
17508000.0 0.0
17512000.0 0.0
17516000.0 0.0
17520000.0 0.0
17524000.0 0.0
17528000.0 0.0
17532000.0 0.0
17536000.0 0.0
17540000.0 0.0
17544000.0 0.0
17548000.0 0.0
17552000.0 0.0
17556000.0 0.0
17560000.0 0.0
17564000.0 0.0
17568000.0 0.0
17572000.0 0.0
17576000.0 0.0
17580000.0 0.0
17584000.0 0.0
17588000.0 0.0
17592000.0 0.0
17596000.0 0.0
17600000.0 0.0
