1600000.0 -1378.2457
1604000.0 -1378.206
1608000.0 -1378.1592
1612000.0 -1378.1037
1616000.0 -1378.0382
1620000.0 -1377.9647
1624000.0 -1377.8839
1628000.0 -1377.7937
1632000.0 -1377.6969
1636000.0 -1377.5908
1640000.0 -1377.4766
1644000.0 -1377.3529
1648000.0 -1377.2238
1652000.0 -1377.0857
1656000.0 -1376.9398
1660000.0 -1376.7861
1664000.0 -1376.6252
1668000.0 -1376.4556
1672000.0 -1376.28
1676000.0 -1376.0959
1680000.0 -1375.9028
1684000.0 -1375.7028
1688000.0 -1375.496
1692000.0 -1375.2829
1696000.0 -1375.0607
1700000.0 -1374.8322
1704000.0 -1374.5943
1708000.0 -1374.3512
1712000.0 -1374.1013
1716000.0 -1373.8434
1720000.0 -1373.5802
1724000.0 -1373.3077
1728000.0 -1373.0305
1732000.0 -1372.7446
1736000.0 -1372.4536
1740000.0 -1372.1555
1744000.0 -1371.85
1748000.0 -1371.54
1752000.0 -1371.2246
1756000.0 -1370.8998
1760000.0 -1370.5708
1764000.0 -1370.2331
1768000.0 -1369.8927
1772000.0 -1369.5447
1776000.0 -1369.1916
1780000.0 -1368.8311
1784000.0 -1368.4655
1788000.0 -1368.0936
1792000.0 -1367.7167
1796000.0 -1367.3331
1800000.0 -1366.9418
1804000.0 -1366.5447
1808000.0 -1366.144
1812000.0 -1365.7352
1816000.0 -1365.3199
1820000.0 -1364.8995
1824000.0 -1364.4748
1828000.0 -1364.0416
1832000.0 -1363.6046
1836000.0 -1363.1647
1840000.0 -1362.7201
1844000.0 -1362.2658
1848000.0 -1361.8078
1852000.0 -1361.3467
1856000.0 -1360.8805
1860000.0 -1360.4078
1864000.0 -1359.9272
1868000.0 -1359.4411
1872000.0 -1358.9536
1876000.0 -1358.4618
1880000.0 -1357.9616
1884000.0 -1357.4573
1888000.0 -1356.9497
1892000.0 -1356.4384
1896000.0 -1355.922
1900000.0 -1355.3975
1904000.0 -1354.874
1908000.0 -1354.3414
1912000.0 -1353.803
1916000.0 -1353.2656
1920000.0 -1352.7178
1924000.0 -1352.1667
1928000.0 -1351.6078
1932000.0 -1351.0492
1936000.0 -1350.4844
1940000.0 -1349.9129
1944000.0 -1349.3413
1948000.0 -1348.763
1952000.0 -1348.1828
1956000.0 -1347.5994
1960000.0 -1347.0082
1964000.0 -1346.4125
1968000.0 -1345.8154
1972000.0 -1345.21
1976000.0 -1344.6042
1980000.0 -1343.9907
1984000.0 -1343.3778
1988000.0 -1342.7603
1992000.0 -1342.1391
1996000.0 -1341.5123
2000000.0 -1340.8794
2004000.0 -1340.2454
2008000.0 -1339.6088
2012000.0 -1338.9703
2016000.0 -1338.3228
2020000.0 -1337.6753
2024000.0 -1337.025
2028000.0 -1336.3792
2032000.0 -1335.7266
2036000.0 -1335.0653
2040000.0 -1334.4056
2044000.0 -1333.7412
2048000.0 -1333.0726
2052000.0 -1332.4013
2056000.0 -1331.7234
2060000.0 -1331.0414
2064000.0 -1330.3598
2068000.0 -1329.6752
2072000.0 -1328.986
2076000.0 -1328.2988
2080000.0 -1327.6022
2084000.0 -1326.9067
2088000.0 -1326.2093
2092000.0 -1325.5085
2096000.0 -1324.8063
2100000.0 -1324.0969
2104000.0 -1323.3886
2108000.0 -1322.6762
2112000.0 -1321.9639
2116000.0 -1321.2416
2120000.0 -1320.516
2124000.0 -1319.7938
2128000.0 -1319.0651
2132000.0 -1318.3402
2136000.0 -1317.6063
2140000.0 -1316.8753
2144000.0 -1316.1438
2148000.0 -1315.4044
2152000.0 -1314.664
2156000.0 -1313.9246
2160000.0 -1313.1809
2164000.0 -1312.4333
2168000.0 -1311.6849
2172000.0 -1310.9346
2176000.0 -1310.1801
2180000.0 -1309.4203
2184000.0 -1308.6568
2188000.0 -1307.9
2192000.0 -1307.1375
2196000.0 -1306.3709
2200000.0 -1305.6046
2204000.0 -1304.8362
2208000.0 -1304.0682
2212000.0 -1303.2967
2216000.0 -1302.521
2220000.0 -1301.7429
2224000.0 -1300.9648
2228000.0 -1300.1822
2232000.0 -1299.3996
2236000.0 -1298.6151
2240000.0 -1297.8277
2244000.0 -1297.0434
2248000.0 -1296.2532
2252000.0 -1295.4617
2256000.0 -1294.6698
2260000.0 -1293.8747
2264000.0 -1293.0782
2268000.0 -1292.2815
2272000.0 -1291.4831
2276000.0 -1290.681
2280000.0 -1289.8811
2284000.0 -1289.0781
2288000.0 -1288.2749
2292000.0 -1287.4696
2296000.0 -1286.6626
2300000.0 -1285.8531
2304000.0 -1285.043
2308000.0 -1284.2298
2312000.0 -1283.4181
2316000.0 -1282.6019
2320000.0 -1281.7837
2324000.0 -1280.962
2328000.0 -1280.1438
2332000.0 -1279.3243
2336000.0 -1278.5022
2340000.0 -1277.6793
2344000.0 -1276.8535
2348000.0 -1276.0264
2352000.0 -1275.2014
2356000.0 -1274.375
2360000.0 -1273.5484
2364000.0 -1272.7199
2368000.0 -1271.8882
2372000.0 -1271.0532
2376000.0 -1270.2205
2380000.0 -1269.3831
2384000.0 -1268.5459
2388000.0 -1267.7076
2392000.0 -1266.8691
2396000.0 -1266.0275
2400000.0 -1265.1832
2404000.0 -1264.3408
2408000.0 -1263.4983
2412000.0 -1262.6567
2416000.0 -1261.8121
2420000.0 -1260.9683
2424000.0 -1260.1211
2428000.0 -1259.2733
2432000.0 -1258.4245
2436000.0 -1257.5767
2440000.0 -1256.7264
2444000.0 -1255.8747
2448000.0 -1255.0201
2452000.0 -1254.1665
2456000.0 -1253.3125
2460000.0 -1252.4581
2464000.0 -1251.6013
2468000.0 -1250.7416
2472000.0 -1249.8836
2476000.0 -1249.0248
2480000.0 -1248.1651
2484000.0 -1247.3031
2488000.0 -1246.4423
2492000.0 -1245.5783
2496000.0 -1244.7159
2500000.0 -1243.8529
2504000.0 -1242.9885
2508000.0 -1242.124
2512000.0 -1241.2587
2516000.0 -1240.3937
2520000.0 -1239.5251
2524000.0 -1238.6578
2528000.0 -1237.7878
2532000.0 -1236.9192
2536000.0 -1236.0484
2540000.0 -1235.1801
2544000.0 -1234.3081
2548000.0 -1233.4375
2552000.0 -1232.5668
2556000.0 -1231.6956
2560000.0 -1230.8238
2564000.0 -1229.949
2568000.0 -1229.0751
2572000.0 -1228.2007
2576000.0 -1227.3253
2580000.0 -1226.4484
2584000.0 -1225.5716
2588000.0 -1224.6937
2592000.0 -1223.8164
2596000.0 -1222.9397
2600000.0 -1222.0635
2604000.0 -1221.1844
2608000.0 -1220.3068
2612000.0 -1219.4269
2616000.0 -1218.5481
2620000.0 -1217.6669
2624000.0 -1216.7863
2628000.0 -1215.9054
2632000.0 -1215.0261
2636000.0 -1214.1435
2640000.0 -1213.2636
2644000.0 -1212.3828
2648000.0 -1211.4992
2652000.0 -1210.6159
2656000.0 -1209.7318
2660000.0 -1208.8479
2664000.0 -1207.9642
2668000.0 -1207.0817
2672000.0 -1206.1976
2676000.0 -1205.3127
2680000.0 -1204.429
2684000.0 -1203.5442
2688000.0 -1202.6577
2692000.0 -1201.7729
2696000.0 -1200.886
2700000.0 -1200.0014
2704000.0 -1199.1166
2708000.0 -1198.2322
2712000.0 -1197.3466
2716000.0 -1196.4619
2720000.0 -1195.5746
2724000.0 -1194.6876
2728000.0 -1193.8
2732000.0 -1192.9119
2736000.0 -1192.0241
2740000.0 -1191.1378
2744000.0 -1190.2494
2748000.0 -1189.3629
2752000.0 -1188.4763
2756000.0 -1187.5883
2760000.0 -1186.7021
2764000.0 -1185.813
2768000.0 -1184.9243
2772000.0 -1184.0351
2776000.0 -1183.1479
2780000.0 -1182.2622
2784000.0 -1181.376
2788000.0 -1180.4873
2792000.0 -1179.5986
2796000.0 -1178.7105
2800000.0 -1177.8234
2804000.0 -1176.9374
2808000.0 -1176.0504
2812000.0 -1175.163
2816000.0 -1174.2761
2820000.0 -1173.3859
2824000.0 -1172.4972
2828000.0 -1171.6091
2832000.0 -1170.7212
2836000.0 -1169.8348
2840000.0 -1168.948
2844000.0 -1168.0589
2848000.0 -1167.1709
2852000.0 -1166.2861
2856000.0 -1165.3978
2860000.0 -1164.5138
2864000.0 -1163.6254
2868000.0 -1162.7376
2872000.0 -1161.8486
2876000.0 -1160.9642
2880000.0 -1160.076
2884000.0 -1159.188
2888000.0 -1158.3003
2892000.0 -1157.4132
2896000.0 -1156.5268
2900000.0 -1155.6432
2904000.0 -1154.7543
2908000.0 -1153.8691
2912000.0 -1152.9876
2916000.0 -1152.1019
2920000.0 -1151.216
2924000.0 -1150.3293
2928000.0 -1149.4429
2932000.0 -1148.5562
2936000.0 -1147.6728
2940000.0 -1146.7882
2944000.0 -1145.9024
2948000.0 -1145.0174
2952000.0 -1144.1352
2956000.0 -1143.2528
2960000.0 -1142.3702
2964000.0 -1141.4825
2968000.0 -1140.6001
2972000.0 -1139.717
2976000.0 -1138.8347
2980000.0 -1137.9523
2984000.0 -1137.0702
2988000.0 -1136.1884
2992000.0 -1135.3056
2996000.0 -1134.4231
3000000.0 -1133.5385
3004000.0 -1132.6512
3008000.0 -1131.7679
3012000.0 -1130.8879
3016000.0 -1130.0098
3020000.0 -1129.1271
3024000.0 -1128.2493
3028000.0 -1127.3699
3032000.0 -1126.489
3036000.0 -1125.6104
3040000.0 -1124.7313
3044000.0 -1123.8521
3048000.0 -1122.9733
3052000.0 -1122.0925
3056000.0 -1121.2151
3060000.0 -1120.3396
3064000.0 -1119.4601
3068000.0 -1118.5811
3072000.0 -1117.7055
3076000.0 -1116.8303
3080000.0 -1115.9537
3084000.0 -1115.076
3088000.0 -1114.1983
3092000.0 -1113.3261
3096000.0 -1112.4494
3100000.0 -1111.5731
3104000.0 -1110.6954
3108000.0 -1109.8271
3112000.0 -1108.9519
3116000.0 -1108.0732
3120000.0 -1107.2035
3124000.0 -1106.3333
3128000.0 -1105.4606
3132000.0 -1104.5889
3136000.0 -1103.7153
3140000.0 -1102.8432
3144000.0 -1101.9737
3148000.0 -1101.1051
3152000.0 -1100.2347
3156000.0 -1099.3648
3160000.0 -1098.4964
3164000.0 -1097.6296
3168000.0 -1096.7653
3172000.0 -1095.8976
3176000.0 -1095.0304
3180000.0 -1094.1653
3184000.0 -1093.2974
3188000.0 -1092.4314
3192000.0 -1091.5656
3196000.0 -1090.7043
3200000.0 -1089.8401
3204000.0 -1088.977
3208000.0 -1088.1115
3212000.0 -1087.2536
3216000.0 -1086.3898
3220000.0 -1085.5281
3224000.0 -1084.6675
3228000.0 -1083.8075
3232000.0 -1082.9456
3236000.0 -1082.0859
3240000.0 -1081.2287
3244000.0 -1080.3747
3248000.0 -1079.5182
3252000.0 -1078.6624
3256000.0 -1077.8043
3260000.0 -1076.9507
3264000.0 -1076.0988
3268000.0 -1075.2505
3272000.0 -1074.4013
3276000.0 -1073.5513
3280000.0 -1072.7023
3284000.0 -1071.8526
3288000.0 -1071.0064
3292000.0 -1070.1565
3296000.0 -1069.3136
3300000.0 -1068.4679
3304000.0 -1067.6218
3308000.0 -1066.7789
3312000.0 -1065.9352
3316000.0 -1065.0906
3320000.0 -1064.2492
3324000.0 -1063.4074
3328000.0 -1062.5698
3332000.0 -1061.7323
3336000.0 -1060.895
3340000.0 -1060.0534
3344000.0 -1059.2179
3348000.0 -1058.3796
3352000.0 -1057.5435
3356000.0 -1056.7086
3360000.0 -1055.8753
3364000.0 -1055.0418
3368000.0 -1054.2113
3372000.0 -1053.3796
3376000.0 -1052.5481
3380000.0 -1051.7177
3384000.0 -1050.889
3388000.0 -1050.0605
3392000.0 -1049.2308
3396000.0 -1048.4017
3400000.0 -1047.5743
3404000.0 -1046.7421
3408000.0 -1045.9156
3412000.0 -1045.0923
3416000.0 -1044.2652
3420000.0 -1043.4443
3424000.0 -1042.6206
3428000.0 -1041.8031
3432000.0 -1040.9779
3436000.0 -1040.1593
3440000.0 -1039.3419
3444000.0 -1038.5248
3448000.0 -1037.7103
3452000.0 -1036.894
3456000.0 -1036.0825
3460000.0 -1035.2667
3464000.0 -1034.4496
3468000.0 -1033.6387
3472000.0 -1032.8305
3476000.0 -1032.021
3480000.0 -1031.2088
3484000.0 -1030.3998
3488000.0 -1029.592
3492000.0 -1028.7835
3496000.0 -1027.9751
3500000.0 -1027.1685
3504000.0 -1026.3592
3508000.0 -1025.552
3512000.0 -1024.7486
3516000.0 -1023.946
3520000.0 -1023.1435
3524000.0 -1022.3443
3528000.0 -1021.5438
3532000.0 -1020.746
3536000.0 -1019.9485
3540000.0 -1019.1483
3544000.0 -1018.3537
3548000.0 -1017.5549
3552000.0 -1016.7594
3556000.0 -1015.9636
3560000.0 -1015.1705
3564000.0 -1014.3757
3568000.0 -1013.5856
3572000.0 -1012.7932
3576000.0 -1012.0032
3580000.0 -1011.2158
3584000.0 -1010.4282
3588000.0 -1009.6398
3592000.0 -1008.8507
3596000.0 -1008.0654
3600000.0 -1007.2803
3604000.0 -1006.4979
3608000.0 -1005.7143
3612000.0 -1004.9304
3616000.0 -1004.1478
3620000.0 -1003.366
3624000.0 -1002.5869
3628000.0 -1001.8076
3632000.0 -1001.028
3636000.0 -1000.2497
3640000.0 -999.47262
3644000.0 -998.69682
3648000.0 -997.92078
3652000.0 -997.1455
3656000.0 -996.37049
3660000.0 -995.59574
3664000.0 -994.82225
3668000.0 -994.04904
3672000.0 -993.27808
3676000.0 -992.51037
3680000.0 -991.74391
3684000.0 -990.97574
3688000.0 -990.21031
3692000.0 -989.44267
3696000.0 -988.6753
3700000.0 -987.91019
3704000.0 -987.14635
3708000.0 -986.38129
3712000.0 -985.61899
3716000.0 -984.85497
3720000.0 -984.09123
3724000.0 -983.33075
3728000.0 -982.57005
3732000.0 -981.81211
3736000.0 -981.05295
3740000.0 -980.29755
3744000.0 -979.53943
3748000.0 -978.78458
3752000.0 -978.02851
3756000.0 -977.27521
3760000.0 -976.51871
3764000.0 -975.76348
3768000.0 -975.01251
3772000.0 -974.25735
3776000.0 -973.50793
3780000.0 -972.75681
3784000.0 -972.00796
3788000.0 -971.25989
3792000.0 -970.5126
3796000.0 -969.76807
3800000.0 -969.02183
3804000.0 -968.27538
3808000.0 -967.5307
3812000.0 -966.78531
3816000.0 -966.04071
3820000.0 -965.29838
3824000.0 -964.55783
3828000.0 -963.81805
3832000.0 -963.07956
3836000.0 -962.34134
3840000.0 -961.60341
3844000.0 -960.86577
3848000.0 -960.12741
3852000.0 -959.39282
3856000.0 -958.65752
3860000.0 -957.92549
3864000.0 -957.19324
3868000.0 -956.46227
3872000.0 -955.73009
3876000.0 -954.9982
3880000.0 -954.2656
3884000.0 -953.53826
3888000.0 -952.80922
3892000.0 -952.07799
3896000.0 -951.35201
3900000.0 -950.62532
3904000.0 -949.90239
3908000.0 -949.17975
3912000.0 -948.45739
3916000.0 -947.73532
3920000.0 -947.01453
3924000.0 -946.29402
3928000.0 -945.5733
3932000.0 -944.85287
3936000.0 -944.1352
3940000.0 -943.41832
3944000.0 -942.70023
3948000.0 -941.98293
3952000.0 -941.26939
3956000.0 -940.55613
3960000.0 -939.84068
3964000.0 -939.127
3968000.0 -938.4146
3972000.0 -937.70249
3976000.0 -936.99216
3980000.0 -936.28161
3984000.0 -935.57036
3988000.0 -934.86088
3992000.0 -934.1517
3996000.0 -933.44428
4000000.0 -932.73765
4004000.0 -932.03181
4008000.0 -931.32823
4012000.0 -930.62444
4016000.0 -929.91895
4020000.0 -929.21623
4024000.0 -928.51479
4028000.0 -927.81165
4032000.0 -927.11326
4036000.0 -926.41466
4040000.0 -925.71734
4044000.0 -925.01881
4048000.0 -924.32205
4052000.0 -923.62508
4056000.0 -922.93138
4060000.0 -922.23647
4064000.0 -921.54333
4068000.0 -920.84898
4072000.0 -920.15641
4076000.0 -919.46511
4080000.0 -918.77608
4084000.0 -918.08584
4088000.0 -917.39836
4092000.0 -916.71216
4096000.0 -916.02524
4100000.0 -915.34059
4104000.0 -914.65324
4108000.0 -913.97014
4112000.0 -913.28682
4116000.0 -912.60279
4120000.0 -911.92003
4124000.0 -911.23605
4128000.0 -910.55584
4132000.0 -909.8754
4136000.0 -909.19574
4140000.0 -908.51734
4144000.0 -907.84072
4148000.0 -907.16387
4152000.0 -906.4863
4156000.0 -905.8115
4160000.0 -905.13647
4164000.0 -904.46172
4168000.0 -903.78924
4172000.0 -903.11454
4176000.0 -902.4421
4180000.0 -901.77292
4184000.0 -901.10401
4188000.0 -900.43289
4192000.0 -899.76453
4196000.0 -899.09545
4200000.0 -898.42812
4204000.0 -897.76107
4208000.0 -897.0933
4212000.0 -896.42829
4216000.0 -895.76205
4220000.0 -895.09609
4224000.0 -894.4314
4228000.0 -893.77095
4232000.0 -893.10878
4236000.0 -892.44787
4240000.0 -891.78723
4244000.0 -891.12686
4248000.0 -890.47024
4252000.0 -889.81438
4256000.0 -889.15828
4260000.0 -888.50245
4264000.0 -887.84738
4268000.0 -887.19357
4272000.0 -886.53804
4276000.0 -885.88227
4280000.0 -885.23174
4284000.0 -884.58147
4288000.0 -883.93097
4292000.0 -883.28122
4296000.0 -882.63074
4300000.0 -881.98252
4304000.0 -881.33207
4308000.0 -880.68436
4312000.0 -880.03791
4316000.0 -879.39172
4320000.0 -878.74629
4324000.0 -878.10012
4328000.0 -877.45769
4332000.0 -876.81304
4336000.0 -876.17261
4340000.0 -875.53145
4344000.0 -874.89104
4348000.0 -874.25138
4352000.0 -873.61148
4356000.0 -872.97432
4360000.0 -872.33641
4364000.0 -871.70026
4368000.0 -871.06336
4372000.0 -870.42621
4376000.0 -869.78883
4380000.0 -869.15319
4384000.0 -868.51531
4388000.0 -867.88267
4392000.0 -867.24877
4396000.0 -866.61812
4400000.0 -865.9882
4404000.0 -865.35854
4408000.0 -864.72962
4412000.0 -864.10293
4416000.0 -863.47549
4420000.0 -862.85029
4424000.0 -862.22384
4428000.0 -861.59515
4432000.0 -860.96869
4436000.0 -860.34547
4440000.0 -859.72248
4444000.0 -859.10073
4448000.0 -858.47972
4452000.0 -857.85845
4456000.0 -857.23743
4460000.0 -856.61664
4464000.0 -855.99758
4468000.0 -855.38125
4472000.0 -854.76515
4476000.0 -854.1478
4480000.0 -853.53019
4484000.0 -852.91381
4488000.0 -852.29966
4492000.0 -851.68574
4496000.0 -851.07155
4500000.0 -850.45462
4504000.0 -849.8434
4508000.0 -849.23042
4512000.0 -848.61965
4516000.0 -848.00962
4520000.0 -847.39684
4524000.0 -846.78877
4528000.0 -846.18142
4532000.0 -845.57182
4536000.0 -844.96394
4540000.0 -844.35729
4544000.0 -843.75285
4548000.0 -843.15012
4552000.0 -842.54613
4556000.0 -841.94137
4560000.0 -841.33783
4564000.0 -840.73799
4568000.0 -840.13589
4572000.0 -839.53799
4576000.0 -838.93882
4580000.0 -838.33887
4584000.0 -837.74213
4588000.0 -837.14561
4592000.0 -836.5493
4596000.0 -835.95818
4600000.0 -835.36529
4604000.0 -834.77062
4608000.0 -834.17716
4612000.0 -833.58492
4616000.0 -832.99438
4620000.0 -832.40405
4624000.0 -831.81542
4628000.0 -831.22253
4632000.0 -830.63234
4636000.0 -830.04485
4640000.0 -829.45905
4644000.0 -828.87396
4648000.0 -828.2856
4652000.0 -827.70044
4656000.0 -827.11349
4660000.0 -826.52576
4664000.0 -825.94271
4668000.0 -825.35937
4672000.0 -824.77872
4676000.0 -824.19976
4680000.0 -823.6215
4684000.0 -823.04194
4688000.0 -822.4621
4692000.0 -821.88394
4696000.0 -821.30599
4700000.0 -820.72922
4704000.0 -820.15117
4708000.0 -819.57729
4712000.0 -819.0046
4716000.0 -818.43062
4720000.0 -817.85533
4724000.0 -817.28273
4728000.0 -816.71232
4732000.0 -816.13861
4736000.0 -815.56808
4740000.0 -814.99775
4744000.0 -814.4286
4748000.0 -813.86113
4752000.0 -813.29583
4756000.0 -812.72923
4760000.0 -812.16282
4764000.0 -811.59809
4768000.0 -811.03503
4772000.0 -810.46669
4776000.0 -809.90302
4780000.0 -809.34052
4784000.0 -808.7782
4788000.0 -808.21706
4792000.0 -807.65859
4796000.0 -807.09831
4800000.0 -806.53871
4804000.0 -805.98028
4808000.0 -805.42352
4812000.0 -804.86643
4816000.0 -804.30953
4820000.0 -803.75479
4824000.0 -803.19923
4828000.0 -802.64583
4832000.0 -802.09162
4836000.0 -801.53857
4840000.0 -800.98569
4844000.0 -800.43448
4848000.0 -799.88443
4852000.0 -799.33306
4856000.0 -798.78186
4860000.0 -798.2353
4864000.0 -797.68841
4868000.0 -797.14218
4872000.0 -796.59562
4876000.0 -796.05121
4880000.0 -795.50597
4884000.0 -794.9604
4888000.0 -794.41698
4892000.0 -793.87223
4896000.0 -793.33162
4900000.0 -792.79067
4904000.0 -792.24938
4908000.0 -791.70875
4912000.0 -791.1643
4916000.0 -790.6225
4920000.0 -790.08235
4924000.0 -789.54484
4928000.0 -789.00699
4932000.0 -788.46979
4936000.0 -787.93274
4940000.0 -787.39734
4944000.0 -786.8601
4948000.0 -786.32551
4952000.0 -785.79255
4956000.0 -785.25925
4960000.0 -784.72858
4964000.0 -784.19905
4968000.0 -783.66817
4972000.0 -783.13993
4976000.0 -782.60885
4980000.0 -782.0799
4984000.0 -781.55309
4988000.0 -781.02443
4992000.0 -780.4979
4996000.0 -779.97002
5000000.0 -779.44129
5004000.0 -778.91519
5008000.0 -778.38725
5012000.0 -777.8659
5016000.0 -777.3437
5020000.0 -776.82213
5024000.0 -776.29821
5028000.0 -775.77741
5032000.0 -775.25824
5036000.0 -774.7382
5040000.0 -774.21929
5044000.0 -773.70002
5048000.0 -773.1779
5052000.0 -772.6594
5056000.0 -772.14152
5060000.0 -771.62476
5064000.0 -771.11112
5068000.0 -770.59611
5072000.0 -770.08023
5076000.0 -769.56697
5080000.0 -769.05383
5084000.0 -768.53982
5088000.0 -768.02842
5092000.0 -767.51764
5096000.0 -767.00947
5100000.0 -766.49943
5104000.0 -765.992
5108000.0 -765.48369
5112000.0 -764.97699
5116000.0 -764.4704
5120000.0 -763.96443
5124000.0 -763.45908
5128000.0 -762.95483
5132000.0 -762.45119
5136000.0 -761.94767
5140000.0 -761.44575
5144000.0 -760.94344
5148000.0 -760.44125
5152000.0 -759.94016
5156000.0 -759.43868
5160000.0 -758.93782
5164000.0 -758.43755
5168000.0 -757.93889
5172000.0 -757.43984
5176000.0 -756.94288
5180000.0 -756.44503
5184000.0 -755.9463
5188000.0 -755.45065
5192000.0 -754.95561
5196000.0 -754.46315
5200000.0 -753.96929
5204000.0 -753.47654
5208000.0 -752.98388
5212000.0 -752.49281
5216000.0 -752.00184
5220000.0 -751.50749
5224000.0 -751.0187
5228000.0 -750.52952
5232000.0 -750.04241
5236000.0 -749.55391
5240000.0 -749.06451
5244000.0 -748.5752
5248000.0 -748.08698
5252000.0 -747.59836
5256000.0 -747.11281
5260000.0 -746.62934
5264000.0 -746.14198
5268000.0 -745.65969
5272000.0 -745.17747
5276000.0 -744.69386
5280000.0 -744.21331
5284000.0 -743.73086
5288000.0 -743.25098
5292000.0 -742.7692
5296000.0 -742.29048
5300000.0 -741.81234
5304000.0 -741.33577
5308000.0 -740.8558
5312000.0 -740.3779
5316000.0 -739.90257
5320000.0 -739.42781
5324000.0 -738.95114
5328000.0 -738.47604
5332000.0 -738.003
5336000.0 -737.53103
5340000.0 -737.05913
5344000.0 -736.58731
5348000.0 -736.11704
5352000.0 -735.64486
5356000.0 -735.17276
5360000.0 -734.70072
5364000.0 -734.22926
5368000.0 -733.75886
5372000.0 -733.29101
5376000.0 -732.82373
5380000.0 -732.35701
5384000.0 -731.89185
5388000.0 -731.42278
5392000.0 -730.95675
5396000.0 -730.49278
5400000.0 -730.02936
5404000.0 -729.56601
5408000.0 -729.10421
5412000.0 -728.64197
5416000.0 -728.18178
5420000.0 -727.72115
5424000.0 -727.26107
5428000.0 -726.80254
5432000.0 -726.34357
5436000.0 -725.88167
5440000.0 -725.42232
5444000.0 -724.96351
5448000.0 -724.50625
5452000.0 -724.04806
5456000.0 -723.5919
5460000.0 -723.13679
5464000.0 -722.67825
5468000.0 -722.22423
5472000.0 -721.77076
5476000.0 -721.31585
5480000.0 -720.86149
5484000.0 -720.41065
5488000.0 -719.95986
5492000.0 -719.50911
5496000.0 -719.05642
5500000.0 -718.60676
5504000.0 -718.15764
5508000.0 -717.70955
5512000.0 -717.26101
5516000.0 -716.81399
5520000.0 -716.36503
5524000.0 -715.9181
5528000.0 -715.47022
5532000.0 -715.02486
5536000.0 -714.57754
5540000.0 -714.13226
5544000.0 -713.689
5548000.0 -713.24577
5552000.0 -712.80357
5556000.0 -712.36091
5560000.0 -711.91728
5564000.0 -711.47519
5568000.0 -711.03411
5572000.0 -710.59307
5576000.0 -710.15454
5580000.0 -709.71604
5584000.0 -709.27608
5588000.0 -708.83714
5592000.0 -708.39972
5596000.0 -707.96332
5600000.0 -707.52744
5604000.0 -707.08959
5608000.0 -706.65327
5612000.0 -706.21746
5616000.0 -705.78218
5620000.0 -705.34841
5624000.0 -704.91516
5628000.0 -704.48292
5632000.0 -704.05169
5636000.0 -703.61998
5640000.0 -703.1878
5644000.0 -702.75415
5648000.0 -702.323
5652000.0 -701.89336
5656000.0 -701.46423
5660000.0 -701.03611
5664000.0 -700.60701
5668000.0 -700.17942
5672000.0 -699.75233
5676000.0 -699.32477
5680000.0 -698.8987
5684000.0 -698.47314
5688000.0 -698.0476
5692000.0 -697.62355
5696000.0 -697.2
5700000.0 -696.77548
5704000.0 -696.35245
5708000.0 -695.92893
5712000.0 -695.50641
5716000.0 -695.08588
5720000.0 -694.66586
5724000.0 -694.24584
5728000.0 -693.82681
5732000.0 -693.40729
5736000.0 -692.98926
5740000.0 -692.57073
5744000.0 -692.15171
5748000.0 -691.73517
5752000.0 -691.31813
5756000.0 -690.9006
5760000.0 -690.48504
5764000.0 -690.06999
5768000.0 -689.65542
5772000.0 -689.23936
5776000.0 -688.8238
5780000.0 -688.41021
5784000.0 -687.99761
5788000.0 -687.586
5792000.0 -687.17438
5796000.0 -686.76375
5800000.0 -686.3536
5804000.0 -685.94443
5808000.0 -685.53376
5812000.0 -685.12457
5816000.0 -684.71636
5820000.0 -684.30665
5824000.0 -683.89842
5828000.0 -683.49215
5832000.0 -683.08488
5836000.0 -682.6776
5840000.0 -682.27129
5844000.0 -681.86447
5848000.0 -681.45863
5852000.0 -681.05426
5856000.0 -680.65037
5860000.0 -680.24646
5864000.0 -679.84352
5868000.0 -679.43957
5872000.0 -679.03709
5876000.0 -678.63459
5880000.0 -678.23306
5884000.0 -677.832
5888000.0 -677.43042
5892000.0 -677.03031
5896000.0 -676.62869
5900000.0 -676.22952
5904000.0 -675.83033
5908000.0 -675.43161
5912000.0 -675.03237
5916000.0 -674.63608
5920000.0 -674.23629
5924000.0 -673.83994
5928000.0 -673.44406
5932000.0 -673.04865
5936000.0 -672.6547
5940000.0 -672.25922
5944000.0 -671.86272
5948000.0 -671.46669
5952000.0 -671.0746
5956000.0 -670.68048
5960000.0 -670.28882
5964000.0 -669.89662
5968000.0 -669.5034
5972000.0 -669.11213
5976000.0 -668.72131
5980000.0 -668.33046
5984000.0 -667.94007
5988000.0 -667.55063
5992000.0 -667.16215
5996000.0 -666.77462
6000000.0 -666.38656
6004000.0 -665.99746
6008000.0 -665.6098
6012000.0 -665.2236
6016000.0 -664.83785
6020000.0 -664.45355
6024000.0 -664.0682
6028000.0 -663.68231
6032000.0 -663.29837
6036000.0 -662.91338
6040000.0 -662.52885
6044000.0 -662.14576
6048000.0 -661.76312
6052000.0 -661.37944
6056000.0 -660.9972
6060000.0 -660.6154
6064000.0 -660.23356
6068000.0 -659.85315
6072000.0 -659.47468
6076000.0 -659.09616
6080000.0 -658.71659
6084000.0 -658.33895
6088000.0 -657.96026
6092000.0 -657.58152
6096000.0 -657.20322
6100000.0 -656.82536
6104000.0 -656.44893
6108000.0 -656.07146
6112000.0 -655.69641
6116000.0 -655.32081
6120000.0 -654.94266
6124000.0 -654.56695
6128000.0 -654.19415
6132000.0 -653.8203
6136000.0 -653.44639
6140000.0 -653.0739
6144000.0 -652.70135
6148000.0 -652.32626
6152000.0 -651.95508
6156000.0 -651.58384
6160000.0 -651.21302
6164000.0 -650.84264
6168000.0 -650.4712
6172000.0 -650.10069
6176000.0 -649.7316
6180000.0 -649.36245
6184000.0 -648.99422
6188000.0 -648.62592
6192000.0 -648.25904
6196000.0 -647.8911
6200000.0 -647.52259
6204000.0 -647.15551
6208000.0 -646.78934
6212000.0 -646.4246
6216000.0 -646.05928
6220000.0 -645.6919
6224000.0 -645.32843
6228000.0 -644.96537
6232000.0 -644.59976
6236000.0 -644.23557
6240000.0 -643.8703
6244000.0 -643.50944
6248000.0 -643.14849
6252000.0 -642.78747
6256000.0 -642.42736
6260000.0 -642.06667
6264000.0 -641.7054
6268000.0 -641.34853
6272000.0 -640.98958
6276000.0 -640.63105
6280000.0 -640.27243
6284000.0 -639.91523
6288000.0 -639.55843
6292000.0 -639.20254
6296000.0 -638.84805
6300000.0 -638.49248
6304000.0 -638.13583
6308000.0 -637.78009
6312000.0 -637.42674
6316000.0 -637.07182
6320000.0 -636.71829
6324000.0 -636.36567
6328000.0 -636.01295
6332000.0 -635.66114
6336000.0 -635.30824
6340000.0 -634.95624
6344000.0 -634.60415
6348000.0 -634.25296
6352000.0 -633.90268
6356000.0 -633.55279
6360000.0 -633.20479
6364000.0 -632.85719
6368000.0 -632.509
6372000.0 -632.15922
6376000.0 -631.81033
6380000.0 -631.46085
6384000.0 -631.11227
6388000.0 -630.76608
6392000.0 -630.41978
6396000.0 -630.07339
6400000.0 -629.72789
6404000.0 -629.38278
6408000.0 -629.03658
6412000.0 -628.69226
6416000.0 -628.34784
6420000.0 -628.00431
6424000.0 -627.66117
6428000.0 -627.31892
6432000.0 -626.97508
6436000.0 -626.63212
6440000.0 -626.29055
6444000.0 -625.94738
6448000.0 -625.60708
6452000.0 -625.26569
6456000.0 -624.92518
6460000.0 -624.58605
6464000.0 -624.24681
6468000.0 -623.90696
6472000.0 -623.56849
6476000.0 -623.2309
6480000.0 -622.8932
6484000.0 -622.55638
6488000.0 -622.21945
6492000.0 -621.8824
6496000.0 -621.54623
6500000.0 -621.21193
6504000.0 -620.87702
6508000.0 -620.54248
6512000.0 -620.20982
6516000.0 -619.87405
6520000.0 -619.54016
6524000.0 -619.20565
6528000.0 -618.87202
6532000.0 -618.54025
6536000.0 -618.20886
6540000.0 -617.87735
6544000.0 -617.54572
6548000.0 -617.21446
6552000.0 -616.88258
6556000.0 -616.55058
6560000.0 -616.22145
6564000.0 -615.89168
6568000.0 -615.5618
6572000.0 -615.23378
6576000.0 -614.90612
6580000.0 -614.57884
6584000.0 -614.25044
6588000.0 -613.9229
6592000.0 -613.59573
6596000.0 -613.27042
6600000.0 -612.94547
6604000.0 -612.6199
6608000.0 -612.2937
6612000.0 -611.96737
6616000.0 -611.64389
6620000.0 -611.31929
6624000.0 -610.99505
6628000.0 -610.67117
6632000.0 -610.34866
6636000.0 -610.0255
6640000.0 -609.70371
6644000.0 -609.38228
6648000.0 -609.05922
6652000.0 -608.73851
6656000.0 -608.41717
6660000.0 -608.09668
6664000.0 -607.77655
6668000.0 -607.45728
6672000.0 -607.13787
6676000.0 -606.81881
6680000.0 -606.50111
6684000.0 -606.18426
6688000.0 -605.86527
6692000.0 -605.54764
6696000.0 -605.22937
6700000.0 -604.91394
6704000.0 -604.59687
6708000.0 -604.27966
6712000.0 -603.9638
6716000.0 -603.64829
6720000.0 -603.33313
6724000.0 -603.01733
6728000.0 -602.70188
6732000.0 -602.38877
6736000.0 -602.07552
6740000.0 -601.76261
6744000.0 -601.45005
6748000.0 -601.13734
6752000.0 -600.82448
6756000.0 -600.51346
6760000.0 -600.20129
6764000.0 -599.88898
6768000.0 -599.5785
6772000.0 -599.26887
6776000.0 -598.95908
6780000.0 -598.64963
6784000.0 -598.34053
6788000.0 -598.03078
6792000.0 -597.72236
6796000.0 -597.41379
6800000.0 -597.10506
6804000.0 -596.79569
6808000.0 -596.48765
6812000.0 -596.17895
6816000.0 -595.87259
6820000.0 -595.56557
6824000.0 -595.26039
6828000.0 -594.95206
6832000.0 -594.64606
6836000.0 -594.33941
6840000.0 -594.03558
6844000.0 -593.7306
6848000.0 -593.42545
6852000.0 -593.12065
6856000.0 -592.81717
6860000.0 -592.51453
6864000.0 -592.21172
6868000.0 -591.90924
6872000.0 -591.60661
6876000.0 -591.30281
6880000.0 -590.99985
6884000.0 -590.69723
6888000.0 -590.39444
6892000.0 -590.09298
6896000.0 -589.79036
6900000.0 -589.49155
6904000.0 -589.19108
6908000.0 -588.89095
6912000.0 -588.59065
6916000.0 -588.29216
6920000.0 -587.99401
6924000.0 -587.69271
6928000.0 -587.39372
6932000.0 -587.09705
6936000.0 -586.79822
6940000.0 -586.50122
6944000.0 -586.20553
6948000.0 -585.90817
6952000.0 -585.61264
6956000.0 -585.31544
6960000.0 -585.01906
6964000.0 -584.72152
6968000.0 -584.4258
6972000.0 -584.1299
6976000.0 -583.83582
6980000.0 -583.54156
6984000.0 -583.24514
6988000.0 -582.94856
6992000.0 -582.65627
6996000.0 -582.36181
7000000.0 -582.06917
7004000.0 -581.77883
7008000.0 -581.48732
7012000.0 -581.19166
7016000.0 -580.9008
7020000.0 -580.61074
7024000.0 -580.32001
7028000.0 -580.02911
7032000.0 -579.73951
7036000.0 -579.44526
7040000.0 -579.15382
7044000.0 -578.86418
7048000.0 -578.57635
7052000.0 -578.28635
7056000.0 -577.99716
7060000.0 -577.70978
7064000.0 -577.42122
7068000.0 -577.13546
7072000.0 -576.84802
7076000.0 -576.56188
7080000.0 -576.27407
7084000.0 -575.98658
7088000.0 -575.70138
7092000.0 -575.41649
7096000.0 -575.13042
7100000.0 -574.84566
7104000.0 -574.5617
7108000.0 -574.27656
7112000.0 -573.99371
7116000.0 -573.7067
7120000.0 -573.42199
7124000.0 -573.14007
7128000.0 -572.85697
7132000.0 -572.57367
7136000.0 -572.2892
7140000.0 -572.00751
7144000.0 -571.72613
7148000.0 -571.44455
7152000.0 -571.16329
7156000.0 -570.88182
7160000.0 -570.60166
7164000.0 -570.32279
7168000.0 -570.04273
7172000.0 -569.76347
7176000.0 -569.48401
7180000.0 -569.20337
7184000.0 -568.92204
7188000.0 -568.64548
7192000.0 -568.36673
7196000.0 -568.08928
7200000.0 -567.81262
7204000.0 -567.53577
7208000.0 -567.2602
7212000.0 -566.98344
7216000.0 -566.70549
7220000.0 -566.42734
7224000.0 -566.14949
7228000.0 -565.87294
7232000.0 -565.59866
7236000.0 -565.32468
7240000.0 -565.05
7244000.0 -564.77661
7248000.0 -564.50252
7252000.0 -564.22872
7256000.0 -563.95621
7260000.0 -563.68349
7264000.0 -563.41156
7268000.0 -563.13993
7272000.0 -562.86659
7276000.0 -562.59454
7280000.0 -562.32279
7284000.0 -562.05231
7288000.0 -561.77965
7292000.0 -561.50777
7296000.0 -561.23618
7300000.0 -560.96438
7304000.0 -560.69635
7308000.0 -560.42613
7312000.0 -560.15818
7316000.0 -559.88952
7320000.0 -559.62165
7324000.0 -559.35058
7328000.0 -559.0813
7332000.0 -558.81478
7336000.0 -558.54408
7340000.0 -558.27664
7344000.0 -558.01098
7348000.0 -557.74561
7352000.0 -557.47952
7356000.0 -557.21272
7360000.0 -556.94769
7364000.0 -556.68096
7368000.0 -556.41401
7372000.0 -556.14983
7376000.0 -555.88196
7380000.0 -555.61686
7384000.0 -555.35254
7388000.0 -555.09098
7392000.0 -554.82522
7396000.0 -554.56124
7400000.0 -554.29853
7404000.0 -554.0361
7408000.0 -553.77345
7412000.0 -553.50859
7416000.0 -553.24501
7420000.0 -552.98519
7424000.0 -552.72514
7428000.0 -552.46537
7432000.0 -552.20587
7436000.0 -551.94565
7440000.0 -551.68421
7444000.0 -551.42404
7448000.0 -551.16415
7452000.0 -550.90354
7456000.0 -550.64568
7460000.0 -550.38661
7464000.0 -550.1293
7468000.0 -549.87176
7472000.0 -549.61301
7476000.0 -549.35651
7480000.0 -549.10029
7484000.0 -548.84135
7488000.0 -548.58516
7492000.0 -548.32875
7496000.0 -548.07162
7500000.0 -547.81277
7504000.0 -547.55717
7508000.0 -547.30135
7512000.0 -547.04728
7516000.0 -546.79149
7520000.0 -546.53498
7524000.0 -546.28122
7528000.0 -546.02723
7532000.0 -545.77102
7536000.0 -545.51756
7540000.0 -545.26387
7544000.0 -545.00946
7548000.0 -544.75729
7552000.0 -544.50589
7556000.0 -544.25127
7560000.0 -543.99891
7564000.0 -543.74681
7568000.0 -543.49547
7572000.0 -543.24439
7576000.0 -542.99258
7580000.0 -542.74153
7584000.0 -542.49124
7588000.0 -542.24072
7592000.0 -541.99194
7596000.0 -541.74342
7600000.0 -541.49119
7604000.0 -541.24121
7608000.0 -540.99198
7612000.0 -540.74152
7616000.0 -540.49332
7620000.0 -540.24338
7624000.0 -539.99618
7628000.0 -539.74875
7632000.0 -539.50058
7636000.0 -539.25217
7640000.0 -539.00402
7644000.0 -538.75563
7648000.0 -538.50949
7652000.0 -538.26211
7656000.0 -538.0135
7660000.0 -537.76763
7664000.0 -537.52251
7668000.0 -537.27665
7672000.0 -537.03055
7676000.0 -536.7847
7680000.0 -536.5411
7684000.0 -536.29576
7688000.0 -536.05067
7692000.0 -535.80733
7696000.0 -535.56375
7700000.0 -535.3214
7704000.0 -535.07832
7708000.0 -534.83548
7712000.0 -534.59389
7716000.0 -534.35056
7720000.0 -534.10947
7724000.0 -533.86814
7728000.0 -533.62556
7732000.0 -533.38223
7736000.0 -533.14065
7740000.0 -532.90032
7744000.0 -532.66023
7748000.0 -532.41989
7752000.0 -532.1793
7756000.0 -531.93895
7760000.0 -531.69836
7764000.0 -531.45802
7768000.0 -531.21544
7772000.0 -530.9756
7776000.0 -530.7355
7780000.0 -530.49565
7784000.0 -530.25854
7788000.0 -530.02116
7792000.0 -529.78354
7796000.0 -529.54516
7800000.0 -529.30654
7804000.0 -529.06667
7808000.0 -528.83052
7812000.0 -528.59263
7816000.0 -528.35796
7820000.0 -528.12204
7824000.0 -527.88537
7828000.0 -527.64746
7832000.0 -527.41227
7836000.0 -527.17583
7840000.0 -526.93963
7844000.0 -526.70517
7848000.0 -526.47243
7852000.0 -526.23645
7856000.0 -526.00171
7860000.0 -525.76672
7864000.0 -525.53295
7868000.0 -525.29794
7872000.0 -525.06168
7876000.0 -524.82714
7880000.0 -524.59484
7884000.0 -524.36177
7888000.0 -524.13093
7892000.0 -523.89785
7896000.0 -523.66301
7900000.0 -523.42941
7904000.0 -523.19803
7908000.0 -522.96887
7912000.0 -522.73697
7916000.0 -522.5048
7920000.0 -522.27436
7924000.0 -522.04466
7928000.0 -521.81618
7932000.0 -521.58693
7936000.0 -521.35842
7940000.0 -521.12915
7944000.0 -520.89961
7948000.0 -520.67179
7952000.0 -520.44321
7956000.0 -520.21188
7960000.0 -519.98079
7964000.0 -519.74994
7968000.0 -519.51882
7972000.0 -519.28992
7976000.0 -519.06324
7980000.0 -518.8363
7984000.0 -518.60958
7988000.0 -518.3821
7992000.0 -518.15485
7996000.0 -517.92832
8000000.0 -517.70153
8004000.0 -517.47547
8008000.0 -517.24913
8012000.0 -517.02352
8016000.0 -516.79814
8020000.0 -516.57249
8024000.0 -516.34757
8028000.0 -516.12386
8032000.0 -515.8979
8036000.0 -515.67514
8040000.0 -515.45261
8044000.0 -515.22533
8048000.0 -515.00077
8052000.0 -514.77594
8056000.0 -514.55382
8060000.0 -514.32894
8064000.0 -514.10677
8068000.0 -513.88483
8072000.0 -513.66311
8076000.0 -513.44061
8080000.0 -513.21934
8084000.0 -513.00027
8088000.0 -512.78092
8092000.0 -512.5608
8096000.0 -512.33941
8100000.0 -512.11924
8104000.0 -511.90078
8108000.0 -511.68154
8112000.0 -511.46103
8116000.0 -511.23677
8120000.0 -511.01571
8124000.0 -510.79687
8128000.0 -510.57576
8132000.0 -510.35735
8136000.0 -510.13966
8140000.0 -509.9202
8144000.0 -509.70295
8148000.0 -509.48541
8152000.0 -509.26263
8156000.0 -509.04703
8160000.0 -508.83065
8164000.0 -508.6125
8168000.0 -508.39506
8172000.0 -508.17784
8176000.0 -507.96083
8180000.0 -507.74305
8184000.0 -507.52897
8188000.0 -507.31658
8192000.0 -507.10044
8196000.0 -506.8855
8200000.0 -506.66879
8204000.0 -506.4513
8208000.0 -506.2385
8212000.0 -506.02392
8216000.0 -505.80757
8220000.0 -505.59491
8224000.0 -505.37998
8228000.0 -505.16477
8232000.0 -504.95275
8236000.0 -504.73796
8240000.0 -504.52487
8244000.0 -504.3125
8248000.0 -504.09884
8252000.0 -503.8844
8256000.0 -503.67364
8260000.0 -503.46211
8264000.0 -503.25128
8268000.0 -503.04165
8272000.0 -502.83123
8276000.0 -502.62152
8280000.0 -502.41202
8284000.0 -502.20073
8288000.0 -501.99264
8292000.0 -501.78127
8296000.0 -501.56912
8300000.0 -501.36065
8304000.0 -501.1499
8308000.0 -500.94036
8312000.0 -500.73102
8316000.0 -500.52288
8320000.0 -500.31247
8324000.0 -500.10325
8328000.0 -499.89425
8332000.0 -499.68643
8336000.0 -499.47833
8340000.0 -499.26895
8344000.0 -499.06175
8348000.0 -498.85377
8352000.0 -498.64698
8356000.0 -498.44188
8360000.0 -498.23699
8364000.0 -498.0318
8368000.0 -497.82482
8372000.0 -497.61904
8376000.0 -497.41445
8380000.0 -497.20957
8384000.0 -497.00489
8388000.0 -496.8009
8392000.0 -496.59513
8396000.0 -496.38658
8400000.0 -496.18121
8404000.0 -495.97555
8408000.0 -495.77356
8412000.0 -495.56979
8416000.0 -495.3677
8420000.0 -495.16631
8424000.0 -494.96362
8428000.0 -494.76113
8432000.0 -494.55586
8436000.0 -494.35178
8440000.0 -494.1489
8444000.0 -493.94521
8448000.0 -493.74322
8452000.0 -493.54291
8456000.0 -493.3423
8460000.0 -493.1399
8464000.0 -492.93819
8468000.0 -492.73568
8472000.0 -492.53586
8476000.0 -492.33722
8480000.0 -492.13728
8484000.0 -491.93654
8488000.0 -491.73799
8492000.0 -491.53913
8496000.0 -491.34244
8500000.0 -491.14247
8504000.0 -490.94568
8508000.0 -490.74659
8512000.0 -490.54819
8516000.0 -490.35048
8520000.0 -490.15296
8524000.0 -489.95662
8528000.0 -489.757
8532000.0 -489.55955
8536000.0 -489.3618
8540000.0 -489.16424
8544000.0 -488.96538
8548000.0 -488.7687
8552000.0 -488.5727
8556000.0 -488.37491
8560000.0 -488.17979
8564000.0 -487.98436
8568000.0 -487.78862
8572000.0 -487.59357
8576000.0 -487.39821
8580000.0 -487.20254
8584000.0 -487.00854
8588000.0 -486.81325
8592000.0 -486.61764
8596000.0 -486.42421
8600000.0 -486.22848
8604000.0 -486.03592
8608000.0 -485.84255
8612000.0 -485.64986
8616000.0 -485.45835
8620000.0 -485.26554
8624000.0 -485.0729
8628000.0 -484.88046
8632000.0 -484.68819
8636000.0 -484.4971
8640000.0 -484.3067
8644000.0 -484.11547
8648000.0 -483.92195
8652000.0 -483.7316
8656000.0 -483.54043
8660000.0 -483.34795
8664000.0 -483.15814
8668000.0 -482.96702
8672000.0 -482.7731
8676000.0 -482.58235
8680000.0 -482.39328
8684000.0 -482.20338
8688000.0 -482.01318
8692000.0 -481.82365
8696000.0 -481.63529
8700000.0 -481.44513
8704000.0 -481.25713
8708000.0 -481.06782
8712000.0 -480.88018
8716000.0 -480.69073
8720000.0 -480.50296
8724000.0 -480.31536
8728000.0 -480.12496
8732000.0 -479.93622
8736000.0 -479.74916
8740000.0 -479.56278
8744000.0 -479.37657
8748000.0 -479.19003
8752000.0 -479.0007
8756000.0 -478.81353
8760000.0 -478.62654
8764000.0 -478.43873
8768000.0 -478.25309
8772000.0 -478.06861
8776000.0 -477.88133
8780000.0 -477.69572
8784000.0 -477.50978
8788000.0 -477.32502
8792000.0 -477.13944
8796000.0 -476.95502
8800000.0 -476.77227
8804000.0 -476.58771
8808000.0 -476.40133
8812000.0 -476.21711
8816000.0 -476.03307
8820000.0 -475.8492
8824000.0 -475.66501
8828000.0 -475.48
8832000.0 -475.29665
8836000.0 -475.11398
8840000.0 -474.93147
8844000.0 -474.74964
8848000.0 -474.56499
8852000.0 -474.38052
8856000.0 -474.19821
8860000.0 -474.01756
8864000.0 -473.8346
8868000.0 -473.65131
8872000.0 -473.46919
8876000.0 -473.28674
8880000.0 -473.10645
8884000.0 -472.92584
8888000.0 -472.74439
8892000.0 -472.56263
8896000.0 -472.38202
8900000.0 -472.20059
8904000.0 -472.01983
8908000.0 -471.83575
8912000.0 -471.65533
8916000.0 -471.47508
8920000.0 -471.294
8924000.0 -471.11509
8928000.0 -470.93683
8932000.0 -470.75675
8936000.0 -470.57734
8940000.0 -470.39909
8944000.0 -470.21852
8948000.0 -470.0406
8952000.0 -469.86285
8956000.0 -469.68626
8960000.0 -469.50586
8964000.0 -469.32811
8968000.0 -469.15202
8972000.0 -468.97559
8976000.0 -468.79833
8980000.0 -468.62074
8984000.0 -468.44381
8988000.0 -468.26705
8992000.0 -468.08946
8996000.0 -467.91402
9000000.0 -467.73725
9004000.0 -467.56115
9008000.0 -467.3857
9012000.0 -467.21041
9016000.0 -467.0338
9020000.0 -466.85884
9024000.0 -466.68156
9028000.0 -466.50743
9032000.0 -466.33246
9036000.0 -466.15915
9040000.0 -465.98351
9044000.0 -465.80803
9048000.0 -465.63371
9052000.0 -465.45806
9056000.0 -465.28257
9060000.0 -465.10973
9064000.0 -464.93606
9068000.0 -464.76304
9072000.0 -464.59118
9076000.0 -464.41749
9080000.0 -464.24594
9084000.0 -464.07207
9088000.0 -463.89985
9092000.0 -463.72779
9096000.0 -463.55489
9100000.0 -463.38315
9104000.0 -463.20958
9108000.0 -463.03816
9112000.0 -462.8654
9116000.0 -462.6948
9120000.0 -462.52484
9124000.0 -462.35207
9128000.0 -462.18144
9132000.0 -462.00997
9136000.0 -461.84015
9140000.0 -461.67148
9144000.0 -461.50247
9148000.0 -461.33311
9152000.0 -461.16143
9156000.0 -460.9904
9160000.0 -460.81854
9164000.0 -460.64882
9168000.0 -460.47628
9172000.0 -460.30737
9176000.0 -460.13862
9180000.0 -459.97052
9184000.0 -459.80207
9188000.0 -459.63378
9192000.0 -459.46664
9196000.0 -459.29965
9200000.0 -459.13232
9204000.0 -458.96315
9208000.0 -458.79463
9212000.0 -458.62726
9216000.0 -458.45905
9220000.0 -458.291
9224000.0 -458.1231
9228000.0 -457.95535
9232000.0 -457.78925
9236000.0 -457.6228
9240000.0 -457.45601
9244000.0 -457.29036
9248000.0 -457.12287
9252000.0 -456.95653
9256000.0 -456.78836
9260000.0 -456.62332
9264000.0 -456.45843
9268000.0 -456.2922
9272000.0 -456.12711
9276000.0 -455.96118
9280000.0 -455.79689
9284000.0 -455.62778
9288000.0 -455.46281
9292000.0 -455.29748
9296000.0 -455.1333
9300000.0 -454.96877
9304000.0 -454.80389
9308000.0 -454.63767
9312000.0 -454.4731
9316000.0 -454.31066
9320000.0 -454.14638
9324000.0 -453.98324
9328000.0 -453.81925
9332000.0 -453.65691
9336000.0 -453.49521
9340000.0 -453.33166
9344000.0 -453.16976
9348000.0 -453.00701
9352000.0 -452.84589
9356000.0 -452.68443
9360000.0 -452.52162
9364000.0 -452.35896
9368000.0 -452.19594
9372000.0 -452.03358
9376000.0 -451.87334
9380000.0 -451.71176
9384000.0 -451.55231
9388000.0 -451.39202
9392000.0 -451.22938
9396000.0 -451.06838
9400000.0 -450.90753
9404000.0 -450.74831
9408000.0 -450.58874
9412000.0 -450.42732
9416000.0 -450.26853
9420000.0 -450.10939
9424000.0 -449.95039
9428000.0 -449.79154
9432000.0 -449.63134
9436000.0 -449.47277
9440000.0 -449.31335
9444000.0 -449.15506
9448000.0 -448.99543
9452000.0 -448.83296
9456000.0 -448.6761
9460000.0 -448.51938
9464000.0 -448.36132
9468000.0 -448.20438
9472000.0 -448.0456
9476000.0 -447.88796
9480000.0 -447.73095
9484000.0 -447.57359
9488000.0 -447.41786
9492000.0 -447.26226
9496000.0 -447.10582
9500000.0 -446.94951
9504000.0 -446.79235
9508000.0 -446.63433
9512000.0 -446.47844
9516000.0 -446.3217
9520000.0 -446.1656
9524000.0 -446.00815
9528000.0 -445.85282
9532000.0 -445.69763
9536000.0 -445.54159
9540000.0 -445.38419
9544000.0 -445.22992
9548000.0 -445.07578
9552000.0 -444.92178
9556000.0 -444.76643
9560000.0 -444.61221
9564000.0 -444.45763
9568000.0 -444.30468
9572000.0 -444.14888
9576000.0 -443.9957
9580000.0 -443.84366
9584000.0 -443.68877
9588000.0 -443.536
9592000.0 -443.38337
9596000.0 -443.22938
9600000.0 -443.07554
9604000.0 -442.92232
9608000.0 -442.77073
9612000.0 -442.61878
9616000.0 -442.46745
9620000.0 -442.31676
9624000.0 -442.16472
9628000.0 -442.0128
9632000.0 -441.86152
9636000.0 -441.71087
9640000.0 -441.56035
9644000.0 -441.40996
9648000.0 -441.25822
9652000.0 -441.10661
9656000.0 -440.95464
9660000.0 -440.80181
9664000.0 -440.6511
9668000.0 -440.50052
9672000.0 -440.35058
9676000.0 -440.19977
9680000.0 -440.05059
9684000.0 -439.90153
9688000.0 -439.75162
9692000.0 -439.60233
9696000.0 -439.45218
9700000.0 -439.30316
9704000.0 -439.15277
9708000.0 -439.00451
9712000.0 -438.85687
9716000.0 -438.70738
9720000.0 -438.55901
9724000.0 -438.40978
9728000.0 -438.26167
9732000.0 -438.1137
9736000.0 -437.96634
9740000.0 -437.81763
9744000.0 -437.67004
9748000.0 -437.52358
9752000.0 -437.37675
9756000.0 -437.22905
9760000.0 -437.08148
9764000.0 -436.93404
9768000.0 -436.78623
9772000.0 -436.63954
9776000.0 -436.49299
9780000.0 -436.34656
9784000.0 -436.20026
9788000.0 -436.05458
9792000.0 -435.90903
9796000.0 -435.76163
9800000.0 -435.61633
9804000.0 -435.47018
9808000.0 -435.32464
9812000.0 -435.17775
9816000.0 -435.03197
9820000.0 -434.88632
9824000.0 -434.74031
9828000.0 -434.59541
9832000.0 -434.45164
9836000.0 -434.306
9840000.0 -434.16049
9844000.0 -434.01659
9848000.0 -433.87283
9852000.0 -433.72769
9856000.0 -433.58318
9860000.0 -433.4383
9864000.0 -433.29454
9868000.0 -433.1509
9872000.0 -433.00789
9876000.0 -432.865
9880000.0 -432.72124
9884000.0 -432.57661
9888000.0 -432.43409
9892000.0 -432.2917
9896000.0 -432.14843
9900000.0 -432.0053
9904000.0 -431.86278
9908000.0 -431.71989
9912000.0 -431.57712
9916000.0 -431.43398
9920000.0 -431.29147
9924000.0 -431.14858
9928000.0 -431.00779
9932000.0 -430.86465
9936000.0 -430.72362
9940000.0 -430.58222
9944000.0 -430.44093
9948000.0 -430.29928
9952000.0 -430.15774
9956000.0 -430.01534
9960000.0 -429.87454
9964000.0 -429.73437
9968000.0 -429.59332
9972000.0 -429.45339
9976000.0 -429.31309
9980000.0 -429.17191
9984000.0 -429.03184
9988000.0 -428.89239
9992000.0 -428.75207
9996000.0 -428.61237
10000000.0 -428.47328
10004000.0 -428.33432
10008000.0 -428.19349
10012000.0 -428.05476
10016000.0 -427.91566
10020000.0 -427.77668
10024000.0 -427.63782
10028000.0 -427.50007
10032000.0 -427.36144
10036000.0 -427.22294
10040000.0 -427.08455
10044000.0 -426.94628
10048000.0 -426.80764
10052000.0 -426.6706
10056000.0 -426.53319
10060000.0 -426.39589
10064000.0 -426.25722
10068000.0 -426.11817
10072000.0 -425.97974
10076000.0 -425.84193
10080000.0 -425.70374
10084000.0 -425.56666
10088000.0 -425.4292
10092000.0 -425.29086
10096000.0 -425.15264
10100000.0 -425.01653
10104000.0 -424.87905
10108000.0 -424.74168
10112000.0 -424.60443
10116000.0 -424.46829
10120000.0 -424.33277
10124000.0 -424.19636
10128000.0 -424.06107
10132000.0 -423.9244
10136000.0 -423.78885
10140000.0 -423.65291
10144000.0 -423.51709
10148000.0 -423.38238
10152000.0 -423.24778
10156000.0 -423.11281
10160000.0 -422.97794
10164000.0 -422.84369
10168000.0 -422.70906
10172000.0 -422.57355
10176000.0 -422.43915
10180000.0 -422.30436
10184000.0 -422.1687
10188000.0 -422.03415
10192000.0 -421.89921
10196000.0 -421.76588
10200000.0 -421.63118
10204000.0 -421.49807
10208000.0 -421.3631
10212000.0 -421.22923
10216000.0 -421.09647
10220000.0 -420.96184
10224000.0 -420.82832
10228000.0 -420.69441
10232000.0 -420.56062
10236000.0 -420.42843
10240000.0 -420.29586
10244000.0 -420.16389
10248000.0 -420.03204
10252000.0 -419.9008
10256000.0 -419.76917
10260000.0 -419.63517
10264000.0 -419.50328
10268000.0 -419.37149
10272000.0 -419.23833
10276000.0 -419.10676
10280000.0 -418.97531
10284000.0 -418.84348
10288000.0 -418.71225
10292000.0 -418.58114
10296000.0 -418.45113
10300000.0 -418.31874
10304000.0 -418.18796
10308000.0 -418.05629
10312000.0 -417.92424
10316000.0 -417.79379
10320000.0 -417.66345
10324000.0 -417.53372
10328000.0 -417.40261
10332000.0 -417.2726
10336000.0 -417.1432
10340000.0 -417.01341
10344000.0 -416.88324
10348000.0 -416.75367
10352000.0 -416.62421
10356000.0 -416.49386
10360000.0 -416.36462
10364000.0 -416.234
10368000.0 -416.10498
10372000.0 -415.97607
10376000.0 -415.84578
10380000.0 -415.71659
10384000.0 -415.58751
10388000.0 -415.45854
10392000.0 -415.32967
10396000.0 -415.20042
10400000.0 -415.07227
10404000.0 -414.94224
10408000.0 -414.81431
10412000.0 -414.685
10416000.0 -414.5553
10420000.0 -414.42719
10424000.0 -414.2987
10428000.0 -414.17082
10432000.0 -414.04353
10436000.0 -413.91686
10440000.0 -413.7883
10444000.0 -413.66084
10448000.0 -413.532
10452000.0 -413.40525
10456000.0 -413.27762
10460000.0 -413.1501
10464000.0 -413.02318
10468000.0 -412.89587
10472000.0 -412.76817
10476000.0 -412.64058
10480000.0 -412.51309
10484000.0 -412.38621
10488000.0 -412.26092
10492000.0 -412.13574
10496000.0 -412.00868
10500000.0 -411.88321
10504000.0 -411.75537
10508000.0 -411.63061
10512000.0 -411.50546
10516000.0 -411.38042
10520000.0 -411.25349
10524000.0 -411.12865
10528000.0 -411.00492
10532000.0 -410.87979
10536000.0 -410.75428
10540000.0 -410.62937
10544000.0 -410.50505
10548000.0 -410.38084
10552000.0 -410.25574
10556000.0 -410.13174
10560000.0 -410.00785
10564000.0 -409.88256
10568000.0 -409.75838
10572000.0 -409.63529
10576000.0 -409.51081
10580000.0 -409.38544
10584000.0 -409.26018
10588000.0 -409.13602
10592000.0 -409.01295
10596000.0 -408.88999
10600000.0 -408.76564
10604000.0 -408.64337
10608000.0 -408.51923
10612000.0 -408.39469
10616000.0 -408.27124
10620000.0 -408.14989
10624000.0 -408.02764
10628000.0 -407.9055
10632000.0 -407.78296
10636000.0 -407.66002
10640000.0 -407.53818
10644000.0 -407.41744
10648000.0 -407.2948
10652000.0 -407.17178
10656000.0 -407.04984
10660000.0 -406.92901
10664000.0 -406.80578
10668000.0 -406.68316
10672000.0 -406.55865
10676000.0 -406.43524
10680000.0 -406.31541
10684000.0 -406.1932
10688000.0 -406.07258
10692000.0 -405.95156
10696000.0 -405.83114
10700000.0 -405.71032
10704000.0 -405.59059
10708000.0 -405.46699
10712000.0 -405.34597
10716000.0 -405.22406
10720000.0 -405.10375
10724000.0 -404.98304
10728000.0 -404.86242
10732000.0 -404.74091
10736000.0 -404.62001
10740000.0 -404.50069
10744000.0 -404.38097
10748000.0 -404.26085
10752000.0 -404.14183
10756000.0 -404.02291
10760000.0 -403.90259
10764000.0 -403.78187
10768000.0 -403.66275
10772000.0 -403.54323
10776000.0 -403.4233
10780000.0 -403.30299
10784000.0 -403.18525
10788000.0 -403.06513
10792000.0 -402.94411
10796000.0 -402.82568
10800000.0 -402.70635
10804000.0 -402.58762
10808000.0 -402.46849
10812000.0 -402.35045
10816000.0 -402.2325
10820000.0 -402.11466
10824000.0 -401.99591
10828000.0 -401.87876
10832000.0 -401.7612
10836000.0 -401.64275
10840000.0 -401.52489
10844000.0 -401.40713
10848000.0 -401.28896
10852000.0 -401.17289
10856000.0 -401.05491
10860000.0 -400.93555
10864000.0 -400.81877
10868000.0 -400.70208
10872000.0 -400.58549
10876000.0 -400.46899
10880000.0 -400.35061
10884000.0 -400.23331
10888000.0 -400.11512
10892000.0 -399.99553
10896000.0 -399.87902
10900000.0 -399.7636
10904000.0 -399.64629
10908000.0 -399.52858
10912000.0 -399.41345
10916000.0 -399.29742
10920000.0 -399.18148
10924000.0 -399.06564
10928000.0 -398.94939
10932000.0 -398.83374
10936000.0 -398.71967
10940000.0 -398.60272
10944000.0 -398.48735
10948000.0 -398.37108
10952000.0 -398.25391
10956000.0 -398.13982
10960000.0 -398.02532
10964000.0 -397.91092
10968000.0 -397.79661
10972000.0 -397.68338
10976000.0 -397.57075
10980000.0 -397.45622
10984000.0 -397.34079
10988000.0 -397.22595
10992000.0 -397.1107
10996000.0 -396.99655
11000000.0 -396.881
11004000.0 -396.76753
11008000.0 -396.65266
11012000.0 -396.54036
11016000.0 -396.42717
11020000.0 -396.31407
11024000.0 -396.20155
11028000.0 -396.08863
11032000.0 -395.97481
11036000.0 -395.86059
11040000.0 -395.74645
11044000.0 -395.63241
11048000.0 -395.51747
11052000.0 -395.40461
11056000.0 -395.29234
11060000.0 -395.17966
11064000.0 -395.06409
11068000.0 -394.9506
11072000.0 -394.83621
11076000.0 -394.72291
11080000.0 -394.6087
11084000.0 -394.49757
11088000.0 -394.38404
11092000.0 -394.27061
11096000.0 -394.15776
11100000.0 -394.04501
11104000.0 -393.93334
11108000.0 -393.82325
11112000.0 -393.71175
11116000.0 -393.60035
11120000.0 -393.48954
11124000.0 -393.37931
11128000.0 -393.26767
11132000.0 -393.15663
11136000.0 -393.04617
11140000.0 -392.9368
11144000.0 -392.82701
11148000.0 -392.71682
11152000.0 -392.60671
11156000.0 -392.4967
11160000.0 -392.38627
11164000.0 -392.27544
11168000.0 -392.16469
11172000.0 -392.05553
11176000.0 -391.94645
11180000.0 -391.83498
11184000.0 -391.72708
11188000.0 -391.61628
11192000.0 -391.50556
11196000.0 -391.39594
11200000.0 -391.2864
11204000.0 -391.17694
11208000.0 -391.06758
11212000.0 -390.95681
11216000.0 -390.84713
11220000.0 -390.73704
11224000.0 -390.62803
11228000.0 -390.5196
11232000.0 -390.41176
11236000.0 -390.30102
11240000.0 -390.19335
11244000.0 -390.08478
11248000.0 -389.97629
11252000.0 -389.86938
11256000.0 -389.76155
11260000.0 -389.65233
11264000.0 -389.54419
11268000.0 -389.43812
11272000.0 -389.33014
11276000.0 -389.22077
11280000.0 -389.11396
11284000.0 -389.00625
11288000.0 -388.89912
11292000.0 -388.79257
11296000.0 -388.68511
11300000.0 -388.57973
11304000.0 -388.47294
11308000.0 -388.36574
11312000.0 -388.26011
11316000.0 -388.15357
11320000.0 -388.04712
11324000.0 -387.94026
11328000.0 -387.83348
11332000.0 -387.72678
11336000.0 -387.62017
11340000.0 -387.51415
11344000.0 -387.40721
11348000.0 -387.30135
11352000.0 -387.19508
11356000.0 -387.08939
11360000.0 -386.98429
11364000.0 -386.87876
11368000.0 -386.77382
11372000.0 -386.66797
11376000.0 -386.5632
11380000.0 -386.45901
11384000.0 -386.3539
11388000.0 -386.24739
11392000.0 -386.14195
11396000.0 -386.0371
11400000.0 -385.93183
11404000.0 -385.82714
11408000.0 -385.72254
11412000.0 -385.61652
11416000.0 -385.51258
11420000.0 -385.40674
11424000.0 -385.30346
11428000.0 -385.19778
11432000.0 -385.09467
11436000.0 -384.99114
11440000.0 -384.8862
11444000.0 -384.78284
11448000.0 -384.68005
11452000.0 -384.57586
11456000.0 -384.47075
11460000.0 -384.36772
11464000.0 -384.26427
11468000.0 -384.1609
11472000.0 -384.05662
11476000.0 -383.95192
11480000.0 -383.84929
11484000.0 -383.74774
11488000.0 -383.64577
11492000.0 -383.54339
11496000.0 -383.44059
11500000.0 -383.33787
11504000.0 -383.23423
11508000.0 -383.13168
11512000.0 -383.0287
11516000.0 -382.92531
11520000.0 -382.82151
11524000.0 -382.71878
11528000.0 -382.61762
11532000.0 -382.51555
11536000.0 -382.41306
11540000.0 -382.31015
11544000.0 -382.20882
11548000.0 -382.10756
11552000.0 -382.00639
11556000.0 -381.9033
11560000.0 -381.8008
11564000.0 -381.69738
11568000.0 -381.59752
11572000.0 -381.49675
11576000.0 -381.39506
11580000.0 -381.29494
11584000.0 -381.19341
11588000.0 -381.09345
11592000.0 -380.99307
11596000.0 -380.89277
11600000.0 -380.79155
11604000.0 -380.68942
11608000.0 -380.58836
11612000.0 -380.48838
11616000.0 -380.38897
11620000.0 -380.28815
11624000.0 -380.1884
11628000.0 -380.08823
11632000.0 -379.98814
11636000.0 -379.88763
11640000.0 -379.7877
11644000.0 -379.68685
11648000.0 -379.58707
11652000.0 -379.48539
11656000.0 -379.38577
11660000.0 -379.28623
11664000.0 -379.18776
11668000.0 -379.08787
11672000.0 -378.98956
11676000.0 -378.89082
11680000.0 -378.79067
11684000.0 -378.6916
11688000.0 -378.5916
11692000.0 -378.49219
11696000.0 -378.39334
11700000.0 -378.29358
11704000.0 -378.19539
11708000.0 -378.09677
11712000.0 -377.99675
11716000.0 -377.89928
11720000.0 -377.8009
11724000.0 -377.70309
11728000.0 -377.60436
11732000.0 -377.50621
11736000.0 -377.40813
11740000.0 -377.31063
11744000.0 -377.2127
11748000.0 -377.11485
11752000.0 -377.01658
11756000.0 -376.9174
11760000.0 -376.82027
11764000.0 -376.72372
11768000.0 -376.62625
11772000.0 -376.52787
11776000.0 -376.43105
11780000.0 -376.3343
11784000.0 -376.23664
11788000.0 -376.13905
11792000.0 -376.04302
11796000.0 -375.94558
11800000.0 -375.84772
11804000.0 -375.75093
11808000.0 -375.65372
11812000.0 -375.55509
11816000.0 -375.45852
11820000.0 -375.36253
11824000.0 -375.26611
11828000.0 -375.16927
11832000.0 -375.073
11836000.0 -374.97632
11840000.0 -374.88069
11844000.0 -374.78365
11848000.0 -374.68719
11852000.0 -374.5903
11856000.0 -374.49597
11860000.0 -374.39873
11864000.0 -374.30206
11868000.0 -374.20696
11872000.0 -374.11044
11876000.0 -374.0145
11880000.0 -373.91862
11884000.0 -373.82382
11888000.0 -373.72809
11892000.0 -373.63294
11896000.0 -373.53835
11900000.0 -373.44284
11904000.0 -373.34791
11908000.0 -373.25255
11912000.0 -373.15577
11916000.0 -373.06155
11920000.0 -372.96691
11924000.0 -372.87283
11928000.0 -372.77833
11932000.0 -372.6854
11936000.0 -372.59104
11940000.0 -372.49626
11944000.0 -372.40255
11948000.0 -372.30742
11952000.0 -372.21137
11956000.0 -372.11837
11960000.0 -372.02544
11964000.0 -371.9301
11968000.0 -371.83732
11972000.0 -371.74213
11976000.0 -371.648
11980000.0 -371.55494
11984000.0 -371.46095
11988000.0 -371.36902
11992000.0 -371.27568
11996000.0 -371.1824
12000000.0 -371.0897
12004000.0 -370.99706
12008000.0 -370.90301
12012000.0 -370.80952
12016000.0 -370.7166
12020000.0 -370.62425
12024000.0 -370.53098
12028000.0 -370.43678
12032000.0 -370.34465
12036000.0 -370.25308
12040000.0 -370.15959
12044000.0 -370.06766
12048000.0 -369.97233
12052000.0 -369.88055
12056000.0 -369.78735
12060000.0 -369.69422
12064000.0 -369.60314
12068000.0 -369.51214
12072000.0 -369.41971
12076000.0 -369.32835
12080000.0 -369.23607
12084000.0 -369.14584
12088000.0 -369.05469
12092000.0 -368.96361
12096000.0 -368.8721
12100000.0 -368.77966
12104000.0 -368.68879
12108000.0 -368.59501
12112000.0 -368.50527
12116000.0 -368.41261
12120000.0 -368.32053
12124000.0 -368.23
12128000.0 -368.13955
12132000.0 -368.04817
12136000.0 -367.95834
12140000.0 -367.86511
12144000.0 -367.77394
12148000.0 -367.68433
12152000.0 -367.59429
12156000.0 -367.50432
12160000.0 -367.41391
12164000.0 -367.32408
12168000.0 -367.23332
12172000.0 -367.14461
12176000.0 -367.05349
12180000.0 -366.96343
12184000.0 -366.87244
12188000.0 -366.78401
12192000.0 -366.69465
12196000.0 -366.60635
12200000.0 -366.51713
12204000.0 -366.42648
12208000.0 -366.33639
12212000.0 -366.24737
12216000.0 -366.15693
12220000.0 -366.06804
12224000.0 -365.97923
12228000.0 -365.88998
12232000.0 -365.7998
12236000.0 -365.7092
12240000.0 -365.62065
12244000.0 -365.53168
12248000.0 -365.44326
12252000.0 -365.35541
12256000.0 -365.26713
12260000.0 -365.17644
12264000.0 -365.0878
12268000.0 -364.99972
12272000.0 -364.90972
12276000.0 -364.82177
12280000.0 -364.7329
12284000.0 -364.64509
12288000.0 -364.55734
12292000.0 -364.46917
12296000.0 -364.38205
12300000.0 -364.29251
12304000.0 -364.20354
12308000.0 -364.11563
12312000.0 -364.02679
12316000.0 -363.93951
12320000.0 -363.8523
12324000.0 -363.76515
12328000.0 -363.67856
12332000.0 -363.59154
12336000.0 -363.50359
12340000.0 -363.41521
12344000.0 -363.32889
12348000.0 -363.24213
12352000.0 -363.15593
12356000.0 -363.0698
12360000.0 -362.98274
12364000.0 -362.89674
12368000.0 -362.80981
12372000.0 -362.72394
12376000.0 -362.63714
12380000.0 -362.5514
12384000.0 -362.46472
12388000.0 -362.37762
12392000.0 -362.29158
12396000.0 -362.2051
12400000.0 -362.11968
12404000.0 -362.03433
12408000.0 -361.94953
12412000.0 -361.86381
12416000.0 -361.77616
12420000.0 -361.69056
12424000.0 -361.60553
12428000.0 -361.52006
12432000.0 -361.43317
12436000.0 -361.34733
12440000.0 -361.26305
12444000.0 -361.17883
12448000.0 -361.09318
12452000.0 -361.0081
12456000.0 -360.92307
12460000.0 -360.83911
12464000.0 -360.75322
12468000.0 -360.66789
12472000.0 -360.58312
12476000.0 -360.49841
12480000.0 -360.41476
12484000.0 -360.33118
12488000.0 -360.24715
12492000.0 -360.1632
12496000.0 -360.0788
12500000.0 -359.99298
12504000.0 -359.90772
12508000.0 -359.82352
12512000.0 -359.74037
12516000.0 -359.65629
12520000.0 -359.57227
12524000.0 -359.48832
12528000.0 -359.40442
12532000.0 -359.31861
12536000.0 -359.23484
12540000.0 -359.15163
12544000.0 -359.06699
12548000.0 -358.98242
12552000.0 -358.8999
12556000.0 -358.81594
12560000.0 -358.73354
12564000.0 -358.65021
12568000.0 -358.56744
12572000.0 -358.48472
12576000.0 -358.40108
12580000.0 -358.317
12584000.0 -358.23397
12588000.0 -358.15101
12592000.0 -358.0691
12596000.0 -357.98477
12600000.0 -357.90199
12604000.0 -357.81977
12608000.0 -357.73761
12612000.0 -357.65551
12616000.0 -357.57298
12620000.0 -357.491
12624000.0 -357.40759
12628000.0 -357.32375
12632000.0 -357.24146
12636000.0 -357.15923
12640000.0 -357.07706
12644000.0 -356.99495
12648000.0 -356.91241
12652000.0 -356.83042
12656000.0 -356.7475
12660000.0 -356.66564
12664000.0 -356.58383
12668000.0 -356.50159
12672000.0 -356.41991
12676000.0 -356.33828
12680000.0 -356.25622
12684000.0 -356.17472
12688000.0 -356.09278
12692000.0 -356.0114
12696000.0 -355.93057
12700000.0 -355.84931
12704000.0 -355.76761
12708000.0 -355.68597
12712000.0 -355.60439
12716000.0 -355.52188
12720000.0 -355.44042
12724000.0 -355.36001
12728000.0 -355.27917
12732000.0 -355.19789
12736000.0 -355.11518
12740000.0 -355.03551
12744000.0 -354.95441
12748000.0 -354.87386
12752000.0 -354.79288
12756000.0 -354.71245
12760000.0 -354.63059
12764000.0 -354.54979
12768000.0 -354.47003
12772000.0 -354.38935
12776000.0 -354.30971
12780000.0 -354.22864
12784000.0 -354.14962
12788000.0 -354.07066
12792000.0 -353.99176
12796000.0 -353.91092
12800000.0 -353.83065
12804000.0 -353.75092
12808000.0 -353.67175
12812000.0 -353.59314
12816000.0 -353.5126
12820000.0 -353.4341
12824000.0 -353.35467
12828000.0 -353.27579
12832000.0 -353.19747
12836000.0 -353.1187
12840000.0 -353.039
12844000.0 -352.95986
12848000.0 -352.88127
12852000.0 -352.80174
12856000.0 -352.72228
12860000.0 -352.64336
12864000.0 -352.56401
12868000.0 -352.48571
12872000.0 -352.40697
12876000.0 -352.32878
12880000.0 -352.24916
12884000.0 -352.17158
12888000.0 -352.09307
12892000.0 -352.01462
12896000.0 -351.93671
12900000.0 -351.85788
12904000.0 -351.78009
12908000.0 -351.70186
12912000.0 -351.62419
12916000.0 -351.54607
12920000.0 -351.46653
12924000.0 -351.38902
12928000.0 -351.31008
12932000.0 -351.23319
12936000.0 -351.15586
12940000.0 -351.07908
12944000.0 -350.99987
12948000.0 -350.92221
12952000.0 -350.8451
12956000.0 -350.76805
12960000.0 -350.69056
12964000.0 -350.61412
12968000.0 -350.53723
12972000.0 -350.4604
12976000.0 -350.38314
12980000.0 -350.30592
12984000.0 -350.22976
12988000.0 -350.15166
12992000.0 -350.07462
12996000.0 -349.99713
13000000.0 -349.92119
13004000.0 -349.84382
13008000.0 -349.7655
13012000.0 -349.68675
13016000.0 -349.60905
13020000.0 -349.5324
13024000.0 -349.45431
13028000.0 -349.37777
13032000.0 -349.30228
13036000.0 -349.22684
13040000.0 -349.15096
13044000.0 -349.07563
13048000.0 -348.99937
13052000.0 -348.92365
13056000.0 -348.847
13060000.0 -348.7714
13064000.0 -348.69436
13068000.0 -348.61836
13072000.0 -348.54143
13076000.0 -348.46506
13080000.0 -348.38923
13084000.0 -348.31396
13088000.0 -348.23923
13092000.0 -348.16456
13096000.0 -348.08895
13100000.0 -348.01439
13104000.0 -347.93889
13108000.0 -347.86444
13112000.0 -347.78954
13116000.0 -347.7142
13120000.0 -347.63842
13124000.0 -347.56269
13128000.0 -347.48851
13132000.0 -347.41389
13136000.0 -347.33981
13140000.0 -347.26579
13144000.0 -347.19033
13148000.0 -347.11493
13152000.0 -347.04008
13156000.0 -346.96528
13160000.0 -346.89004
13164000.0 -346.81584
13168000.0 -346.74121
13172000.0 -346.66762
13176000.0 -346.59308
13180000.0 -346.5191
13184000.0 -346.44518
13188000.0 -346.37031
13192000.0 -346.2945
13196000.0 -346.21924
13200000.0 -346.14503
13204000.0 -346.07038
13208000.0 -345.99727
13212000.0 -345.92322
13216000.0 -345.84922
13220000.0 -345.77577
13224000.0 -345.70088
13228000.0 -345.62804
13232000.0 -345.55475
13236000.0 -345.48201
13240000.0 -345.40882
13244000.0 -345.33569
13248000.0 -345.2631
13252000.0 -345.18958
13256000.0 -345.1171
13260000.0 -345.04368
13264000.0 -344.96932
13268000.0 -344.8955
13272000.0 -344.82274
13276000.0 -344.74903
13280000.0 -344.67537
13284000.0 -344.60276
13288000.0 -344.5302
13292000.0 -344.45819
13296000.0 -344.38624
13300000.0 -344.31433
13304000.0 -344.24248
13308000.0 -344.17018
13312000.0 -344.09743
13316000.0 -344.02573
13320000.0 -343.95358
13324000.0 -343.8805
13328000.0 -343.80845
13332000.0 -343.73547
13336000.0 -343.66403
13340000.0 -343.59214
13344000.0 -343.5208
13348000.0 -343.44851
13352000.0 -343.37678
13356000.0 -343.30361
13360000.0 -343.23198
13364000.0 -343.1604
13368000.0 -343.08887
13372000.0 -343.01739
13376000.0 -342.94596
13380000.0 -342.87409
13384000.0 -342.80227
13388000.0 -342.73099
13392000.0 -342.65977
13396000.0 -342.5881
13400000.0 -342.51548
13404000.0 -342.44392
13408000.0 -342.37339
13412000.0 -342.30143
13416000.0 -342.23001
13420000.0 -342.15815
13424000.0 -342.08733
13428000.0 -342.01657
13432000.0 -341.94535
13436000.0 -341.87419
13440000.0 -341.80258
13444000.0 -341.73201
13448000.0 -341.661
13452000.0 -341.59103
13456000.0 -341.52061
13460000.0 -341.44925
13464000.0 -341.37794
13468000.0 -341.30817
13472000.0 -341.23597
13476000.0 -341.16531
13480000.0 -341.09519
13484000.0 -341.02413
13488000.0 -340.95362
13492000.0 -340.88415
13496000.0 -340.81423
13500000.0 -340.74436
13504000.0 -340.67455
13508000.0 -340.60478
13512000.0 -340.53506
13516000.0 -340.46489
13520000.0 -340.39527
13524000.0 -340.3262
13528000.0 -340.25518
13532000.0 -340.18621
13536000.0 -340.11678
13540000.0 -340.04592
13544000.0 -339.97659
13548000.0 -339.90781
13552000.0 -339.83858
13556000.0 -339.76891
13560000.0 -339.69978
13564000.0 -339.63119
13568000.0 -339.56166
13572000.0 -339.49268
13576000.0 -339.42424
13580000.0 -339.35436
13584000.0 -339.28453
13588000.0 -339.21624
13592000.0 -339.1475
13596000.0 -339.07731
13600000.0 -339.00818
13604000.0 -338.94008
13608000.0 -338.87104
13612000.0 -338.80254
13616000.0 -338.73409
13620000.0 -338.66569
13624000.0 -338.59783
13628000.0 -338.52953
13632000.0 -338.46127
13636000.0 -338.39206
13640000.0 -338.3244
13644000.0 -338.25629
13648000.0 -338.18673
13652000.0 -338.11921
13656000.0 -338.05174
13660000.0 -337.98332
13664000.0 -337.91445
13668000.0 -337.84613
13672000.0 -337.77835
13676000.0 -337.71012
13680000.0 -337.64194
13684000.0 -337.57431
13688000.0 -337.50721
13692000.0 -337.43967
13696000.0 -337.37118
13700000.0 -337.30324
13704000.0 -337.23584
13708000.0 -337.16849
13712000.0 -337.10019
13716000.0 -337.03095
13720000.0 -336.96324
13724000.0 -336.8936
13728000.0 -336.82598
13732000.0 -336.75792
13736000.0 -336.69041
13740000.0 -336.62393
13744000.0 -336.55651
13748000.0 -336.48963
13752000.0 -336.4223
13756000.0 -336.35502
13760000.0 -336.28828
13764000.0 -336.22159
13768000.0 -336.15494
13772000.0 -336.08834
13776000.0 -336.0203
13780000.0 -335.9538
13784000.0 -335.88784
13788000.0 -335.82093
13792000.0 -335.75357
13796000.0 -335.68576
13800000.0 -335.61799
13804000.0 -335.55177
13808000.0 -335.48509
13812000.0 -335.41896
13816000.0 -335.35089
13820000.0 -335.28534
13824000.0 -335.21984
13828000.0 -335.1529
13832000.0 -335.0865
13836000.0 -335.02015
13840000.0 -334.95335
13844000.0 -334.88709
13848000.0 -334.82087
13852000.0 -334.7552
13856000.0 -334.68907
13860000.0 -334.62349
13864000.0 -334.55846
13868000.0 -334.49197
13872000.0 -334.42702
13876000.0 -334.36212
13880000.0 -334.29726
13884000.0 -334.23146
13888000.0 -334.1657
13892000.0 -334.09899
13896000.0 -334.03282
13900000.0 -333.9677
13904000.0 -333.90311
13908000.0 -333.83758
13912000.0 -333.77309
13916000.0 -333.70864
13920000.0 -333.64423
13924000.0 -333.57988
13928000.0 -333.51556
13932000.0 -333.45079
13936000.0 -333.38557
13940000.0 -333.32139
13944000.0 -333.25726
13948000.0 -333.19317
13952000.0 -333.12862
13956000.0 -333.06263
13960000.0 -332.99768
13964000.0 -332.93327
13968000.0 -332.86941
13972000.0 -332.80459
13976000.0 -332.74081
13980000.0 -332.67608
13984000.0 -332.61189
13988000.0 -332.54626
13992000.0 -332.48216
13996000.0 -332.41761
14000000.0 -332.3531
14004000.0 -332.28864
14008000.0 -332.22472
14012000.0 -332.16085
14016000.0 -332.09652
14020000.0 -332.03323
14024000.0 -331.96948
14028000.0 -331.90429
14032000.0 -331.84063
14036000.0 -331.77653
14040000.0 -331.71296
14044000.0 -331.64943
14048000.0 -331.58546
14052000.0 -331.52252
14056000.0 -331.45763
14060000.0 -331.39428
14064000.0 -331.33098
14068000.0 -331.26722
14072000.0 -331.2035
14076000.0 -331.13834
14080000.0 -331.07521
14084000.0 -331.01262
14088000.0 -330.94858
14092000.0 -330.88558
14096000.0 -330.82312
14100000.0 -330.76021
14104000.0 -330.69734
14108000.0 -330.63402
14112000.0 -330.57024
14116000.0 -330.5065
14120000.0 -330.44331
14124000.0 -330.38016
14128000.0 -330.31705
14132000.0 -330.25498
14136000.0 -330.19296
14140000.0 -330.13097
14144000.0 -330.06853
14148000.0 -330.00564
14152000.0 -329.94329
14156000.0 -329.87948
14160000.0 -329.81771
14164000.0 -329.75599
14168000.0 -329.69281
14172000.0 -329.63117
14176000.0 -329.56907
14180000.0 -329.50701
14184000.0 -329.445
14188000.0 -329.38303
14192000.0 -329.3216
14196000.0 -329.26021
14200000.0 -329.19837
14204000.0 -329.13706
14208000.0 -329.0753
14212000.0 -329.01309
14216000.0 -328.95142
14220000.0 -328.89028
14224000.0 -328.82819
14228000.0 -328.76664
14232000.0 -328.70464
14236000.0 -328.64318
14240000.0 -328.58176
14244000.0 -328.51938
14248000.0 -328.45755
14252000.0 -328.39625
14256000.0 -328.335
14260000.0 -328.27329
14264000.0 -328.21113
14268000.0 -328.15
14272000.0 -328.08792
14276000.0 -328.02638
14280000.0 -327.96537
14284000.0 -327.90491
14288000.0 -327.84449
14292000.0 -327.78411
14296000.0 -327.72277
14300000.0 -327.66098
14304000.0 -327.60073
14308000.0 -327.53952
14312000.0 -327.47934
14316000.0 -327.41822
14320000.0 -327.35763
14324000.0 -327.29708
14328000.0 -327.23657
14332000.0 -327.17611
14336000.0 -327.11618
14340000.0 -327.05431
14344000.0 -326.99397
14348000.0 -326.93367
14352000.0 -326.87341
14356000.0 -326.81269
14360000.0 -326.75251
14364000.0 -326.69138
14368000.0 -326.63128
14372000.0 -326.57023
14376000.0 -326.51022
14380000.0 -326.44975
14384000.0 -326.38982
14388000.0 -326.32943
14392000.0 -326.26858
14396000.0 -326.20728
14400000.0 -326.14751
14404000.0 -326.08828
14408000.0 -326.02859
14412000.0 -325.96895
14416000.0 -325.90983
14420000.0 -325.84927
14424000.0 -325.78975
14428000.0 -325.72976
14432000.0 -325.67032
14436000.0 -325.61091
14440000.0 -325.55204
14444000.0 -325.49222
14448000.0 -325.43293
14452000.0 -325.37269
14456000.0 -325.3115
14460000.0 -325.25134
14464000.0 -325.19172
14468000.0 -325.13313
14472000.0 -325.07409
14476000.0 -325.01458
14480000.0 -324.95512
14484000.0 -324.8962
14488000.0 -324.83781
14492000.0 -324.77797
14496000.0 -324.71966
14500000.0 -324.6609
14504000.0 -324.60217
14508000.0 -324.54398
14512000.0 -324.48434
14516000.0 -324.42474
14520000.0 -324.36667
14524000.0 -324.30715
14528000.0 -324.24767
14532000.0 -324.18922
14536000.0 -324.13031
14540000.0 -324.07194
14544000.0 -324.01361
14548000.0 -323.95532
14552000.0 -323.89657
14556000.0 -323.83886
14560000.0 -323.78068
14564000.0 -323.72305
14568000.0 -323.66495
14572000.0 -323.6059
14576000.0 -323.54788
14580000.0 -323.48941
14584000.0 -323.43197
14588000.0 -323.37307
14592000.0 -323.31521
14596000.0 -323.25689
14600000.0 -323.19961
14604000.0 -323.14186
14608000.0 -323.08465
14612000.0 -323.02748
14616000.0 -322.96836
14620000.0 -322.90929
14624000.0 -322.85223
14628000.0 -322.79522
14632000.0 -322.73774
14636000.0 -322.67932
14640000.0 -322.62142
14644000.0 -322.56407
14648000.0 -322.50625
14652000.0 -322.44947
14656000.0 -322.39223
14660000.0 -322.33552
14664000.0 -322.27885
14668000.0 -322.22172
14672000.0 -322.16463
14676000.0 -322.10758
14680000.0 -322.05057
14684000.0 -321.9931
14688000.0 -321.93616
14692000.0 -321.87926
14696000.0 -321.8219
14700000.0 -321.76508
14704000.0 -321.7083
14708000.0 -321.65205
14712000.0 -321.59584
14716000.0 -321.53966
14720000.0 -321.48204
14724000.0 -321.42445
14728000.0 -321.36839
14732000.0 -321.31187
14736000.0 -321.25588
14740000.0 -321.19795
14744000.0 -321.14154
14748000.0 -321.08518
14752000.0 -321.02835
14756000.0 -320.97255
14760000.0 -320.91679
14764000.0 -320.86107
14768000.0 -320.80539
14772000.0 -320.74726
14776000.0 -320.69115
14780000.0 -320.63508
14784000.0 -320.57905
14788000.0 -320.52355
14792000.0 -320.46759
14796000.0 -320.41217
14800000.0 -320.35629
14804000.0 -320.30044
14808000.0 -320.24414
14812000.0 -320.18787
14816000.0 -320.13263
14820000.0 -320.07594
14824000.0 -320.01829
14828000.0 -319.96317
14832000.0 -319.90659
14836000.0 -319.85154
14840000.0 -319.79602
14844000.0 -319.74055
14848000.0 -319.68461
14852000.0 -319.62871
14856000.0 -319.57285
14860000.0 -319.51753
14864000.0 -319.46224
14868000.0 -319.40698
14872000.0 -319.35176
14876000.0 -319.29609
14880000.0 -319.23995
14884000.0 -319.18534
14888000.0 -319.13026
14892000.0 -319.07523
14896000.0 -319.02023
14900000.0 -318.96477
14904000.0 -318.90985
14908000.0 -318.85496
14912000.0 -318.79961
14916000.0 -318.74479
14920000.0 -318.68952
14924000.0 -318.63278
14928000.0 -318.57808
14932000.0 -318.5239
14936000.0 -318.46877
14940000.0 -318.41418
14944000.0 -318.35961
14948000.0 -318.30459
14952000.0 -318.24861
14956000.0 -318.19366
14960000.0 -318.13825
14964000.0 -318.08387
14968000.0 -318.02902
14972000.0 -317.97521
14976000.0 -317.92144
14980000.0 -317.8667
14984000.0 -317.8125
14988000.0 -317.75883
14992000.0 -317.7042
14996000.0 -317.64961
15000000.0 -317.59555
15004000.0 -317.54153
15008000.0 -317.48754
15012000.0 -317.43309
15016000.0 -317.37818
15020000.0 -317.3248
15024000.0 -317.27045
15028000.0 -317.21664
15032000.0 -317.16287
15036000.0 -317.10913
15040000.0 -317.05543
15044000.0 -317.00226
15048000.0 -316.94912
15052000.0 -316.89552
15056000.0 -316.84146
15060000.0 -316.78744
15064000.0 -316.73295
15068000.0 -316.67999
15072000.0 -316.62657
15076000.0 -316.57269
15080000.0 -316.51983
15084000.0 -316.46602
15088000.0 -316.41125
15092000.0 -316.3585
15096000.0 -316.30479
15100000.0 -316.25211
15104000.0 -316.19897
15108000.0 -316.14636
15112000.0 -316.09379
15116000.0 -316.04125
15120000.0 -315.98824
15124000.0 -315.93577
15128000.0 -315.88284
15132000.0 -315.83044
15136000.0 -315.77807
15140000.0 -315.72474
15144000.0 -315.67244
15148000.0 -315.61919
15152000.0 -315.56646
15156000.0 -315.51426
15160000.0 -315.46111
15164000.0 -315.40898
15168000.0 -315.35689
15172000.0 -315.30384
15176000.0 -315.24983
15180000.0 -315.19734
15184000.0 -315.14489
15188000.0 -315.09148
15192000.0 -315.0381
15196000.0 -314.98625
15200000.0 -314.93295
15204000.0 -314.87967
15208000.0 -314.82743
15212000.0 -314.77571
15216000.0 -314.72304
15220000.0 -314.6699
15224000.0 -314.6178
15228000.0 -314.56572
15232000.0 -314.51418
15236000.0 -314.46168
15240000.0 -314.4102
15244000.0 -314.35826
15248000.0 -314.30586
15252000.0 -314.25399
15256000.0 -314.20265
15260000.0 -314.15084
15264000.0 -314.09808
15268000.0 -314.04634
15272000.0 -313.99364
15276000.0 -313.94198
15280000.0 -313.88885
15284000.0 -313.83725
15288000.0 -313.78518
15292000.0 -313.73415
15296000.0 -313.68314
15300000.0 -313.63168
15304000.0 -313.57975
15308000.0 -313.52785
15312000.0 -313.47649
15316000.0 -313.42416
15320000.0 -313.37286
15324000.0 -313.32159
15328000.0 -313.27036
15332000.0 -313.21817
15336000.0 -313.167
15340000.0 -313.11488
15344000.0 -313.06279
15348000.0 -313.01172
15352000.0 -312.96119
15356000.0 -312.9092
15360000.0 -312.85823
15364000.0 -312.8068
15368000.0 -312.7564
15372000.0 -312.70603
15376000.0 -312.65569
15380000.0 -312.60539
15384000.0 -312.55412
15388000.0 -312.50339
15392000.0 -312.4512
15396000.0 -312.40102
15400000.0 -312.35039
15404000.0 -312.29879
15408000.0 -312.24822
15412000.0 -312.19768
15416000.0 -312.14668
15420000.0 -312.09571
15424000.0 -312.04527
15428000.0 -311.99387
15432000.0 -311.94399
15436000.0 -311.89266
15440000.0 -311.84135
15444000.0 -311.79058
15448000.0 -311.73984
15452000.0 -311.68913
15456000.0 -311.63846
15460000.0 -311.58832
15464000.0 -311.5382
15468000.0 -311.48763
15472000.0 -311.43708
15476000.0 -311.38657
15480000.0 -311.33609
15484000.0 -311.28614
15488000.0 -311.23622
15492000.0 -311.18634
15496000.0 -311.13599
15500000.0 -311.08567
15504000.0 -311.03638
15508000.0 -310.98662
15512000.0 -310.9374
15516000.0 -310.8877
15520000.0 -310.83755
15524000.0 -310.78792
15528000.0 -310.73782
15532000.0 -310.68826
15536000.0 -310.63873
15540000.0 -310.58972
15544000.0 -310.54075
15548000.0 -310.49181
15552000.0 -310.44191
15556000.0 -310.39204
15560000.0 -310.34319
15564000.0 -310.29388
15568000.0 -310.2451
15572000.0 -310.19585
15576000.0 -310.14713
15580000.0 -310.09845
15584000.0 -310.04879
15588000.0 -309.99918
15592000.0 -309.94909
15596000.0 -309.89954
15600000.0 -309.85001
15604000.0 -309.80052
15608000.0 -309.75007
15612000.0 -309.70114
15616000.0 -309.65125
15620000.0 -309.60188
15624000.0 -309.55354
15628000.0 -309.50524
15632000.0 -309.45597
15636000.0 -309.40722
15640000.0 -309.35851
15644000.0 -309.30984
15648000.0 -309.26019
15652000.0 -309.21207
15656000.0 -309.16399
15660000.0 -309.11543
15664000.0 -309.06691
15668000.0 -309.01841
15672000.0 -308.96995
15676000.0 -308.92202
15680000.0 -308.87312
15684000.0 -308.82376
15688000.0 -308.77443
15692000.0 -308.72513
15696000.0 -308.67735
15700000.0 -308.62861
15704000.0 -308.5799
15708000.0 -308.53171
15712000.0 -308.48307
15716000.0 -308.43495
15720000.0 -308.38735
15724000.0 -308.3388
15728000.0 -308.29127
15732000.0 -308.24376
15736000.0 -308.1953
15740000.0 -308.14637
15744000.0 -308.09797
15748000.0 -308.05009
15752000.0 -308.00125
15756000.0 -307.95294
15760000.0 -307.90467
15764000.0 -307.85741
15768000.0 -307.80869
15772000.0 -307.761
15776000.0 -307.71235
15780000.0 -307.66373
15784000.0 -307.61613
15788000.0 -307.56806
15792000.0 -307.52102
15796000.0 -307.47352
15800000.0 -307.42554
15804000.0 -307.3776
15808000.0 -307.33068
15812000.0 -307.2818
15816000.0 -307.23494
15820000.0 -307.18811
15824000.0 -307.14032
15828000.0 -307.09305
15832000.0 -307.04532
15836000.0 -306.99762
15840000.0 -306.95044
15844000.0 -306.90379
15848000.0 -306.85668
15852000.0 -306.80959
15856000.0 -306.76154
15860000.0 -306.71452
15864000.0 -306.66752
15868000.0 -306.62006
15872000.0 -306.57362
15876000.0 -306.52671
15880000.0 -306.47884
15884000.0 -306.4315
15888000.0 -306.38368
15892000.0 -306.3364
15896000.0 -306.28915
15900000.0 -306.23944
15904000.0 -306.19225
15908000.0 -306.14608
15912000.0 -306.09994
15916000.0 -306.05233
15920000.0 -306.00427
15924000.0 -305.95623
15928000.0 -305.90822
15932000.0 -305.86173
15936000.0 -305.81428
15940000.0 -305.76785
15944000.0 -305.72096
15948000.0 -305.67508
15952000.0 -305.62825
15956000.0 -305.58193
15960000.0 -305.53416
15964000.0 -305.48791
15968000.0 -305.44218
15972000.0 -305.39549
15976000.0 -305.34883
15980000.0 -305.30121
15984000.0 -305.2556
15988000.0 -305.20852
15992000.0 -305.16248
15996000.0 -305.11596
16000000.0 -305.06997
16004000.0 -305.02451
16008000.0 -304.97808
16012000.0 -304.93218
16016000.0 -304.88531
16020000.0 -304.83897
16024000.0 -304.79266
16028000.0 -304.74737
16032000.0 -304.70112
16036000.0 -304.65539
16040000.0 -304.60969
16044000.0 -304.56402
16048000.0 -304.51887
16052000.0 -304.47276
16056000.0 -304.42718
16060000.0 -304.38063
16064000.0 -304.3341
16068000.0 -304.28811
16072000.0 -304.24314
16076000.0 -304.1972
16080000.0 -304.15129
16084000.0 -304.10541
16088000.0 -304.05906
16092000.0 -304.01324
16096000.0 -303.96794
16100000.0 -303.92267
16104000.0 -303.87743
16108000.0 -303.83222
16112000.0 -303.78753
16116000.0 -303.74138
16120000.0 -303.69625
16124000.0 -303.64966
16128000.0 -303.6041
16132000.0 -303.55955
16136000.0 -303.51404
16140000.0 -303.46856
16144000.0 -303.4236
16148000.0 -303.37818
16152000.0 -303.33278
16156000.0 -303.28741
16160000.0 -303.24207
16164000.0 -303.19626
16168000.0 -303.15098
16172000.0 -303.10523
16176000.0 -303.06
16180000.0 -303.01381
16184000.0 -302.96914
16188000.0 -302.92499
16192000.0 -302.87938
16196000.0 -302.83429
16200000.0 -302.78923
16204000.0 -302.7452
16208000.0 -302.7002
16212000.0 -302.65572
16216000.0 -302.61127
16220000.0 -302.56536
16224000.0 -302.52047
16228000.0 -302.4761
16232000.0 -302.43127
16236000.0 -302.38596
16240000.0 -302.34069
16244000.0 -302.29544
16248000.0 -302.25171
16252000.0 -302.20652
16256000.0 -302.16185
16260000.0 -302.11821
16264000.0 -302.0726
16268000.0 -302.02851
16272000.0 -301.98446
16276000.0 -301.93993
16280000.0 -301.89493
16284000.0 -301.85145
16288000.0 -301.807
16292000.0 -301.76258
16296000.0 -301.71869
16300000.0 -301.67333
16304000.0 -301.6285
16308000.0 -301.58369
16312000.0 -301.54041
16316000.0 -301.49516
16320000.0 -301.45143
16324000.0 -301.40823
16328000.0 -301.36405
16332000.0 -301.31991
16336000.0 -301.27679
16340000.0 -301.2327
16344000.0 -301.18814
16348000.0 -301.1446
16352000.0 -301.09761
16356000.0 -301.05264
16360000.0 -301.00868
16364000.0 -300.96476
16368000.0 -300.92037
16372000.0 -300.876
16376000.0 -300.83216
16380000.0 -300.78785
16384000.0 -300.74506
16388000.0 -300.7003
16392000.0 -300.65508
16396000.0 -300.61187
16400000.0 -300.56918
16404000.0 -300.52553
16408000.0 -300.48091
16412000.0 -300.43731
16416000.0 -300.39424
16420000.0 -300.35119
16424000.0 -300.30668
16428000.0 -300.26369
16432000.0 -300.22022
16436000.0 -300.17579
16440000.0 -300.13238
16444000.0 -300.0885
16448000.0 -300.04614
16452000.0 -300.00281
16456000.0 -299.96
16460000.0 -299.91623
16464000.0 -299.87397
16468000.0 -299.83174
16472000.0 -299.78854
16476000.0 -299.74537
16480000.0 -299.70074
16484000.0 -299.65762
16488000.0 -299.61353
16492000.0 -299.57097
16496000.0 -299.52743
16500000.0 -299.48492
16504000.0 -299.44293
16508000.0 -299.40096
16512000.0 -299.35753
16516000.0 -299.31463
16520000.0 -299.27175
16524000.0 -299.2284
16528000.0 -299.18507
16532000.0 -299.14277
16536000.0 -299.09999
16540000.0 -299.05724
16544000.0 -299.01502
16548000.0 -298.97232
16552000.0 -298.92915
16556000.0 -298.88452
16560000.0 -298.8424
16564000.0 -298.79882
16568000.0 -298.75675
16572000.0 -298.71471
16576000.0 -298.67269
16580000.0 -298.6307
16584000.0 -298.58824
16588000.0 -298.5468
16592000.0 -298.50339
16596000.0 -298.46051
16600000.0 -298.41816
16604000.0 -298.37533
16608000.0 -298.33352
16612000.0 -298.29124
16616000.0 -298.24849
16620000.0 -298.20527
16624000.0 -298.16357
16628000.0 -298.1199
16632000.0 -298.07825
16636000.0 -298.03613
16640000.0 -297.99452
16644000.0 -297.95196
16648000.0 -297.90991
16652000.0 -297.86839
16656000.0 -297.82639
16660000.0 -297.78392
16664000.0 -297.74248
16668000.0 -297.70006
16672000.0 -297.65867
16676000.0 -297.6168
16680000.0 -297.57496
16684000.0 -297.53265
16688000.0 -297.49135
16692000.0 -297.45008
16696000.0 -297.40934
16700000.0 -297.36861
16704000.0 -297.32692
16708000.0 -297.28426
16712000.0 -297.24362
16716000.0 -297.202
16720000.0 -297.15992
16724000.0 -297.11885
16728000.0 -297.0783
16732000.0 -297.03679
16736000.0 -296.9953
16740000.0 -296.95384
16744000.0 -296.91289
16748000.0 -296.87198
16752000.0 -296.83059
16756000.0 -296.78873
16760000.0 -296.74838
16764000.0 -296.70756
16768000.0 -296.66677
16772000.0 -296.626
16776000.0 -296.58575
16780000.0 -296.54553
16784000.0 -296.50285
16788000.0 -296.46118
16792000.0 -296.41905
16796000.0 -296.37694
16800000.0 -296.33685
16804000.0 -296.29677
16808000.0 -296.25573
16812000.0 -296.21571
16816000.0 -296.17472
16820000.0 -296.13425
16824000.0 -296.0943
16828000.0 -296.05338
16832000.0 -296.01099
16836000.0 -295.97112
16840000.0 -295.93077
16844000.0 -295.88995
16848000.0 -295.84965
16852000.0 -295.80739
16856000.0 -295.76764
16860000.0 -295.72791
16864000.0 -295.68721
16868000.0 -295.64654
16872000.0 -295.60589
16876000.0 -295.56526
16880000.0 -295.52516
16884000.0 -295.48458
16888000.0 -295.44354
16892000.0 -295.40301
16896000.0 -295.36201
16900000.0 -295.32104
16904000.0 -295.28058
16908000.0 -295.24065
16912000.0 -295.20074
16916000.0 -295.16086
16920000.0 -295.121
16924000.0 -295.08067
16928000.0 -295.03986
16932000.0 -295.00008
16936000.0 -294.95982
16940000.0 -294.91958
16944000.0 -294.88036
16948000.0 -294.83819
16952000.0 -294.79902
16956000.0 -294.75888
16960000.0 -294.71777
16964000.0 -294.67768
16968000.0 -294.63762
16972000.0 -294.59857
16976000.0 -294.55954
16980000.0 -294.52004
16984000.0 -294.48007
16988000.0 -294.43913
16992000.0 -294.39921
16996000.0 -294.35931
17000000.0 -294.31894
17004000.0 -294.27909
17008000.0 -294.23827
17012000.0 -294.19846
17016000.0 -294.15819
17020000.0 -294.11893
17024000.0 -294.0787
17028000.0 -294.038
17032000.0 -293.99832
17036000.0 -293.95717
17040000.0 -293.91704
17044000.0 -293.87792
17048000.0 -293.83784
17052000.0 -293.79927
17056000.0 -293.76023
17060000.0 -293.72121
17064000.0 -293.68072
17068000.0 -293.64075
17072000.0 -293.60031
17076000.0 -293.5604
17080000.0 -293.521
17084000.0 -293.48113
17088000.0 -293.44128
17092000.0 -293.40145
17096000.0 -293.36165
17100000.0 -293.32237
17104000.0 -293.28411
17108000.0 -293.24488
17112000.0 -293.20567
17116000.0 -293.16499
17120000.0 -293.12533
17124000.0 -293.08569
17128000.0 -293.04558
17132000.0 -293.00749
17136000.0 -292.96892
17140000.0 -292.92937
17144000.0 -292.88936
17148000.0 -292.84986
17152000.0 -292.81039
17156000.0 -292.77144
17160000.0 -292.73252
17164000.0 -292.69461
17168000.0 -292.65622
17172000.0 -292.61736
17176000.0 -292.57952
17180000.0 -292.53971
17184000.0 -292.50192
17188000.0 -292.46265
17192000.0 -292.4249
17196000.0 -292.38569
17200000.0 -292.34749
17204000.0 -292.30931
17208000.0 -292.26966
17212000.0 -292.23053
17216000.0 -292.19193
17220000.0 -292.15185
17224000.0 -292.11329
17228000.0 -292.07476
17232000.0 -292.03525
17236000.0 -291.99676
17240000.0 -291.95879
17244000.0 -291.92034
17248000.0 -291.88241
17252000.0 -291.84352
17256000.0 -291.80613
17260000.0 -291.76728
17264000.0 -291.72994
17268000.0 -291.69114
17272000.0 -291.65285
17276000.0 -291.61558
17280000.0 -291.57733
17284000.0 -291.53762
17288000.0 -291.49943
17292000.0 -291.46075
17296000.0 -291.4226
17300000.0 -291.38398
17304000.0 -291.34637
17308000.0 -291.30878
17312000.0 -291.27072
17316000.0 -291.23317
17320000.0 -291.19317
17324000.0 -291.15567
17328000.0 -291.1177
17332000.0 -291.07975
17336000.0 -291.04232
17340000.0 -291.00342
17344000.0 -290.96355
17348000.0 -290.9252
17352000.0 -290.88686
17356000.0 -290.84955
17360000.0 -290.81076
17364000.0 -290.77299
17368000.0 -290.73425
17372000.0 -290.69653
17376000.0 -290.65932
17380000.0 -290.62115
17384000.0 -290.58399
17388000.0 -290.54585
17392000.0 -290.50774
17396000.0 -290.47015
17400000.0 -290.43209
17404000.0 -290.39454
17408000.0 -290.35751
17412000.0 -290.32051
17416000.0 -290.28352
17420000.0 -290.24557
17424000.0 -290.20863
17428000.0 -290.17171
17432000.0 -290.13382
17436000.0 -290.09694
17440000.0 -290.06009
17444000.0 -290.02226
17448000.0 -289.98594
17452000.0 -289.94916
17456000.0 -289.91189
17460000.0 -289.87465
17464000.0 -289.83792
17468000.0 -289.79923
17472000.0 -289.76255
17476000.0 -289.72639
17480000.0 -289.68925
17484000.0 -289.65214
17488000.0 -289.61505
17492000.0 -289.57798
17496000.0 -289.53994
17500000.0 -289.50291
17504000.0 -289.4659
17508000.0 -289.42942
17512000.0 -289.39196
17516000.0 -289.35452
17520000.0 -289.3176
17524000.0 -289.2817
17528000.0 -289.24532
17532000.0 -289.20896
17536000.0 -289.17213
17540000.0 -289.13532
17544000.0 -289.09852
17548000.0 -289.06176
17552000.0 -289.02451
17556000.0 -288.98729
17560000.0 -288.95009
17564000.0 -288.9139
17568000.0 -288.87823
17572000.0 -288.84159
17576000.0 -288.80398
17580000.0 -288.76738
17584000.0 -288.73179
17588000.0 -288.69623
17592000.0 -288.6592
17596000.0 -288.62219
17600000.0 -288.5847
