1600000.0 49.135503
1604000.0 13.481163
1608000.0 -21.942615
1612000.0 -57.088577
1616000.0 -91.945365
1620000.0 -126.53271
1624000.0 -160.85697
1628000.0 -194.90229
1632000.0 -228.69276
1636000.0 -262.20806
1640000.0 -295.45896
1644000.0 -328.43403
1648000.0 -361.17057
1652000.0 -393.63937
1656000.0 -425.85111
1660000.0 -457.80761
1664000.0 -489.51508
1668000.0 -520.96203
1672000.0 -552.17232
1676000.0 -583.12562
1680000.0 -613.81928
1684000.0 -644.27273
1688000.0 -674.48764
1692000.0 -704.47012
1696000.0 -734.19542
1700000.0 -763.69168
1704000.0 -792.92976
1708000.0 -821.95095
1712000.0 -850.73926
1716000.0 -879.28754
1720000.0 -907.61937
1724000.0 -935.70125
1728000.0 -963.57432
1732000.0 -991.20504
1736000.0 -1018.6257
1740000.0 -1045.8203
1744000.0 -1072.7861
1748000.0 -1099.5508
1752000.0 -1126.1072
1756000.0 -1152.4218
1760000.0 -1178.54
1764000.0 -1204.4238
1768000.0 -1230.1271
1772000.0 -1255.6078
1776000.0 -1280.8891
1780000.0 -1305.9507
1784000.0 -1330.8158
1788000.0 -1355.4729
1792000.0 -1379.9364
1796000.0 -1404.1903
1800000.0 -1428.2273
1804000.0 -1452.0663
1808000.0 -1475.726
1812000.0 -1499.1687
1816000.0 -1522.4089
1820000.0 -1545.461
1824000.0 -1568.3305
1828000.0 -1590.9842
1832000.0 -1613.4625
1836000.0 -1635.7753
1840000.0 -1657.9065
1844000.0 -1679.8141
1848000.0 -1701.5516
1852000.0 -1723.1243
1856000.0 -1744.5162
1860000.0 -1765.7157
1864000.0 -1786.7113
1868000.0 -1807.5256
1872000.0 -1828.1945
1876000.0 -1848.6932
1880000.0 -1868.9886
1884000.0 -1889.1164
1888000.0 -1909.0862
1892000.0 -1928.8951
1896000.0 -1948.5312
1900000.0 -1967.9701
1904000.0 -1987.2901
1908000.0 -2006.4066
1912000.0 -2025.3465
1916000.0 -2044.171
1920000.0 -2062.7827
1924000.0 -2081.2427
1928000.0 -2099.5136
1932000.0 -2117.6651
1936000.0 -2135.6425
1940000.0 -2153.4429
1944000.0 -2171.1228
1948000.0 -2188.6277
1952000.0 -2205.9971
1956000.0 -2223.2236
1960000.0 -2240.2656
1964000.0 -2257.1541
1968000.0 -2273.9156
1972000.0 -2290.4915
1976000.0 -2306.9512
1980000.0 -2323.2316
1984000.0 -2339.4062
1988000.0 -2355.4292
1992000.0 -2371.3101
1996000.0 -2387.0328
2000000.0 -2402.5943
2004000.0 -2418.0379
2008000.0 -2433.3519
2012000.0 -2448.5413
2016000.0 -2463.5479
2020000.0 -2478.449
2024000.0 -2493.22
2028000.0 -2507.9252
2032000.0 -2522.4681
2036000.0 -2536.833
2040000.0 -2551.1095
2044000.0 -2565.2435
2048000.0 -2579.2403
2052000.0 -2593.1133
2056000.0 -2606.8298
2060000.0 -2620.4119
2064000.0 -2633.8983
2068000.0 -2647.2603
2072000.0 -2660.4863
2076000.0 -2673.6317
2080000.0 -2686.6005
2084000.0 -2699.4823
2088000.0 -2712.2523
2092000.0 -2724.8989
2096000.0 -2737.4396
2100000.0 -2749.825
2104000.0 -2762.1273
2108000.0 -2774.301
2112000.0 -2786.3848
2116000.0 -2798.2914
2120000.0 -2810.0804
2124000.0 -2821.8071
2128000.0 -2833.3884
2132000.0 -2844.9129
2136000.0 -2856.2727
2140000.0 -2867.5689
2144000.0 -2878.773
2148000.0 -2889.8231
2152000.0 -2900.7783
2156000.0 -2911.6562
2160000.0 -2922.4116
2164000.0 -2933.0494
2168000.0 -2943.5954
2172000.0 -2954.0419
2176000.0 -2964.3689
2180000.0 -2974.5689
2184000.0 -2984.6552
2188000.0 -2994.7155
2192000.0 -3004.6467
2196000.0 -3014.4621
2200000.0 -3024.1996
2204000.0 -3033.8392
2208000.0 -3043.4023
2212000.0 -3052.8563
2216000.0 -3062.198
2220000.0 -3071.4403
2224000.0 -3080.6047
2228000.0 -3089.6546
2232000.0 -3098.6279
2236000.0 -3107.5087
2240000.0 -3116.2893
2244000.0 -3125.0199
2248000.0 -3133.6269
2252000.0 -3142.1481
2256000.0 -3150.5923
2260000.0 -3158.9355
2264000.0 -3167.1947
2268000.0 -3175.3788
2272000.0 -3183.476
2276000.0 -3191.4705
2280000.0 -3199.4123
2284000.0 -3207.2567
2288000.0 -3215.0289
2292000.0 -3222.7132
2296000.0 -3230.3141
2300000.0 -3237.8242
2304000.0 -3245.2604
2308000.0 -3252.6027
2312000.0 -3259.8887
2316000.0 -3267.0698
2320000.0 -3274.167
2324000.0 -3281.1686
2328000.0 -3288.1325
2332000.0 -3295.0183
2336000.0 -3301.8183
2340000.0 -3308.5453
2344000.0 -3315.1837
2348000.0 -3321.7462
2352000.0 -3328.2618
2356000.0 -3334.7024
2360000.0 -3341.0769
2364000.0 -3347.3734
2368000.0 -3353.5803
2372000.0 -3359.6982
2376000.0 -3365.7723
2380000.0 -3371.7462
2384000.0 -3377.6611
2388000.0 -3383.5053
2392000.0 -3389.2874
2396000.0 -3394.9836
2400000.0 -3400.5984
2404000.0 -3406.1689
2408000.0 -3411.6792
2412000.0 -3417.1379
2416000.0 -3422.5131
2420000.0 -3427.8377
2424000.0 -3433.0757
2428000.0 -3438.2519
2432000.0 -3443.3627
2436000.0 -3448.4247
2440000.0 -3453.4101
2444000.0 -3458.3275
2448000.0 -3463.1652
2452000.0 -3467.956
2456000.0 -3472.6882
2460000.0 -3477.3622
2464000.0 -3481.9624
2468000.0 -3486.4852
2472000.0 -3490.9673
2476000.0 -3495.389
2480000.0 -3499.7507
2484000.0 -3504.0408
2488000.0 -3508.2879
2492000.0 -3512.4562
2496000.0 -3516.5863
2500000.0 -3520.6585
2504000.0 -3524.6693
2508000.0 -3528.627
2512000.0 -3532.5281
2516000.0 -3536.381
2520000.0 -3540.1541
2524000.0 -3543.8878
2528000.0 -3547.5505
2532000.0 -3551.1746
2536000.0 -3554.7325
2540000.0 -3558.2605
2544000.0 -3561.7111
2548000.0 -3565.1247
2552000.0 -3568.4895
2556000.0 -3571.802
2560000.0 -3575.0627
2564000.0 -3578.2518
2568000.0 -3581.4018
2572000.0 -3584.501
2576000.0 -3587.5458
2580000.0 -3590.5326
2584000.0 -3593.4737
2588000.0 -3596.3616
2592000.0 -3599.2084
2596000.0 -3602.0146
2600000.0 -3604.7804
2604000.0 -3607.4784
2608000.0 -3610.1448
2612000.0 -3612.7481
2616000.0 -3615.3164
2620000.0 -3617.8224
2624000.0 -3620.2901
2628000.0 -3622.712
2632000.0 -3625.1042
2636000.0 -3627.4275
2640000.0 -3629.7296
2644000.0 -3631.9832
2648000.0 -3634.1729
2652000.0 -3636.3227
2656000.0 -3638.4251
2660000.0 -3640.4882
2664000.0 -3642.5123
2668000.0 -3644.5057
2672000.0 -3646.4449
2676000.0 -3648.3383
2680000.0 -3650.2017
2684000.0 -3652.016
2688000.0 -3653.7775
2692000.0 -3655.5139
2696000.0 -3657.1942
2700000.0 -3658.854
2704000.0 -3660.4739
2708000.0 -3662.0582
2712000.0 -3663.5954
2716000.0 -3665.1014
2720000.0 -3666.5491
2724000.0 -3667.9625
2728000.0 -3669.3338
2732000.0 -3670.6634
2736000.0 -3671.9594
2740000.0 -3673.2298
2744000.0 -3674.4477
2748000.0 -3675.6445
2752000.0 -3676.8049
2756000.0 -3677.9174
2760000.0 -3679.0096
2764000.0 -3680.0428
2768000.0 -3681.0446
2772000.0 -3682.0075
2776000.0 -3682.9511
2780000.0 -3683.8719
2784000.0 -3684.7543
2788000.0 -3685.5834
2792000.0 -3686.3786
2796000.0 -3687.1443
2800000.0 -3687.8844
2804000.0 -3688.5993
2808000.0 -3689.2736
2812000.0 -3689.9115
2816000.0 -3690.521
2820000.0 -3691.0713
2824000.0 -3691.6016
2828000.0 -3692.1042
2832000.0 -3692.5755
2836000.0 -3693.0273
2840000.0 -3693.4444
2844000.0 -3693.8116
2848000.0 -3694.1562
2852000.0 -3694.4938
2856000.0 -3694.7746
2860000.0 -3695.0565
2864000.0 -3695.2743
2868000.0 -3695.4667
2872000.0 -3695.6187
2876000.0 -3695.7766
2880000.0 -3695.8751
2884000.0 -3695.9454
2888000.0 -3695.9876
2892000.0 -3696.0059
2896000.0 -3696.0003
2900000.0 -3695.9865
2904000.0 -3695.9033
2908000.0 -3695.8199
2912000.0 -3695.7365
2916000.0 -3695.592
2920000.0 -3695.4172
2924000.0 -3695.2087
2928000.0 -3694.9742
2932000.0 -3694.7102
2936000.0 -3694.4436
2940000.0 -3694.1402
2944000.0 -3693.8001
2948000.0 -3693.4389
2952000.0 -3693.0721
2956000.0 -3692.6769
2960000.0 -3692.2535
2964000.0 -3691.7639
2968000.0 -3691.2886
2972000.0 -3690.7818
2976000.0 -3690.2553
2980000.0 -3689.7016
2984000.0 -3689.1246
2988000.0 -3688.5246
2992000.0 -3687.8904
2996000.0 -3687.2335
3000000.0 -3686.5352
3004000.0 -3685.7919
3008000.0 -3685.0532
3012000.0 -3684.3153
3016000.0 -3683.567
3020000.0 -3682.7592
3024000.0 -3681.9642
3028000.0 -3681.1327
3032000.0 -3680.2651
3036000.0 -3679.3917
3040000.0 -3678.4901
3044000.0 -3677.5641
3048000.0 -3676.6178
3052000.0 -3675.6324
3056000.0 -3674.6497
3060000.0 -3673.6584
3064000.0 -3672.6134
3068000.0 -3671.549
3072000.0 -3670.4879
3076000.0 -3669.4074
3080000.0 -3668.2929
3084000.0 -3667.1483
3088000.0 -3665.9811
3092000.0 -3664.833
3096000.0 -3663.6289
3100000.0 -3662.4065
3104000.0 -3661.1511
3108000.0 -3659.9453
3112000.0 -3658.6654
3116000.0 -3657.3378
3120000.0 -3656.0566
3124000.0 -3654.7505
3128000.0 -3653.4046
3132000.0 -3652.0455
3136000.0 -3650.6507
3140000.0 -3649.2467
3144000.0 -3647.8411
3148000.0 -3646.4227
3152000.0 -3644.9693
3156000.0 -3643.4997
3160000.0 -3642.0215
3164000.0 -3640.5349
3168000.0 -3639.0473
3172000.0 -3637.5142
3176000.0 -3635.9656
3180000.0 -3634.4128
3184000.0 -3632.8187
3188000.0 -3631.2206
3192000.0 -3629.6039
3196000.0 -3628.0021
3200000.0 -3626.3594
3204000.0 -3624.7059
3208000.0 -3623.0157
3212000.0 -3621.3632
3216000.0 -3619.648
3220000.0 -3617.93
3224000.0 -3616.2018
3228000.0 -3614.4597
3232000.0 -3612.6854
3236000.0 -3610.9086
3240000.0 -3609.1333
3244000.0 -3607.363
3248000.0 -3605.5571
3252000.0 -3603.7382
3256000.0 -3601.8841
3260000.0 -3600.0466
3264000.0 -3598.2037
3268000.0 -3596.3702
3272000.0 -3594.513
3276000.0 -3592.6321
3280000.0 -3590.7426
3284000.0 -3588.8298
3288000.0 -3586.9268
3292000.0 -3584.9786
3296000.0 -3583.0664
3300000.0 -3581.1165
3304000.0 -3579.1475
3308000.0 -3577.1852
3312000.0 -3575.2004
3316000.0 -3573.1931
3320000.0 -3571.1929
3324000.0 -3569.1741
3328000.0 -3567.1698
3332000.0 -3565.1508
3336000.0 -3563.1171
3340000.0 -3561.0359
3344000.0 -3558.9844
3348000.0 -3556.8965
3352000.0 -3554.8091
3356000.0 -3552.715
3360000.0 -3550.6177
3364000.0 -3548.5029
3368000.0 -3546.3961
3372000.0 -3544.2647
3376000.0 -3542.1196
3380000.0 -3539.9682
3384000.0 -3537.8144
3388000.0 -3535.6471
3392000.0 -3533.4557
3396000.0 -3531.2547
3400000.0 -3529.0517
3404000.0 -3526.7993
3408000.0 -3524.5742
3412000.0 -3522.358
3416000.0 -3520.1001
3420000.0 -3517.8731
3424000.0 -3515.6118
3428000.0 -3513.3816
3432000.0 -3511.081
3436000.0 -3508.8153
3440000.0 -3506.5446
3444000.0 -3504.2617
3448000.0 -3501.9849
3452000.0 -3499.6816
3456000.0 -3497.399
3460000.0 -3495.072
3464000.0 -3492.7224
3468000.0 -3490.4047
3472000.0 -3488.0934
3476000.0 -3485.7597
3480000.0 -3483.3929
3484000.0 -3481.0365
3488000.0 -3478.6761
3492000.0 -3476.2973
3496000.0 -3473.9074
3500000.0 -3471.5173
3504000.0 -3469.0947
3508000.0 -3466.6757
3512000.0 -3464.2711
3516000.0 -3461.8595
3520000.0 -3459.4372
3524000.0 -3457.0259
3528000.0 -3454.5933
3532000.0 -3452.1682
3536000.0 -3449.7327
3540000.0 -3447.2655
3544000.0 -3444.8275
3548000.0 -3442.3471
3552000.0 -3439.8781
3556000.0 -3437.3956
3560000.0 -3434.9211
3564000.0 -3432.4224
3568000.0 -3429.9461
3572000.0 -3427.4422
3576000.0 -3424.943
3580000.0 -3422.452
3584000.0 -3419.948
3588000.0 -3417.4273
3592000.0 -3414.89
3596000.0 -3412.3685
3600000.0 -3409.8377
3604000.0 -3407.3155
3608000.0 -3404.7734
3612000.0 -3402.2187
3616000.0 -3399.6622
3620000.0 -3397.1002
3624000.0 -3394.5472
3628000.0 -3391.9818
3632000.0 -3389.404
3636000.0 -3386.8247
3640000.0 -3384.2439
3644000.0 -3381.6616
3648000.0 -3379.0672
3652000.0 -3376.4679
3656000.0 -3373.8602
3660000.0 -3371.2442
3664000.0 -3368.6271
3668000.0 -3366.0017
3672000.0 -3363.3824
3676000.0 -3360.7763
3680000.0 -3358.1691
3684000.0 -3355.5397
3688000.0 -3352.9201
3692000.0 -3350.2749
3696000.0 -3347.6219
3700000.0 -3344.9752
3704000.0 -3342.328
3708000.0 -3339.6625
3712000.0 -3337.007
3716000.0 -3334.3299
3720000.0 -3331.6453
3724000.0 -3328.9744
3728000.0 -3326.2927
3732000.0 -3323.6212
3736000.0 -3320.9319
3740000.0 -3318.26
3744000.0 -3315.5598
3748000.0 -3312.8735
3752000.0 -3310.1697
3756000.0 -3307.4764
3760000.0 -3304.7515
3764000.0 -3302.0267
3768000.0 -3299.3232
3772000.0 -3296.5813
3776000.0 -3293.8712
3780000.0 -3291.1404
3784000.0 -3288.4169
3788000.0 -3285.6903
3792000.0 -3282.9606
3796000.0 -3280.2419
3800000.0 -3277.5027
3804000.0 -3274.7535
3808000.0 -3272.0085
3812000.0 -3269.2501
3816000.0 -3266.4889
3820000.0 -3263.7355
3824000.0 -3260.9863
3828000.0 -3258.2345
3832000.0 -3255.4835
3836000.0 -3252.7264
3840000.0 -3249.9633
3844000.0 -3247.1942
3848000.0 -3244.4121
3852000.0 -3241.6486
3856000.0 -3238.8722
3860000.0 -3236.1108
3864000.0 -3233.3402
3868000.0 -3230.5707
3872000.0 -3227.7851
3876000.0 -3224.9939
3880000.0 -3222.1901
3884000.0 -3219.4155
3888000.0 -3216.6215
3892000.0 -3213.8046
3896000.0 -3211.017
3900000.0 -3208.217
3904000.0 -3205.436
3908000.0 -3202.6495
3912000.0 -3199.8577
3916000.0 -3197.0606
3920000.0 -3194.2652
3924000.0 -3191.4646
3928000.0 -3188.6554
3932000.0 -3185.8411
3936000.0 -3183.039
3940000.0 -3180.2352
3944000.0 -3177.4161
3948000.0 -3174.5955
3952000.0 -3171.7941
3956000.0 -3168.9878
3960000.0 -3166.1593
3964000.0 -3163.3364
3968000.0 -3160.5156
3972000.0 -3157.6901
3976000.0 -3154.8701
3980000.0 -3152.042
3984000.0 -3149.2024
3988000.0 -3146.3685
3992000.0 -3143.5301
3996000.0 -3140.6974
4000000.0 -3137.8636
4004000.0 -3135.0288
4008000.0 -3132.2032
4012000.0 -3129.3698
4016000.0 -3126.5183
4020000.0 -3123.6795
4024000.0 -3120.8434
4028000.0 -3117.9892
4032000.0 -3115.1616
4036000.0 -3112.3264
4040000.0 -3109.4937
4044000.0 -3106.6467
4048000.0 -3103.8058
4052000.0 -3100.9573
4056000.0 -3098.1253
4060000.0 -3095.2789
4064000.0 -3092.4388
4068000.0 -3089.5845
4072000.0 -3086.7364
4076000.0 -3083.8913
4080000.0 -3081.0558
4084000.0 -3078.2063
4088000.0 -3075.3699
4092000.0 -3072.5365
4096000.0 -3069.6925
4100000.0 -3066.8583
4104000.0 -3064.0
4108000.0 -3061.1651
4112000.0 -3058.3232
4116000.0 -3055.4708
4120000.0 -3052.6215
4124000.0 -3049.7585
4128000.0 -3046.9157
4132000.0 -3044.0659
4136000.0 -3041.216
4140000.0 -3038.3693
4144000.0 -3035.5294
4148000.0 -3032.6826
4152000.0 -3029.8256
4156000.0 -3026.9821
4160000.0 -3024.1319
4164000.0 -3021.2783
4168000.0 -3018.435
4172000.0 -3015.5714
4176000.0 -3012.7181
4180000.0 -3009.8818
4184000.0 -3007.0423
4188000.0 -3004.1827
4192000.0 -3001.3368
4196000.0 -2998.481
4200000.0 -2995.6321
4204000.0 -2992.7802
4208000.0 -2989.9185
4212000.0 -2987.0705
4216000.0 -2984.2095
4220000.0 -2981.3454
4224000.0 -2978.4851
4228000.0 -2975.6488
4232000.0 -2972.796
4236000.0 -2969.947
4240000.0 -2967.0952
4244000.0 -2964.2404
4248000.0 -2961.4063
4252000.0 -2958.5727
4256000.0 -2955.7329
4260000.0 -2952.8903
4264000.0 -2950.0482
4268000.0 -2947.2101
4272000.0 -2944.3559
4276000.0 -2941.4956
4280000.0 -2938.6661
4284000.0 -2935.8339
4288000.0 -2932.9957
4292000.0 -2930.1582
4296000.0 -2927.3114
4300000.0 -2924.4754
4304000.0 -2921.6201
4308000.0 -2918.7789
4312000.0 -2915.9419
4316000.0 -2913.1024
4320000.0 -2910.2637
4324000.0 -2907.4159
4328000.0 -2904.5889
4332000.0 -2901.7429
4336000.0 -2898.921
4340000.0 -2896.0901
4344000.0 -2893.2601
4348000.0 -2890.4311
4352000.0 -2887.5963
4356000.0 -2884.7759
4360000.0 -2881.9465
4364000.0 -2879.1247
4368000.0 -2876.294
4372000.0 -2873.4577
4376000.0 -2870.6159
4380000.0 -2867.7818
4384000.0 -2864.929
4388000.0 -2862.1072
4392000.0 -2859.2732
4396000.0 -2856.4569
4400000.0 -2853.6418
4404000.0 -2850.8245
4408000.0 -2848.0084
4412000.0 -2845.2034
4416000.0 -2842.3898
4420000.0 -2839.5872
4424000.0 -2836.7726
4428000.0 -2833.9396
4432000.0 -2831.1177
4436000.0 -2828.3137
4440000.0 -2825.5076
4444000.0 -2822.7061
4448000.0 -2819.906
4452000.0 -2817.1005
4456000.0 -2814.2932
4460000.0 -2811.4839
4464000.0 -2808.6826
4468000.0 -2805.8959
4472000.0 -2803.1072
4476000.0 -2800.3068
4480000.0 -2797.5013
4484000.0 -2794.7005
4488000.0 -2791.911
4492000.0 -2789.1197
4496000.0 -2786.3233
4500000.0 -2783.5055
4504000.0 -2780.7219
4508000.0 -2777.9236
4512000.0 -2775.1366
4516000.0 -2772.3511
4520000.0 -2769.5443
4524000.0 -2766.7653
4528000.0 -2763.9878
4532000.0 -2761.1924
4536000.0 -2758.405
4540000.0 -2755.6226
4544000.0 -2752.8516
4548000.0 -2750.0888
4552000.0 -2747.3145
4556000.0 -2744.5321
4560000.0 -2741.7546
4564000.0 -2738.9984
4568000.0 -2736.2243
4572000.0 -2733.4747
4576000.0 -2730.7137
4580000.0 -2727.9447
4584000.0 -2725.1937
4588000.0 -2722.4412
4592000.0 -2719.6871
4596000.0 -2716.964
4600000.0 -2714.2264
4604000.0 -2711.4743
4608000.0 -2708.7273
4612000.0 -2705.9852
4616000.0 -2703.2515
4620000.0 -2700.5163
4624000.0 -2697.7893
4628000.0 -2695.0318
4632000.0 -2692.2891
4636000.0 -2689.5612
4640000.0 -2686.8416
4644000.0 -2684.1238
4648000.0 -2681.382
4652000.0 -2678.6583
4656000.0 -2675.9203
4660000.0 -2673.1745
4664000.0 -2670.4565
4668000.0 -2667.7339
4672000.0 -2665.0262
4676000.0 -2662.3268
4680000.0 -2659.6293
4684000.0 -2656.9208
4688000.0 -2654.2079
4692000.0 -2651.5033
4696000.0 -2648.7974
4700000.0 -2646.0968
4704000.0 -2643.3852
4708000.0 -2640.6982
4712000.0 -2638.0163
4716000.0 -2635.3235
4720000.0 -2632.6199
4724000.0 -2629.9312
4728000.0 -2627.2541
4732000.0 -2624.5534
4736000.0 -2621.8707
4740000.0 -2619.1868
4744000.0 -2616.5082
4748000.0 -2613.8381
4752000.0 -2611.1796
4756000.0 -2608.5103
4760000.0 -2605.8399
4764000.0 -2603.178
4768000.0 -2600.5245
4772000.0 -2597.8347
4776000.0 -2595.1726
4780000.0 -2592.5158
4784000.0 -2589.8579
4788000.0 -2587.2053
4792000.0 -2584.5676
4796000.0 -2581.916
4800000.0 -2579.2665
4804000.0 -2576.6224
4808000.0 -2573.9867
4812000.0 -2571.3468
4816000.0 -2568.7059
4820000.0 -2566.0767
4824000.0 -2563.44
4828000.0 -2560.8151
4832000.0 -2558.1828
4836000.0 -2555.5558
4840000.0 -2552.9278
4844000.0 -2550.3083
4848000.0 -2547.6942
4852000.0 -2545.0696
4856000.0 -2542.444
4860000.0 -2539.846
4864000.0 -2537.2439
4868000.0 -2534.6439
4872000.0 -2532.0397
4876000.0 -2529.4473
4880000.0 -2526.8476
4884000.0 -2524.2438
4888000.0 -2521.6516
4892000.0 -2519.0491
4896000.0 -2516.4709
4900000.0 -2513.8887
4904000.0 -2511.3023
4908000.0 -2508.7182
4912000.0 -2506.1079
4916000.0 -2503.5126
4920000.0 -2500.9258
4924000.0 -2498.3539
4928000.0 -2495.778
4932000.0 -2493.2044
4936000.0 -2490.6299
4940000.0 -2488.0639
4944000.0 -2485.4846
4948000.0 -2482.9201
4952000.0 -2480.3642
4956000.0 -2477.8043
4960000.0 -2475.2592
4964000.0 -2472.7196
4968000.0 -2470.1697
4972000.0 -2467.6347
4976000.0 -2465.08
4980000.0 -2462.537
4984000.0 -2460.0057
4988000.0 -2457.4611
4992000.0 -2454.9282
4996000.0 -2452.3851
5000000.0 -2449.8349
5004000.0 -2447.2996
5008000.0 -2444.751
5012000.0 -2442.2423
5016000.0 -2439.7266
5020000.0 -2437.2132
5024000.0 -2434.6833
5028000.0 -2432.1715
5032000.0 -2429.6682
5036000.0 -2427.158
5040000.0 -2424.6531
5044000.0 -2422.1444
5048000.0 -2419.6163
5052000.0 -2417.1092
5056000.0 -2414.6045
5060000.0 -2412.1053
5064000.0 -2409.6241
5068000.0 -2407.1327
5072000.0 -2404.6344
5076000.0 -2402.151
5080000.0 -2399.6667
5084000.0 -2397.1756
5088000.0 -2394.6992
5092000.0 -2392.2253
5096000.0 -2389.7661
5100000.0 -2387.2938
5104000.0 -2384.8363
5108000.0 -2382.3719
5112000.0 -2379.916
5116000.0 -2377.4594
5120000.0 -2375.0053
5124000.0 -2372.5535
5128000.0 -2370.1072
5132000.0 -2367.6632
5136000.0 -2365.2186
5140000.0 -2362.7826
5144000.0 -2360.3427
5148000.0 -2357.9022
5152000.0 -2355.4671
5156000.0 -2353.0283
5160000.0 -2350.5919
5164000.0 -2348.1579
5168000.0 -2345.7325
5172000.0 -2343.3034
5176000.0 -2340.8859
5180000.0 -2338.4615
5184000.0 -2336.0304
5188000.0 -2333.6171
5192000.0 -2331.2062
5196000.0 -2328.8101
5200000.0 -2326.404
5204000.0 -2324.0034
5208000.0 -2321.6022
5212000.0 -2319.2095
5216000.0 -2316.8162
5220000.0 -2314.4007
5224000.0 -2312.0184
5228000.0 -2309.6324
5232000.0 -2307.258
5236000.0 -2304.8737
5240000.0 -2302.4826
5244000.0 -2300.091
5248000.0 -2297.7048
5252000.0 -2295.315
5256000.0 -2292.9429
5260000.0 -2290.5825
5264000.0 -2288.1969
5268000.0 -2285.8413
5272000.0 -2283.4851
5276000.0 -2281.1191
5280000.0 -2278.7709
5284000.0 -2276.4097
5288000.0 -2274.0633
5292000.0 -2271.704
5296000.0 -2269.3624
5300000.0 -2267.0232
5304000.0 -2264.6926
5308000.0 -2262.34
5312000.0 -2259.999
5316000.0 -2257.6726
5320000.0 -2255.3487
5324000.0 -2253.012
5328000.0 -2250.6838
5332000.0 -2248.3671
5336000.0 -2246.056
5340000.0 -2243.7442
5344000.0 -2241.4318
5348000.0 -2239.128
5352000.0 -2236.8113
5356000.0 -2234.4941
5360000.0 -2232.1763
5364000.0 -2229.8609
5368000.0 -2227.5511
5372000.0 -2225.2558
5376000.0 -2222.963
5380000.0 -2220.6726
5384000.0 -2218.3907
5388000.0 -2216.0839
5392000.0 -2213.7948
5396000.0 -2211.5172
5400000.0 -2209.242
5404000.0 -2206.9662
5408000.0 -2204.699
5412000.0 -2202.428
5416000.0 -2200.1686
5420000.0 -2197.9056
5424000.0 -2195.645
5428000.0 -2193.3928
5432000.0 -2191.1371
5436000.0 -2188.8626
5440000.0 -2186.6027
5444000.0 -2184.3452
5448000.0 -2182.0961
5452000.0 -2179.8405
5456000.0 -2177.5964
5460000.0 -2175.3577
5464000.0 -2173.0973
5468000.0 -2170.8635
5472000.0 -2168.6321
5476000.0 -2166.3911
5480000.0 -2164.1525
5484000.0 -2161.9344
5488000.0 -2159.7158
5492000.0 -2157.4965
5496000.0 -2155.2647
5500000.0 -2153.0503
5504000.0 -2150.8383
5508000.0 -2148.6318
5512000.0 -2146.4217
5516000.0 -2144.22
5520000.0 -2142.0057
5524000.0 -2139.8028
5528000.0 -2137.5934
5532000.0 -2135.3984
5536000.0 -2133.1908
5540000.0 -2130.9947
5544000.0 -2128.81
5548000.0 -2126.6247
5552000.0 -2124.4447
5556000.0 -2122.2613
5560000.0 -2120.0712
5564000.0 -2117.8896
5568000.0 -2115.7133
5572000.0 -2113.5365
5576000.0 -2111.3741
5580000.0 -2109.2111
5584000.0 -2107.0385
5588000.0 -2104.8713
5592000.0 -2102.7125
5596000.0 -2100.5591
5600000.0 -2098.4081
5604000.0 -2096.2446
5608000.0 -2094.0895
5612000.0 -2091.9368
5616000.0 -2089.7865
5620000.0 -2087.6445
5624000.0 -2085.505
5628000.0 -2083.3708
5632000.0 -2081.2419
5636000.0 -2079.1095
5640000.0 -2076.9736
5644000.0 -2074.8282
5648000.0 -2072.6971
5652000.0 -2070.5743
5656000.0 -2068.454
5660000.0 -2066.3389
5664000.0 -2064.2174
5668000.0 -2062.1042
5672000.0 -2059.9933
5676000.0 -2057.879
5680000.0 -2055.7729
5684000.0 -2053.6692
5688000.0 -2051.565
5692000.0 -2049.469
5696000.0 -2047.3754
5700000.0 -2045.2753
5704000.0 -2043.1835
5708000.0 -2041.0882
5712000.0 -2038.9982
5716000.0 -2036.9195
5720000.0 -2034.8431
5724000.0 -2032.7661
5728000.0 -2030.6944
5732000.0 -2028.6192
5736000.0 -2026.5522
5740000.0 -2024.4817
5744000.0 -2022.4077
5748000.0 -2020.3478
5752000.0 -2018.2844
5756000.0 -2016.2174
5760000.0 -2014.1617
5764000.0 -2012.1082
5768000.0 -2010.0572
5772000.0 -2007.9967
5776000.0 -2005.9386
5780000.0 -2003.8917
5784000.0 -2001.85
5788000.0 -1999.8136
5792000.0 -1997.7766
5796000.0 -1995.7449
5800000.0 -1993.7155
5804000.0 -1991.6914
5808000.0 -1989.6579
5812000.0 -1987.6325
5816000.0 -1985.6125
5820000.0 -1983.583
5824000.0 -1981.5618
5828000.0 -1979.5516
5832000.0 -1977.535
5836000.0 -1975.5178
5840000.0 -1973.5058
5844000.0 -1971.4904
5848000.0 -1969.4802
5852000.0 -1967.4781
5856000.0 -1965.4784
5860000.0 -1963.4781
5864000.0 -1961.483
5868000.0 -1959.4814
5872000.0 -1957.4881
5876000.0 -1955.4941
5880000.0 -1953.5053
5884000.0 -1951.5189
5888000.0 -1949.5289
5892000.0 -1947.5471
5896000.0 -1945.556
5900000.0 -1943.5788
5904000.0 -1941.601
5908000.0 -1939.6255
5912000.0 -1937.6465
5916000.0 -1935.6843
5920000.0 -1933.7012
5924000.0 -1931.7378
5928000.0 -1929.7767
5932000.0 -1927.8179
5936000.0 -1925.8672
5940000.0 -1923.9072
5944000.0 -1921.9408
5948000.0 -1919.9767
5952000.0 -1918.0351
5956000.0 -1916.0814
5960000.0 -1914.1415
5964000.0 -1912.1981
5968000.0 -1910.2483
5972000.0 -1908.3095
5976000.0 -1906.373
5980000.0 -1904.4358
5984000.0 -1902.5009
5988000.0 -1900.5712
5992000.0 -1898.6466
5996000.0 -1896.7272
6000000.0 -1894.8043
6004000.0 -1892.875
6008000.0 -1890.9537
6012000.0 -1889.0405
6016000.0 -1887.1295
6020000.0 -1885.2265
6024000.0 -1883.3171
6028000.0 -1881.4042
6032000.0 -1879.5022
6036000.0 -1877.5939
6040000.0 -1875.6877
6044000.0 -1873.7896
6048000.0 -1871.8937
6052000.0 -1869.9915
6056000.0 -1868.0972
6060000.0 -1866.2052
6064000.0 -1864.3126
6068000.0 -1862.4279
6072000.0 -1860.5541
6076000.0 -1858.6796
6080000.0 -1856.7987
6084000.0 -1854.9287
6088000.0 -1853.0522
6092000.0 -1851.1752
6096000.0 -1849.3003
6100000.0 -1847.4277
6104000.0 -1845.5631
6108000.0 -1843.6921
6112000.0 -1841.8347
6116000.0 -1839.9738
6120000.0 -1838.098
6124000.0 -1836.2359
6128000.0 -1834.3903
6132000.0 -1832.5383
6136000.0 -1830.6856
6140000.0 -1828.8408
6144000.0 -1826.9954
6148000.0 -1825.1351
6152000.0 -1823.297
6156000.0 -1821.4582
6160000.0 -1819.6216
6164000.0 -1817.7871
6168000.0 -1815.9464
6172000.0 -1814.1107
6176000.0 -1812.2828
6180000.0 -1810.4543
6184000.0 -1808.6309
6188000.0 -1806.8067
6192000.0 -1804.9905
6196000.0 -1803.1678
6200000.0 -1801.3417
6204000.0 -1799.5235
6208000.0 -1797.7102
6212000.0 -1795.9048
6216000.0 -1794.0959
6220000.0 -1792.275
6224000.0 -1790.4761
6228000.0 -1788.6793
6232000.0 -1786.8678
6236000.0 -1785.064
6240000.0 -1783.254
6244000.0 -1781.4687
6248000.0 -1779.6827
6252000.0 -1777.8961
6256000.0 -1776.1144
6260000.0 -1774.3292
6264000.0 -1772.5405
6268000.0 -1770.7765
6272000.0 -1769.0006
6276000.0 -1767.2267
6280000.0 -1765.4521
6284000.0 -1763.6854
6288000.0 -1761.9207
6292000.0 -1760.1609
6296000.0 -1758.4089
6300000.0 -1756.6506
6304000.0 -1754.8859
6308000.0 -1753.1261
6312000.0 -1751.3797
6316000.0 -1749.6241
6320000.0 -1747.8763
6324000.0 -1746.1333
6328000.0 -1744.3897
6332000.0 -1742.6509
6336000.0 -1740.9058
6340000.0 -1739.1656
6344000.0 -1737.4247
6348000.0 -1735.6886
6352000.0 -1733.9575
6356000.0 -1732.2285
6360000.0 -1730.5099
6364000.0 -1728.7934
6368000.0 -1727.0733
6372000.0 -1725.3441
6376000.0 -1723.6197
6380000.0 -1721.8919
6384000.0 -1720.1689
6388000.0 -1718.4592
6392000.0 -1716.7488
6396000.0 -1715.0376
6400000.0 -1713.3312
6404000.0 -1711.627
6408000.0 -1709.9164
6412000.0 -1708.2162
6416000.0 -1706.5152
6420000.0 -1704.8192
6424000.0 -1703.1251
6428000.0 -1701.4359
6432000.0 -1699.7375
6436000.0 -1698.044
6440000.0 -1696.3581
6444000.0 -1694.6631
6448000.0 -1692.9841
6452000.0 -1691.2987
6456000.0 -1689.6182
6460000.0 -1687.9452
6464000.0 -1686.2715
6468000.0 -1684.5942
6472000.0 -1682.9245
6476000.0 -1681.2595
6480000.0 -1679.5938
6484000.0 -1677.9329
6488000.0 -1676.2712
6492000.0 -1674.6087
6496000.0 -1672.951
6500000.0 -1671.3036
6504000.0 -1669.6526
6508000.0 -1668.0037
6512000.0 -1666.365
6516000.0 -1664.7089
6520000.0 -1663.0631
6524000.0 -1661.4137
6528000.0 -1659.7691
6532000.0 -1658.1348
6536000.0 -1656.5024
6540000.0 -1654.8693
6544000.0 -1653.2353
6548000.0 -1651.6033
6552000.0 -1649.9678
6556000.0 -1648.3315
6560000.0 -1646.7109
6564000.0 -1645.0868
6568000.0 -1643.4619
6572000.0 -1641.8472
6576000.0 -1640.2344
6580000.0 -1638.6236
6584000.0 -1637.0065
6588000.0 -1635.394
6592000.0 -1633.7835
6596000.0 -1632.1832
6600000.0 -1630.5848
6604000.0 -1628.9829
6608000.0 -1627.3773
6612000.0 -1625.771
6616000.0 -1624.1803
6620000.0 -1622.5833
6624000.0 -1620.9883
6628000.0 -1619.3951
6632000.0 -1617.8094
6636000.0 -1616.22
6640000.0 -1614.6381
6644000.0 -1613.0581
6648000.0 -1611.469
6652000.0 -1609.8928
6656000.0 -1608.313
6660000.0 -1606.7379
6664000.0 -1605.1646
6668000.0 -1603.596
6672000.0 -1602.0265
6676000.0 -1600.4589
6680000.0 -1598.8987
6684000.0 -1597.3431
6688000.0 -1595.7756
6692000.0 -1594.2156
6696000.0 -1592.6519
6700000.0 -1591.1038
6704000.0 -1589.5466
6708000.0 -1587.9886
6712000.0 -1586.4379
6716000.0 -1584.8891
6720000.0 -1583.3421
6724000.0 -1581.7916
6728000.0 -1580.2429
6732000.0 -1578.707
6736000.0 -1577.1701
6740000.0 -1575.6352
6744000.0 -1574.1021
6748000.0 -1572.5681
6752000.0 -1571.0332
6756000.0 -1569.5084
6760000.0 -1567.9772
6764000.0 -1566.4452
6768000.0 -1564.9231
6772000.0 -1563.4056
6776000.0 -1561.8872
6780000.0 -1560.3706
6784000.0 -1558.8559
6788000.0 -1557.3375
6792000.0 -1555.8264
6796000.0 -1554.3144
6800000.0 -1552.8015
6804000.0 -1551.285
6808000.0 -1549.7758
6812000.0 -1548.263
6816000.0 -1546.7628
6820000.0 -1545.259
6824000.0 -1543.7651
6828000.0 -1542.2541
6832000.0 -1540.7558
6836000.0 -1539.2538
6840000.0 -1537.7672
6844000.0 -1536.2743
6848000.0 -1534.7804
6852000.0 -1533.2884
6856000.0 -1531.8035
6860000.0 -1530.3232
6864000.0 -1528.8419
6868000.0 -1527.3624
6872000.0 -1525.882
6876000.0 -1524.3953
6880000.0 -1522.9131
6884000.0 -1521.4326
6888000.0 -1519.9513
6892000.0 -1518.4772
6896000.0 -1516.9967
6900000.0 -1515.5369
6904000.0 -1514.068
6908000.0 -1512.601
6912000.0 -1511.133
6916000.0 -1509.6749
6920000.0 -1508.2185
6924000.0 -1506.745
6928000.0 -1505.2841
6932000.0 -1503.8357
6936000.0 -1502.3756
6940000.0 -1500.9253
6944000.0 -1499.4821
6948000.0 -1498.03
6952000.0 -1496.5876
6956000.0 -1495.1363
6960000.0 -1493.6893
6964000.0 -1492.2361
6968000.0 -1490.7927
6972000.0 -1489.3484
6976000.0 -1487.9138
6980000.0 -1486.4783
6984000.0 -1485.0311
6988000.0 -1483.5831
6992000.0 -1482.1581
6996000.0 -1480.7215
7000000.0 -1479.2947
7004000.0 -1477.8803
7008000.0 -1476.4595
7012000.0 -1475.0165
7016000.0 -1473.5992
7020000.0 -1472.1862
7024000.0 -1470.7697
7028000.0 -1469.3522
7032000.0 -1467.9417
7036000.0 -1466.5063
7040000.0 -1465.086
7044000.0 -1463.6753
7048000.0 -1462.2743
7052000.0 -1460.8617
7056000.0 -1459.4535
7060000.0 -1458.055
7064000.0 -1456.6502
7068000.0 -1455.2603
7072000.0 -1453.8615
7076000.0 -1452.4696
7080000.0 -1451.0689
7084000.0 -1449.6698
7088000.0 -1448.283
7092000.0 -1446.8979
7096000.0 -1445.5065
7100000.0 -1444.1221
7104000.0 -1442.742
7108000.0 -1441.3556
7112000.0 -1439.9815
7116000.0 -1438.5852
7120000.0 -1437.2011
7124000.0 -1435.832
7128000.0 -1434.4566
7132000.0 -1433.0802
7136000.0 -1431.6975
7140000.0 -1430.3297
7144000.0 -1428.9635
7148000.0 -1427.5964
7152000.0 -1426.2309
7156000.0 -1424.8644
7160000.0 -1423.5048
7164000.0 -1422.1521
7168000.0 -1420.7931
7172000.0 -1419.4384
7176000.0 -1418.0827
7180000.0 -1416.7207
7184000.0 -1415.3551
7188000.0 -1414.0149
7192000.0 -1412.6631
7196000.0 -1411.3181
7200000.0 -1409.9775
7204000.0 -1408.6358
7208000.0 -1407.3009
7212000.0 -1405.9598
7216000.0 -1404.6124
7220000.0 -1403.264
7224000.0 -1401.9173
7228000.0 -1400.5774
7232000.0 -1399.2496
7236000.0 -1397.9234
7240000.0 -1396.5935
7244000.0 -1395.2705
7248000.0 -1393.9438
7252000.0 -1392.6187
7256000.0 -1391.3005
7260000.0 -1389.9812
7264000.0 -1388.6661
7268000.0 -1387.3526
7272000.0 -1386.0301
7276000.0 -1384.7145
7280000.0 -1383.4005
7284000.0 -1382.0933
7288000.0 -1380.7746
7292000.0 -1379.46
7296000.0 -1378.1471
7300000.0 -1376.8331
7304000.0 -1375.539
7308000.0 -1374.2333
7312000.0 -1372.9397
7316000.0 -1371.6424
7320000.0 -1370.3493
7324000.0 -1369.0394
7328000.0 -1367.739
7332000.0 -1366.4531
7336000.0 -1365.1453
7340000.0 -1363.8548
7344000.0 -1362.5735
7348000.0 -1361.2938
7352000.0 -1360.0105
7356000.0 -1358.7234
7360000.0 -1357.4457
7364000.0 -1356.1591
7368000.0 -1354.8715
7372000.0 -1353.5984
7376000.0 -1352.3061
7380000.0 -1351.0283
7384000.0 -1349.7546
7388000.0 -1348.4954
7392000.0 -1347.2143
7396000.0 -1345.9426
7400000.0 -1344.6776
7404000.0 -1343.4141
7408000.0 -1342.1495
7412000.0 -1340.8734
7416000.0 -1339.6041
7420000.0 -1338.3544
7424000.0 -1337.1036
7428000.0 -1335.8543
7432000.0 -1334.6065
7436000.0 -1333.355
7440000.0 -1332.0972
7444000.0 -1330.8461
7448000.0 -1329.5965
7452000.0 -1328.3432
7456000.0 -1327.1043
7460000.0 -1325.8592
7464000.0 -1324.6232
7468000.0 -1323.3862
7472000.0 -1322.1429
7476000.0 -1320.9114
7480000.0 -1319.6813
7484000.0 -1318.4372
7488000.0 -1317.2075
7492000.0 -1315.9767
7496000.0 -1314.7422
7500000.0 -1313.4989
7504000.0 -1312.2726
7508000.0 -1311.0451
7512000.0 -1309.8267
7516000.0 -1308.5996
7520000.0 -1307.3687
7524000.0 -1306.1522
7528000.0 -1304.9345
7532000.0 -1303.7055
7536000.0 -1302.4908
7540000.0 -1301.2749
7544000.0 -1300.0554
7548000.0 -1298.8475
7552000.0 -1297.6437
7556000.0 -1296.4233
7560000.0 -1295.2146
7564000.0 -1294.0074
7568000.0 -1292.8042
7572000.0 -1291.6024
7576000.0 -1290.3969
7580000.0 -1289.1954
7584000.0 -1287.9979
7588000.0 -1286.7992
7592000.0 -1285.6097
7596000.0 -1284.4215
7600000.0 -1283.2143
7604000.0 -1282.0188
7608000.0 -1280.8272
7612000.0 -1279.6294
7616000.0 -1278.4432
7620000.0 -1277.2482
7624000.0 -1276.0674
7628000.0 -1274.8855
7632000.0 -1273.6998
7636000.0 -1272.513
7640000.0 -1271.3276
7644000.0 -1270.1411
7648000.0 -1268.9662
7652000.0 -1267.785
7656000.0 -1266.5976
7660000.0 -1265.4243
7664000.0 -1264.2549
7668000.0 -1263.0819
7672000.0 -1261.9077
7676000.0 -1260.7349
7680000.0 -1259.5736
7684000.0 -1258.4035
7688000.0 -1257.2349
7692000.0 -1256.0752
7696000.0 -1254.9144
7700000.0 -1253.76
7704000.0 -1252.6019
7708000.0 -1251.4451
7712000.0 -1250.2948
7716000.0 -1249.1358
7720000.0 -1247.9882
7724000.0 -1246.8394
7728000.0 -1245.6844
7732000.0 -1244.5258
7736000.0 -1243.376
7740000.0 -1242.2327
7744000.0 -1241.0908
7748000.0 -1239.9477
7752000.0 -1238.8033
7756000.0 -1237.6604
7760000.0 -1236.5162
7764000.0 -1235.3734
7768000.0 -1234.2194
7772000.0 -1233.0793
7776000.0 -1231.9381
7780000.0 -1230.7982
7784000.0 -1229.6723
7788000.0 -1228.5451
7792000.0 -1227.4168
7796000.0 -1226.2848
7800000.0 -1225.1516
7804000.0 -1224.0121
7808000.0 -1222.8917
7812000.0 -1221.7625
7816000.0 -1220.6497
7820000.0 -1219.5307
7824000.0 -1218.408
7828000.0 -1217.279
7832000.0 -1216.164
7836000.0 -1215.0427
7840000.0 -1213.9228
7844000.0 -1212.8117
7848000.0 -1211.7094
7852000.0 -1210.5909
7856000.0 -1209.4787
7860000.0 -1208.3653
7864000.0 -1207.2583
7868000.0 -1206.145
7872000.0 -1205.0255
7876000.0 -1203.9149
7880000.0 -1202.8156
7884000.0 -1201.7126
7888000.0 -1200.6209
7892000.0 -1199.5179
7896000.0 -1198.4062
7900000.0 -1197.3009
7904000.0 -1196.2069
7908000.0 -1195.1241
7912000.0 -1194.0277
7916000.0 -1192.93
7920000.0 -1191.8411
7924000.0 -1190.756
7928000.0 -1189.6771
7932000.0 -1188.5945
7936000.0 -1187.5157
7940000.0 -1186.4331
7944000.0 -1185.3493
7948000.0 -1184.2743
7952000.0 -1183.1956
7956000.0 -1182.1031
7960000.0 -1181.012
7964000.0 -1179.9221
7968000.0 -1178.8311
7972000.0 -1177.7513
7976000.0 -1176.6827
7980000.0 -1175.6128
7984000.0 -1174.5442
7988000.0 -1173.4719
7992000.0 -1172.4009
7996000.0 -1171.3336
8000000.0 -1170.2651
8004000.0 -1169.2003
8008000.0 -1168.1342
8012000.0 -1167.0719
8016000.0 -1166.0109
8020000.0 -1164.9486
8024000.0 -1163.89
8028000.0 -1162.8376
8032000.0 -1161.7741
8036000.0 -1160.7267
8040000.0 -1159.6805
8044000.0 -1158.6107
8048000.0 -1157.5546
8052000.0 -1156.4973
8056000.0 -1155.4535
8060000.0 -1154.3962
8064000.0 -1153.3524
8068000.0 -1152.3099
8072000.0 -1151.2686
8076000.0 -1150.2236
8080000.0 -1149.1847
8084000.0 -1148.1569
8088000.0 -1147.1278
8092000.0 -1146.095
8096000.0 -1145.056
8100000.0 -1144.0231
8104000.0 -1142.9989
8108000.0 -1141.9708
8112000.0 -1140.9366
8116000.0 -1139.8839
8120000.0 -1138.8472
8124000.0 -1137.8216
8128000.0 -1136.7849
8132000.0 -1135.7617
8136000.0 -1134.7421
8140000.0 -1133.7139
8144000.0 -1132.6967
8148000.0 -1131.6782
8152000.0 -1130.6339
8156000.0 -1129.6252
8160000.0 -1128.6128
8164000.0 -1127.5917
8168000.0 -1126.5743
8172000.0 -1125.5581
8176000.0 -1124.543
8180000.0 -1123.5242
8184000.0 -1122.5238
8188000.0 -1121.5319
8192000.0 -1120.5215
8196000.0 -1119.5172
8200000.0 -1118.5043
8204000.0 -1117.4876
8208000.0 -1116.4942
8212000.0 -1115.4921
8216000.0 -1114.4814
8220000.0 -1113.489
8224000.0 -1112.4856
8228000.0 -1111.4808
8232000.0 -1110.4919
8236000.0 -1109.4895
8240000.0 -1108.4955
8244000.0 -1107.5052
8248000.0 -1106.5087
8252000.0 -1105.5084
8256000.0 -1104.5264
8260000.0 -1103.5407
8264000.0 -1102.5585
8268000.0 -1101.5823
8272000.0 -1100.6024
8276000.0 -1099.6261
8280000.0 -1098.6509
8284000.0 -1097.667
8288000.0 -1096.6989
8292000.0 -1095.7149
8296000.0 -1094.7272
8300000.0 -1093.7576
8304000.0 -1092.777
8308000.0 -1091.8024
8312000.0 -1090.8289
8316000.0 -1089.8614
8320000.0 -1088.8828
8324000.0 -1087.9103
8328000.0 -1086.9389
8332000.0 -1085.9734
8336000.0 -1085.0067
8340000.0 -1084.0337
8344000.0 -1083.0716
8348000.0 -1082.1058
8352000.0 -1081.1459
8356000.0 -1080.1944
8360000.0 -1079.244
8364000.0 -1078.2923
8368000.0 -1077.332
8372000.0 -1076.3776
8376000.0 -1075.4291
8380000.0 -1074.4793
8384000.0 -1073.5306
8388000.0 -1072.5854
8392000.0 -1071.6317
8396000.0 -1070.6645
8400000.0 -1069.7129
8404000.0 -1068.76
8408000.0 -1067.8252
8412000.0 -1066.8817
8416000.0 -1065.9466
8420000.0 -1065.0149
8424000.0 -1064.0771
8428000.0 -1063.1403
8432000.0 -1062.1901
8436000.0 -1061.2459
8440000.0 -1060.3076
8444000.0 -1059.3655
8448000.0 -1058.4317
8452000.0 -1057.5062
8456000.0 -1056.5794
8460000.0 -1055.644
8464000.0 -1054.7121
8468000.0 -1053.7764
8472000.0 -1052.8538
8476000.0 -1051.9371
8480000.0 -1051.0142
8484000.0 -1050.0876
8488000.0 -1049.1717
8492000.0 -1048.2543
8496000.0 -1047.3477
8500000.0 -1046.4252
8504000.0 -1045.5182
8508000.0 -1044.6002
8512000.0 -1043.6857
8516000.0 -1042.7746
8520000.0 -1041.8646
8524000.0 -1040.9604
8528000.0 -1040.0404
8532000.0 -1039.1311
8536000.0 -1038.2204
8540000.0 -1037.3107
8544000.0 -1036.3949
8548000.0 -1035.4897
8552000.0 -1034.5879
8556000.0 -1033.6776
8560000.0 -1032.7803
8564000.0 -1031.8816
8568000.0 -1030.9816
8572000.0 -1030.0849
8576000.0 -1029.1869
8580000.0 -1028.2875
8584000.0 -1027.3963
8588000.0 -1026.499
8592000.0 -1025.6003
8596000.0 -1024.7121
8600000.0 -1023.813
8604000.0 -1022.9293
8608000.0 -1022.0418
8612000.0 -1021.1577
8616000.0 -1020.2793
8620000.0 -1019.3948
8624000.0 -1018.5113
8628000.0 -1017.6288
8632000.0 -1016.7472
8636000.0 -1015.8715
8640000.0 -1014.9991
8644000.0 -1014.1229
8648000.0 -1013.2358
8652000.0 -1012.364
8656000.0 -1011.4885
8660000.0 -1010.6067
8664000.0 -1009.7379
8668000.0 -1008.8629
8672000.0 -1007.9747
8676000.0 -1007.1017
8680000.0 -1006.2368
8684000.0 -1005.3681
8688000.0 -1004.4981
8692000.0 -1003.6314
8696000.0 -1002.7704
8700000.0 -1001.9009
8704000.0 -1001.0419
8708000.0 -1000.1767
8712000.0 -999.31966
8716000.0 -998.45406
8720000.0 -997.59655
8724000.0 -996.73999
8728000.0 -995.87021
8732000.0 -995.0085
8736000.0 -994.15486
8740000.0 -993.30454
8744000.0 -992.45517
8748000.0 -991.6044
8752000.0 -990.74041
8756000.0 -989.88684
8760000.0 -989.03424
8764000.0 -988.17787
8768000.0 -987.33191
8772000.0 -986.49161
8776000.0 -985.6381
8780000.0 -984.79263
8784000.0 -983.94574
8788000.0 -983.10452
8792000.0 -982.25954
8796000.0 -981.42022
8800000.0 -980.58891
8804000.0 -979.7491
8808000.0 -978.90083
8812000.0 -978.06291
8816000.0 -977.22594
8820000.0 -976.38991
8824000.0 -975.55247
8828000.0 -974.71127
8832000.0 -973.87807
8836000.0 -973.04815
8840000.0 -972.21916
8844000.0 -971.39344
8848000.0 -970.55456
8852000.0 -969.71663
8856000.0 -968.88903
8860000.0 -968.06939
8864000.0 -967.23894
8868000.0 -966.40708
8872000.0 -965.58084
8876000.0 -964.75318
8880000.0 -963.93581
8884000.0 -963.11701
8888000.0 -962.29445
8892000.0 -961.47046
8896000.0 -960.65207
8900000.0 -959.82992
8904000.0 -959.01103
8908000.0 -958.17669
8912000.0 -957.35965
8916000.0 -956.54352
8920000.0 -955.72363
8924000.0 -954.91401
8928000.0 -954.10762
8932000.0 -953.2928
8936000.0 -952.48121
8940000.0 -951.6752
8944000.0 -950.85841
8948000.0 -950.0542
8952000.0 -949.25089
8956000.0 -948.45313
8960000.0 -947.63762
8964000.0 -946.83466
8968000.0 -946.03958
8972000.0 -945.24305
8976000.0 -944.44275
8980000.0 -943.64102
8984000.0 -942.84251
8988000.0 -942.04488
8992000.0 -941.24349
8996000.0 -940.45229
9000000.0 -939.65499
9004000.0 -938.8609
9008000.0 -938.07002
9012000.0 -937.28001
9016000.0 -936.48391
9020000.0 -935.69566
9024000.0 -934.89668
9028000.0 -934.11251
9032000.0 -933.32457
9036000.0 -932.54445
9040000.0 -931.75361
9044000.0 -930.96365
9048000.0 -930.1792
9052000.0 -929.38867
9056000.0 -928.59902
9060000.0 -927.82182
9064000.0 -927.04085
9068000.0 -926.26306
9072000.0 -925.49076
9076000.0 -924.71006
9080000.0 -923.93947
9084000.0 -923.15818
9088000.0 -922.38468
9092000.0 -921.61204
9096000.0 -920.83563
9100000.0 -920.0647
9104000.0 -919.2854
9108000.0 -918.51619
9112000.0 -917.74093
9116000.0 -916.97574
9120000.0 -916.2137
9124000.0 -915.43868
9128000.0 -914.67374
9132000.0 -913.90503
9136000.0 -913.14408
9140000.0 -912.38857
9144000.0 -911.63159
9148000.0 -910.87314
9152000.0 -910.10402
9156000.0 -909.33805
9160000.0 -908.56833
9164000.0 -907.80866
9168000.0 -907.03603
9172000.0 -906.28036
9176000.0 -905.52552
9180000.0 -904.7738
9184000.0 -904.02062
9188000.0 -903.26826
9192000.0 -902.52133
9196000.0 -901.7752
9200000.0 -901.02761
9204000.0 -900.27166
9208000.0 -899.51884
9212000.0 -898.77143
9216000.0 -898.02026
9220000.0 -897.26992
9224000.0 -896.52042
9228000.0 -895.77173
9232000.0 -895.03074
9236000.0 -894.28827
9240000.0 -893.54432
9244000.0 -892.80577
9248000.0 -892.05888
9252000.0 -891.31738
9256000.0 -890.56755
9260000.0 -889.83227
9264000.0 -889.09778
9268000.0 -888.35725
9272000.0 -887.62209
9276000.0 -886.88318
9280000.0 -886.15193
9284000.0 -885.39866
9288000.0 -884.66447
9292000.0 -883.92881
9296000.0 -883.19851
9300000.0 -882.46674
9304000.0 -881.73348
9308000.0 -880.99419
9312000.0 -880.26255
9316000.0 -879.54082
9320000.0 -878.81077
9324000.0 -878.08607
9328000.0 -877.35761
9332000.0 -876.63677
9336000.0 -875.91899
9340000.0 -875.1929
9344000.0 -874.47442
9348000.0 -873.75219
9352000.0 -873.03756
9356000.0 -872.32144
9360000.0 -871.59928
9364000.0 -870.87791
9368000.0 -870.15507
9372000.0 -869.43528
9376000.0 -868.72536
9380000.0 -868.0094
9384000.0 -867.3033
9388000.0 -866.59343
9392000.0 -865.873
9396000.0 -865.16016
9400000.0 -864.44809
9404000.0 -863.7436
9408000.0 -863.0376
9412000.0 -862.32332
9416000.0 -861.62113
9420000.0 -860.91744
9424000.0 -860.21451
9428000.0 -859.51235
9432000.0 -858.80418
9436000.0 -858.10355
9440000.0 -857.39917
9444000.0 -856.70006
9448000.0 -855.99494
9452000.0 -855.27704
9456000.0 -854.58475
9460000.0 -853.89322
9464000.0 -853.19566
9468000.0 -852.50338
9472000.0 -851.80282
9476000.0 -851.10753
9480000.0 -850.41525
9484000.0 -849.72147
9488000.0 -849.0352
9492000.0 -848.34967
9496000.0 -847.66037
9500000.0 -846.97182
9504000.0 -846.27952
9508000.0 -845.58346
9512000.0 -844.89716
9516000.0 -844.20711
9520000.0 -843.52006
9524000.0 -842.82701
9528000.0 -842.14369
9532000.0 -841.46112
9536000.0 -840.77479
9540000.0 -840.08246
9544000.0 -839.40436
9548000.0 -838.727
9552000.0 -838.05036
9556000.0 -837.36772
9560000.0 -836.69031
9564000.0 -836.01139
9568000.0 -835.33992
9572000.0 -834.65573
9576000.0 -833.98349
9580000.0 -833.31645
9584000.0 -832.6367
9588000.0 -831.96662
9592000.0 -831.29727
9596000.0 -830.62193
9600000.0 -829.94732
9604000.0 -829.27567
9608000.0 -828.61146
9612000.0 -827.94572
9616000.0 -827.28293
9620000.0 -826.62309
9624000.0 -825.95725
9628000.0 -825.29213
9632000.0 -824.62996
9636000.0 -823.97074
9640000.0 -823.31222
9644000.0 -822.6544
9648000.0 -821.9906
9652000.0 -821.32752
9656000.0 -820.66292
9660000.0 -819.99457
9664000.0 -819.33587
9668000.0 -818.67787
9672000.0 -818.0228
9676000.0 -817.36399
9680000.0 -816.71255
9684000.0 -816.06182
9688000.0 -815.40733
9692000.0 -814.75576
9696000.0 -814.10045
9700000.0 -813.45028
9704000.0 -812.79415
9708000.0 -812.14761
9712000.0 -811.50398
9716000.0 -810.85215
9720000.0 -810.20547
9724000.0 -809.55504
9728000.0 -808.90974
9732000.0 -808.26513
9736000.0 -807.62343
9740000.0 -806.97577
9744000.0 -806.33323
9748000.0 -805.6958
9752000.0 -805.05685
9756000.0 -804.41414
9760000.0 -803.77212
9764000.0 -803.13078
9768000.0 -802.48792
9772000.0 -801.85017
9776000.0 -801.2131
9780000.0 -800.57671
9784000.0 -799.94099
9788000.0 -799.30817
9792000.0 -798.67603
9796000.0 -798.03572
9800000.0 -797.40493
9804000.0 -796.77039
9808000.0 -796.13875
9812000.0 -795.50115
9816000.0 -794.86866
9820000.0 -794.23684
9824000.0 -793.60348
9828000.0 -792.97521
9832000.0 -792.35203
9836000.0 -791.72068
9840000.0 -791.09001
9844000.0 -790.46663
9848000.0 -789.84391
9852000.0 -789.21524
9856000.0 -788.58944
9860000.0 -787.96211
9864000.0 -787.33985
9868000.0 -786.71825
9872000.0 -786.09951
9876000.0 -785.48143
9880000.0 -784.85961
9884000.0 -784.23404
9888000.0 -783.61794
9892000.0 -783.00249
9896000.0 -782.3833
9900000.0 -781.76477
9904000.0 -781.14909
9908000.0 -780.53188
9912000.0 -779.91532
9916000.0 -779.29722
9920000.0 -778.68198
9924000.0 -778.06519
9928000.0 -777.45783
9932000.0 -776.84015
9936000.0 -776.2319
9940000.0 -775.6221
9944000.0 -775.01294
9948000.0 -774.40225
9952000.0 -773.7922
9956000.0 -773.17842
9960000.0 -772.57186
9964000.0 -771.96813
9968000.0 -771.36067
9972000.0 -770.75822
9976000.0 -770.15422
9980000.0 -769.54648
9984000.0 -768.94376
9988000.0 -768.34387
9992000.0 -767.74024
9996000.0 -767.13943
10000000.0 -766.54144
10004000.0 -765.94408
10008000.0 -765.33863
10012000.0 -764.74254
10016000.0 -764.14491
10020000.0 -763.5479
10024000.0 -762.95152
10028000.0 -762.36014
10032000.0 -761.76501
10036000.0 -761.17052
10040000.0 -760.57665
10044000.0 -759.98341
10048000.0 -759.38862
10052000.0 -758.80099
10056000.0 -758.2118
10060000.0 -757.62323
10064000.0 -757.02876
10068000.0 -756.43275
10072000.0 -755.83954
10076000.0 -755.24913
10080000.0 -754.65718
10084000.0 -754.07019
10088000.0 -753.48165
10092000.0 -752.8894
10096000.0 -752.29776
10100000.0 -751.71544
10104000.0 -751.12721
10108000.0 -750.53961
10112000.0 -749.95263
10116000.0 -749.3706
10120000.0 -748.79135
10124000.0 -748.20838
10128000.0 -747.63036
10132000.0 -747.04644
10136000.0 -746.46748
10140000.0 -745.88696
10144000.0 -745.30705
10148000.0 -744.73208
10152000.0 -744.15772
10156000.0 -743.5818
10160000.0 -743.00648
10164000.0 -742.43393
10168000.0 -741.85982
10172000.0 -741.282
10176000.0 -740.7091
10180000.0 -740.13464
10184000.0 -739.55648
10188000.0 -738.98324
10192000.0 -738.40844
10196000.0 -737.84072
10200000.0 -737.26713
10204000.0 -736.70061
10208000.0 -736.12606
10212000.0 -735.55643
10216000.0 -734.99171
10220000.0 -734.41896
10224000.0 -733.85113
10228000.0 -733.28174
10232000.0 -732.71295
10236000.0 -732.15122
10240000.0 -731.58792
10244000.0 -731.02737
10248000.0 -730.4674
10252000.0 -729.91017
10256000.0 -729.35137
10260000.0 -728.78242
10264000.0 -728.22266
10268000.0 -727.66348
10272000.0 -727.09845
10276000.0 -726.54046
10280000.0 -725.98305
10284000.0 -725.42407
10288000.0 -724.86783
10292000.0 -724.31217
10296000.0 -723.76138
10300000.0 -723.20044
10304000.0 -722.64653
10308000.0 -722.0889
10312000.0 -721.52972
10316000.0 -720.97755
10320000.0 -720.42596
10324000.0 -719.87709
10328000.0 -719.32237
10332000.0 -718.77251
10336000.0 -718.22536
10340000.0 -717.67665
10344000.0 -717.12637
10348000.0 -716.57881
10352000.0 -716.03181
10356000.0 -715.48112
10360000.0 -714.93527
10364000.0 -714.38359
10368000.0 -713.83889
10372000.0 -713.29477
10376000.0 -712.74481
10380000.0 -712.19969
10384000.0 -711.65514
10388000.0 -711.11116
10392000.0 -710.56775
10396000.0 -710.02277
10400000.0 -709.48263
10404000.0 -708.93453
10408000.0 -708.39552
10412000.0 -707.85069
10416000.0 -707.3043
10420000.0 -706.76487
10424000.0 -706.22387
10428000.0 -705.68556
10432000.0 -705.14994
10436000.0 -704.61701
10440000.0 -704.07612
10444000.0 -703.54006
10448000.0 -702.99818
10452000.0 -702.46537
10456000.0 -701.92887
10460000.0 -701.39292
10464000.0 -700.85966
10468000.0 -700.32484
10472000.0 -699.78845
10476000.0 -699.25262
10480000.0 -698.71735
10484000.0 -698.18476
10488000.0 -697.65908
10492000.0 -697.13395
10496000.0 -696.60089
10500000.0 -696.07474
10504000.0 -695.53854
10508000.0 -695.01561
10512000.0 -694.49111
10516000.0 -693.96715
10520000.0 -693.43528
10524000.0 -692.91242
10528000.0 -692.39434
10532000.0 -691.87044
10536000.0 -691.34498
10540000.0 -690.82218
10544000.0 -690.30204
10548000.0 -689.78243
10552000.0 -689.25914
10556000.0 -688.74062
10560000.0 -688.22263
10564000.0 -687.69885
10568000.0 -687.17984
10572000.0 -686.66558
10576000.0 -686.14554
10580000.0 -685.62181
10584000.0 -685.09863
10588000.0 -684.58021
10592000.0 -684.06655
10596000.0 -683.55341
10600000.0 -683.03449
10604000.0 -682.52453
10608000.0 -682.00668
10612000.0 -681.48726
10616000.0 -680.97259
10620000.0 -680.46687
10624000.0 -679.95746
10628000.0 -679.44858
10632000.0 -678.93813
10636000.0 -678.4261
10640000.0 -677.9188
10644000.0 -677.41623
10648000.0 -676.90577
10652000.0 -676.39375
10656000.0 -675.88645
10660000.0 -675.38388
10664000.0 -674.87133
10668000.0 -674.36141
10672000.0 -673.84364
10676000.0 -673.3306
10680000.0 -672.83277
10684000.0 -672.32497
10688000.0 -671.82399
10692000.0 -671.32143
10696000.0 -670.82148
10700000.0 -670.31995
10704000.0 -669.82313
10708000.0 -669.31008
10712000.0 -668.80803
10716000.0 -668.30231
10720000.0 -667.8034
10724000.0 -667.30291
10728000.0 -666.80293
10732000.0 -666.2993
10736000.0 -665.79828
10740000.0 -665.30404
10744000.0 -664.80823
10748000.0 -664.31084
10752000.0 -663.81813
10756000.0 -663.32594
10760000.0 -662.82799
10764000.0 -662.32847
10768000.0 -661.83572
10772000.0 -661.3414
10776000.0 -660.84551
10780000.0 -660.34804
10784000.0 -659.86151
10788000.0 -659.36506
10792000.0 -658.86496
10796000.0 -658.3758
10800000.0 -657.88298
10804000.0 -657.39275
10808000.0 -656.90094
10812000.0 -656.4138
10816000.0 -655.92717
10820000.0 -655.44103
10824000.0 -654.95123
10828000.0 -654.46818
10832000.0 -653.98354
10836000.0 -653.49525
10840000.0 -653.00954
10844000.0 -652.52433
10848000.0 -652.03754
10852000.0 -651.55955
10856000.0 -651.07375
10860000.0 -650.58223
10864000.0 -650.1016
10868000.0 -649.62145
10872000.0 -649.14179
10876000.0 -648.66263
10880000.0 -648.17567
10884000.0 -647.69336
10888000.0 -647.20741
10892000.0 -646.71574
10896000.0 -646.23701
10900000.0 -645.76292
10904000.0 -645.28102
10908000.0 -644.79756
10912000.0 -644.32494
10916000.0 -643.84866
10920000.0 -643.37288
10924000.0 -642.89758
10928000.0 -642.42071
10932000.0 -641.94639
10936000.0 -641.47875
10940000.0 -640.9992
10944000.0 -640.52633
10948000.0 -640.04982
10952000.0 -639.56968
10956000.0 -639.10241
10960000.0 -638.63355
10964000.0 -638.16517
10968000.0 -637.69727
10972000.0 -637.23398
10976000.0 -636.77321
10980000.0 -636.30468
10984000.0 -635.8325
10988000.0 -635.36287
10992000.0 -634.89167
10996000.0 -634.42507
11000000.0 -633.95276
11004000.0 -633.48918
11008000.0 -633.0199
11012000.0 -632.56139
11016000.0 -632.09922
11020000.0 -631.63754
11024000.0 -631.17837
11028000.0 -630.71762
11032000.0 -630.25323
11036000.0 -629.78727
11040000.0 -629.32178
11044000.0 -628.85677
11048000.0 -628.38813
11052000.0 -627.92819
11056000.0 -627.47076
11060000.0 -627.01174
11064000.0 -626.5409
11068000.0 -626.07873
11072000.0 -625.61294
11076000.0 -625.15173
11080000.0 -624.68689
11084000.0 -624.23482
11088000.0 -623.77296
11092000.0 -623.31158
11096000.0 -622.85271
11100000.0 -622.39432
11104000.0 -621.94049
11108000.0 -621.49325
11112000.0 -621.04033
11116000.0 -620.58787
11120000.0 -620.13792
11124000.0 -619.69047
11128000.0 -619.23734
11132000.0 -618.78672
11136000.0 -618.3386
11140000.0 -617.89502
11144000.0 -617.44985
11148000.0 -617.00308
11152000.0 -616.55677
11156000.0 -616.11091
11160000.0 -615.66347
11164000.0 -615.21444
11168000.0 -614.76587
11172000.0 -614.32387
11176000.0 -613.88232
11180000.0 -613.43103
11184000.0 -612.99446
11188000.0 -612.54611
11192000.0 -612.09822
11196000.0 -611.65485
11200000.0 -611.21194
11204000.0 -610.76948
11208000.0 -610.32746
11212000.0 -609.8798
11216000.0 -609.43666
11220000.0 -608.99194
11224000.0 -608.55173
11228000.0 -608.114
11232000.0 -607.67875
11236000.0 -607.23175
11240000.0 -606.79739
11244000.0 -606.35941
11248000.0 -605.92187
11252000.0 -605.49086
11256000.0 -605.05623
11260000.0 -604.61596
11264000.0 -604.18019
11268000.0 -603.75296
11272000.0 -603.31807
11276000.0 -602.87753
11280000.0 -602.44757
11284000.0 -602.014
11288000.0 -601.58289
11292000.0 -601.15423
11296000.0 -600.72196
11300000.0 -600.29823
11304000.0 -599.86885
11308000.0 -599.43788
11312000.0 -599.01341
11316000.0 -598.58532
11320000.0 -598.15767
11324000.0 -597.72842
11328000.0 -597.29962
11332000.0 -596.87124
11336000.0 -596.44331
11340000.0 -596.01782
11344000.0 -595.58872
11348000.0 -595.16409
11352000.0 -594.73788
11356000.0 -594.31411
11360000.0 -593.89279
11364000.0 -593.46988
11368000.0 -593.04941
11372000.0 -592.62533
11376000.0 -592.20571
11380000.0 -591.78852
11384000.0 -591.36772
11388000.0 -590.94131
11392000.0 -590.51935
11396000.0 -590.09983
11400000.0 -589.67872
11404000.0 -589.26005
11408000.0 -588.84179
11412000.0 -588.41792
11416000.0 -588.00253
11420000.0 -587.57951
11424000.0 -587.16697
11428000.0 -586.7448
11432000.0 -586.33309
11436000.0 -585.91979
11440000.0 -585.50089
11444000.0 -585.08842
11448000.0 -584.67838
11452000.0 -584.26273
11456000.0 -583.84349
11460000.0 -583.43269
11464000.0 -583.0203
11468000.0 -582.60833
11472000.0 -582.19275
11476000.0 -581.77559
11480000.0 -581.36687
11484000.0 -580.96255
11488000.0 -580.55664
11492000.0 -580.14913
11496000.0 -579.74003
11500000.0 -579.33135
11504000.0 -578.91907
11508000.0 -578.51121
11512000.0 -578.10175
11516000.0 -577.69071
11520000.0 -577.27809
11524000.0 -576.86987
11528000.0 -576.46806
11532000.0 -576.06265
11536000.0 -575.65565
11540000.0 -575.24707
11544000.0 -574.84488
11548000.0 -574.44309
11552000.0 -574.04171
11556000.0 -573.63275
11560000.0 -573.2262
11564000.0 -572.81606
11568000.0 -572.42029
11572000.0 -572.02093
11576000.0 -571.61799
11580000.0 -571.22142
11584000.0 -570.81928
11588000.0 -570.42351
11592000.0 -570.02615
11596000.0 -569.62919
11600000.0 -569.22863
11604000.0 -568.82451
11608000.0 -568.42476
11612000.0 -568.02939
11616000.0 -567.63641
11620000.0 -567.23785
11624000.0 -566.84366
11628000.0 -566.44789
11632000.0 -566.05251
11636000.0 -565.65553
11640000.0 -565.26094
11644000.0 -564.86278
11648000.0 -564.46898
11652000.0 -564.06764
11656000.0 -563.67464
11660000.0 -563.28203
11664000.0 -562.89377
11668000.0 -562.49996
11672000.0 -562.11248
11676000.0 -561.72341
11680000.0 -561.32878
11684000.0 -560.93851
11688000.0 -560.54467
11692000.0 -560.1532
11696000.0 -559.7641
11700000.0 -559.37143
11704000.0 -558.98509
11708000.0 -558.59715
11712000.0 -558.20367
11716000.0 -557.82047
11720000.0 -557.43369
11724000.0 -557.04928
11728000.0 -556.6613
11732000.0 -556.27568
11736000.0 -555.89044
11740000.0 -555.50756
11744000.0 -555.12309
11748000.0 -554.739
11752000.0 -554.35332
11756000.0 -553.96407
11760000.0 -553.58311
11764000.0 -553.2045
11768000.0 -552.82232
11772000.0 -552.43658
11776000.0 -552.05714
11780000.0 -551.67807
11784000.0 -551.29544
11788000.0 -550.91318
11792000.0 -550.53722
11796000.0 -550.15572
11800000.0 -549.77263
11804000.0 -549.39386
11808000.0 -549.01349
11812000.0 -548.62761
11816000.0 -548.24997
11820000.0 -547.87467
11824000.0 -547.49778
11828000.0 -547.1193
11832000.0 -546.74316
11836000.0 -546.36543
11840000.0 -545.99199
11844000.0 -545.61304
11848000.0 -545.23644
11852000.0 -544.85824
11856000.0 -544.49022
11860000.0 -544.11081
11864000.0 -543.73373
11868000.0 -543.3629
11872000.0 -542.98656
11876000.0 -542.61256
11880000.0 -542.23893
11884000.0 -541.86958
11888000.0 -541.49669
11892000.0 -541.12612
11896000.0 -540.75788
11900000.0 -540.38608
11904000.0 -540.01661
11908000.0 -539.64555
11912000.0 -539.26899
11916000.0 -538.90258
11920000.0 -538.53458
11924000.0 -538.1689
11928000.0 -537.80163
11932000.0 -537.44057
11936000.0 -537.07402
11940000.0 -536.70587
11944000.0 -536.34199
11948000.0 -535.97261
11952000.0 -535.5997
11956000.0 -535.23886
11960000.0 -534.87838
11964000.0 -534.5085
11968000.0 -534.14874
11972000.0 -533.77958
11976000.0 -533.41469
11980000.0 -533.05406
11984000.0 -532.68989
11988000.0 -532.33386
11992000.0 -531.97235
11996000.0 -531.61119
12000000.0 -531.25234
12004000.0 -530.89383
12008000.0 -530.52985
12012000.0 -530.16817
12016000.0 -529.80879
12020000.0 -529.45171
12024000.0 -529.09109
12028000.0 -528.72694
12032000.0 -528.37093
12036000.0 -528.01721
12040000.0 -527.65606
12044000.0 -527.3011
12048000.0 -526.93289
12052000.0 -526.57865
12056000.0 -526.21892
12060000.0 -525.85956
12064000.0 -525.5083
12068000.0 -525.1574
12072000.0 -524.80101
12076000.0 -524.44886
12080000.0 -524.09318
12084000.0 -523.7456
12088000.0 -523.39448
12092000.0 -523.04371
12096000.0 -522.69135
12100000.0 -522.33546
12104000.0 -521.98573
12108000.0 -521.62474
12112000.0 -521.27958
12116000.0 -520.92315
12120000.0 -520.569
12124000.0 -520.221
12128000.0 -519.87334
12132000.0 -519.52216
12136000.0 -519.17712
12140000.0 -518.8189
12144000.0 -518.46876
12148000.0 -518.12476
12152000.0 -517.77916
12156000.0 -517.4339
12160000.0 -517.08705
12164000.0 -516.74247
12168000.0 -516.39437
12172000.0 -516.05433
12176000.0 -515.70498
12180000.0 -515.35982
12184000.0 -515.01115
12188000.0 -514.67246
12192000.0 -514.33024
12196000.0 -513.99222
12200000.0 -513.65067
12204000.0 -513.30368
12208000.0 -512.95895
12212000.0 -512.61842
12216000.0 -512.27244
12220000.0 -511.93258
12224000.0 -511.59304
12228000.0 -511.25192
12232000.0 -510.90728
12236000.0 -510.56107
12240000.0 -510.22287
12244000.0 -509.88309
12248000.0 -509.54557
12252000.0 -509.21029
12256000.0 -508.87342
12260000.0 -508.52728
12264000.0 -508.18916
12268000.0 -507.85329
12272000.0 -507.51007
12276000.0 -507.17485
12280000.0 -506.83614
12284000.0 -506.50158
12288000.0 -506.16736
12292000.0 -505.83154
12296000.0 -505.49988
12300000.0 -505.15897
12304000.0 -504.8203
12308000.0 -504.4858
12312000.0 -504.14779
12316000.0 -503.81586
12320000.0 -503.48425
12324000.0 -503.15297
12328000.0 -502.82392
12332000.0 -502.49328
12336000.0 -502.15914
12340000.0 -501.82341
12344000.0 -501.49566
12348000.0 -501.16631
12352000.0 -500.83919
12356000.0 -500.5124
12360000.0 -500.1821
12364000.0 -499.85594
12368000.0 -499.52628
12372000.0 -499.20076
12376000.0 -498.87174
12380000.0 -498.54686
12384000.0 -498.21848
12388000.0 -497.88851
12392000.0 -497.56268
12396000.0 -497.23525
12400000.0 -496.91196
12404000.0 -496.58898
12408000.0 -496.26823
12412000.0 -495.94397
12416000.0 -495.61241
12420000.0 -495.28879
12424000.0 -494.96739
12428000.0 -494.64439
12432000.0 -494.316
12436000.0 -493.99174
12440000.0 -493.6735
12444000.0 -493.35556
12448000.0 -493.03223
12452000.0 -492.71112
12456000.0 -492.39031
12460000.0 -492.07362
12464000.0 -491.74964
12468000.0 -491.42787
12472000.0 -491.10831
12476000.0 -490.78907
12480000.0 -490.47392
12484000.0 -490.15909
12488000.0 -489.84266
12492000.0 -489.52654
12496000.0 -489.20882
12500000.0 -488.88573
12504000.0 -488.56485
12508000.0 -488.24807
12512000.0 -487.93538
12516000.0 -487.61921
12520000.0 -487.30335
12524000.0 -486.98779
12528000.0 -486.67253
12532000.0 -486.35002
12536000.0 -486.03538
12540000.0 -485.72294
12544000.0 -485.40513
12548000.0 -485.08763
12552000.0 -484.77799
12556000.0 -484.46299
12560000.0 -484.15396
12564000.0 -483.84145
12568000.0 -483.53114
12572000.0 -483.22112
12576000.0 -482.90763
12580000.0 -482.59255
12584000.0 -482.28155
12588000.0 -481.97085
12592000.0 -481.66423
12596000.0 -481.34847
12600000.0 -481.03867
12604000.0 -480.73106
12608000.0 -480.42375
12612000.0 -480.11673
12616000.0 -479.80813
12620000.0 -479.50171
12624000.0 -479.18993
12628000.0 -478.87657
12632000.0 -478.56917
12636000.0 -478.26206
12640000.0 -477.95524
12644000.0 -477.64873
12648000.0 -477.34062
12652000.0 -477.0347
12656000.0 -476.72531
12660000.0 -476.41998
12664000.0 -476.11495
12668000.0 -475.80833
12672000.0 -475.50389
12676000.0 -475.19974
12680000.0 -474.89401
12684000.0 -474.59045
12688000.0 -474.28531
12692000.0 -473.98233
12696000.0 -473.68153
12700000.0 -473.37914
12704000.0 -473.07517
12708000.0 -472.77149
12712000.0 -472.4681
12716000.0 -472.16126
12720000.0 -471.85846
12724000.0 -471.55971
12728000.0 -471.25936
12732000.0 -470.95744
12736000.0 -470.65018
12740000.0 -470.35446
12744000.0 -470.0534
12748000.0 -469.7545
12752000.0 -469.45403
12756000.0 -469.15571
12760000.0 -468.85207
12764000.0 -468.55246
12768000.0 -468.25688
12772000.0 -467.95785
12776000.0 -467.66284
12780000.0 -467.36251
12784000.0 -467.06994
12788000.0 -466.77765
12792000.0 -466.48564
12796000.0 -466.18644
12800000.0 -465.8894
12804000.0 -465.59451
12808000.0 -465.30177
12812000.0 -465.01118
12816000.0 -464.7134
12820000.0 -464.42337
12824000.0 -464.12989
12828000.0 -463.83855
12832000.0 -463.54936
12836000.0 -463.25858
12840000.0 -462.96436
12844000.0 -462.67228
12848000.0 -462.38235
12852000.0 -462.08896
12856000.0 -461.79586
12860000.0 -461.5049
12864000.0 -461.21237
12868000.0 -460.92383
12872000.0 -460.63371
12876000.0 -460.34572
12880000.0 -460.05244
12884000.0 -459.76687
12888000.0 -459.47785
12892000.0 -459.18912
12896000.0 -458.90252
12900000.0 -458.61247
12904000.0 -458.32642
12908000.0 -458.03879
12912000.0 -457.75329
12916000.0 -457.46621
12920000.0 -457.17384
12924000.0 -456.88917
12928000.0 -456.5992
12932000.0 -456.31693
12936000.0 -456.03308
12940000.0 -455.75135
12944000.0 -455.46063
12948000.0 -455.17574
12952000.0 -454.89298
12956000.0 -454.61049
12960000.0 -454.32642
12964000.0 -454.04632
12968000.0 -453.76464
12972000.0 -453.48323
12976000.0 -453.20023
12980000.0 -452.91751
12984000.0 -452.63876
12988000.0 -452.35288
12992000.0 -452.07097
12996000.0 -451.78748
13000000.0 -451.5098
13004000.0 -451.22685
13008000.0 -450.94048
13012000.0 -450.65254
13016000.0 -450.36856
13020000.0 -450.08855
13024000.0 -449.80327
13028000.0 -449.5238
13032000.0 -449.24828
13036000.0 -448.97302
13040000.0 -448.69618
13044000.0 -448.42146
13048000.0 -448.1433
13052000.0 -447.86726
13056000.0 -447.5878
13060000.0 -447.31228
13064000.0 -447.03151
13068000.0 -446.75469
13072000.0 -446.47445
13076000.0 -446.19631
13080000.0 -445.92028
13084000.0 -445.64636
13088000.0 -445.37453
13092000.0 -445.10296
13096000.0 -444.82797
13100000.0 -444.55693
13104000.0 -444.28246
13108000.0 -444.01193
13112000.0 -443.73983
13116000.0 -443.46615
13120000.0 -443.19089
13124000.0 -442.9159
13128000.0 -442.64667
13132000.0 -442.37586
13136000.0 -442.10715
13140000.0 -441.8387
13144000.0 -441.56499
13148000.0 -441.29155
13152000.0 -441.02021
13156000.0 -440.74912
13160000.0 -440.47646
13164000.0 -440.20772
13168000.0 -439.93741
13172000.0 -439.67102
13176000.0 -439.40122
13180000.0 -439.1335
13184000.0 -438.86604
13188000.0 -438.59518
13192000.0 -438.32091
13196000.0 -438.04874
13200000.0 -437.78048
13204000.0 -437.51064
13208000.0 -437.24655
13212000.0 -436.97905
13216000.0 -436.71181
13220000.0 -436.44664
13224000.0 -436.17626
13228000.0 -435.91343
13232000.0 -435.64902
13236000.0 -435.38669
13240000.0 -435.12279
13244000.0 -434.85913
13248000.0 -434.59755
13252000.0 -434.33258
13256000.0 -434.0715
13260000.0 -433.80702
13264000.0 -433.53915
13268000.0 -433.27335
13272000.0 -433.01145
13276000.0 -432.74616
13280000.0 -432.48111
13284000.0 -432.21996
13288000.0 -431.95906
13292000.0 -431.70022
13296000.0 -431.44163
13300000.0 -431.18329
13304000.0 -430.92519
13308000.0 -430.66551
13312000.0 -430.40427
13316000.0 -430.1469
13320000.0 -429.88797
13324000.0 -429.62564
13328000.0 -429.3672
13332000.0 -429.10537
13336000.0 -428.84924
13340000.0 -428.59153
13344000.0 -428.33588
13348000.0 -428.07685
13352000.0 -427.81987
13356000.0 -427.5577
13360000.0 -427.30122
13364000.0 -427.04498
13368000.0 -426.78898
13372000.0 -426.53323
13376000.0 -426.27772
13380000.0 -426.02064
13384000.0 -425.7638
13388000.0 -425.50902
13392000.0 -425.25448
13396000.0 -424.99837
13400000.0 -424.73888
13404000.0 -424.48325
13408000.0 -424.23149
13412000.0 -423.97453
13416000.0 -423.71963
13420000.0 -423.46316
13424000.0 -423.21055
13428000.0 -422.95818
13432000.0 -422.70424
13436000.0 -422.45054
13440000.0 -422.19528
13444000.0 -421.94386
13448000.0 -421.69088
13452000.0 -421.44175
13456000.0 -421.19104
13460000.0 -420.93697
13464000.0 -420.68314
13468000.0 -420.43495
13472000.0 -420.17799
13476000.0 -419.92667
13480000.0 -419.6774
13484000.0 -419.42476
13488000.0 -419.17415
13492000.0 -418.92739
13496000.0 -418.67906
13500000.0 -418.43097
13504000.0 -418.1831
13508000.0 -417.93548
13512000.0 -417.68808
13516000.0 -417.43912
13520000.0 -417.19219
13524000.0 -416.9473
13528000.0 -416.69544
13532000.0 -416.45101
13536000.0 -416.20502
13540000.0 -415.95386
13544000.0 -415.70834
13548000.0 -415.46484
13552000.0 -415.21977
13556000.0 -414.97314
13560000.0 -414.72854
13564000.0 -414.48596
13568000.0 -414.24002
13572000.0 -413.99611
13576000.0 -413.75422
13580000.0 -413.50718
13584000.0 -413.26037
13588000.0 -413.01918
13592000.0 -412.77642
13596000.0 -412.52851
13600000.0 -412.28442
13604000.0 -412.04414
13608000.0 -411.80051
13612000.0 -411.5589
13616000.0 -411.31751
13620000.0 -411.07635
13624000.0 -410.83721
13628000.0 -410.59651
13632000.0 -410.35603
13636000.0 -410.1122
13640000.0 -409.87396
13644000.0 -409.63416
13648000.0 -409.38923
13652000.0 -409.15167
13656000.0 -408.91433
13660000.0 -408.67365
13664000.0 -408.43141
13668000.0 -408.19118
13672000.0 -407.95296
13676000.0 -407.71317
13680000.0 -407.47362
13684000.0 -407.23607
13688000.0 -407.00054
13692000.0 -406.76343
13696000.0 -406.52299
13700000.0 -406.28455
13704000.0 -406.04812
13708000.0 -405.81191
13712000.0 -405.57236
13716000.0 -405.32947
13720000.0 -405.09216
13724000.0 -404.84794
13728000.0 -404.61107
13732000.0 -404.37264
13736000.0 -404.13622
13740000.0 -403.90358
13744000.0 -403.66759
13748000.0 -403.43361
13752000.0 -403.19807
13756000.0 -402.96275
13760000.0 -402.72943
13764000.0 -402.49633
13768000.0 -402.26345
13772000.0 -402.03078
13776000.0 -401.79301
13780000.0 -401.56078
13784000.0 -401.33055
13788000.0 -401.09698
13792000.0 -400.86186
13796000.0 -400.62519
13800000.0 -400.38873
13804000.0 -400.15782
13808000.0 -399.92535
13812000.0 -399.69488
13816000.0 -399.45752
13820000.0 -399.22925
13824000.0 -399.0012
13828000.0 -398.76804
13832000.0 -398.53688
13836000.0 -398.30593
13840000.0 -398.07342
13844000.0 -397.8429
13848000.0 -397.6126
13852000.0 -397.38428
13856000.0 -397.15441
13860000.0 -396.92652
13864000.0 -396.70061
13868000.0 -396.46961
13872000.0 -396.24413
13876000.0 -396.01886
13880000.0 -395.7938
13884000.0 -395.56542
13888000.0 -395.33725
13892000.0 -395.10577
13896000.0 -394.87626
13900000.0 -394.6505
13904000.0 -394.42672
13908000.0 -394.19961
13912000.0 -393.97625
13916000.0 -393.7531
13920000.0 -393.53015
13924000.0 -393.30741
13928000.0 -393.08489
13932000.0 -392.8608
13936000.0 -392.63517
13940000.0 -392.41327
13944000.0 -392.19157
13948000.0 -391.97009
13952000.0 -391.74705
13956000.0 -391.51893
13960000.0 -391.29455
13964000.0 -391.07214
13968000.0 -390.8517
13972000.0 -390.62794
13976000.0 -390.40791
13980000.0 -390.18457
13984000.0 -389.96319
13988000.0 -389.73675
13992000.0 -389.51579
13996000.0 -389.29328
14000000.0 -389.07098
14004000.0 -388.84888
14008000.0 -388.62875
14012000.0 -388.40882
14016000.0 -388.18735
14020000.0 -387.96959
14024000.0 -387.75027
14028000.0 -387.5259
14032000.0 -387.307
14036000.0 -387.08655
14040000.0 -386.86806
14044000.0 -386.64977
14048000.0 -386.42994
14052000.0 -386.21381
14056000.0 -385.99088
14060000.0 -385.77341
14064000.0 -385.55614
14068000.0 -385.33732
14072000.0 -385.11871
14076000.0 -384.89504
14080000.0 -384.67859
14084000.0 -384.46409
14088000.0 -384.24454
14092000.0 -384.02869
14096000.0 -383.81479
14100000.0 -383.59934
14104000.0 -383.3841
14108000.0 -383.1673
14112000.0 -382.94897
14116000.0 -382.73083
14120000.0 -382.51464
14124000.0 -382.29866
14128000.0 -382.08287
14132000.0 -381.87078
14136000.0 -381.65888
14140000.0 -381.44718
14144000.0 -381.23394
14148000.0 -381.01914
14152000.0 -380.8063
14156000.0 -380.58842
14160000.0 -380.37771
14164000.0 -380.1672
14168000.0 -379.95166
14172000.0 -379.74154
14176000.0 -379.52988
14180000.0 -379.31841
14184000.0 -379.10714
14188000.0 -378.89607
14192000.0 -378.68694
14196000.0 -378.478
14200000.0 -378.26751
14204000.0 -378.05896
14208000.0 -377.84886
14212000.0 -377.63722
14216000.0 -377.42751
14220000.0 -377.21974
14224000.0 -377.00869
14228000.0 -376.79956
14232000.0 -376.5889
14236000.0 -376.38017
14240000.0 -376.17163
14244000.0 -375.95981
14248000.0 -375.74993
14252000.0 -375.54198
14256000.0 -375.33422
14260000.0 -375.12491
14264000.0 -374.91407
14268000.0 -374.70689
14272000.0 -374.49643
14276000.0 -374.28791
14280000.0 -374.08131
14284000.0 -373.87663
14288000.0 -373.67215
14292000.0 -373.46785
14296000.0 -373.26028
14300000.0 -373.05118
14304000.0 -372.84745
14308000.0 -372.64046
14312000.0 -372.43712
14316000.0 -372.2305
14320000.0 -372.02581
14324000.0 -371.82131
14328000.0 -371.61699
14332000.0 -371.41287
14336000.0 -371.21066
14340000.0 -371.00173
14344000.0 -370.79817
14348000.0 -370.59481
14352000.0 -370.39163
14356000.0 -370.18691
14360000.0 -369.98411
14364000.0 -369.77804
14368000.0 -369.57561
14372000.0 -369.36993
14376000.0 -369.16788
14380000.0 -368.96429
14384000.0 -368.76262
14388000.0 -368.55941
14392000.0 -368.35466
14396000.0 -368.14838
14400000.0 -367.94746
14404000.0 -367.74845
14408000.0 -367.5479
14412000.0 -367.34753
14416000.0 -367.14907
14420000.0 -366.94563
14424000.0 -366.74582
14428000.0 -366.54448
14432000.0 -366.34504
14436000.0 -366.14578
14440000.0 -365.94843
14444000.0 -365.74782
14448000.0 -365.54912
14452000.0 -365.34716
14456000.0 -365.14195
14460000.0 -364.94037
14464000.0 -364.74069
14468000.0 -364.54463
14472000.0 -364.34703
14476000.0 -364.14791
14480000.0 -363.94896
14484000.0 -363.75191
14488000.0 -363.55677
14492000.0 -363.35665
14496000.0 -363.16187
14500000.0 -362.96555
14504000.0 -362.76941
14508000.0 -362.57517
14512000.0 -362.37596
14516000.0 -362.17694
14520000.0 -361.98324
14524000.0 -361.78459
14528000.0 -361.58611
14532000.0 -361.39125
14536000.0 -361.19485
14540000.0 -361.00034
14544000.0 -360.80602
14548000.0 -360.61187
14552000.0 -360.41619
14556000.0 -360.22411
14560000.0 -360.0305
14564000.0 -359.83878
14568000.0 -359.64553
14572000.0 -359.44903
14576000.0 -359.25613
14580000.0 -359.06171
14584000.0 -358.87087
14588000.0 -358.6751
14592000.0 -358.48291
14596000.0 -358.2892
14600000.0 -358.09907
14604000.0 -357.90742
14608000.0 -357.71765
14612000.0 -357.52806
14616000.0 -357.33181
14620000.0 -357.13575
14624000.0 -356.94669
14628000.0 -356.7578
14632000.0 -356.56739
14636000.0 -356.37374
14640000.0 -356.18197
14644000.0 -355.99208
14648000.0 -355.80066
14652000.0 -355.61283
14656000.0 -355.42346
14660000.0 -355.23597
14664000.0 -355.04866
14668000.0 -354.85981
14672000.0 -354.67114
14676000.0 -354.48265
14680000.0 -354.29432
14684000.0 -354.10447
14688000.0 -353.91649
14692000.0 -353.72869
14696000.0 -353.53936
14700000.0 -353.35191
14704000.0 -353.16462
14708000.0 -352.97921
14712000.0 -352.79397
14716000.0 -352.6089
14720000.0 -352.41891
14724000.0 -352.22909
14728000.0 -352.04453
14732000.0 -351.85845
14736000.0 -351.67424
14740000.0 -351.48341
14744000.0 -351.29785
14748000.0 -351.11245
14752000.0 -350.92553
14756000.0 -350.74217
14760000.0 -350.55898
14764000.0 -350.37596
14768000.0 -350.19311
14772000.0 -350.00195
14776000.0 -349.81775
14780000.0 -349.63371
14784000.0 -349.44984
14788000.0 -349.26783
14792000.0 -349.0843
14796000.0 -348.90263
14800000.0 -348.71943
14804000.0 -348.5364
14808000.0 -348.35185
14812000.0 -348.16747
14816000.0 -347.98663
14820000.0 -347.8009
14824000.0 -347.61195
14828000.0 -347.43162
14832000.0 -347.2464
14836000.0 -347.0664
14840000.0 -346.88489
14844000.0 -346.70354
14848000.0 -346.52066
14852000.0 -346.33796
14856000.0 -346.15542
14860000.0 -345.97474
14864000.0 -345.79422
14868000.0 -345.61387
14872000.0 -345.43368
14876000.0 -345.25197
14880000.0 -345.06875
14884000.0 -344.89074
14888000.0 -344.71121
14892000.0 -344.53185
14896000.0 -344.35265
14900000.0 -344.17193
14904000.0 -343.99307
14908000.0 -343.81436
14912000.0 -343.63414
14916000.0 -343.45576
14920000.0 -343.27587
14924000.0 -343.0911
14928000.0 -342.91322
14932000.0 -342.73718
14936000.0 -342.55794
14940000.0 -342.38055
14944000.0 -342.20331
14948000.0 -342.02457
14952000.0 -341.84262
14956000.0 -341.6642
14960000.0 -341.48427
14964000.0 -341.30785
14968000.0 -341.12992
14972000.0 -340.95551
14976000.0 -340.78125
14980000.0 -340.6038
14984000.0 -340.42819
14988000.0 -340.25442
14992000.0 -340.07745
14996000.0 -339.90065
15000000.0 -339.72568
15004000.0 -339.55087
15008000.0 -339.37622
15012000.0 -339.20006
15016000.0 -339.02239
15020000.0 -338.84989
15024000.0 -338.67421
15028000.0 -338.50036
15032000.0 -338.32667
15036000.0 -338.15314
15040000.0 -337.97977
15044000.0 -337.80823
15048000.0 -337.63684
15052000.0 -337.46394
15056000.0 -337.28953
15060000.0 -337.11528
15064000.0 -336.93952
15068000.0 -336.76892
15072000.0 -336.59681
15076000.0 -336.4232
15080000.0 -336.25307
15084000.0 -336.07977
15088000.0 -335.90328
15092000.0 -335.73363
15096000.0 -335.5608
15100000.0 -335.39146
15104000.0 -335.22061
15108000.0 -335.05158
15112000.0 -334.88271
15116000.0 -334.71399
15120000.0 -334.54375
15124000.0 -334.37534
15128000.0 -334.20542
15132000.0 -334.03731
15136000.0 -333.86936
15140000.0 -333.69824
15144000.0 -333.53059
15148000.0 -333.35978
15152000.0 -333.19078
15156000.0 -333.0236
15160000.0 -332.85325
15164000.0 -332.68637
15168000.0 -332.51965
15172000.0 -332.34976
15176000.0 -332.17669
15180000.0 -332.00877
15184000.0 -331.841
15188000.0 -331.67007
15192000.0 -331.49929
15196000.0 -331.33364
15200000.0 -331.16317
15204000.0 -330.99285
15208000.0 -330.826
15212000.0 -330.66096
15216000.0 -330.49276
15220000.0 -330.32306
15224000.0 -330.15682
15228000.0 -329.99073
15232000.0 -329.82645
15236000.0 -329.65901
15240000.0 -329.49503
15244000.0 -329.32955
15248000.0 -329.16256
15252000.0 -328.99737
15256000.0 -328.83399
15260000.0 -328.66911
15264000.0 -328.50107
15268000.0 -328.33648
15272000.0 -328.16874
15276000.0 -328.00446
15280000.0 -327.83537
15284000.0 -327.67139
15288000.0 -327.50591
15292000.0 -327.34388
15296000.0 -327.182
15300000.0 -327.01861
15304000.0 -326.85373
15308000.0 -326.68899
15312000.0 -326.52605
15316000.0 -326.35996
15320000.0 -326.19732
15324000.0 -326.03483
15328000.0 -325.87249
15332000.0 -325.707
15336000.0 -325.54495
15340000.0 -325.37976
15344000.0 -325.21471
15348000.0 -325.05311
15352000.0 -324.89331
15356000.0 -324.72871
15360000.0 -324.56755
15364000.0 -324.40489
15368000.0 -324.24567
15372000.0 -324.0866
15376000.0 -323.92767
15380000.0 -323.76888
15384000.0 -323.60695
15388000.0 -323.44681
15392000.0 -323.28188
15396000.0 -323.12368
15400000.0 -322.96398
15404000.0 -322.80113
15408000.0 -322.64172
15412000.0 -322.48245
15416000.0 -322.32169
15420000.0 -322.16107
15424000.0 -322.00223
15428000.0 -321.84026
15432000.0 -321.68336
15436000.0 -321.52168
15440000.0 -321.36015
15444000.0 -321.2004
15448000.0 -321.0408
15452000.0 -320.88134
15456000.0 -320.72203
15460000.0 -320.5645
15464000.0 -320.40711
15468000.0 -320.24823
15472000.0 -320.08949
15476000.0 -319.9309
15480000.0 -319.77245
15484000.0 -319.61578
15488000.0 -319.45925
15492000.0 -319.30287
15496000.0 -319.14499
15500000.0 -318.98725
15504000.0 -318.83293
15508000.0 -318.67711
15512000.0 -318.52307
15516000.0 -318.36754
15520000.0 -318.21051
15524000.0 -318.05525
15528000.0 -317.89851
15532000.0 -317.74353
15536000.0 -317.5887
15540000.0 -317.43565
15544000.0 -317.28273
15548000.0 -317.12995
15552000.0 -316.97405
15556000.0 -316.81828
15560000.0 -316.66592
15564000.0 -316.51207
15568000.0 -316.35999
15572000.0 -316.20641
15576000.0 -316.0546
15580000.0 -315.90293
15584000.0 -315.74814
15588000.0 -315.59348
15592000.0 -315.43734
15596000.0 -315.28296
15600000.0 -315.12873
15604000.0 -314.97463
15608000.0 -314.81742
15612000.0 -314.66523
15616000.0 -314.50993
15620000.0 -314.3564
15624000.0 -314.20626
15628000.0 -314.05625
15632000.0 -313.90313
15636000.0 -313.75177
15640000.0 -313.60055
15644000.0 -313.44947
15648000.0 -313.29527
15652000.0 -313.14609
15656000.0 -312.99704
15660000.0 -312.84651
15664000.0 -312.6961
15668000.0 -312.54584
15672000.0 -312.39571
15676000.0 -312.24733
15680000.0 -312.09585
15684000.0 -311.94288
15688000.0 -311.79004
15692000.0 -311.63735
15696000.0 -311.48966
15700000.0 -311.33886
15704000.0 -311.18819
15708000.0 -311.03928
15712000.0 -310.88889
15716000.0 -310.74025
15720000.0 -310.59337
15724000.0 -310.44338
15728000.0 -310.29677
15732000.0 -310.15028
15736000.0 -310.0007
15740000.0 -309.84962
15744000.0 -309.7003
15748000.0 -309.55274
15752000.0 -309.40207
15756000.0 -309.25316
15760000.0 -309.10438
15764000.0 -308.95897
15768000.0 -308.80884
15772000.0 -308.66207
15776000.0 -308.51221
15780000.0 -308.36248
15784000.0 -308.21613
15788000.0 -308.06828
15792000.0 -307.9238
15796000.0 -307.77784
15800000.0 -307.63039
15804000.0 -307.48308
15808000.0 -307.33913
15812000.0 -307.18885
15816000.0 -307.04516
15820000.0 -306.9016
15824000.0 -306.75494
15828000.0 -306.61003
15832000.0 -306.46364
15836000.0 -306.31738
15840000.0 -306.17286
15844000.0 -306.03008
15848000.0 -305.88582
15852000.0 -305.74169
15856000.0 -305.59447
15860000.0 -305.45061
15864000.0 -305.30687
15868000.0 -305.16165
15872000.0 -305.01978
15876000.0 -304.87643
15880000.0 -304.72999
15884000.0 -304.58529
15888000.0 -304.43911
15892000.0 -304.29467
15896000.0 -304.15036
15900000.0 -303.99815
15904000.0 -303.85411
15908000.0 -303.71341
15912000.0 -303.57284
15916000.0 -303.42757
15920000.0 -303.28083
15924000.0 -303.13422
15928000.0 -302.98774
15932000.0 -302.84621
15936000.0 -302.7016
15940000.0 -302.56033
15944000.0 -302.41757
15948000.0 -302.27816
15952000.0 -302.13566
15956000.0 -301.99489
15960000.0 -301.84944
15964000.0 -301.70893
15968000.0 -301.57015
15972000.0 -301.42829
15976000.0 -301.28655
15980000.0 -301.14174
15984000.0 -301.00346
15988000.0 -300.86051
15992000.0 -300.72088
15996000.0 -300.57978
16000000.0 -300.44041
16004000.0 -300.30276
16008000.0 -300.16204
16012000.0 -300.02304
16016000.0 -299.88097
16020000.0 -299.74062
16024000.0 -299.6004
16028000.0 -299.46351
16032000.0 -299.32354
16036000.0 -299.18529
16040000.0 -299.04717
16044000.0 -298.90917
16048000.0 -298.77289
16052000.0 -298.63354
16056000.0 -298.49591
16060000.0 -298.35522
16064000.0 -298.21464
16068000.0 -298.07579
16072000.0 -297.94026
16076000.0 -297.80166
16080000.0 -297.66318
16084000.0 -297.52482
16088000.0 -297.385
16092000.0 -297.24689
16096000.0 -297.1105
16100000.0 -296.97424
16104000.0 -296.8381
16108000.0 -296.70207
16112000.0 -296.56777
16116000.0 -296.4288
16120000.0 -296.29315
16124000.0 -296.15284
16128000.0 -296.01584
16132000.0 -295.88214
16136000.0 -295.74538
16140000.0 -295.60875
16144000.0 -295.47382
16148000.0 -295.33743
16152000.0 -295.20116
16156000.0 -295.06501
16160000.0 -294.92899
16164000.0 -294.79149
16168000.0 -294.65571
16172000.0 -294.51846
16176000.0 -294.38293
16180000.0 -294.24434
16184000.0 -294.11063
16188000.0 -293.97864
16192000.0 -293.842
16196000.0 -293.70707
16200000.0 -293.57226
16204000.0 -293.44074
16208000.0 -293.30617
16212000.0 -293.17331
16216000.0 -293.04056
16220000.0 -292.90318
16224000.0 -292.76908
16228000.0 -292.6367
16232000.0 -292.50284
16236000.0 -292.36753
16240000.0 -292.23233
16244000.0 -292.09726
16248000.0 -291.96706
16252000.0 -291.83222
16256000.0 -291.69909
16260000.0 -291.56924
16264000.0 -291.43318
16268000.0 -291.30198
16272000.0 -291.17091
16276000.0 -291.03837
16280000.0 -290.90436
16284000.0 -290.77522
16288000.0 -290.64303
16292000.0 -290.51096
16296000.0 -290.38059
16300000.0 -290.2456
16304000.0 -290.1123
16308000.0 -289.97912
16312000.0 -289.8508
16316000.0 -289.71629
16320000.0 -289.58662
16324000.0 -289.45865
16328000.0 -289.32764
16332000.0 -289.19675
16336000.0 -289.06912
16340000.0 -288.93846
16344000.0 -288.80633
16348000.0 -288.67748
16352000.0 -288.53771
16356000.0 -288.40437
16360000.0 -288.2743
16364000.0 -288.14435
16368000.0 -288.01293
16372000.0 -287.88164
16376000.0 -287.75204
16380000.0 -287.62097
16384000.0 -287.49475
16388000.0 -287.36235
16392000.0 -287.22848
16396000.0 -287.10103
16400000.0 -286.97527
16404000.0 -286.84647
16408000.0 -286.71465
16412000.0 -286.58608
16416000.0 -286.45921
16420000.0 -286.33244
16424000.0 -286.20108
16428000.0 -286.07454
16432000.0 -285.94655
16436000.0 -285.81552
16440000.0 -285.68776
16444000.0 -285.55854
16448000.0 -285.43415
16452000.0 -285.30672
16456000.0 -285.18098
16460000.0 -285.05222
16464000.0 -284.92827
16468000.0 -284.80443
16472000.0 -284.67757
16476000.0 -284.55082
16480000.0 -284.41948
16484000.0 -284.29296
16488000.0 -284.16342
16492000.0 -284.0387
16496000.0 -283.91095
16500000.0 -283.78645
16504000.0 -283.66363
16508000.0 -283.54091
16512000.0 -283.41361
16516000.0 -283.28798
16520000.0 -283.16247
16524000.0 -283.03551
16528000.0 -282.90865
16532000.0 -282.78504
16536000.0 -282.65998
16540000.0 -282.53502
16544000.0 -282.41174
16548000.0 -282.28701
16552000.0 -282.16082
16556000.0 -282.03006
16560000.0 -281.90723
16564000.0 -281.77982
16568000.0 -281.65721
16572000.0 -281.5347
16576000.0 -281.41231
16580000.0 -281.29002
16584000.0 -281.16628
16588000.0 -281.04577
16592000.0 -280.91913
16596000.0 -280.79417
16600000.0 -280.67087
16604000.0 -280.54612
16608000.0 -280.42461
16612000.0 -280.30164
16616000.0 -280.17722
16620000.0 -280.05136
16624000.0 -279.93028
16628000.0 -279.80309
16632000.0 -279.68223
16636000.0 -279.55992
16640000.0 -279.43927
16644000.0 -279.31562
16648000.0 -279.19364
16652000.0 -279.07332
16656000.0 -278.95155
16660000.0 -278.82834
16664000.0 -278.70834
16668000.0 -278.58535
16672000.0 -278.46557
16676000.0 -278.34434
16680000.0 -278.22322
16684000.0 -278.10065
16688000.0 -277.9813
16692000.0 -277.86205
16696000.0 -277.74446
16700000.0 -277.62698
16704000.0 -277.50649
16708000.0 -277.38301
16712000.0 -277.26585
16716000.0 -277.14568
16720000.0 -277.02407
16724000.0 -276.90567
16728000.0 -276.78893
16732000.0 -276.66918
16736000.0 -276.54955
16740000.0 -276.43002
16744000.0 -276.31214
16748000.0 -276.19437
16752000.0 -276.07515
16756000.0 -275.9545
16760000.0 -275.83859
16764000.0 -275.72123
16768000.0 -275.60398
16772000.0 -275.48684
16776000.0 -275.37134
16780000.0 -275.25595
16784000.0 -275.13292
16788000.0 -275.0131
16792000.0 -274.89184
16796000.0 -274.77068
16800000.0 -274.65582
16804000.0 -274.54105
16808000.0 -274.4233
16812000.0 -274.30874
16816000.0 -274.19119
16820000.0 -274.07529
16824000.0 -273.96103
16828000.0 -273.84379
16832000.0 -273.72203
16836000.0 -273.60808
16840000.0 -273.4927
16844000.0 -273.37587
16848000.0 -273.26069
16852000.0 -273.13944
16856000.0 -273.02601
16860000.0 -272.91268
16864000.0 -272.79637
16868000.0 -272.68016
16872000.0 -272.56405
16876000.0 -272.44805
16880000.0 -272.33368
16884000.0 -272.21788
16888000.0 -272.10064
16892000.0 -271.98505
16896000.0 -271.86801
16900000.0 -271.75108
16904000.0 -271.63579
16908000.0 -271.52215
16912000.0 -271.4086
16916000.0 -271.29515
16920000.0 -271.1818
16924000.0 -271.06702
16928000.0 -270.9508
16932000.0 -270.83775
16936000.0 -270.72327
16940000.0 -270.60889
16944000.0 -270.49768
16948000.0 -270.37736
16952000.0 -270.26635
16956000.0 -270.15237
16960000.0 -270.03543
16964000.0 -269.92165
16968000.0 -269.80798
16972000.0 -269.69747
16976000.0 -269.58706
16980000.0 -269.47522
16984000.0 -269.36194
16988000.0 -269.24569
16992000.0 -269.13261
16996000.0 -269.01964
17000000.0 -268.90522
17004000.0 -268.79245
17008000.0 -268.6767
17012000.0 -268.56413
17016000.0 -268.45012
17020000.0 -268.33927
17024000.0 -268.22546
17028000.0 -268.11022
17032000.0 -267.99814
17036000.0 -267.88158
17040000.0 -267.76817
17044000.0 -267.65792
17048000.0 -267.54471
17052000.0 -267.43618
17056000.0 -267.32623
17060000.0 -267.21637
17064000.0 -267.10202
17068000.0 -266.9893
17072000.0 -266.87515
17076000.0 -266.76263
17080000.0 -266.65173
17084000.0 -266.53941
17088000.0 -266.42718
17092000.0 -266.31505
17096000.0 -266.20302
17100000.0 -266.09262
17104000.0 -265.98536
17108000.0 -265.87515
17112000.0 -265.76503
17116000.0 -265.65043
17120000.0 -265.53899
17124000.0 -265.42764
17128000.0 -265.31487
17132000.0 -265.2083
17136000.0 -265.10029
17140000.0 -264.98933
17144000.0 -264.87695
17148000.0 -264.76619
17152000.0 -264.65553
17156000.0 -264.54649
17160000.0 -264.43754
17164000.0 -264.33173
17168000.0 -264.2245
17172000.0 -264.11583
17176000.0 -264.01031
17180000.0 -263.89879
17184000.0 -263.79345
17188000.0 -263.68365
17192000.0 -263.5785
17196000.0 -263.46889
17200000.0 -263.3624
17204000.0 -263.25602
17208000.0 -263.14516
17212000.0 -263.03593
17216000.0 -262.92831
17220000.0 -262.81623
17224000.0 -262.7088
17228000.0 -262.60146
17232000.0 -262.49119
17236000.0 -262.38404
17240000.0 -262.27851
17244000.0 -262.17155
17248000.0 -262.06621
17252000.0 -261.95792
17256000.0 -261.85427
17260000.0 -261.74617
17264000.0 -261.64271
17268000.0 -261.5348
17272000.0 -261.42849
17276000.0 -261.32531
17280000.0 -261.21918
17284000.0 -261.10861
17288000.0 -261.00268
17292000.0 -260.89533
17296000.0 -260.78958
17300000.0 -260.68241
17304000.0 -260.57836
17308000.0 -260.4744
17312000.0 -260.36902
17316000.0 -260.26525
17320000.0 -260.154
17324000.0 -260.05042
17328000.0 -259.94541
17332000.0 -259.84049
17336000.0 -259.73718
17340000.0 -259.62942
17344000.0 -259.51875
17348000.0 -259.41269
17352000.0 -259.30673
17356000.0 -259.20388
17360000.0 -259.0966
17364000.0 -258.99242
17368000.0 -258.88532
17372000.0 -258.78133
17376000.0 -258.67894
17380000.0 -258.57362
17384000.0 -258.47141
17388000.0 -258.36628
17392000.0 -258.26123
17396000.0 -258.15779
17400000.0 -258.05293
17404000.0 -257.94967
17408000.0 -257.848
17412000.0 -257.74642
17416000.0 -257.64493
17420000.0 -257.54051
17424000.0 -257.4392
17428000.0 -257.33798
17432000.0 -257.23383
17436000.0 -257.13278
17440000.0 -257.03183
17444000.0 -256.92795
17448000.0 -256.82867
17452000.0 -256.72798
17456000.0 -256.62587
17460000.0 -256.52384
17464000.0 -256.42341
17468000.0 -256.31706
17472000.0 -256.21681
17476000.0 -256.11815
17480000.0 -256.01657
17484000.0 -255.91508
17488000.0 -255.81368
17492000.0 -255.71237
17496000.0 -255.60814
17500000.0 -255.507
17504000.0 -255.40596
17508000.0 -255.3065
17512000.0 -255.20412
17516000.0 -255.10184
17520000.0 -255.00114
17524000.0 -254.90353
17528000.0 -254.80451
17532000.0 -254.70557
17536000.0 -254.60522
17540000.0 -254.50496
17544000.0 -254.40479
17548000.0 -254.3047
17552000.0 -254.2032
17556000.0 -254.1018
17560000.0 -254.00048
17564000.0 -253.90224
17568000.0 -253.80558
17572000.0 -253.70602
17576000.0 -253.60354
17580000.0 -253.50415
17584000.0 -253.40784
17588000.0 -253.31161
17592000.0 -253.21098
17596000.0 -253.11043
17600000.0 -253.00848
