0.0 45.673174
200.0 45.648652
400.0 45.634741
600.0 45.664139
800.0 45.677881
1000.0 45.711513
1200.0 45.734307
1400.0 45.737109
1600.0 45.69805
1800.0 45.695274
2000.0 45.639983
2200.0 45.678082
2400.0 45.672651
2600.0 45.714773
2800.0 45.709653
3000.0 45.705349
3200.0 45.696777
3400.0 45.681914
3600.0 45.683451
3800.0 45.653632
4000.0 45.684223
4200.0 45.694262
4400.0 45.689784
4600.0 45.706999
4800.0 45.697076
5000.0 45.700309
5200.0 45.680349
5400.0 45.68443
5600.0 45.675687
5800.0 45.715759
6000.0 45.704789
6200.0 45.731659
6400.0 45.721643
6600.0 45.696324
6800.0 45.685361
7000.0 45.679025
7200.0 45.665067
7400.0 45.679312
7600.0 45.680327
7800.0 45.708235
8000.0 45.713131
8200.0 45.70803
8400.0 45.696018
8600.0 45.669538
8800.0 45.656332
9000.0 45.680213
9200.0 45.709957
9400.0 45.712692
9600.0 45.732855
9800.0 45.727292
10000.0 45.69205
10200.0 45.66221
10400.0 45.651456
10600.0 45.643959
10800.0 45.657544
11000.0 45.703223
11200.0 45.733935
11400.0 45.761613
11600.0 45.724614
11800.0 45.684345
12000.0 45.668433
12200.0 45.671236
12400.0 45.665404
12600.0 45.699498
12800.0 45.709082
13000.0 45.712095
13200.0 45.705895
13400.0 45.701613
13600.0 45.66918
13800.0 45.673245
14000.0 45.667779
14200.0 45.690924
14400.0 45.690245
14600.0 45.710301
14800.0 45.698173
15000.0 45.704863
15200.0 45.67995
15400.0 45.675983
15600.0 45.6587
15800.0 45.678284
16000.0 45.696864
16200.0 45.726561
16400.0 45.745853
16600.0 45.737279
16800.0 45.713986
17000.0 45.674686
17200.0 45.66315
17400.0 45.656172
17600.0 45.679818
17800.0 45.70536
18000.0 45.707073
18200.0 45.716464
18400.0 45.703989
18600.0 45.679669
18800.0 45.672026
19000.0 45.669864
19200.0 45.67423
19400.0 45.695661
19600.0 45.732623
19800.0 45.72076
20000.0 45.720905
20200.0 45.712516
20400.0 45.691739
20600.0 45.687448
20800.0 45.690922
21000.0 45.69985
21200.0 45.678665
21400.0 45.690235
21600.0 45.703811
21800.0 45.682761
22000.0 45.677847
22200.0 45.689146
22400.0 45.686026
22600.0 45.678591
22800.0 45.67941
23000.0 45.684773
23200.0 45.694945
23400.0 45.699343
23600.0 45.705073
23800.0 45.693397
24000.0 45.713111
24200.0 45.696474
24400.0 45.698458
24600.0 45.694259
24800.0 45.701719
25000.0 45.679262
25200.0 45.684269
25400.0 45.677616
25600.0 45.684819
25800.0 45.677464
26000.0 45.693645
26200.0 45.697848
26400.0 45.712071
26600.0 45.706814
26800.0 45.690753
27000.0 45.694038
27200.0 45.679607
27400.0 45.688616
27600.0 45.677226
27800.0 45.711493
28000.0 45.715245
28200.0 45.720956
28400.0 45.696531
28600.0 45.680648
28800.0 45.651099
29000.0 45.660451
29200.0 45.658378
29400.0 45.709211
29600.0 45.726381
29800.0 45.731026
30000.0 45.72803
30200.0 45.693395
30400.0 45.691252
30600.0 45.675011
30800.0 45.689342
31000.0 45.701158
31200.0 45.711261
31400.0 45.688999
31600.0 45.682714
31800.0 45.68693
32000.0 45.661242
32200.0 45.691488
32400.0 45.687745
32600.0 45.692511
32800.0 45.709837
33000.0 45.690965
33200.0 45.686906
33400.0 45.692557
33600.0 45.684766
33800.0 45.703942
34000.0 45.71302
34200.0 45.719196
34400.0 45.707096
34600.0 45.696399
34800.0 45.671835
35000.0 45.658496
35200.0 45.652474
35400.0 45.675387
35600.0 45.704446
35800.0 45.72326
36000.0 45.728195
36200.0 45.711966
36400.0 45.676732
36600.0 45.659926
36800.0 45.670403
37000.0 45.679731
37200.0 45.700444
37400.0 45.721625
37600.0 45.723783
37800.0 45.704733
38000.0 45.705591
38200.0 45.699109
38400.0 45.672587
38600.0 45.686434
38800.0 45.672175
39000.0 45.700969
39200.0 45.684266
39400.0 45.706176
39600.0 45.682505
39800.0 45.69177
40000.0 45.689019
40200.0 45.685868
40400.0 45.702469
40600.0 45.704248
40800.0 45.703513
41000.0 45.707327
41200.0 45.705613
41400.0 45.71107
41600.0 45.693921
41800.0 45.705196
42000.0 45.674914
42200.0 45.677488
42400.0 45.663113
42600.0 45.689056
42800.0 45.69697
43000.0 45.728709
43200.0 45.711414
43400.0 45.685059
43600.0 45.657979
43800.0 45.65365
44000.0 45.657272
44200.0 45.696026
44400.0 45.725792
44600.0 45.729665
44800.0 45.71314
45000.0 45.706703
45200.0 45.671004
45400.0 45.662997
45600.0 45.660581
45800.0 45.663446
46000.0 45.696641
46200.0 45.704703
46400.0 45.720871
46600.0 45.706033
46800.0 45.713525
47000.0 45.676826
47200.0 45.690515
47400.0 45.684401
47600.0 45.683621
47800.0 45.703497
48000.0 45.683387
48200.0 45.705658
48400.0 45.678744
48600.0 45.689107
48800.0 45.678396
49000.0 45.679308
49200.0 45.696315
49400.0 45.706175
49600.0 45.69352
49800.0 45.718638
50000.0 45.705437
50200.0 45.707865
50400.0 45.715168
50600.0 45.696071
50800.0 45.691411
51000.0 45.681955
51200.0 45.674611
51400.0 45.675855
51600.0 45.700524
51800.0 45.705717
52000.0 45.711982
52200.0 45.709774
52400.0 45.674276
52600.0 45.67145
52800.0 45.674344
53000.0 45.671201
53200.0 45.727874
53400.0 45.740316
53600.0 45.744424
53800.0 45.733229
54000.0 45.70456
54200.0 45.674645
54400.0 45.659425
54600.0 45.673858
54800.0 45.681252
55000.0 45.697038
55200.0 45.691808
55400.0 45.697192
55600.0 45.693634
55800.0 45.668835
56000.0 45.66337
56200.0 45.679857
56400.0 45.686435
56600.0 45.706516
56800.0 45.727944
57000.0 45.715759
57200.0 45.692686
57400.0 45.686588
57600.0 45.675892
57800.0 45.669844
58000.0 45.690593
58200.0 45.711363
58400.0 45.727706
58600.0 45.712602
58800.0 45.71123
59000.0 45.673804
59200.0 45.623567
59400.0 45.630726
59600.0 45.659603
59800.0 45.698036
60000.0 45.73397
60200.0 45.732002
60400.0 45.710716
60600.0 45.706279
60800.0 45.684018
61000.0 45.683776
61200.0 45.699783
61400.0 45.688742
61600.0 45.701301
61800.0 45.720063
62000.0 45.694599
62200.0 45.695713
62400.0 45.689353
62600.0 45.66613
62800.0 45.65105
63000.0 45.673591
63200.0 45.700415
63400.0 45.709329
63600.0 45.725611
63800.0 45.732553
64000.0 45.699732
64200.0 45.685741
64400.0 45.673646
64600.0 45.697758
64800.0 45.686682
65000.0 45.746204
65200.0 45.76407
65400.0 45.732292
65600.0 45.726685
65800.0 45.692699
66000.0 45.662304
66200.0 45.659306
66400.0 45.697485
66600.0 45.676379
66800.0 45.697827
67000.0 45.684361
67200.0 45.689655
67400.0 45.699704
67600.0 45.699636
67800.0 45.679956
68000.0 45.69313
68200.0 45.684244
68400.0 45.700741
68600.0 45.684361
68800.0 45.701377
69000.0 45.694967
69200.0 45.689847
69400.0 45.689093
69600.0 45.691258
69800.0 45.692963
70000.0 45.669672
70200.0 45.666832
70400.0 45.662666
70600.0 45.698245
70800.0 45.689174
71000.0 45.709241
71200.0 45.714279
71400.0 45.720888
71600.0 45.695637
71800.0 45.679904
72000.0 45.681866
72200.0 45.659924
72400.0 45.68843
72600.0 45.706004
72800.0 45.710681
73000.0 45.719572
73200.0 45.710179
73400.0 45.672187
73600.0 45.642934
73800.0 45.651141
74000.0 45.644315
74200.0 45.68729
74400.0 45.732516
74600.0 45.739435
74800.0 45.747703
75000.0 45.711094
75200.0 45.681783
75400.0 45.675102
75600.0 45.669306
75800.0 45.691659
76000.0 45.689002
76200.0 45.703379
76400.0 45.699623
76600.0 45.68297
76800.0 45.691127
77000.0 45.673744
77200.0 45.686484
77400.0 45.677385
77600.0 45.696646
77800.0 45.728865
78000.0 45.709076
78200.0 45.719265
78400.0 45.71355
78600.0 45.688223
78800.0 45.670384
79000.0 45.657039
79200.0 45.661255
79400.0 45.69152
79600.0 45.731998
79800.0 45.732552
80000.0 45.701816
80200.0 45.706542
80400.0 45.663475
80600.0 45.646664
80800.0 45.677857
81000.0 45.687053
81200.0 45.723863
81400.0 45.727693
81600.0 45.729262
81800.0 45.714927
82000.0 45.693173
82200.0 45.646039
82400.0 45.672564
82600.0 45.668715
82800.0 45.706417
83000.0 45.698643
83200.0 45.720599
83400.0 45.713309
83600.0 45.677264
83800.0 45.663603
84000.0 45.665886
84200.0 45.672685
84400.0 45.690825
84600.0 45.721
84800.0 45.723535
85000.0 45.724041
85200.0 45.698364
85400.0 45.682119
85600.0 45.674252
85800.0 45.667434
86000.0 45.68292
86200.0 45.707934
86400.0 45.702433
86600.0 45.73025
86800.0 45.709533
87000.0 45.674079
87200.0 45.64866
87400.0 45.634915
87600.0 45.664603
87800.0 45.708896
88000.0 45.728824
88200.0 45.751717
88400.0 45.727915
88600.0 45.69475
88800.0 45.67631
89000.0 45.660363
89200.0 45.665346
89400.0 45.673235
89600.0 45.701729
89800.0 45.707049
90000.0 45.718146
90200.0 45.720485
90400.0 45.689177
90600.0 45.680929
90800.0 45.678203
91000.0 45.672461
91200.0 45.721528
91400.0 45.724641
91600.0 45.72054
91800.0 45.722832
92000.0 45.705882
92200.0 45.681524
92400.0 45.686367
92600.0 45.674811
92800.0 45.690538
93000.0 45.696315
93200.0 45.703643
93400.0 45.699118
93600.0 45.67586
93800.0 45.673039
94000.0 45.679694
94200.0 45.683335
94400.0 45.683319
94600.0 45.712635
94800.0 45.71118
95000.0 45.725036
95200.0 45.714015
95400.0 45.683337
95600.0 45.672844
95800.0 45.680088
96000.0 45.675202
96200.0 45.711232
96400.0 45.712918
96600.0 45.733107
96800.0 45.720815
97000.0 45.686586
97200.0 45.650023
97400.0 45.662078
97600.0 45.662109
97800.0 45.67384
98000.0 45.723032
98200.0 45.736492
98400.0 45.737501
98600.0 45.707747
98800.0 45.706715
99000.0 45.660606
99200.0 45.665074
99400.0 45.686416
99600.0 45.717428
99800.0 45.707366
100000.0 45.713842
