0.0 -2758.8901
200.0 -2756.3885
400.0 -2724.1169
600.0 -2698.7527
800.0 -2679.343
1000.0 -2680.754
1200.0 -2702.2505
1400.0 -2696.2126
1600.0 -2702.8089
1800.0 -2684.374
2000.0 -2701.8636
2200.0 -2716.8905
2400.0 -2679.4235
2600.0 -2692.5243
2800.0 -2732.0303
3000.0 -2739.294
3200.0 -2719.6232
3400.0 -2734.7695
3600.0 -2759.2523
3800.0 -2772.6045
4000.0 -2791.0154
4200.0 -2772.3407
4400.0 -2767.2466
4600.0 -2798.1296
4800.0 -2792.1719
5000.0 -2802.0826
5200.0 -2776.0013
5400.0 -2807.7038
5600.0 -2809.0046
5800.0 -2805.6177
6000.0 -2790.6978
6200.0 -2772.636
6400.0 -2798.684
6600.0 -2827.0879
6800.0 -2829.7036
7000.0 -2777.5811
7200.0 -2787.5083
7400.0 -2785.9686
7600.0 -2822.4092
7800.0 -2804.9461
8000.0 -2811.9885
8200.0 -2823.6257
8400.0 -2824.7456
8600.0 -2837.8528
8800.0 -2824.2372
9000.0 -2836.7024
9200.0 -2853.674
9400.0 -2838.4971
9600.0 -2841.8648
9800.0 -2838.1185
10000.0 -2838.9656
10200.0 -2830.6538
10400.0 -2848.6283
10600.0 -2836.0529
10800.0 -2824.6662
11000.0 -2801.3305
11200.0 -2810.7158
11400.0 -2811.2504
11600.0 -2808.1006
11800.0 -2787.9369
12000.0 -2810.5067
12200.0 -2828.5269
12400.0 -2814.7529
12600.0 -2805.4622
12800.0 -2820.152
13000.0 -2835.8354
13200.0 -2831.3979
13400.0 -2805.8654
13600.0 -2802.9202
13800.0 -2797.3179
14000.0 -2767.565
14200.0 -2753.5984
14400.0 -2784.5478
14600.0 -2810.8511
14800.0 -2776.7657
15000.0 -2764.7076
15200.0 -2779.1783
15400.0 -2796.2228
15600.0 -2778.249
15800.0 -2774.1172
16000.0 -2779.8897
16200.0 -2786.4327
16400.0 -2776.4951
16600.0 -2745.7831
16800.0 -2730.4149
17000.0 -2722.1416
17200.0 -2722.2919
17400.0 -2725.5469
17600.0 -2717.4388
17800.0 -2710.306
18000.0 -2723.6173
18200.0 -2749.0831
18400.0 -2762.5763
18600.0 -2741.1071
18800.0 -2714.6988
19000.0 -2728.7988
19200.0 -2751.9829
19400.0 -2751.5696
19600.0 -2747.8243
19800.0 -2741.264
20000.0 -2763.9975
20200.0 -2779.1899
20400.0 -2775.9646
20600.0 -2816.1589
20800.0 -2815.0971
21000.0 -2824.4364
21200.0 -2793.2948
21400.0 -2806.512
21600.0 -2809.9535
21800.0 -2818.362
22000.0 -2810.3826
22200.0 -2760.4775
22400.0 -2779.1947
22600.0 -2782.2133
22800.0 -2795.418
23000.0 -2756.3702
23200.0 -2739.8337
23400.0 -2752.8831
23600.0 -2759.7651
23800.0 -2766.033
24000.0 -2759.8914
24200.0 -2731.4078
24400.0 -2725.9197
24600.0 -2720.803
24800.0 -2732.2643
25000.0 -2742.6898
25200.0 -2741.4251
25400.0 -2754.6235
25600.0 -2777.4951
25800.0 -2795.2745
26000.0 -2789.2065
26200.0 -2783.6012
26400.0 -2816.303
26600.0 -2844.394
26800.0 -2865.3954
27000.0 -2843.0574
27200.0 -2834.6124
27400.0 -2839.4574
27600.0 -2844.815
27800.0 -2851.7876
28000.0 -2840.5869
28200.0 -2853.3257
28400.0 -2841.6561
28600.0 -2832.78
28800.0 -2842.4519
29000.0 -2869.5158
29200.0 -2882.3016
29400.0 -2881.038
29600.0 -2867.8735
29800.0 -2881.4895
30000.0 -2887.9368
30200.0 -2897.5177
30400.0 -2879.09
30600.0 -2860.2406
30800.0 -2866.047
31000.0 -2852.1994
31200.0 -2858.1847
31400.0 -2822.4418
31600.0 -2839.3204
31800.0 -2862.7861
32000.0 -2832.045
32200.0 -2820.4555
32400.0 -2827.0291
32600.0 -2858.0966
32800.0 -2855.9963
33000.0 -2855.5554
33200.0 -2841.1868
33400.0 -2854.9617
33600.0 -2838.2546
33800.0 -2832.3072
34000.0 -2825.7324
34200.0 -2817.0737
34400.0 -2808.8344
34600.0 -2795.6166
34800.0 -2797.2653
35000.0 -2793.8333
35200.0 -2800.3862
35400.0 -2790.9628
35600.0 -2757.2571
35800.0 -2738.2157
36000.0 -2726.2422
36200.0 -2750.289
36400.0 -2758.9181
36600.0 -2751.99
36800.0 -2776.7505
37000.0 -2754.8706
37200.0 -2778.3783
37400.0 -2812.9375
37600.0 -2830.7263
37800.0 -2817.2396
38000.0 -2805.9696
38200.0 -2818.1854
38400.0 -2811.225
38600.0 -2812.4202
38800.0 -2780.8953
39000.0 -2798.9221
39200.0 -2787.4117
39400.0 -2782.3803
39600.0 -2764.7664
39800.0 -2795.081
40000.0 -2808.3826
40200.0 -2818.2964
40400.0 -2801.3588
40600.0 -2837.7432
40800.0 -2833.0092
41000.0 -2833.1823
41200.0 -2826.6621
41400.0 -2845.3195
41600.0 -2838.2609
41800.0 -2822.4651
42000.0 -2838.6392
42200.0 -2850.0505
42400.0 -2849.0883
42600.0 -2822.786
42800.0 -2808.9045
43000.0 -2827.9835
43200.0 -2818.9719
43400.0 -2823.6009
43600.0 -2817.8438
43800.0 -2808.518
44000.0 -2801.6925
44200.0 -2816.7177
44400.0 -2813.6705
44600.0 -2802.3635
44800.0 -2792.9248
45000.0 -2807.5744
45200.0 -2808.7895
45400.0 -2775.8473
45600.0 -2767.4777
45800.0 -2785.6816
46000.0 -2789.5764
46200.0 -2754.292
46400.0 -2737.8329
46600.0 -2768.2332
46800.0 -2781.0936
47000.0 -2790.4372
47200.0 -2768.4079
47400.0 -2761.7786
47600.0 -2763.8129
47800.0 -2787.4302
48000.0 -2803.7487
48200.0 -2807.4275
48400.0 -2788.3033
48600.0 -2797.9868
48800.0 -2805.0138
49000.0 -2805.7527
49200.0 -2782.3965
49400.0 -2775.7309
49600.0 -2765.2992
49800.0 -2750.872
50000.0 -2745.8758
50200.0 -2744.1459
50400.0 -2735.7935
50600.0 -2719.6865
50800.0 -2719.5494
51000.0 -2742.9578
51200.0 -2741.2234
51400.0 -2748.6981
51600.0 -2761.4468
51800.0 -2751.3643
52000.0 -2765.7419
52200.0 -2785.2907
52400.0 -2807.198
52600.0 -2816.7768
52800.0 -2813.2784
53000.0 -2812.2435
53200.0 -2800.5561
53400.0 -2809.4364
53600.0 -2828.7579
53800.0 -2827.2553
54000.0 -2827.9152
54200.0 -2821.8588
54400.0 -2816.5664
54600.0 -2801.6034
54800.0 -2833.2969
55000.0 -2813.3411
55200.0 -2811.3852
55400.0 -2801.9402
55600.0 -2791.4469
55800.0 -2795.9809
56000.0 -2795.5993
56200.0 -2792.49
56400.0 -2790.0277
56600.0 -2794.6346
56800.0 -2792.4099
57000.0 -2791.9713
57200.0 -2799.2277
57400.0 -2802.4203
57600.0 -2790.5301
57800.0 -2782.7611
58000.0 -2760.5708
58200.0 -2746.3013
58400.0 -2755.8305
58600.0 -2760.9553
58800.0 -2789.8539
59000.0 -2806.1673
59200.0 -2795.0357
59400.0 -2798.3602
59600.0 -2802.2616
59800.0 -2797.4154
60000.0 -2773.9539
60200.0 -2767.7989
60400.0 -2776.9454
60600.0 -2807.7801
60800.0 -2780.6259
61000.0 -2774.888
61200.0 -2777.8605
61400.0 -2781.1767
61600.0 -2789.0006
61800.0 -2796.7624
62000.0 -2807.1402
62200.0 -2801.5513
62400.0 -2772.2034
62600.0 -2786.5026
62800.0 -2791.7915
63000.0 -2786.2888
63200.0 -2753.9628
63400.0 -2759.5547
63600.0 -2761.5186
63800.0 -2756.4609
64000.0 -2741.8742
64200.0 -2751.6613
64400.0 -2758.6488
64600.0 -2749.6218
64800.0 -2764.7249
65000.0 -2764.594
65200.0 -2792.8608
65400.0 -2813.4123
65600.0 -2827.8607
65800.0 -2819.3977
66000.0 -2832.3297
66200.0 -2845.2524
66400.0 -2856.3221
66600.0 -2842.3924
66800.0 -2852.6606
67000.0 -2875.2709
67200.0 -2884.6149
67400.0 -2886.3967
67600.0 -2864.0305
67800.0 -2870.5879
68000.0 -2852.5545
68200.0 -2843.4931
68400.0 -2847.5202
68600.0 -2865.2515
68800.0 -2858.0032
69000.0 -2844.4028
69200.0 -2843.5627
69400.0 -2838.425
69600.0 -2840.5097
69800.0 -2827.5504
70000.0 -2851.8247
70200.0 -2852.9229
70400.0 -2879.9006
70600.0 -2859.5238
70800.0 -2829.9315
71000.0 -2850.5832
71200.0 -2838.4359
71400.0 -2852.3134
71600.0 -2839.3905
71800.0 -2848.8847
72000.0 -2832.771
72200.0 -2831.58
72400.0 -2824.5685
72600.0 -2828.6815
72800.0 -2814.7149
73000.0 -2801.7986
73200.0 -2801.4299
73400.0 -2808.258
73600.0 -2809.4265
73800.0 -2797.3812
74000.0 -2794.9015
74200.0 -2775.2734
74400.0 -2780.8149
74600.0 -2784.1297
74800.0 -2763.4357
75000.0 -2765.4919
75200.0 -2775.3052
75400.0 -2790.0326
75600.0 -2796.5577
75800.0 -2804.9091
76000.0 -2805.7899
76200.0 -2813.4342
76400.0 -2834.0874
76600.0 -2845.2329
76800.0 -2855.0875
77000.0 -2830.9229
77200.0 -2830.2192
77400.0 -2825.6023
77600.0 -2817.74
77800.0 -2804.1102
78000.0 -2820.9923
78200.0 -2792.0452
78400.0 -2784.0753
78600.0 -2779.161
78800.0 -2809.7383
79000.0 -2789.6974
79200.0 -2783.2366
79400.0 -2812.5144
79600.0 -2835.8723
79800.0 -2821.3359
80000.0 -2805.4398
80200.0 -2802.3958
80400.0 -2800.5801
80600.0 -2797.6103
80800.0 -2784.4663
81000.0 -2809.0374
81200.0 -2784.0348
81400.0 -2781.9622
81600.0 -2766.4567
81800.0 -2768.3678
82000.0 -2787.579
82200.0 -2809.739
82400.0 -2817.977
82600.0 -2822.4972
82800.0 -2820.7366
83000.0 -2841.4633
83200.0 -2841.7632
83400.0 -2845.5494
83600.0 -2848.5881
83800.0 -2869.7357
84000.0 -2873.4781
84200.0 -2869.1374
84400.0 -2845.7421
84600.0 -2849.3616
84800.0 -2860.3517
85000.0 -2862.7378
85200.0 -2846.0368
85400.0 -2847.6954
85600.0 -2845.1233
85800.0 -2849.5556
86000.0 -2814.7005
86200.0 -2824.684
86400.0 -2823.7646
86600.0 -2807.1936
86800.0 -2774.1753
87000.0 -2762.9567
87200.0 -2760.2182
87400.0 -2757.9525
87600.0 -2752.8344
87800.0 -2734.4754
88000.0 -2739.5108
88200.0 -2765.9266
88400.0 -2760.3499
88600.0 -2716.4887
88800.0 -2714.338
89000.0 -2718.6543
89200.0 -2736.5613
89400.0 -2717.8315
89600.0 -2708.694
89800.0 -2688.2788
90000.0 -2671.0066
90200.0 -2654.0265
90400.0 -2672.3652
90600.0 -2675.705
90800.0 -2682.6864
91000.0 -2677.9424
91200.0 -2693.8097
91400.0 -2730.9925
91600.0 -2743.83
91800.0 -2727.1958
92000.0 -2719.7825
92200.0 -2726.24
92400.0 -2726.4946
92600.0 -2724.4137
92800.0 -2722.3036
93000.0 -2717.1072
93200.0 -2715.4611
93400.0 -2688.9722
93600.0 -2711.4474
93800.0 -2718.1837
94000.0 -2737.2331
94200.0 -2713.7365
94400.0 -2710.7454
94600.0 -2745.2451
94800.0 -2786.1755
95000.0 -2790.3175
95200.0 -2764.0259
95400.0 -2791.5485
95600.0 -2788.4541
95800.0 -2796.854
96000.0 -2808.1198
96200.0 -2835.6045
96400.0 -2840.564
96600.0 -2826.3426
96800.0 -2806.8676
97000.0 -2838.0535
97200.0 -2851.8015
97400.0 -2843.9927
97600.0 -2844.883
97800.0 -2844.9077
98000.0 -2861.9504
98200.0 -2842.2014
98400.0 -2837.2413
98600.0 -2839.9328
98800.0 -2851.7508
99000.0 -2878.0639
99200.0 -2846.5911
99400.0 -2836.2134
99600.0 -2805.4639
99800.0 -2810.8277
100000.0 -2792.8256
