0.0 1212.5432
200.0 1209.2094
400.0 1211.188
600.0 1220.9013
800.0 1235.81
1000.0 1252.594
1200.0 1260.9823
1400.0 1259.2292
1600.0 1248.6566
1800.0 1238.3937
2000.0 1230.8853
2200.0 1230.8795
2400.0 1237.7315
2600.0 1250.4556
2800.0 1261.6314
3000.0 1266.2829
3200.0 1260.6062
3400.0 1246.1647
3600.0 1228.3399
3800.0 1218.2636
4000.0 1216.8082
4200.0 1226.1747
4400.0 1238.1409
4600.0 1253.2881
4800.0 1264.8491
5000.0 1269.9289
5200.0 1256.9499
5400.0 1226.1599
5600.0 1196.8316
5800.0 1187.1681
6000.0 1204.5029
6200.0 1235.4766
6400.0 1259.883
6600.0 1272.1645
6800.0 1271.9777
7000.0 1259.4578
7200.0 1241.404
7400.0 1229.2429
7600.0 1224.2443
7800.0 1226.687
8000.0 1231.862
8200.0 1241.4009
8400.0 1247.2603
8600.0 1249.0403
8800.0 1245.45
9000.0 1232.2131
9200.0 1214.4902
9400.0 1199.4785
9600.0 1197.3588
9800.0 1216.8056
10000.0 1238.0265
10200.0 1256.0853
10400.0 1266.5723
10600.0 1271.3201
10800.0 1263.7503
11000.0 1250.1551
11200.0 1238.4734
11400.0 1233.4942
11600.0 1233.2005
11800.0 1234.6446
12000.0 1236.4511
12200.0 1237.1572
12400.0 1236.2531
12600.0 1233.0343
12800.0 1230.6205
13000.0 1232.2342
13200.0 1239.513
13400.0 1249.6764
13600.0 1255.3105
13800.0 1254.6461
14000.0 1254.0665
14200.0 1250.1467
14400.0 1245.0092
14600.0 1237.134
14800.0 1225.3113
15000.0 1213.8152
15200.0 1212.1949
15400.0 1215.3262
15600.0 1224.738
15800.0 1239.8273
16000.0 1262.2366
16200.0 1288.6398
16400.0 1294.6428
16600.0 1276.9415
16800.0 1249.5072
17000.0 1225.3192
17200.0 1216.1516
17400.0 1219.7381
17600.0 1229.8051
17800.0 1243.0795
18000.0 1252.146
18200.0 1255.9207
18400.0 1252.6918
18600.0 1241.6951
18800.0 1227.2633
19000.0 1213.8046
19200.0 1207.3206
19400.0 1208.5975
19600.0 1228.1534
19800.0 1263.5976
20000.0 1282.9421
20200.0 1276.3498
20400.0 1246.6253
20600.0 1214.514
20800.0 1198.8683
21000.0 1207.2239
21200.0 1233.3196
21400.0 1262.7021
21600.0 1276.6102
21800.0 1277.9241
22000.0 1268.1537
22200.0 1255.6675
22400.0 1244.9163
22600.0 1240.2014
22800.0 1238.4774
23000.0 1235.7486
23200.0 1237.5464
23400.0 1236.9519
23600.0 1234.5182
23800.0 1230.8402
24000.0 1220.8292
24200.0 1208.9711
24400.0 1202.0433
24600.0 1206.2103
24800.0 1223.1496
25000.0 1248.6001
25200.0 1269.2231
25400.0 1271.7588
25600.0 1254.8473
25800.0 1227.0834
26000.0 1202.7962
26200.0 1190.6364
26400.0 1202.6223
26600.0 1236.5596
26800.0 1263.8295
27000.0 1274.8237
27200.0 1269.5358
27400.0 1254.1438
27600.0 1233.8203
27800.0 1218.7303
28000.0 1214.9731
28200.0 1221.2342
28400.0 1237.678
28600.0 1258.1027
28800.0 1275.2378
29000.0 1281.4549
29200.0 1260.6942
29400.0 1223.3578
29600.0 1192.0362
29800.0 1181.1428
30000.0 1190.3709
30200.0 1213.1423
30400.0 1236.7938
30600.0 1253.9537
30800.0 1266.5564
31000.0 1270.8067
31200.0 1262.9375
31400.0 1248.1506
31600.0 1235.9073
31800.0 1230.2283
32000.0 1228.6812
32200.0 1229.0726
32400.0 1227.73
32600.0 1227.285
32800.0 1228.1382
33000.0 1235.3231
33200.0 1250.481
33400.0 1256.7735
33600.0 1253.7588
33800.0 1245.9739
34000.0 1242.7852
34200.0 1240.0137
34400.0 1240.4169
34600.0 1242.2316
34800.0 1240.971
35000.0 1237.6548
35200.0 1222.8544
35400.0 1209.5837
35600.0 1203.0622
35800.0 1207.0183
36000.0 1220.1637
36200.0 1239.3961
36400.0 1260.2822
36600.0 1271.7124
36800.0 1268.3503
37000.0 1255.5743
37200.0 1245.769
37400.0 1237.1683
37600.0 1232.4767
37800.0 1231.5145
38000.0 1234.1552
38200.0 1238.5473
38400.0 1247.5751
38600.0 1253.4491
38800.0 1255.8738
39000.0 1251.3987
39200.0 1236.5139
39400.0 1218.6215
39600.0 1206.25
39800.0 1206.0344
40000.0 1220.003
40200.0 1246.2899
40400.0 1275.1573
40600.0 1288.0863
40800.0 1279.3179
41000.0 1240.4675
41200.0 1196.7102
41400.0 1178.9869
41600.0 1184.9917
41800.0 1204.48
42000.0 1227.458
42200.0 1248.4502
42400.0 1260.2354
42600.0 1262.212
42800.0 1253.6031
43000.0 1237.7131
43200.0 1220.1528
43400.0 1209.3834
43600.0 1208.0319
43800.0 1220.6022
44000.0 1249.8923
44200.0 1278.5666
44400.0 1283.836
44600.0 1271.2432
44800.0 1247.7025
45000.0 1228.0533
45200.0 1217.7503
45400.0 1219.0723
45600.0 1229.6654
45800.0 1247.8177
46000.0 1263.9313
46200.0 1272.0269
46400.0 1265.3724
46600.0 1237.1537
46800.0 1216.5009
47000.0 1212.5245
47200.0 1218.9094
47400.0 1228.548
47600.0 1240.315
47800.0 1249.7976
48000.0 1250.469
48200.0 1246.6849
48400.0 1237.9954
48600.0 1230.2316
48800.0 1232.4318
49000.0 1245.9818
49200.0 1264.8263
49400.0 1279.0419
49600.0 1280.4177
49800.0 1266.9221
50000.0 1243.3978
50200.0 1228.5869
50400.0 1235.0559
50600.0 1246.8714
50800.0 1254.1775
51000.0 1255.0471
51200.0 1243.0554
51400.0 1227.4401
51600.0 1212.8192
51800.0 1206.8478
52000.0 1213.3591
52200.0 1230.6446
52400.0 1252.9538
52600.0 1262.6114
52800.0 1258.0404
53000.0 1247.7881
53200.0 1239.2953
53400.0 1232.009
53600.0 1229.1213
53800.0 1231.2858
54000.0 1237.0204
54200.0 1247.137
54400.0 1258.2361
54600.0 1263.1655
54800.0 1260.6763
55000.0 1244.947
55200.0 1223.2443
55400.0 1207.8216
55600.0 1205.1486
55800.0 1216.7532
56000.0 1238.6893
56200.0 1263.807
56400.0 1280.0406
56600.0 1277.8278
56800.0 1255.5551
57000.0 1219.1822
57200.0 1191.257
57400.0 1187.1581
57600.0 1198.3645
57800.0 1215.399
58000.0 1239.0546
58200.0 1259.4127
58400.0 1269.7397
58600.0 1266.663
58800.0 1249.7627
59000.0 1225.9492
59200.0 1206.5837
59400.0 1197.4273
59600.0 1200.9807
59800.0 1215.0202
60000.0 1230.2004
60200.0 1238.3041
60400.0 1244.8572
60600.0 1251.9961
60800.0 1255.5713
61000.0 1253.6985
61200.0 1245.629
61400.0 1234.7596
61600.0 1224.632
61800.0 1219.7907
62000.0 1221.4803
62200.0 1225.9404
62400.0 1231.8774
62600.0 1238.2688
62800.0 1245.4776
63000.0 1258.1388
63200.0 1278.1265
63400.0 1280.4233
63600.0 1268.1688
63800.0 1255.4517
64000.0 1247.4212
64200.0 1241.5991
64400.0 1241.0951
64600.0 1241.6052
64800.0 1241.2442
65000.0 1239.5374
65200.0 1234.3111
65400.0 1226.972
65600.0 1219.3155
65800.0 1209.6503
66000.0 1196.9159
66200.0 1181.511
66400.0 1177.1589
66600.0 1192.4634
66800.0 1222.9785
67000.0 1245.9127
67200.0 1251.8103
67400.0 1244.0832
67600.0 1230.5967
67800.0 1224.9602
68000.0 1228.7062
68200.0 1242.6731
68400.0 1258.9075
68600.0 1267.5363
68800.0 1268.9723
69000.0 1257.7481
69200.0 1230.7324
69400.0 1199.5851
69600.0 1195.53
69800.0 1209.5442
70000.0 1230.966
70200.0 1250.831
70400.0 1259.0132
70600.0 1255.1786
70800.0 1242.027
71000.0 1223.3178
71200.0 1206.4462
71400.0 1196.9238
71600.0 1206.2112
71800.0 1236.6197
72000.0 1262.1142
72200.0 1269.8943
72400.0 1262.5747
72600.0 1245.8329
72800.0 1228.1949
73000.0 1215.3156
73200.0 1213.6934
73400.0 1224.6641
73600.0 1247.9447
73800.0 1275.4944
74000.0 1294.5247
74200.0 1290.6478
74400.0 1260.5606
74600.0 1226.2646
74800.0 1210.9296
75000.0 1212.2345
75200.0 1222.0542
75400.0 1240.1566
75600.0 1257.5085
75800.0 1268.4371
76000.0 1266.7773
76200.0 1249.0005
76400.0 1224.6523
76600.0 1203.2473
76800.0 1195.935
77000.0 1202.3377
77200.0 1215.827
77400.0 1230.4238
77600.0 1242.7499
77800.0 1251.297
78000.0 1253.96
78200.0 1250.4084
78400.0 1238.8694
78600.0 1222.7952
78800.0 1208.1198
79000.0 1202.551
79200.0 1210.1444
79400.0 1238.3372
79600.0 1265.6926
79800.0 1272.1655
80000.0 1264.0238
80200.0 1247.7958
80400.0 1227.5201
80600.0 1216.1989
80800.0 1213.6622
81000.0 1225.6557
81200.0 1248.4974
81400.0 1281.3481
81600.0 1301.4884
81800.0 1297.2873
82000.0 1262.4959
82200.0 1226.993
82400.0 1214.8608
82600.0 1215.5704
82800.0 1225.4122
83000.0 1242.9632
83200.0 1258.7766
83400.0 1268.2954
83600.0 1266.4391
83800.0 1249.7894
84000.0 1226.759
84200.0 1207.4739
84400.0 1203.2982
84600.0 1210.6328
84800.0 1224.0533
85000.0 1241.8296
85200.0 1250.4093
85400.0 1251.6638
85600.0 1247.6012
85800.0 1240.9713
86000.0 1233.4887
86200.0 1228.1601
86400.0 1225.2964
86600.0 1229.3227
86800.0 1243.0745
87000.0 1264.1292
87200.0 1280.0273
87400.0 1279.0551
87600.0 1262.6523
87800.0 1237.3937
88000.0 1217.5998
88200.0 1208.9888
88400.0 1218.0567
88600.0 1239.9875
88800.0 1270.3331
89000.0 1307.0288
89200.0 1319.9658
89400.0 1299.1471
89600.0 1256.785
89800.0 1225.2153
90000.0 1212.1644
90200.0 1214.2628
90400.0 1228.0925
90600.0 1248.2091
90800.0 1266.5499
91000.0 1273.3784
91200.0 1264.65
91400.0 1240.9308
91600.0 1218.0566
91800.0 1208.5018
92000.0 1213.148
92200.0 1225.0758
92400.0 1239.7446
92600.0 1250.6317
92800.0 1255.4948
93000.0 1251.9401
93200.0 1237.2326
93400.0 1215.9849
93600.0 1196.4998
93800.0 1188.9112
94000.0 1209.5337
94200.0 1241.6257
94400.0 1261.472
94600.0 1268.6837
94800.0 1265.0106
95000.0 1252.4766
95200.0 1237.6452
95400.0 1225.235
95600.0 1223.1454
95800.0 1228.7281
96000.0 1239.914
96200.0 1246.9596
96400.0 1246.3129
96600.0 1228.9898
96800.0 1203.9478
97000.0 1186.8444
97200.0 1185.9312
97400.0 1202.9416
97600.0 1225.5569
97800.0 1234.971
98000.0 1231.802
98200.0 1221.062
98400.0 1216.395
98600.0 1223.5596
98800.0 1239.2645
99000.0 1256.1054
99200.0 1267.5379
99400.0 1270.6074
99600.0 1263.6621
99800.0 1249.3732
100000.0 1239.9763
