0.0 208.05332
200.0 209.51708
400.0 211.76447
600.0 213.81606
800.0 214.2018
1000.0 212.32959
1200.0 210.08277
1400.0 208.71919
1600.0 208.06535
1800.0 208.2797
2000.0 208.703
2200.0 208.65058
2400.0 208.89268
2600.0 208.63888
2800.0 207.97667
3000.0 207.18918
3200.0 206.38127
3400.0 206.20565
3600.0 206.21353
3800.0 206.7029
4000.0 208.36232
4200.0 211.11097
4400.0 212.77715
4600.0 213.14284
4800.0 211.57445
5000.0 209.85682
5200.0 208.68581
5400.0 208.31021
5600.0 208.32031
5800.0 208.43636
6000.0 208.25205
6200.0 208.24113
6400.0 207.83665
6600.0 207.60844
6800.0 207.28969
7000.0 207.06879
7200.0 206.76653
7400.0 206.68303
7600.0 207.28973
7800.0 208.78481
8000.0 210.98376
8200.0 212.70332
8400.0 212.80973
8600.0 211.50206
8800.0 209.68017
9000.0 207.89548
9200.0 206.62367
9400.0 206.50258
9600.0 207.61661
9800.0 209.58803
10000.0 211.42717
10200.0 211.76021
10400.0 210.49634
10600.0 207.61631
10800.0 205.23173
11000.0 204.08701
11200.0 204.48996
11400.0 206.97303
11600.0 210.56381
11800.0 213.95579
12000.0 214.89856
12200.0 213.07068
12400.0 210.09349
12600.0 207.24747
12800.0 204.76183
13000.0 202.97545
13200.0 200.15447
13400.0 198.41417
13600.0 199.9932
13800.0 204.35982
14000.0 209.32451
14200.0 212.45125
14400.0 212.96363
14600.0 211.46308
14800.0 208.70399
15000.0 205.95133
15200.0 204.53983
15400.0 205.33752
15600.0 209.0905
15800.0 213.89208
16000.0 215.92511
16200.0 215.02185
16400.0 211.82251
16600.0 208.97756
16800.0 206.83258
17000.0 206.40113
17200.0 207.62274
17400.0 209.61569
17600.0 211.50188
17800.0 212.48536
18000.0 211.58316
18200.0 208.43257
18400.0 203.35371
18600.0 199.69165
18800.0 199.86899
19000.0 202.16614
19200.0 205.28356
19400.0 208.82175
19600.0 211.40528
19800.0 212.14614
20000.0 210.79675
20200.0 207.75096
20400.0 204.91332
20600.0 204.32926
20800.0 206.74778
21000.0 210.86373
21200.0 213.37177
21400.0 213.78513
21600.0 212.70613
21800.0 210.90828
22000.0 209.07749
22200.0 207.8564
22400.0 207.83126
22600.0 208.55717
22800.0 209.56681
23000.0 210.4397
23200.0 210.66521
23400.0 210.07977
23600.0 208.81612
23800.0 207.94104
24000.0 206.53928
24200.0 204.89684
24400.0 203.87399
24600.0 204.60704
24800.0 207.12426
25000.0 210.03373
25200.0 212.42435
25400.0 214.08658
25600.0 214.23482
25800.0 212.77171
26000.0 210.36566
26200.0 208.71115
26400.0 208.33472
26600.0 208.26388
26800.0 208.40808
27000.0 208.42338
27200.0 208.37259
27400.0 208.20671
27600.0 208.69765
27800.0 210.11749
28000.0 212.55463
28200.0 214.64616
28400.0 215.23825
28600.0 213.2705
28800.0 209.8399
29000.0 206.25038
29200.0 203.67578
29400.0 203.54246
29600.0 205.64319
29800.0 210.03092
30000.0 215.79031
30200.0 219.87798
30400.0 219.2494
30600.0 214.45522
30800.0 208.2922
31000.0 205.16755
31200.0 204.53665
31400.0 205.99426
31600.0 208.68349
31800.0 211.77062
32000.0 213.9394
32200.0 214.09181
32400.0 211.99324
32600.0 208.06189
32800.0 205.26955
33000.0 204.72773
33200.0 205.82004
33400.0 207.71179
33600.0 209.65896
33800.0 210.66521
34000.0 210.65532
34200.0 209.48437
34400.0 207.31547
34600.0 205.32741
34800.0 205.15018
35000.0 209.12092
35200.0 213.47457
35400.0 214.58098
35600.0 213.58481
35800.0 211.41411
36000.0 209.08841
36200.0 207.56596
36400.0 207.52743
36600.0 208.43857
36800.0 209.28809
37000.0 209.2913
37200.0 207.42847
37400.0 204.14308
37600.0 201.22913
37800.0 200.08962
38000.0 202.11423
38200.0 207.54749
38400.0 212.1747
38600.0 212.30075
38800.0 210.1108
39000.0 207.61288
39200.0 206.09216
39400.0 206.12496
39600.0 207.98819
39800.0 211.00778
40000.0 213.58444
40200.0 214.57333
40400.0 213.72679
40600.0 210.58438
40800.0 205.94159
41000.0 203.75383
41200.0 204.53826
41400.0 207.38449
41600.0 210.5315
41800.0 212.99005
42000.0 213.14165
42200.0 210.83663
42400.0 207.29643
42600.0 204.00137
42800.0 201.78364
43000.0 202.48139
43200.0 204.08432
43400.0 205.78278
43600.0 207.00763
43800.0 208.58098
44000.0 210.22351
44200.0 211.65276
44400.0 212.03046
44600.0 211.2592
44800.0 209.16224
45000.0 206.31696
45200.0 204.4007
45400.0 203.85621
45600.0 205.21269
45800.0 209.25711
46000.0 214.55374
46200.0 218.74462
46400.0 218.00641
46600.0 212.56898
46800.0 205.56996
47000.0 201.8902
47200.0 201.68994
47400.0 203.95424
47600.0 207.39515
47800.0 210.59578
48000.0 212.718
48200.0 213.33727
48400.0 212.12354
48600.0 209.30355
48800.0 206.42069
49000.0 204.9074
49200.0 204.663
49400.0 206.17927
49600.0 208.1824
49800.0 208.87119
50000.0 209.64668
50200.0 208.77958
50400.0 207.83878
50600.0 207.15659
50800.0 207.02226
51000.0 208.24215
51200.0 209.90984
51400.0 211.93388
51600.0 213.5673
51800.0 214.12862
52000.0 212.88818
52200.0 208.54216
52400.0 204.73541
52600.0 204.40843
52800.0 206.38142
53000.0 208.89053
53200.0 210.96347
53400.0 211.57672
53600.0 210.45881
53800.0 207.79984
54000.0 204.03602
54200.0 200.82023
54400.0 200.39485
54600.0 203.56789
54800.0 208.72513
55000.0 211.95582
55200.0 212.56655
55400.0 211.66451
55600.0 209.63048
55800.0 207.07535
56000.0 205.05555
56200.0 204.41807
56400.0 206.34568
56600.0 210.99486
56800.0 215.90018
57000.0 218.19121
57200.0 217.40149
57400.0 214.34891
57600.0 211.5559
57800.0 209.35661
58000.0 207.76846
58200.0 206.57874
58400.0 206.11515
58600.0 206.91888
58800.0 208.75109
59000.0 211.40486
59200.0 213.29134
59400.0 214.54398
59600.0 213.34482
59800.0 209.70342
60000.0 204.20149
60200.0 201.6275
60400.0 202.88351
60600.0 206.58541
60800.0 210.49483
61000.0 212.7612
61200.0 212.81234
61400.0 210.93581
61600.0 208.0032
61800.0 205.46245
62000.0 204.29981
62200.0 204.53977
62400.0 207.72754
62600.0 213.10947
62800.0 215.53328
63000.0 213.97772
63200.0 211.32764
63400.0 208.6337
63600.0 206.8868
63800.0 206.58939
64000.0 207.42334
64200.0 209.04127
64400.0 210.4318
64600.0 211.31316
64800.0 210.87789
65000.0 209.09049
65200.0 206.32897
65400.0 204.29775
65600.0 203.64031
65800.0 204.88146
66000.0 207.77304
66200.0 212.09334
66400.0 215.29408
66600.0 215.51869
66800.0 212.88637
67000.0 208.70422
67200.0 204.37734
67400.0 201.42646
67600.0 199.2588
67800.0 199.42838
68000.0 201.93802
68200.0 207.13142
68400.0 212.36044
68600.0 214.52598
68800.0 213.94085
69000.0 211.47364
69200.0 207.76937
69400.0 204.82681
69600.0 203.57795
69800.0 204.77475
70000.0 208.45254
70200.0 213.72814
70400.0 217.19262
70600.0 217.01647
70800.0 213.77987
71000.0 209.73363
71200.0 206.80862
71400.0 205.67162
71600.0 205.53567
71800.0 207.76598
72000.0 210.47464
72200.0 213.93485
72400.0 216.33811
72600.0 216.39531
72800.0 212.99857
73000.0 210.08795
73200.0 208.79043
73400.0 207.23455
73600.0 206.19565
73800.0 205.68352
74000.0 206.02071
74200.0 207.46289
74400.0 209.47971
74600.0 210.31589
74800.0 210.62236
75000.0 210.01671
75200.0 209.43053
75400.0 209.34767
75600.0 209.85083
75800.0 210.94294
76000.0 211.58243
76200.0 209.01333
76400.0 206.43098
76600.0 205.86508
76800.0 205.81622
77000.0 206.21425
77200.0 207.3005
77400.0 208.60599
77600.0 210.07951
77800.0 210.97282
78000.0 211.1764
78200.0 210.92384
78400.0 210.64464
78600.0 210.47505
78800.0 211.22556
79000.0 212.03922
79200.0 212.71409
79400.0 212.35627
79600.0 210.89006
79800.0 208.91052
80000.0 207.25838
80200.0 206.6893
80400.0 207.25735
80600.0 208.37481
80800.0 209.21723
81000.0 208.62748
81200.0 206.36374
81400.0 203.35919
81600.0 201.00749
81800.0 201.00159
82000.0 204.05208
82200.0 208.79806
82400.0 211.15317
82600.0 211.26227
82800.0 209.93642
83000.0 208.40999
83200.0 207.28885
83400.0 207.22846
83600.0 208.56711
83800.0 211.1507
84000.0 214.35674
84200.0 216.35961
84400.0 215.96621
84600.0 212.66108
84800.0 206.87907
85000.0 203.76455
85200.0 204.05843
85400.0 206.62334
85600.0 209.90748
85800.0 212.70117
86000.0 213.4964
86200.0 211.78965
86400.0 207.79652
86600.0 203.83166
86800.0 201.56915
87000.0 201.71217
87200.0 204.29666
87400.0 207.05679
87600.0 207.90921
87800.0 208.43985
88000.0 208.57307
88200.0 208.7069
88400.0 208.61071
88600.0 208.74074
88800.0 209.30941
89000.0 209.80903
89200.0 211.40196
89400.0 212.57419
89600.0 213.58339
89800.0 213.72585
90000.0 211.68612
90200.0 208.11827
90400.0 206.49492
90600.0 207.1745
90800.0 208.73359
91000.0 209.63704
91200.0 209.70852
91400.0 208.72096
91600.0 207.03665
91800.0 204.97824
92000.0 203.20073
92200.0 203.33203
92400.0 206.03903
92600.0 209.97035
92800.0 212.1045
93000.0 212.24653
93200.0 211.13899
93400.0 209.23132
93600.0 207.53795
93800.0 206.61767
94000.0 206.94974
94200.0 208.42658
94400.0 212.00994
94600.0 215.36475
94800.0 217.06307
95000.0 215.16404
95200.0 211.30219
95400.0 208.42339
95600.0 207.04989
95800.0 206.34589
96000.0 206.29819
96200.0 206.7011
96400.0 207.27793
96600.0 208.58109
96800.0 209.74163
97000.0 210.37629
97200.0 210.39036
97400.0 210.17624
97600.0 210.00806
97800.0 209.86855
98000.0 210.22699
98200.0 210.55308
98400.0 210.9095
98600.0 211.25222
98800.0 211.2201
99000.0 210.42827
99200.0 209.6495
99400.0 208.67305
99600.0 208.07009
99800.0 207.48227
100000.0 207.5029
