0.0 1319.9652
200.0 1338.469
400.0 1372.1732
600.0 1388.0035
800.0 1389.611
1000.0 1384.2587
1200.0 1376.7556
1400.0 1371.0571
1600.0 1369.7426
1800.0 1374.2156
2000.0 1383.8455
2200.0 1393.6559
2400.0 1395.0834
2600.0 1382.3749
2800.0 1363.5414
3000.0 1351.668
3200.0 1349.2243
3400.0 1353.781
3600.0 1362.6392
3800.0 1372.3458
4000.0 1379.0868
4200.0 1380.3287
4400.0 1377.8588
4600.0 1375.3638
4800.0 1374.5835
5000.0 1375.7866
5200.0 1379.5426
5400.0 1384.6477
5600.0 1388.3248
5800.0 1388.1705
6000.0 1382.9157
6200.0 1373.1152
6400.0 1362.2312
6600.0 1355.0322
6800.0 1353.8465
7000.0 1357.9765
7200.0 1366.98
7400.0 1383.3368
7600.0 1403.8574
7800.0 1414.665
8000.0 1408.4681
8200.0 1389.4471
8400.0 1366.6192
8600.0 1349.5344
8800.0 1344.4476
9000.0 1354.6053
9200.0 1381.2905
9400.0 1412.8787
9600.0 1430.0632
9800.0 1425.8783
10000.0 1402.5419
10200.0 1374.1029
10400.0 1357.8676
10600.0 1355.5657
10800.0 1362.5314
11000.0 1375.4124
11200.0 1390.0671
11400.0 1400.416
11600.0 1400.3744
11800.0 1385.1971
12000.0 1357.3021
12200.0 1334.7432
12400.0 1329.2799
12600.0 1338.6087
12800.0 1355.126
13000.0 1370.5781
13200.0 1379.9616
13400.0 1381.2087
13600.0 1375.2058
13800.0 1365.3725
14000.0 1357.0959
14200.0 1357.8444
14400.0 1374.3788
14600.0 1399.4111
14800.0 1413.1951
15000.0 1411.8108
15200.0 1402.1282
15400.0 1391.4085
15600.0 1384.6492
15800.0 1383.7125
16000.0 1387.5844
16200.0 1392.6138
16400.0 1393.3568
16600.0 1387.9614
16800.0 1378.8253
17000.0 1370.0768
17200.0 1363.3066
17400.0 1358.451
17600.0 1356.3929
17800.0 1357.8422
18000.0 1362.7579
18200.0 1369.6323
18400.0 1376.0818
18600.0 1379.4976
18800.0 1379.5151
19000.0 1378.1242
19200.0 1376.9675
19400.0 1376.8149
19600.0 1378.3077
19800.0 1381.0885
20000.0 1383.7746
20200.0 1384.751
20400.0 1383.0734
20600.0 1379.615
20800.0 1375.989
21000.0 1373.585
21200.0 1372.7947
21400.0 1372.2166
21600.0 1370.3081
21800.0 1366.8379
22000.0 1363.6289
22200.0 1364.0131
22400.0 1370.9749
22600.0 1384.3629
22800.0 1398.9772
23000.0 1408.2494
23200.0 1408.672
23400.0 1396.3988
23600.0 1362.2283
23800.0 1336.0149
24000.0 1343.3117
24200.0 1364.9545
24400.0 1384.833
24600.0 1395.1277
24800.0 1393.3584
25000.0 1380.0874
25200.0 1358.7968
25400.0 1337.045
25600.0 1324.7281
25800.0 1331.5558
26000.0 1362.3501
26200.0 1390.2586
26400.0 1398.6961
26600.0 1394.3292
26800.0 1381.8931
27000.0 1367.4917
27200.0 1357.4062
27400.0 1356.3728
27600.0 1367.0397
27800.0 1389.0
28000.0 1414.8773
28200.0 1430.163
28400.0 1421.9703
28600.0 1388.7619
28800.0 1356.1129
29000.0 1341.3673
29200.0 1342.5118
29400.0 1356.6373
29600.0 1379.2817
29800.0 1402.0743
30000.0 1415.589
30200.0 1412.2681
30400.0 1390.9821
30600.0 1362.4465
30800.0 1342.9591
31000.0 1336.2773
31200.0 1339.1615
31400.0 1349.3095
31600.0 1363.9449
31800.0 1378.5707
32000.0 1389.8925
32200.0 1396.3354
32400.0 1396.8997
32600.0 1391.1321
32800.0 1378.9448
33000.0 1362.124
33200.0 1347.0975
33400.0 1341.888
33600.0 1348.1532
33800.0 1362.1468
34000.0 1383.4214
34200.0 1411.236
34400.0 1427.0203
34600.0 1418.7446
34800.0 1392.3529
35000.0 1362.3364
35200.0 1341.4353
35400.0 1336.1316
35600.0 1349.4873
35800.0 1381.2587
36000.0 1414.619
36200.0 1427.9807
36400.0 1420.5005
36600.0 1400.7992
36800.0 1379.5423
37000.0 1364.1332
37200.0 1357.361
37400.0 1359.8506
37600.0 1370.8359
37800.0 1387.4941
38000.0 1404.4922
38200.0 1413.4534
38400.0 1402.1869
38600.0 1368.4837
38800.0 1346.3535
39000.0 1343.641
39200.0 1353.1849
39400.0 1370.0005
39600.0 1386.4744
39800.0 1394.3089
40000.0 1389.5024
40200.0 1373.7958
40400.0 1354.327
40600.0 1341.9066
40800.0 1347.5127
41000.0 1371.2782
41200.0 1394.9303
41400.0 1406.1891
41600.0 1405.6852
41800.0 1395.7291
42000.0 1379.742
42200.0 1363.7471
42400.0 1355.0108
42600.0 1356.833
42800.0 1367.6328
43000.0 1382.4919
43200.0 1394.4438
43400.0 1393.4752
43600.0 1376.2034
43800.0 1352.3639
44000.0 1333.732
44200.0 1327.0079
44400.0 1336.1832
44600.0 1357.7061
44800.0 1376.3119
45000.0 1384.9496
45200.0 1386.1303
45400.0 1382.7849
45600.0 1377.87
45800.0 1374.5322
46000.0 1376.4471
46200.0 1385.9771
46400.0 1402.0405
46600.0 1418.1374
46800.0 1422.382
47000.0 1405.3714
47200.0 1379.7646
47400.0 1364.4467
47600.0 1358.5197
47800.0 1358.8214
48000.0 1363.686
48200.0 1371.7627
48400.0 1380.693
48600.0 1387.6711
48800.0 1390.3533
49000.0 1389.5482
49200.0 1389.2836
49400.0 1393.5867
49600.0 1402.4253
49800.0 1410.7639
50000.0 1413.4459
50200.0 1406.1201
50400.0 1384.2947
50600.0 1362.3285
50800.0 1359.6084
51000.0 1368.5774
51200.0 1378.4295
51400.0 1383.4314
51600.0 1381.7294
51800.0 1373.2884
52000.0 1359.7872
52200.0 1344.7268
52400.0 1332.8831
52600.0 1331.655
52800.0 1349.175
53000.0 1381.1391
53200.0 1403.7487
53400.0 1406.7303
53600.0 1393.3453
53800.0 1370.9361
54000.0 1350.6278
54200.0 1342.8659
54400.0 1354.9422
54600.0 1388.3779
54800.0 1420.852
55000.0 1432.9615
55200.0 1426.9595
55400.0 1410.9937
55600.0 1394.9206
55800.0 1383.127
56000.0 1374.7289
56200.0 1370.2533
56400.0 1370.4111
56600.0 1373.6593
56800.0 1376.8313
57000.0 1376.5338
57200.0 1369.1639
57400.0 1353.5573
57600.0 1336.1349
57800.0 1326.7085
58000.0 1331.988
58200.0 1355.7453
58400.0 1382.6485
58600.0 1388.9816
58800.0 1379.2683
59000.0 1366.0345
59200.0 1359.6401
59400.0 1364.3982
59600.0 1378.8396
59800.0 1396.7943
60000.0 1410.1915
60200.0 1412.7052
60400.0 1397.9341
60600.0 1363.4101
60800.0 1342.7802
61000.0 1347.3385
61200.0 1363.4495
61400.0 1381.0867
61600.0 1393.216
61800.0 1395.7971
62000.0 1387.5165
62200.0 1369.3386
62400.0 1346.263
62600.0 1328.0642
62800.0 1324.4786
63000.0 1343.6287
63200.0 1378.9606
63400.0 1400.6383
63600.0 1404.6822
63800.0 1397.8536
64000.0 1384.8312
64200.0 1370.5239
64400.0 1359.5862
64600.0 1355.0413
64800.0 1359.2316
65000.0 1375.3344
65200.0 1402.8586
65400.0 1427.3231
65600.0 1432.6673
65800.0 1415.0238
66000.0 1380.3748
66200.0 1348.5686
66400.0 1336.3204
66600.0 1343.7603
66800.0 1364.1336
67000.0 1388.6686
67200.0 1407.3588
67400.0 1411.8093
67600.0 1400.5111
67800.0 1380.6364
68000.0 1363.2034
68200.0 1353.6081
68400.0 1352.3492
68600.0 1357.7321
68800.0 1366.7606
69000.0 1375.6861
69200.0 1382.0119
69400.0 1384.7531
69600.0 1384.2626
69800.0 1381.4821
70000.0 1377.8599
70200.0 1375.2114
70400.0 1374.1147
70600.0 1374.565
70800.0 1376.4996
71000.0 1380.0025
71200.0 1384.9426
71400.0 1389.6836
71600.0 1391.2421
71800.0 1387.5448
72000.0 1378.5155
72200.0 1367.0259
72400.0 1357.4184
72600.0 1352.5554
72800.0 1353.1433
73000.0 1358.1177
73200.0 1363.1146
73400.0 1362.3011
73600.0 1359.3961
73800.0 1361.5089
74000.0 1370.4102
74200.0 1384.4014
74400.0 1399.2306
74600.0 1409.6432
74800.0 1411.0376
75000.0 1400.3647
75200.0 1382.1056
75400.0 1369.2998
75600.0 1366.6352
75800.0 1369.9191
76000.0 1374.3268
76200.0 1375.7711
76400.0 1373.217
76600.0 1368.141
76800.0 1366.4048
77000.0 1378.7535
77200.0 1400.2245
77400.0 1408.8325
77600.0 1404.0275
77800.0 1393.264
78000.0 1381.4085
78200.0 1372.369
78400.0 1368.0883
78600.0 1367.3865
78800.0 1365.4106
79000.0 1355.6271
79200.0 1340.9328
79400.0 1333.2913
79600.0 1337.0943
79800.0 1351.7538
80000.0 1375.5549
80200.0 1398.9092
80400.0 1406.8337
80600.0 1397.3643
80800.0 1380.1597
81000.0 1365.5425
81200.0 1358.3181
81400.0 1359.6025
81600.0 1368.4939
81800.0 1381.9577
82000.0 1395.2526
82200.0 1403.2535
82400.0 1400.6927
82600.0 1380.1934
82800.0 1347.9034
83000.0 1333.7724
83200.0 1340.5357
83400.0 1358.3228
83600.0 1378.389
83800.0 1393.3995
84000.0 1397.7319
84200.0 1388.1328
84400.0 1363.2939
84600.0 1332.1231
84800.0 1318.8354
85000.0 1344.6252
85200.0 1381.5143
85400.0 1400.7958
85600.0 1408.8343
85800.0 1406.7265
86000.0 1394.7755
86200.0 1378.1246
86400.0 1365.1529
86600.0 1360.4611
86800.0 1363.6684
87000.0 1370.8366
87200.0 1377.741
87400.0 1381.4659
87600.0 1379.5801
87800.0 1370.7183
88000.0 1356.5425
88200.0 1343.8574
88400.0 1341.1391
88600.0 1352.7492
88800.0 1370.1394
89000.0 1381.4379
89200.0 1387.0142
89400.0 1390.8344
89600.0 1394.6698
89800.0 1398.6948
90000.0 1401.0916
90200.0 1396.6905
90400.0 1384.9048
90600.0 1376.879
90800.0 1374.9003
91000.0 1373.8159
91200.0 1371.271
91400.0 1367.3561
91600.0 1363.999
91800.0 1364.0597
92000.0 1371.2123
92200.0 1386.8761
92400.0 1403.1649
92600.0 1408.3595
92800.0 1402.0661
93000.0 1390.1896
93200.0 1378.7896
93400.0 1372.8586
93600.0 1374.41
93800.0 1381.8602
94000.0 1391.0564
94200.0 1396.8618
94400.0 1395.1248
94600.0 1385.3267
94800.0 1372.0676
95000.0 1360.5407
95200.0 1354.1061
95400.0 1354.7429
95600.0 1364.6388
95800.0 1384.9962
96000.0 1409.378
96200.0 1421.9723
96400.0 1416.4796
96600.0 1396.821
96800.0 1370.6284
97000.0 1347.7944
97200.0 1337.2113
97400.0 1342.0075
97600.0 1367.7076
97800.0 1413.8251
98000.0 1443.4231
98200.0 1442.7164
98400.0 1415.6767
98600.0 1380.7257
98800.0 1356.9951
99000.0 1347.5545
99200.0 1350.9412
99400.0 1364.6136
99600.0 1383.4945
99800.0 1399.706
100000.0 1406.58
