0.0 45.774685
200.0 45.759442
400.0 45.710653
600.0 45.705548
800.0 45.695658
1000.0 45.728655
1200.0 45.758228
1400.0 45.766714
1600.0 45.750654
1800.0 45.730282
2000.0 45.730269
2200.0 45.722745
2400.0 45.752435
2600.0 45.767442
2800.0 45.76186
3000.0 45.736137
3200.0 45.731384
3400.0 45.724862
3600.0 45.73802
3800.0 45.738799
4000.0 45.746513
4200.0 45.730226
4400.0 45.717675
4600.0 45.731193
4800.0 45.735675
5000.0 45.711163
5200.0 45.752234
5400.0 45.740636
5600.0 45.750563
5800.0 45.749844
6000.0 45.732476
6200.0 45.763991
6400.0 45.734095
6600.0 45.747025
6800.0 45.736292
7000.0 45.713052
7200.0 45.722694
7400.0 45.725898
7600.0 45.69955
7800.0 45.744107
8000.0 45.724085
8200.0 45.733728
8400.0 45.744124
8600.0 45.721725
8800.0 45.745229
9000.0 45.732748
9200.0 45.744086
9400.0 45.752796
9600.0 45.771079
9800.0 45.729401
10000.0 45.7221
10200.0 45.71829
10400.0 45.735798
10600.0 45.727946
10800.0 45.759184
11000.0 45.724055
11200.0 45.702097
11400.0 45.69083
11600.0 45.698632
11800.0 45.746703
12000.0 45.782391
12200.0 45.766975
12400.0 45.74779
12600.0 45.71698
12800.0 45.700091
13000.0 45.734496
13200.0 45.759132
13400.0 45.746195
13600.0 45.759911
13800.0 45.734046
14000.0 45.710877
14200.0 45.714058
14400.0 45.705731
14600.0 45.73309
14800.0 45.745408
15000.0 45.731286
15200.0 45.745734
15400.0 45.714664
15600.0 45.741295
15800.0 45.739197
16000.0 45.744035
16200.0 45.751284
16400.0 45.76812
16600.0 45.734374
16800.0 45.706974
17000.0 45.705123
17200.0 45.725496
17400.0 45.760104
17600.0 45.76251
17800.0 45.750982
18000.0 45.707786
18200.0 45.680945
18400.0 45.710195
18600.0 45.756017
18800.0 45.76428
19000.0 45.795202
19200.0 45.737465
19400.0 45.742756
19600.0 45.712685
19800.0 45.731946
20000.0 45.723469
20200.0 45.733925
20400.0 45.745009
20600.0 45.739051
20800.0 45.699367
21000.0 45.72357
21200.0 45.72561
21400.0 45.757822
21600.0 45.770481
21800.0 45.761459
22000.0 45.739341
22200.0 45.731871
22400.0 45.726504
22600.0 45.742108
22800.0 45.759692
23000.0 45.769665
23200.0 45.736244
23400.0 45.708181
23600.0 45.685778
23800.0 45.703498
24000.0 45.728231
24200.0 45.768758
24400.0 45.759423
24600.0 45.718261
24800.0 45.691139
25000.0 45.68884
25200.0 45.733749
25400.0 45.762552
25600.0 45.766248
25800.0 45.758191
26000.0 45.728795
26200.0 45.715388
26400.0 45.729864
26600.0 45.742327
26800.0 45.75051
27000.0 45.757274
27200.0 45.746267
27400.0 45.679208
27600.0 45.71005
27800.0 45.696603
28000.0 45.753923
28200.0 45.736262
28400.0 45.743307
28600.0 45.732667
28800.0 45.702316
29000.0 45.713214
29200.0 45.741514
29400.0 45.765266
29600.0 45.768511
29800.0 45.761071
30000.0 45.72267
30200.0 45.713348
30400.0 45.711107
30600.0 45.760013
30800.0 45.788677
31000.0 45.79746
31200.0 45.746622
31400.0 45.705623
31600.0 45.688927
31800.0 45.689784
32000.0 45.730376
32200.0 45.773894
32400.0 45.764254
32600.0 45.743927
32800.0 45.733927
33000.0 45.734392
33200.0 45.724705
33400.0 45.735791
33600.0 45.767071
33800.0 45.777629
34000.0 45.75823
34200.0 45.728627
34400.0 45.724925
34600.0 45.71907
34800.0 45.726602
35000.0 45.764968
35200.0 45.754848
35400.0 45.744576
35600.0 45.719134
35800.0 45.703616
36000.0 45.711269
36200.0 45.767028
36400.0 45.776292
36600.0 45.752628
36800.0 45.726708
37000.0 45.696836
37200.0 45.697217
37400.0 45.745382
37600.0 45.776353
37800.0 45.792211
38000.0 45.74471
38200.0 45.703126
38400.0 45.693031
38600.0 45.705801
38800.0 45.73133
39000.0 45.739978
39200.0 45.76847
39400.0 45.750191
39600.0 45.735835
39800.0 45.731957
40000.0 45.734263
40200.0 45.732982
40400.0 45.763138
40600.0 45.758815
40800.0 45.74489
41000.0 45.710635
41200.0 45.72081
41400.0 45.720275
41600.0 45.747107
41800.0 45.759291
42000.0 45.75464
42200.0 45.73123
42400.0 45.700938
42600.0 45.682894
42800.0 45.726701
43000.0 45.773903
43200.0 45.781128
43400.0 45.770699
43600.0 45.722868
43800.0 45.696582
44000.0 45.696535
44200.0 45.743578
44400.0 45.742094
44600.0 45.768233
44800.0 45.748242
45000.0 45.720359
45200.0 45.72103
45400.0 45.713079
45600.0 45.736955
45800.0 45.779096
46000.0 45.769137
46200.0 45.759682
46400.0 45.733038
46600.0 45.701791
46800.0 45.718322
47000.0 45.742684
47200.0 45.763397
47400.0 45.752753
47600.0 45.739426
47800.0 45.70499
48000.0 45.702275
48200.0 45.728226
48400.0 45.745484
48600.0 45.766156
48800.0 45.764485
49000.0 45.741927
49200.0 45.727742
49400.0 45.714423
49600.0 45.759366
49800.0 45.753816
50000.0 45.771229
50200.0 45.742241
50400.0 45.716289
50600.0 45.70516
50800.0 45.710929
51000.0 45.759176
51200.0 45.765952
51400.0 45.748966
51600.0 45.716649
51800.0 45.673337
52000.0 45.688114
52200.0 45.718031
52400.0 45.775715
52600.0 45.771444
52800.0 45.760408
53000.0 45.727447
53200.0 45.713454
53400.0 45.730845
53600.0 45.755699
53800.0 45.746012
54000.0 45.732448
54200.0 45.74171
54400.0 45.707817
54600.0 45.728157
54800.0 45.722306
55000.0 45.733505
55200.0 45.740281
55400.0 45.768329
55600.0 45.756174
55800.0 45.748795
56000.0 45.738342
56200.0 45.723677
56400.0 45.736698
56600.0 45.7666
56800.0 45.759015
57000.0 45.750726
57200.0 45.724585
57400.0 45.699511
57600.0 45.700883
57800.0 45.727312
58000.0 45.765173
58200.0 45.773261
58400.0 45.764733
58600.0 45.71773
58800.0 45.708894
59000.0 45.72679
59200.0 45.740712
59400.0 45.7484
59600.0 45.762656
59800.0 45.739629
60000.0 45.728919
60200.0 45.719808
60400.0 45.733376
60600.0 45.728306
60800.0 45.717695
61000.0 45.733028
61200.0 45.730952
61400.0 45.736129
61600.0 45.717665
61800.0 45.715029
62000.0 45.738724
62200.0 45.778075
62400.0 45.755697
62600.0 45.758067
62800.0 45.72574
63000.0 45.699815
63200.0 45.704076
63400.0 45.741821
63600.0 45.753965
63800.0 45.747511
64000.0 45.747877
64200.0 45.691672
64400.0 45.666904
64600.0 45.722237
64800.0 45.724694
65000.0 45.785782
65200.0 45.768566
65400.0 45.742396
65600.0 45.732228
65800.0 45.725401
66000.0 45.716388
66200.0 45.753212
66400.0 45.75711
66600.0 45.738907
66800.0 45.712431
67000.0 45.732095
67200.0 45.720159
67400.0 45.725559
67600.0 45.731195
67800.0 45.73859
68000.0 45.758032
68200.0 45.739661
68400.0 45.742778
68600.0 45.746389
68800.0 45.742716
69000.0 45.753643
69200.0 45.764725
69400.0 45.735418
69600.0 45.732595
69800.0 45.710047
70000.0 45.704657
70200.0 45.732041
70400.0 45.737516
70600.0 45.765254
70800.0 45.750128
71000.0 45.7317
71200.0 45.703325
71400.0 45.722166
71600.0 45.728097
71800.0 45.780216
72000.0 45.758903
72200.0 45.75782
72400.0 45.708674
72600.0 45.707456
72800.0 45.725477
73000.0 45.742881
73200.0 45.769423
73400.0 45.756222
73600.0 45.726969
73800.0 45.699228
74000.0 45.695326
74200.0 45.710474
74400.0 45.75524
74600.0 45.771601
74800.0 45.729326
75000.0 45.736899
75200.0 45.715169
75400.0 45.731381
75600.0 45.770797
75800.0 45.761469
76000.0 45.766209
76200.0 45.735204
76400.0 45.704725
76600.0 45.713949
76800.0 45.726745
77000.0 45.783354
77200.0 45.767157
77400.0 45.731074
77600.0 45.727636
77800.0 45.694082
78000.0 45.721368
78200.0 45.765758
78400.0 45.771599
78600.0 45.778533
78800.0 45.729767
79000.0 45.710117
79200.0 45.705846
79400.0 45.722817
79600.0 45.728016
79800.0 45.776451
80000.0 45.754563
80200.0 45.728854
80400.0 45.683083
80600.0 45.691038
80800.0 45.739054
81000.0 45.76969
81200.0 45.800771
81400.0 45.770885
81600.0 45.729602
81800.0 45.716076
82000.0 45.726857
82200.0 45.730271
82400.0 45.748758
82600.0 45.736703
82800.0 45.731529
83000.0 45.716609
83200.0 45.733482
83400.0 45.722336
83600.0 45.734446
83800.0 45.752144
84000.0 45.741881
84200.0 45.754122
84400.0 45.730098
84600.0 45.747856
84800.0 45.729338
85000.0 45.739561
85200.0 45.752008
85400.0 45.763262
85600.0 45.73604
85800.0 45.701528
86000.0 45.714179
86200.0 45.716193
86400.0 45.752262
86600.0 45.77507
86800.0 45.743793
87000.0 45.743716
87200.0 45.72809
87400.0 45.718828
87600.0 45.737484
87800.0 45.793914
88000.0 45.79208
88200.0 45.745717
88400.0 45.736119
88600.0 45.693744
88800.0 45.689258
89000.0 45.722751
89200.0 45.762978
89400.0 45.753868
89600.0 45.745346
89800.0 45.73471
90000.0 45.722879
90200.0 45.738315
90400.0 45.739666
90600.0 45.756293
90800.0 45.754586
91000.0 45.747727
91200.0 45.730024
91400.0 45.735431
91600.0 45.712189
91800.0 45.727201
92000.0 45.740423
92200.0 45.737939
92400.0 45.746871
92600.0 45.730798
92800.0 45.724251
93000.0 45.713046
93200.0 45.730591
93400.0 45.748202
93600.0 45.769452
93800.0 45.781654
94000.0 45.758964
94200.0 45.716399
94400.0 45.711824
94600.0 45.730746
94800.0 45.742027
95000.0 45.777696
95200.0 45.751793
95400.0 45.726827
95600.0 45.705845
95800.0 45.706958
96000.0 45.717669
96200.0 45.765099
96400.0 45.755464
96600.0 45.751897
96800.0 45.728727
97000.0 45.738878
97200.0 45.741229
97400.0 45.751774
97600.0 45.750521
97800.0 45.731725
98000.0 45.713284
98200.0 45.718336
98400.0 45.715317
98600.0 45.722767
98800.0 45.72561
99000.0 45.736631
99200.0 45.746822
99400.0 45.741091
99600.0 45.75727
99800.0 45.726726
100000.0 45.739424
