0.0 1127.7759
200.0 1147.1312
400.0 1167.9945
600.0 1180.063
800.0 1177.9701
1000.0 1161.9353
1200.0 1135.0057
1400.0 1103.2589
1600.0 1081.5416
1800.0 1083.4371
2000.0 1118.0951
2200.0 1167.7442
2400.0 1184.7617
2600.0 1181.3102
2800.0 1163.7419
3000.0 1140.7875
3200.0 1122.6314
3400.0 1115.1325
3600.0 1120.5112
3800.0 1137.7238
4000.0 1158.0807
4200.0 1170.8812
4400.0 1172.5614
4600.0 1164.2922
4800.0 1150.2634
5000.0 1136.3666
5200.0 1127.4286
5400.0 1126.7376
5600.0 1139.7042
5800.0 1173.3424
6000.0 1202.9599
6200.0 1207.6724
6400.0 1190.4391
6600.0 1162.6156
6800.0 1139.8449
7000.0 1127.4783
7200.0 1126.2935
7400.0 1136.429
7600.0 1155.3614
7800.0 1176.0074
8000.0 1188.425
8200.0 1183.2197
8400.0 1157.7383
8600.0 1134.3351
8800.0 1127.2783
9000.0 1128.6974
9200.0 1134.7199
9400.0 1143.1903
9600.0 1150.5632
9800.0 1153.6551
10000.0 1153.0297
10200.0 1151.9602
10400.0 1153.4885
10600.0 1159.6842
10800.0 1171.3832
11000.0 1186.9336
11200.0 1198.7867
11400.0 1195.5783
11600.0 1173.4176
11800.0 1151.7857
12000.0 1143.7254
12200.0 1144.219
12400.0 1147.7793
12600.0 1149.7472
12800.0 1147.1231
13000.0 1139.8573
13200.0 1130.2857
13400.0 1121.9983
13600.0 1118.9823
13800.0 1127.1143
14000.0 1147.3277
14200.0 1160.1092
14400.0 1156.0796
14600.0 1145.3524
14800.0 1139.4241
15000.0 1142.5516
15200.0 1153.3262
15400.0 1167.5072
15600.0 1179.0677
15800.0 1179.637
16000.0 1158.6247
16200.0 1133.3934
16400.0 1125.8312
16600.0 1129.2473
16800.0 1138.2846
17000.0 1148.6305
17200.0 1155.4552
17400.0 1156.5546
17600.0 1151.5453
17800.0 1140.4313
18000.0 1125.7353
18200.0 1113.8653
18400.0 1111.7305
18600.0 1124.3139
18800.0 1148.7212
19000.0 1169.2991
19200.0 1176.1389
19400.0 1170.0656
19600.0 1155.5929
19800.0 1139.3711
20000.0 1128.2439
20200.0 1126.3483
20400.0 1134.2473
20600.0 1150.014
20800.0 1174.3393
21000.0 1205.6984
21200.0 1220.0384
21400.0 1203.3938
21600.0 1163.9302
21800.0 1132.3026
22000.0 1121.1806
22200.0 1125.1957
22400.0 1139.8467
22600.0 1158.3359
22800.0 1172.0161
23000.0 1175.3183
23200.0 1166.2623
23400.0 1146.6216
23600.0 1127.2804
23800.0 1119.8797
24000.0 1125.0249
24200.0 1137.0376
24400.0 1149.3812
24600.0 1157.4559
24800.0 1159.1001
25000.0 1154.7119
25200.0 1146.7186
25400.0 1138.1636
25600.0 1132.8142
25800.0 1135.1343
26000.0 1152.8595
26200.0 1178.8205
26400.0 1186.9221
26600.0 1178.5618
26800.0 1161.7019
27000.0 1144.7728
27200.0 1135.2175
27400.0 1135.6789
27600.0 1144.93
27800.0 1158.7968
28000.0 1167.1999
28200.0 1154.9569
28400.0 1126.2429
28600.0 1112.9902
28800.0 1114.0124
29000.0 1123.5095
29200.0 1137.549
29400.0 1150.4478
29600.0 1157.1298
29800.0 1156.3309
30000.0 1149.9321
30200.0 1142.0509
30400.0 1137.4889
30600.0 1140.8754
30800.0 1157.6936
31000.0 1180.8702
31200.0 1192.9301
31400.0 1188.3398
31600.0 1168.9023
31800.0 1145.9149
32000.0 1133.3867
32200.0 1133.6544
32400.0 1143.2712
32600.0 1157.1677
32800.0 1166.9412
33000.0 1164.2437
33200.0 1148.0761
33400.0 1128.9732
33600.0 1118.4711
33800.0 1116.988
34000.0 1120.7223
34200.0 1126.8227
34400.0 1133.2235
34600.0 1138.1135
34800.0 1141.1069
35000.0 1142.9527
35200.0 1145.0816
35400.0 1148.6584
35600.0 1153.9448
35800.0 1160.2746
36000.0 1166.6901
36200.0 1171.3153
36400.0 1166.2839
36600.0 1143.4776
36800.0 1134.324
37000.0 1137.4576
37200.0 1140.4982
37400.0 1140.9803
37600.0 1140.0336
37800.0 1139.6265
38000.0 1141.4849
38200.0 1146.7354
38400.0 1154.1616
38600.0 1160.6346
38800.0 1163.323
39000.0 1161.5754
39200.0 1157.1765
39400.0 1150.5566
39600.0 1140.1498
39800.0 1128.4305
40000.0 1123.1976
40200.0 1126.9419
40400.0 1136.0414
40600.0 1145.796
40800.0 1152.6233
41000.0 1154.3654
41200.0 1149.4236
41400.0 1138.6822
41600.0 1126.9467
41800.0 1120.9722
42000.0 1126.5052
42200.0 1143.489
42400.0 1162.2965
42600.0 1172.5511
42800.0 1172.0257
43000.0 1162.3647
43200.0 1146.6397
43400.0 1130.4618
43600.0 1120.5429
43800.0 1121.1117
44000.0 1135.4363
44200.0 1170.8666
44400.0 1212.6665
44600.0 1224.1386
44800.0 1201.4657
45000.0 1164.2977
45200.0 1135.7972
45400.0 1120.7563
45600.0 1120.185
45800.0 1132.5219
46000.0 1152.0794
46200.0 1169.139
46400.0 1176.8563
46600.0 1173.1954
46800.0 1159.0588
47000.0 1140.309
47200.0 1127.3722
47400.0 1125.5939
47600.0 1132.9273
47800.0 1143.3413
48000.0 1151.3505
48200.0 1153.9657
48400.0 1150.7406
48600.0 1144.1495
48800.0 1137.5126
49000.0 1133.6934
49200.0 1135.6163
49400.0 1148.8858
49600.0 1172.4391
49800.0 1185.4543
50000.0 1180.5638
50200.0 1164.0673
50400.0 1144.9955
50600.0 1131.8355
50800.0 1129.453
51000.0 1138.9599
51200.0 1158.7221
51400.0 1184.8926
51600.0 1204.0599
51800.0 1200.443
52000.0 1172.7715
52200.0 1143.4881
52400.0 1127.0505
52600.0 1121.8818
52800.0 1126.6271
53000.0 1139.9454
53200.0 1157.1664
53400.0 1171.0554
53600.0 1175.8455
53800.0 1168.2832
54000.0 1147.4806
54200.0 1120.5017
54400.0 1102.9349
54600.0 1102.7551
54800.0 1119.5064
55000.0 1144.8116
55200.0 1165.3676
55400.0 1176.7986
55600.0 1176.0495
55800.0 1162.577
56000.0 1142.6632
56200.0 1124.7657
56400.0 1114.4607
56600.0 1115.0908
56800.0 1127.4409
57000.0 1143.3602
57200.0 1151.65
57400.0 1152.6973
57600.0 1150.9501
57800.0 1149.3214
58000.0 1149.0098
58200.0 1150.0034
58400.0 1151.3289
58600.0 1151.0372
58800.0 1145.6532
59000.0 1134.6619
59200.0 1123.6454
59400.0 1119.5157
59600.0 1123.4145
59800.0 1133.7129
60000.0 1148.9502
60200.0 1164.8448
60400.0 1174.729
60600.0 1172.4509
60800.0 1157.6106
61000.0 1136.4168
61200.0 1119.3966
61400.0 1114.9114
61600.0 1126.2447
61800.0 1149.9473
62000.0 1173.1758
62200.0 1184.6348
62400.0 1181.1936
62600.0 1164.625
62800.0 1144.8288
63000.0 1133.785
63200.0 1133.0993
63400.0 1139.3663
63600.0 1148.6144
63800.0 1156.5668
64000.0 1159.3392
64200.0 1154.1376
64400.0 1139.9743
64600.0 1117.6619
64800.0 1094.1912
65000.0 1082.7495
65200.0 1095.5802
65400.0 1134.1641
65600.0 1165.4669
65800.0 1179.7785
66000.0 1177.6734
66200.0 1160.1273
66400.0 1135.7632
66600.0 1116.0102
66800.0 1107.9694
67000.0 1114.872
67200.0 1134.0868
67400.0 1153.0002
67600.0 1163.1373
67800.0 1164.6975
68000.0 1158.9635
68200.0 1147.894
68400.0 1134.7588
68600.0 1124.5961
68800.0 1123.4909
69000.0 1139.0205
69200.0 1170.7775
69400.0 1193.5364
69600.0 1197.6597
69800.0 1187.2497
70000.0 1170.5392
70200.0 1156.3138
70400.0 1146.8706
70600.0 1141.5185
70800.0 1139.825
71000.0 1141.0254
71200.0 1143.8171
71400.0 1146.6506
71600.0 1148.3213
71800.0 1147.7661
72000.0 1144.2133
72200.0 1138.4071
72400.0 1132.676
72600.0 1129.7183
72800.0 1132.5499
73000.0 1142.1416
73200.0 1154.4669
73400.0 1162.9663
73600.0 1164.7336
73800.0 1160.8018
74000.0 1153.0209
74200.0 1142.9706
74400.0 1130.9822
74600.0 1118.8804
74800.0 1113.978
75000.0 1118.9603
75200.0 1130.072
75400.0 1145.1262
75600.0 1165.3588
75800.0 1186.5588
76000.0 1193.5284
76200.0 1181.2813
76400.0 1156.0182
76600.0 1128.5039
76800.0 1110.4475
77000.0 1108.1163
77200.0 1123.9353
77400.0 1159.709
77600.0 1190.2043
77800.0 1194.1908
78000.0 1181.6927
78200.0 1161.8996
78400.0 1142.4895
78600.0 1129.5498
78800.0 1126.1533
79000.0 1132.6641
79200.0 1147.6437
79400.0 1166.7353
79600.0 1182.735
79800.0 1187.4334
80000.0 1169.9884
80200.0 1135.0937
80400.0 1115.6308
80600.0 1112.3182
80800.0 1120.0326
81000.0 1136.0035
81200.0 1153.5236
81400.0 1164.8118
81600.0 1165.7926
81800.0 1157.3073
82000.0 1143.7095
82200.0 1130.2907
82400.0 1121.3536
82600.0 1122.2613
82800.0 1139.6246
83000.0 1168.9851
83200.0 1192.2916
83400.0 1197.813
83600.0 1182.7725
83800.0 1156.5519
84000.0 1135.9349
84200.0 1124.8324
84400.0 1122.9718
84600.0 1130.5854
84800.0 1145.4394
85000.0 1161.4665
85200.0 1172.3767
85400.0 1174.4086
85600.0 1165.7526
85800.0 1148.7905
86000.0 1132.9013
86200.0 1126.1997
86400.0 1128.9146
86600.0 1136.8075
86800.0 1147.1117
87000.0 1156.6891
87200.0 1161.8499
87400.0 1159.8507
87600.0 1149.7114
87800.0 1133.6394
88000.0 1117.9838
88200.0 1109.7477
88400.0 1115.7783
88600.0 1143.408
88800.0 1170.2842
89000.0 1175.503
89200.0 1167.149
89400.0 1152.2929
89600.0 1138.1914
89800.0 1130.6743
90000.0 1132.914
90200.0 1145.7264
90400.0 1166.2237
90600.0 1185.9303
90800.0 1193.7715
91000.0 1180.9003
91200.0 1149.9071
91400.0 1128.2939
91600.0 1123.5402
91800.0 1130.233
92000.0 1144.3743
92200.0 1161.0328
92400.0 1172.9501
92600.0 1172.1846
92800.0 1153.4337
93000.0 1123.7534
93200.0 1102.0294
93400.0 1095.4259
93600.0 1102.6187
93800.0 1116.6471
94000.0 1131.03
94200.0 1143.6782
94400.0 1153.3584
94600.0 1158.9054
94800.0 1159.4167
95000.0 1155.3303
95200.0 1147.4233
95400.0 1137.3748
95600.0 1127.8349
95800.0 1122.5998
96000.0 1124.974
96200.0 1135.3663
96400.0 1150.5363
96600.0 1162.8795
96800.0 1164.0227
97000.0 1151.7309
97200.0 1130.9838
97400.0 1112.33
97600.0 1106.0067
97800.0 1117.7683
98000.0 1142.8253
98200.0 1161.5336
98400.0 1167.5373
98600.0 1165.2335
98800.0 1157.9251
99000.0 1148.3578
99200.0 1139.5227
99400.0 1133.9301
99600.0 1133.064
99800.0 1137.7626
100000.0 1149.202
