0.0 155.5407
200.0 155.67895
400.0 150.87281
600.0 153.66883
800.0 157.64642
1000.0 155.33254
1200.0 150.99403
1400.0 151.70326
1600.0 151.83502
1800.0 149.15829
2000.0 150.5326
2200.0 155.19191
2400.0 156.45866
2600.0 158.79134
2800.0 156.1471
3000.0 148.34211
3200.0 151.90526
3400.0 154.31146
3600.0 154.12677
3800.0 148.99288
4000.0 150.93272
4200.0 156.7162
4400.0 158.25856
4600.0 156.0967
4800.0 151.07152
5000.0 151.63411
5200.0 152.98365
5400.0 154.46949
5600.0 151.23371
5800.0 155.06007
6000.0 153.81519
6200.0 154.28283
6400.0 151.97161
6600.0 153.22963
6800.0 151.54087
7000.0 152.79949
7200.0 151.86566
7400.0 152.04995
7600.0 149.68247
7800.0 154.57441
8000.0 152.59011
8200.0 151.754
8400.0 150.04589
8600.0 147.96405
8800.0 150.30415
9000.0 150.54989
9200.0 152.79139
9400.0 151.63386
9600.0 155.46874
9800.0 155.24142
10000.0 154.21191
10200.0 154.65219
10400.0 152.5109
10600.0 150.57523
10800.0 150.06201
11000.0 151.10016
11200.0 151.36445
11400.0 152.44555
11600.0 153.62
11800.0 152.26369
12000.0 151.46423
12200.0 153.41113
12400.0 150.63845
12600.0 157.69213
12800.0 154.45551
13000.0 151.31215
13200.0 150.94911
13400.0 154.51821
13600.0 153.20698
13800.0 152.52445
14000.0 152.928
14200.0 151.32615
14400.0 151.54163
14600.0 156.98189
14800.0 155.28052
15000.0 152.50351
15200.0 151.66186
15400.0 151.07882
15600.0 150.49895
15800.0 150.29617
16000.0 152.35243
16200.0 152.67407
16400.0 153.70601
16600.0 153.44728
16800.0 151.7401
17000.0 156.52799
17200.0 158.77255
17400.0 159.78505
17600.0 155.66048
17800.0 152.85365
18000.0 154.11762
18200.0 154.6148
18400.0 150.36585
18600.0 151.10186
18800.0 150.66266
19000.0 155.7835
19200.0 154.38656
19400.0 150.79421
19600.0 146.69989
19800.0 149.91242
20000.0 152.3338
20200.0 149.51327
20400.0 151.80438
20600.0 154.76008
20800.0 154.55753
21000.0 153.86571
21200.0 152.77085
21400.0 151.73801
21600.0 153.54186
21800.0 157.2039
22000.0 155.90666
22200.0 155.78697
22400.0 152.35628
22600.0 153.46049
22800.0 148.21762
23000.0 149.2578
23200.0 154.13372
23400.0 155.77384
23600.0 152.76277
23800.0 151.73385
24000.0 153.01614
24200.0 155.78113
24400.0 153.91833
24600.0 150.09833
24800.0 151.7228
25000.0 152.54774
25200.0 150.53298
25400.0 149.34545
25600.0 152.77887
25800.0 154.22377
26000.0 155.94454
26200.0 156.66852
26400.0 157.54853
26600.0 153.41622
26800.0 152.52637
27000.0 154.19134
27200.0 155.15756
27400.0 151.74812
27600.0 150.91972
27800.0 155.31345
28000.0 150.72064
28200.0 149.28475
28400.0 153.57905
28600.0 156.47116
28800.0 155.04331
29000.0 155.95518
29200.0 158.24898
29400.0 157.04339
29600.0 153.87653
29800.0 152.26746
30000.0 152.51249
30200.0 151.79195
30400.0 149.93258
30600.0 151.14233
30800.0 153.60839
31000.0 155.02939
31200.0 151.75605
31400.0 149.80865
31600.0 153.9184
31800.0 151.81938
32000.0 155.61131
32200.0 155.94569
32400.0 155.54089
32600.0 156.20004
32800.0 156.26896
33000.0 157.19709
33200.0 156.42622
33400.0 157.42625
33600.0 152.50428
33800.0 153.42974
34000.0 155.83388
34200.0 157.9787
34400.0 152.80279
34600.0 149.89936
34800.0 151.25491
35000.0 154.44373
35200.0 155.89513
35400.0 157.16189
35600.0 152.12296
35800.0 150.70417
36000.0 151.45256
36200.0 153.10302
36400.0 151.84193
36600.0 152.0132
36800.0 150.83756
37000.0 156.33311
37200.0 152.96974
37400.0 155.59883
37600.0 153.81115
37800.0 153.00571
38000.0 150.36985
38200.0 148.70784
38400.0 154.39693
38600.0 153.66053
38800.0 153.34843
39000.0 149.81183
39200.0 151.65499
39400.0 151.78273
39600.0 152.34369
39800.0 152.86556
40000.0 156.28944
40200.0 155.23439
40400.0 156.17532
40600.0 155.37251
40800.0 154.31738
41000.0 154.37825
41200.0 151.44428
41400.0 152.46123
41600.0 155.40365
41800.0 152.94012
42000.0 152.20373
42200.0 148.85111
42400.0 151.27231
42600.0 154.37327
42800.0 153.85274
43000.0 153.14674
43200.0 153.78358
43400.0 154.5101
43600.0 150.06164
43800.0 151.28982
44000.0 154.60927
44200.0 156.35817
44400.0 157.11126
44600.0 159.04217
44800.0 155.01287
45000.0 152.08781
45200.0 149.00388
45400.0 152.67143
45600.0 151.43962
45800.0 154.07478
46000.0 153.27259
46200.0 155.60792
46400.0 155.42212
46600.0 151.75024
46800.0 150.47519
47000.0 154.6424
47200.0 148.26814
47400.0 147.90645
47600.0 150.94227
47800.0 157.56116
48000.0 154.81172
48200.0 155.63122
48400.0 152.1535
48600.0 151.19981
48800.0 149.03062
49000.0 157.61944
49200.0 157.59506
49400.0 161.90519
49600.0 160.75207
49800.0 157.81252
50000.0 154.06541
50200.0 147.80364
50400.0 150.42333
50600.0 151.14707
50800.0 151.42199
51000.0 151.32512
51200.0 156.74269
51400.0 157.99239
51600.0 160.68539
51800.0 154.19059
52000.0 151.81917
52200.0 148.75683
52400.0 148.65767
52600.0 154.40683
52800.0 154.67666
53000.0 153.18328
53200.0 155.51687
53400.0 156.13706
53600.0 151.77821
53800.0 150.42354
54000.0 151.36974
54200.0 149.24613
54400.0 148.05036
54600.0 148.94925
54800.0 150.89683
55000.0 153.31182
55200.0 152.93096
55400.0 151.15487
55600.0 151.61099
55800.0 152.2726
56000.0 157.16179
56200.0 151.05913
56400.0 153.87669
56600.0 157.64943
56800.0 159.75837
57000.0 153.76539
57200.0 150.3296
57400.0 145.9806
57600.0 146.98579
57800.0 150.0671
58000.0 155.66514
58200.0 156.47259
58400.0 154.92837
58600.0 151.58721
58800.0 153.62494
59000.0 155.88808
59200.0 156.94476
59400.0 153.48715
59600.0 152.01299
59800.0 148.24441
60000.0 150.76677
60200.0 150.82937
60400.0 153.50687
60600.0 156.94974
60800.0 155.22381
61000.0 150.00159
61200.0 150.52232
61400.0 151.53592
61600.0 158.31018
61800.0 158.21447
62000.0 158.33218
62200.0 151.77001
62400.0 151.18446
62600.0 154.93399
62800.0 153.86474
63000.0 150.33227
63200.0 152.36845
63400.0 150.99857
63600.0 150.63428
63800.0 150.40384
64000.0 155.65544
64200.0 150.6126
64400.0 154.69116
64600.0 153.88999
64800.0 153.44795
65000.0 154.36978
65200.0 155.07709
65400.0 155.63267
65600.0 154.72792
65800.0 156.72099
66000.0 155.27174
66200.0 153.76836
66400.0 153.52833
66600.0 149.11474
66800.0 152.70437
67000.0 148.6236
67200.0 149.0151
67400.0 152.13838
67600.0 156.5722
67800.0 156.68253
68000.0 154.40115
68200.0 157.15038
68400.0 156.35177
68600.0 151.67628
68800.0 149.39745
69000.0 153.73342
69200.0 154.26768
69400.0 151.4969
69600.0 152.07509
69800.0 153.38996
70000.0 151.06487
70200.0 148.56127
70400.0 154.79357
70600.0 154.11713
70800.0 154.41822
71000.0 157.77435
71200.0 156.07915
71400.0 151.76423
71600.0 148.0441
71800.0 148.46733
72000.0 153.31907
72200.0 156.28146
72400.0 158.38871
72600.0 158.0437
72800.0 158.81219
73000.0 150.60506
73200.0 147.62802
73400.0 149.15321
73600.0 154.30418
73800.0 154.12012
74000.0 154.432
74200.0 155.64837
74400.0 155.01025
74600.0 155.38957
74800.0 153.7822
75000.0 152.62104
75200.0 150.22541
75400.0 150.16468
75600.0 152.7437
75800.0 153.42502
76000.0 153.14311
76200.0 147.95231
76400.0 148.83789
76600.0 147.80145
76800.0 151.03835
77000.0 148.87722
77200.0 153.38771
77400.0 156.76099
77600.0 157.3891
77800.0 154.0845
78000.0 147.93916
78200.0 152.59319
78400.0 155.93115
78600.0 155.72837
78800.0 151.38878
79000.0 149.75425
79200.0 152.11383
79400.0 152.15014
79600.0 148.85575
79800.0 147.0344
80000.0 147.15637
80200.0 153.68444
80400.0 155.54376
80600.0 152.45188
80800.0 149.97497
81000.0 152.93476
81200.0 154.00754
81400.0 154.28314
81600.0 153.20301
81800.0 154.35017
82000.0 153.97486
82200.0 155.36201
82400.0 157.69028
82600.0 155.73281
82800.0 157.87411
83000.0 153.61801
83200.0 153.07078
83400.0 152.3981
83600.0 152.32584
83800.0 150.5191
84000.0 150.12126
84200.0 149.60658
84400.0 151.47246
84600.0 153.97809
84800.0 152.55009
85000.0 152.08943
85200.0 152.97449
85400.0 157.12185
85600.0 154.55003
85800.0 152.35844
86000.0 151.31364
86200.0 151.70655
86400.0 155.60178
86600.0 153.00037
86800.0 148.37447
87000.0 149.03494
87200.0 154.57938
87400.0 152.13113
87600.0 149.50094
87800.0 153.41741
88000.0 152.44657
88200.0 155.84799
88400.0 152.91271
88600.0 153.47094
88800.0 149.86802
89000.0 149.77792
89200.0 150.1688
89400.0 153.46889
89600.0 152.80597
89800.0 150.2151
90000.0 149.0792
90200.0 153.4943
90400.0 154.15448
90600.0 153.63162
90800.0 153.08386
91000.0 154.6616
91200.0 156.19704
91400.0 156.21227
91600.0 150.33535
91800.0 147.01401
92000.0 151.17054
92200.0 154.1586
92400.0 152.38632
92600.0 153.00818
92800.0 154.71875
93000.0 155.85015
93200.0 155.04713
93400.0 153.32842
93600.0 158.15653
93800.0 156.45854
94000.0 154.12826
94200.0 148.84168
94400.0 150.43084
94600.0 154.83129
94800.0 151.27407
95000.0 151.23757
95200.0 150.02524
95400.0 155.99036
95600.0 156.53675
95800.0 152.48077
96000.0 153.71267
96200.0 156.53376
96400.0 153.77187
96600.0 149.68835
96800.0 150.4553
97000.0 153.1158
97200.0 148.21356
97400.0 150.79776
97600.0 148.51121
97800.0 152.44766
98000.0 152.59363
98200.0 151.15121
98400.0 149.54067
98600.0 152.03688
98800.0 152.8702
99000.0 150.77593
99200.0 151.93272
99400.0 152.39544
99600.0 154.88697
99800.0 154.88652
100000.0 157.58952
