0.0 388.54515
200.0 389.24461
400.0 390.02672
600.0 390.88638
800.0 391.69442
1000.0 392.39187
1200.0 393.01089
1400.0 393.47259
1600.0 393.62742
1800.0 393.40408
2000.0 392.77555
2200.0 391.72435
2400.0 390.45321
2600.0 389.07107
2800.0 387.67494
3000.0 386.48676
3200.0 385.60991
3400.0 385.00728
3600.0 384.49882
3800.0 383.97603
4000.0 383.56374
4200.0 383.40291
4400.0 383.78574
4600.0 385.20409
4800.0 388.09002
5000.0 391.65845
5200.0 394.06239
5400.0 394.93091
5600.0 394.91214
5800.0 394.43549
6000.0 393.71783
6200.0 392.91832
6400.0 392.12843
6600.0 391.42069
6800.0 390.61136
7000.0 389.60299
7200.0 388.42094
7400.0 387.30724
7600.0 386.54001
7800.0 386.37244
8000.0 386.76876
8200.0 387.48877
8400.0 388.30173
8600.0 388.91353
8800.0 389.23636
9000.0 389.49583
9200.0 390.07644
9400.0 391.2382
9600.0 393.03579
9800.0 395.00657
10000.0 396.40008
10200.0 396.81286
10400.0 396.16957
10600.0 394.63917
10800.0 392.74408
11000.0 391.21973
11200.0 390.44977
11400.0 390.2759
11600.0 390.26976
11800.0 390.22038
12000.0 390.15092
12200.0 390.00326
12400.0 389.82015
12600.0 389.60116
12800.0 389.26641
13000.0 388.81994
13200.0 388.42063
13400.0 388.43547
13600.0 388.76043
13800.0 389.26773
14000.0 389.73782
14200.0 389.80991
14400.0 389.26613
14600.0 388.20819
14800.0 387.10925
15000.0 386.42067
15200.0 386.50063
15400.0 387.56422
15600.0 389.46275
15800.0 391.54843
16000.0 393.10962
16200.0 393.77572
16400.0 393.58652
16600.0 392.79933
16800.0 391.72666
17000.0 390.70914
17200.0 389.99271
17400.0 389.51741
17600.0 389.20141
17800.0 388.98286
18000.0 388.80434
18200.0 388.67708
18400.0 388.50083
18600.0 388.32284
18800.0 388.26263
19000.0 388.51965
19200.0 389.15519
19400.0 390.25013
19600.0 391.62679
19800.0 393.03813
20000.0 394.28387
20200.0 395.33347
20400.0 396.09282
20600.0 396.45959
20800.0 396.29168
21000.0 395.37498
21200.0 393.57253
21400.0 391.08914
21600.0 388.66792
21800.0 387.05475
22000.0 386.2868
22200.0 386.10001
22400.0 386.40866
22600.0 387.10593
22800.0 387.96855
23000.0 388.79659
23200.0 389.55143
23400.0 390.20345
23600.0 390.91052
23800.0 391.78962
24000.0 392.91474
24200.0 394.16409
24400.0 395.21738
24600.0 395.62369
24800.0 394.85892
25000.0 392.76793
25200.0 390.14752
25400.0 388.23706
25600.0 387.50659
25800.0 387.6169
26000.0 388.13626
26200.0 388.80062
26400.0 389.3761
26600.0 389.61958
26800.0 389.36592
27000.0 388.69506
27200.0 388.02489
27400.0 388.00793
27600.0 388.95947
27800.0 390.60563
28000.0 392.387
28200.0 393.65641
28400.0 394.13266
28600.0 393.82188
28800.0 392.99691
29000.0 391.98247
29200.0 391.06054
29400.0 390.49741
29600.0 390.34578
29800.0 390.30096
30000.0 389.99358
30200.0 389.2058
30400.0 388.04292
30600.0 386.7805
30800.0 385.81838
31000.0 385.43539
31200.0 385.74932
31400.0 386.76266
31600.0 388.28115
31800.0 389.88193
32000.0 391.06416
32200.0 391.50581
32400.0 391.48595
32600.0 391.38599
32800.0 391.35703
33000.0 391.42052
33200.0 391.61921
33400.0 391.69272
33600.0 391.40243
33800.0 390.64508
34000.0 389.37554
34200.0 387.79286
34400.0 386.38808
34600.0 385.51942
34800.0 385.28652
35000.0 385.64936
35200.0 386.54162
35400.0 387.56238
35600.0 388.44742
35800.0 388.98604
36000.0 389.3093
36200.0 389.76293
36400.0 390.40616
36600.0 391.23728
36800.0 392.223
37000.0 393.2868
37200.0 394.23874
37400.0 394.74688
37600.0 394.5613
37800.0 393.76693
38000.0 392.81327
38200.0 392.0693
38400.0 391.70707
38600.0 391.55758
38800.0 391.19099
39000.0 390.41307
39200.0 389.24074
39400.0 387.88045
39600.0 386.66529
39800.0 385.836
40000.0 385.54204
40200.0 385.78575
40400.0 386.47509
40600.0 387.30946
40800.0 388.13064
41000.0 388.92056
41200.0 389.85317
41400.0 391.17409
41600.0 392.87313
41800.0 394.51534
42000.0 395.60716
42200.0 395.83961
42400.0 395.19711
42600.0 393.9101
42800.0 392.43606
43000.0 391.24175
43200.0 390.36229
43400.0 389.55327
43600.0 388.64041
43800.0 387.65507
44000.0 386.77756
44200.0 386.19038
44400.0 386.00338
44600.0 386.33574
44800.0 387.18521
45000.0 388.5337
45200.0 390.13193
45400.0 391.6381
45600.0 392.85674
45800.0 393.72033
46000.0 394.38015
46200.0 394.95884
46400.0 395.45151
46600.0 395.66546
46800.0 395.23731
47000.0 393.80599
47200.0 391.34232
47400.0 388.51578
47600.0 386.29864
47800.0 384.88153
48000.0 384.14277
48200.0 383.95036
48400.0 384.12549
48600.0 384.60254
48800.0 385.58331
49000.0 387.1743
49200.0 389.13513
49400.0 390.94139
49600.0 392.13107
49800.0 392.64384
50000.0 392.62744
50200.0 392.2035
50400.0 391.44724
50600.0 390.66816
50800.0 390.10299
51000.0 389.88991
51200.0 390.03205
51400.0 390.22929
51600.0 390.17625
51800.0 389.73628
52000.0 388.89001
52200.0 387.72556
52400.0 386.41412
52600.0 385.30154
52800.0 384.75642
53000.0 385.05431
53200.0 386.33654
53400.0 388.68171
53600.0 391.38576
53800.0 393.30835
54000.0 394.0691
54200.0 394.04318
54400.0 393.44695
54600.0 392.48912
54800.0 391.44312
55000.0 390.53475
55200.0 389.87549
55400.0 389.47212
55600.0 388.99957
55800.0 388.32642
56000.0 387.5294
56200.0 386.79588
56400.0 386.36819
56600.0 386.39327
56800.0 386.95057
57000.0 388.09062
57200.0 389.7782
57400.0 391.63708
57600.0 393.16024
57800.0 394.04777
58000.0 394.28357
58200.0 394.0823
58400.0 393.75849
58600.0 393.43835
58800.0 393.09662
59000.0 392.57605
59200.0 391.73488
59400.0 390.62824
59600.0 389.34978
59800.0 388.03939
60000.0 386.95523
60200.0 386.34921
60400.0 386.31227
60600.0 386.68481
60800.0 387.21662
61000.0 387.61829
61200.0 387.6702
61400.0 387.27427
61600.0 386.62428
61800.0 386.27353
62000.0 386.68909
62200.0 388.08037
62400.0 390.27639
62600.0 392.49866
62800.0 393.93388
63000.0 394.35048
63200.0 394.03002
63400.0 393.26087
63600.0 392.43219
63800.0 391.73609
64000.0 391.41026
64200.0 391.30766
64400.0 391.19174
64600.0 390.76943
64800.0 389.84267
65000.0 388.23538
65200.0 386.06083
65400.0 383.85874
65600.0 382.40875
65800.0 381.90406
66000.0 382.03211
66200.0 382.76931
66400.0 384.1679
66600.0 385.96155
66800.0 387.80515
67000.0 389.36996
67200.0 390.4721
67400.0 391.12165
67600.0 391.44758
67800.0 391.59221
68000.0 391.65497
68200.0 391.70337
68400.0 391.64851
68600.0 391.41206
68800.0 391.01163
69000.0 390.28666
69200.0 389.13403
69400.0 387.67216
69600.0 386.34979
69800.0 385.60846
70000.0 385.75355
70200.0 386.86643
70400.0 388.64556
70600.0 390.39843
70800.0 391.6037
71000.0 392.08234
71200.0 391.86381
71400.0 391.08463
71600.0 390.09126
71800.0 389.20955
72000.0 388.61796
72200.0 388.28796
72400.0 388.18619
72600.0 388.28694
72800.0 388.46854
73000.0 388.53721
73200.0 388.52757
73400.0 388.33032
73600.0 388.05599
73800.0 388.20396
74000.0 389.13072
74200.0 390.78286
74400.0 392.72001
74600.0 394.34013
74800.0 395.09415
75000.0 394.74868
75200.0 393.49
75400.0 391.76648
75600.0 390.37077
75800.0 389.72367
76000.0 389.68192
76200.0 390.03258
76400.0 390.60062
76600.0 391.24674
76800.0 391.6847
77000.0 391.77239
77200.0 391.41051
77400.0 390.62176
77600.0 389.59157
77800.0 388.69754
78000.0 388.18383
78200.0 388.10352
78400.0 388.30969
78600.0 388.53115
78800.0 388.63571
79000.0 388.49828
79200.0 388.1565
79400.0 387.8455
79600.0 387.85777
79800.0 388.29402
80000.0 389.13542
80200.0 390.30364
80400.0 391.48132
80600.0 392.33035
80800.0 392.62946
81000.0 392.23055
81200.0 391.41386
81400.0 390.63644
81600.0 390.02904
81800.0 389.78177
82000.0 389.92946
82200.0 390.23698
82400.0 390.3912
82600.0 390.13201
82800.0 389.41612
83000.0 388.40136
83200.0 387.4897
83400.0 386.94208
83600.0 386.93257
83800.0 387.43994
84000.0 388.18565
84200.0 388.75765
84400.0 388.98735
84600.0 388.76977
84800.0 388.24543
85000.0 387.70291
85200.0 387.30226
85400.0 387.2128
85600.0 387.59324
85800.0 388.38143
86000.0 389.37852
86200.0 390.3506
86400.0 390.9569
86600.0 391.14913
86800.0 391.11842
87000.0 391.15105
87200.0 391.49911
87400.0 392.06656
87600.0 392.67695
87800.0 392.94385
88000.0 392.54329
88200.0 391.39645
88400.0 389.7137
88600.0 388.03533
88800.0 386.83471
89000.0 386.27933
89200.0 386.18702
89400.0 386.23799
89600.0 386.22688
89800.0 386.13901
90000.0 386.04933
90200.0 386.12207
90400.0 386.62755
90600.0 387.74309
90800.0 389.36813
91000.0 391.08112
91200.0 392.4262
91400.0 393.17477
91600.0 393.44679
91800.0 393.4477
92000.0 393.48217
92200.0 393.72208
92400.0 394.07115
92600.0 394.35588
92800.0 394.23565
93000.0 393.67719
93200.0 392.59697
93400.0 391.00461
93600.0 389.20842
93800.0 387.60189
94000.0 386.42497
94200.0 385.67611
94400.0 385.26388
94600.0 385.20712
94800.0 385.52259
95000.0 386.12123
95200.0 387.00175
95400.0 388.22629
95600.0 389.83
95800.0 391.67082
96000.0 393.33427
96200.0 394.53891
96400.0 395.03558
96600.0 394.79992
96800.0 394.0032
97000.0 392.9226
97200.0 391.92095
97400.0 390.83076
97600.0 389.5981
97800.0 388.04179
98000.0 386.32301
98200.0 384.81162
98400.0 383.92724
98600.0 383.76923
98800.0 384.37521
99000.0 385.59136
99200.0 387.15852
99400.0 388.78634
99600.0 390.21017
99800.0 391.47675
100000.0 392.61246
