0.0 1198.6825
200.0 1191.524
400.0 1184.1693
600.0 1181.9849
800.0 1190.9563
1000.0 1206.7986
1200.0 1215.9835
1400.0 1214.6057
1600.0 1206.4703
1800.0 1197.3822
2000.0 1193.1036
2200.0 1197.3805
2400.0 1209.3353
2600.0 1218.5053
2800.0 1210.6862
3000.0 1195.1939
3200.0 1186.425
3400.0 1183.7241
3600.0 1184.3431
3800.0 1186.842
4000.0 1190.812
4200.0 1196.1569
4400.0 1202.5289
4600.0 1209.5747
4800.0 1215.7727
5000.0 1219.5412
5200.0 1220.8672
5400.0 1220.1477
5600.0 1216.486
5800.0 1205.763
6000.0 1187.9503
6200.0 1174.453
6400.0 1172.5058
6600.0 1179.6972
6800.0 1190.7334
7000.0 1201.4866
7200.0 1209.0088
7400.0 1210.7791
7600.0 1204.8761
7800.0 1191.2573
8000.0 1174.8288
8200.0 1163.3104
8400.0 1164.1098
8600.0 1180.8617
8800.0 1207.6847
9000.0 1228.6983
9200.0 1235.0369
9400.0 1226.7069
9600.0 1208.465
9800.0 1189.5386
10000.0 1178.2123
10200.0 1176.8634
10400.0 1183.5155
10600.0 1194.4468
10800.0 1205.8894
11000.0 1214.9798
11200.0 1218.8909
11400.0 1215.337
11600.0 1205.3881
11800.0 1193.1875
12000.0 1183.3018
12200.0 1178.3593
12400.0 1178.8538
12600.0 1182.3888
12800.0 1185.529
13000.0 1187.4949
13200.0 1190.057
13400.0 1193.9843
13600.0 1198.6898
13800.0 1202.7435
14000.0 1206.1815
14200.0 1209.6491
14400.0 1213.2269
14600.0 1215.7582
14800.0 1213.6408
15000.0 1203.4831
15200.0 1189.0848
15400.0 1179.1892
15600.0 1178.4054
15800.0 1185.3116
16000.0 1195.3114
16200.0 1203.1807
16400.0 1204.5967
16600.0 1196.3297
16800.0 1178.8277
17000.0 1159.4769
17200.0 1150.0532
17400.0 1158.6743
17600.0 1182.3598
17800.0 1202.3055
18000.0 1210.8025
18200.0 1211.265
18400.0 1206.864
18600.0 1200.0246
18800.0 1192.4412
19000.0 1185.7062
19200.0 1181.5864
19400.0 1181.2494
19600.0 1185.6744
19800.0 1194.7135
20000.0 1205.7063
20200.0 1214.3564
20400.0 1216.7269
20600.0 1210.9036
20800.0 1197.7498
21000.0 1181.7499
21200.0 1169.9676
21400.0 1168.0095
21600.0 1179.7893
21800.0 1204.5032
22000.0 1228.0053
22200.0 1236.7921
22400.0 1230.3091
22600.0 1213.1189
22800.0 1193.1421
23000.0 1179.1302
23200.0 1175.3187
23400.0 1181.2674
23600.0 1193.6858
23800.0 1208.3217
24000.0 1220.6016
24200.0 1225.6089
24400.0 1220.7761
24600.0 1208.9822
24800.0 1196.5419
25000.0 1187.4821
25200.0 1182.3194
25400.0 1180.6322
25600.0 1182.4786
25800.0 1187.9189
26000.0 1195.4672
26200.0 1202.1887
26400.0 1205.3608
26600.0 1204.3884
26800.0 1200.8314
27000.0 1197.3288
27200.0 1196.4851
27400.0 1199.4587
27600.0 1205.3609
27800.0 1211.6843
28000.0 1214.9757
28200.0 1210.7696
28400.0 1196.1202
28600.0 1178.27
28800.0 1170.9121
29000.0 1174.055
29200.0 1181.0077
29400.0 1188.2239
29600.0 1193.8873
29800.0 1196.5182
30000.0 1196.2132
30200.0 1194.9595
30400.0 1195.8892
30600.0 1201.8762
30800.0 1212.1472
31000.0 1222.4598
31200.0 1229.2717
31400.0 1229.961
31600.0 1215.6547
31800.0 1182.6065
32000.0 1167.7128
32200.0 1170.9212
32400.0 1182.8146
32600.0 1197.7751
32800.0 1211.1563
33000.0 1218.4035
33200.0 1216.4082
33400.0 1205.0634
33600.0 1186.1667
33800.0 1166.5969
34000.0 1155.7365
34200.0 1160.0177
34400.0 1183.9956
34600.0 1218.6786
34800.0 1237.3417
35000.0 1235.815
35200.0 1220.6752
35400.0 1200.1431
35600.0 1182.383
35800.0 1172.8527
36000.0 1174.0037
36200.0 1186.0554
36400.0 1205.2237
36600.0 1223.2791
36800.0 1234.0643
37000.0 1237.9692
37200.0 1239.2814
37400.0 1239.3602
37600.0 1232.4548
37800.0 1216.0204
38000.0 1194.3101
38200.0 1173.7335
38400.0 1160.791
38600.0 1161.7756
38800.0 1177.1874
39000.0 1194.9063
39200.0 1205.1358
39400.0 1208.8125
39600.0 1208.1853
39800.0 1204.6374
40000.0 1199.8412
40200.0 1195.4074
40400.0 1192.2114
40600.0 1190.7176
40800.0 1191.505
41000.0 1196.1618
41200.0 1201.1518
41400.0 1197.658
41600.0 1186.4038
41800.0 1175.0153
42000.0 1168.0543
42200.0 1167.8536
42400.0 1175.6648
42600.0 1186.3188
42800.0 1190.1903
43000.0 1187.5137
43200.0 1184.89
43400.0 1185.6058
43600.0 1191.0884
43800.0 1199.9278
44000.0 1209.7312
44200.0 1217.3904
44400.0 1219.791
44600.0 1213.8144
44800.0 1195.9367
45000.0 1171.5831
45200.0 1161.1933
45400.0 1169.0413
45600.0 1185.8573
45800.0 1201.3849
46000.0 1209.1524
46200.0 1207.5337
46400.0 1198.0206
46600.0 1184.8191
46800.0 1174.5752
47000.0 1174.0369
47200.0 1193.5566
47400.0 1226.9514
47600.0 1237.896
47800.0 1230.3734
48000.0 1213.1912
48200.0 1193.4919
48400.0 1178.8567
48600.0 1173.7808
48800.0 1179.2389
49000.0 1193.8717
49200.0 1213.9788
49400.0 1234.2242
49600.0 1246.067
49800.0 1239.4362
50000.0 1208.6537
50200.0 1173.9829
50400.0 1157.989
50600.0 1160.101
50800.0 1177.0344
51000.0 1201.5049
51200.0 1222.6687
51400.0 1232.1028
51600.0 1225.456
51800.0 1205.2959
52000.0 1183.244
52200.0 1169.9897
52400.0 1166.5229
52600.0 1170.6595
52800.0 1180.3679
53000.0 1192.9792
53200.0 1205.2221
53400.0 1214.0306
53600.0 1216.9364
53800.0 1212.9319
54000.0 1201.73
54200.0 1185.6066
54400.0 1171.2432
54600.0 1165.5577
54800.0 1170.6484
55000.0 1187.2112
55200.0 1217.8658
55400.0 1243.8877
55600.0 1245.4141
55800.0 1223.7684
56000.0 1192.1597
56200.0 1168.0065
56400.0 1159.5427
56600.0 1167.5385
56800.0 1189.0071
57000.0 1212.5511
57200.0 1225.0553
57400.0 1225.0742
57600.0 1216.9082
57800.0 1204.4378
58000.0 1191.6676
58200.0 1183.1617
58400.0 1181.8233
58600.0 1188.6222
58800.0 1202.5083
59000.0 1220.5667
59200.0 1237.8028
59400.0 1245.7453
59600.0 1232.577
59800.0 1197.4154
60000.0 1165.4849
60200.0 1151.5331
60400.0 1156.7512
60600.0 1178.631
60800.0 1206.1874
61000.0 1226.5883
61200.0 1233.5917
61400.0 1225.2787
61600.0 1205.9324
61800.0 1187.283
62000.0 1176.2259
62200.0 1173.6896
62400.0 1179.4271
62600.0 1190.9329
62800.0 1203.6207
63000.0 1212.774
63200.0 1215.4151
63400.0 1210.1867
63600.0 1198.0304
63800.0 1182.0874
64000.0 1165.9652
64200.0 1150.9012
64400.0 1145.3913
64600.0 1161.5246
64800.0 1195.7186
65000.0 1227.8321
65200.0 1242.283
65400.0 1235.3852
65600.0 1210.7363
65800.0 1181.8965
66000.0 1163.0499
66200.0 1159.5066
66400.0 1171.0403
66600.0 1191.525
66800.0 1208.7286
67000.0 1216.5727
67200.0 1215.9837
67400.0 1209.3673
67600.0 1199.9127
67800.0 1190.7412
68000.0 1184.8612
68200.0 1184.7795
68400.0 1193.4928
68600.0 1216.2708
68800.0 1248.2276
69000.0 1264.5597
69200.0 1252.9739
69400.0 1218.678
69600.0 1186.3187
69800.0 1169.89
70000.0 1168.611
70200.0 1180.5233
70400.0 1200.5056
70600.0 1219.8756
70800.0 1230.4678
71000.0 1227.8301
71200.0 1211.8087
71400.0 1191.3928
71600.0 1180.069
71800.0 1179.0888
72000.0 1184.2752
72200.0 1192.4097
72400.0 1200.8583
72600.0 1207.2243
72800.0 1208.7068
73000.0 1202.6257
73200.0 1188.2353
73400.0 1169.3382
73600.0 1156.0814
73800.0 1160.4277
74000.0 1185.562
74200.0 1214.415
74400.0 1231.7256
74600.0 1234.7222
74800.0 1222.8961
75000.0 1202.1278
75200.0 1184.0316
75400.0 1174.9964
75600.0 1175.6161
75800.0 1184.771
76000.0 1199.3828
76200.0 1214.1991
76400.0 1222.5644
76600.0 1218.5515
76800.0 1193.5078
77000.0 1156.4782
77200.0 1143.852
77400.0 1152.2314
77600.0 1173.4152
77800.0 1197.1597
78000.0 1213.6676
78200.0 1218.5286
78400.0 1210.7572
78600.0 1193.1665
78800.0 1173.9072
79000.0 1162.9241
79200.0 1170.2502
79400.0 1199.7083
79600.0 1223.1782
79800.0 1229.2701
80000.0 1224.4719
80200.0 1212.7218
80400.0 1198.8865
80600.0 1188.461
80800.0 1183.9397
81000.0 1185.5231
81200.0 1191.518
81400.0 1200.138
81600.0 1211.4644
81800.0 1226.0852
82000.0 1238.3853
82200.0 1239.0666
82400.0 1224.5984
82600.0 1199.2519
82800.0 1176.3292
83000.0 1166.7981
83200.0 1172.2306
83400.0 1189.6554
83600.0 1212.7763
83800.0 1231.8941
84000.0 1238.6918
84200.0 1226.4094
84400.0 1188.0143
84600.0 1156.7421
84800.0 1152.0902
85000.0 1165.2842
85200.0 1188.1549
85400.0 1209.1392
85600.0 1220.2392
85800.0 1220.3135
86000.0 1211.3726
86200.0 1196.9812
86400.0 1181.3299
86600.0 1168.8421
86800.0 1163.5505
87000.0 1170.3341
87200.0 1196.013
87400.0 1226.8061
87600.0 1240.731
87800.0 1234.8988
88000.0 1213.7626
88200.0 1187.932
88400.0 1170.1089
88600.0 1166.6366
88800.0 1177.5916
89000.0 1198.9359
89200.0 1221.5989
89400.0 1234.9797
89600.0 1233.8593
89800.0 1221.0098
90000.0 1207.712
90200.0 1197.5326
90400.0 1187.8108
90600.0 1180.3535
90800.0 1178.9484
91000.0 1185.8451
91200.0 1199.1463
91400.0 1213.2568
91600.0 1223.1281
91800.0 1226.033
92000.0 1220.0685
92200.0 1205.2195
92400.0 1189.5559
92600.0 1185.1074
92800.0 1190.8968
93000.0 1199.4376
93200.0 1204.3087
93400.0 1202.5921
93600.0 1194.4862
93800.0 1182.6612
94000.0 1171.4604
94200.0 1168.7797
94400.0 1184.9988
94600.0 1210.6576
94800.0 1221.2338
95000.0 1219.9461
95200.0 1213.1172
95400.0 1203.7467
95600.0 1194.1312
95800.0 1186.9509
96000.0 1183.5163
96200.0 1184.1216
96400.0 1188.1337
96600.0 1194.463
96800.0 1201.489
97000.0 1206.1353
97200.0 1205.643
97400.0 1199.4294
97600.0 1189.7945
97800.0 1180.6924
98000.0 1176.0333
98200.0 1179.183
98400.0 1192.1453
98600.0 1210.7105
98800.0 1224.3021
99000.0 1225.6113
99200.0 1214.0995
99400.0 1193.675
99600.0 1172.5394
99800.0 1159.2478
100000.0 1161.2499
