0.0 167.17883
200.0 165.24834
400.0 163.53543
600.0 161.87906
800.0 165.12608
1000.0 164.18831
1200.0 163.59381
1400.0 162.49915
1600.0 166.83072
1800.0 172.59
2000.0 170.15551
2200.0 164.34044
2400.0 162.24213
2600.0 163.04914
2800.0 166.63738
3000.0 166.47137
3200.0 166.59132
3400.0 165.54556
3600.0 163.42489
3800.0 165.35732
4000.0 165.40003
4200.0 164.6751
4400.0 159.98733
4600.0 160.60075
4800.0 165.07937
5000.0 166.62951
5200.0 166.86028
5400.0 168.05004
5600.0 166.67245
5800.0 164.74272
6000.0 160.49762
6200.0 164.47674
6400.0 164.55938
6600.0 167.68126
6800.0 165.6379
7000.0 166.18519
7200.0 162.13476
7400.0 160.62558
7600.0 162.66802
7800.0 165.16462
8000.0 163.55467
8200.0 163.18098
8400.0 164.28498
8600.0 164.29552
8800.0 166.70955
9000.0 169.62889
9200.0 167.38471
9400.0 168.86488
9600.0 169.5474
9800.0 165.96715
10000.0 164.05444
10200.0 160.85324
10400.0 164.02732
10600.0 167.63057
10800.0 166.00927
11000.0 161.92034
11200.0 162.97249
11400.0 167.15931
11600.0 171.92818
11800.0 167.25992
12000.0 166.08766
12200.0 165.73962
12400.0 163.22467
12600.0 166.98508
12800.0 165.84003
13000.0 160.48987
13200.0 160.32526
13400.0 162.01725
13600.0 167.28868
13800.0 164.30053
14000.0 165.05145
14200.0 165.92165
14400.0 168.88945
14600.0 164.94176
14800.0 166.02454
15000.0 167.46971
15200.0 165.85058
15400.0 165.02376
15600.0 164.97954
15800.0 164.84244
16000.0 162.57002
16200.0 162.52919
16400.0 163.25748
16600.0 165.89628
16800.0 166.86064
17000.0 164.12517
17200.0 162.1015
17400.0 159.10445
17600.0 167.11526
17800.0 168.63472
18000.0 165.62432
18200.0 163.80022
18400.0 169.64797
18600.0 167.88115
18800.0 165.2049
19000.0 162.30978
19200.0 164.39691
19400.0 164.46398
19600.0 163.16902
19800.0 161.37821
20000.0 162.56647
20200.0 165.09129
20400.0 167.62721
20600.0 168.22197
20800.0 164.54898
21000.0 164.94989
21200.0 170.11093
21400.0 164.65538
21600.0 160.57619
21800.0 157.88575
22000.0 160.3422
22200.0 164.02797
22400.0 166.2404
22600.0 162.10085
22800.0 161.56757
23000.0 159.07385
23200.0 165.65304
23400.0 168.50772
23600.0 167.69665
23800.0 167.17509
24000.0 164.81496
24200.0 167.58421
24400.0 164.35185
24600.0 156.68178
24800.0 156.03655
25000.0 162.87112
25200.0 166.16922
25400.0 161.31733
25600.0 163.42618
25800.0 164.72785
26000.0 168.94495
26200.0 168.90936
26400.0 165.77952
26600.0 165.01382
26800.0 163.71168
27000.0 163.31105
27200.0 161.91141
27400.0 160.57754
27600.0 160.14828
27800.0 163.10028
28000.0 162.70157
28200.0 164.95773
28400.0 167.02842
28600.0 170.61496
28800.0 166.3427
29000.0 161.99318
29200.0 160.65476
29400.0 164.93236
29600.0 164.86715
29800.0 163.58422
30000.0 165.88482
30200.0 166.97418
30400.0 168.65084
30600.0 168.72464
30800.0 167.72291
31000.0 163.30227
31200.0 164.5161
31400.0 168.18295
31600.0 165.70599
31800.0 164.3746
32000.0 162.61405
32200.0 161.79178
32400.0 163.12199
32600.0 162.17138
32800.0 159.88173
33000.0 162.77565
33200.0 164.87762
33400.0 167.34249
33600.0 167.76485
33800.0 164.0107
34000.0 165.77389
34200.0 169.26796
34400.0 169.96438
34600.0 162.80534
34800.0 163.76249
35000.0 164.62406
35200.0 166.55882
35400.0 164.63868
35600.0 162.65921
35800.0 164.06927
36000.0 165.61212
36200.0 164.79798
36400.0 161.99536
36600.0 164.77645
36800.0 168.65839
37000.0 172.90549
37200.0 171.05672
37400.0 169.01515
37600.0 162.47328
37800.0 166.64955
38000.0 168.05651
38200.0 170.59435
38400.0 165.49041
38600.0 159.48217
38800.0 165.93969
39000.0 168.70327
39200.0 164.14236
39400.0 162.00278
39600.0 164.18882
39800.0 168.36493
40000.0 164.44737
40200.0 166.14489
40400.0 167.80484
40600.0 172.08361
40800.0 171.699
41000.0 167.51917
41200.0 162.49916
41400.0 163.04456
41600.0 165.11208
41800.0 163.32087
42000.0 163.99344
42200.0 159.41819
42400.0 165.89156
42600.0 168.29019
42800.0 168.3642
43000.0 164.93571
43200.0 166.38655
43400.0 169.22213
43600.0 164.61668
43800.0 162.87451
44000.0 165.31713
44200.0 165.12115
44400.0 160.09283
44600.0 157.7064
44800.0 160.93223
45000.0 165.04168
45200.0 166.43446
45400.0 164.3701
45600.0 161.61389
45800.0 164.01197
46000.0 168.11369
46200.0 171.73239
46400.0 167.91314
46600.0 166.01863
46800.0 163.60647
47000.0 165.28512
47200.0 161.93482
47400.0 162.92899
47600.0 161.69569
47800.0 161.81751
48000.0 161.23955
48200.0 161.39571
48400.0 164.64722
48600.0 164.78601
48800.0 165.48834
49000.0 165.24591
49200.0 164.50924
49400.0 166.5334
49600.0 164.92892
49800.0 163.73733
50000.0 166.79815
50200.0 168.32023
50400.0 165.70843
50600.0 166.88073
50800.0 167.47081
51000.0 166.46359
51200.0 165.17763
51400.0 164.63243
51600.0 163.89869
51800.0 163.64938
52000.0 160.36517
52200.0 161.04423
52400.0 160.25588
52600.0 160.70793
52800.0 163.35077
53000.0 164.75247
53200.0 167.12752
53400.0 165.91048
53600.0 166.97062
53800.0 167.90805
54000.0 169.91272
54200.0 168.36028
54400.0 165.65688
54600.0 160.65674
54800.0 161.282
55000.0 162.50322
55200.0 162.02264
55400.0 159.9979
55600.0 163.45859
55800.0 166.97293
56000.0 165.17539
56200.0 165.69633
56400.0 168.60885
56600.0 167.97141
56800.0 164.13457
57000.0 159.32169
57200.0 159.71629
57400.0 160.58874
57600.0 171.08809
57800.0 171.76318
58000.0 169.32138
58200.0 167.70812
58400.0 166.33622
58600.0 164.49597
58800.0 159.84111
59000.0 166.94076
59200.0 165.68595
59400.0 165.67345
59600.0 164.78135
59800.0 165.08764
60000.0 168.21409
60200.0 165.69857
60400.0 160.10383
60600.0 158.70404
60800.0 164.53857
61000.0 166.16566
61200.0 164.94006
61400.0 163.01125
61600.0 164.95358
61800.0 168.79366
62000.0 167.43615
62200.0 164.53353
62400.0 162.39779
62600.0 163.43432
62800.0 169.16937
63000.0 172.03981
63200.0 166.16434
63400.0 163.36347
63600.0 164.69844
63800.0 167.31799
64000.0 162.81774
64200.0 162.91726
64400.0 164.47685
64600.0 166.26711
64800.0 161.24708
65000.0 160.3154
65200.0 162.71043
65400.0 166.73626
65600.0 165.68068
65800.0 162.55163
66000.0 160.67584
66200.0 163.53284
66400.0 166.00546
66600.0 164.85157
66800.0 166.2222
67000.0 169.16989
67200.0 168.05632
67400.0 166.76902
67600.0 166.2814
67800.0 164.43688
68000.0 162.74066
68200.0 160.22133
68400.0 161.03219
68600.0 161.30171
68800.0 162.70351
69000.0 165.3009
69200.0 168.04738
69400.0 164.85669
69600.0 165.02927
69800.0 167.62276
70000.0 170.98066
70200.0 167.2288
70400.0 168.1094
70600.0 166.78404
70800.0 167.82941
71000.0 164.20384
71200.0 163.92199
71400.0 162.12715
71600.0 161.34966
71800.0 163.33411
72000.0 166.4163
72200.0 168.30138
72400.0 168.84828
72600.0 167.43884
72800.0 168.09096
73000.0 169.25656
73200.0 170.82932
73400.0 169.23851
73600.0 172.14964
73800.0 165.57503
74000.0 163.62336
74200.0 156.89785
74400.0 159.7728
74600.0 164.19925
74800.0 164.52402
75000.0 166.05778
75200.0 164.25136
75400.0 168.21532
75600.0 167.81632
75800.0 170.08485
76000.0 168.04125
76200.0 162.42476
76400.0 162.41656
76600.0 162.84031
76800.0 163.35456
77000.0 162.70156
77200.0 163.95519
77400.0 168.11218
77600.0 171.49356
77800.0 169.23808
78000.0 168.22804
78200.0 162.85336
78400.0 159.91886
78600.0 160.46873
78800.0 162.70228
79000.0 162.59285
79200.0 161.43222
79400.0 167.06009
79600.0 169.11909
79800.0 168.69357
80000.0 162.89829
80200.0 163.39463
80400.0 163.95137
80600.0 164.35574
80800.0 165.49507
81000.0 166.56298
81200.0 166.46027
81400.0 166.87202
81600.0 167.51265
81800.0 160.09341
82000.0 161.39411
82200.0 164.50728
82400.0 169.70749
82600.0 166.96165
82800.0 165.84228
83000.0 163.71004
83200.0 160.89599
83400.0 162.56561
83600.0 165.1299
83800.0 164.62942
84000.0 158.4928
84200.0 158.80059
84400.0 165.24735
84600.0 167.7254
84800.0 169.33711
85000.0 166.18758
85200.0 169.57977
85400.0 165.45196
85600.0 162.69138
85800.0 160.46249
86000.0 159.97146
86200.0 158.98767
86400.0 162.45984
86600.0 167.08349
86800.0 167.59705
87000.0 162.23953
87200.0 164.44028
87400.0 165.63974
87600.0 168.83613
87800.0 166.65946
88000.0 164.59177
88200.0 165.07864
88400.0 165.95192
88600.0 165.89318
88800.0 166.97665
89000.0 163.4417
89200.0 163.05881
89400.0 159.1286
89600.0 161.50288
89800.0 161.47724
90000.0 166.12341
90200.0 171.35233
90400.0 169.82631
90600.0 167.12318
90800.0 161.48694
91000.0 163.06265
91200.0 166.55651
91400.0 169.08056
91600.0 165.87015
91800.0 161.43354
92000.0 157.57374
92200.0 158.91419
92400.0 164.46682
92600.0 163.93718
92800.0 168.67332
93000.0 167.32663
93200.0 169.2264
93400.0 165.28619
93600.0 164.78982
93800.0 164.27507
94000.0 164.6848
94200.0 163.15266
94400.0 156.53278
94600.0 160.61143
94800.0 166.81077
95000.0 167.58167
95200.0 164.37258
95400.0 164.14656
95600.0 167.00504
95800.0 167.3664
96000.0 171.08556
96200.0 165.80579
96400.0 163.70479
96600.0 162.33169
96800.0 161.62086
97000.0 161.6414
97200.0 160.06667
97400.0 163.1174
97600.0 165.53255
97800.0 164.22973
98000.0 166.37323
98200.0 163.03283
98400.0 165.02044
98600.0 163.49344
98800.0 164.56431
99000.0 165.48452
99200.0 164.84137
99400.0 169.74727
99600.0 166.10748
99800.0 170.25503
100000.0 170.83039
