0.0 3.0776032
200.0 3.0806798
400.0 3.0905549
600.0 3.0915905
800.0 3.0935983
1000.0 3.0869062
1200.0 3.080925
1400.0 3.0792116
1600.0 3.0824555
1800.0 3.0865769
2000.0 3.0865796
2200.0 3.0881034
2400.0 3.0820955
2600.0 3.0790646
2800.0 3.0801916
3000.0 3.0853916
3200.0 3.0863537
3400.0 3.0876746
3600.0 3.0850105
3800.0 3.0848528
4000.0 3.0832925
4200.0 3.0865882
4400.0 3.0891311
4600.0 3.0863923
4800.0 3.0854851
5000.0 3.0904514
5200.0 3.0821362
5400.0 3.0844812
5600.0 3.082474
5800.0 3.0826192
6000.0 3.0861327
6200.0 3.0797612
6400.0 3.0858048
6600.0 3.083189
6800.0 3.0853602
7000.0 3.0900684
7200.0 3.0881138
7400.0 3.0874648
7600.0 3.092808
7800.0 3.0837792
8000.0 3.0878319
8200.0 3.0858793
8400.0 3.0837757
8600.0 3.0883102
8800.0 3.0835522
9000.0 3.0860776
9200.0 3.0837834
9400.0 3.0820225
9600.0 3.0783308
9800.0 3.0867553
10000.0 3.0882341
10200.0 3.0890062
10400.0 3.0854602
10600.0 3.0870498
10800.0 3.0807321
11000.0 3.0878381
11200.0 3.0922909
11400.0 3.094579
11600.0 3.0929944
11800.0 3.0832541
12000.0 3.0760494
12200.0 3.079159
12400.0 3.0830344
12600.0 3.0892719
12800.0 3.0926982
13000.0 3.0857237
13200.0 3.0807425
13400.0 3.083357
13600.0 3.0805852
13800.0 3.0858148
14000.0 3.0905094
14200.0 3.0898643
14400.0 3.0915533
14600.0 3.0860083
14800.0 3.0835161
15000.0 3.0863736
15200.0 3.0834501
15400.0 3.0897415
15600.0 3.0843479
15800.0 3.0847724
16000.0 3.0837938
16200.0 3.0823281
16400.0 3.0789279
16600.0 3.0857484
16800.0 3.0913011
17000.0 3.0916767
17200.0 3.0875461
17400.0 3.0805462
17600.0 3.0800603
17800.0 3.0823892
18000.0 3.0911364
18200.0 3.0965885
18400.0 3.0906477
18600.0 3.0813717
18800.0 3.0797029
19000.0 3.0734686
19200.0 3.0851228
19400.0 3.0840524
19600.0 3.0901427
19800.0 3.0862398
20000.0 3.0879568
20200.0 3.0858394
20400.0 3.0835968
20600.0 3.084802
20800.0 3.0928451
21000.0 3.0879362
21200.0 3.087523
21400.0 3.0810071
21600.0 3.0784514
21800.0 3.0802725
22000.0 3.0847432
22200.0 3.0862552
22400.0 3.0873419
22600.0 3.0841834
22800.0 3.0806293
23000.0 3.078616
23200.0 3.0853698
23400.0 3.0910564
23600.0 3.0956058
23800.0 3.0920067
24000.0 3.0869921
24200.0 3.078799
24400.0 3.0806837
24600.0 3.0890123
24800.0 3.0945162
25000.0 3.0949835
25200.0 3.0858748
25400.0 3.0800518
25600.0 3.0793057
25800.0 3.0809325
26000.0 3.0868779
26200.0 3.0895946
26400.0 3.0866615
26600.0 3.0841392
26800.0 3.0824846
27000.0 3.0811178
27200.0 3.0833423
27400.0 3.0969417
27600.0 3.0906772
27800.0 3.0934063
28000.0 3.0817947
28200.0 3.0853663
28400.0 3.0839409
28600.0 3.0860939
28800.0 3.0922466
29000.0 3.0900355
29200.0 3.0843037
29400.0 3.0795039
29600.0 3.0788488
29800.0 3.0803508
30000.0 3.0881187
30200.0 3.0900082
30400.0 3.0904628
30600.0 3.0805646
30800.0 3.0747828
31000.0 3.0730141
31200.0 3.0832705
31400.0 3.0915753
31600.0 3.0949659
31800.0 3.0947915
32000.0 3.0865578
32200.0 3.0777628
32400.0 3.0797081
32600.0 3.0838156
32800.0 3.0858389
33000.0 3.0857449
33200.0 3.0877063
33400.0 3.0854616
33600.0 3.0791396
33800.0 3.0770095
34000.0 3.0809246
34200.0 3.086912
34400.0 3.0876617
34600.0 3.0888481
34800.0 3.0873221
35000.0 3.0795641
35200.0 3.0816079
35400.0 3.0836842
35600.0 3.0888352
35800.0 3.0919826
36000.0 3.0904299
36200.0 3.0791482
36400.0 3.0772792
36600.0 3.0820565
36800.0 3.0873005
37000.0 3.093359
37200.0 3.0932817
37400.0 3.0835214
37600.0 3.0772669
37800.0 3.074071
38000.0 3.0836572
38200.0 3.0920821
38400.0 3.0941319
38600.0 3.0915392
38800.0 3.0863646
39000.0 3.0846144
39200.0 3.0788573
39400.0 3.0825491
39600.0 3.0854527
39800.0 3.0862377
40000.0 3.0857709
40200.0 3.0860302
40400.0 3.0799335
40600.0 3.0808065
40800.0 3.0836209
41000.0 3.0905584
41200.0 3.0884955
41400.0 3.0886041
41600.0 3.0831725
41800.0 3.0807103
42000.0 3.0816499
42200.0 3.0863849
42400.0 3.0925262
42600.0 3.0961921
42800.0 3.087302
43000.0 3.0777609
43200.0 3.0763041
43400.0 3.0784073
43600.0 3.0880785
43800.0 3.0934106
44000.0 3.0934203
44200.0 3.0838861
44400.0 3.0841863
44600.0 3.0789051
44800.0 3.0829431
45000.0 3.0885869
45200.0 3.0884509
45400.0 3.0900628
45600.0 3.085226
45800.0 3.0767137
46000.0 3.0787226
46200.0 3.0806314
46400.0 3.0860189
46600.0 3.092353
46800.0 3.0889998
47000.0 3.084067
47200.0 3.0798813
47400.0 3.0820311
47600.0 3.0847261
47800.0 3.0917038
48000.0 3.0922548
48200.0 3.0869931
48400.0 3.0835006
48600.0 3.0793243
48800.0 3.0796616
49000.0 3.0842202
49200.0 3.0870912
49400.0 3.0897904
49600.0 3.0806952
49800.0 3.0818163
50000.0 3.0783005
50200.0 3.0841566
50400.0 3.0894119
50600.0 3.0916694
50800.0 3.0904988
51000.0 3.0807337
51200.0 3.0793654
51400.0 3.0827966
51600.0 3.0893389
51800.0 3.0981362
52000.0 3.095131
52200.0 3.0890588
52400.0 3.0773956
52600.0 3.0782571
52800.0 3.0804849
53000.0 3.087151
53200.0 3.0899869
53400.0 3.0864628
53600.0 3.081436
53800.0 3.083394
54000.0 3.0861383
54200.0 3.0842641
54400.0 3.0911301
54600.0 3.0870071
54800.0 3.0881924
55000.0 3.0859243
55200.0 3.0845531
55400.0 3.0788857
55600.0 3.08134
55800.0 3.0828313
56000.0 3.0849454
56200.0 3.0879145
56400.0 3.085278
56600.0 3.0792345
56800.0 3.0807661
57000.0 3.0824409
57200.0 3.0877306
57400.0 3.0928159
57600.0 3.0925375
57800.0 3.0871784
58000.0 3.0795226
58200.0 3.0778905
58400.0 3.0796115
58600.0 3.0891197
58800.0 3.0909116
59000.0 3.087284
59200.0 3.0844659
59400.0 3.0829111
59600.0 3.0800308
59800.0 3.0846849
60000.0 3.0868528
60200.0 3.0886986
60400.0 3.0859504
60600.0 3.0869769
60800.0 3.0891269
61000.0 3.0860209
61200.0 3.0864411
61400.0 3.0853932
61600.0 3.0891331
61800.0 3.0896674
62000.0 3.084868
62200.0 3.0769196
62400.0 3.0814364
62600.0 3.0809576
62800.0 3.0874966
63000.0 3.0927541
63200.0 3.0918893
63400.0 3.0842415
63600.0 3.0817864
63800.0 3.0830909
64000.0 3.0830167
64200.0 3.0944079
64400.0 3.0994456
64600.0 3.0882063
64800.0 3.0877086
65000.0 3.075366
65200.0 3.0788379
65400.0 3.0841252
65600.0 3.0861829
65800.0 3.0875655
66000.0 3.0893918
66200.0 3.0819386
66400.0 3.0811509
66600.0 3.0848309
66800.0 3.0901942
67000.0 3.0862098
67200.0 3.0886276
67400.0 3.0875333
67600.0 3.0863919
67800.0 3.0848951
68000.0 3.0809646
68200.0 3.0846784
68400.0 3.084048
68600.0 3.0833176
68800.0 3.0840604
69000.0 3.0818514
69200.0 3.0796131
69400.0 3.085537
69600.0 3.0861085
69800.0 3.0906777
70000.0 3.0917713
70200.0 3.0862207
70400.0 3.0851126
70600.0 3.0795062
70800.0 3.0825619
71000.0 3.0862897
71200.0 3.0920416
71400.0 3.0882209
71600.0 3.0870193
71800.0 3.0764879
72000.0 3.0807887
72200.0 3.0810075
72400.0 3.0909562
72600.0 3.0912035
72800.0 3.08755
73000.0 3.0840271
73200.0 3.0786649
73400.0 3.0813303
73600.0 3.0872477
73800.0 3.0928733
74000.0 3.0936657
74200.0 3.0905912
74400.0 3.0815287
74600.0 3.0782253
74800.0 3.0867705
75000.0 3.0852373
75200.0 3.089639
75400.0 3.0863542
75600.0 3.0783877
75800.0 3.0802706
76000.0 3.0793136
76200.0 3.0855805
76400.0 3.0917575
76600.0 3.0898865
76800.0 3.0872931
77000.0 3.0758553
77200.0 3.0791222
77400.0 3.0864165
77600.0 3.0871127
77800.0 3.0939184
78000.0 3.0883825
78200.0 3.0794045
78400.0 3.0782259
78600.0 3.0768273
78800.0 3.0866812
79000.0 3.0906635
79200.0 3.0915301
79400.0 3.0880889
79600.0 3.0870357
79800.0 3.0772472
80000.0 3.0816655
80200.0 3.0868661
80400.0 3.0961538
80600.0 3.0945369
80800.0 3.0848014
81000.0 3.0786111
81200.0 3.0723477
81400.0 3.07837
81600.0 3.0867145
81800.0 3.0894552
82000.0 3.0872704
82200.0 3.0865791
82400.0 3.0828388
82600.0 3.085277
82800.0 3.0863243
83000.0 3.089347
83200.0 3.0859289
83400.0 3.0881862
83600.0 3.0857338
83800.0 3.0821543
84000.0 3.0842293
84200.0 3.0817545
84400.0 3.0866141
84600.0 3.0830212
84800.0 3.086768
85000.0 3.0846988
85200.0 3.0821819
85400.0 3.0799084
85600.0 3.0854112
85800.0 3.0924065
86000.0 3.0898397
86200.0 3.0894314
86400.0 3.0821305
86600.0 3.0775257
86800.0 3.0838426
87000.0 3.0838582
87200.0 3.0870208
87400.0 3.0888973
87600.0 3.0851191
87800.0 3.073728
88000.0 3.0740974
88200.0 3.0834535
88400.0 3.0853952
88600.0 3.0939871
88800.0 3.0948986
89000.0 3.0881023
89200.0 3.0799659
89400.0 3.081806
89600.0 3.0835286
89800.0 3.0856805
90000.0 3.0880763
90200.0 3.0849508
90400.0 3.0846775
90600.0 3.081316
90800.0 3.0816607
91000.0 3.0830472
91200.0 3.086629
91400.0 3.0855344
91600.0 3.0902433
91800.0 3.0872007
92000.0 3.0845244
92200.0 3.0850269
92400.0 3.0832202
92600.0 3.0864723
92800.0 3.0877983
93000.0 3.0900694
93200.0 3.0865142
93400.0 3.0829511
93600.0 3.0786591
93800.0 3.076198
94000.0 3.0807764
94200.0 3.0893896
94400.0 3.0903173
94600.0 3.086483
94800.0 3.0841999
95000.0 3.0769961
95200.0 3.0822253
95400.0 3.0872765
95600.0 3.0915302
95800.0 3.0913045
96000.0 3.0891322
96200.0 3.0795375
96400.0 3.0814835
96600.0 3.0822042
96800.0 3.0868916
97000.0 3.0848368
97200.0 3.0843612
97400.0 3.0822291
97600.0 3.0824823
97800.0 3.0862847
98000.0 3.0900213
98200.0 3.088997
98400.0 3.0896089
98600.0 3.088099
98800.0 3.0875231
99000.0 3.0852916
99200.0 3.0832302
99400.0 3.0843893
99600.0 3.0811187
99800.0 3.087297
100000.0 3.0847264
