0.0 -4901.9422
200.0 -4900.7194
400.0 -4909.371
600.0 -4901.1066
800.0 -4902.7986
1000.0 -4893.3908
1200.0 -4872.849
1400.0 -4883.7933
1600.0 -4877.8045
1800.0 -4886.0188
2000.0 -4870.5457
2200.0 -4885.6358
2400.0 -4871.912
2600.0 -4884.7288
2800.0 -4893.5642
3000.0 -4878.2945
3200.0 -4897.3916
3400.0 -4901.3933
3600.0 -4906.263
3800.0 -4904.7106
4000.0 -4894.7228
4200.0 -4911.7784
4400.0 -4904.3393
4600.0 -4898.2462
4800.0 -4879.645
5000.0 -4878.7074
5200.0 -4881.5648
5400.0 -4873.402
5600.0 -4877.2186
5800.0 -4873.5275
6000.0 -4876.8803
6200.0 -4866.6266
6400.0 -4866.5348
6600.0 -4875.1381
6800.0 -4892.4845
7000.0 -4869.2965
7200.0 -4866.5947
7400.0 -4885.3
7600.0 -4888.0607
7800.0 -4897.8934
8000.0 -4888.3847
8200.0 -4878.9603
8400.0 -4904.2997
8600.0 -4886.4862
8800.0 -4885.3067
9000.0 -4878.6286
9200.0 -4859.5503
9400.0 -4869.9079
9600.0 -4869.0407
9800.0 -4866.1564
10000.0 -4874.9007
10200.0 -4875.8967
10400.0 -4881.8122
10600.0 -4884.847
10800.0 -4875.8226
11000.0 -4890.2719
11200.0 -4893.3145
11400.0 -4894.9347
11600.0 -4891.3461
11800.0 -4883.961
12000.0 -4893.5848
12200.0 -4905.24
12400.0 -4904.3265
12600.0 -4906.792
12800.0 -4897.5896
13000.0 -4882.2698
13200.0 -4885.1565
13400.0 -4877.9031
13600.0 -4874.5229
13800.0 -4873.8662
14000.0 -4875.7707
14200.0 -4877.0262
14400.0 -4878.1099
14600.0 -4863.1654
14800.0 -4892.2836
15000.0 -4897.7611
15200.0 -4887.739
15400.0 -4890.7169
15600.0 -4896.9529
15800.0 -4908.8562
16000.0 -4883.1061
16200.0 -4899.5351
16400.0 -4880.5202
16600.0 -4888.6391
16800.0 -4877.8267
17000.0 -4877.7491
17200.0 -4886.5377
17400.0 -4885.3768
17600.0 -4866.8968
17800.0 -4888.0744
18000.0 -4878.0364
18200.0 -4877.1321
18400.0 -4886.6527
18600.0 -4885.4899
18800.0 -4885.943
19000.0 -4885.0322
19200.0 -4883.4434
19400.0 -4896.5076
19600.0 -4905.0065
19800.0 -4902.256
20000.0 -4886.8364
20200.0 -4890.3554
20400.0 -4889.4959
20600.0 -4885.0398
20800.0 -4886.3978
21000.0 -4887.2926
21200.0 -4880.9732
21400.0 -4873.2333
21600.0 -4880.9875
21800.0 -4877.5514
22000.0 -4878.2547
22200.0 -4873.3604
22400.0 -4876.3478
22600.0 -4882.2286
22800.0 -4864.2176
23000.0 -4870.6503
23200.0 -4888.9303
23400.0 -4886.5332
23600.0 -4892.5794
23800.0 -4894.3499
24000.0 -4895.8716
24200.0 -4899.5332
24400.0 -4890.8993
24600.0 -4892.9699
24800.0 -4891.5267
25000.0 -4881.1937
25200.0 -4887.4348
25400.0 -4872.8949
25600.0 -4871.9118
25800.0 -4880.5453
26000.0 -4866.3506
26200.0 -4846.1557
26400.0 -4851.7645
26600.0 -4852.5021
26800.0 -4847.3844
27000.0 -4855.2732
27200.0 -4872.7787
27400.0 -4878.4998
27600.0 -4887.2605
27800.0 -4882.0182
28000.0 -4887.9239
28200.0 -4882.6915
28400.0 -4882.9184
28600.0 -4891.1022
28800.0 -4888.5004
29000.0 -4875.1999
29200.0 -4886.8329
29400.0 -4881.4331
29600.0 -4868.2429
29800.0 -4868.831
30000.0 -4864.3807
30200.0 -4867.079
30400.0 -4878.6043
30600.0 -4846.7789
30800.0 -4875.1916
31000.0 -4878.1201
31200.0 -4875.1367
31400.0 -4875.507
31600.0 -4890.7082
31800.0 -4886.6575
32000.0 -4885.9404
32200.0 -4894.5993
32400.0 -4892.5851
32600.0 -4883.0445
32800.0 -4896.8481
33000.0 -4906.9209
33200.0 -4892.186
33400.0 -4888.3435
33600.0 -4884.9654
33800.0 -4889.053
34000.0 -4871.9767
34200.0 -4869.4983
34400.0 -4870.0163
34600.0 -4880.6352
34800.0 -4863.5309
35000.0 -4875.6952
35200.0 -4866.0395
35400.0 -4888.3713
35600.0 -4894.2796
35800.0 -4887.913
36000.0 -4897.6661
36200.0 -4897.4574
36400.0 -4888.5601
36600.0 -4889.191
36800.0 -4898.0067
37000.0 -4877.4568
37200.0 -4876.1217
37400.0 -4896.1071
37600.0 -4878.7632
37800.0 -4868.2113
38000.0 -4867.924
38200.0 -4882.1304
38400.0 -4874.3729
38600.0 -4879.9247
38800.0 -4858.3927
39000.0 -4865.5522
39200.0 -4866.0834
39400.0 -4873.9509
39600.0 -4862.7804
39800.0 -4884.3149
40000.0 -4884.2616
40200.0 -4894.273
40400.0 -4895.2351
40600.0 -4876.2516
40800.0 -4891.2588
41000.0 -4886.9473
41200.0 -4889.468
41400.0 -4884.5063
41600.0 -4882.3334
41800.0 -4889.8819
42000.0 -4874.2858
42200.0 -4873.027
42400.0 -4878.5268
42600.0 -4882.8371
42800.0 -4880.3315
43000.0 -4885.4612
43200.0 -4888.1165
43400.0 -4881.2404
43600.0 -4876.1798
43800.0 -4890.464
44000.0 -4894.7034
44200.0 -4892.8752
44400.0 -4888.7223
44600.0 -4865.148
44800.0 -4869.4889
45000.0 -4873.5756
45200.0 -4868.3044
45400.0 -4871.7129
45600.0 -4855.231
45800.0 -4874.5123
46000.0 -4892.161
46200.0 -4881.2065
46400.0 -4880.6016
46600.0 -4895.6109
46800.0 -4889.6568
47000.0 -4884.3331
47200.0 -4869.2032
47400.0 -4891.7892
47600.0 -4883.1546
47800.0 -4879.4345
48000.0 -4874.7657
48200.0 -4875.6226
48400.0 -4892.0694
48600.0 -4872.9404
48800.0 -4878.5189
49000.0 -4885.1914
49200.0 -4902.7372
49400.0 -4894.575
49600.0 -4903.1138
49800.0 -4894.6966
50000.0 -4900.7877
50200.0 -4884.3184
50400.0 -4873.596
50600.0 -4874.2933
50800.0 -4876.9045
51000.0 -4849.6687
51200.0 -4876.4555
51400.0 -4866.9902
51600.0 -4871.0948
51800.0 -4875.587
52000.0 -4891.1048
52200.0 -4878.5015
52400.0 -4883.4479
52600.0 -4896.6436
52800.0 -4903.0647
53000.0 -4895.9553
53200.0 -4883.9171
53400.0 -4896.6975
53600.0 -4878.8225
53800.0 -4893.6541
54000.0 -4867.2369
54200.0 -4868.7594
54400.0 -4883.5549
54600.0 -4878.9497
54800.0 -4869.013
55000.0 -4864.5321
55200.0 -4884.4144
55400.0 -4877.8719
55600.0 -4884.6051
55800.0 -4881.9034
56000.0 -4884.8642
56200.0 -4893.201
56400.0 -4884.9157
56600.0 -4884.3493
56800.0 -4901.8659
57000.0 -4883.9467
57200.0 -4870.7414
57400.0 -4871.0105
57600.0 -4869.3715
57800.0 -4855.782
58000.0 -4883.7926
58200.0 -4875.817
58400.0 -4877.5425
58600.0 -4878.2538
58800.0 -4875.7481
59000.0 -4883.4063
59200.0 -4882.2537
59400.0 -4875.305
59600.0 -4891.5032
59800.0 -4875.3279
60000.0 -4880.0176
60200.0 -4890.3332
60400.0 -4891.9557
60600.0 -4887.6999
60800.0 -4875.4437
61000.0 -4885.7388
61200.0 -4882.6991
61400.0 -4898.947
61600.0 -4873.9354
61800.0 -4869.838
62000.0 -4892.1606
62200.0 -4885.2846
62400.0 -4873.7849
62600.0 -4861.7764
62800.0 -4866.6048
63000.0 -4880.3965
63200.0 -4867.246
63400.0 -4866.7546
63600.0 -4877.4814
63800.0 -4879.8562
64000.0 -4894.8592
64200.0 -4891.4271
64400.0 -4894.7761
64600.0 -4892.6106
64800.0 -4891.3098
65000.0 -4899.3126
65200.0 -4889.2387
65400.0 -4885.9219
65600.0 -4876.5762
65800.0 -4876.35
66000.0 -4857.6948
66200.0 -4856.796
66400.0 -4874.1864
66600.0 -4867.525
66800.0 -4872.46
67000.0 -4875.5115
67200.0 -4873.8627
67400.0 -4888.6669
67600.0 -4875.6082
67800.0 -4884.2631
68000.0 -4905.8714
68200.0 -4891.4246
68400.0 -4893.5082
68600.0 -4890.7471
68800.0 -4899.7594
69000.0 -4903.7279
69200.0 -4886.2224
69400.0 -4903.2477
69600.0 -4870.0687
69800.0 -4879.3077
70000.0 -4872.4892
70200.0 -4869.2549
70400.0 -4864.2952
70600.0 -4872.8639
70800.0 -4873.5304
71000.0 -4873.6265
71200.0 -4873.9659
71400.0 -4891.701
71600.0 -4889.9761
71800.0 -4892.6353
72000.0 -4890.5097
72200.0 -4890.2067
72400.0 -4872.8749
72600.0 -4899.0747
72800.0 -4893.947
73000.0 -4887.4874
73200.0 -4890.5241
73400.0 -4876.8419
73600.0 -4871.2574
73800.0 -4887.5053
74000.0 -4893.3782
74200.0 -4873.6847
74400.0 -4873.6293
74600.0 -4886.9662
74800.0 -4886.9128
75000.0 -4890.342
75200.0 -4874.2012
75400.0 -4885.1885
75600.0 -4877.0098
75800.0 -4884.7758
76000.0 -4879.7053
76200.0 -4872.9272
76400.0 -4879.8031
76600.0 -4855.9932
76800.0 -4860.2089
77000.0 -4858.2348
77200.0 -4854.937
77400.0 -4860.3436
77600.0 -4871.6824
77800.0 -4877.2402
78000.0 -4882.8847
78200.0 -4894.967
78400.0 -4881.0771
78600.0 -4889.7001
78800.0 -4894.3237
79000.0 -4882.2299
79200.0 -4898.4253
79400.0 -4877.6637
79600.0 -4878.3389
79800.0 -4876.0892
80000.0 -4869.7683
80200.0 -4868.201
80400.0 -4867.481
80600.0 -4856.4022
80800.0 -4881.2304
81000.0 -4879.9286
81200.0 -4873.6276
81400.0 -4880.8629
81600.0 -4875.5043
81800.0 -4889.3387
82000.0 -4886.0457
82200.0 -4888.4524
82400.0 -4884.4327
82600.0 -4881.5198
82800.0 -4891.7162
83000.0 -4887.0818
83200.0 -4887.8247
83400.0 -4885.4893
83600.0 -4873.6899
83800.0 -4882.5098
84000.0 -4867.5436
84200.0 -4856.0323
84400.0 -4863.7854
84600.0 -4856.4585
84800.0 -4864.6231
85000.0 -4860.2107
85200.0 -4869.9593
85400.0 -4880.4897
85600.0 -4888.1759
85800.0 -4887.1788
86000.0 -4876.4479
86200.0 -4882.4993
86400.0 -4893.3615
86600.0 -4888.7428
86800.0 -4869.4081
87000.0 -4882.6055
87200.0 -4878.8255
87400.0 -4884.5037
87600.0 -4869.0783
87800.0 -4885.5443
88000.0 -4862.9817
88200.0 -4879.7142
88400.0 -4885.8721
88600.0 -4870.4821
88800.0 -4898.5503
89000.0 -4887.6936
89200.0 -4897.8146
89400.0 -4886.6322
89600.0 -4909.0721
89800.0 -4894.1298
90000.0 -4895.3311
90200.0 -4887.4251
90400.0 -4877.5017
90600.0 -4900.7994
90800.0 -4866.7562
91000.0 -4863.367
91200.0 -4876.8179
91400.0 -4878.2346
91600.0 -4880.3913
91800.0 -4866.8757
92000.0 -4864.6161
92200.0 -4871.2278
92400.0 -4885.5532
92600.0 -4878.6397
92800.0 -4891.7238
93000.0 -4885.5057
93200.0 -4897.743
93400.0 -4904.1532
93600.0 -4894.5474
93800.0 -4900.4399
94000.0 -4904.1327
94200.0 -4879.7083
94400.0 -4879.4857
94600.0 -4886.2343
94800.0 -4872.7198
95000.0 -4873.6842
95200.0 -4878.41
95400.0 -4878.2545
95600.0 -4883.4858
95800.0 -4884.525
96000.0 -4862.4855
96200.0 -4888.2371
96400.0 -4886.572
96600.0 -4881.4308
96800.0 -4899.7304
97000.0 -4875.3268
97200.0 -4881.4634
97400.0 -4869.6578
97600.0 -4866.6939
97800.0 -4875.4474
98000.0 -4867.2987
98200.0 -4877.5829
98400.0 -4880.9206
98600.0 -4895.7538
98800.0 -4891.8446
99000.0 -4899.988
99200.0 -4896.6328
99400.0 -4878.3755
99600.0 -4900.298
99800.0 -4887.0242
100000.0 -4887.7386
