0.0 -4755.6862
200.0 -4749.9685
400.0 -4746.3092
600.0 -4744.5938
800.0 -4743.7005
1000.0 -4741.6998
1200.0 -4739.8885
1400.0 -4739.0837
1600.0 -4735.922
1800.0 -4732.1197
2000.0 -4730.3771
2200.0 -4729.7576
2400.0 -4728.7511
2600.0 -4731.5566
2800.0 -4737.8647
3000.0 -4743.943
3200.0 -4749.0392
3400.0 -4751.11
3600.0 -4751.3398
3800.0 -4750.8248
4000.0 -4749.1303
4200.0 -4745.9522
4400.0 -4741.6479
4600.0 -4736.952
4800.0 -4730.6169
5000.0 -4724.6706
5200.0 -4721.5345
5400.0 -4723.542
5600.0 -4727.2471
5800.0 -4733.1883
6000.0 -4740.9864
6200.0 -4744.1813
6400.0 -4745.3897
6600.0 -4746.7462
6800.0 -4748.0771
7000.0 -4748.5554
7200.0 -4747.4691
7400.0 -4745.2183
7600.0 -4741.9677
7800.0 -4738.0984
8000.0 -4733.944
8200.0 -4731.5343
8400.0 -4732.1996
8600.0 -4735.9894
8800.0 -4742.4355
9000.0 -4749.4792
9200.0 -4755.5652
9400.0 -4757.8836
9600.0 -4756.5434
9800.0 -4754.528
10000.0 -4753.0828
10200.0 -4748.5971
10400.0 -4742.5825
10600.0 -4739.747
10800.0 -4738.9919
11000.0 -4738.3625
11200.0 -4739.2062
11400.0 -4741.9378
11600.0 -4743.2123
11800.0 -4743.8121
12000.0 -4745.9353
12200.0 -4748.4855
12400.0 -4750.8241
12600.0 -4753.3664
12800.0 -4754.9046
13000.0 -4755.4518
13200.0 -4756.5027
13400.0 -4756.5703
13600.0 -4755.0663
13800.0 -4752.004
14000.0 -4747.3397
14200.0 -4741.929
14400.0 -4736.8378
14600.0 -4734.3861
14800.0 -4733.2638
15000.0 -4733.9609
15200.0 -4735.9624
15400.0 -4739.9793
15600.0 -4747.0171
15800.0 -4752.397
16000.0 -4754.7004
16200.0 -4754.3129
16400.0 -4752.823
16600.0 -4752.6878
16800.0 -4751.4467
17000.0 -4748.619
17200.0 -4747.0431
17400.0 -4746.3449
17600.0 -4743.7763
17800.0 -4738.6364
18000.0 -4732.0112
18200.0 -4724.7166
18400.0 -4719.6776
18600.0 -4721.6386
18800.0 -4726.2679
19000.0 -4728.7945
19200.0 -4731.6167
19400.0 -4735.4951
19600.0 -4737.9801
19800.0 -4739.8198
20000.0 -4742.8286
20200.0 -4747.8053
20400.0 -4751.3441
20600.0 -4750.7887
20800.0 -4751.4746
21000.0 -4751.4773
21200.0 -4749.9874
21400.0 -4749.063
21600.0 -4748.5109
21800.0 -4746.1941
22000.0 -4744.5404
22200.0 -4743.0619
22400.0 -4741.3225
22600.0 -4741.4636
22800.0 -4741.6487
23000.0 -4741.3242
23200.0 -4740.6843
23400.0 -4741.8119
23600.0 -4744.0791
23800.0 -4743.7917
24000.0 -4742.8947
24200.0 -4743.6853
24400.0 -4744.2952
24600.0 -4746.0535
24800.0 -4750.021
25000.0 -4754.8383
25200.0 -4757.9656
25400.0 -4761.0116
25600.0 -4763.3265
25800.0 -4762.1158
26000.0 -4755.7761
26200.0 -4748.7558
26400.0 -4743.7896
26600.0 -4739.3577
26800.0 -4736.4012
27000.0 -4735.4806
27200.0 -4736.2856
27400.0 -4738.6234
27600.0 -4741.6712
27800.0 -4744.2177
28000.0 -4747.4216
28200.0 -4752.3913
28400.0 -4759.8591
28600.0 -4765.6847
28800.0 -4767.4432
29000.0 -4766.5437
29200.0 -4763.7445
29400.0 -4759.0923
29600.0 -4754.5589
29800.0 -4751.0524
30000.0 -4747.6103
30200.0 -4744.725
30400.0 -4744.6761
30600.0 -4742.0289
30800.0 -4737.1558
31000.0 -4736.9506
31200.0 -4737.6614
31400.0 -4739.9394
31600.0 -4745.9193
31800.0 -4752.4869
32000.0 -4756.9134
32200.0 -4758.7814
32400.0 -4759.9927
32600.0 -4759.507
32800.0 -4755.3278
33000.0 -4748.26
33200.0 -4742.3626
33400.0 -4739.9303
33600.0 -4738.5189
33800.0 -4738.4114
34000.0 -4739.653
34200.0 -4740.311
34400.0 -4740.5275
34600.0 -4743.0674
34800.0 -4747.7727
35000.0 -4749.9357
35200.0 -4751.2661
35400.0 -4753.9419
35600.0 -4756.4594
35800.0 -4756.9268
36000.0 -4754.7296
36200.0 -4751.8061
36400.0 -4746.8453
36600.0 -4739.3859
36800.0 -4733.8249
37000.0 -4732.9297
37200.0 -4733.2544
37400.0 -4733.3039
37600.0 -4736.8819
37800.0 -4742.0154
38000.0 -4747.5346
38200.0 -4752.3573
38400.0 -4755.65
38600.0 -4757.8824
38800.0 -4758.2672
39000.0 -4756.7384
39200.0 -4755.8245
39400.0 -4754.1472
39600.0 -4749.3173
39800.0 -4744.71
40000.0 -4742.2608
40200.0 -4740.3416
40400.0 -4738.6732
40600.0 -4738.6584
40800.0 -4740.9009
41000.0 -4742.8595
41200.0 -4745.8236
41400.0 -4751.9719
41600.0 -4758.8927
41800.0 -4762.3973
42000.0 -4763.4954
42200.0 -4763.7787
42400.0 -4760.5612
42600.0 -4754.2414
42800.0 -4747.1868
43000.0 -4742.6735
43200.0 -4740.1006
43400.0 -4739.2061
43600.0 -4739.8679
43800.0 -4742.2751
44000.0 -4743.444
44200.0 -4743.4067
44400.0 -4745.7825
44600.0 -4748.3175
44800.0 -4751.2567
45000.0 -4754.582
45200.0 -4758.4816
45400.0 -4759.3009
45600.0 -4757.3501
45800.0 -4753.3107
46000.0 -4750.3431
46200.0 -4744.9004
46400.0 -4738.3493
46600.0 -4732.8203
46800.0 -4730.4497
47000.0 -4729.9405
47200.0 -4731.9856
47400.0 -4736.1127
47600.0 -4739.7838
47800.0 -4741.5101
48000.0 -4742.5529
48200.0 -4743.2322
48400.0 -4744.7149
48600.0 -4746.7947
48800.0 -4746.746
49000.0 -4744.5354
49200.0 -4743.0226
49400.0 -4744.1556
49600.0 -4744.9988
49800.0 -4744.9037
50000.0 -4745.9001
50200.0 -4747.4708
50400.0 -4746.1914
50600.0 -4743.5802
50800.0 -4741.7729
51000.0 -4741.6893
51200.0 -4740.1598
51400.0 -4736.1029
51600.0 -4733.728
51800.0 -4733.7561
52000.0 -4733.7302
52200.0 -4734.3438
52400.0 -4737.9488
52600.0 -4743.3613
52800.0 -4747.5806
53000.0 -4751.2493
53200.0 -4755.3326
53400.0 -4758.1303
53600.0 -4759.4402
53800.0 -4761.3706
54000.0 -4759.5122
54200.0 -4750.0981
54400.0 -4741.887
54600.0 -4738.4258
54800.0 -4736.5273
55000.0 -4736.5368
55200.0 -4738.642
55400.0 -4740.3541
55600.0 -4740.7931
55800.0 -4743.086
56000.0 -4747.219
56200.0 -4751.8857
56400.0 -4757.3179
56600.0 -4762.0891
56800.0 -4766.3626
57000.0 -4768.0153
57200.0 -4765.0539
57400.0 -4754.3411
57600.0 -4744.9228
57800.0 -4741.9688
58000.0 -4740.8358
58200.0 -4740.4179
58400.0 -4739.4621
58600.0 -4737.6696
58800.0 -4737.0899
59000.0 -4738.0363
59200.0 -4739.3316
59400.0 -4742.9911
59600.0 -4749.4835
59800.0 -4754.1932
60000.0 -4755.8658
60200.0 -4756.3724
60400.0 -4754.2112
60600.0 -4748.564
60800.0 -4745.2752
61000.0 -4743.5963
61200.0 -4738.0027
61400.0 -4726.396
61600.0 -4720.376
61800.0 -4721.2324
62000.0 -4724.3238
62200.0 -4728.9463
62400.0 -4734.652
62600.0 -4739.6936
62800.0 -4743.9459
63000.0 -4746.9695
63200.0 -4748.2056
63400.0 -4748.885
63600.0 -4750.5803
63800.0 -4753.4337
64000.0 -4755.0255
64200.0 -4754.4993
64400.0 -4752.0897
64600.0 -4746.988
64800.0 -4740.6897
65000.0 -4734.8658
65200.0 -4731.7994
65400.0 -4732.2766
65600.0 -4734.7307
65800.0 -4737.2016
66000.0 -4739.9622
66200.0 -4744.7598
66400.0 -4750.6452
66600.0 -4755.8788
66800.0 -4759.7698
67000.0 -4762.2694
67200.0 -4762.6336
67400.0 -4759.8377
67600.0 -4748.2289
67800.0 -4738.6597
68000.0 -4735.6269
68200.0 -4734.677
68400.0 -4734.1032
68600.0 -4733.7215
68800.0 -4734.0392
69000.0 -4737.2873
69200.0 -4742.3725
69400.0 -4747.0233
69600.0 -4750.3196
69800.0 -4754.7311
70000.0 -4756.1502
70200.0 -4755.0098
70400.0 -4751.9391
70600.0 -4748.5631
70800.0 -4743.1653
71000.0 -4733.1442
71200.0 -4727.0776
71400.0 -4726.7234
71600.0 -4728.4122
71800.0 -4731.9836
72000.0 -4736.8192
72200.0 -4739.6961
72400.0 -4742.6901
72600.0 -4749.7591
72800.0 -4754.4517
73000.0 -4753.3017
73200.0 -4751.3913
73400.0 -4750.5336
73600.0 -4748.0612
73800.0 -4745.59
74000.0 -4743.3019
74200.0 -4738.7776
74400.0 -4735.0821
74600.0 -4734.6134
74800.0 -4737.2902
75000.0 -4743.7767
75200.0 -4753.4156
75400.0 -4758.767
75600.0 -4760.4622
75800.0 -4760.0162
76000.0 -4756.3775
76200.0 -4752.914
76400.0 -4748.8904
76600.0 -4743.4928
76800.0 -4739.334
77000.0 -4737.112
77200.0 -4735.6953
77400.0 -4734.8291
77600.0 -4736.4753
77800.0 -4738.4249
78000.0 -4739.7432
78200.0 -4740.4117
78400.0 -4741.9581
78600.0 -4743.5858
78800.0 -4743.7688
79000.0 -4745.2046
79200.0 -4747.3236
79400.0 -4747.8192
79600.0 -4747.3406
79800.0 -4746.6304
80000.0 -4744.5726
80200.0 -4744.6911
80400.0 -4746.3186
80600.0 -4745.8599
80800.0 -4743.5089
81000.0 -4742.469
81200.0 -4744.2976
81400.0 -4746.3655
81600.0 -4748.6136
81800.0 -4751.1289
82000.0 -4751.8021
82200.0 -4748.9289
82400.0 -4740.4572
82600.0 -4733.1972
82800.0 -4730.6579
83000.0 -4728.0278
83200.0 -4727.3781
83400.0 -4729.2549
83600.0 -4732.5495
83800.0 -4738.4934
84000.0 -4746.898
84200.0 -4750.9657
84400.0 -4751.607
84600.0 -4751.4355
84800.0 -4750.8483
85000.0 -4749.5964
85200.0 -4747.936
85400.0 -4744.9261
85600.0 -4741.4232
85800.0 -4736.8679
86000.0 -4731.9397
86200.0 -4728.4387
86400.0 -4725.6083
86600.0 -4719.4236
86800.0 -4713.1604
87000.0 -4712.5807
87200.0 -4717.3483
87400.0 -4727.0575
87600.0 -4734.2684
87800.0 -4738.7372
88000.0 -4741.6777
88200.0 -4743.706
88400.0 -4747.0538
88600.0 -4750.9253
88800.0 -4752.6841
89000.0 -4751.6166
89200.0 -4750.798
89400.0 -4748.7339
89600.0 -4745.0851
89800.0 -4741.7339
90000.0 -4735.6674
90200.0 -4728.8782
90400.0 -4725.6103
90600.0 -4725.674
90800.0 -4727.3174
91000.0 -4729.3794
91200.0 -4733.5858
91400.0 -4741.0029
91600.0 -4747.7058
91800.0 -4750.4206
92000.0 -4750.3715
92200.0 -4748.9666
92400.0 -4747.2959
92600.0 -4745.1701
92800.0 -4741.6463
93000.0 -4737.0532
93200.0 -4735.4781
93400.0 -4735.7445
93600.0 -4736.2084
93800.0 -4739.0171
94000.0 -4746.0832
94200.0 -4752.5347
94400.0 -4755.9409
94600.0 -4759.6701
94800.0 -4760.8224
95000.0 -4758.2205
95200.0 -4754.3945
95400.0 -4751.4088
95600.0 -4748.3507
95800.0 -4744.4012
96000.0 -4741.4269
96200.0 -4741.5466
96400.0 -4740.624
96600.0 -4739.8413
96800.0 -4741.6176
97000.0 -4743.0251
97200.0 -4744.7889
97400.0 -4747.8249
97600.0 -4750.5328
97800.0 -4751.5891
98000.0 -4753.8221
98200.0 -4757.0524
98400.0 -4759.3177
98600.0 -4760.0164
98800.0 -4759.866
99000.0 -4758.6066
99200.0 -4753.0247
99400.0 -4744.026
99600.0 -4739.8814
99800.0 -4737.0852
100000.0 -4734.9386
