0.0 -4674.9619
200.0 -4676.8878
400.0 -4677.3057
600.0 -4675.9714
800.0 -4673.8975
1000.0 -4672.1016
1200.0 -4669.7836
1400.0 -4663.7707
1600.0 -4658.3718
1800.0 -4656.2516
2000.0 -4657.8878
2200.0 -4662.2535
2400.0 -4668.2225
2600.0 -4673.1643
2800.0 -4676.7588
3000.0 -4679.6018
3200.0 -4681.6993
3400.0 -4683.1917
3600.0 -4682.9704
3800.0 -4681.9666
4000.0 -4680.7582
4200.0 -4678.3984
4400.0 -4674.9148
4600.0 -4671.7762
4800.0 -4670.0068
5000.0 -4669.6879
5200.0 -4669.5533
5400.0 -4667.5831
5600.0 -4666.3185
5800.0 -4668.3247
6000.0 -4671.5514
6200.0 -4674.4959
6400.0 -4678.3332
6600.0 -4683.3086
6800.0 -4686.7986
7000.0 -4688.3621
7200.0 -4687.9212
7400.0 -4684.6299
7600.0 -4678.613
7800.0 -4671.4087
8000.0 -4664.6588
8200.0 -4661.1604
8400.0 -4662.3174
8600.0 -4664.3694
8800.0 -4667.2151
9000.0 -4669.9676
9200.0 -4672.0569
9400.0 -4675.3696
9600.0 -4679.2165
9800.0 -4681.29
10000.0 -4683.6622
10200.0 -4688.8468
10400.0 -4696.9942
10600.0 -4702.7306
10800.0 -4703.8778
11000.0 -4700.4653
11200.0 -4694.5069
11400.0 -4688.5213
11600.0 -4682.4951
11800.0 -4677.0421
12000.0 -4673.6048
12200.0 -4673.0179
12400.0 -4673.534
12600.0 -4675.2436
12800.0 -4676.8973
13000.0 -4678.8098
13200.0 -4678.2914
13400.0 -4673.7615
13600.0 -4668.2862
13800.0 -4662.4829
14000.0 -4659.7496
14200.0 -4659.2515
14400.0 -4657.8252
14600.0 -4662.0996
14800.0 -4672.6027
15000.0 -4679.2166
15200.0 -4681.9836
15400.0 -4683.8584
15600.0 -4683.491
15800.0 -4680.7308
16000.0 -4677.7125
16200.0 -4675.5165
16400.0 -4670.0898
16600.0 -4662.7531
16800.0 -4658.1989
17000.0 -4655.2083
17200.0 -4656.8011
17400.0 -4662.3922
17600.0 -4669.3653
17800.0 -4678.9142
18000.0 -4685.5657
18200.0 -4688.6808
18400.0 -4690.3575
18600.0 -4690.7618
18800.0 -4687.3576
19000.0 -4681.5217
19200.0 -4676.8332
19400.0 -4671.6219
19600.0 -4667.5416
19800.0 -4665.6144
20000.0 -4665.1875
20200.0 -4665.6169
20400.0 -4667.1892
20600.0 -4671.0674
20800.0 -4678.3583
21000.0 -4687.0649
21200.0 -4692.5324
21400.0 -4693.0581
21600.0 -4692.2678
21800.0 -4689.7268
22000.0 -4685.319
22200.0 -4680.8625
22400.0 -4677.1754
22600.0 -4674.2492
22800.0 -4673.1238
23000.0 -4673.6166
23200.0 -4671.7307
23400.0 -4670.4282
23600.0 -4671.4253
23800.0 -4671.7966
24000.0 -4673.4322
24200.0 -4679.2806
24400.0 -4686.9259
24600.0 -4694.1193
24800.0 -4696.0751
25000.0 -4693.7747
25200.0 -4688.813
25400.0 -4683.071
25600.0 -4677.9009
25800.0 -4674.111
26000.0 -4671.4432
26200.0 -4670.0257
26400.0 -4670.3448
26600.0 -4670.8735
26800.0 -4671.5639
27000.0 -4673.4677
27200.0 -4677.1933
27400.0 -4684.4062
27600.0 -4691.4743
27800.0 -4696.3316
28000.0 -4698.9403
28200.0 -4697.3849
28400.0 -4691.4903
28600.0 -4684.6251
28800.0 -4681.7088
29000.0 -4679.596
29200.0 -4676.3598
29400.0 -4674.2746
29600.0 -4671.757
29800.0 -4669.787
30000.0 -4670.146
30200.0 -4670.607
30400.0 -4668.5153
30600.0 -4665.2535
30800.0 -4662.8644
31000.0 -4660.5259
31200.0 -4659.0319
31400.0 -4662.1933
31600.0 -4668.7971
31800.0 -4674.5517
32000.0 -4680.0513
32200.0 -4683.8816
32400.0 -4685.1198
32600.0 -4684.5306
32800.0 -4681.6693
33000.0 -4677.9866
33200.0 -4675.4003
33400.0 -4672.712
33600.0 -4666.5437
33800.0 -4654.866
34000.0 -4646.9171
34200.0 -4644.4383
34400.0 -4647.4859
34600.0 -4652.7649
34800.0 -4659.9297
35000.0 -4666.5477
35200.0 -4671.9787
35400.0 -4674.7936
35600.0 -4675.5751
35800.0 -4677.0183
36000.0 -4676.5712
36200.0 -4674.3119
36400.0 -4672.3484
36600.0 -4670.0583
36800.0 -4667.1359
37000.0 -4664.9724
37200.0 -4664.4033
37400.0 -4662.1968
37600.0 -4660.4785
37800.0 -4661.3181
38000.0 -4663.8699
38200.0 -4667.6507
38400.0 -4673.2952
38600.0 -4679.473
38800.0 -4683.8103
39000.0 -4685.7749
39200.0 -4686.683
39400.0 -4686.2262
39600.0 -4684.222
39800.0 -4680.2595
40000.0 -4671.3069
40200.0 -4660.3075
40400.0 -4656.2955
40600.0 -4656.7264
40800.0 -4658.0239
41000.0 -4660.3132
41200.0 -4665.8579
41400.0 -4670.7044
41600.0 -4674.096
41800.0 -4677.0838
42000.0 -4679.7524
42200.0 -4681.1717
42400.0 -4682.1677
42600.0 -4680.1429
42800.0 -4673.3561
43000.0 -4666.1766
43200.0 -4655.7542
43400.0 -4648.5854
43600.0 -4647.3305
43800.0 -4648.3334
44000.0 -4651.2391
44200.0 -4655.7706
44400.0 -4661.3739
44600.0 -4666.2012
44800.0 -4670.6752
45000.0 -4675.4822
45200.0 -4678.1368
45400.0 -4679.0167
45600.0 -4679.3271
45800.0 -4680.8452
46000.0 -4679.7239
46200.0 -4677.341
46400.0 -4674.9085
46600.0 -4667.6863
46800.0 -4659.0516
47000.0 -4655.2709
47200.0 -4656.5487
47400.0 -4660.3629
47600.0 -4664.7581
47800.0 -4669.6366
48000.0 -4674.8928
48200.0 -4678.5028
48400.0 -4679.312
48600.0 -4679.1677
48800.0 -4680.1625
49000.0 -4680.1047
49200.0 -4678.0057
49400.0 -4677.3351
49600.0 -4674.5256
49800.0 -4672.0546
50000.0 -4673.0459
50200.0 -4674.1287
50400.0 -4674.6082
50600.0 -4673.6091
50800.0 -4673.0632
51000.0 -4672.8114
51200.0 -4671.2889
51400.0 -4675.2856
51600.0 -4682.1105
51800.0 -4686.7938
52000.0 -4690.115
52200.0 -4691.7204
52400.0 -4693.3736
52600.0 -4693.0627
52800.0 -4687.6558
53000.0 -4679.3801
53200.0 -4673.1083
53400.0 -4668.1055
53600.0 -4664.84
53800.0 -4662.7516
54000.0 -4662.6525
54200.0 -4666.198
54400.0 -4671.5332
54600.0 -4675.0771
54800.0 -4676.9261
55000.0 -4679.5757
55200.0 -4681.9505
55400.0 -4681.7319
55600.0 -4679.1504
55800.0 -4676.4813
56000.0 -4675.3502
56200.0 -4673.8767
56400.0 -4674.9173
56600.0 -4675.8919
56800.0 -4674.0811
57000.0 -4671.9101
57200.0 -4670.5429
57400.0 -4668.2931
57600.0 -4665.9576
57800.0 -4666.003
58000.0 -4669.6836
58200.0 -4674.7082
58400.0 -4680.1627
58600.0 -4685.8806
58800.0 -4689.8279
59000.0 -4692.5426
59200.0 -4693.7412
59400.0 -4690.1099
59600.0 -4681.9322
59800.0 -4673.6354
60000.0 -4667.1845
60200.0 -4664.2273
60400.0 -4664.1118
60600.0 -4664.8681
60800.0 -4666.5968
61000.0 -4671.6609
61200.0 -4676.5288
61400.0 -4678.8956
61600.0 -4680.067
61800.0 -4679.703
62000.0 -4680.6528
62200.0 -4684.9979
62400.0 -4690.8103
62600.0 -4695.2805
62800.0 -4696.9096
63000.0 -4694.2902
63200.0 -4687.4592
63400.0 -4680.5423
63600.0 -4673.4743
63800.0 -4667.3904
64000.0 -4665.3876
64200.0 -4667.0186
64400.0 -4669.0037
64600.0 -4670.6508
64800.0 -4672.6374
65000.0 -4673.6154
65200.0 -4675.8302
65400.0 -4681.3518
65600.0 -4688.1533
65800.0 -4692.5287
66000.0 -4693.8659
66200.0 -4693.269
66400.0 -4689.0825
66600.0 -4680.1848
66800.0 -4670.6917
67000.0 -4665.4833
67200.0 -4662.897
67400.0 -4661.4845
67600.0 -4662.501
67800.0 -4665.3908
68000.0 -4670.4739
68200.0 -4676.4407
68400.0 -4682.0344
68600.0 -4685.4533
68800.0 -4685.7748
69000.0 -4684.4502
69200.0 -4681.6391
69400.0 -4678.3918
69600.0 -4676.0809
69800.0 -4674.5404
70000.0 -4674.1515
70200.0 -4673.0529
70400.0 -4671.4255
70600.0 -4672.3141
70800.0 -4673.2907
71000.0 -4673.5721
71200.0 -4672.7378
71400.0 -4671.422
71600.0 -4672.6128
71800.0 -4673.8943
72000.0 -4672.8663
72200.0 -4671.9534
72400.0 -4674.6581
72600.0 -4676.2332
72800.0 -4675.1491
73000.0 -4675.4839
73200.0 -4677.2931
73400.0 -4678.885
73600.0 -4680.4463
73800.0 -4680.1977
74000.0 -4677.0341
74200.0 -4672.2591
74400.0 -4666.3389
74600.0 -4662.44
74800.0 -4661.3636
75000.0 -4661.1374
75200.0 -4663.8033
75400.0 -4669.9985
75600.0 -4677.4283
75800.0 -4684.6177
76000.0 -4687.9879
76200.0 -4689.3172
76400.0 -4690.1126
76600.0 -4687.484
76800.0 -4683.8529
77000.0 -4680.976
77200.0 -4677.0845
77400.0 -4673.0743
77600.0 -4671.0188
77800.0 -4670.9345
78000.0 -4670.147
78200.0 -4670.4443
78400.0 -4673.3668
78600.0 -4675.8977
78800.0 -4676.6481
79000.0 -4677.9719
79200.0 -4679.3208
79400.0 -4680.81
79600.0 -4684.1103
79800.0 -4687.4231
80000.0 -4688.6003
80200.0 -4689.8252
80400.0 -4688.4074
80600.0 -4682.7301
80800.0 -4676.3752
81000.0 -4671.3018
81200.0 -4665.8697
81400.0 -4662.3712
81600.0 -4662.6692
81800.0 -4664.5601
82000.0 -4665.4421
82200.0 -4666.4462
82400.0 -4670.8771
82600.0 -4674.7996
82800.0 -4676.3305
83000.0 -4677.2982
83200.0 -4677.769
83400.0 -4677.5535
83600.0 -4678.0679
83800.0 -4678.4848
84000.0 -4677.4884
84200.0 -4675.6368
84400.0 -4673.1212
84600.0 -4669.7843
84800.0 -4666.9762
85000.0 -4663.8992
85200.0 -4659.9939
85400.0 -4657.6064
85600.0 -4657.4279
85800.0 -4659.9042
86000.0 -4665.264
86200.0 -4671.1656
86400.0 -4677.2739
86600.0 -4683.8066
86800.0 -4687.1894
87000.0 -4687.5573
87200.0 -4687.6226
87400.0 -4686.6081
87600.0 -4682.9796
87800.0 -4678.172
88000.0 -4671.5
88200.0 -4663.4938
88400.0 -4658.5051
88600.0 -4657.9123
88800.0 -4658.1187
89000.0 -4659.2739
89200.0 -4662.432
89400.0 -4665.2612
89600.0 -4668.595
89800.0 -4674.5712
90000.0 -4680.8571
90200.0 -4683.9203
90400.0 -4684.2833
90600.0 -4684.0241
90800.0 -4681.4044
91000.0 -4679.7789
91200.0 -4680.244
91400.0 -4678.7286
91600.0 -4675.18
91800.0 -4672.1028
92000.0 -4670.7427
92200.0 -4671.2083
92400.0 -4672.4216
92600.0 -4673.6334
92800.0 -4675.2769
93000.0 -4676.4802
93200.0 -4675.7446
93400.0 -4674.2632
93600.0 -4673.6789
93800.0 -4671.2147
94000.0 -4665.8517
94200.0 -4660.2602
94400.0 -4656.5863
94600.0 -4654.3208
94800.0 -4655.5847
95000.0 -4658.9917
95200.0 -4665.3351
95400.0 -4672.6499
95600.0 -4677.8721
95800.0 -4680.524
96000.0 -4680.8018
96200.0 -4681.1207
96400.0 -4681.2251
96600.0 -4679.7937
96800.0 -4678.4315
97000.0 -4673.8985
97200.0 -4663.4625
97400.0 -4655.0821
97600.0 -4653.8006
97800.0 -4655.5753
98000.0 -4659.6956
98200.0 -4664.6102
98400.0 -4667.8398
98600.0 -4672.1029
98800.0 -4677.6752
99000.0 -4680.0212
99200.0 -4680.4739
99400.0 -4681.0721
99600.0 -4681.6738
99800.0 -4680.4018
100000.0 -4678.1108
