0.0 203.19361
200.0 201.74776
400.0 201.68816
600.0 203.8238
800.0 206.4371
1000.0 209.24344
1200.0 210.97089
1400.0 210.58109
1600.0 207.44222
1800.0 202.9919
2000.0 199.38008
2200.0 198.7643
2400.0 201.15175
2600.0 205.74467
2800.0 209.10609
3000.0 210.25791
3200.0 209.07284
3400.0 207.2597
3600.0 204.99076
3800.0 203.54878
4000.0 203.31194
4200.0 204.29071
4400.0 207.14471
4600.0 211.57257
4800.0 214.92236
5000.0 214.96608
5200.0 210.94041
5400.0 204.47794
5600.0 199.51229
5800.0 197.71988
6000.0 199.22428
6200.0 203.40127
6400.0 208.24242
6600.0 212.2893
6800.0 213.62295
7000.0 211.64602
7200.0 207.83388
7400.0 205.37267
7600.0 203.51504
7800.0 203.03394
8000.0 203.58024
8200.0 204.86253
8400.0 206.91472
8600.0 208.86103
8800.0 210.07808
9000.0 210.07995
9200.0 208.91588
9400.0 205.96104
9600.0 201.9458
9800.0 199.541
10000.0 199.89075
10200.0 203.58678
10400.0 209.55292
10600.0 214.18662
10800.0 214.57084
11000.0 210.4282
11200.0 205.17389
11400.0 202.47363
11600.0 201.64524
11800.0 202.15007
12000.0 203.68315
12200.0 205.82947
12400.0 207.51698
12600.0 208.21784
12800.0 208.05076
13000.0 207.15322
13200.0 206.02263
13400.0 204.62818
13600.0 203.59512
13800.0 202.75577
14000.0 203.09798
14200.0 204.66637
14400.0 206.93825
14600.0 208.12793
14800.0 207.42609
15000.0 205.06319
15200.0 202.0888
15400.0 199.73813
15600.0 199.79306
15800.0 202.1716
16000.0 206.04366
16200.0 208.32685
16400.0 208.27606
16600.0 207.09885
16800.0 205.85975
17000.0 204.99025
17200.0 204.73366
17400.0 205.24756
17600.0 206.61845
17800.0 208.71861
18000.0 210.66128
18200.0 211.67588
18400.0 210.60913
18600.0 207.25489
18800.0 202.95595
19000.0 199.98339
19200.0 199.88196
19400.0 202.73977
19600.0 208.16137
19800.0 212.87295
20000.0 214.67446
20200.0 211.96904
20400.0 206.08617
20600.0 202.86509
20800.0 201.54725
21000.0 201.89348
21200.0 203.38458
21400.0 205.64104
21600.0 207.89914
21800.0 209.13794
22000.0 209.26821
22200.0 208.28632
22400.0 206.44335
22600.0 204.15407
22800.0 202.10291
23000.0 201.05283
23200.0 202.39097
23400.0 205.14235
23600.0 207.67023
23800.0 208.78194
24000.0 207.26478
24200.0 204.0816
24400.0 200.73183
24600.0 198.6508
24800.0 199.43972
25000.0 202.51101
25200.0 205.84039
25400.0 207.29962
25600.0 207.3109
25800.0 206.51875
26000.0 205.46326
26200.0 204.99832
26400.0 205.00195
26600.0 206.32956
26800.0 208.76004
27000.0 211.48601
27200.0 213.65909
27400.0 212.88016
27600.0 208.62732
27800.0 204.18188
28000.0 202.09115
28200.0 202.51607
28400.0 204.86263
28600.0 207.4013
28800.0 209.39603
29000.0 209.46747
29200.0 207.0253
29400.0 202.52814
29600.0 198.30456
29800.0 196.81141
30000.0 198.70487
30200.0 203.28427
30400.0 206.87057
30600.0 208.17321
30800.0 207.9592
31000.0 206.68368
31200.0 204.87498
31400.0 203.30615
31600.0 202.53769
31800.0 203.63932
32000.0 206.42224
32200.0 209.50827
32400.0 211.66016
32600.0 211.18375
32800.0 209.23505
33000.0 205.55471
33200.0 202.57678
33400.0 200.83258
33600.0 202.01375
33800.0 204.78692
34000.0 207.8024
34200.0 209.52831
34400.0 210.01969
34600.0 208.56372
34800.0 205.86417
35000.0 202.85653
35200.0 201.10485
35400.0 200.37029
35600.0 202.48097
35800.0 205.70895
36000.0 208.26514
36200.0 209.07621
36400.0 208.17424
36600.0 206.41078
36800.0 204.31445
37000.0 202.95589
37200.0 203.14837
37400.0 205.88366
37600.0 211.1973
37800.0 216.84263
38000.0 219.14714
38200.0 215.69214
38400.0 210.89329
38600.0 208.27139
38800.0 206.0314
39000.0 204.16409
39200.0 203.30548
39400.0 203.53331
39600.0 205.53107
39800.0 208.07727
40000.0 210.20612
40200.0 210.59096
40400.0 208.47427
40600.0 204.7674
40800.0 201.63781
41000.0 200.16156
41200.0 200.52349
41400.0 202.36099
41600.0 204.74801
41800.0 206.23594
42000.0 206.19545
42200.0 205.46539
42400.0 205.27808
42600.0 205.49333
42800.0 206.38917
43000.0 207.72415
43200.0 209.12313
43400.0 209.64969
43600.0 208.02678
43800.0 204.54479
44000.0 202.36537
44200.0 202.2831
44400.0 203.47294
44600.0 205.09077
44800.0 206.57627
45000.0 206.87731
45200.0 206.90897
45400.0 207.02846
45600.0 207.7392
45800.0 209.75974
46000.0 211.03251
46200.0 211.14191
46400.0 209.93669
46600.0 207.38031
46800.0 204.81077
47000.0 202.9254
47200.0 203.16769
47400.0 204.5395
47600.0 206.26735
47800.0 207.35651
48000.0 207.67452
48200.0 207.13901
48400.0 205.67083
48600.0 204.17256
48800.0 202.81959
49000.0 202.47154
49200.0 203.65365
49400.0 207.24389
49600.0 210.49788
49800.0 211.21662
50000.0 209.49059
50200.0 206.39449
50400.0 203.58067
50600.0 202.17609
50800.0 203.22849
51000.0 207.78778
51200.0 215.56183
51400.0 220.94892
51600.0 219.82856
51800.0 214.37122
52000.0 210.12663
52200.0 206.89047
52400.0 204.1294
52600.0 202.71997
52800.0 202.68032
53000.0 204.07016
53200.0 206.36764
53400.0 208.76452
53600.0 210.08521
53800.0 209.62969
54000.0 207.8321
54200.0 204.62781
54400.0 201.18462
54600.0 199.86041
54800.0 200.58365
55000.0 203.55843
55200.0 208.74525
55400.0 212.76498
55600.0 213.43387
55800.0 210.82277
56000.0 207.65541
56200.0 204.7711
56400.0 203.07575
56600.0 203.0818
56800.0 204.64611
57000.0 206.9607
57200.0 209.59074
57400.0 211.07464
57600.0 210.66962
57800.0 207.36089
58000.0 202.2559
58200.0 199.61935
58400.0 200.43303
58600.0 202.75196
58800.0 205.88263
59000.0 208.43157
59200.0 209.65598
59400.0 209.08571
59600.0 206.73376
59800.0 203.56628
60000.0 199.70897
60200.0 196.44936
60400.0 195.67563
60600.0 199.08315
60800.0 206.01384
61000.0 211.37259
61200.0 212.74334
61400.0 210.79699
61600.0 206.72115
61800.0 202.73371
62000.0 200.85491
62200.0 201.18505
62400.0 203.47438
62600.0 206.44847
62800.0 209.40208
63000.0 209.99289
63200.0 208.95272
63400.0 207.39557
63600.0 206.01579
63800.0 205.19259
64000.0 204.76883
64200.0 205.15253
64400.0 206.13832
64600.0 207.35328
64800.0 208.73035
65000.0 209.39886
65200.0 208.3645
65400.0 205.6801
65600.0 202.90856
65800.0 201.8387
66000.0 202.49184
66200.0 204.24176
66400.0 206.32844
66600.0 208.20982
66800.0 209.08804
67000.0 208.797
67200.0 207.73649
67400.0 206.57589
67600.0 206.7329
67800.0 207.90502
68000.0 209.20778
68200.0 210.14978
68400.0 210.14977
68600.0 209.02376
68800.0 206.50219
69000.0 203.43607
69200.0 202.57718
69400.0 203.36549
69600.0 205.1846
69800.0 206.74935
70000.0 207.41064
70200.0 206.80489
70400.0 205.86486
70600.0 204.33429
70800.0 202.94945
71000.0 203.37121
71200.0 206.93705
71400.0 210.65751
71600.0 211.87883
71800.0 210.75867
72000.0 208.4847
72200.0 205.83541
72400.0 203.50719
72600.0 202.72303
72800.0 203.09885
73000.0 204.64377
73200.0 206.65072
73400.0 209.43721
73600.0 211.75601
73800.0 212.43861
74000.0 210.72519
74200.0 206.56862
74400.0 202.26922
74600.0 199.96647
74800.0 200.32416
75000.0 203.23001
75200.0 207.17327
75400.0 210.75771
75600.0 212.12743
75800.0 210.99665
76000.0 207.67487
76200.0 204.56693
76400.0 202.23395
76600.0 200.91823
76800.0 201.01673
77000.0 202.80688
77200.0 205.65135
77400.0 208.27808
77600.0 210.36142
77800.0 211.29451
78000.0 210.98384
78200.0 209.23232
78400.0 207.85227
78600.0 207.29824
78800.0 206.9667
79000.0 206.01005
79200.0 204.47993
79400.0 202.77217
79600.0 201.43899
79800.0 201.34535
80000.0 203.32021
80200.0 205.42214
80400.0 206.46298
80600.0 207.16886
80800.0 207.96503
81000.0 208.5554
81200.0 208.44843
81400.0 207.45866
81600.0 205.6757
81800.0 204.0671
82000.0 203.43135
82200.0 203.7305
82400.0 204.53432
82600.0 205.14464
82800.0 205.7088
83000.0 205.74607
83200.0 205.26269
83400.0 204.91948
83600.0 204.80551
83800.0 204.47065
84000.0 205.153
84200.0 205.89629
84400.0 206.82489
84600.0 207.84347
84800.0 208.75655
85000.0 209.49871
85200.0 209.30069
85400.0 208.09846
85600.0 205.51103
85800.0 202.96247
86000.0 201.75657
86200.0 201.91831
86400.0 203.63885
86600.0 206.31498
86800.0 209.27904
87000.0 211.35708
87200.0 211.64721
87400.0 209.28875
87600.0 204.79459
87800.0 199.87826
88000.0 197.99836
88200.0 199.43298
88400.0 203.0021
88600.0 206.81365
88800.0 208.77823
89000.0 209.01552
89200.0 208.04875
89400.0 206.38143
89600.0 205.17613
89800.0 204.24339
90000.0 204.00146
90200.0 204.77781
90400.0 206.70196
90600.0 210.38674
90800.0 214.32614
91000.0 214.8044
91200.0 211.88066
91400.0 206.56646
91600.0 202.05072
91800.0 200.54713
92000.0 202.18857
92200.0 205.45204
92400.0 208.23527
92600.0 209.57373
92800.0 208.84553
93000.0 207.53409
93200.0 205.90678
93400.0 204.6132
93600.0 204.2334
93800.0 204.49606
94000.0 205.39642
94200.0 206.63467
94400.0 208.12417
94600.0 210.04713
94800.0 212.4762
95000.0 212.64554
95200.0 210.13085
95400.0 205.7701
95600.0 202.19557
95800.0 200.5179
96000.0 201.80498
96200.0 205.49784
96400.0 209.95547
96600.0 212.92549
96800.0 213.20432
97000.0 210.09574
97200.0 204.84357
97400.0 202.07472
97600.0 202.15178
97800.0 203.75495
98000.0 205.95917
98200.0 207.77195
98400.0 208.73051
98600.0 208.231
98800.0 206.33891
99000.0 203.30491
99200.0 200.34678
99400.0 198.78796
99600.0 199.74426
99800.0 203.92787
100000.0 209.92162
