0.0 1.8061743
200.0 1.7988956
400.0 1.7945308
600.0 1.7779301
800.0 1.7731034
1000.0 1.7819844
1200.0 1.7909027
1400.0 1.7768699
1600.0 1.7647225
1800.0 1.7802951
2000.0 1.7829268
2200.0 1.7707775
2400.0 1.7703045
2600.0 1.7664572
2800.0 1.7647923
3000.0 1.7952812
3200.0 1.793262
3400.0 1.7777265
3600.0 1.79517
3800.0 1.8085046
4000.0 1.8106883
4200.0 1.8072254
4400.0 1.8127564
4600.0 1.8093812
4800.0 1.8348295
5000.0 1.8250368
5200.0 1.8030884
5400.0 1.7928071
5600.0 1.7966054
5800.0 1.7998306
6000.0 1.7925977
6200.0 1.8088507
6400.0 1.8056641
6600.0 1.8104426
6800.0 1.8132188
7000.0 1.7964513
7200.0 1.810954
7400.0 1.8401312
7600.0 1.8331708
7800.0 1.8287941
8000.0 1.8286216
8200.0 1.8316754
8400.0 1.840277
8600.0 1.8425759
8800.0 1.8386048
9000.0 1.8390144
9200.0 1.8501941
9400.0 1.8476801
9600.0 1.8422663
9800.0 1.8471727
10000.0 1.8466189
10200.0 1.8420364
10400.0 1.8523967
10600.0 1.8376202
10800.0 1.8343234
11000.0 1.8411578
11200.0 1.8215025
11400.0 1.822621
11600.0 1.84207
11800.0 1.8362411
12000.0 1.814598
12200.0 1.8163287
12400.0 1.8338814
12600.0 1.8337333
12800.0 1.8198911
13000.0 1.8198736
13200.0 1.840284
13400.0 1.8437003
13600.0 1.8210091
13800.0 1.8291762
14000.0 1.8480354
14200.0 1.8552247
14400.0 1.8557595
14600.0 1.8488246
14800.0 1.8444379
15000.0 1.8413331
15200.0 1.8374061
15400.0 1.8327006
15600.0 1.8353544
15800.0 1.8304995
16000.0 1.8230928
16200.0 1.8183665
16400.0 1.816309
16600.0 1.8170607
16800.0 1.8073031
17000.0 1.807819
17200.0 1.8218219
17400.0 1.8253132
17600.0 1.8175559
17800.0 1.8004694
18000.0 1.7945075
18200.0 1.8127816
18400.0 1.8262268
18600.0 1.8164829
18800.0 1.8000551
19000.0 1.8164764
19200.0 1.8227732
19400.0 1.8128468
19600.0 1.8028281
19800.0 1.7953438
20000.0 1.8078549
20200.0 1.7934489
20400.0 1.7653163
20600.0 1.7767162
20800.0 1.7890503
21000.0 1.7708701
21200.0 1.7656005
21400.0 1.775164
21600.0 1.7951291
21800.0 1.8029899
22000.0 1.7880341
22200.0 1.7697884
22400.0 1.7795871
22600.0 1.7944078
22800.0 1.7950133
23000.0 1.7685819
23200.0 1.7692757
23400.0 1.7917114
23600.0 1.7804157
23800.0 1.7649638
24000.0 1.7590034
24200.0 1.7704688
24400.0 1.7716472
24600.0 1.7597683
24800.0 1.7487301
25000.0 1.7394343
25200.0 1.7403557
25400.0 1.7504206
25600.0 1.7575287
25800.0 1.7532712
26000.0 1.7543885
26200.0 1.7845477
26400.0 1.7844954
26600.0 1.7838909
26800.0 1.7797861
27000.0 1.7666838
27200.0 1.7935441
27400.0 1.8163963
27600.0 1.7867215
27800.0 1.7762006
28000.0 1.7951124
28200.0 1.801904
28400.0 1.791643
28600.0 1.7947314
28800.0 1.8063034
29000.0 1.8045679
29200.0 1.7959389
29400.0 1.7865468
29600.0 1.7963782
29800.0 1.792574
30000.0 1.791684
30200.0 1.8011315
30400.0 1.8169469
30600.0 1.8045162
30800.0 1.7978619
31000.0 1.8094501
31200.0 1.8191069
31400.0 1.8162556
31600.0 1.815666
31800.0 1.8302964
32000.0 1.8501495
32200.0 1.8317215
32400.0 1.8154477
32600.0 1.8347916
32800.0 1.8395418
33000.0 1.8331169
33200.0 1.8182016
33400.0 1.801005
33600.0 1.8073518
33800.0 1.8201466
34000.0 1.8257722
34200.0 1.8037177
34400.0 1.7833991
34600.0 1.7843987
34800.0 1.7834574
35000.0 1.7826762
35200.0 1.7785277
35400.0 1.769224
35600.0 1.7666603
35800.0 1.7894145
36000.0 1.8000668
36200.0 1.7820249
36400.0 1.777454
36600.0 1.7934208
36800.0 1.7899113
37000.0 1.7941792
37200.0 1.8337268
37400.0 1.8426104
37600.0 1.8292875
37800.0 1.8344623
38000.0 1.8401291
38200.0 1.8178013
38400.0 1.8061326
38600.0 1.8226931
38800.0 1.8295438
39000.0 1.8276095
39200.0 1.8183096
39400.0 1.8238852
39600.0 1.8204195
39800.0 1.8199044
40000.0 1.8302599
40200.0 1.8319915
40400.0 1.8418358
40600.0 1.8579759
40800.0 1.8670334
41000.0 1.8687881
41200.0 1.8718969
41400.0 1.8660733
41600.0 1.8851943
41800.0 1.8740516
42000.0 1.8558286
42200.0 1.8607502
42400.0 1.8922175
42600.0 1.8831484
42800.0 1.8482374
43000.0 1.8573945
43200.0 1.8736426
43400.0 1.8770303
43600.0 1.8774293
43800.0 1.8642979
44000.0 1.8625791
44200.0 1.8750512
44400.0 1.8799114
44600.0 1.8739233
44800.0 1.8663242
45000.0 1.8695627
45200.0 1.8714773
45400.0 1.8773307
45600.0 1.8713582
45800.0 1.8567177
46000.0 1.8529291
46200.0 1.8481645
46400.0 1.8408543
46600.0 1.8436815
46800.0 1.8352927
47000.0 1.8319424
47200.0 1.8292584
47400.0 1.815575
47600.0 1.8094605
47800.0 1.8177333
48000.0 1.8166874
48200.0 1.7900765
48400.0 1.7866797
48600.0 1.7910905
48800.0 1.7901043
49000.0 1.7871821
49200.0 1.7810762
49400.0 1.7963474
49600.0 1.7976521
49800.0 1.792031
50000.0 1.8096316
50200.0 1.8153134
50400.0 1.7873098
50600.0 1.7726471
50800.0 1.7964723
51000.0 1.7919273
51200.0 1.7717936
51400.0 1.7736895
51600.0 1.7834714
51800.0 1.7817599
52000.0 1.7812003
52200.0 1.7911594
52400.0 1.7861813
52600.0 1.7720948
52800.0 1.7751519
53000.0 1.7781047
53200.0 1.7787712
53400.0 1.7766635
53600.0 1.7818998
53800.0 1.7822895
54000.0 1.7788529
54200.0 1.7716494
54400.0 1.7952658
54600.0 1.81821
54800.0 1.7845881
55000.0 1.7795485
55200.0 1.7984345
55400.0 1.8162892
55600.0 1.8056277
55800.0 1.7877005
56000.0 1.7877417
56200.0 1.7916509
56400.0 1.7973156
56600.0 1.8030582
56800.0 1.799322
57000.0 1.7993911
57200.0 1.794752
57400.0 1.7845624
57600.0 1.7916845
57800.0 1.7995315
58000.0 1.7862774
58200.0 1.785608
58400.0 1.7916007
58600.0 1.795452
58800.0 1.7993839
59000.0 1.7847835
59200.0 1.7807987
59400.0 1.8107219
59600.0 1.8214845
59800.0 1.813218
60000.0 1.815749
60200.0 1.8205682
60400.0 1.8319862
60600.0 1.8161477
60800.0 1.8111217
61000.0 1.8262182
61200.0 1.8339047
61400.0 1.8152455
61600.0 1.8011201
61800.0 1.8183576
62000.0 1.8211812
62200.0 1.81456
62400.0 1.821562
62600.0 1.8187906
62800.0 1.8058615
63000.0 1.8031242
63200.0 1.8149669
63400.0 1.8196236
63600.0 1.8051734
63800.0 1.8024531
64000.0 1.8076407
64200.0 1.8013482
64400.0 1.7829123
64600.0 1.7724791
64800.0 1.7778021
65000.0 1.7554704
65200.0 1.7538371
65400.0 1.7902429
65600.0 1.791446
65800.0 1.7799185
66000.0 1.8051066
66200.0 1.8211623
66400.0 1.8060992
66600.0 1.7958698
66800.0 1.8095536
67000.0 1.8200427
67200.0 1.8250596
67400.0 1.8183752
67600.0 1.822876
67800.0 1.8351917
68000.0 1.8448922
68200.0 1.8515628
68400.0 1.8505703
68600.0 1.8491215
68800.0 1.8389307
69000.0 1.8501054
69200.0 1.8418253
69400.0 1.8215991
69600.0 1.8210853
69800.0 1.8223861
70000.0 1.8262752
70200.0 1.8342433
70400.0 1.8113898
70600.0 1.8044676
70800.0 1.8330865
71000.0 1.8309121
71200.0 1.8161112
71400.0 1.8110846
71600.0 1.8163925
71800.0 1.841268
72000.0 1.8462691
72200.0 1.832496
72400.0 1.8362515
72600.0 1.8544749
72800.0 1.8510989
73000.0 1.8374871
73200.0 1.8474185
73400.0 1.8474888
73600.0 1.8392562
73800.0 1.8326433
74000.0 1.8167919
74200.0 1.8270378
74400.0 1.8500604
74600.0 1.8417685
74800.0 1.8112777
75000.0 1.8197795
75200.0 1.8356858
75400.0 1.828475
75600.0 1.8301575
75800.0 1.8346338
76000.0 1.8290059
76200.0 1.7973254
76400.0 1.7941076
76600.0 1.8246454
76800.0 1.8039532
77000.0 1.788914
77200.0 1.791833
77400.0 1.7816153
77600.0 1.7951855
77800.0 1.7906148
78000.0 1.7764272
78200.0 1.7864977
78400.0 1.7949471
78600.0 1.7834284
78800.0 1.7839363
79000.0 1.8073814
79200.0 1.8085156
79400.0 1.8087905
79600.0 1.8269665
79800.0 1.829451
80000.0 1.8229545
80200.0 1.8091846
80400.0 1.8119829
80600.0 1.8352862
80800.0 1.8335235
81000.0 1.8189412
81200.0 1.8119709
81400.0 1.7937461
81600.0 1.7892094
81800.0 1.7932294
82000.0 1.8089207
82200.0 1.8053317
82400.0 1.7896397
82600.0 1.8036583
82800.0 1.812576
83000.0 1.8104569
83200.0 1.8162788
83400.0 1.837151
83600.0 1.8393591
83800.0 1.8346453
84000.0 1.8313153
84200.0 1.831082
84400.0 1.8405342
84600.0 1.8606971
84800.0 1.8464758
85000.0 1.8352787
85200.0 1.8436122
85400.0 1.8387656
85600.0 1.8371992
85800.0 1.8381458
86000.0 1.8382644
86200.0 1.8328356
86400.0 1.833556
86600.0 1.8296905
86800.0 1.8093291
87000.0 1.8002888
87200.0 1.8191637
87400.0 1.8268482
87600.0 1.7933822
87800.0 1.7907663
88000.0 1.7965373
88200.0 1.785849
88400.0 1.778482
88600.0 1.7924181
88800.0 1.7990193
89000.0 1.7917442
89200.0 1.7997266
89400.0 1.8101852
89600.0 1.8078513
89800.0 1.8132468
90000.0 1.8335543
90200.0 1.8135405
90400.0 1.7994439
90600.0 1.7909079
90800.0 1.7683653
91000.0 1.770394
91200.0 1.7819793
91400.0 1.7821938
91600.0 1.7733298
91800.0 1.7811725
92000.0 1.8083384
92200.0 1.8100342
92400.0 1.7974741
92600.0 1.798059
92800.0 1.8116363
93000.0 1.8074987
93200.0 1.797879
93400.0 1.7940341
93600.0 1.801454
93800.0 1.8020013
94000.0 1.794847
94200.0 1.7759537
94400.0 1.7853902
94600.0 1.8089574
94800.0 1.8036978
95000.0 1.80514
95200.0 1.8014995
95400.0 1.8038094
95600.0 1.8068059
95800.0 1.8069483
96000.0 1.8099246
96200.0 1.7862362
96400.0 1.7741296
96600.0 1.7743432
96800.0 1.7912707
97000.0 1.7974983
97200.0 1.7818128
97400.0 1.7772346
97600.0 1.7774038
97800.0 1.766908
98000.0 1.7706646
98200.0 1.7778642
98400.0 1.7636545
98600.0 1.7602895
98800.0 1.7764823
99000.0 1.7632143
99200.0 1.7447922
99400.0 1.7557298
99600.0 1.7571419
99800.0 1.7338899
100000.0 1.7292853
