0.0 385.97351
200.0 383.8146
400.0 381.28474
600.0 379.49791
800.0 378.7618
1000.0 379.04327
1200.0 380.08526
1400.0 381.19321
1600.0 381.9243
1800.0 382.08332
2000.0 381.75911
2200.0 381.2257
2400.0 380.69736
2600.0 380.35235
2800.0 380.34129
3000.0 380.64025
3200.0 381.12186
3400.0 381.45542
3600.0 381.19051
3800.0 380.06438
4000.0 378.20044
4200.0 376.31378
4400.0 375.38048
4600.0 375.82686
4800.0 377.48512
5000.0 379.61438
5200.0 381.3317
5400.0 382.30544
5600.0 382.51845
5800.0 382.18794
6000.0 381.67859
6200.0 381.33459
6400.0 381.31965
6600.0 381.49144
6800.0 381.65688
7000.0 381.68392
7200.0 381.33358
7400.0 380.56585
7600.0 379.58747
7800.0 378.54121
8000.0 377.76257
8200.0 377.73968
8400.0 378.73323
8600.0 380.52027
8800.0 382.47688
9000.0 383.84973
9200.0 384.25946
9400.0 383.78133
9600.0 382.55871
9800.0 381.17745
10000.0 380.21633
10200.0 379.84501
10400.0 380.01722
10600.0 380.53097
10800.0 381.05511
11000.0 381.41971
11200.0 381.48469
11400.0 381.18165
11600.0 380.60256
11800.0 379.92426
12000.0 379.35107
12200.0 379.12215
12400.0 379.41779
12600.0 380.04517
12800.0 380.6635
13000.0 380.93671
13200.0 380.65506
13400.0 379.92106
13600.0 379.22247
13800.0 378.82765
14000.0 378.93443
14200.0 379.64266
14400.0 380.75386
14600.0 381.87544
14800.0 382.67356
15000.0 383.04923
15200.0 382.89422
15400.0 382.44058
15600.0 382.12458
15800.0 382.17595
16000.0 382.72563
16200.0 383.58874
16400.0 384.42853
16600.0 384.81798
16800.0 384.41839
17000.0 383.16477
17200.0 381.42282
17400.0 379.79509
17600.0 378.71686
17800.0 378.30514
18000.0 378.49531
18200.0 378.87449
18400.0 379.03223
18600.0 378.99513
18800.0 378.88713
19000.0 378.90629
19200.0 379.24381
19400.0 380.05784
19600.0 381.36939
19800.0 383.10196
20000.0 384.83882
20200.0 386.07984
20400.0 386.57809
20600.0 386.51145
20800.0 386.21426
21000.0 385.81777
21200.0 385.30921
21400.0 384.56299
21600.0 383.44563
21800.0 382.02389
22000.0 380.56238
22200.0 379.23289
22400.0 378.21647
22600.0 377.59082
22800.0 377.24331
23000.0 377.25641
23200.0 377.4661
23400.0 377.79891
23600.0 378.30569
23800.0 379.14
24000.0 380.49357
24200.0 382.4294
24400.0 384.53747
24600.0 386.1466
24800.0 386.88961
25000.0 386.73207
25200.0 385.97765
25400.0 385.02806
25600.0 384.25057
25800.0 383.76815
26000.0 383.5105
26200.0 383.27526
26400.0 382.87804
26600.0 382.09448
26800.0 381.08934
27000.0 380.19198
27200.0 379.4979
27400.0 379.07388
27600.0 378.98909
27800.0 379.20201
28000.0 379.63333
28200.0 380.01589
28400.0 380.01859
28600.0 379.46277
28800.0 378.24203
29000.0 376.44672
29200.0 374.65278
29400.0 373.53479
29600.0 373.77604
29800.0 375.5603
30000.0 378.41696
30200.0 380.93321
30400.0 382.2725
30600.0 382.61873
30800.0 382.44297
31000.0 382.2386
31200.0 382.05777
31400.0 381.90887
31600.0 381.78811
31800.0 381.66853
32000.0 381.39709
32200.0 380.77687
32400.0 379.77264
32600.0 378.49587
32800.0 377.18851
33000.0 375.95988
33200.0 374.94996
33400.0 374.3243
33600.0 374.38477
33800.0 375.35067
34000.0 377.44287
34200.0 380.57672
34400.0 383.45882
34600.0 385.0873
34800.0 385.71779
35000.0 385.74249
35200.0 385.35847
35400.0 384.73158
35600.0 383.91893
35800.0 382.98868
36000.0 381.87126
36200.0 380.63627
36400.0 379.35989
36600.0 378.13459
36800.0 377.16683
37000.0 376.61614
37200.0 376.6438
37400.0 377.4157
37600.0 378.65001
37800.0 379.9058
38000.0 380.87714
38200.0 381.53755
38400.0 381.96696
38600.0 382.29909
38800.0 382.63342
39000.0 382.95342
39200.0 383.23488
39400.0 383.23702
39600.0 382.69889
39800.0 381.55091
40000.0 380.06118
40200.0 378.72102
40400.0 377.80029
40600.0 377.4413
40800.0 377.65
41000.0 378.26418
41200.0 379.14608
41400.0 380.0258
41600.0 380.59564
41800.0 380.73315
42000.0 380.45749
42200.0 379.90882
42400.0 379.42459
42600.0 379.54785
42800.0 380.4746
43000.0 382.04937
43200.0 383.75081
43400.0 384.90382
43600.0 385.14343
43800.0 384.41984
44000.0 382.68866
44200.0 380.21597
44400.0 377.84825
44600.0 376.39195
44800.0 376.07133
45000.0 376.76195
45200.0 378.19811
45400.0 379.89709
45600.0 381.33125
45800.0 382.15937
46000.0 382.40401
46200.0 382.29167
46400.0 382.0892
46600.0 381.92458
46800.0 381.87108
47000.0 381.82658
47200.0 381.66336
47400.0 381.33837
47600.0 380.82604
47800.0 380.07339
48000.0 379.06409
48200.0 377.90656
48400.0 376.88083
48600.0 376.43957
48800.0 377.19882
49000.0 379.54582
49200.0 382.65607
49400.0 384.89284
49600.0 385.71733
49800.0 385.38005
50000.0 384.26422
50200.0 382.84431
50400.0 381.56601
50600.0 380.7322
50800.0 380.3274
51000.0 380.19332
51200.0 380.21484
51400.0 380.26742
51600.0 380.18365
51800.0 379.9836
52000.0 379.89117
52200.0 379.96561
52400.0 380.18107
52600.0 380.68314
52800.0 381.55356
53000.0 382.78133
53200.0 384.05483
53400.0 385.13578
53600.0 385.93518
53800.0 386.47985
54000.0 386.76806
54200.0 386.65269
54400.0 385.89539
54600.0 384.41343
54800.0 382.39371
55000.0 380.3091
55200.0 378.66792
55400.0 377.62002
55600.0 377.17605
55800.0 377.12272
56000.0 377.21697
56200.0 377.25595
56400.0 377.00207
56600.0 376.36406
56800.0 375.60361
57000.0 375.18063
57200.0 375.47955
57400.0 376.69644
57600.0 378.65928
57800.0 380.74873
58000.0 382.26186
58200.0 382.92846
58400.0 382.95518
58600.0 382.80112
58800.0 382.80071
59000.0 382.86682
59200.0 383.00097
59400.0 383.15103
59600.0 383.02648
59800.0 382.53709
60000.0 381.84646
60200.0 381.0895
60400.0 380.25115
60600.0 379.48884
60800.0 378.87932
61000.0 378.45086
61200.0 378.2049
61400.0 378.02229
61600.0 377.54231
61800.0 376.48192
62000.0 374.83936
62200.0 373.06095
62400.0 371.88402
62600.0 371.79216
62800.0 372.88408
63000.0 375.04164
63200.0 377.56432
63400.0 379.51802
63600.0 380.69026
63800.0 381.32488
64000.0 381.74611
64200.0 382.12918
64400.0 382.46264
64600.0 382.79777
64800.0 383.02928
65000.0 382.93356
65200.0 382.5065
65400.0 381.71618
65600.0 380.49906
65800.0 378.94186
66000.0 377.25895
66200.0 375.80374
66400.0 374.7337
66600.0 374.21399
66800.0 374.27637
67000.0 374.9609
67200.0 376.28687
67400.0 378.02948
67600.0 379.82436
67800.0 381.34728
68000.0 382.41726
68200.0 383.03586
68400.0 383.33015
68600.0 383.35162
68800.0 383.05737
69000.0 382.32517
69200.0 381.08028
69400.0 379.46014
69600.0 377.86535
69800.0 376.75207
70000.0 376.45956
70200.0 377.06854
70400.0 378.28405
70600.0 379.72209
70800.0 380.81864
71000.0 381.15088
71200.0 380.66219
71400.0 379.65488
71600.0 378.61906
71800.0 377.99613
72000.0 378.10153
72200.0 378.82485
72400.0 379.78943
72600.0 380.72334
72800.0 381.29075
73000.0 381.44185
73200.0 381.35867
73400.0 381.3573
73600.0 381.58286
73800.0 381.99296
74000.0 382.47222
74200.0 382.84955
74400.0 383.0511
74600.0 383.01282
74800.0 382.71763
75000.0 382.19585
75200.0 381.5402
75400.0 380.88537
75600.0 380.33525
75800.0 379.97429
76000.0 379.68207
76200.0 379.1598
76400.0 378.11145
76600.0 376.42715
76800.0 374.38697
77000.0 372.78871
77200.0 372.38797
77400.0 373.50848
77600.0 376.02099
77800.0 378.76426
78000.0 380.42287
78200.0 380.92355
78400.0 380.56111
78600.0 379.60792
78800.0 378.59159
79000.0 377.95749
79200.0 377.88276
79400.0 378.49548
79600.0 379.55112
79800.0 380.7684
80000.0 381.85571
80200.0 382.4888
80400.0 382.67907
80600.0 382.60835
80800.0 382.60544
81000.0 382.89376
81200.0 383.37015
81400.0 383.94802
81600.0 384.47333
81800.0 384.49644
82000.0 383.66335
82200.0 381.85801
82400.0 379.5054
82600.0 377.61459
82800.0 376.92713
83000.0 377.84653
83200.0 380.09594
83400.0 382.41621
83600.0 383.95778
83800.0 384.60238
84000.0 384.41128
84200.0 383.52
84400.0 382.28777
84600.0 381.19307
84800.0 380.59386
85000.0 380.47848
85200.0 380.69428
85400.0 380.88559
85600.0 380.89772
85800.0 380.68285
86000.0 380.21188
86200.0 379.53976
86400.0 378.81589
86600.0 378.24738
86800.0 378.05491
87000.0 378.37003
87200.0 379.20309
87400.0 380.29868
87600.0 381.15994
87800.0 381.35107
88000.0 380.64349
88200.0 379.26176
88400.0 377.81321
88600.0 376.97648
88800.0 377.06501
89000.0 378.02846
89200.0 379.52153
89400.0 380.97765
89600.0 382.03783
89800.0 382.518
90000.0 382.37659
90200.0 381.90084
90400.0 381.45014
90600.0 381.1804
90800.0 381.12297
91000.0 381.35636
91200.0 381.75702
91400.0 382.04506
91600.0 382.03505
91800.0 381.5527
92000.0 380.53088
92200.0 379.25103
92400.0 378.39518
92600.0 378.51823
92800.0 379.7442
93000.0 381.62531
93200.0 383.32449
93400.0 384.31168
93600.0 384.43924
93800.0 383.84622
94000.0 382.83606
94200.0 381.78782
94400.0 380.99047
94600.0 380.55414
94800.0 380.34984
95000.0 380.13707
95200.0 379.82537
95400.0 379.29568
95600.0 378.516
95800.0 377.63393
96000.0 376.78576
96200.0 376.21298
96400.0 376.25277
96600.0 377.03396
96800.0 378.40011
97000.0 379.8854
97200.0 381.01802
97400.0 381.46684
97600.0 381.25564
97800.0 380.76271
98000.0 380.31057
98200.0 380.09438
98400.0 380.27051
98600.0 380.88941
98800.0 381.77396
99000.0 382.59233
99200.0 382.91711
99400.0 382.56794
99600.0 381.6868
99800.0 380.84041
100000.0 380.42508
