0.0 95.623739
200.0 96.888674
400.0 96.5475
600.0 95.79369
800.0 98.925191
1000.0 99.383307
1200.0 96.038097
1400.0 99.114906
1600.0 99.890759
1800.0 96.500134
2000.0 97.442255
2200.0 97.03539
2400.0 98.616486
2600.0 94.637913
2800.0 94.904253
3000.0 97.858284
3200.0 98.813654
3400.0 95.973357
3600.0 95.574029
3800.0 97.673652
4000.0 95.573762
4200.0 99.182137
4400.0 97.752646
4600.0 97.714095
4800.0 101.49812
5000.0 98.542695
5200.0 99.79993
5400.0 98.603387
5600.0 95.227221
5800.0 97.310067
6000.0 98.636497
6200.0 98.447575
6400.0 97.985487
6600.0 93.790003
6800.0 95.821985
7000.0 97.212839
7200.0 96.805601
7400.0 97.639535
7600.0 94.794976
7800.0 96.000228
8000.0 99.301088
8200.0 96.781996
8400.0 97.24892
8600.0 98.994341
8800.0 99.995354
9000.0 98.622639
9200.0 98.433027
9400.0 94.088342
9600.0 97.467974
9800.0 99.343126
10000.0 97.337089
10200.0 96.434581
10400.0 94.824491
10600.0 95.51965
10800.0 97.387878
11000.0 98.391331
11200.0 97.275842
11400.0 98.064154
11600.0 98.070823
11800.0 97.122479
12000.0 94.352848
12200.0 95.200726
12400.0 95.417448
12600.0 93.896422
12800.0 95.466573
13000.0 95.238199
13200.0 96.845026
13400.0 96.752558
13600.0 98.006236
13800.0 97.868585
14000.0 96.452528
14200.0 95.533356
14400.0 97.775778
14600.0 98.083389
14800.0 99.975564
15000.0 97.138441
15200.0 93.644825
15400.0 96.566188
15600.0 94.300453
15800.0 96.848668
16000.0 93.915656
16200.0 96.785629
16400.0 98.279179
16600.0 97.322998
16800.0 97.842418
17000.0 95.252958
17200.0 95.76741
17400.0 96.902931
17600.0 99.900322
17800.0 99.413794
18000.0 96.823907
18200.0 98.386144
18400.0 94.690022
18600.0 98.470257
18800.0 96.244081
19000.0 96.665398
19200.0 96.365733
19400.0 95.168873
19600.0 97.384717
19800.0 94.899886
20000.0 95.045805
20200.0 94.442287
20400.0 94.888103
20600.0 96.460372
20800.0 95.868165
21000.0 95.191394
21200.0 96.482696
21400.0 98.988105
21600.0 99.445538
21800.0 97.944841
22000.0 95.712255
22200.0 93.555484
22400.0 94.995678
22600.0 98.589742
22800.0 101.3915
23000.0 96.965121
23200.0 96.805441
23400.0 98.923524
23600.0 99.14146
23800.0 100.28393
24000.0 98.255341
24200.0 99.6136
24400.0 97.421368
24600.0 95.895317
24800.0 94.704352
25000.0 100.17981
25200.0 97.494831
25400.0 96.297364
25600.0 96.5681
25800.0 95.38326
26000.0 95.499316
26200.0 97.31377
26400.0 98.011837
26600.0 96.333705
26800.0 98.021976
27000.0 98.618754
27200.0 96.755039
27400.0 97.720981
27600.0 101.08213
27800.0 98.45185
28000.0 98.557027
28200.0 100.93196
28400.0 94.63828
28600.0 95.810708
28800.0 97.221136
29000.0 95.899605
29200.0 97.410929
29400.0 96.024227
29600.0 96.719688
29800.0 96.68378
30000.0 100.10034
30200.0 100.42945
30400.0 97.004948
30600.0 97.524516
30800.0 96.224847
31000.0 95.84355
31200.0 96.768082
31400.0 94.867424
31600.0 95.86911
31800.0 97.978414
32000.0 96.605537
32200.0 94.522921
32400.0 96.850198
32600.0 96.645896
32800.0 96.290537
33000.0 96.436799
33200.0 96.157202
33400.0 99.480351
33600.0 96.911376
33800.0 95.780623
34000.0 97.452383
34200.0 98.261901
34400.0 96.85689
34600.0 97.474398
34800.0 97.819356
35000.0 97.651191
35200.0 96.558823
35400.0 96.544149
35600.0 94.324869
35800.0 95.0721
36000.0 94.802103
36200.0 96.213475
36400.0 91.830385
36600.0 95.618747
36800.0 93.728579
37000.0 96.513722
37200.0 96.692138
37400.0 97.810645
37600.0 95.236789
37800.0 94.854138
38000.0 97.615728
38200.0 97.981742
38400.0 97.098342
38600.0 97.632401
38800.0 97.721482
39000.0 95.135686
39200.0 98.114419
39400.0 99.385134
39600.0 99.660561
39800.0 101.45683
40000.0 95.285543
40200.0 99.049078
40400.0 96.06695
40600.0 97.458366
40800.0 99.128107
41000.0 97.699409
41200.0 97.827497
41400.0 94.028634
41600.0 95.085028
41800.0 97.151568
42000.0 97.536421
42200.0 97.924743
42400.0 96.973719
42600.0 98.125212
42800.0 96.795402
43000.0 95.732429
43200.0 97.631364
43400.0 100.08361
43600.0 97.921899
43800.0 100.73062
44000.0 96.232284
44200.0 96.644542
44400.0 98.596621
44600.0 96.102876
44800.0 96.255124
45000.0 97.072945
45200.0 95.202835
45400.0 95.77123
45600.0 97.50506
45800.0 95.775159
46000.0 94.949959
46200.0 95.649327
46400.0 98.405567
46600.0 97.981593
46800.0 96.520785
47000.0 96.435347
47200.0 96.705153
47400.0 94.181721
47600.0 102.09764
47800.0 99.152627
48000.0 93.97651
48200.0 96.888414
48400.0 94.482993
48600.0 96.88466
48800.0 97.862166
49000.0 98.002027
49200.0 98.5635
49400.0 97.032286
49600.0 97.254039
49800.0 99.689693
50000.0 99.617681
50200.0 99.041922
50400.0 98.647111
50600.0 97.874904
50800.0 97.583404
51000.0 96.048958
51200.0 98.297993
51400.0 96.325194
51600.0 98.560779
51800.0 96.641135
52000.0 96.814006
52200.0 97.431785
52400.0 96.277672
52600.0 95.262826
52800.0 97.967025
53000.0 94.172648
53200.0 91.227547
53400.0 94.02719
53600.0 97.360224
53800.0 93.418008
54000.0 94.7666
54200.0 97.295416
54400.0 98.615714
54600.0 95.260086
54800.0 94.800421
55000.0 97.732987
55200.0 100.02096
55400.0 96.442537
55600.0 96.260928
55800.0 97.924795
56000.0 96.214027
56200.0 99.40906
56400.0 98.55526
56600.0 99.461101
56800.0 96.492583
57000.0 97.467322
57200.0 101.12748
57400.0 97.993649
57600.0 97.800261
57800.0 95.836553
58000.0 98.064566
58200.0 96.767125
58400.0 95.285296
58600.0 98.491624
58800.0 97.015573
59000.0 93.326618
59200.0 96.101933
59400.0 98.390071
59600.0 99.030714
59800.0 96.094095
60000.0 95.351437
60200.0 99.08513
60400.0 99.601384
60600.0 100.49891
60800.0 98.020145
61000.0 96.199655
61200.0 97.885557
61400.0 100.33274
61600.0 96.798836
61800.0 93.799168
62000.0 96.92343
62200.0 96.584
62400.0 99.246682
62600.0 96.956862
62800.0 94.849757
63000.0 97.506036
63200.0 94.023449
63400.0 98.37692
63600.0 99.483588
63800.0 97.705748
64000.0 97.06073
64200.0 100.37304
64400.0 97.249486
64600.0 97.5343
64800.0 99.642604
65000.0 95.096166
65200.0 97.763436
65400.0 97.160123
65600.0 96.861165
65800.0 96.06316
66000.0 94.861391
66200.0 96.889846
66400.0 96.731667
66600.0 96.478184
66800.0 95.438264
67000.0 96.623478
67200.0 98.549051
67400.0 99.593815
67600.0 97.958622
67800.0 98.361416
68000.0 96.742871
68200.0 93.759457
68400.0 95.076054
68600.0 96.752818
68800.0 97.4545
69000.0 91.843852
69200.0 94.150004
69400.0 95.843149
69600.0 97.536323
69800.0 95.741004
70000.0 94.366777
70200.0 98.366862
70400.0 98.944852
70600.0 99.690051
70800.0 96.744896
71000.0 92.969467
71200.0 95.524371
71400.0 99.951647
71600.0 99.360115
71800.0 97.957061
72000.0 95.955615
72200.0 97.185106
72400.0 97.690459
72600.0 100.4726
72800.0 95.442756
73000.0 95.44004
73200.0 97.574455
73400.0 96.161049
73600.0 96.05744
73800.0 96.478685
74000.0 97.410249
74200.0 97.882567
74400.0 97.402976
74600.0 96.199355
74800.0 96.002403
75000.0 95.98943
75200.0 97.504235
75400.0 96.93363
75600.0 95.510553
75800.0 97.730714
76000.0 97.70268
76200.0 97.771777
76400.0 100.03115
76600.0 98.030318
76800.0 98.023624
77000.0 97.391735
77200.0 96.465646
77400.0 93.407327
77600.0 99.415012
77800.0 98.399908
78000.0 97.283812
78200.0 92.856833
78400.0 94.64507
78600.0 93.792901
78800.0 95.582414
79000.0 98.480349
79200.0 99.721051
79400.0 98.73383
79600.0 99.115505
79800.0 97.193819
80000.0 94.276078
80200.0 94.866555
80400.0 95.829492
80600.0 95.755499
80800.0 96.33383
81000.0 96.264449
81200.0 97.620542
81400.0 98.408869
81600.0 97.89386
81800.0 98.311717
82000.0 95.192699
82200.0 98.405295
82400.0 97.992493
82600.0 99.101792
82800.0 97.877682
83000.0 95.041407
83200.0 93.908264
83400.0 96.686131
83600.0 96.234402
83800.0 96.04364
84000.0 96.917582
84200.0 95.998799
84400.0 95.714865
84600.0 95.827349
84800.0 97.288934
85000.0 98.966324
85200.0 95.371309
85400.0 97.914827
85600.0 99.568668
85800.0 99.526515
86000.0 97.360552
86200.0 95.628968
86400.0 97.203724
86600.0 98.392386
86800.0 96.73814
87000.0 95.501499
87200.0 94.527959
87400.0 96.412959
87600.0 97.207014
87800.0 95.79026
88000.0 96.80993
88200.0 97.87955
88400.0 98.7446
88600.0 96.743411
88800.0 97.209634
89000.0 100.32142
89200.0 96.379019
89400.0 96.074435
89600.0 100.92777
89800.0 98.610005
90000.0 98.341935
90200.0 95.534533
90400.0 93.937713
90600.0 97.746083
90800.0 98.26838
91000.0 97.798043
91200.0 96.434624
91400.0 94.510874
91600.0 98.890969
91800.0 96.392785
92000.0 95.847497
92200.0 96.447044
92400.0 98.116142
92600.0 97.54088
92800.0 97.232813
93000.0 95.738375
93200.0 97.305055
93400.0 93.34766
93600.0 93.207577
93800.0 100.53799
94000.0 96.070893
94200.0 95.669163
94400.0 98.529741
94600.0 100.2022
94800.0 98.384522
95000.0 98.733496
95200.0 97.283645
95400.0 95.387559
95600.0 94.246917
95800.0 97.552172
96000.0 99.718936
96200.0 94.744884
96400.0 98.113641
96600.0 97.787815
96800.0 96.875376
97000.0 96.080618
97200.0 94.544145
97400.0 95.269907
97600.0 95.526653
97800.0 94.802338
98000.0 94.694962
98200.0 96.374595
98400.0 97.304578
98600.0 95.629084
98800.0 98.257303
99000.0 95.377913
99200.0 96.052868
99400.0 99.811167
99600.0 97.065997
99800.0 97.296511
100000.0 99.324524
