0.0 -3236.3598
200.0 -3200.2446
400.0 -3181.9402
600.0 -3174.1912
800.0 -3174.3145
1000.0 -3165.3336
1200.0 -3158.1935
1400.0 -3161.4514
1600.0 -3168.517
1800.0 -3135.9528
2000.0 -3148.1003
2200.0 -3165.5563
2400.0 -3150.3667
2600.0 -3157.8768
2800.0 -3171.8696
3000.0 -3170.3021
3200.0 -3135.1528
3400.0 -3135.418
3600.0 -3178.8425
3800.0 -3215.7986
4000.0 -3216.5789
4200.0 -3202.7465
4400.0 -3209.9302
4600.0 -3236.9351
4800.0 -3244.6284
5000.0 -3236.6324
5200.0 -3234.3884
5400.0 -3211.8912
5600.0 -3212.9033
5800.0 -3218.3486
6000.0 -3217.7581
6200.0 -3214.74
6400.0 -3202.4913
6600.0 -3177.3229
6800.0 -3156.1361
7000.0 -3160.074
7200.0 -3180.3322
7400.0 -3152.9718
7600.0 -3143.3832
7800.0 -3156.9394
8000.0 -3170.7601
8200.0 -3166.0586
8400.0 -3173.5165
8600.0 -3174.3728
8800.0 -3183.6353
9000.0 -3175.7829
9200.0 -3182.6761
9400.0 -3191.8105
9600.0 -3201.3753
9800.0 -3181.0897
10000.0 -3166.5099
10200.0 -3173.1964
10400.0 -3175.4204
10600.0 -3189.9308
10800.0 -3182.3453
11000.0 -3157.2066
11200.0 -3154.9765
11400.0 -3185.7441
11600.0 -3171.3928
11800.0 -3165.8247
12000.0 -3176.7809
12200.0 -3177.9004
12400.0 -3194.0061
12600.0 -3228.5943
12800.0 -3247.4415
13000.0 -3226.508
13200.0 -3239.0149
13400.0 -3231.1319
13600.0 -3231.4301
13800.0 -3208.8895
14000.0 -3224.6205
14200.0 -3238.6552
14400.0 -3222.6946
14600.0 -3200.2783
14800.0 -3200.8913
15000.0 -3194.7122
15200.0 -3177.57
15400.0 -3167.6842
15600.0 -3154.5281
15800.0 -3167.0145
16000.0 -3164.6799
16200.0 -3154.2837
16400.0 -3144.0258
16600.0 -3144.7875
16800.0 -3144.7588
17000.0 -3142.8851
17200.0 -3138.9871
17400.0 -3151.7905
17600.0 -3146.5239
17800.0 -3161.8368
18000.0 -3161.012
18200.0 -3181.1445
18400.0 -3187.017
18600.0 -3192.0732
18800.0 -3193.6894
19000.0 -3189.5477
19200.0 -3187.0995
19400.0 -3205.724
19600.0 -3191.3484
19800.0 -3187.4288
20000.0 -3181.4748
20200.0 -3181.7756
20400.0 -3165.8229
20600.0 -3186.883
20800.0 -3163.3799
21000.0 -3157.4201
21200.0 -3148.0471
21400.0 -3179.8864
21600.0 -3139.914
21800.0 -3131.3708
22000.0 -3143.8984
22200.0 -3157.523
22400.0 -3132.7368
22600.0 -3133.8321
22800.0 -3122.5043
23000.0 -3148.195
23200.0 -3120.4762
23400.0 -3125.4497
23600.0 -3125.7168
23800.0 -3131.6901
24000.0 -3151.757
24200.0 -3186.3565
24400.0 -3189.4075
24600.0 -3156.3609
24800.0 -3165.2649
25000.0 -3163.6643
25200.0 -3168.8758
25400.0 -3177.8204
25600.0 -3186.3474
25800.0 -3172.6905
26000.0 -3180.165
26200.0 -3163.5037
26400.0 -3173.712
26600.0 -3172.2629
26800.0 -3203.9555
27000.0 -3187.6806
27200.0 -3167.3768
27400.0 -3170.6288
27600.0 -3203.9782
27800.0 -3193.6996
28000.0 -3201.2759
28200.0 -3195.2784
28400.0 -3180.7833
28600.0 -3178.2662
28800.0 -3191.086
29000.0 -3195.0563
29200.0 -3184.4788
29400.0 -3196.5066
29600.0 -3206.4797
29800.0 -3215.3989
30000.0 -3212.5467
30200.0 -3211.2289
30400.0 -3176.8256
30600.0 -3159.6654
30800.0 -3159.9781
31000.0 -3160.1925
31200.0 -3156.6794
31400.0 -3141.4867
31600.0 -3164.9951
31800.0 -3174.2286
32000.0 -3165.414
32200.0 -3175.0381
32400.0 -3182.5106
32600.0 -3191.3282
32800.0 -3200.0438
33000.0 -3199.9709
33200.0 -3202.3092
33400.0 -3187.7921
33600.0 -3183.9656
33800.0 -3189.9287
34000.0 -3181.2278
34200.0 -3184.0643
34400.0 -3181.7751
34600.0 -3186.1454
34800.0 -3173.1421
35000.0 -3160.9275
35200.0 -3168.9891
35400.0 -3167.909
35600.0 -3157.7038
35800.0 -3143.7177
36000.0 -3151.8583
36200.0 -3178.2484
36400.0 -3173.862
36600.0 -3153.9821
36800.0 -3181.4952
37000.0 -3188.2632
37200.0 -3187.8813
37400.0 -3201.3629
37600.0 -3181.2976
37800.0 -3193.5604
38000.0 -3188.5284
38200.0 -3202.2917
38400.0 -3195.9667
38600.0 -3186.984
38800.0 -3156.8231
39000.0 -3150.0977
39200.0 -3150.6426
39400.0 -3159.4761
39600.0 -3180.2884
39800.0 -3172.6578
40000.0 -3162.3641
40200.0 -3141.4117
40400.0 -3171.1084
40600.0 -3165.1496
40800.0 -3139.0549
41000.0 -3126.2525
41200.0 -3148.0376
41400.0 -3166.5557
41600.0 -3167.1403
41800.0 -3165.9232
42000.0 -3152.1272
42200.0 -3139.0563
42400.0 -3165.9009
42600.0 -3163.0334
42800.0 -3147.3412
43000.0 -3153.2613
43200.0 -3162.5931
43400.0 -3173.5313
43600.0 -3157.6859
43800.0 -3136.2949
44000.0 -3155.6633
44200.0 -3181.2453
44400.0 -3157.8244
44600.0 -3161.5142
44800.0 -3199.562
45000.0 -3207.0407
45200.0 -3191.7062
45400.0 -3181.0497
45600.0 -3192.6368
45800.0 -3197.5593
46000.0 -3197.4687
46200.0 -3211.9551
46400.0 -3220.9332
46600.0 -3192.7335
46800.0 -3179.1409
47000.0 -3184.8933
47200.0 -3190.3193
47400.0 -3183.6113
47600.0 -3166.2043
47800.0 -3173.9928
48000.0 -3166.8681
48200.0 -3181.7711
48400.0 -3199.8205
48600.0 -3175.86
48800.0 -3183.8136
49000.0 -3176.5914
49200.0 -3194.8356
49400.0 -3179.1464
49600.0 -3156.3468
49800.0 -3144.2869
50000.0 -3134.1406
50200.0 -3134.0932
50400.0 -3124.3958
50600.0 -3139.5152
50800.0 -3131.0172
51000.0 -3129.2033
51200.0 -3153.1343
51400.0 -3156.766
51600.0 -3160.4871
51800.0 -3171.098
52000.0 -3185.1312
52200.0 -3202.0877
52400.0 -3204.1235
52600.0 -3221.5394
52800.0 -3235.5384
53000.0 -3215.9563
53200.0 -3201.1261
53400.0 -3206.7905
53600.0 -3221.4674
53800.0 -3201.3402
54000.0 -3187.5884
54200.0 -3166.994
54400.0 -3172.9134
54600.0 -3149.0999
54800.0 -3158.82
55000.0 -3161.4028
55200.0 -3166.699
55400.0 -3165.0774
55600.0 -3151.1111
55800.0 -3158.8238
56000.0 -3160.2678
56200.0 -3171.369
56400.0 -3129.5603
56600.0 -3122.7945
56800.0 -3118.3463
57000.0 -3111.2481
57200.0 -3096.7531
57400.0 -3131.0142
57600.0 -3145.2083
57800.0 -3137.4608
58000.0 -3137.8337
58200.0 -3148.3047
58400.0 -3147.3161
58600.0 -3156.8508
58800.0 -3176.3998
59000.0 -3181.654
59200.0 -3165.2743
59400.0 -3173.6305
59600.0 -3185.9006
59800.0 -3197.1971
60000.0 -3196.9254
60200.0 -3181.2837
60400.0 -3166.6831
60600.0 -3192.0641
60800.0 -3223.2421
61000.0 -3217.4939
61200.0 -3203.3088
61400.0 -3214.7859
61600.0 -3207.347
61800.0 -3193.1851
62000.0 -3183.2013
62200.0 -3180.4467
62400.0 -3170.2806
62600.0 -3180.5457
62800.0 -3172.1084
63000.0 -3162.5199
63200.0 -3161.7521
63400.0 -3179.475
63600.0 -3201.6545
63800.0 -3199.437
64000.0 -3219.0565
64200.0 -3203.4569
64400.0 -3195.858
64600.0 -3220.1978
64800.0 -3226.1368
65000.0 -3216.9367
65200.0 -3209.3186
65400.0 -3225.8603
65600.0 -3203.3716
65800.0 -3219.5043
66000.0 -3206.6228
66200.0 -3207.3631
66400.0 -3215.1028
66600.0 -3241.1608
66800.0 -3205.7464
67000.0 -3202.6117
67200.0 -3192.8394
67400.0 -3184.1319
67600.0 -3190.9792
67800.0 -3167.0982
68000.0 -3159.1348
68200.0 -3170.6987
68400.0 -3158.9881
68600.0 -3146.8797
68800.0 -3144.6384
69000.0 -3148.2647
69200.0 -3136.8772
69400.0 -3163.1762
69600.0 -3152.5142
69800.0 -3149.7914
70000.0 -3159.9311
70200.0 -3162.4867
70400.0 -3147.5732
70600.0 -3162.6837
70800.0 -3170.4497
71000.0 -3163.1034
71200.0 -3173.7601
71400.0 -3181.4977
71600.0 -3173.5457
71800.0 -3171.0092
72000.0 -3194.0687
72200.0 -3208.2993
72400.0 -3212.7421
72600.0 -3221.6801
72800.0 -3239.0481
73000.0 -3245.4637
73200.0 -3242.0561
73400.0 -3252.386
73600.0 -3236.4708
73800.0 -3265.2975
74000.0 -3263.5649
74200.0 -3223.0621
74400.0 -3219.6597
74600.0 -3233.2509
74800.0 -3197.4065
75000.0 -3183.3778
75200.0 -3174.3611
75400.0 -3170.0556
75600.0 -3144.96
75800.0 -3162.9825
76000.0 -3172.6086
76200.0 -3149.9689
76400.0 -3162.2595
76600.0 -3174.2322
76800.0 -3178.7767
77000.0 -3160.4209
77200.0 -3171.063
77400.0 -3173.9005
77600.0 -3178.3362
77800.0 -3194.0467
78000.0 -3173.085
78200.0 -3152.1584
78400.0 -3165.9
78600.0 -3194.1831
78800.0 -3177.5646
79000.0 -3185.9116
79200.0 -3152.416
79400.0 -3166.905
79600.0 -3182.3929
79800.0 -3193.2702
80000.0 -3186.9345
80200.0 -3200.3875
80400.0 -3205.2792
80600.0 -3202.7613
80800.0 -3219.6626
81000.0 -3243.6898
81200.0 -3241.5006
81400.0 -3240.977
81600.0 -3243.9332
81800.0 -3242.9951
82000.0 -3242.6719
82200.0 -3254.5534
82400.0 -3253.8796
82600.0 -3229.4171
82800.0 -3215.552
83000.0 -3222.8649
83200.0 -3209.0507
83400.0 -3198.7402
83600.0 -3180.5234
83800.0 -3201.2289
84000.0 -3202.1047
84200.0 -3185.6708
84400.0 -3191.0758
84600.0 -3193.9241
84800.0 -3192.7041
85000.0 -3194.2625
85200.0 -3205.7637
85400.0 -3183.1048
85600.0 -3164.8584
85800.0 -3173.4676
86000.0 -3168.8929
86200.0 -3188.0933
86400.0 -3189.393
86600.0 -3174.5053
86800.0 -3199.5601
87000.0 -3183.6673
87200.0 -3182.1873
87400.0 -3185.0038
87600.0 -3204.5473
87800.0 -3196.9746
88000.0 -3182.973
88200.0 -3163.8154
88400.0 -3193.6156
88600.0 -3180.9243
88800.0 -3200.6289
89000.0 -3181.6734
89200.0 -3185.479
89400.0 -3174.1393
89600.0 -3199.9299
89800.0 -3202.9038
90000.0 -3208.7118
90200.0 -3211.0899
90400.0 -3192.5385
90600.0 -3210.4641
90800.0 -3225.6745
91000.0 -3201.6582
91200.0 -3186.0229
91400.0 -3208.8565
91600.0 -3221.6032
91800.0 -3188.5145
92000.0 -3187.2192
92200.0 -3207.2642
92400.0 -3201.2926
92600.0 -3170.7744
92800.0 -3159.8148
93000.0 -3174.3344
93200.0 -3167.306
93400.0 -3153.39
93600.0 -3155.2066
93800.0 -3157.8907
94000.0 -3159.4592
94200.0 -3171.8445
94400.0 -3162.8317
94600.0 -3177.1885
94800.0 -3172.6679
95000.0 -3186.2088
95200.0 -3197.6507
95400.0 -3208.6927
95600.0 -3214.3425
95800.0 -3198.0762
96000.0 -3195.1207
96200.0 -3200.0074
96400.0 -3207.093
96600.0 -3219.4807
96800.0 -3214.1149
97000.0 -3192.1554
97200.0 -3179.9132
97400.0 -3159.8235
97600.0 -3188.7004
97800.0 -3178.7503
98000.0 -3171.5024
98200.0 -3166.0443
98400.0 -3189.8455
98600.0 -3199.1454
98800.0 -3184.9928
99000.0 -3204.7567
99200.0 -3201.86
99400.0 -3169.9291
99600.0 -3161.4767
99800.0 -3186.6954
100000.0 -3177.4948
