0.0 63.851414
200.0 63.197452
400.0 63.513928
600.0 63.579101
800.0 65.779066
1000.0 64.080161
1200.0 61.859019
1400.0 65.613976
1600.0 65.419241
1800.0 65.2337
2000.0 65.844391
2200.0 63.653084
2400.0 63.959097
2600.0 63.375174
2800.0 64.291255
3000.0 63.740936
3200.0 64.460552
3400.0 62.507337
3600.0 63.859458
3800.0 63.392112
4000.0 62.919144
4200.0 63.192382
4400.0 63.364874
4600.0 64.712281
4800.0 64.929683
5000.0 63.657088
5200.0 63.553879
5400.0 65.235554
5600.0 65.65025
5800.0 64.005215
6000.0 62.549156
6200.0 64.00108
6400.0 65.142286
6600.0 62.66567
6800.0 63.310834
7000.0 62.964636
7200.0 62.668248
7400.0 64.056971
7600.0 63.166659
7800.0 63.89674
8000.0 64.65028
8200.0 64.645128
8400.0 65.99576
8600.0 64.19992
8800.0 64.619314
9000.0 63.318724
9200.0 65.557996
9400.0 63.270352
9600.0 64.021675
9800.0 63.014471
10000.0 64.845482
10200.0 62.454587
10400.0 61.897121
10600.0 61.65455
10800.0 61.429478
11000.0 63.492098
11200.0 63.585322
11400.0 62.562852
11600.0 62.231245
11800.0 63.420744
12000.0 64.310296
12200.0 65.628898
12400.0 63.239011
12600.0 65.046597
12800.0 63.348522
13000.0 62.721388
13200.0 63.194978
13400.0 63.633588
13600.0 64.996606
13800.0 67.137047
14000.0 63.629208
14200.0 64.452018
14400.0 66.282087
14600.0 66.034535
14800.0 62.631801
15000.0 63.828723
15200.0 63.820868
15400.0 62.919498
15600.0 62.534614
15800.0 64.386278
16000.0 64.149214
16200.0 63.727716
16400.0 63.05374
16600.0 65.807186
16800.0 64.482839
17000.0 67.437241
17200.0 63.607117
17400.0 64.77121
17600.0 62.677606
17800.0 62.407475
18000.0 63.609957
18200.0 65.54157
18400.0 63.053281
18600.0 61.840806
18800.0 62.928491
19000.0 63.665727
19200.0 63.63587
19400.0 63.777246
19600.0 65.123267
19800.0 64.904766
20000.0 64.942581
20200.0 63.074173
20400.0 66.034785
20600.0 63.451107
20800.0 63.173556
21000.0 64.176765
21200.0 62.066938
21400.0 62.778636
21600.0 63.30864
21800.0 61.854967
22000.0 63.67385
22200.0 62.799113
22400.0 63.663044
22600.0 64.555317
22800.0 64.871579
23000.0 62.355113
23200.0 64.551803
23400.0 65.664012
23600.0 61.991754
23800.0 66.166783
24000.0 63.407014
24200.0 63.960783
24400.0 63.596219
24600.0 63.042681
24800.0 60.653783
25000.0 63.102511
25200.0 62.890476
25400.0 63.344724
25600.0 63.394311
25800.0 64.271094
26000.0 64.199675
26200.0 64.148179
26400.0 65.418575
26600.0 63.032343
26800.0 64.585371
27000.0 64.846037
27200.0 62.869573
27400.0 62.846948
27600.0 63.130807
27800.0 63.134209
28000.0 61.556537
28200.0 61.90031
28400.0 62.562877
28600.0 63.31178
28800.0 63.875066
29000.0 63.070738
29200.0 63.665253
29400.0 64.223293
29600.0 64.127411
29800.0 65.794867
30000.0 63.070264
30200.0 63.966837
30400.0 63.835003
30600.0 64.830656
30800.0 64.891439
31000.0 64.836824
31200.0 65.945022
31400.0 65.210154
31600.0 63.741304
31800.0 64.087224
32000.0 63.676698
32200.0 63.176875
32400.0 63.428862
32600.0 61.412736
32800.0 65.294911
33000.0 63.44871
33200.0 65.123453
33400.0 63.478466
33600.0 64.400823
33800.0 64.801213
34000.0 64.645587
34200.0 67.095941
34400.0 65.498801
34600.0 65.428558
34800.0 66.036156
35000.0 64.151917
35200.0 64.133061
35400.0 63.131205
35600.0 64.78843
35800.0 61.885772
36000.0 65.24454
36200.0 62.351533
36400.0 65.952051
36600.0 63.823222
36800.0 65.383644
37000.0 64.52671
37200.0 64.622267
37400.0 63.305855
37600.0 66.319988
37800.0 63.376839
38000.0 65.651142
38200.0 63.678021
38400.0 64.089264
38600.0 64.129578
38800.0 62.465988
39000.0 63.697821
39200.0 63.464235
39400.0 63.243977
39600.0 63.012563
39800.0 64.513396
40000.0 63.462878
40200.0 65.168441
40400.0 66.162841
40600.0 63.932606
40800.0 64.562172
41000.0 66.178283
41200.0 63.342131
41400.0 64.577833
41600.0 62.885463
41800.0 64.331669
42000.0 64.319154
42200.0 62.345804
42400.0 63.474448
42600.0 62.014709
42800.0 65.755915
43000.0 64.855634
43200.0 66.92273
43400.0 64.597346
43600.0 65.259505
43800.0 65.675587
44000.0 65.826636
44200.0 65.219539
44400.0 63.88263
44600.0 65.972495
44800.0 64.577996
45000.0 63.07991
45200.0 63.751395
45400.0 64.175079
45600.0 63.577997
45800.0 63.595193
46000.0 63.738754
46200.0 64.856888
46400.0 62.868604
46600.0 62.760067
46800.0 65.69485
47000.0 66.636663
47200.0 65.031694
47400.0 65.217114
47600.0 63.563568
47800.0 65.312386
48000.0 63.379192
48200.0 63.341703
48400.0 62.849681
48600.0 65.302203
48800.0 63.164429
49000.0 63.046806
49200.0 64.432024
49400.0 63.051644
49600.0 62.293864
49800.0 66.529581
50000.0 63.461546
50200.0 64.594199
50400.0 62.462167
50600.0 64.283402
50800.0 64.161417
51000.0 63.78224
51200.0 66.123915
51400.0 63.167102
51600.0 62.889384
51800.0 61.886828
52000.0 62.911324
52200.0 64.745132
52400.0 62.42037
52600.0 61.430268
52800.0 64.007346
53000.0 65.404771
53200.0 61.838128
53400.0 64.18605
53600.0 64.88789
53800.0 62.8292
54000.0 67.821195
54200.0 63.957078
54400.0 64.485073
54600.0 62.448676
54800.0 64.953996
55000.0 64.231828
55200.0 62.109378
55400.0 63.2676
55600.0 63.4632
55800.0 63.714151
56000.0 65.122175
56200.0 63.370948
56400.0 65.772769
56600.0 61.75456
56800.0 64.161156
57000.0 64.416423
57200.0 64.040995
57400.0 64.293496
57600.0 64.636709
57800.0 66.876917
58000.0 62.320649
58200.0 63.603645
58400.0 63.853509
58600.0 62.943559
58800.0 63.733948
59000.0 62.649296
59200.0 61.656036
59400.0 63.566689
59600.0 63.798969
59800.0 63.574994
60000.0 63.799631
60200.0 64.654275
60400.0 64.670171
60600.0 64.587176
60800.0 65.766918
61000.0 63.050111
61200.0 64.231812
61400.0 62.489774
61600.0 63.173491
61800.0 65.381312
62000.0 63.970961
62200.0 63.088021
62400.0 63.320732
62600.0 60.91354
62800.0 62.753579
63000.0 62.822806
63200.0 63.834409
63400.0 63.493035
63600.0 62.749111
63800.0 64.248368
64000.0 65.308343
64200.0 65.191671
64400.0 63.345289
64600.0 63.591332
64800.0 64.334289
65000.0 64.118626
65200.0 64.423589
65400.0 63.754049
65600.0 61.471751
65800.0 63.17527
66000.0 62.362799
66200.0 62.787663
66400.0 63.618071
66600.0 63.279471
66800.0 64.787176
67000.0 62.910411
67200.0 64.972254
67400.0 64.454835
67600.0 65.413432
67800.0 64.473875
68000.0 65.151528
68200.0 63.624522
68400.0 64.831413
68600.0 61.922767
68800.0 63.746719
69000.0 62.335056
69200.0 63.849197
69400.0 63.831208
69600.0 63.862052
69800.0 64.361621
70000.0 63.746585
70200.0 62.999116
70400.0 64.846492
70600.0 65.970371
70800.0 62.272602
71000.0 64.210453
71200.0 63.253076
71400.0 65.928523
71600.0 63.434794
71800.0 62.994462
72000.0 64.045726
72200.0 66.717095
72400.0 62.849442
72600.0 61.42128
72800.0 66.363234
73000.0 62.98073
73200.0 64.800953
73400.0 63.568289
73600.0 62.299336
73800.0 63.734308
74000.0 63.688554
74200.0 63.287445
74400.0 66.224467
74600.0 64.728361
74800.0 64.986165
75000.0 64.804162
75200.0 64.267006
75400.0 63.583509
75600.0 62.800967
75800.0 62.998299
76000.0 63.913768
76200.0 62.924522
76400.0 62.216638
76600.0 63.841059
76800.0 63.977273
77000.0 62.384744
77200.0 63.42794
77400.0 63.944132
77600.0 64.358036
77800.0 63.554807
78000.0 64.501878
78200.0 65.413959
78400.0 63.100649
78600.0 63.634414
78800.0 63.352983
79000.0 64.037591
79200.0 63.752735
79400.0 64.141126
79600.0 62.880909
79800.0 63.830131
80000.0 62.877592
80200.0 62.992637
80400.0 62.368844
80600.0 64.281656
80800.0 64.553515
81000.0 62.927015
81200.0 64.368281
81400.0 65.694049
81600.0 64.954983
81800.0 63.916056
82000.0 63.550208
82200.0 65.780035
82400.0 64.452658
82600.0 62.319653
82800.0 64.213696
83000.0 63.061262
83200.0 65.032197
83400.0 63.282171
83600.0 64.471004
83800.0 63.125018
84000.0 63.316286
84200.0 63.822677
84400.0 63.783329
84600.0 64.869837
84800.0 63.725154
85000.0 64.897467
85200.0 64.897602
85400.0 65.943827
85600.0 65.106647
85800.0 64.200696
86000.0 63.556173
86200.0 63.751169
86400.0 64.926704
86600.0 63.458891
86800.0 63.026168
87000.0 63.244277
87200.0 64.029632
87400.0 62.47364
87600.0 64.115858
87800.0 63.68016
88000.0 64.272214
88200.0 63.328529
88400.0 65.754376
88600.0 64.127885
88800.0 65.043099
89000.0 64.893853
89200.0 64.004442
89400.0 64.280732
89600.0 65.589459
89800.0 63.897431
90000.0 63.991054
90200.0 62.803823
90400.0 62.824528
90600.0 63.546384
90800.0 62.945361
91000.0 66.258503
91200.0 62.143627
91400.0 62.50343
91600.0 63.792798
91800.0 63.631022
92000.0 65.184832
92200.0 64.56861
92400.0 64.18512
92600.0 64.15691
92800.0 64.325018
93000.0 61.932766
93200.0 65.237082
93400.0 63.642915
93600.0 64.795633
93800.0 62.82465
94000.0 65.275967
94200.0 64.595811
94400.0 64.990555
94600.0 65.771827
94800.0 64.543758
95000.0 65.192429
95200.0 65.174595
95400.0 63.596223
95600.0 63.777508
95800.0 63.842119
96000.0 63.008783
96200.0 63.849179
96400.0 64.64847
96600.0 62.111426
96800.0 64.4483
97000.0 62.613155
97200.0 63.650624
97400.0 66.51188
97600.0 65.411037
97800.0 65.627061
98000.0 64.511972
98200.0 63.90235
98400.0 64.522894
98600.0 65.766341
98800.0 62.561387
99000.0 63.34374
99200.0 63.982453
99400.0 64.153136
99600.0 63.184159
99800.0 63.339315
100000.0 64.456377
