0.0 190.76854
200.0 188.47867
400.0 190.7314
600.0 198.06602
800.0 201.67493
1000.0 202.42841
1200.0 202.40635
1400.0 201.25254
1600.0 199.58577
1800.0 198.54048
2000.0 198.78484
2200.0 200.23415
2400.0 202.65122
2600.0 204.87515
2800.0 205.92294
3000.0 205.62567
3200.0 203.80812
3400.0 201.15133
3600.0 199.99045
3800.0 200.71729
4000.0 201.78813
4200.0 201.92141
4400.0 201.43754
4600.0 199.88075
4800.0 198.06577
5000.0 196.70151
5200.0 197.46261
5400.0 201.14906
5600.0 203.71276
5800.0 203.58757
6000.0 202.76678
6200.0 201.40594
6400.0 201.16008
6600.0 200.71995
6800.0 200.61123
7000.0 200.51301
7200.0 200.24792
7400.0 198.8361
7600.0 197.79669
7800.0 196.65889
8000.0 196.41719
8200.0 197.36135
8400.0 199.49149
8600.0 203.14841
8800.0 206.29611
9000.0 206.81855
9200.0 204.95585
9400.0 201.62299
9600.0 198.2675
9800.0 195.89681
10000.0 195.13004
10200.0 196.08652
10400.0 200.57808
10600.0 205.83755
10800.0 208.47213
11000.0 207.87685
11200.0 204.50204
11400.0 200.14285
11600.0 197.06374
11800.0 196.31103
12000.0 197.52149
12200.0 199.73897
12400.0 202.89564
12600.0 204.72878
12800.0 205.05528
13000.0 203.8831
13200.0 201.83033
13400.0 199.86403
13600.0 198.71968
13800.0 198.58716
14000.0 198.72609
14200.0 199.53944
14400.0 200.95802
14600.0 202.41247
14800.0 203.69031
15000.0 204.24968
15200.0 203.74781
15400.0 202.04334
15600.0 199.0423
15800.0 196.06182
16000.0 195.42692
16200.0 196.95923
16400.0 200.13382
16600.0 203.5296
16800.0 206.3022
17000.0 207.70307
17200.0 206.99987
17400.0 204.18122
17600.0 199.9287
17800.0 196.28387
18000.0 194.91967
18200.0 195.65911
18400.0 198.77099
18600.0 203.03441
18800.0 205.73061
19000.0 206.16545
19200.0 204.80139
19400.0 202.07305
19600.0 199.76548
19800.0 198.1553
20000.0 198.18225
20200.0 199.03473
20400.0 200.66328
20600.0 202.48834
20800.0 203.73628
21000.0 204.2422
21200.0 203.32467
21400.0 201.69802
21600.0 199.79808
21800.0 198.65888
22000.0 198.15226
22200.0 198.01284
22400.0 198.05736
22600.0 198.58566
22800.0 199.45915
23000.0 200.91847
23200.0 202.26087
23400.0 203.10562
23600.0 203.4683
23800.0 202.76169
24000.0 201.32313
24200.0 198.70053
24400.0 195.58704
24600.0 194.42504
24800.0 196.55579
25000.0 199.82767
25200.0 203.05321
25400.0 204.97597
25600.0 205.43439
25800.0 203.88908
26000.0 200.28246
26200.0 196.0434
26400.0 193.79573
26600.0 194.30673
26800.0 197.90553
27000.0 202.45994
27200.0 205.3097
27400.0 205.82347
27600.0 204.48192
27800.0 201.84051
28000.0 198.97711
28200.0 196.97982
28400.0 196.76768
28600.0 198.44524
28800.0 201.98535
29000.0 206.58125
29200.0 210.30195
29400.0 210.56411
29600.0 205.52884
29800.0 196.57411
30000.0 193.336
30200.0 193.76647
30400.0 197.11437
30600.0 201.83283
30800.0 206.10491
31000.0 207.78839
31200.0 206.42219
31400.0 202.87321
31600.0 199.19726
31800.0 196.90292
32000.0 196.68354
32200.0 198.14817
32400.0 200.70514
32600.0 203.36192
32800.0 204.88927
33000.0 204.5254
33200.0 202.30006
33400.0 197.11187
33600.0 191.13298
33800.0 189.36842
34000.0 191.97563
34200.0 197.30596
34400.0 202.14025
34600.0 204.67715
34800.0 204.74087
35000.0 202.7314
35200.0 199.69777
35400.0 196.38886
35600.0 195.09257
35800.0 196.26271
36000.0 199.90846
36200.0 203.70629
36400.0 204.83808
36600.0 204.12903
36800.0 202.23387
37000.0 200.4453
37200.0 199.28513
37400.0 199.10676
37600.0 200.20985
37800.0 202.33073
38000.0 204.58927
38200.0 206.11139
38400.0 204.64302
38600.0 201.11395
38800.0 197.9178
39000.0 196.39587
39200.0 196.19645
39400.0 197.088
39600.0 199.01514
39800.0 200.86079
40000.0 201.71976
40200.0 201.41511
40400.0 200.74819
40600.0 200.23361
40800.0 200.67394
41000.0 201.08614
41200.0 202.69562
41400.0 203.85725
41600.0 204.35432
41800.0 201.53197
42000.0 197.51282
42200.0 196.52361
42400.0 197.5524
42600.0 199.09701
42800.0 200.8363
43000.0 202.24241
43200.0 202.83414
43400.0 202.60678
43600.0 201.90735
43800.0 201.65649
44000.0 202.46921
44200.0 204.3835
44400.0 206.11436
44600.0 206.72284
44800.0 205.59097
45000.0 202.73949
45200.0 199.07963
45400.0 196.74734
45600.0 197.35794
45800.0 199.25213
46000.0 201.30757
46200.0 202.84146
46400.0 203.331
46600.0 202.34684
46800.0 200.57057
47000.0 199.1383
47200.0 198.19494
47400.0 198.22208
47600.0 200.14649
47800.0 205.67623
48000.0 210.92214
48200.0 210.36765
48400.0 206.96552
48600.0 202.96393
48800.0 199.84306
49000.0 198.32923
49200.0 198.25874
49400.0 199.69798
49600.0 201.49117
49800.0 203.27225
50000.0 204.044
50200.0 203.09945
50400.0 199.91469
50600.0 196.26348
50800.0 194.33307
51000.0 194.80145
51200.0 197.67722
51400.0 202.00485
51600.0 205.07628
51800.0 205.6402
52000.0 204.00895
52200.0 201.11761
52400.0 198.17292
52600.0 196.01647
52800.0 196.20681
53000.0 198.3378
53200.0 201.22945
53400.0 203.59795
53600.0 205.33104
53800.0 205.7231
54000.0 204.87852
54200.0 203.14434
54400.0 201.43072
54600.0 200.42058
54800.0 199.86738
55000.0 199.63627
55200.0 199.86465
55400.0 200.17645
55600.0 200.88154
55800.0 202.10153
56000.0 204.08671
56200.0 206.74944
56400.0 208.13879
56600.0 206.82487
56800.0 203.94317
57000.0 200.15274
57200.0 197.18061
57400.0 196.35059
57600.0 197.25047
57800.0 199.6824
58000.0 202.9752
58200.0 206.8351
58400.0 211.57063
58600.0 213.13092
58800.0 209.79448
59000.0 203.56884
59200.0 198.87913
59400.0 197.36541
59600.0 198.38602
59800.0 200.5891
60000.0 203.11483
60200.0 205.04493
60400.0 204.98603
60600.0 202.46557
60800.0 198.50176
61000.0 196.10454
61200.0 195.76408
61400.0 197.27337
61600.0 199.36245
61800.0 201.23098
62000.0 202.12962
62200.0 201.86677
62400.0 200.67616
62600.0 198.66953
62800.0 196.28532
63000.0 196.0503
63200.0 197.65614
63400.0 200.02423
63600.0 202.06693
63800.0 204.00648
64000.0 205.19323
64200.0 204.69053
64400.0 202.99217
64600.0 200.64456
64800.0 199.175
65000.0 198.75911
65200.0 199.22362
65400.0 200.12061
65600.0 200.97962
65800.0 202.03952
66000.0 202.80348
66200.0 204.12474
66400.0 205.45242
66600.0 205.65988
66800.0 204.7037
67000.0 203.26619
67200.0 201.24788
67400.0 199.79486
67600.0 198.03361
67800.0 197.11488
68000.0 196.64825
68200.0 197.38454
68400.0 198.73593
68600.0 201.68513
68800.0 205.21674
69000.0 207.69411
69200.0 207.49261
69400.0 204.42649
69600.0 199.3948
69800.0 195.60116
70000.0 194.55922
70200.0 196.18022
70400.0 199.21096
70600.0 202.41986
70800.0 204.43411
71000.0 204.91369
71200.0 203.97021
71400.0 202.35525
71600.0 200.10515
71800.0 198.75247
72000.0 197.77595
72200.0 197.82026
72400.0 198.38799
72600.0 199.7201
72800.0 200.73735
73000.0 200.94804
73200.0 201.07561
73400.0 201.0772
73600.0 201.86828
73800.0 202.47829
74000.0 203.21742
74200.0 203.18455
74400.0 201.5221
74600.0 199.04974
74800.0 197.4779
75000.0 197.14838
75200.0 197.9194
75400.0 198.89066
75600.0 199.60401
75800.0 199.78602
76000.0 199.04665
76200.0 198.50582
76400.0 198.12071
76600.0 198.36768
76800.0 199.49321
77000.0 200.77277
77200.0 201.90698
77400.0 202.90412
77600.0 203.27499
77800.0 203.16254
78000.0 202.49683
78200.0 201.4104
78400.0 200.26514
78600.0 199.36368
78800.0 198.98931
79000.0 198.7063
79200.0 198.32239
79400.0 198.09388
79600.0 198.18712
79800.0 199.42814
80000.0 201.1864
80200.0 202.16606
80400.0 203.03139
80600.0 202.56878
80800.0 201.1129
81000.0 199.94108
81200.0 199.77988
81400.0 200.99365
81600.0 203.65409
81800.0 206.26877
82000.0 207.75841
82200.0 206.66767
82400.0 202.95882
82600.0 199.67507
82800.0 199.21072
83000.0 200.31754
83200.0 201.43323
83400.0 202.10188
83600.0 201.67862
83800.0 200.4766
84000.0 198.74065
84200.0 196.94808
84400.0 196.30662
84600.0 197.48603
84800.0 201.03041
85000.0 204.27083
85200.0 205.0879
85400.0 204.29036
85600.0 201.97976
85800.0 199.41874
86000.0 198.00509
86200.0 198.1918
86400.0 200.61989
86600.0 205.33454
86800.0 210.26432
87000.0 211.75366
87200.0 208.53504
87400.0 203.49802
87600.0 200.11242
87800.0 198.32978
88000.0 197.96009
88200.0 198.7357
88400.0 200.54075
88600.0 203.15301
88800.0 205.01351
89000.0 205.73178
89200.0 204.16369
89400.0 200.33079
89600.0 195.68205
89800.0 193.6618
90000.0 194.6298
90200.0 198.08366
90400.0 202.16497
90600.0 204.96993
90800.0 205.21486
91000.0 204.02429
91200.0 201.51609
91400.0 198.6985
91600.0 196.74776
91800.0 196.59182
92000.0 197.92112
92200.0 200.97114
92400.0 203.37732
92600.0 203.87285
92800.0 203.60398
93000.0 202.64672
93200.0 201.83666
93400.0 201.11541
93600.0 200.70284
93800.0 200.62546
94000.0 200.5903
94200.0 200.0848
94400.0 198.04296
94600.0 195.50597
94800.0 194.21524
95000.0 194.99621
95200.0 197.31126
95400.0 200.43488
95600.0 202.63369
95800.0 202.42244
96000.0 200.14317
96200.0 198.21453
96400.0 197.91616
96600.0 198.94075
96800.0 200.9902
97000.0 203.17968
97200.0 204.51682
97400.0 204.84471
97600.0 203.72923
97800.0 200.87129
98000.0 196.855
98200.0 195.36029
98400.0 195.8367
98600.0 198.19009
98800.0 200.74339
99000.0 202.19397
99200.0 202.36835
99400.0 201.68541
99600.0 200.21988
99800.0 198.41772
100000.0 197.17428
