0.0 -5203.8541
200.0 -5194.2513
400.0 -5201.4863
600.0 -5191.8925
800.0 -5197.9454
1000.0 -5198.342
1200.0 -5191.7845
1400.0 -5192.5983
1600.0 -5192.3554
1800.0 -5182.8992
2000.0 -5195.9578
2200.0 -5198.7168
2400.0 -5203.52
2600.0 -5198.8559
2800.0 -5207.5296
3000.0 -5202.2408
3200.0 -5200.032
3400.0 -5194.9559
3600.0 -5201.7238
3800.0 -5194.1267
4000.0 -5194.3673
4200.0 -5199.4987
4400.0 -5192.3929
4600.0 -5192.4228
4800.0 -5196.6521
5000.0 -5192.8357
5200.0 -5202.253
5400.0 -5191.5438
5600.0 -5197.5222
5800.0 -5202.6953
6000.0 -5208.8484
6200.0 -5198.1408
6400.0 -5204.1986
6600.0 -5212.4959
6800.0 -5196.6125
7000.0 -5197.471
7200.0 -5187.4171
7400.0 -5190.9219
7600.0 -5197.191
7800.0 -5194.9034
8000.0 -5187.869
8200.0 -5195.78
8400.0 -5195.5919
8600.0 -5196.2552
8800.0 -5198.7468
9000.0 -5197.4963
9200.0 -5195.7138
9400.0 -5204.8942
9600.0 -5203.5203
9800.0 -5207.5175
10000.0 -5202.1152
10200.0 -5204.268
10400.0 -5206.5433
10600.0 -5199.1925
10800.0 -5200.4131
11000.0 -5197.1906
11200.0 -5193.4334
11400.0 -5187.0354
11600.0 -5194.0248
11800.0 -5192.6111
12000.0 -5193.1663
12200.0 -5191.3047
12400.0 -5198.3649
12600.0 -5197.1936
12800.0 -5203.8545
13000.0 -5203.3859
13200.0 -5202.3867
13400.0 -5212.3382
13600.0 -5196.2119
13800.0 -5197.8531
14000.0 -5202.894
14200.0 -5193.5624
14400.0 -5193.7534
14600.0 -5186.7056
14800.0 -5195.4071
15000.0 -5198.9702
15200.0 -5193.4601
15400.0 -5188.5332
15600.0 -5197.0534
15800.0 -5198.9698
16000.0 -5197.2994
16200.0 -5194.2546
16400.0 -5195.1191
16600.0 -5194.4194
16800.0 -5198.1792
17000.0 -5195.9486
17200.0 -5198.7671
17400.0 -5195.2423
17600.0 -5197.1994
17800.0 -5200.0909
18000.0 -5197.0631
18200.0 -5209.897
18400.0 -5209.3729
18600.0 -5197.5161
18800.0 -5206.1555
19000.0 -5208.1625
19200.0 -5196.9478
19400.0 -5198.2052
19600.0 -5193.0631
19800.0 -5190.2847
20000.0 -5191.6312
20200.0 -5197.5445
20400.0 -5194.5578
20600.0 -5186.6622
20800.0 -5202.2382
21000.0 -5191.3293
21200.0 -5198.3972
21400.0 -5199.932
21600.0 -5204.4478
21800.0 -5205.8819
22000.0 -5210.4253
22200.0 -5209.1541
22400.0 -5201.2872
22600.0 -5199.8845
22800.0 -5211.6469
23000.0 -5195.0315
23200.0 -5202.1375
23400.0 -5196.2853
23600.0 -5190.8568
23800.0 -5197.7613
24000.0 -5194.3626
24200.0 -5194.7791
24400.0 -5187.8495
24600.0 -5190.8925
24800.0 -5194.1399
25000.0 -5205.4383
25200.0 -5195.4435
25400.0 -5204.2674
25600.0 -5202.4067
25800.0 -5207.9635
26000.0 -5198.0033
26200.0 -5201.4377
26400.0 -5192.3814
26600.0 -5201.3138
26800.0 -5189.4316
27000.0 -5203.2794
27200.0 -5187.1357
27400.0 -5198.5403
27600.0 -5192.9314
27800.0 -5197.4565
28000.0 -5195.0795
28200.0 -5196.7307
28400.0 -5204.5191
28600.0 -5203.4863
28800.0 -5206.2921
29000.0 -5207.2959
29200.0 -5199.9403
29400.0 -5215.1461
29600.0 -5203.5499
29800.0 -5186.5038
30000.0 -5201.5498
30200.0 -5192.127
30400.0 -5203.0007
30600.0 -5191.8058
30800.0 -5192.2229
31000.0 -5196.0242
31200.0 -5200.5292
31400.0 -5193.5852
31600.0 -5195.9251
31800.0 -5194.1129
32000.0 -5207.4172
32200.0 -5197.3313
32400.0 -5203.8121
32600.0 -5202.8337
32800.0 -5207.7453
33000.0 -5202.4816
33200.0 -5199.456
33400.0 -5200.789
33600.0 -5186.5065
33800.0 -5193.6766
34000.0 -5196.3404
34200.0 -5185.0537
34400.0 -5193.1119
34600.0 -5194.5638
34800.0 -5189.0512
35000.0 -5202.3148
35200.0 -5201.2222
35400.0 -5201.6085
35600.0 -5199.2598
35800.0 -5210.4685
36000.0 -5207.2661
36200.0 -5197.9334
36400.0 -5196.6196
36600.0 -5197.2714
36800.0 -5197.5377
37000.0 -5191.2105
37200.0 -5195.2608
37400.0 -5195.1864
37600.0 -5194.6787
37800.0 -5196.015
38000.0 -5195.428
38200.0 -5196.0833
38400.0 -5201.8839
38600.0 -5200.7728
38800.0 -5202.0654
39000.0 -5211.0555
39200.0 -5202.9745
39400.0 -5209.2279
39600.0 -5204.68
39800.0 -5200.8739
40000.0 -5191.7238
40200.0 -5197.7922
40400.0 -5186.3617
40600.0 -5196.0577
40800.0 -5189.6022
41000.0 -5198.9981
41200.0 -5189.9692
41400.0 -5194.6898
41600.0 -5193.4295
41800.0 -5200.6408
42000.0 -5205.339
42200.0 -5198.6415
42400.0 -5205.8992
42600.0 -5206.7777
42800.0 -5200.4481
43000.0 -5197.8385
43200.0 -5199.695
43400.0 -5203.7168
43600.0 -5197.1585
43800.0 -5197.1868
44000.0 -5198.0714
44200.0 -5192.5455
44400.0 -5196.4776
44600.0 -5193.9853
44800.0 -5189.7198
45000.0 -5195.4056
45200.0 -5185.7951
45400.0 -5191.6183
45600.0 -5193.8339
45800.0 -5191.6653
46000.0 -5197.0776
46200.0 -5198.5758
46400.0 -5197.8177
46600.0 -5203.864
46800.0 -5200.2394
47000.0 -5204.3488
47200.0 -5192.5467
47400.0 -5206.4373
47600.0 -5190.8495
47800.0 -5184.6699
48000.0 -5193.3268
48200.0 -5191.4588
48400.0 -5190.1677
48600.0 -5189.068
48800.0 -5190.7117
49000.0 -5194.7485
49200.0 -5198.3634
49400.0 -5197.1453
49600.0 -5197.6365
49800.0 -5196.5962
50000.0 -5198.0429
50200.0 -5202.8171
50400.0 -5196.8394
50600.0 -5194.9712
50800.0 -5203.4162
51000.0 -5193.5305
51200.0 -5195.7307
51400.0 -5200.1879
51600.0 -5192.3475
51800.0 -5195.5547
52000.0 -5195.2652
52200.0 -5194.5493
52400.0 -5191.5781
52600.0 -5189.122
52800.0 -5199.5396
53000.0 -5184.1488
53200.0 -5194.5354
53400.0 -5191.0958
53600.0 -5198.2027
53800.0 -5200.9707
54000.0 -5195.5434
54200.0 -5204.9322
54400.0 -5202.1342
54600.0 -5194.5687
54800.0 -5208.88
55000.0 -5194.7704
55200.0 -5192.5451
55400.0 -5191.6411
55600.0 -5192.4732
55800.0 -5192.2978
56000.0 -5190.8287
56200.0 -5191.7104
56400.0 -5184.8819
56600.0 -5195.4399
56800.0 -5197.3997
57000.0 -5197.7326
57200.0 -5198.7207
57400.0 -5200.5331
57600.0 -5203.438
57800.0 -5192.5996
58000.0 -5210.8478
58200.0 -5193.9586
58400.0 -5194.3702
58600.0 -5197.366
58800.0 -5190.1563
59000.0 -5186.7798
59200.0 -5189.0737
59400.0 -5196.0056
59600.0 -5187.6603
59800.0 -5195.7008
60000.0 -5193.4606
60200.0 -5193.3437
60400.0 -5206.8693
60600.0 -5195.6093
60800.0 -5201.124
61000.0 -5199.7958
61200.0 -5203.8386
61400.0 -5201.0059
61600.0 -5199.9374
61800.0 -5198.8608
62000.0 -5194.6907
62200.0 -5198.6183
62400.0 -5188.5113
62600.0 -5189.3369
62800.0 -5192.955
63000.0 -5197.6503
63200.0 -5189.0194
63400.0 -5198.378
63600.0 -5191.9293
63800.0 -5209.0961
64000.0 -5205.225
64200.0 -5196.6518
64400.0 -5202.5961
64600.0 -5198.6287
64800.0 -5201.5834
65000.0 -5201.7935
65200.0 -5191.793
65400.0 -5195.6537
65600.0 -5197.7374
65800.0 -5194.26
66000.0 -5194.98
66200.0 -5197.9581
66400.0 -5189.1596
66600.0 -5191.565
66800.0 -5200.2488
67000.0 -5194.8853
67200.0 -5193.6956
67400.0 -5202.7727
67600.0 -5205.8458
67800.0 -5205.0123
68000.0 -5205.4333
68200.0 -5202.9906
68400.0 -5205.7204
68600.0 -5195.3269
68800.0 -5200.68
69000.0 -5194.1087
69200.0 -5190.0548
69400.0 -5196.7316
69600.0 -5187.8582
69800.0 -5197.8402
70000.0 -5192.6049
70200.0 -5194.6318
70400.0 -5203.2181
70600.0 -5198.3453
70800.0 -5205.742
71000.0 -5209.3478
71200.0 -5202.5041
71400.0 -5202.4043
71600.0 -5198.0603
71800.0 -5201.9634
72000.0 -5195.7453
72200.0 -5196.2495
72400.0 -5195.5232
72600.0 -5197.452
72800.0 -5191.3648
73000.0 -5193.1661
73200.0 -5193.5395
73400.0 -5205.3448
73600.0 -5184.4957
73800.0 -5197.8625
74000.0 -5201.8018
74200.0 -5202.6608
74400.0 -5209.3772
74600.0 -5199.3708
74800.0 -5212.4654
75000.0 -5192.4543
75200.0 -5199.0093
75400.0 -5200.9345
75600.0 -5195.9916
75800.0 -5189.079
76000.0 -5199.5447
76200.0 -5195.4821
76400.0 -5193.1113
76600.0 -5191.8848
76800.0 -5197.5922
77000.0 -5199.8517
77200.0 -5194.0324
77400.0 -5196.748
77600.0 -5207.6171
77800.0 -5207.249
78000.0 -5197.8823
78200.0 -5205.4619
78400.0 -5213.0039
78600.0 -5199.6392
78800.0 -5185.2886
79000.0 -5198.9959
79200.0 -5193.4866
79400.0 -5191.1992
79600.0 -5191.6815
79800.0 -5193.6274
80000.0 -5191.9292
80200.0 -5196.9014
80400.0 -5199.7659
80600.0 -5195.6538
80800.0 -5208.2604
81000.0 -5199.7758
81200.0 -5205.7725
81400.0 -5208.4789
81600.0 -5203.5088
81800.0 -5198.1005
82000.0 -5202.8741
82200.0 -5198.2978
82400.0 -5197.9393
82600.0 -5189.955
82800.0 -5188.3281
83000.0 -5194.8007
83200.0 -5193.093
83400.0 -5187.2452
83600.0 -5196.7523
83800.0 -5190.9744
84000.0 -5202.2778
84200.0 -5193.9429
84400.0 -5208.8083
84600.0 -5205.8172
84800.0 -5198.594
85000.0 -5200.6923
85200.0 -5198.8395
85400.0 -5198.5529
85600.0 -5198.8234
85800.0 -5198.3293
86000.0 -5192.9671
86200.0 -5199.0832
86400.0 -5195.2576
86600.0 -5192.709
86800.0 -5195.4684
87000.0 -5197.6696
87200.0 -5192.7089
87400.0 -5188.8172
87600.0 -5196.5186
87800.0 -5186.9806
88000.0 -5196.1242
88200.0 -5193.7283
88400.0 -5193.7375
88600.0 -5202.4371
88800.0 -5198.7914
89000.0 -5195.7761
89200.0 -5201.2364
89400.0 -5203.3461
89600.0 -5196.3725
89800.0 -5200.9675
90000.0 -5195.5661
90200.0 -5190.7659
90400.0 -5194.6933
90600.0 -5193.7264
90800.0 -5190.4638
91000.0 -5194.2497
91200.0 -5190.0808
91400.0 -5190.5442
91600.0 -5196.8596
91800.0 -5194.9914
92000.0 -5194.0264
92200.0 -5198.1451
92400.0 -5195.8764
92600.0 -5205.5031
92800.0 -5201.0471
93000.0 -5203.6806
93200.0 -5194.9119
93400.0 -5199.3513
93600.0 -5206.8138
93800.0 -5197.3886
94000.0 -5195.6868
94200.0 -5188.454
94400.0 -5194.833
94600.0 -5190.7803
94800.0 -5195.7781
95000.0 -5189.1131
95200.0 -5199.4464
95400.0 -5201.3032
95600.0 -5198.7314
95800.0 -5207.8999
96000.0 -5205.4051
96200.0 -5199.2534
96400.0 -5202.989
96600.0 -5195.6284
96800.0 -5201.1808
97000.0 -5194.1677
97200.0 -5192.4401
97400.0 -5191.0023
97600.0 -5197.3864
97800.0 -5194.1164
98000.0 -5192.2071
98200.0 -5192.948
98400.0 -5201.5098
98600.0 -5198.9995
98800.0 -5209.0189
99000.0 -5203.0914
99200.0 -5205.1907
99400.0 -5202.5702
99600.0 -5194.4218
99800.0 -5203.3045
100000.0 -5195.5112
