0.0 786.1999
200.0 809.88076
400.0 804.08284
600.0 796.94054
800.0 771.07642
1000.0 772.28646
1200.0 786.47748
1400.0 774.37947
1600.0 797.63045
1800.0 798.05205
2000.0 810.80423
2200.0 791.00134
2400.0 785.26239
2600.0 800.20836
2800.0 778.83816
3000.0 777.29087
3200.0 785.14194
3400.0 785.25355
3600.0 784.53184
3800.0 778.77551
4000.0 791.17114
4200.0 794.4054
4400.0 789.56515
4600.0 764.56595
4800.0 777.74574
5000.0 783.17568
5200.0 788.71707
5400.0 788.43534
5600.0 782.22706
5800.0 781.5574
6000.0 762.0934
6200.0 753.78016
6400.0 784.88774
6600.0 792.50616
6800.0 794.45734
7000.0 789.52071
7200.0 778.19493
7400.0 802.08392
7600.0 784.64126
7800.0 782.60155
8000.0 790.17409
8200.0 800.03445
8400.0 793.94568
8600.0 798.43732
8800.0 804.68831
9000.0 802.50982
9200.0 800.63079
9400.0 790.04232
9600.0 775.00401
9800.0 772.87516
10000.0 777.6152
10200.0 783.19163
10400.0 765.53969
10600.0 780.59803
10800.0 803.99671
11000.0 804.41727
11200.0 780.82841
11400.0 803.57804
11600.0 781.25084
11800.0 784.99158
12000.0 780.06524
12200.0 761.79129
12400.0 784.541
12600.0 794.24371
12800.0 771.70099
13000.0 805.38245
13200.0 784.05737
13400.0 776.30049
13600.0 783.11894
13800.0 801.28065
14000.0 799.02598
14200.0 805.55599
14400.0 800.19509
14600.0 808.71585
14800.0 802.76533
15000.0 770.57195
15200.0 764.07026
15400.0 804.85225
15600.0 817.25805
15800.0 800.86089
16000.0 789.58465
16200.0 780.09854
16400.0 771.2987
16600.0 772.51621
16800.0 775.99912
17000.0 798.09934
17200.0 780.62416
17400.0 766.18989
17600.0 794.71205
17800.0 799.8631
18000.0 792.09046
18200.0 770.00176
18400.0 794.62793
18600.0 797.91777
18800.0 799.54722
19000.0 786.28046
19200.0 782.8699
19400.0 770.6661
19600.0 784.0433
19800.0 781.84721
20000.0 766.28187
20200.0 772.87067
20400.0 774.10976
20600.0 761.00057
20800.0 796.80991
21000.0 782.48478
21200.0 773.25662
21400.0 758.33435
21600.0 771.4942
21800.0 780.39783
22000.0 787.5596
22200.0 776.38099
22400.0 802.49428
22600.0 799.73681
22800.0 801.01629
23000.0 764.90023
23200.0 770.4973
23400.0 793.77171
23600.0 793.38026
23800.0 785.33839
24000.0 815.15524
24200.0 806.01522
24400.0 790.43034
24600.0 782.68542
24800.0 739.36174
25000.0 759.94298
25200.0 793.40583
25400.0 799.28319
25600.0 805.49248
25800.0 787.22938
26000.0 773.45814
26200.0 794.42067
26400.0 781.51721
26600.0 783.83999
26800.0 818.58378
27000.0 812.57914
27200.0 805.26625
27400.0 770.23565
27600.0 785.65861
27800.0 795.29287
28000.0 769.81417
28200.0 795.82962
28400.0 793.27523
28600.0 792.32802
28800.0 775.34754
29000.0 765.8107
29200.0 787.28164
29400.0 794.53755
29600.0 806.40689
29800.0 782.40712
30000.0 748.50625
30200.0 763.83082
30400.0 787.14143
30600.0 785.41526
30800.0 794.65774
31000.0 801.9082
31200.0 773.03945
31400.0 806.39777
31600.0 798.6214
31800.0 769.00838
32000.0 780.20855
32200.0 802.21718
32400.0 806.1054
32600.0 780.62023
32800.0 783.76902
33000.0 768.41561
33200.0 812.47519
33400.0 819.19515
33600.0 777.28213
33800.0 772.81618
34000.0 778.6541
34200.0 784.40832
34400.0 801.01371
34600.0 823.11867
34800.0 781.67995
35000.0 773.44095
35200.0 785.99587
35400.0 784.34918
35600.0 760.17691
35800.0 764.45004
36000.0 800.42117
36200.0 791.56444
36400.0 786.57402
36600.0 795.78916
36800.0 805.45966
37000.0 782.44482
37200.0 780.34364
37400.0 794.75968
37600.0 771.04246
37800.0 753.50335
38000.0 778.88964
38200.0 786.19549
38400.0 782.01939
38600.0 791.4371
38800.0 791.69616
39000.0 778.80429
39200.0 792.39479
39400.0 785.73657
39600.0 775.22918
39800.0 788.8929
40000.0 809.09276
40200.0 795.92384
40400.0 799.31334
40600.0 808.16758
40800.0 794.46651
41000.0 766.05254
41200.0 774.50937
41400.0 794.84734
41600.0 796.79379
41800.0 789.22123
42000.0 794.39449
42200.0 782.00527
42400.0 778.73421
42600.0 778.70029
42800.0 761.65018
43000.0 774.08976
43200.0 764.74957
43400.0 765.76357
43600.0 787.74725
43800.0 773.51795
44000.0 803.53684
44200.0 805.62918
44400.0 785.04117
44600.0 774.86111
44800.0 774.95946
45000.0 798.12968
45200.0 787.53277
45400.0 790.72297
45600.0 810.43642
45800.0 804.15339
46000.0 829.49903
46200.0 792.42837
46400.0 777.8236
46600.0 760.78865
46800.0 771.71269
47000.0 784.81172
47200.0 780.14057
47400.0 777.01885
47600.0 815.57605
47800.0 827.87173
48000.0 826.34964
48200.0 804.09451
48400.0 778.03256
48600.0 771.21192
48800.0 792.04348
49000.0 786.05372
49200.0 795.50251
49400.0 785.24829
49600.0 773.27561
49800.0 762.16844
50000.0 777.36727
50200.0 797.28908
50400.0 798.93721
50600.0 798.89234
50800.0 803.27904
51000.0 807.90434
51200.0 809.77014
51400.0 798.82593
51600.0 760.53814
51800.0 770.82298
52000.0 801.58552
52200.0 802.47254
52400.0 795.43283
52600.0 777.48985
52800.0 764.2535
53000.0 777.89242
53200.0 778.71558
53400.0 780.1371
53600.0 777.18089
53800.0 779.59202
54000.0 799.31282
54200.0 789.63612
54400.0 773.35485
54600.0 788.92103
54800.0 792.32733
55000.0 806.55994
55200.0 802.9905
55400.0 792.42491
55600.0 746.58049
55800.0 805.85316
56000.0 795.755
56200.0 771.59771
56400.0 768.61663
56600.0 777.8163
56800.0 769.94776
57000.0 801.87586
57200.0 792.15971
57400.0 805.7622
57600.0 802.89686
57800.0 807.95843
58000.0 794.87535
58200.0 782.54381
58400.0 801.0997
58600.0 790.85657
58800.0 784.69042
59000.0 777.67848
59200.0 776.1655
59400.0 781.03516
59600.0 793.8044
59800.0 780.29108
60000.0 810.64696
60200.0 784.01663
60400.0 766.61194
60600.0 784.56305
60800.0 790.03523
61000.0 784.97429
61200.0 775.34518
61400.0 783.68176
61600.0 784.9198
61800.0 779.86836
62000.0 766.2486
62200.0 776.1163
62400.0 789.07571
62600.0 774.1777
62800.0 772.12692
63000.0 777.59011
63200.0 807.83435
63400.0 800.70409
63600.0 787.62328
63800.0 770.14391
64000.0 772.46493
64200.0 789.49342
64400.0 796.89237
64600.0 800.24274
64800.0 806.75486
65000.0 801.79332
65200.0 792.59359
65400.0 762.88041
65600.0 782.31245
65800.0 790.08406
66000.0 788.77374
66200.0 783.28854
66400.0 785.97351
66600.0 781.56193
66800.0 790.45692
67000.0 793.11388
67200.0 779.8905
67400.0 774.43863
67600.0 807.24632
67800.0 820.44063
68000.0 812.23476
68200.0 781.23184
68400.0 774.55033
68600.0 791.74081
68800.0 798.34288
69000.0 777.09072
69200.0 771.80544
69400.0 786.97875
69600.0 771.76338
69800.0 773.69731
70000.0 786.51999
70200.0 788.98237
70400.0 788.62904
70600.0 783.71144
70800.0 784.0532
71000.0 813.12815
71200.0 795.11364
71400.0 768.89202
71600.0 776.44873
71800.0 786.34204
72000.0 795.10346
72200.0 805.7544
72400.0 801.06624
72600.0 789.39866
72800.0 795.86752
73000.0 783.30789
73200.0 763.1562
73400.0 807.6865
73600.0 791.7554
73800.0 781.37329
74000.0 788.96082
74200.0 782.24125
74400.0 755.07226
74600.0 782.28147
74800.0 791.99829
75000.0 811.60716
75200.0 795.5003
75400.0 794.33922
75600.0 807.59907
75800.0 796.24502
76000.0 747.51392
76200.0 762.17769
76400.0 776.74349
76600.0 787.25252
76800.0 776.82159
77000.0 777.08662
77200.0 785.8761
77400.0 803.29226
77600.0 785.49729
77800.0 774.79361
78000.0 783.65024
78200.0 808.46459
78400.0 815.93098
78600.0 797.67373
78800.0 801.23117
79000.0 806.10104
79200.0 788.06666
79400.0 782.02965
79600.0 785.21827
79800.0 796.62811
80000.0 802.44058
80200.0 760.76357
80400.0 755.91845
80600.0 779.56881
80800.0 785.21673
81000.0 783.12764
81200.0 772.63003
81400.0 786.47158
81600.0 800.09948
81800.0 781.63745
82000.0 782.33282
82200.0 787.78713
82400.0 791.18843
82600.0 766.91476
82800.0 782.96709
83000.0 815.52328
83200.0 783.33962
83400.0 774.95359
83600.0 805.84848
83800.0 794.18106
84000.0 785.15591
84200.0 812.0482
84400.0 813.48504
84600.0 792.08525
84800.0 806.85678
85000.0 794.79918
85200.0 783.0473
85400.0 778.23527
85600.0 791.23304
85800.0 792.6518
86000.0 802.64063
86200.0 803.38623
86400.0 782.90263
86600.0 783.19564
86800.0 773.36533
87000.0 778.29677
87200.0 792.51606
87400.0 791.47276
87600.0 779.24018
87800.0 798.40566
88000.0 787.134
88200.0 778.1601
88400.0 774.50259
88600.0 746.87643
88800.0 750.52752
89000.0 789.0276
89200.0 794.72191
89400.0 792.75675
89600.0 801.73337
89800.0 800.64822
90000.0 785.66795
90200.0 793.44444
90400.0 793.01588
90600.0 769.49205
90800.0 796.87199
91000.0 790.94944
91200.0 766.54276
91400.0 797.27653
91600.0 778.02492
91800.0 786.89861
92000.0 792.87396
92200.0 786.95749
92400.0 803.22332
92600.0 775.92575
92800.0 766.96787
93000.0 778.42097
93200.0 773.26772
93400.0 788.58426
93600.0 778.32126
93800.0 778.4425
94000.0 800.21199
94200.0 795.46018
94400.0 791.65533
94600.0 798.28674
94800.0 793.35449
95000.0 788.79422
95200.0 765.38656
95400.0 779.82669
95600.0 788.30255
95800.0 796.61361
96000.0 815.1581
96200.0 809.67799
96400.0 799.82121
96600.0 788.0819
96800.0 753.5477
97000.0 773.02706
97200.0 780.76168
97400.0 777.26305
97600.0 772.44849
97800.0 775.47947
98000.0 813.13625
98200.0 816.10427
98400.0 770.87564
98600.0 768.86398
98800.0 807.00529
99000.0 801.82232
99200.0 844.34007
99400.0 836.21332
99600.0 790.32966
99800.0 773.74853
100000.0 764.97863
