0.0 47.612036
200.0 47.580895
400.0 47.668932
600.0 47.574438
800.0 47.677168
1000.0 47.600353
1200.0 47.677471
1400.0 47.702514
1600.0 47.766042
1800.0 47.743174
2000.0 47.738993
2200.0 47.783208
2400.0 47.71653
2600.0 47.721117
2800.0 47.913478
3000.0 47.675947
3200.0 47.871502
3400.0 47.786622
3600.0 47.774525
3800.0 47.89659
4000.0 47.920303
4200.0 47.8438
4400.0 47.913651
4600.0 47.805349
4800.0 47.911159
5000.0 47.794559
5200.0 47.727613
5400.0 47.739989
5600.0 47.745731
5800.0 47.837514
6000.0 47.700775
6200.0 47.724829
6400.0 47.705637
6600.0 47.759078
6800.0 47.629083
7000.0 47.741797
7200.0 47.643782
7400.0 47.697227
7600.0 47.647161
7800.0 47.746444
8000.0 47.640542
8200.0 47.769758
8400.0 47.710041
8600.0 47.777974
8800.0 47.751655
9000.0 47.800729
9200.0 47.811042
9400.0 47.815551
9600.0 47.739414
9800.0 47.820622
10000.0 47.740258
10200.0 47.718676
10400.0 47.830466
10600.0 47.659424
10800.0 47.745678
11000.0 47.656762
11200.0 47.679561
11400.0 47.701571
11600.0 47.757897
11800.0 47.667486
12000.0 47.675452
12200.0 47.825876
12400.0 47.721092
12600.0 47.826337
12800.0 47.683389
13000.0 47.816508
13200.0 47.72854
13400.0 47.711723
13600.0 47.822666
13800.0 47.816296
14000.0 47.719252
14200.0 47.721053
14400.0 47.736658
14600.0 47.752019
14800.0 47.70274
15000.0 47.678664
15200.0 47.738147
15400.0 47.685346
15600.0 47.680063
15800.0 47.686487
16000.0 47.718477
16200.0 47.753068
16400.0 47.707488
16600.0 47.668929
16800.0 47.736732
17000.0 47.778109
17200.0 47.739244
17400.0 47.833662
17600.0 47.817632
17800.0 47.804453
18000.0 47.900541
18200.0 47.797489
18400.0 47.924792
18600.0 47.712789
18800.0 47.833973
19000.0 47.747067
19200.0 47.754094
19400.0 47.755704
19600.0 47.679067
19800.0 47.767058
20000.0 47.752213
20200.0 47.738251
20400.0 47.735452
20600.0 47.719494
20800.0 47.760148
21000.0 47.895439
21200.0 47.765083
21400.0 47.882194
21600.0 47.815071
21800.0 47.814952
22000.0 47.856776
22200.0 47.762265
22400.0 47.775562
22600.0 47.829349
22800.0 47.776217
23000.0 47.868471
23200.0 47.661066
23400.0 47.804693
23600.0 47.747491
23800.0 47.752492
24000.0 47.789982
24200.0 47.610306
24400.0 47.760438
24600.0 47.693296
24800.0 47.638621
25000.0 47.750335
25200.0 47.602418
25400.0 47.770455
25600.0 47.691712
25800.0 47.834275
26000.0 47.649823
26200.0 47.875618
26400.0 47.657973
26600.0 47.769428
26800.0 47.772523
27000.0 47.702679
27200.0 47.755593
27400.0 47.592136
27600.0 47.670511
27800.0 47.685494
28000.0 47.648274
28200.0 47.632915
28400.0 47.692646
28600.0 47.731372
28800.0 47.678465
29000.0 47.640593
29200.0 47.68791
29400.0 47.658534
29600.0 47.705329
29800.0 47.607094
30000.0 47.80815
30200.0 47.643406
30400.0 47.77717
30600.0 47.675229
30800.0 47.79184
31000.0 47.704416
31200.0 47.768793
31400.0 47.772844
31600.0 47.689888
31800.0 47.854648
32000.0 47.776989
32200.0 47.722301
32400.0 47.778993
32600.0 47.881078
32800.0 47.752533
33000.0 47.817765
33200.0 47.775978
33400.0 47.810806
33600.0 47.847148
33800.0 47.737364
34000.0 47.779967
34200.0 47.764011
34400.0 47.782565
34600.0 47.829155
34800.0 47.60421
35000.0 47.689395
35200.0 47.692259
35400.0 47.584459
35600.0 47.696698
35800.0 47.567301
36000.0 47.650237
36200.0 47.614745
36400.0 47.654831
36600.0 47.650413
36800.0 47.651941
37000.0 47.676003
37200.0 47.681956
37400.0 47.671039
37600.0 47.756217
37800.0 47.813293
38000.0 47.787968
38200.0 47.747846
38400.0 47.789003
38600.0 47.835051
38800.0 47.785377
39000.0 47.735056
39200.0 47.853108
39400.0 47.718845
39600.0 47.819306
39800.0 47.764556
40000.0 47.69803
40200.0 47.733428
40400.0 47.729123
40600.0 47.610373
40800.0 47.741615
41000.0 47.628216
41200.0 47.710463
41400.0 47.604496
41600.0 47.765375
41800.0 47.730785
42000.0 47.78669
42200.0 47.786482
42400.0 47.846119
42600.0 47.838662
42800.0 47.723191
43000.0 47.87654
43200.0 47.726988
43400.0 47.749915
43600.0 47.782867
43800.0 47.708467
44000.0 47.710052
44200.0 47.697406
44400.0 47.749146
44600.0 47.664754
44800.0 47.756149
45000.0 47.721842
45200.0 47.682311
45400.0 47.764301
45600.0 47.897603
45800.0 47.783101
46000.0 47.870386
46200.0 47.842402
46400.0 47.761334
46600.0 47.836381
46800.0 47.839313
47000.0 47.725474
47200.0 47.803192
47400.0 47.611838
47600.0 47.670401
47800.0 47.705242
48000.0 47.694484
48200.0 47.674058
48400.0 47.633992
48600.0 47.672816
48800.0 47.668271
49000.0 47.73746
49200.0 47.707984
49400.0 47.721538
49600.0 47.773567
49800.0 47.755139
50000.0 47.738633
50200.0 47.922223
50400.0 47.740946
50600.0 47.791376
50800.0 47.792591
51000.0 47.773141
51200.0 47.721166
51400.0 47.776331
51600.0 47.739494
51800.0 47.652966
52000.0 47.748965
52200.0 47.629652
52400.0 47.725275
52600.0 47.681036
52800.0 47.688195
53000.0 47.71055
53200.0 47.696918
53400.0 47.779473
53600.0 47.622112
53800.0 47.772999
54000.0 47.819562
54200.0 47.713877
54400.0 47.822069
54600.0 47.755527
54800.0 47.774032
55000.0 47.834194
55200.0 47.752664
55400.0 47.856309
55600.0 47.729306
55800.0 47.766458
56000.0 47.705569
56200.0 47.647513
56400.0 47.820504
56600.0 47.664999
56800.0 47.706474
57000.0 47.657358
57200.0 47.687021
57400.0 47.690626
57600.0 47.706004
57800.0 47.716878
58000.0 47.749964
58200.0 47.736073
58400.0 47.800001
58600.0 47.766556
58800.0 47.782351
59000.0 47.856629
59200.0 47.681305
59400.0 47.81327
59600.0 47.672757
59800.0 47.649533
60000.0 47.736811
60200.0 47.554002
60400.0 47.738006
60600.0 47.59571
60800.0 47.639959
61000.0 47.623675
61200.0 47.672688
61400.0 47.689576
61600.0 47.615427
61800.0 47.727615
62000.0 47.684183
62200.0 47.740562
62400.0 47.749214
62600.0 47.731739
62800.0 47.843396
63000.0 47.751833
63200.0 47.749249
63400.0 47.820955
63600.0 47.793142
63800.0 47.813025
64000.0 47.692803
64200.0 47.746003
64400.0 47.798048
64600.0 47.644971
64800.0 47.74226
65000.0 47.681232
65200.0 47.646873
65400.0 47.734741
65600.0 47.691912
65800.0 47.699093
66000.0 47.82122
66200.0 47.768167
66400.0 47.80651
66600.0 47.861585
66800.0 47.741655
67000.0 47.861672
67200.0 47.797756
67400.0 47.786075
67600.0 47.783775
67800.0 47.795672
68000.0 47.713228
68200.0 47.762326
68400.0 47.630001
68600.0 47.800836
68800.0 47.776509
69000.0 47.602147
69200.0 47.74276
69400.0 47.672702
69600.0 47.757382
69800.0 47.693328
70000.0 47.730744
70200.0 47.698787
70400.0 47.702902
70600.0 47.742532
70800.0 47.79441
71000.0 47.815018
71200.0 47.73252
71400.0 47.794078
71600.0 47.878198
71800.0 47.73519
72000.0 47.82385
72200.0 47.822387
72400.0 47.802659
72600.0 47.703082
72800.0 47.71563
73000.0 47.751837
73200.0 47.708212
73400.0 47.63131
73600.0 47.722906
73800.0 47.702525
74000.0 47.654434
74200.0 47.730358
74400.0 47.686641
74600.0 47.791213
74800.0 47.71021
75000.0 47.788594
75200.0 47.743081
75400.0 47.720233
75600.0 47.828928
75800.0 47.722723
76000.0 47.719977
76200.0 47.792657
76400.0 47.727004
76600.0 47.732408
76800.0 47.701634
77000.0 47.758739
77200.0 47.687964
77400.0 47.778433
77600.0 47.663432
77800.0 47.815733
78000.0 47.717108
78200.0 47.819971
78400.0 47.790059
78600.0 47.810786
78800.0 47.81262
79000.0 47.787694
79200.0 47.815178
79400.0 47.862013
79600.0 47.772647
79800.0 47.744947
80000.0 47.680629
80200.0 47.688627
80400.0 47.719317
80600.0 47.720213
80800.0 47.660151
81000.0 47.680037
81200.0 47.682411
81400.0 47.743144
81600.0 47.690176
81800.0 47.760038
82000.0 47.777653
82200.0 47.856374
82400.0 47.726279
82600.0 47.878717
82800.0 47.819903
83000.0 47.77611
83200.0 47.798461
83400.0 47.899163
83600.0 47.748987
83800.0 47.82252
84000.0 47.812993
84200.0 47.76621
84400.0 47.848917
84600.0 47.796667
84800.0 47.828457
85000.0 47.845695
85200.0 47.855086
85400.0 47.896341
85600.0 47.851273
85800.0 47.789174
86000.0 47.850795
86200.0 47.751992
86400.0 47.701975
86600.0 47.780888
86800.0 47.720581
87000.0 47.821219
87200.0 47.662788
87400.0 47.730196
87600.0 47.646101
87800.0 47.814874
88000.0 47.764406
88200.0 47.678804
88400.0 47.67509
88600.0 47.690151
88800.0 47.68199
89000.0 47.709122
89200.0 47.732296
89400.0 47.685701
89600.0 47.615078
89800.0 47.778752
90000.0 47.725506
90200.0 47.666103
90400.0 47.802052
90600.0 47.719649
90800.0 47.828575
91000.0 47.835024
91200.0 47.86144
91400.0 47.866838
91600.0 47.813085
91800.0 47.828221
92000.0 47.811575
92200.0 47.827495
92400.0 47.668329
92600.0 47.764524
92800.0 47.690607
93000.0 47.747744
93200.0 47.66968
93400.0 47.67667
93600.0 47.676322
93800.0 47.712748
94000.0 47.557799
94200.0 47.683928
94400.0 47.727415
94600.0 47.643209
94800.0 47.582199
95000.0 47.683518
95200.0 47.694729
95400.0 47.681055
95600.0 47.796458
95800.0 47.775951
96000.0 47.801822
96200.0 47.710239
96400.0 47.87342
96600.0 47.74829
96800.0 47.798726
97000.0 47.792658
97200.0 47.961206
97400.0 47.837275
97600.0 47.898054
97800.0 47.882704
98000.0 47.823253
98200.0 47.903498
98400.0 47.855979
98600.0 47.870438
98800.0 47.885878
99000.0 47.806332
99200.0 47.934713
99400.0 47.814174
99600.0 47.875525
99800.0 47.798154
100000.0 47.859688
