0.0 45.841819
200.0 45.825095
400.0 45.818481
600.0 45.837188
800.0 45.810194
1000.0 45.849766
1200.0 45.859623
1400.0 45.832485
1600.0 45.84055
1800.0 45.836816
2000.0 45.839892
2200.0 45.838213
2400.0 45.824489
2600.0 45.840146
2800.0 45.812336
3000.0 45.789375
3200.0 45.819274
3400.0 45.842645
3600.0 45.833681
3800.0 45.81265
4000.0 45.803545
4200.0 45.836171
4400.0 45.869939
4600.0 45.83531
4800.0 45.798275
5000.0 45.825083
5200.0 45.84289
5400.0 45.884386
5600.0 45.834115
5800.0 45.804889
6000.0 45.807731
6200.0 45.835708
6400.0 45.869018
6600.0 45.823702
6800.0 45.800416
7000.0 45.795372
7200.0 45.820941
7400.0 45.856763
7600.0 45.848438
7800.0 45.810111
8000.0 45.827618
8200.0 45.816582
8400.0 45.88598
8600.0 45.855682
8800.0 45.820047
9000.0 45.806423
9200.0 45.822139
9400.0 45.862554
9600.0 45.858686
9800.0 45.810935
10000.0 45.803815
10200.0 45.833892
10400.0 45.821328
10600.0 45.846794
10800.0 45.82002
11000.0 45.827665
11200.0 45.798257
11400.0 45.824514
11600.0 45.889644
11800.0 45.864094
12000.0 45.816599
12200.0 45.80984
12400.0 45.859559
12600.0 45.885573
12800.0 45.839029
13000.0 45.8234
13200.0 45.795516
13400.0 45.830644
13600.0 45.834833
13800.0 45.828118
14000.0 45.81002
14200.0 45.83332
14400.0 45.803499
14600.0 45.851766
14800.0 45.846769
15000.0 45.823275
15200.0 45.837961
15400.0 45.842491
15600.0 45.84954
15800.0 45.847897
16000.0 45.817637
16200.0 45.842158
16400.0 45.857338
16600.0 45.827901
16800.0 45.81339
17000.0 45.853901
17200.0 45.836183
17400.0 45.83117
17600.0 45.803379
17800.0 45.80263
18000.0 45.810837
18200.0 45.842429
18400.0 45.841364
18600.0 45.799238
18800.0 45.803036
19000.0 45.83422
19200.0 45.880729
19400.0 45.839146
19600.0 45.812068
19800.0 45.813465
20000.0 45.822117
20200.0 45.882191
20400.0 45.88026
20600.0 45.798833
20800.0 45.78926
21000.0 45.805207
21200.0 45.871141
21400.0 45.826253
21600.0 45.793844
21800.0 45.812325
22000.0 45.809637
22200.0 45.856364
22400.0 45.844801
22600.0 45.831796
22800.0 45.838464
23000.0 45.86076
23200.0 45.86291
23400.0 45.819533
23600.0 45.82305
23800.0 45.846127
24000.0 45.822055
24200.0 45.818407
24400.0 45.846018
24600.0 45.811262
24800.0 45.816514
25000.0 45.815115
25200.0 45.880087
25400.0 45.872361
25600.0 45.85009
25800.0 45.803614
26000.0 45.841046
26200.0 45.859419
26400.0 45.883679
26600.0 45.807621
26800.0 45.788679
27000.0 45.809638
27200.0 45.871875
27400.0 45.852097
27600.0 45.824177
27800.0 45.780916
28000.0 45.843356
28200.0 45.885101
28400.0 45.868734
28600.0 45.820398
28800.0 45.841852
29000.0 45.83478
29200.0 45.859437
29400.0 45.840671
29600.0 45.841268
29800.0 45.811286
30000.0 45.797608
30200.0 45.852651
30400.0 45.849851
30600.0 45.820468
30800.0 45.780536
31000.0 45.852655
31200.0 45.869107
31400.0 45.84947
31600.0 45.85022
31800.0 45.82214
32000.0 45.844908
32200.0 45.84995
32400.0 45.842832
32600.0 45.824782
32800.0 45.815248
33000.0 45.8137
33200.0 45.838346
33400.0 45.811613
33600.0 45.845325
33800.0 45.813165
34000.0 45.851043
34200.0 45.829372
34400.0 45.85871
34600.0 45.867658
34800.0 45.849476
35000.0 45.816731
35200.0 45.815222
35400.0 45.856706
35600.0 45.844052
35800.0 45.837991
36000.0 45.788645
36200.0 45.80028
36400.0 45.809968
36600.0 45.874528
36800.0 45.864368
37000.0 45.818308
37200.0 45.784941
37400.0 45.822146
37600.0 45.867548
37800.0 45.866127
38000.0 45.815775
38200.0 45.80997
38400.0 45.828223
38600.0 45.875709
38800.0 45.84546
39000.0 45.831054
39200.0 45.832939
39400.0 45.855918
39600.0 45.858707
39800.0 45.845906
40000.0 45.832442
40200.0 45.831804
40400.0 45.822368
40600.0 45.833932
40800.0 45.82879
41000.0 45.800552
41200.0 45.838358
41400.0 45.838204
41600.0 45.857991
41800.0 45.814199
42000.0 45.828983
42200.0 45.836579
42400.0 45.83948
42600.0 45.832492
42800.0 45.830945
43000.0 45.841378
43200.0 45.813064
43400.0 45.835512
43600.0 45.847495
43800.0 45.826455
44000.0 45.800203
44200.0 45.813892
44400.0 45.851479
44600.0 45.830022
44800.0 45.849291
45000.0 45.805163
45200.0 45.826454
45400.0 45.85477
45600.0 45.878606
45800.0 45.840699
46000.0 45.824885
46200.0 45.809264
46400.0 45.841956
46600.0 45.851351
46800.0 45.852814
47000.0 45.785474
47200.0 45.793066
47400.0 45.833708
47600.0 45.881922
47800.0 45.828489
48000.0 45.807649
48200.0 45.808909
48400.0 45.86824
48600.0 45.869914
48800.0 45.858292
49000.0 45.800401
49200.0 45.802234
49400.0 45.851347
49600.0 45.866836
49800.0 45.827831
50000.0 45.792332
50200.0 45.77708
50400.0 45.832278
50600.0 45.88179
50800.0 45.842908
51000.0 45.812651
51200.0 45.806604
51400.0 45.830852
51600.0 45.872676
51800.0 45.85639
52000.0 45.824546
52200.0 45.827692
52400.0 45.827217
52600.0 45.837711
52800.0 45.825888
53000.0 45.808106
53200.0 45.786401
53400.0 45.82577
53600.0 45.834472
53800.0 45.843762
54000.0 45.81809
54200.0 45.809968
54400.0 45.833166
54600.0 45.860235
54800.0 45.843968
55000.0 45.82572
55200.0 45.830917
55400.0 45.827264
55600.0 45.839147
55800.0 45.834733
56000.0 45.805828
56200.0 45.813298
56400.0 45.807406
56600.0 45.813107
56800.0 45.822276
57000.0 45.821348
57200.0 45.817209
57400.0 45.850605
57600.0 45.813874
57800.0 45.847865
58000.0 45.831704
58200.0 45.837399
58400.0 45.839036
58600.0 45.866938
58800.0 45.805723
59000.0 45.854764
59200.0 45.834526
59400.0 45.859805
59600.0 45.832206
59800.0 45.84672
60000.0 45.800917
60200.0 45.83339
60400.0 45.818275
60600.0 45.838612
60800.0 45.817668
61000.0 45.823653
61200.0 45.823585
61400.0 45.865312
61600.0 45.843568
61800.0 45.831032
62000.0 45.82072
62200.0 45.82589
62400.0 45.867201
62600.0 45.854817
62800.0 45.825228
63000.0 45.814759
63200.0 45.821541
63400.0 45.832949
63600.0 45.830006
63800.0 45.846656
64000.0 45.799549
64200.0 45.801161
64400.0 45.840133
64600.0 45.835449
64800.0 45.835587
65000.0 45.798915
65200.0 45.827372
65400.0 45.859464
65600.0 45.894131
65800.0 45.837766
66000.0 45.793832
66200.0 45.821478
66400.0 45.864586
66600.0 45.844076
66800.0 45.807189
67000.0 45.781662
67200.0 45.815295
67400.0 45.832609
67600.0 45.851166
67800.0 45.822815
68000.0 45.809951
68200.0 45.815734
68400.0 45.87686
68600.0 45.855869
68800.0 45.824214
69000.0 45.816146
69200.0 45.827721
69400.0 45.862503
69600.0 45.844871
69800.0 45.822466
70000.0 45.783632
70200.0 45.794503
70400.0 45.850358
70600.0 45.880861
70800.0 45.776202
71000.0 45.744978
71200.0 45.798167
71400.0 45.872463
71600.0 45.88598
71800.0 45.824226
72000.0 45.80057
72200.0 45.821222
72400.0 45.857142
72600.0 45.868872
72800.0 45.822658
73000.0 45.830117
73200.0 45.810343
73400.0 45.846063
73600.0 45.848217
73800.0 45.806603
74000.0 45.801658
74200.0 45.825259
74400.0 45.81468
74600.0 45.855281
74800.0 45.846194
75000.0 45.837676
75200.0 45.821891
75400.0 45.843994
75600.0 45.85766
75800.0 45.856679
76000.0 45.811201
76200.0 45.806039
76400.0 45.837765
76600.0 45.850869
76800.0 45.84057
77000.0 45.807741
77200.0 45.819562
77400.0 45.812755
77600.0 45.877257
77800.0 45.868538
78000.0 45.835302
78200.0 45.800808
78400.0 45.863055
78600.0 45.852454
78800.0 45.851935
79000.0 45.810864
79200.0 45.791978
79400.0 45.800674
79600.0 45.870485
79800.0 45.87392
80000.0 45.814853
80200.0 45.760938
80400.0 45.823602
80600.0 45.881801
80800.0 45.866328
81000.0 45.838042
81200.0 45.802581
81400.0 45.840869
81600.0 45.859354
81800.0 45.84797
82000.0 45.824937
82200.0 45.854622
82400.0 45.832434
82600.0 45.836234
82800.0 45.832997
83000.0 45.825304
83200.0 45.829622
83400.0 45.809671
83600.0 45.841408
83800.0 45.829423
84000.0 45.829277
84200.0 45.835739
84400.0 45.858159
84600.0 45.838709
84800.0 45.87358
85000.0 45.844295
85200.0 45.848267
85400.0 45.822535
85600.0 45.852837
85800.0 45.834134
86000.0 45.825239
86200.0 45.840621
86400.0 45.820711
86600.0 45.832752
86800.0 45.834463
87000.0 45.834591
87200.0 45.820861
87400.0 45.845911
87600.0 45.841182
87800.0 45.847173
88000.0 45.85942
88200.0 45.846777
88400.0 45.838085
88600.0 45.882079
88800.0 45.840546
89000.0 45.812942
89200.0 45.808958
89400.0 45.84816
89600.0 45.857418
89800.0 45.863123
90000.0 45.779906
90200.0 45.802625
90400.0 45.849181
90600.0 45.872732
90800.0 45.84452
91000.0 45.82207
91200.0 45.834652
91400.0 45.857186
91600.0 45.890681
91800.0 45.859468
92000.0 45.829869
92200.0 45.827836
92400.0 45.859937
92600.0 45.847362
92800.0 45.83419
93000.0 45.797704
93200.0 45.857773
93400.0 45.834662
93600.0 45.812206
93800.0 45.821669
94000.0 45.834527
94200.0 45.846726
94400.0 45.869921
94600.0 45.81149
94800.0 45.834837
95000.0 45.854968
95200.0 45.88192
95400.0 45.859719
95600.0 45.813995
95800.0 45.810351
96000.0 45.816722
96200.0 45.85451
96400.0 45.843079
96600.0 45.819469
96800.0 45.771204
97000.0 45.818099
97200.0 45.898185
97400.0 45.898081
97600.0 45.815081
97800.0 45.783873
98000.0 45.849843
98200.0 45.887418
98400.0 45.858135
98600.0 45.815103
98800.0 45.78971
99000.0 45.836363
99200.0 45.814123
99400.0 45.83469
99600.0 45.812611
99800.0 45.829113
100000.0 45.814384
