0.0 60.449516
200.0 62.717119
400.0 62.361429
600.0 63.058169
800.0 62.405156
1000.0 64.29103
1200.0 63.531318
1400.0 62.265145
1600.0 64.237605
1800.0 62.923834
2000.0 63.624463
2200.0 65.561405
2400.0 61.689817
2600.0 61.893971
2800.0 62.09501
3000.0 62.267001
3200.0 63.511994
3400.0 62.343029
3600.0 62.33705
3800.0 62.127362
4000.0 63.285832
4200.0 63.400002
4400.0 63.58962
4600.0 63.652724
4800.0 64.260501
5000.0 63.629203
5200.0 64.987569
5400.0 63.514368
5600.0 63.137513
5800.0 62.298755
6000.0 62.647254
6200.0 63.428888
6400.0 61.666047
6600.0 64.141522
6800.0 62.724429
7000.0 63.064863
7200.0 62.085801
7400.0 63.20162
7600.0 65.251014
7800.0 63.413107
8000.0 64.994381
8200.0 62.802883
8400.0 64.157483
8600.0 63.983067
8800.0 63.875947
9000.0 62.579852
9200.0 61.725298
9400.0 62.466946
9600.0 62.510952
9800.0 62.958787
10000.0 62.153852
10200.0 63.661149
10400.0 63.331786
10600.0 64.227165
10800.0 62.217108
11000.0 65.047594
11200.0 62.872189
11400.0 65.264236
11600.0 63.511592
11800.0 62.860216
12000.0 63.733742
12200.0 62.398552
12400.0 61.809327
12600.0 61.989501
12800.0 62.624095
13000.0 63.098751
13200.0 62.692099
13400.0 61.934064
13600.0 64.166933
13800.0 63.527217
14000.0 63.473352
14200.0 64.347226
14400.0 63.402521
14600.0 64.952677
14800.0 63.918253
15000.0 63.177883
15200.0 63.551253
15400.0 62.526548
15600.0 63.083132
15800.0 63.034671
16000.0 63.395975
16200.0 61.646019
16400.0 62.709211
16600.0 66.026041
16800.0 60.750982
17000.0 64.032952
17200.0 62.781224
17400.0 62.526894
17600.0 61.660229
17800.0 61.653297
18000.0 64.344061
18200.0 61.517074
18400.0 60.819796
18600.0 63.951963
18800.0 64.478275
19000.0 63.823946
19200.0 63.002822
19400.0 63.42946
19600.0 62.580571
19800.0 64.784238
20000.0 62.139062
20200.0 62.333742
20400.0 61.392078
20600.0 62.355173
20800.0 61.459702
21000.0 61.341242
21200.0 61.453951
21400.0 62.741385
21600.0 64.991588
21800.0 62.19762
22000.0 63.43932
22200.0 62.506975
22400.0 63.258875
22600.0 63.057424
22800.0 63.179848
23000.0 63.967431
23200.0 62.549468
23400.0 63.300517
23600.0 60.919999
23800.0 61.233107
24000.0 62.382418
24200.0 61.525111
24400.0 61.404464
24600.0 62.447859
24800.0 62.679347
25000.0 62.735159
25200.0 63.825918
25400.0 63.469806
25600.0 62.682374
25800.0 64.069726
26000.0 62.716771
26200.0 62.974217
26400.0 63.589783
26600.0 60.951026
26800.0 62.10228
27000.0 63.314145
27200.0 61.551658
27400.0 60.962534
27600.0 62.853378
27800.0 63.526669
28000.0 63.497537
28200.0 62.391591
28400.0 62.20895
28600.0 64.960503
28800.0 63.177143
29000.0 65.341755
29200.0 62.67665
29400.0 62.405454
29600.0 63.839154
29800.0 62.813658
30000.0 62.227853
30200.0 62.1449
30400.0 62.505035
30600.0 61.557189
30800.0 61.908508
31000.0 62.863101
31200.0 63.208888
31400.0 63.8138
31600.0 63.018914
31800.0 61.987078
32000.0 63.164722
32200.0 64.301012
32400.0 65.046094
32600.0 62.249804
32800.0 62.451464
33000.0 62.704463
33200.0 62.318659
33400.0 62.528293
33600.0 62.084184
33800.0 61.988082
34000.0 60.100565
34200.0 62.986503
34400.0 62.96032
34600.0 63.491268
34800.0 63.278734
35000.0 63.736215
35200.0 62.711057
35400.0 62.947249
35600.0 64.633269
35800.0 63.339684
36000.0 62.354577
36200.0 60.679211
36400.0 63.163577
36600.0 62.007865
36800.0 62.634414
37000.0 62.096233
37200.0 61.629186
37400.0 62.20585
37600.0 64.08201
37800.0 63.417067
38000.0 64.613743
38200.0 63.297992
38400.0 63.788625
38600.0 61.645097
38800.0 62.966088
39000.0 63.777842
39200.0 62.555745
39400.0 62.54534
39600.0 60.573195
39800.0 62.272711
40000.0 62.09045
40200.0 63.76458
40400.0 65.07952
40600.0 60.778447
40800.0 65.058757
41000.0 62.804443
41200.0 65.515887
41400.0 62.27711
41600.0 64.367185
41800.0 63.298952
42000.0 63.072548
42200.0 61.662573
42400.0 63.533853
42600.0 63.818107
42800.0 62.064597
43000.0 62.061534
43200.0 63.348695
43400.0 63.120341
43600.0 62.045167
43800.0 63.801588
44000.0 62.860544
44200.0 63.193244
44400.0 62.75479
44600.0 62.747533
44800.0 64.451631
45000.0 64.428211
45200.0 61.865568
45400.0 65.194649
45600.0 63.617532
45800.0 63.853157
46000.0 63.783398
46200.0 63.498977
46400.0 62.975026
46600.0 62.943405
46800.0 61.856617
47000.0 63.203067
47200.0 62.436426
47400.0 62.710043
47600.0 62.617006
47800.0 63.504661
48000.0 63.257019
48200.0 62.887646
48400.0 65.858022
48600.0 63.632647
48800.0 62.458264
49000.0 65.088937
49200.0 65.685044
49400.0 63.751812
49600.0 64.190009
49800.0 62.281125
50000.0 62.0299
50200.0 63.470585
50400.0 63.612368
50600.0 62.088614
50800.0 62.414241
51000.0 61.417244
51200.0 64.942647
51400.0 62.73603
51600.0 62.420729
51800.0 63.430747
52000.0 63.975183
52200.0 63.627435
52400.0 63.934922
52600.0 65.207835
52800.0 63.836939
53000.0 62.634558
53200.0 62.615904
53400.0 62.186336
53600.0 62.964278
53800.0 62.785347
54000.0 61.63597
54200.0 63.043704
54400.0 63.585383
54600.0 61.230676
54800.0 62.805941
55000.0 63.65309
55200.0 64.876212
55400.0 64.278326
55600.0 63.925041
55800.0 62.862991
56000.0 63.998995
56200.0 64.171983
56400.0 62.221565
56600.0 61.706
56800.0 62.935706
57000.0 63.21459
57200.0 63.064439
57400.0 62.396516
57600.0 63.864782
57800.0 62.94703
58000.0 62.45363
58200.0 62.533862
58400.0 62.634573
58600.0 64.205127
58800.0 65.595865
59000.0 64.901266
59200.0 61.911045
59400.0 64.661776
59600.0 65.94003
59800.0 63.949132
60000.0 63.485638
60200.0 62.849557
60400.0 63.398229
60600.0 64.616528
60800.0 62.363936
61000.0 62.105602
61200.0 62.942893
61400.0 62.656369
61600.0 63.052224
61800.0 60.835661
62000.0 63.143477
62200.0 63.740434
62400.0 63.745069
62600.0 63.160185
62800.0 61.352209
63000.0 62.35795
63200.0 64.6474
63400.0 65.448328
63600.0 63.693409
63800.0 63.988305
64000.0 63.640194
64200.0 62.981642
64400.0 63.120852
64600.0 63.325693
64800.0 62.363153
65000.0 63.60428
65200.0 62.818541
65400.0 63.261279
65600.0 62.671088
65800.0 61.818629
66000.0 63.364781
66200.0 61.840405
66400.0 64.040461
66600.0 63.452304
66800.0 64.261755
67000.0 64.996178
67200.0 64.252272
67400.0 64.790811
67600.0 64.651478
67800.0 64.148293
68000.0 64.874357
68200.0 64.97895
68400.0 62.538718
68600.0 62.365503
68800.0 64.052652
69000.0 63.537192
69200.0 63.513738
69400.0 62.235114
69600.0 62.99693
69800.0 61.56053
70000.0 61.879627
70200.0 61.830089
70400.0 62.029646
70600.0 63.198354
70800.0 65.054841
71000.0 62.939329
71200.0 62.963626
71400.0 65.421359
71600.0 63.277647
71800.0 61.566071
72000.0 63.50123
72200.0 63.894624
72400.0 61.574045
72600.0 62.220454
72800.0 62.747114
73000.0 63.241941
73200.0 61.952853
73400.0 61.31385
73600.0 61.505876
73800.0 60.535657
74000.0 62.984803
74200.0 61.155297
74400.0 63.803293
74600.0 63.241953
74800.0 63.417135
75000.0 63.096994
75200.0 62.962318
75400.0 63.452112
75600.0 63.126251
75800.0 64.784191
76000.0 63.643492
76200.0 60.802771
76400.0 62.392288
76600.0 64.192791
76800.0 61.970699
77000.0 62.079547
77200.0 60.895369
77400.0 60.602366
77600.0 63.420015
77800.0 62.157281
78000.0 65.223826
78200.0 62.193462
78400.0 62.857457
78600.0 64.026151
78800.0 63.438222
79000.0 62.884057
79200.0 63.742685
79400.0 61.971935
79600.0 63.493617
79800.0 63.098995
80000.0 61.082346
80200.0 61.492055
80400.0 61.100617
80600.0 61.580003
80800.0 61.778133
81000.0 63.310654
81200.0 62.31203
81400.0 62.332346
81600.0 63.159368
81800.0 63.156374
82000.0 63.926712
82200.0 62.72689
82400.0 63.266098
82600.0 63.01737
82800.0 64.021233
83000.0 63.079151
83200.0 62.748912
83400.0 61.411372
83600.0 63.761025
83800.0 63.618531
84000.0 62.210926
84200.0 63.732641
84400.0 63.213957
84600.0 61.308653
84800.0 62.304338
85000.0 62.629162
85200.0 63.716287
85400.0 62.900131
85600.0 60.695022
85800.0 65.107724
86000.0 62.437206
86200.0 63.269397
86400.0 63.079889
86600.0 65.405359
86800.0 63.255221
87000.0 64.253039
87200.0 63.647677
87400.0 63.523619
87600.0 62.677681
87800.0 62.245426
88000.0 63.184648
88200.0 61.76534
88400.0 62.257109
88600.0 62.515132
88800.0 62.567711
89000.0 63.552722
89200.0 62.858978
89400.0 64.810218
89600.0 63.682814
89800.0 63.45673
90000.0 63.077634
90200.0 63.943315
90400.0 62.921517
90600.0 61.307478
90800.0 61.408839
91000.0 62.316359
91200.0 61.212978
91400.0 61.661466
91600.0 63.221766
91800.0 63.478277
92000.0 63.170782
92200.0 62.532561
92400.0 62.666137
92600.0 63.693036
92800.0 65.787983
93000.0 61.715347
93200.0 64.25285
93400.0 64.254479
93600.0 63.407015
93800.0 62.021747
94000.0 63.917611
94200.0 61.328377
94400.0 61.523126
94600.0 62.450354
94800.0 62.623547
95000.0 62.93447
95200.0 63.867438
95400.0 62.282124
95600.0 63.210407
95800.0 64.083808
96000.0 65.658843
96200.0 62.999999
96400.0 63.98688
96600.0 63.361865
96800.0 62.133629
97000.0 63.084448
97200.0 63.591493
97400.0 63.536969
97600.0 63.033008
97800.0 62.803372
98000.0 63.276958
98200.0 60.118216
98400.0 63.417285
98600.0 62.027765
98800.0 61.414035
99000.0 62.588748
99200.0 62.893161
99400.0 63.882095
99600.0 63.409361
99800.0 64.136104
100000.0 63.851414
