0.0 -2177.5813
200.0 -2176.8495
400.0 -2177.7759
600.0 -2176.5983
800.0 -2177.9066
1000.0 -2184.1161
1200.0 -2191.875
1400.0 -2197.9469
1600.0 -2201.4038
1800.0 -2201.0711
2000.0 -2190.2124
2200.0 -2166.4431
2400.0 -2147.9834
2600.0 -2144.6632
2800.0 -2150.6735
3000.0 -2157.8921
3200.0 -2159.263
3400.0 -2159.006
3600.0 -2157.9705
3800.0 -2157.5489
4000.0 -2150.0481
4200.0 -2133.2849
4400.0 -2120.4427
4600.0 -2117.7876
4800.0 -2120.758
5000.0 -2122.3457
5200.0 -2122.6351
5400.0 -2122.6709
5600.0 -2123.4358
5800.0 -2124.4947
6000.0 -2127.6731
6200.0 -2133.2772
6400.0 -2143.1055
6600.0 -2152.1927
6800.0 -2161.4184
7000.0 -2168.3478
7200.0 -2175.8671
7400.0 -2182.2794
7600.0 -2190.7982
7800.0 -2197.543
8000.0 -2209.7352
8200.0 -2227.0677
8400.0 -2243.3962
8600.0 -2249.9904
8800.0 -2246.5509
9000.0 -2239.068
9200.0 -2226.6127
9400.0 -2216.5525
9600.0 -2210.0595
9800.0 -2209.0412
10000.0 -2211.8642
10200.0 -2216.376
10400.0 -2221.495
10600.0 -2224.3924
10800.0 -2224.5866
11000.0 -2217.864
11200.0 -2202.0686
11400.0 -2181.8742
11600.0 -2166.7393
11800.0 -2160.7755
12000.0 -2158.1274
12200.0 -2153.5203
12400.0 -2149.5157
12600.0 -2143.8202
12800.0 -2143.8306
13000.0 -2145.8357
13200.0 -2148.2686
13400.0 -2148.2152
13600.0 -2148.8199
13800.0 -2151.6325
14000.0 -2156.5347
14200.0 -2162.751
14400.0 -2167.8426
14600.0 -2174.1301
14800.0 -2186.4754
15000.0 -2204.4651
15200.0 -2219.2966
15400.0 -2226.4205
15600.0 -2227.8696
15800.0 -2226.484
16000.0 -2220.3083
16200.0 -2212.6559
16400.0 -2204.1162
16600.0 -2192.9999
16800.0 -2176.4815
17000.0 -2153.0847
17200.0 -2140.8178
17400.0 -2143.667
17600.0 -2154.3758
17800.0 -2165.1931
18000.0 -2173.2925
18200.0 -2182.8307
18400.0 -2192.4998
18600.0 -2196.8015
18800.0 -2200.4487
19000.0 -2198.8147
19200.0 -2203.3191
19400.0 -2213.1354
19600.0 -2223.0361
19800.0 -2230.5014
20000.0 -2230.797
20200.0 -2225.2865
20400.0 -2211.3224
20600.0 -2194.0625
20800.0 -2182.199
21000.0 -2176.8278
21200.0 -2173.3221
21400.0 -2169.7734
21600.0 -2165.0402
21800.0 -2160.6671
22000.0 -2162.3952
22200.0 -2174.6987
22400.0 -2200.2596
22600.0 -2217.4298
22800.0 -2226.6089
23000.0 -2227.3478
23200.0 -2222.7925
23400.0 -2217.7971
23600.0 -2216.4026
23800.0 -2217.016
24000.0 -2215.8436
24200.0 -2213.6357
24400.0 -2214.7588
24600.0 -2215.709
24800.0 -2212.9365
25000.0 -2205.7109
25200.0 -2193.7712
25400.0 -2176.3237
25600.0 -2157.853
25800.0 -2145.7642
26000.0 -2142.1213
26200.0 -2145.1703
26400.0 -2155.37
26600.0 -2172.2377
26800.0 -2184.478
27000.0 -2193.8939
27200.0 -2201.5486
27400.0 -2207.5556
27600.0 -2211.4631
27800.0 -2211.8708
28000.0 -2213.7329
28200.0 -2210.7842
28400.0 -2203.1445
28600.0 -2184.486
28800.0 -2163.5571
29000.0 -2149.8504
29200.0 -2144.3065
29400.0 -2148.569
29600.0 -2156.9169
29800.0 -2163.9207
30000.0 -2167.8525
30200.0 -2170.0934
30400.0 -2168.9423
30600.0 -2163.5741
30800.0 -2157.0219
31000.0 -2150.8023
31200.0 -2147.4927
31400.0 -2143.3687
31600.0 -2135.2274
31800.0 -2128.4285
32000.0 -2118.7842
32200.0 -2110.7747
32400.0 -2096.0153
32600.0 -2067.5278
32800.0 -2049.848
33000.0 -2042.7341
33200.0 -2044.5479
33400.0 -2054.1617
33600.0 -2069.4473
33800.0 -2081.9197
34000.0 -2095.1885
34200.0 -2109.1083
34400.0 -2124.219
34600.0 -2132.4951
34800.0 -2133.8183
35000.0 -2133.7812
35200.0 -2136.2267
35400.0 -2145.7028
35600.0 -2163.9914
35800.0 -2177.9823
36000.0 -2183.7254
36200.0 -2185.4526
36400.0 -2186.3264
36600.0 -2184.875
36800.0 -2182.4357
37000.0 -2175.9518
37200.0 -2172.5922
37400.0 -2169.5984
37600.0 -2170.403
37800.0 -2175.2513
38000.0 -2182.9441
38200.0 -2186.5013
38400.0 -2185.245
38600.0 -2183.597
38800.0 -2183.7368
39000.0 -2184.9388
39200.0 -2179.8518
39400.0 -2169.4263
39600.0 -2154.2877
39800.0 -2137.5049
40000.0 -2125.348
40200.0 -2121.3996
40400.0 -2122.5926
40600.0 -2128.5805
40800.0 -2137.923
41000.0 -2147.5086
41200.0 -2155.9649
41400.0 -2160.3479
41600.0 -2162.2739
41800.0 -2167.1661
42000.0 -2170.8522
42200.0 -2170.2175
42400.0 -2164.4727
42600.0 -2156.7969
42800.0 -2151.2112
43000.0 -2147.933
43200.0 -2146.1059
43400.0 -2145.2161
43600.0 -2145.4694
43800.0 -2141.1576
44000.0 -2127.8978
44200.0 -2110.8665
44400.0 -2100.7807
44600.0 -2100.4861
44800.0 -2110.1973
45000.0 -2124.3057
45200.0 -2135.1515
45400.0 -2137.9896
45600.0 -2139.636
45800.0 -2139.5167
46000.0 -2140.6506
46200.0 -2144.9923
46400.0 -2157.2446
46600.0 -2178.0198
46800.0 -2194.7793
47000.0 -2201.5974
47200.0 -2206.5087
47400.0 -2202.7659
47600.0 -2193.4384
47800.0 -2179.2515
48000.0 -2172.2834
48200.0 -2170.6093
48400.0 -2172.1629
48600.0 -2171.4852
48800.0 -2167.594
49000.0 -2154.0031
49200.0 -2136.9947
49400.0 -2117.1111
49600.0 -2106.968
49800.0 -2110.5314
50000.0 -2130.8121
50200.0 -2151.8952
50400.0 -2157.6733
50600.0 -2158.7994
50800.0 -2156.0162
51000.0 -2150.4429
51200.0 -2142.2332
51400.0 -2138.2898
51600.0 -2144.876
51800.0 -2169.7523
52000.0 -2188.8563
52200.0 -2193.4676
52400.0 -2190.0343
52600.0 -2182.7353
52800.0 -2177.0516
53000.0 -2172.5679
53200.0 -2172.3387
53400.0 -2174.8521
53600.0 -2183.0594
53800.0 -2195.7192
54000.0 -2206.7082
54200.0 -2216.257
54400.0 -2221.103
54600.0 -2218.0532
54800.0 -2201.834
55000.0 -2177.9092
55200.0 -2163.1606
55400.0 -2155.5921
55600.0 -2145.9481
55800.0 -2138.8051
56000.0 -2131.21
56200.0 -2129.0413
56400.0 -2124.5679
56600.0 -2123.2606
56800.0 -2128.424
57000.0 -2151.5399
57200.0 -2173.4753
57400.0 -2179.4338
57600.0 -2171.2938
57800.0 -2157.9873
58000.0 -2142.7343
58200.0 -2136.0359
58400.0 -2136.8289
58600.0 -2138.6566
58800.0 -2141.2973
59000.0 -2145.1068
59200.0 -2156.6165
59400.0 -2180.824
59600.0 -2197.4505
59800.0 -2203.2031
60000.0 -2201.3995
60200.0 -2194.2882
60400.0 -2183.2805
60600.0 -2175.2169
60800.0 -2174.1204
61000.0 -2175.6042
61200.0 -2174.5713
61400.0 -2166.1629
61600.0 -2148.3765
61800.0 -2133.734
62000.0 -2128.9783
62200.0 -2133.1952
62400.0 -2138.7291
62600.0 -2147.7645
62800.0 -2167.1671
63000.0 -2189.4221
63200.0 -2199.9971
63400.0 -2202.8434
63600.0 -2200.5877
63800.0 -2196.8384
64000.0 -2186.9202
64200.0 -2177.6756
64400.0 -2165.169
64600.0 -2153.6475
64800.0 -2142.5433
65000.0 -2133.2099
65200.0 -2125.809
65400.0 -2120.254
65600.0 -2120.1733
65800.0 -2124.4171
66000.0 -2139.2087
66200.0 -2157.6403
66400.0 -2173.8689
66600.0 -2187.0031
66800.0 -2191.3744
67000.0 -2192.3631
67200.0 -2184.3005
67400.0 -2169.7436
67600.0 -2155.7507
67800.0 -2150.7866
68000.0 -2153.9494
68200.0 -2161.4555
68400.0 -2176.7066
68600.0 -2194.0417
68800.0 -2199.6291
69000.0 -2201.4601
69200.0 -2201.2792
69400.0 -2201.3322
69600.0 -2202.4344
69800.0 -2201.6994
70000.0 -2198.9357
70200.0 -2190.7323
70400.0 -2169.2932
70600.0 -2149.456
70800.0 -2139.3637
71000.0 -2136.9146
71200.0 -2141.9068
71400.0 -2149.625
71600.0 -2154.3754
71800.0 -2151.2827
72000.0 -2139.467
72200.0 -2126.9192
72400.0 -2119.541
72600.0 -2124.4447
72800.0 -2145.2948
73000.0 -2171.7356
73200.0 -2176.4028
73400.0 -2172.4374
73600.0 -2162.4328
73800.0 -2152.5657
74000.0 -2143.8335
74200.0 -2136.524
74400.0 -2133.8001
74600.0 -2136.4327
74800.0 -2145.4761
75000.0 -2158.1964
75200.0 -2170.3275
75400.0 -2177.5013
75600.0 -2182.3551
75800.0 -2184.7391
76000.0 -2189.503
76200.0 -2201.118
76400.0 -2210.8443
76600.0 -2215.3868
76800.0 -2210.6008
77000.0 -2196.7887
77200.0 -2176.411
77400.0 -2164.9664
77600.0 -2164.0962
77800.0 -2171.2201
78000.0 -2178.0944
78200.0 -2179.1456
78400.0 -2177.7191
78600.0 -2181.5047
78800.0 -2195.7692
79000.0 -2214.5337
79200.0 -2229.2369
79400.0 -2237.8666
79600.0 -2239.5829
79800.0 -2234.6248
80000.0 -2225.0298
80200.0 -2213.96
80400.0 -2210.4654
80600.0 -2210.47
80800.0 -2205.4774
81000.0 -2199.202
81200.0 -2189.2471
81400.0 -2180.7225
81600.0 -2173.7608
81800.0 -2163.1153
82000.0 -2150.374
82200.0 -2133.4997
82400.0 -2116.5694
82600.0 -2107.3608
82800.0 -2103.8971
83000.0 -2110.5188
83200.0 -2127.5902
83400.0 -2158.1097
83600.0 -2174.0159
83800.0 -2179.7344
84000.0 -2180.4134
84200.0 -2174.6986
84400.0 -2162.5867
84600.0 -2149.4667
84800.0 -2138.7086
85000.0 -2127.7427
85200.0 -2119.5486
85400.0 -2113.0897
85600.0 -2112.9505
85800.0 -2117.4814
86000.0 -2121.2959
86200.0 -2122.8976
86400.0 -2125.3215
86600.0 -2133.2903
86800.0 -2154.7897
87000.0 -2177.1043
87200.0 -2188.2397
87400.0 -2196.1745
87600.0 -2200.3117
87800.0 -2200.4119
88000.0 -2198.2796
88200.0 -2196.9474
88400.0 -2202.3312
88600.0 -2213.013
88800.0 -2231.738
89000.0 -2245.7632
89200.0 -2252.5957
89400.0 -2255.0151
89600.0 -2256.2606
89800.0 -2255.5714
90000.0 -2249.5321
90200.0 -2229.1816
90400.0 -2206.8858
90600.0 -2194.3105
90800.0 -2187.5954
91000.0 -2183.4007
91200.0 -2183.6024
91400.0 -2189.9998
91600.0 -2202.7315
91800.0 -2209.952
92000.0 -2209.486
92200.0 -2202.4059
92400.0 -2190.7097
92600.0 -2169.2445
92800.0 -2144.1062
93000.0 -2132.8507
93200.0 -2131.6289
93400.0 -2132.5998
93600.0 -2136.5634
93800.0 -2147.6678
94000.0 -2164.3764
94200.0 -2177.6769
94400.0 -2180.0966
94600.0 -2179.0058
94800.0 -2178.6568
95000.0 -2174.9892
95200.0 -2167.0907
95400.0 -2152.3044
95600.0 -2141.2224
95800.0 -2134.7407
96000.0 -2129.9437
96200.0 -2127.5058
96400.0 -2132.7643
96600.0 -2155.8434
96800.0 -2181.9115
97000.0 -2194.0944
97200.0 -2201.0512
97400.0 -2200.3345
97600.0 -2194.1545
97800.0 -2179.8578
98000.0 -2165.3869
98200.0 -2152.4279
98400.0 -2140.5098
98600.0 -2128.9985
98800.0 -2120.0878
99000.0 -2112.3525
99200.0 -2104.535
99400.0 -2097.1095
99600.0 -2089.0553
99800.0 -2085.5319
100000.0 -2087.1954
