0.0 -26.623567
200.0 23.020322
400.0 5.0505333
600.0 -44.542364
800.0 32.915551
1000.0 24.2101
1200.0 -40.619893
1400.0 16.876647
1600.0 7.2303675
1800.0 -8.7747791
2000.0 38.463409
2200.0 -31.107544
2400.0 14.200874
2600.0 8.335161
2800.0 -4.0290377
3000.0 -1.6644952
3200.0 4.5038221
3400.0 -7.0437218
3600.0 32.817006
3800.0 -23.288481
4000.0 -6.5292995
4200.0 30.31895
4400.0 -6.3592786
4600.0 -7.3006133
4800.0 10.043543
5000.0 -2.0527403
5200.0 12.29422
5400.0 -36.276382
5600.0 0.25359595
5800.0 64.476353
6000.0 -24.715876
6200.0 -26.856143
6400.0 39.063838
6600.0 0.56461526
6800.0 -22.545945
7000.0 -10.751757
7200.0 33.76904
7400.0 6.1309332
7600.0 -63.162448
7800.0 56.122105
8000.0 20.236958
8200.0 -73.340883
8400.0 68.078272
8600.0 -5.4060136
8800.0 -32.654007
9000.0 2.1609432
9200.0 20.839548
9400.0 -22.930051
9600.0 35.911353
9800.0 -59.395119
10000.0 5.9480926
10200.0 38.755577
10400.0 -6.7514032
10600.0 -31.903506
10800.0 22.942313
11000.0 31.369535
11200.0 -47.439952
11400.0 -18.382833
11600.0 56.866996
11800.0 -8.2716437
12000.0 -53.078941
12200.0 61.88078
12400.0 -2.8856485
12600.0 -4.0244053
12800.0 -51.645621
13000.0 42.246705
13200.0 48.590269
13400.0 -95.420113
13600.0 26.31121
13800.0 45.533229
14000.0 -81.035726
14200.0 39.104882
14400.0 1.6744418
14600.0 3.3524459
14800.0 -4.0597122
15000.0 4.9574544
15200.0 -8.3988355
15400.0 19.54406
15600.0 21.519406
15800.0 -39.854089
16000.0 -33.84423
16200.0 131.30278
16400.0 -73.315896
16600.0 -93.56083
16800.0 133.70492
17000.0 9.3423108
17200.0 -112.50269
17400.0 89.306716
17600.0 20.034213
17800.0 -51.652662
18000.0 -16.607215
18200.0 50.516782
18400.0 -23.325322
18600.0 9.0886231
18800.0 3.2463294
19000.0 -26.782347
19200.0 39.03326
19400.0 -17.524626
19600.0 -28.581358
19800.0 16.998662
20000.0 8.5958161
20200.0 -45.485959
20400.0 70.759309
20600.0 -24.626026
20800.0 -69.854221
21000.0 79.821866
21200.0 17.964885
21400.0 -86.942558
21600.0 19.462733
21800.0 76.517397
22000.0 -26.919395
22200.0 -77.665395
22400.0 60.949912
22600.0 51.613709
22800.0 -66.117101
23000.0 -20.414612
23200.0 61.403976
23400.0 -1.2688522
23600.0 -47.91182
23800.0 50.573934
24000.0 -15.406786
24200.0 -8.2933997
24400.0 -4.4521461
24600.0 37.837433
24800.0 -47.991089
25000.0 13.521068
25200.0 29.726087
25400.0 -11.041117
25600.0 -19.788697
25800.0 14.707102
26000.0 -6.4785805
26200.0 -23.866259
26400.0 54.942316
26600.0 -49.785501
26800.0 -10.334535
27000.0 73.448438
27200.0 -46.717864
27400.0 1.7678448
27600.0 43.391555
27800.0 -37.136988
28000.0 -27.955386
28200.0 63.61705
28400.0 -3.0176656
28600.0 -72.608169
28800.0 59.812812
29000.0 36.641536
29200.0 -83.026215
29400.0 17.140263
29600.0 67.175425
29800.0 -31.981461
30000.0 -65.825342
30200.0 80.992106
30400.0 -12.201381
30600.0 -65.072366
30800.0 63.242184
31000.0 34.188744
31200.0 -80.199259
31400.0 7.394796
31600.0 81.74112
31800.0 -70.496335
32000.0 -25.511966
32200.0 72.254119
32400.0 -7.4033314
32600.0 -42.658904
32800.0 53.594868
33000.0 -28.811865
33200.0 11.799463
33400.0 2.1661579
33600.0 -9.3695048
33800.0 6.494097
34000.0 2.8660612
34200.0 -10.977821
34400.0 4.2500193
34600.0 12.778874
34800.0 3.1825815
35000.0 -25.707886
35200.0 41.787912
35400.0 2.3210173
35600.0 -68.601198
35800.0 18.472032
36000.0 113.33944
36200.0 -122.7741
36400.0 -8.3299139
36600.0 87.777998
36800.0 -22.413917
37000.0 -66.371026
37200.0 64.296562
37400.0 -13.419619
37600.0 0.6342172
37800.0 11.038628
38000.0 22.884949
38200.0 -68.888464
38400.0 14.179022
38600.0 64.68792
38800.0 -58.561838
39000.0 -18.877041
39200.0 61.281544
39400.0 -0.54512424
39600.0 -54.519198
39800.0 69.159531
40000.0 0.54267651
40200.0 -44.129572
40400.0 11.357187
40600.0 22.501884
40800.0 15.410512
41000.0 -35.684292
41200.0 -4.6956499
41400.0 44.511625
41600.0 -40.213196
41800.0 24.713848
42000.0 35.303461
42200.0 -74.157333
42400.0 53.291039
42600.0 52.298943
42800.0 -89.584091
43000.0 -11.63709
43200.0 109.53053
43400.0 -79.938269
43600.0 -13.849874
43800.0 58.575021
44000.0 -8.7826259
44200.0 -44.822945
44400.0 49.60101
44600.0 54.776812
44800.0 -97.952659
45000.0 -9.3282027
45200.0 118.15428
45400.0 -45.142351
45600.0 -108.53
45800.0 102.42413
46000.0 16.809762
46200.0 -61.570215
46400.0 12.670728
46600.0 27.865157
46800.0 6.1780273
47000.0 -29.019299
47200.0 -8.3841298
47400.0 37.392995
47600.0 -43.535821
47800.0 6.5346859
48000.0 18.616676
48200.0 17.473233
48400.0 -35.042493
48600.0 13.758894
48800.0 23.117189
49000.0 -1.9531565
49200.0 -58.195634
49400.0 32.154963
49600.0 29.901451
49800.0 -17.581518
50000.0 -30.174168
50200.0 58.095513
50400.0 -3.6599648
50600.0 -35.683381
50800.0 19.161494
51000.0 50.466989
51200.0 -75.296659
51400.0 12.660545
51600.0 106.31292
51800.0 -94.394397
52000.0 -29.302782
52200.0 99.209576
52400.0 -8.8468427
52600.0 -77.767432
52800.0 29.947811
53000.0 54.946344
53200.0 -63.145381
53400.0 1.1482457
53600.0 19.858874
53800.0 -33.630294
54000.0 63.360943
54200.0 -37.282179
54400.0 -0.060919231
54600.0 0.24624821
54800.0 28.8916
55000.0 2.1638269
55200.0 -17.476007
55400.0 20.432336
55600.0 -22.724513
55800.0 -12.014005
56000.0 88.444778
56200.0 -94.639418
56400.0 1.1565537
56600.0 62.394711
56800.0 -18.589178
57000.0 -61.446619
57200.0 43.67094
57400.0 28.955875
57600.0 -58.258764
57800.0 38.316545
58000.0 5.3269539
58200.0 -17.896707
58400.0 -2.3669856
58600.0 41.390494
58800.0 -17.641029
59000.0 -46.226442
59200.0 78.30745
59400.0 12.411199
59600.0 -100.99711
59800.0 52.09346
60000.0 63.880993
60200.0 -70.800936
60400.0 -23.310479
60600.0 64.297306
60800.0 -20.585313
61000.0 -35.217351
61200.0 65.767123
61400.0 -56.666541
61600.0 -2.9784774
61800.0 43.502366
62000.0 -21.2195
62200.0 16.488297
62400.0 23.37627
62600.0 -74.693374
62800.0 31.539326
63000.0 63.889632
63200.0 -71.706394
63400.0 -6.9809246
63600.0 84.076325
63800.0 -75.326544
64000.0 -46.649314
64200.0 134.32944
64400.0 -37.131878
64600.0 -76.009137
64800.0 68.582681
65000.0 -2.9199641
65200.0 -48.729254
65400.0 27.713857
65600.0 44.685441
65800.0 -9.0433585
66000.0 -67.76391
66200.0 47.349855
66400.0 62.497384
66600.0 -59.344405
66800.0 -9.674461
67000.0 6.6555626
67200.0 41.682931
67400.0 -44.129434
67600.0 11.356324
67800.0 11.12726
68000.0 9.2123028
68200.0 -34.167071
68400.0 22.708331
68600.0 3.4507571
68800.0 -6.6247508
69000.0 -9.325957
69200.0 23.090334
69400.0 -3.8317074
69600.0 -3.9772056
69800.0 8.9363876
70000.0 21.996561
70200.0 -23.484322
70400.0 -14.264862
70600.0 42.996413
70800.0 -55.535995
71000.0 35.558141
71200.0 11.756829
71400.0 -31.662033
71600.0 -15.161745
71800.0 57.075015
72000.0 -18.161902
72200.0 -35.07214
72400.0 3.9199915
72600.0 24.695651
72800.0 14.264927
73000.0 -64.450867
73200.0 68.561539
73400.0 -5.1768235
73600.0 -44.486348
73800.0 34.341837
74000.0 -4.4104399
74200.0 -23.631724
74400.0 43.240407
74600.0 -24.928587
74800.0 -8.9977816
75000.0 -7.0150148
75200.0 46.620676
75400.0 6.9979207
75600.0 -76.434347
75800.0 79.828555
76000.0 32.335321
76200.0 -76.453722
76400.0 36.688234
76600.0 48.938678
76800.0 -69.315124
77000.0 -19.024982
77200.0 109.30902
77400.0 -49.660145
77600.0 -76.212863
77800.0 72.307506
78000.0 31.761742
78200.0 -54.928968
78400.0 -3.2030855
78600.0 60.077119
78800.0 -47.019621
79000.0 2.6243594
79200.0 40.127721
79400.0 -50.724661
79600.0 -0.12868401
79800.0 81.020126
80000.0 -93.81077
80200.0 -15.69979
80400.0 100.25282
80600.0 -33.459435
80800.0 -64.828643
81000.0 51.244084
81200.0 34.423379
81400.0 -53.717493
81600.0 -17.353566
81800.0 60.216212
82000.0 -23.615249
82200.0 -25.998114
82400.0 54.798396
82600.0 -13.173164
82800.0 -31.007299
83000.0 24.737871
83200.0 44.039285
83400.0 -70.36908
83600.0 20.125547
83800.0 46.44502
84000.0 -25.368044
84200.0 -8.1841805
84400.0 24.808435
84600.0 -3.2133427
84800.0 -15.788889
85000.0 15.208916
85200.0 -20.326224
85400.0 17.447481
85600.0 -1.7933824
85800.0 -31.409018
86000.0 21.772161
86200.0 23.514446
86400.0 -15.890731
86600.0 0.83033599
86800.0 8.4920435
87000.0 -18.769186
87200.0 29.912186
87400.0 5.2806265
87600.0 -37.366388
87800.0 -1.0188994
88000.0 72.162169
88200.0 -55.912342
88400.0 -16.491124
88600.0 46.975954
88800.0 0.12745066
89000.0 -61.974039
89200.0 34.8725
89400.0 44.188267
89600.0 -55.305896
89800.0 -43.228888
90000.0 115.5142
90200.0 -35.915
90400.0 -83.889523
90600.0 100.25838
90800.0 -5.5316136
91000.0 -29.933776
91200.0 -16.860173
91400.0 44.89744
91600.0 2.5012368
91800.0 -35.02063
92000.0 23.038184
92200.0 16.591658
92400.0 -25.39686
92600.0 0.25945387
92800.0 29.643817
93000.0 -6.6727432
93200.0 -5.1768758
93400.0 -39.554431
93600.0 59.821227
93800.0 -9.8925895
94000.0 -29.837418
94200.0 7.7743034
94400.0 54.347643
94600.0 -39.787945
94800.0 -27.074139
95000.0 50.003522
95200.0 0.26975186
95400.0 -55.186048
95600.0 37.896686
95800.0 53.459659
96000.0 -84.64558
96200.0 13.494933
96400.0 97.75634
96600.0 -102.02232
96800.0 26.665091
97000.0 69.961433
97200.0 -53.314609
97400.0 -9.1725066
97600.0 38.76526
97800.0 -8.9651387
98000.0 -25.878781
98200.0 41.693185
98400.0 -20.61262
98600.0 -22.630984
98800.0 21.789509
99000.0 30.560872
99200.0 -35.632695
99400.0 -6.1324297
99600.0 46.357606
99800.0 -25.540767
100000.0 -53.262757
