0.0 0.98357667
200.0 0.99610032
400.0 1.0081408
600.0 1.0230791
800.0 1.0035839
1000.0 1.0003477
1200.0 1.018462
1400.0 1.0289248
1600.0 1.0366676
1800.0 1.0301996
2000.0 1.0245913
2200.0 1.0208416
2400.0 1.0133634
2600.0 1.017971
2800.0 0.99471448
3000.0 0.9925196
3200.0 0.98670115
3400.0 0.97043943
3600.0 0.96723576
3800.0 0.96250647
4000.0 0.96043048
4200.0 0.97214484
4400.0 0.98789958
4600.0 0.987399
4800.0 0.98332508
5000.0 0.9840935
5200.0 0.99193941
5400.0 1.0063462
5600.0 1.0167588
5800.0 1.0192211
6000.0 1.0232379
6200.0 1.0274792
6400.0 1.0253525
6600.0 1.0090329
6800.0 0.99193309
7000.0 0.99354516
7200.0 0.98591694
7400.0 0.99279304
7600.0 0.99462511
7800.0 0.98555625
8000.0 0.99070854
8200.0 0.99525659
8400.0 0.98807276
8600.0 1.0022917
8800.0 1.0160626
9000.0 1.0294661
9200.0 1.0606514
9400.0 1.0656112
9600.0 1.0577974
9800.0 1.0545563
10000.0 1.0364625
10200.0 1.0139709
10400.0 0.99682577
10600.0 0.9914207
10800.0 0.99500218
11000.0 0.9843344
11200.0 0.99145672
11400.0 0.9825611
11600.0 0.98095041
11800.0 0.9843071
12000.0 0.99080279
12200.0 1.0008407
12400.0 1.0035967
12600.0 0.98588896
12800.0 0.9736059
13000.0 0.97496792
13200.0 0.98897742
13400.0 1.0160617
13600.0 1.0589263
13800.0 1.0885342
14000.0 1.0938018
14200.0 1.0792733
14400.0 1.0579829
14600.0 1.0289007
14800.0 1.0185588
15000.0 0.98203739
15200.0 0.98657909
15400.0 0.97787946
15600.0 0.9902581
15800.0 1.0087104
16000.0 1.0107504
16200.0 1.0132744
16400.0 1.0038909
16600.0 0.99178044
16800.0 0.99156155
17000.0 0.97156885
17200.0 0.96609876
17400.0 0.97824654
17600.0 1.0185573
17800.0 1.0627011
18000.0 1.0663125
18200.0 1.0517425
18400.0 1.0163147
18600.0 0.98370593
18800.0 0.96393642
19000.0 0.95552738
19200.0 0.94967572
19400.0 0.96165225
19600.0 0.98434512
19800.0 1.0117122
20000.0 1.0218367
20200.0 1.0253136
20400.0 1.0129953
20600.0 0.99950341
20800.0 1.0023284
21000.0 0.99666165
21200.0 1.0015323
21400.0 1.0210203
21600.0 1.0412072
21800.0 1.0517655
22000.0 1.0629495
22200.0 1.0437243
22400.0 1.0122587
22600.0 0.99294466
22800.0 0.98180816
23000.0 0.97990606
23200.0 1.0025408
23400.0 0.98990949
23600.0 0.98051159
23800.0 0.99293829
24000.0 0.98464651
24200.0 0.98709834
24400.0 0.98026458
24600.0 0.96855122
24800.0 0.96479588
25000.0 0.96426247
25200.0 0.97774312
25400.0 0.98927494
25600.0 0.99426893
25800.0 0.99960795
26000.0 1.010825
26200.0 1.0186518
26400.0 1.0285185
26600.0 1.032479
26800.0 1.0477067
27000.0 1.0410964
27200.0 1.0214492
27400.0 1.0110984
27600.0 1.0138237
27800.0 1.0188426
28000.0 0.99450032
28200.0 0.98288176
28400.0 0.9594286
28600.0 0.96882828
28800.0 0.97145813
29000.0 0.96978271
29200.0 0.9801495
29400.0 0.96765348
29600.0 0.97462498
29800.0 1.0027238
30000.0 1.0152525
30200.0 1.0325185
30400.0 1.0539751
30600.0 1.0588269
30800.0 1.0435905
31000.0 1.0271982
31200.0 1.0132175
31400.0 0.99591124
31600.0 0.9862099
31800.0 0.97605695
32000.0 0.9772853
32200.0 0.98033801
32400.0 0.9825488
32600.0 0.9831835
32800.0 0.98409024
33000.0 0.98766383
33200.0 0.98836176
33400.0 1.0188232
33600.0 1.014468
33800.0 1.0219072
34000.0 1.0290155
34200.0 1.03615
34400.0 1.0319442
34600.0 1.0271481
34800.0 1.0208044
35000.0 1.024952
35200.0 1.0212399
35400.0 0.99106722
35600.0 0.9862809
35800.0 0.96731307
36000.0 0.96444527
36200.0 0.97151239
36400.0 0.98135714
36600.0 0.99767693
36800.0 1.0050965
37000.0 1.0035093
37200.0 1.0009798
37400.0 0.99762045
37600.0 0.99374402
37800.0 0.9930823
38000.0 0.99888525
38200.0 1.0163514
38400.0 1.046441
38600.0 1.0587191
38800.0 1.0451652
39000.0 1.0184751
39200.0 0.99080871
39400.0 0.97189968
39600.0 0.96154892
39800.0 0.95988466
40000.0 0.96689146
40200.0 0.96969075
40400.0 0.96847143
40600.0 0.98346519
40800.0 0.97780666
41000.0 0.99347855
41200.0 1.0081731
41400.0 1.0093819
41600.0 1.0120264
41800.0 1.0130872
42000.0 1.0210929
42200.0 1.0182898
42400.0 1.0090187
42600.0 0.99886309
42800.0 0.99610298
43000.0 1.0044753
43200.0 0.99918037
43400.0 0.99061401
43600.0 0.98820511
43800.0 0.97559229
44000.0 0.959918
44200.0 0.94873704
44400.0 0.9433854
44600.0 0.95558062
44800.0 0.98098632
45000.0 0.98409771
45200.0 0.98840579
45400.0 0.99242027
45600.0 1.0042866
45800.0 1.0076076
46000.0 1.0170712
46200.0 1.0307383
46400.0 1.0210146
46600.0 1.0089626
46800.0 1.0142317
47000.0 1.0175874
47200.0 1.0032445
47400.0 1.0072136
47600.0 1.015633
47800.0 1.0054448
48000.0 0.99064148
48200.0 0.99068329
48400.0 0.97121537
48600.0 0.95051798
48800.0 0.94965686
49000.0 0.95340835
49200.0 0.98434248
49400.0 1.0385777
49600.0 1.0720107
49800.0 1.0728539
50000.0 1.041633
50200.0 1.0077618
50400.0 0.96807921
50600.0 0.95107969
50800.0 0.95681009
51000.0 0.98441329
51200.0 1.0039913
51400.0 1.0170366
51600.0 1.0243783
51800.0 1.0404968
52000.0 1.0053645
52200.0 0.97537616
52400.0 0.9773582
52600.0 0.98015977
52800.0 0.98560986
53000.0 1.0128301
53200.0 1.0346023
53400.0 1.044788
53600.0 1.0449885
53800.0 1.0354356
54000.0 1.0099162
54200.0 0.9827049
54400.0 0.97243847
54600.0 0.97659313
54800.0 0.97682369
55000.0 0.99296954
55200.0 0.99036096
55400.0 0.99180401
55600.0 0.97965126
55800.0 0.97380841
56000.0 0.97355704
56200.0 0.99029675
56400.0 1.0163128
56600.0 1.017162
56800.0 1.040188
57000.0 1.0226736
57200.0 1.0134121
57400.0 1.0139502
57600.0 1.0153393
57800.0 1.0193915
58000.0 1.0191321
58200.0 1.0364694
58400.0 1.0575024
58600.0 1.0218566
58800.0 0.99906151
59000.0 0.97529057
59200.0 0.948899
59400.0 0.92900104
59600.0 0.93652001
59800.0 0.95941419
60000.0 1.0028497
60200.0 1.0296844
60400.0 1.0168817
60600.0 1.0080745
60800.0 0.99178285
61000.0 0.97922803
61200.0 0.98570316
61400.0 1.0169722
61600.0 1.0197049
61800.0 1.028204
62000.0 1.0331912
62200.0 1.0268408
62400.0 1.0010402
62600.0 0.98599427
62800.0 0.95472054
63000.0 0.95697484
63200.0 0.96065701
63400.0 0.98305262
63600.0 1.008841
63800.0 1.0310645
64000.0 1.0403566
64200.0 1.0242568
64400.0 0.99609687
64600.0 0.97577009
64800.0 0.97166782
65000.0 0.98170881
65200.0 1.0000054
65400.0 1.0193833
65600.0 1.0427303
65800.0 1.0320458
66000.0 1.0292009
66200.0 1.0056454
66400.0 0.98047344
66600.0 0.96100905
66800.0 0.95580004
67000.0 0.9617144
67200.0 0.96845209
67400.0 0.9862007
67600.0 0.99583496
67800.0 1.0259178
68000.0 1.0274465
68200.0 1.0264626
68400.0 1.0092626
68600.0 1.0068933
68800.0 1.0143927
69000.0 1.0055412
69200.0 1.0088288
69400.0 1.0211789
69600.0 1.0292656
69800.0 1.0242888
70000.0 1.0010204
70200.0 0.9648336
70400.0 0.94311798
70600.0 0.94611111
70800.0 0.96011459
71000.0 0.97715159
71200.0 1.0027706
71400.0 1.0047392
71600.0 1.0011161
71800.0 0.99821387
72000.0 0.99793677
72200.0 0.99614506
72400.0 1.0001135
72600.0 1.0051539
72800.0 1.0133937
73000.0 1.0261977
73200.0 1.0401625
73400.0 1.0373006
73600.0 1.009871
73800.0 0.99506789
74000.0 0.99049364
74200.0 0.99265108
74400.0 0.99426968
74600.0 0.99776845
74800.0 0.99106909
75000.0 0.98068714
75200.0 0.97650016
75400.0 0.96915467
75600.0 0.95433334
75800.0 0.95933743
76000.0 0.98077742
76200.0 1.0121741
76400.0 1.0242853
76600.0 1.0378597
76800.0 1.0498932
77000.0 1.0391839
77200.0 1.0075469
77400.0 0.98101162
77600.0 0.97325881
77800.0 0.95982591
78000.0 0.9695544
78200.0 0.99902817
78400.0 1.0303261
78600.0 1.0529883
78800.0 1.0435527
79000.0 1.020289
79200.0 1.0011704
79400.0 0.9644474
79600.0 0.94677228
79800.0 0.96105344
80000.0 0.99331417
80200.0 1.0170675
80400.0 1.0170604
80600.0 1.0073083
80800.0 1.0023263
81000.0 1.0067156
81200.0 0.99043309
81400.0 0.97010527
81600.0 0.97116624
81800.0 0.98379815
82000.0 1.0119342
82200.0 1.0134987
82400.0 1.0253972
82600.0 1.0450934
82800.0 1.0279466
83000.0 0.9948755
83200.0 0.97229512
83400.0 0.95132246
83600.0 0.94850207
83800.0 0.97369992
84000.0 1.0094499
84200.0 1.0453237
84400.0 1.0491368
84600.0 1.040703
84800.0 1.0268592
85000.0 1.0055131
85200.0 0.97840381
85400.0 0.96711323
85600.0 0.96917857
85800.0 0.95675716
86000.0 0.97099345
86200.0 0.977363
86400.0 0.98800423
86600.0 0.98960382
86800.0 1.0072053
87000.0 1.0197186
87200.0 1.0130825
87400.0 1.0124105
87600.0 1.0173187
87800.0 1.0253533
88000.0 1.0360037
88200.0 1.0295935
88400.0 1.0096161
88600.0 1.0005998
88800.0 0.98511027
89000.0 0.98938589
89200.0 1.0087581
89400.0 1.0150019
89600.0 1.0132155
89800.0 0.97755738
90000.0 0.96375985
90200.0 0.95126769
90400.0 0.94617848
90600.0 0.97417143
90800.0 0.98125163
91000.0 0.99784261
91200.0 1.0056817
91400.0 0.9983749
91600.0 0.98825969
91800.0 0.99687397
92000.0 1.0136611
92200.0 1.0423342
92400.0 1.0544636
92600.0 1.0446236
92800.0 1.03361
93000.0 1.0085213
93200.0 0.98969495
93400.0 0.98478439
93600.0 0.99171814
93800.0 0.98239553
94000.0 1.002239
94200.0 0.99586759
94400.0 1.0007142
94600.0 0.97695335
94800.0 0.95369091
95000.0 0.958962
95200.0 0.96766178
95400.0 0.98317174
95600.0 1.017784
95800.0 1.028697
96000.0 1.0430257
96200.0 1.0375901
96400.0 1.0069977
96600.0 0.96493603
96800.0 0.94847128
97000.0 0.97147486
97200.0 1.0147829
97400.0 1.042196
97600.0 1.0391964
97800.0 1.0316163
98000.0 1.0219053
98200.0 1.0137479
98400.0 0.99926202
98600.0 0.99241079
98800.0 1.0091917
99000.0 0.98535032
99200.0 0.98006202
99400.0 0.99831021
99600.0 0.99474785
99800.0 0.98072705
100000.0 0.96309978
