0.0 695.25665
200.0 703.48647
400.0 703.05176
600.0 698.52122
800.0 683.48739
1000.0 685.34318
1200.0 719.0938
1400.0 717.11276
1600.0 695.42814
1800.0 678.29712
2000.0 697.14831
2200.0 714.77428
2400.0 703.07101
2600.0 706.13412
2800.0 696.56423
3000.0 709.34266
3200.0 712.85595
3400.0 693.23626
3600.0 703.87211
3800.0 687.86508
4000.0 693.64668
4200.0 685.31794
4400.0 680.37114
4600.0 678.55275
4800.0 682.05938
5000.0 705.45059
5200.0 704.93749
5400.0 689.27313
5600.0 709.8983
5800.0 697.90225
6000.0 696.37908
6200.0 712.10789
6400.0 701.94098
6600.0 703.32613
6800.0 718.90259
7000.0 714.74686
7200.0 704.00135
7400.0 715.64268
7600.0 710.143
7800.0 698.2959
8000.0 688.63683
8200.0 693.57535
8400.0 683.59886
8600.0 699.06097
8800.0 718.1943
9000.0 701.23055
9200.0 689.25734
9400.0 709.17799
9600.0 705.89376
9800.0 686.37923
10000.0 724.43497
10200.0 721.48765
10400.0 712.19986
10600.0 724.84542
10800.0 712.9488
11000.0 710.22934
11200.0 713.97752
11400.0 698.0819
11600.0 714.93194
11800.0 680.29082
12000.0 688.3519
12200.0 702.9254
12400.0 694.51045
12600.0 715.15513
12800.0 702.50796
13000.0 705.18838
13200.0 709.26961
13400.0 710.88168
13600.0 696.62394
13800.0 695.28959
14000.0 699.82384
14200.0 689.48039
14400.0 703.29966
14600.0 703.66805
14800.0 712.73527
15000.0 687.34065
15200.0 667.07824
15400.0 689.13027
15600.0 691.20949
15800.0 699.56554
16000.0 695.59983
16200.0 710.07981
16400.0 681.3578
16600.0 700.78617
16800.0 701.22462
17000.0 713.92934
17200.0 697.26928
17400.0 709.78459
17600.0 702.37666
17800.0 700.68408
18000.0 717.71644
18200.0 699.2616
18400.0 713.43329
18600.0 684.52849
18800.0 689.74843
19000.0 705.26076
19200.0 706.90226
19400.0 690.74263
19600.0 703.7508
19800.0 685.84316
20000.0 692.71766
20200.0 698.22783
20400.0 686.27003
20600.0 725.10371
20800.0 707.55862
21000.0 687.73977
21200.0 728.11618
21400.0 710.17751
21600.0 716.81685
21800.0 703.63933
22000.0 690.02317
22200.0 701.00185
22400.0 701.71134
22600.0 700.54235
22800.0 676.02882
23000.0 699.39881
23200.0 732.23545
23400.0 699.23648
23600.0 698.9332
23800.0 720.72711
24000.0 707.21416
24200.0 713.0158
24400.0 717.91268
24600.0 713.10612
24800.0 727.69041
25000.0 718.17865
25200.0 707.23812
25400.0 705.93101
25600.0 702.87476
25800.0 718.44794
26000.0 693.22429
26200.0 709.8994
26400.0 713.38336
26600.0 689.75952
26800.0 689.45417
27000.0 705.21041
27200.0 711.81105
27400.0 711.70913
27600.0 695.58849
27800.0 669.3788
28000.0 672.7675
28200.0 682.9966
28400.0 711.97765
28600.0 711.1836
28800.0 683.013
29000.0 707.68718
29200.0 706.46688
29400.0 686.86364
29600.0 702.75182
29800.0 713.23014
30000.0 716.9118
30200.0 696.66689
30400.0 681.88061
30600.0 704.69268
30800.0 730.6697
31000.0 727.23408
31200.0 720.19471
31400.0 711.47736
31600.0 727.76091
31800.0 736.11761
32000.0 686.03674
32200.0 715.88515
32400.0 727.1545
32600.0 707.58258
32800.0 709.32419
33000.0 698.00996
33200.0 694.64405
33400.0 698.23286
33600.0 711.61792
33800.0 694.5403
34000.0 682.01917
34200.0 694.80757
34400.0 686.01621
34600.0 711.01518
34800.0 720.48676
35000.0 696.83864
35200.0 710.41774
35400.0 710.88316
35600.0 710.69289
35800.0 698.94437
36000.0 684.33665
36200.0 709.98843
36400.0 692.80602
36600.0 708.60892
36800.0 720.31584
37000.0 701.39253
37200.0 703.98991
37400.0 704.77766
37600.0 712.32069
37800.0 700.89341
38000.0 705.16059
38200.0 703.20893
38400.0 692.80609
38600.0 705.55109
38800.0 701.89924
39000.0 672.13825
39200.0 697.3962
39400.0 716.76264
39600.0 685.84397
39800.0 709.54943
40000.0 722.02669
40200.0 711.94953
40400.0 702.32461
40600.0 703.24303
40800.0 707.674
41000.0 716.46892
41200.0 722.67238
41400.0 708.02546
41600.0 701.66168
41800.0 686.33353
42000.0 721.20716
42200.0 703.28508
42400.0 677.29009
42600.0 706.8885
42800.0 699.05855
43000.0 694.20596
43200.0 706.18643
43400.0 717.65661
43600.0 710.6621
43800.0 721.61207
44000.0 726.04597
44200.0 692.79215
44400.0 695.12797
44600.0 707.27235
44800.0 713.15187
45000.0 709.48891
45200.0 681.34041
45400.0 691.45061
45600.0 711.86224
45800.0 711.72474
46000.0 707.38193
46200.0 694.82238
46400.0 697.14137
46600.0 672.44196
46800.0 667.74566
47000.0 699.21534
47200.0 709.27508
47400.0 702.06154
47600.0 695.50745
47800.0 704.31047
48000.0 715.00607
48200.0 714.47242
48400.0 699.20179
48600.0 679.68749
48800.0 692.70331
49000.0 718.42862
49200.0 716.6194
49400.0 689.55057
49600.0 669.94575
49800.0 700.75141
50000.0 703.69292
50200.0 693.47189
50400.0 689.93428
50600.0 688.86295
50800.0 696.92087
51000.0 702.8333
51200.0 719.21468
51400.0 711.29105
51600.0 702.82183
51800.0 695.52309
52000.0 692.27016
52200.0 702.49542
52400.0 728.87572
52600.0 735.89069
52800.0 706.49459
53000.0 686.68775
53200.0 677.7821
53400.0 714.10877
53600.0 702.09538
53800.0 683.88056
54000.0 690.59215
54200.0 693.05914
54400.0 691.62683
54600.0 699.83994
54800.0 711.82507
55000.0 697.69856
55200.0 685.98641
55400.0 691.49586
55600.0 704.89539
55800.0 712.05225
56000.0 710.61567
56200.0 720.34717
56400.0 693.7302
56600.0 697.93748
56800.0 703.41517
57000.0 705.52511
57200.0 712.53016
57400.0 698.7261
57600.0 706.81537
57800.0 705.44101
58000.0 689.03642
58200.0 691.28266
58400.0 684.83687
58600.0 692.24486
58800.0 710.11691
59000.0 707.72312
59200.0 703.65934
59400.0 707.24257
59600.0 707.31332
59800.0 724.82379
60000.0 713.59112
60200.0 698.52619
60400.0 700.87388
60600.0 706.97027
60800.0 698.23683
61000.0 696.75938
61200.0 702.74977
61400.0 706.97345
61600.0 709.71861
61800.0 698.86775
62000.0 697.24864
62200.0 686.54558
62400.0 695.27426
62600.0 713.52244
62800.0 704.7175
63000.0 705.22583
63200.0 716.07547
63400.0 708.40613
63600.0 709.00206
63800.0 708.21897
64000.0 702.69217
64200.0 692.72061
64400.0 709.33542
64600.0 715.57379
64800.0 705.42436
65000.0 702.74672
65200.0 681.19548
65400.0 690.10009
65600.0 705.00141
65800.0 719.67887
66000.0 695.00147
66200.0 673.99241
66400.0 696.90744
66600.0 699.703
66800.0 704.0219
67000.0 703.29497
67200.0 718.75966
67400.0 707.44984
67600.0 697.91922
67800.0 718.06466
68000.0 701.89071
68200.0 700.04909
68400.0 719.74583
68600.0 716.93526
68800.0 710.46149
69000.0 678.65432
69200.0 680.76933
69400.0 697.83374
69600.0 716.35035
69800.0 696.85265
70000.0 704.67511
70200.0 701.28288
70400.0 707.88843
70600.0 678.1592
70800.0 714.15672
71000.0 740.99057
71200.0 703.15382
71400.0 706.69722
71600.0 701.32695
71800.0 721.72067
72000.0 707.30476
72200.0 697.23154
72400.0 713.18491
72600.0 698.15555
72800.0 693.40999
73000.0 698.26646
73200.0 685.57886
73400.0 703.8993
73600.0 716.18602
73800.0 709.36797
74000.0 726.72883
74200.0 697.00588
74400.0 677.94246
74600.0 685.73083
74800.0 682.74027
75000.0 690.5382
75200.0 737.37854
75400.0 716.25768
75600.0 695.03259
75800.0 694.00541
76000.0 698.45206
76200.0 711.89214
76400.0 704.3644
76600.0 709.66443
76800.0 692.58179
77000.0 705.26693
77200.0 716.14854
77400.0 704.89861
77600.0 695.35615
77800.0 707.24526
78000.0 702.65509
78200.0 705.73329
78400.0 697.27027
78600.0 706.35317
78800.0 713.45786
79000.0 691.43603
79200.0 699.31833
79400.0 704.04436
79600.0 701.79778
79800.0 703.12639
80000.0 695.3279
80200.0 702.7772
80400.0 709.80915
80600.0 705.65994
80800.0 707.90005
81000.0 714.70044
81200.0 710.80692
81400.0 711.90378
81600.0 712.23276
81800.0 699.43781
82000.0 690.18786
82200.0 704.85398
82400.0 711.70448
82600.0 684.62612
82800.0 694.62709
83000.0 716.89058
83200.0 710.75804
83400.0 699.56335
83600.0 687.96035
83800.0 695.92717
84000.0 716.60451
84200.0 688.44152
84400.0 711.68722
84600.0 722.85073
84800.0 690.0397
85000.0 719.65233
85200.0 713.18406
85400.0 709.48438
85600.0 727.23249
85800.0 710.2462
86000.0 712.83747
86200.0 693.06854
86400.0 691.66097
86600.0 721.1562
86800.0 692.16735
87000.0 682.70191
87200.0 697.23034
87400.0 705.00427
87600.0 718.03385
87800.0 702.27677
88000.0 696.5044
88200.0 701.65934
88400.0 703.60569
88600.0 705.65862
88800.0 693.95021
89000.0 703.32416
89200.0 712.26671
89400.0 727.70891
89600.0 713.75544
89800.0 713.81627
90000.0 722.87586
90200.0 709.96317
90400.0 702.51092
90600.0 706.68124
90800.0 699.55735
91000.0 699.48427
91200.0 713.35284
91400.0 705.44518
91600.0 688.53474
91800.0 700.345
92000.0 690.5025
92200.0 699.98771
92400.0 698.3686
92600.0 657.24671
92800.0 695.65241
93000.0 716.56705
93200.0 666.95057
93400.0 682.69377
93600.0 707.53591
93800.0 696.68801
94000.0 693.56091
94200.0 709.98764
94400.0 706.37207
94600.0 719.30753
94800.0 705.04209
95000.0 708.30408
95200.0 692.72321
95400.0 686.71513
95600.0 693.49126
95800.0 701.29994
96000.0 706.72311
96200.0 712.75582
96400.0 708.89978
96600.0 703.54442
96800.0 703.84113
97000.0 718.11955
97200.0 721.73559
97400.0 731.32713
97600.0 705.89487
97800.0 689.81708
98000.0 726.61584
98200.0 715.11301
98400.0 712.59194
98600.0 695.34545
98800.0 698.49594
99000.0 702.47421
99200.0 692.67749
99400.0 691.95183
99600.0 683.56572
99800.0 691.28175
100000.0 714.72047
