0.0 0.98857773
200.0 0.98948407
400.0 0.99309358
600.0 1.0011746
800.0 1.0055199
1000.0 1.0028561
1200.0 1.0061672
1400.0 1.0030546
1600.0 1.0088855
1800.0 1.0021908
2000.0 1.0080944
2200.0 0.98959255
2400.0 0.98450278
2600.0 0.98944282
2800.0 0.99487094
3000.0 1.0145133
3200.0 1.033533
3400.0 1.0433372
3600.0 1.0356896
3800.0 1.0053041
4000.0 0.97038099
4200.0 0.95178019
4400.0 0.94097134
4600.0 0.95279178
4800.0 0.99083483
5000.0 1.0288507
5200.0 1.0426833
5400.0 1.0412882
5600.0 1.0168611
5800.0 0.99150727
6000.0 0.97459677
6200.0 0.97146824
6400.0 0.98250421
6600.0 0.99075435
6800.0 1.0095255
7000.0 1.0218907
7200.0 1.0374422
7400.0 1.0386039
7600.0 1.0113142
7800.0 0.9899114
8000.0 0.97082009
8200.0 0.97799666
8400.0 1.0033057
8600.0 1.0315231
8800.0 1.0477698
9000.0 1.051084
9200.0 1.0375575
9400.0 1.0086357
9600.0 0.97725094
9800.0 0.95954765
10000.0 0.96651694
10200.0 0.9823217
10400.0 0.99909144
10600.0 1.0022313
10800.0 1.0019979
11000.0 0.98246239
11200.0 0.96047424
11400.0 0.95907022
11600.0 0.9858216
11800.0 1.0215766
12000.0 1.0513885
12200.0 1.0629349
12400.0 1.0430808
12600.0 1.0191165
12800.0 1.012961
13000.0 1.008774
13200.0 1.0053555
13400.0 1.0160619
13600.0 1.0148019
13800.0 1.0116999
14000.0 1.0137541
14200.0 1.0115966
14400.0 1.0078514
14600.0 1.0053756
14800.0 0.99680197
15000.0 0.989794
15200.0 0.98694561
15400.0 0.98798264
15600.0 0.99445503
15800.0 0.99212087
16000.0 0.99204066
16200.0 0.98908691
16400.0 0.98696364
16600.0 0.98695949
16800.0 1.0077586
17000.0 1.0154254
17200.0 1.0195705
17400.0 1.0269072
17600.0 1.0319943
17800.0 1.0275912
18000.0 1.0162198
18200.0 0.99516588
18400.0 0.96793646
18600.0 0.94803668
18800.0 0.93593549
19000.0 0.94834428
19200.0 0.98275359
19400.0 1.0278284
19600.0 1.0462681
19800.0 1.0460239
20000.0 1.0243352
20200.0 0.99371059
20400.0 0.97300442
20600.0 0.97335057
20800.0 0.9796377
21000.0 0.99212345
21200.0 1.0293025
21400.0 1.0300482
21600.0 1.0246336
21800.0 1.0129239
22000.0 0.99176288
22200.0 0.97604564
22400.0 0.96683322
22600.0 0.96050184
22800.0 0.96704612
23000.0 0.99136834
23200.0 1.0329745
23400.0 1.0648033
23600.0 1.0537968
23800.0 1.0417906
24000.0 1.0044827
24200.0 0.97941661
24400.0 0.96320952
24600.0 0.96154847
24800.0 0.96645055
25000.0 0.97807137
25200.0 0.99250049
25400.0 1.0104445
25600.0 1.0238014
25800.0 1.0344163
26000.0 1.0305933
26200.0 1.0222434
26400.0 1.0330685
26600.0 1.027885
26800.0 1.0228773
27000.0 1.0086586
27200.0 1.0017713
27400.0 0.98800561
27600.0 0.98327024
27800.0 0.96321194
28000.0 0.95767706
28200.0 0.96781498
28400.0 0.98261335
28600.0 0.99226752
28800.0 1.0004262
29000.0 1.0094291
29200.0 1.0102308
29400.0 1.0087212
29600.0 1.0016087
29800.0 1.0121991
30000.0 1.0428748
30200.0 1.0606669
30400.0 1.0774262
30600.0 1.0864361
30800.0 1.0633623
31000.0 1.0330396
31200.0 0.99244926
31400.0 0.97004199
31600.0 0.98351045
31800.0 0.99299583
32000.0 0.99821112
32200.0 1.0090493
32400.0 0.99627097
32600.0 0.98837858
32800.0 0.98634196
33000.0 0.98075586
33200.0 0.9802323
33400.0 0.99071201
33600.0 0.98901161
33800.0 0.99600864
34000.0 1.0072688
34200.0 1.0197515
34400.0 1.0385668
34600.0 1.0416678
34800.0 1.0493726
35000.0 1.0500191
35200.0 1.0238743
35400.0 1.0085531
35600.0 0.99961559
35800.0 0.98888302
36000.0 0.98918802
36200.0 0.99062589
36400.0 0.98672508
36600.0 0.98950912
36800.0 0.96765372
37000.0 0.95190706
37200.0 0.95998087
37400.0 0.98947121
37600.0 1.0113671
37800.0 1.0401835
38000.0 1.0398695
38200.0 1.0391558
38400.0 1.0277745
38600.0 0.9998945
38800.0 0.9715611
39000.0 0.95647465
39200.0 0.95260622
39400.0 0.97774642
39600.0 1.0203431
39800.0 1.0430613
40000.0 1.0497836
40200.0 1.0309792
40400.0 1.0177644
40600.0 0.99915755
40800.0 0.96437207
41000.0 0.95230285
41200.0 0.96187195
41400.0 0.97369913
41600.0 0.99290955
41800.0 1.0003062
42000.0 1.0008028
42200.0 0.99968807
42400.0 1.0105552
42600.0 1.0069122
42800.0 1.0130544
43000.0 1.023975
43200.0 1.0388686
43400.0 1.0450205
43600.0 1.0458781
43800.0 1.0366802
44000.0 1.0238774
44200.0 1.0017182
44400.0 0.9893272
44600.0 1.0071087
44800.0 0.99503838
45000.0 0.97553211
45200.0 0.9773888
45400.0 0.96779544
45600.0 0.96136304
45800.0 0.96988974
46000.0 0.98371691
46200.0 0.98350353
46400.0 0.99069093
46600.0 0.9930817
46800.0 1.0042302
47000.0 1.0032066
47200.0 1.0050308
47400.0 1.0073947
47600.0 1.0162341
47800.0 1.0392445
48000.0 1.0404048
48200.0 1.0465438
48400.0 1.0321346
48600.0 1.0102603
48800.0 0.98885199
49000.0 0.97337504
49200.0 0.98003279
49400.0 0.99282351
49600.0 0.99645707
49800.0 1.0071259
50000.0 0.99952028
50200.0 0.98868062
50400.0 0.97933907
50600.0 0.95698204
50800.0 0.96943646
51000.0 0.98590108
51200.0 1.0088883
51400.0 1.0285389
51600.0 1.0424558
51800.0 1.0236003
52000.0 0.99934267
52200.0 0.98883021
52400.0 0.98801864
52600.0 0.99815858
52800.0 1.0347023
53000.0 1.0508949
53200.0 1.0383283
53400.0 1.0166729
53600.0 0.9875967
53800.0 0.96327985
54000.0 0.94820682
54200.0 0.9531418
54400.0 0.97343107
54600.0 1.0073334
54800.0 1.0237904
55000.0 1.0259415
55200.0 1.0192596
55400.0 0.98956999
55600.0 0.97212706
55800.0 0.97631169
56000.0 0.99472451
56200.0 1.0137291
56400.0 1.0244145
56600.0 1.0379385
56800.0 1.0476652
57000.0 1.0293373
57200.0 0.99898027
57400.0 0.98384372
57600.0 0.9690254
57800.0 0.96137739
58000.0 0.97165021
58200.0 0.98245443
58400.0 0.99163461
58600.0 1.0026683
58800.0 1.0087364
59000.0 1.0200091
59200.0 1.0138352
59400.0 1.0015725
59600.0 0.99527903
59800.0 0.99419493
60000.0 0.99782297
60200.0 1.0141007
60400.0 1.027596
60600.0 1.040977
60800.0 1.0518429
61000.0 1.0385322
61200.0 1.0054938
61400.0 0.96966104
61600.0 0.95542245
61800.0 0.940051
62000.0 0.93828129
62200.0 0.96910309
62400.0 1.0127192
62600.0 1.0372503
62800.0 1.0523739
63000.0 1.0269823
63200.0 0.9994232
63400.0 0.97692783
63600.0 0.96952905
63800.0 0.96599604
64000.0 0.98268955
64200.0 1.0093462
64400.0 1.0265168
64600.0 1.0297081
64800.0 1.0376088
65000.0 1.0229536
65200.0 0.98671714
65400.0 0.96678066
65600.0 0.96383679
65800.0 0.98379471
66000.0 1.0066291
66200.0 1.0240622
66400.0 1.0432106
66600.0 1.0523155
66800.0 1.0421957
67000.0 1.0187287
67200.0 0.98772572
67400.0 0.96917999
67600.0 0.95882483
67800.0 0.96367289
68000.0 0.98697566
68200.0 0.99240649
68400.0 0.99886054
68600.0 0.99892911
68800.0 0.98034553
69000.0 0.9842126
69200.0 0.98918433
69400.0 0.99588134
69600.0 1.0112808
69800.0 1.0406949
70000.0 1.0433538
70200.0 1.0443326
70400.0 1.021142
70600.0 1.0027484
70800.0 0.99476237
71000.0 0.99899172
71200.0 1.0105481
71400.0 1.0188035
71600.0 0.99647617
71800.0 0.98690352
72000.0 0.97605015
72200.0 0.96975967
72400.0 0.96971868
72600.0 0.97356947
72800.0 0.98478292
73000.0 0.98536792
73200.0 0.98182115
73400.0 0.98432008
73600.0 0.98740802
73800.0 0.98993661
74000.0 0.99382221
74200.0 1.0237554
74400.0 1.0362851
74600.0 1.0431049
74800.0 1.0435129
75000.0 1.0297503
75200.0 1.0241906
75400.0 1.0100248
75600.0 1.0045645
75800.0 1.0260463
76000.0 1.0277851
76200.0 1.0280061
76400.0 1.009428
76600.0 0.98602656
76800.0 0.97513132
77000.0 0.9622079
77200.0 0.95956728
77400.0 0.9632797
77600.0 0.97854215
77800.0 1.0017575
78000.0 1.0453535
78200.0 1.0192981
78400.0 1.0045497
78600.0 0.99690389
78800.0 0.99860026
79000.0 0.99710316
79200.0 0.99640337
79400.0 1.0186358
79600.0 1.0168902
79800.0 1.0101595
80000.0 0.99901345
80200.0 0.98833808
80400.0 0.97545843
80600.0 0.97452533
80800.0 0.98470991
81000.0 0.98637255
81200.0 0.99656171
81400.0 0.99283199
81600.0 0.97012683
81800.0 0.94651152
82000.0 0.92356503
82200.0 0.92577039
82400.0 0.9676499
82600.0 0.99690113
82800.0 1.0314429
83000.0 1.0429041
83200.0 1.0420745
83400.0 1.0061
83600.0 0.97896428
83800.0 0.97490876
84000.0 0.98159172
84200.0 1.0063363
84400.0 1.0357673
84600.0 1.0414264
84800.0 1.0313524
85000.0 1.0169129
85200.0 0.98319587
85400.0 0.95350519
85600.0 0.94306961
85800.0 0.95525321
86000.0 0.98091642
86200.0 1.007651
86400.0 1.0213026
86600.0 1.0200681
86800.0 1.0045491
87000.0 0.99734639
87200.0 0.99381001
87400.0 0.98502072
87600.0 0.9956758
87800.0 0.99765586
88000.0 1.0073304
88200.0 1.015857
88400.0 1.0182149
88600.0 1.0189089
88800.0 1.0123256
89000.0 1.0039879
89200.0 0.99959566
89400.0 1.0149444
89600.0 1.0522844
89800.0 1.0575315
90000.0 1.0540738
90200.0 1.0389755
90400.0 1.0075294
90600.0 0.97968229
90800.0 0.97048082
91000.0 0.95910902
91200.0 0.96421006
91400.0 0.98343467
91600.0 0.99742016
91800.0 1.0068506
92000.0 1.009925
92200.0 1.00267
92400.0 0.99503084
92600.0 0.9821892
92800.0 0.98123907
93000.0 1.0021488
93200.0 1.0260057
93400.0 1.0374762
93600.0 1.0421633
93800.0 1.041676
94000.0 1.0286638
94200.0 0.99591886
94400.0 0.9720764
94600.0 0.95767703
94800.0 0.94050808
95000.0 0.94548601
95200.0 0.9501773
95400.0 0.96368535
95600.0 0.98450942
95800.0 0.99376411
96000.0 0.99510753
96200.0 0.99476627
96400.0 0.99527131
96600.0 0.99050356
96800.0 0.99544071
97000.0 1.0020059
97200.0 1.0185083
97400.0 1.0174319
97600.0 1.0125817
97800.0 1.010889
98000.0 1.0160215
98200.0 0.99767612
98400.0 0.99363913
98600.0 0.9881265
98800.0 0.97557178
99000.0 0.97708342
99200.0 0.984841
99400.0 1.0012714
99600.0 1.0046124
99800.0 1.0182703
100000.0 1.030191
