0.0 30.70578
200.0 29.972992
400.0 31.041829
600.0 31.776386
800.0 31.00769
1000.0 30.828251
1200.0 32.192794
1400.0 31.512542
1600.0 32.61037
1800.0 31.494726
2000.0 33.375121
2200.0 31.729094
2400.0 32.713896
2600.0 31.690285
2800.0 32.109006
3000.0 32.114735
3200.0 32.456701
3400.0 31.50469
3600.0 31.191265
3800.0 31.534315
4000.0 31.254312
4200.0 32.115441
4400.0 31.632243
4600.0 31.822358
4800.0 32.344213
5000.0 31.766383
5200.0 31.539684
5400.0 32.690722
5600.0 31.633474
5800.0 31.825753
6000.0 32.19567
6200.0 32.325267
6400.0 31.471937
6600.0 32.790011
6800.0 31.795065
7000.0 31.37776
7200.0 32.285452
7400.0 31.005091
7600.0 31.670454
7800.0 30.765404
8000.0 31.930855
8200.0 31.001432
8400.0 32.283926
8600.0 32.402131
8800.0 32.18086
9000.0 32.366061
9200.0 32.467848
9400.0 31.480909
9600.0 32.533774
9800.0 32.110392
10000.0 31.635868
10200.0 31.517009
10400.0 31.228142
10600.0 31.688082
10800.0 31.107718
11000.0 31.918635
11200.0 31.650714
11400.0 31.883581
11600.0 32.050103
11800.0 32.251246
12000.0 32.609919
12200.0 32.523014
12400.0 32.506746
12600.0 32.274566
12800.0 32.075514
13000.0 31.514092
13200.0 32.088423
13400.0 31.534179
13600.0 31.780308
13800.0 31.848325
14000.0 32.160775
14200.0 31.368527
14400.0 31.951204
14600.0 32.174753
14800.0 32.913693
15000.0 32.251814
15200.0 33.26114
15400.0 32.950539
15600.0 32.962113
15800.0 33.173219
16000.0 32.137165
16200.0 32.3291
16400.0 32.306161
16600.0 32.015053
16800.0 32.11843
17000.0 32.14088
17200.0 30.925749
17400.0 31.863118
17600.0 31.061295
17800.0 31.794444
18000.0 31.981066
18200.0 32.431779
18400.0 32.126122
18600.0 32.743952
18800.0 32.128922
19000.0 32.375486
19200.0 32.27071
19400.0 31.840204
19600.0 31.850208
19800.0 32.442307
20000.0 31.894735
20200.0 31.309546
20400.0 31.463421
20600.0 31.198545
20800.0 31.013752
21000.0 30.313484
21200.0 31.556146
21400.0 30.680181
21600.0 31.764123
21800.0 31.403974
22000.0 32.37933
22200.0 32.01408
22400.0 32.020208
22600.0 31.526119
22800.0 32.477124
23000.0 32.717057
23200.0 31.628096
23400.0 32.571784
23600.0 32.644807
23800.0 31.530304
24000.0 31.552784
24200.0 32.277843
24400.0 31.170275
24600.0 31.602813
24800.0 31.114852
25000.0 31.655967
25200.0 31.200357
25400.0 32.822961
25600.0 32.008564
25800.0 31.732789
26000.0 32.797528
26200.0 32.54226
26400.0 32.852087
26600.0 31.739595
26800.0 31.857957
27000.0 31.77454
27200.0 31.49923
27400.0 32.066598
27600.0 31.48274
27800.0 32.384452
28000.0 31.358364
28200.0 32.350494
28400.0 32.336788
28600.0 33.509562
28800.0 31.976067
29000.0 32.683828
29200.0 32.571504
29400.0 33.021986
29600.0 31.796383
29800.0 31.883081
30000.0 32.318918
30200.0 32.628421
30400.0 30.876926
30600.0 32.110827
30800.0 31.706316
31000.0 31.446882
31200.0 32.105923
31400.0 33.043587
31600.0 32.395987
31800.0 32.649757
32000.0 32.117193
32200.0 33.235107
32400.0 33.326236
32600.0 33.052627
32800.0 31.94237
33000.0 33.680729
33200.0 31.148518
33400.0 32.888331
33600.0 32.223818
33800.0 31.465646
34000.0 30.944581
34200.0 32.502736
34400.0 31.357466
34600.0 32.004155
34800.0 31.76274
35000.0 32.656047
35200.0 32.440651
35400.0 33.063126
35600.0 32.034009
35800.0 31.868595
36000.0 32.430611
36200.0 32.320527
36400.0 31.642141
36600.0 31.334142
36800.0 31.057623
37000.0 31.826954
37200.0 31.142671
37400.0 32.294071
37600.0 32.042603
37800.0 31.355178
38000.0 33.217557
38200.0 32.111264
38400.0 32.404568
38600.0 32.139089
38800.0 32.246555
39000.0 31.278993
39200.0 31.923122
39400.0 30.821811
39600.0 31.326036
39800.0 31.440664
40000.0 30.466306
40200.0 30.55211
40400.0 30.256099
40600.0 31.136571
40800.0 31.016739
41000.0 31.908042
41200.0 31.440149
41400.0 31.918281
41600.0 31.884836
41800.0 32.215538
42000.0 33.166076
42200.0 31.631333
42400.0 31.890954
42600.0 32.346075
42800.0 32.880899
43000.0 31.85285
43200.0 31.240343
43400.0 32.5121
43600.0 30.956486
43800.0 31.696733
44000.0 32.327783
44200.0 30.888037
44400.0 31.662284
44600.0 32.477893
44800.0 32.884383
45000.0 32.418214
45200.0 32.515361
45400.0 32.106859
45600.0 32.144463
45800.0 32.503508
46000.0 31.638708
46200.0 32.100517
46400.0 31.974954
46600.0 30.984346
46800.0 31.759378
47000.0 31.55797
47200.0 31.792879
47400.0 31.976306
47600.0 32.002442
47800.0 31.390593
48000.0 32.106447
48200.0 32.814271
48400.0 31.137533
48600.0 32.278563
48800.0 32.17011
49000.0 32.613905
49200.0 31.588013
49400.0 31.926332
49600.0 32.111563
49800.0 31.821666
50000.0 31.255699
50200.0 31.034782
50400.0 31.826235
50600.0 31.306928
50800.0 31.602063
51000.0 32.486909
51200.0 32.221591
51400.0 32.214786
51600.0 32.107123
51800.0 31.835196
52000.0 32.827912
52200.0 32.599637
52400.0 31.65293
52600.0 31.169011
52800.0 32.345756
53000.0 31.314271
53200.0 31.807922
53400.0 31.238659
53600.0 32.223298
53800.0 32.370616
54000.0 32.553737
54200.0 32.458643
54400.0 33.036258
54600.0 32.383636
54800.0 32.703766
55000.0 31.955791
55200.0 31.624095
55400.0 31.959079
55600.0 31.534304
55800.0 32.021502
56000.0 31.298694
56200.0 31.884772
56400.0 31.847114
56600.0 33.084386
56800.0 31.907063
57000.0 32.925437
57200.0 32.757862
57400.0 32.428254
57600.0 32.176966
57800.0 32.212436
58000.0 31.898237
58200.0 31.360369
58400.0 31.820455
58600.0 31.600342
58800.0 31.602541
59000.0 31.366996
59200.0 31.923123
59400.0 32.684429
59600.0 32.877695
59800.0 31.937036
60000.0 32.420136
60200.0 32.18464
60400.0 31.276087
60600.0 31.878465
60800.0 32.040005
61000.0 31.391678
61200.0 30.321778
61400.0 31.62878
61600.0 31.003895
61800.0 31.809185
62000.0 30.967927
62200.0 31.862627
62400.0 31.906244
62600.0 31.70034
62800.0 31.789939
63000.0 31.317806
63200.0 32.798015
63400.0 31.159453
63600.0 32.736814
63800.0 32.867584
64000.0 31.884126
64200.0 32.80696
64400.0 32.119463
64600.0 32.332226
64800.0 30.922024
65000.0 32.474006
65200.0 30.891441
65400.0 31.368224
65600.0 31.688178
65800.0 32.450824
66000.0 31.653452
66200.0 31.75258
66400.0 32.41247
66600.0 31.821379
66800.0 33.012689
67000.0 31.882607
67200.0 32.658047
67400.0 32.342923
67600.0 31.854823
67800.0 32.184194
68000.0 32.342424
68200.0 32.391009
68400.0 31.500845
68600.0 31.684808
68800.0 31.81769
69000.0 31.615002
69200.0 31.985095
69400.0 32.849865
69600.0 32.262043
69800.0 31.748403
70000.0 33.140346
70200.0 32.678392
70400.0 33.124932
70600.0 31.76952
70800.0 33.166818
71000.0 31.451187
71200.0 31.563576
71400.0 32.173049
71600.0 31.784892
71800.0 31.575285
72000.0 31.619194
72200.0 31.965129
72400.0 32.333385
72600.0 32.288414
72800.0 32.634097
73000.0 32.120356
73200.0 32.53832
73400.0 33.097763
73600.0 31.527996
73800.0 31.611088
74000.0 32.143236
74200.0 31.821654
74400.0 31.489476
74600.0 31.677125
74800.0 30.992699
75000.0 32.107386
75200.0 31.833394
75400.0 31.954266
75600.0 32.238629
75800.0 32.276134
76000.0 32.987871
76200.0 32.378253
76400.0 31.748746
76600.0 32.411009
76800.0 32.368252
77000.0 31.54436
77200.0 31.833883
77400.0 31.685817
77600.0 31.555302
77800.0 32.122079
78000.0 30.896769
78200.0 32.279224
78400.0 31.165947
78600.0 32.160847
78800.0 32.419238
79000.0 32.678529
79200.0 31.773255
79400.0 32.868504
79600.0 32.070972
79800.0 32.237867
80000.0 32.209149
80200.0 31.574639
80400.0 31.426014
80600.0 32.171133
80800.0 31.489546
81000.0 31.600444
81200.0 31.399668
81400.0 30.887592
81600.0 32.350978
81800.0 32.469944
82000.0 31.391364
82200.0 32.311063
82400.0 32.027132
82600.0 31.840239
82800.0 32.893723
83000.0 31.696116
83200.0 32.142779
83400.0 32.657043
83600.0 30.944793
83800.0 31.435681
84000.0 32.338552
84200.0 31.13206
84400.0 30.701848
84600.0 31.669334
84800.0 32.059902
85000.0 32.508683
85200.0 31.304039
85400.0 32.197694
85600.0 32.633647
85800.0 32.879904
86000.0 32.101569
86200.0 31.600836
86400.0 32.520554
86600.0 32.14007
86800.0 31.743548
87000.0 31.637063
87200.0 31.709027
87400.0 31.071452
87600.0 31.378333
87800.0 31.824538
88000.0 31.04068
88200.0 31.947735
88400.0 32.069547
88600.0 31.639084
88800.0 32.434746
89000.0 32.676167
89200.0 31.561645
89400.0 33.100485
89600.0 32.051843
89800.0 32.105609
90000.0 31.892593
90200.0 31.538785
90400.0 31.125578
90600.0 31.493786
90800.0 31.874142
91000.0 31.498307
91200.0 31.64584
91400.0 31.888389
91600.0 32.55237
91800.0 31.785413
92000.0 32.537939
92200.0 32.247079
92400.0 32.285375
92600.0 31.892537
92800.0 32.122117
93000.0 32.076095
93200.0 32.123316
93400.0 31.623992
93600.0 31.721842
93800.0 32.244613
94000.0 31.112709
94200.0 30.786963
94400.0 31.262163
94600.0 31.506287
94800.0 31.718524
95000.0 31.262494
95200.0 32.14302
95400.0 32.390729
95600.0 32.322456
95800.0 32.039242
96000.0 31.28183
96200.0 32.916121
96400.0 32.112882
96600.0 32.508901
96800.0 31.65888
97000.0 32.058519
97200.0 31.519467
97400.0 31.035348
97600.0 31.386826
97800.0 32.077355
98000.0 31.57532
98200.0 30.870411
98400.0 32.24143
98600.0 32.259146
98800.0 31.918381
99000.0 31.973657
99200.0 32.327672
99400.0 32.356213
99600.0 31.744278
99800.0 32.321264
100000.0 32.678856
