0.0 -4652.6611
200.0 -4648.8636
400.0 -4640.8865
600.0 -4633.8775
800.0 -4629.1953
1000.0 -4624.2874
1200.0 -4621.5044
1400.0 -4618.9412
1600.0 -4614.8448
1800.0 -4612.3702
2000.0 -4608.4383
2200.0 -4603.9771
2400.0 -4603.2163
2600.0 -4599.9345
2800.0 -4593.8645
3000.0 -4591.6047
3200.0 -4594.2476
3400.0 -4600.6288
3600.0 -4609.0731
3800.0 -4615.8875
4000.0 -4620.2785
4200.0 -4621.6007
4400.0 -4621.7411
4600.0 -4623.6919
4800.0 -4626.4717
5000.0 -4627.8059
5200.0 -4626.8256
5400.0 -4621.8091
5600.0 -4611.9943
5800.0 -4604.1539
6000.0 -4601.0852
6200.0 -4599.8989
6400.0 -4598.9
6600.0 -4600.1181
6800.0 -4603.0504
7000.0 -4608.6877
7200.0 -4619.2123
7400.0 -4624.477
7600.0 -4625.3292
7800.0 -4627.4373
8000.0 -4627.8626
8200.0 -4625.0328
8400.0 -4622.3681
8600.0 -4619.3498
8800.0 -4612.3324
9000.0 -4605.9483
9200.0 -4606.4275
9400.0 -4606.8607
9600.0 -4607.0645
9800.0 -4609.5325
10000.0 -4614.3881
10200.0 -4626.8839
10400.0 -4636.5274
10600.0 -4639.9894
10800.0 -4640.7844
11000.0 -4638.2808
11200.0 -4633.717
11400.0 -4625.6573
11600.0 -4619.147
11800.0 -4616.6777
12000.0 -4613.4768
12200.0 -4611.29
12400.0 -4612.7784
12600.0 -4614.366
12800.0 -4614.6615
13000.0 -4615.1141
13200.0 -4617.8596
13400.0 -4623.6945
13600.0 -4630.5159
13800.0 -4634.5115
14000.0 -4635.2275
14200.0 -4634.518
14400.0 -4630.5531
14600.0 -4623.2547
14800.0 -4614.4761
15000.0 -4607.5457
15200.0 -4604.9717
15400.0 -4605.2221
15600.0 -4607.6036
15800.0 -4612.1704
16000.0 -4617.5894
16200.0 -4622.0933
16400.0 -4625.7318
16600.0 -4627.2176
16800.0 -4627.1337
17000.0 -4625.4051
17200.0 -4620.9282
17400.0 -4611.2408
17600.0 -4601.7219
17800.0 -4599.316
18000.0 -4598.7834
18200.0 -4599.9375
18400.0 -4604.0219
18600.0 -4607.9657
18800.0 -4613.5676
19000.0 -4619.1864
19200.0 -4622.8681
19400.0 -4625.67
19600.0 -4626.3997
19800.0 -4627.2204
20000.0 -4628.8007
20200.0 -4626.7117
20400.0 -4620.797
20600.0 -4615.3176
20800.0 -4610.985
21000.0 -4609.0556
21200.0 -4608.8043
21400.0 -4607.6523
21600.0 -4608.7341
21800.0 -4612.0989
22000.0 -4615.5279
22200.0 -4619.9826
22400.0 -4625.6474
22600.0 -4629.8816
22800.0 -4630.8148
23000.0 -4630.0377
23200.0 -4628.909
23400.0 -4623.9605
23600.0 -4612.7207
23800.0 -4603.8542
24000.0 -4600.1119
24200.0 -4599.6941
24400.0 -4601.8511
24600.0 -4604.9797
24800.0 -4611.8133
25000.0 -4618.8815
25200.0 -4621.7573
25400.0 -4619.9259
25600.0 -4619.8999
25800.0 -4620.8065
26000.0 -4620.1634
26200.0 -4621.0157
26400.0 -4621.8534
26600.0 -4620.0029
26800.0 -4616.7644
27000.0 -4611.5655
27200.0 -4605.0456
27400.0 -4599.471
27600.0 -4597.61
27800.0 -4600.3128
28000.0 -4605.4402
28200.0 -4610.3232
28400.0 -4613.8631
28600.0 -4616.9322
28800.0 -4621.8474
29000.0 -4626.8582
29200.0 -4630.5258
29400.0 -4632.9792
29600.0 -4631.9853
29800.0 -4628.4327
30000.0 -4617.6943
30200.0 -4605.1803
30400.0 -4598.8817
30600.0 -4597.1095
30800.0 -4597.9159
31000.0 -4601.0126
31200.0 -4607.1741
31400.0 -4613.5413
31600.0 -4619.1732
31800.0 -4623.6477
32000.0 -4624.6136
32200.0 -4623.8682
32400.0 -4622.8821
32600.0 -4620.7827
32800.0 -4617.2243
33000.0 -4610.0815
33200.0 -4602.3665
33400.0 -4598.4314
33600.0 -4596.9298
33800.0 -4597.3445
34000.0 -4600.6091
34200.0 -4607.5353
34400.0 -4618.6864
34600.0 -4626.1744
34800.0 -4627.4219
35000.0 -4626.5008
35200.0 -4625.2229
35400.0 -4621.7793
35600.0 -4617.0018
35800.0 -4613.8528
36000.0 -4612.6798
36200.0 -4611.8148
36400.0 -4610.4538
36600.0 -4607.5531
36800.0 -4602.299
37000.0 -4597.2087
37200.0 -4593.3293
37400.0 -4592.3113
37600.0 -4596.1458
37800.0 -4604.118
38000.0 -4612.9429
38200.0 -4618.6069
38400.0 -4621.3416
38600.0 -4622.2015
38800.0 -4622.9373
39000.0 -4622.8342
39200.0 -4622.0899
39400.0 -4620.2247
39600.0 -4614.4913
39800.0 -4608.1782
40000.0 -4605.3768
40200.0 -4600.1589
40400.0 -4591.4609
40600.0 -4587.2307
40800.0 -4588.7797
41000.0 -4592.929
41200.0 -4601.04
41400.0 -4606.9458
41600.0 -4608.6266
41800.0 -4612.275
42000.0 -4616.0287
42200.0 -4617.0586
42400.0 -4618.1377
42600.0 -4620.1405
42800.0 -4620.3462
43000.0 -4619.5436
43200.0 -4617.7846
43400.0 -4617.4369
43600.0 -4618.9872
43800.0 -4619.3217
44000.0 -4616.9771
44200.0 -4616.5415
44400.0 -4615.4312
44600.0 -4612.1
44800.0 -4609.8793
45000.0 -4606.9047
45200.0 -4601.5549
45400.0 -4597.5445
45600.0 -4597.5381
45800.0 -4600.6379
46000.0 -4606.9382
46200.0 -4615.6213
46400.0 -4623.4736
46600.0 -4626.6982
46800.0 -4627.4041
47000.0 -4628.3103
47200.0 -4627.7127
47400.0 -4624.4269
47600.0 -4621.8718
47800.0 -4617.853
48000.0 -4610.0174
48200.0 -4602.9881
48400.0 -4597.6565
48600.0 -4596.2854
48800.0 -4597.1974
49000.0 -4598.3095
49200.0 -4601.2078
49400.0 -4606.1374
49600.0 -4609.6732
49800.0 -4612.146
50000.0 -4616.6116
50200.0 -4619.587
50400.0 -4621.5273
50600.0 -4622.9164
50800.0 -4623.8612
51000.0 -4626.353
51200.0 -4627.5778
51400.0 -4628.3583
51600.0 -4629.2799
51800.0 -4627.1065
52000.0 -4623.0578
52200.0 -4617.8528
52400.0 -4612.6693
52600.0 -4607.7886
52800.0 -4604.9146
53000.0 -4604.505
53200.0 -4604.5801
53400.0 -4606.5712
53600.0 -4612.2638
53800.0 -4620.7108
54000.0 -4628.6599
54200.0 -4632.2935
54400.0 -4633.7484
54600.0 -4634.3628
54800.0 -4630.1352
55000.0 -4625.2472
55200.0 -4623.1577
55400.0 -4621.2456
55600.0 -4618.9672
55800.0 -4615.2705
56000.0 -4613.0914
56200.0 -4613.7091
56400.0 -4614.2905
56600.0 -4612.7798
56800.0 -4612.6379
57000.0 -4613.0872
57200.0 -4612.5475
57400.0 -4613.3378
57600.0 -4614.7368
57800.0 -4615.8533
58000.0 -4617.7314
58200.0 -4618.3721
58400.0 -4618.4205
58600.0 -4617.4554
58800.0 -4614.9525
59000.0 -4614.3818
59200.0 -4615.0141
59400.0 -4613.4831
59600.0 -4612.3393
59800.0 -4615.6208
60000.0 -4625.2665
60200.0 -4633.318
60400.0 -4637.2328
60600.0 -4638.0699
60800.0 -4636.3861
61000.0 -4629.6984
61200.0 -4623.4121
61400.0 -4619.9764
61600.0 -4615.8268
61800.0 -4612.3994
62000.0 -4611.2849
62200.0 -4611.8813
62400.0 -4612.1562
62600.0 -4611.6855
62800.0 -4613.8846
63000.0 -4616.3971
63200.0 -4618.4954
63400.0 -4624.1634
63600.0 -4633.1883
63800.0 -4639.7215
64000.0 -4642.7389
64200.0 -4641.6384
64400.0 -4637.9701
64600.0 -4632.6435
64800.0 -4625.0801
65000.0 -4619.2043
65200.0 -4616.359
65400.0 -4612.4149
65600.0 -4608.2436
65800.0 -4605.6239
66000.0 -4606.0225
66200.0 -4608.3082
66400.0 -4611.924
66600.0 -4616.4133
66800.0 -4619.5331
67000.0 -4625.8149
67200.0 -4635.6432
67400.0 -4642.1162
67600.0 -4644.9785
67800.0 -4644.8942
68000.0 -4642.1606
68200.0 -4637.6755
68400.0 -4634.7486
68600.0 -4631.5307
68800.0 -4626.4167
69000.0 -4620.9227
69200.0 -4614.9776
69400.0 -4610.7319
69600.0 -4608.1498
69800.0 -4606.7387
70000.0 -4606.5415
70200.0 -4610.0379
70400.0 -4615.9397
70600.0 -4622.2773
70800.0 -4628.5543
71000.0 -4631.6252
71200.0 -4631.9193
71400.0 -4630.3116
71600.0 -4628.866
71800.0 -4627.7268
72000.0 -4627.3167
72200.0 -4625.0854
72400.0 -4619.223
72600.0 -4615.4442
72800.0 -4612.5042
73000.0 -4609.4845
73200.0 -4607.8865
73400.0 -4608.0365
73600.0 -4609.7325
73800.0 -4612.0544
74000.0 -4615.1315
74200.0 -4620.9855
74400.0 -4627.6138
74600.0 -4632.633
74800.0 -4634.4369
75000.0 -4632.9149
75200.0 -4629.8311
75400.0 -4625.5437
75600.0 -4619.9534
75800.0 -4612.2622
76000.0 -4604.7016
76200.0 -4602.6791
76400.0 -4604.4168
76600.0 -4606.1345
76800.0 -4609.6598
77000.0 -4612.8523
77200.0 -4615.2733
77400.0 -4618.7121
77600.0 -4622.0282
77800.0 -4625.1932
78000.0 -4628.9901
78200.0 -4635.5494
78400.0 -4644.3555
78600.0 -4648.0462
78800.0 -4646.8767
79000.0 -4640.8622
79200.0 -4634.9418
79400.0 -4630.5774
79600.0 -4624.8359
79800.0 -4620.0232
80000.0 -4618.1457
80200.0 -4616.6956
80400.0 -4615.3078
80600.0 -4614.5312
80800.0 -4613.3938
81000.0 -4611.5536
81200.0 -4610.7801
81400.0 -4609.3351
81600.0 -4608.8189
81800.0 -4610.3694
82000.0 -4612.5394
82200.0 -4614.3339
82400.0 -4617.497
82600.0 -4621.9625
82800.0 -4624.9023
83000.0 -4628.1301
83200.0 -4633.5515
83400.0 -4636.4395
83600.0 -4635.7525
83800.0 -4634.6629
84000.0 -4628.9785
84200.0 -4617.5088
84400.0 -4610.4199
84600.0 -4607.8804
84800.0 -4606.7476
85000.0 -4606.2254
85200.0 -4604.3297
85400.0 -4604.1991
85600.0 -4606.6769
85800.0 -4611.7838
86000.0 -4620.0736
86200.0 -4625.4988
86400.0 -4627.5548
86600.0 -4629.0277
86800.0 -4628.1592
87000.0 -4625.7121
87200.0 -4623.1854
87400.0 -4619.4018
87600.0 -4614.6967
87800.0 -4607.5091
88000.0 -4595.8893
88200.0 -4587.5217
88400.0 -4584.3393
88600.0 -4584.3829
88800.0 -4590.6687
89000.0 -4598.7738
89200.0 -4603.3136
89400.0 -4607.8953
89600.0 -4613.2578
89800.0 -4618.2247
90000.0 -4623.8507
90200.0 -4627.3545
90400.0 -4628.0253
90600.0 -4627.0284
90800.0 -4624.5672
91000.0 -4618.6786
91200.0 -4611.5109
91400.0 -4606.5397
91600.0 -4603.8291
91800.0 -4603.0451
92000.0 -4603.2775
92200.0 -4603.1499
92400.0 -4603.6295
92600.0 -4607.6359
92800.0 -4613.8049
93000.0 -4620.453
93200.0 -4624.9514
93400.0 -4627.9588
93600.0 -4630.224
93800.0 -4631.0451
94000.0 -4628.3828
94200.0 -4622.6282
94400.0 -4615.292
94600.0 -4609.9837
94800.0 -4608.2201
95000.0 -4608.1591
95200.0 -4609.3155
95400.0 -4608.2143
95600.0 -4606.8465
95800.0 -4608.8535
96000.0 -4610.8892
96200.0 -4613.731
96400.0 -4616.4012
96600.0 -4617.0654
96800.0 -4617.4049
97000.0 -4616.5741
97200.0 -4615.5655
97400.0 -4616.1533
97600.0 -4616.3098
97800.0 -4614.2842
98000.0 -4612.2435
98200.0 -4609.8364
98400.0 -4608.6703
98600.0 -4611.599
98800.0 -4616.3407
99000.0 -4620.6576
99200.0 -4624.2161
99400.0 -4625.6812
99600.0 -4626.4874
99800.0 -4630.8241
100000.0 -4635.8452
