0.0 26.170947
200.0 19.020456
400.0 10.053451
600.0 15.786671
800.0 19.774941
1000.0 27.1248
1200.0 22.092614
1400.0 23.248965
1600.0 20.261795
1800.0 23.091096
2000.0 21.549032
2200.0 18.529455
2400.0 19.984077
2600.0 19.367324
2800.0 18.33833
3000.0 26.269072
3200.0 21.319199
3400.0 22.560347
3600.0 21.973376
3800.0 21.13893
4000.0 28.305067
4200.0 19.364654
4400.0 20.128046
4600.0 21.370642
4800.0 22.255583
5000.0 18.103934
5200.0 20.938649
5400.0 20.215691
5600.0 16.485054
5800.0 17.056523
6000.0 20.110464
6200.0 19.627674
6400.0 16.730433
6600.0 16.943263
6800.0 17.578209
7000.0 18.940186
7200.0 16.319771
7400.0 15.574685
7600.0 15.745981
7800.0 16.981811
8000.0 17.505638
8200.0 16.837544
8400.0 15.488064
8600.0 14.922533
8800.0 13.603694
9000.0 13.327262
9200.0 13.845659
9400.0 12.674074
9600.0 11.930206
9800.0 12.239552
10000.0 12.039477
10200.0 11.786935
10400.0 11.601163
10600.0 11.134678
10800.0 11.019461
11000.0 10.701528
11200.0 10.396562
11400.0 9.4347809
11600.0 9.3756238
11800.0 9.8215842
12000.0 9.0903548
12200.0 8.5231469
12400.0 8.4279017
12600.0 8.3160788
12800.0 7.7795042
13000.0 7.2580799
13200.0 7.383795
13400.0 7.2965503
13600.0 6.9737124
13800.0 6.9941663
14000.0 6.8289265
14200.0 6.2859524
14400.0 6.1676957
14600.0 6.1349404
14800.0 5.7502362
15000.0 5.3965517
15200.0 5.3365948
15400.0 5.2336839
15600.0 5.1857404
15800.0 4.9427723
16000.0 4.8788418
16200.0 4.6592054
16400.0 4.5771619
16600.0 4.4072758
16800.0 4.388036
17000.0 4.195498
17200.0 3.9659236
17400.0 3.8904572
17600.0 3.8005784
17800.0 3.6043404
18000.0 3.4516893
18200.0 3.3934704
18400.0 3.3226617
18600.0 3.2013769
18800.0 3.1474099
19000.0 3.0320865
19200.0 2.9557469
19400.0 2.8396724
19600.0 2.7141299
19800.0 2.6089068
20000.0 2.5393593
20200.0 2.489899
20400.0 2.4641448
20600.0 2.3860417
20800.0 2.2861574
21000.0 2.2279161
21200.0 2.204883
21400.0 2.1835524
21600.0 2.0734596
21800.0 1.9883451
22000.0 1.9252187
22200.0 1.8946676
22400.0 1.881479
22600.0 1.8699411
22800.0 1.7647613
23000.0 1.7102217
23200.0 1.6969794
23400.0 1.6542938
23600.0 1.6030209
23800.0 1.5612478
24000.0 1.5519092
24200.0 1.5296031
24400.0 1.485565
24600.0 1.449174
24800.0 1.4174051
25000.0 1.3966878
25200.0 1.3806743
25400.0 1.3665932
25600.0 1.3198589
25800.0 1.3003022
26000.0 1.286837
26200.0 1.2679009
26400.0 1.2301518
26600.0 1.210665
26800.0 1.1878982
27000.0 1.1840779
27200.0 1.1713479
27400.0 1.1573199
27600.0 1.1468262
27800.0 1.1313744
28000.0 1.1251998
28200.0 1.1125135
28400.0 1.1079998
28600.0 1.0892528
28800.0 1.068239
29000.0 1.0598921
29200.0 1.0688693
29400.0 1.0481487
29600.0 1.0369199
29800.0 1.0423349
30000.0 1.0217229
30200.0 1.0219386
30400.0 1.036471
30600.0 1.0322216
30800.0 1.022036
31000.0 1.0084147
31200.0 1.014793
31400.0 0.99864565
31600.0 1.0094115
31800.0 1.0376109
32000.0 1.0448825
32200.0 1.0336589
32400.0 1.0045992
32600.0 0.9742827
32800.0 0.97231992
33000.0 0.95248083
33200.0 0.96150514
33400.0 0.97994378
33600.0 0.99989749
33800.0 1.0115217
34000.0 1.0323312
34200.0 1.0063814
34400.0 0.97596266
34600.0 0.96578833
34800.0 0.97632314
35000.0 0.99243059
35200.0 1.0228497
35400.0 1.0304613
35600.0 1.0434345
35800.0 1.0381587
36000.0 1.0217886
36200.0 0.99951002
36400.0 0.96825724
36600.0 0.96702542
36800.0 0.9812735
37000.0 0.97479768
37200.0 0.98206736
37400.0 1.0036445
37600.0 1.0230481
37800.0 1.0157707
38000.0 1.0212706
38200.0 1.00172
38400.0 0.98893199
38600.0 0.9882831
38800.0 0.9852566
39000.0 0.98808101
39200.0 1.0102671
39400.0 1.0532594
39600.0 1.0656659
39800.0 1.0293111
40000.0 0.97644841
40200.0 0.92967409
40400.0 0.91218451
40600.0 0.9290467
40800.0 0.95613245
41000.0 0.98714647
41200.0 1.0010113
41400.0 1.0067891
41600.0 0.99313233
41800.0 0.96994199
42000.0 0.9654267
42200.0 0.98295074
42400.0 0.99567638
42600.0 1.027738
42800.0 1.0274173
43000.0 1.0357792
43200.0 1.0230513
43400.0 1.0189909
43600.0 0.98801825
43800.0 0.98089155
44000.0 0.98149615
44200.0 0.99430075
44400.0 1.0126608
44600.0 1.0225397
44800.0 1.0135905
45000.0 0.98420188
45200.0 0.97123544
45400.0 0.97659797
45600.0 0.95895059
45800.0 0.97720195
46000.0 0.99133943
46200.0 1.020155
46400.0 1.0609652
46600.0 1.0850034
46800.0 1.0554199
47000.0 1.02092
47200.0 0.98715608
47400.0 0.97991572
47600.0 0.95841791
47800.0 0.97493467
48000.0 0.9828296
48200.0 0.99039975
48400.0 1.0097455
48600.0 1.008512
48800.0 1.009874
49000.0 0.99574861
49200.0 0.97537075
49400.0 0.98225929
49600.0 0.99100526
49800.0 0.99743371
50000.0 1.0238765
50200.0 1.0463615
50400.0 1.0705577
50600.0 1.0613624
50800.0 1.0290742
51000.0 0.99701541
51200.0 0.96925499
51400.0 0.96649625
51600.0 0.99966883
51800.0 1.0051974
52000.0 0.99451651
52200.0 0.98229805
52400.0 0.9775141
52600.0 0.98332003
52800.0 0.97529465
53000.0 0.98510017
53200.0 0.99257159
53400.0 1.0051019
53600.0 1.0192367
53800.0 1.013005
54000.0 1.0127728
54200.0 1.0138575
54400.0 1.0156841
54600.0 1.0277765
54800.0 1.060773
55000.0 1.0531206
55200.0 1.039715
55400.0 1.0186546
55600.0 0.98414215
55800.0 0.97560264
56000.0 0.97301337
56200.0 0.9718712
56400.0 0.98304016
56600.0 1.005869
56800.0 1.0201473
57000.0 1.0220725
57200.0 1.0039298
57400.0 0.98275864
57600.0 0.9591477
57800.0 0.95737668
58000.0 0.96913194
58200.0 0.98741291
58400.0 1.0135395
58600.0 1.028721
58800.0 1.0307212
59000.0 1.0242625
59200.0 1.0206197
59400.0 0.98466275
59600.0 0.97014515
59800.0 0.96911184
60000.0 0.99313734
60200.0 1.0172215
60400.0 1.0369599
60600.0 1.0523481
60800.0 1.0395359
61000.0 0.99014726
61200.0 0.9727922
61400.0 0.95764625
61600.0 0.957945
61800.0 0.96809417
62000.0 0.99657531
62200.0 1.0072277
62400.0 1.0160634
62600.0 1.0003953
62800.0 1.0052352
63000.0 0.99901122
63200.0 0.99041855
63400.0 1.0072997
63600.0 1.0103462
63800.0 1.026614
64000.0 1.013001
64200.0 1.0224254
64400.0 1.0131603
64600.0 1.0130003
64800.0 1.015925
65000.0 1.0162002
65200.0 1.0187843
65400.0 1.030244
65600.0 1.0365365
65800.0 1.0167852
66000.0 0.98390375
66200.0 0.94684451
66400.0 0.94107681
66600.0 0.95685061
66800.0 0.98665867
67000.0 0.991547
67200.0 0.98644959
67400.0 0.97257591
67600.0 0.96668897
67800.0 0.9687616
68000.0 0.9819467
68200.0 0.99863204
68400.0 1.0193718
68600.0 1.0277369
68800.0 1.0302974
69000.0 1.0134159
69200.0 0.99141115
69400.0 0.9848772
69600.0 0.97564339
69800.0 0.98680082
70000.0 0.98931498
70200.0 1.0092804
70400.0 1.0274755
70600.0 1.03893
70800.0 1.0198595
71000.0 0.99310703
71200.0 0.96672094
71400.0 0.9510673
71600.0 0.9589218
71800.0 0.97573605
72000.0 0.9973728
72200.0 1.0107098
72400.0 1.0290871
72600.0 1.0470661
72800.0 1.0295255
73000.0 1.0253552
73200.0 1.0041255
73400.0 0.99077725
73600.0 0.98394582
73800.0 0.99085991
74000.0 1.0066197
74200.0 1.0213106
74400.0 1.0090937
74600.0 0.98140064
74800.0 0.95022903
75000.0 0.93052093
75200.0 0.93944012
75400.0 0.94320021
75600.0 0.97352891
75800.0 0.99849651
76000.0 1.0172133
76200.0 1.0051667
76400.0 0.99519756
76600.0 0.98498217
76800.0 1.0042743
77000.0 1.0254893
77200.0 1.0251434
77400.0 1.0201474
77600.0 1.0186517
77800.0 1.0318431
78000.0 1.0039688
78200.0 0.98664889
78400.0 0.98536759
78600.0 0.99215024
78800.0 1.0052406
79000.0 0.99612595
79200.0 0.98042993
79400.0 0.96608794
79600.0 0.9548676
79800.0 0.96952289
80000.0 0.98844089
80200.0 0.99810084
80400.0 1.021751
80600.0 1.0467928
80800.0 1.0405807
81000.0 1.0149586
81200.0 0.99549157
81400.0 0.99245213
81600.0 1.0000649
81800.0 1.0008642
82000.0 1.0138416
82200.0 1.0114109
82400.0 1.0066774
82600.0 1.0058066
82800.0 0.99647657
83000.0 0.97643091
83200.0 0.96490042
83400.0 0.97214641
83600.0 0.98927028
83800.0 0.99933549
84000.0 1.014118
84200.0 1.0129222
84400.0 0.98207368
84600.0 0.96310411
84800.0 0.94329391
85000.0 0.95100196
85200.0 0.99194641
85400.0 1.0222768
85600.0 1.0557479
85800.0 1.0669917
86000.0 1.0494966
86200.0 1.0093161
86400.0 0.99643779
86600.0 0.98943829
86800.0 0.98708948
87000.0 1.0035742
87200.0 1.0066294
87400.0 1.0156654
87600.0 1.0057774
87800.0 1.0144611
88000.0 0.99532878
88200.0 0.98592622
88400.0 0.98841995
88600.0 0.99694444
88800.0 0.9920757
89000.0 1.0039562
89200.0 1.0170827
89400.0 0.99245927
89600.0 0.96928589
89800.0 0.94362626
90000.0 0.92034277
90200.0 0.92922244
90400.0 0.98817249
90600.0 1.0241659
90800.0 1.039848
91000.0 1.0325098
91200.0 1.0141605
91400.0 0.99105388
91600.0 0.98751246
91800.0 0.9929278
92000.0 0.99859333
92200.0 1.0064626
92400.0 1.0155104
92600.0 1.0158699
92800.0 1.0220256
93000.0 1.0142379
93200.0 1.0057936
93400.0 0.9861928
93600.0 0.9783536
93800.0 0.98157663
94000.0 0.97755661
94200.0 0.97838331
94400.0 0.98608259
94600.0 1.0140171
94800.0 1.0143347
95000.0 1.0136578
95200.0 1.0169164
95400.0 0.98004734
95600.0 0.97068322
95800.0 0.99918554
96000.0 1.0342052
96200.0 1.0391848
96400.0 1.051077
96600.0 1.0557217
96800.0 1.0413294
97000.0 1.0061883
97200.0 0.97830622
97400.0 0.95436217
97600.0 0.96560782
97800.0 0.99278089
98000.0 0.99529236
98200.0 0.99627858
98400.0 1.0000188
98600.0 1.0141153
98800.0 0.99979085
99000.0 0.99115168
99200.0 0.98400782
99400.0 0.95157724
99600.0 0.94006428
99800.0 0.96422223
100000.0 0.98357667
