0.0 -5278.7116
200.0 -5277.1817
400.0 -5278.2637
600.0 -5274.3852
800.0 -5272.8426
1000.0 -5271.9756
1200.0 -5273.2007
1400.0 -5265.6911
1600.0 -5269.1338
1800.0 -5266.7843
2000.0 -5267.8441
2200.0 -5262.8232
2400.0 -5271.0747
2600.0 -5265.419
2800.0 -5267.692
3000.0 -5271.4093
3200.0 -5274.3561
3400.0 -5275.9076
3600.0 -5273.307
3800.0 -5273.5682
4000.0 -5276.3483
4200.0 -5269.5836
4400.0 -5272.5227
4600.0 -5269.8972
4800.0 -5266.2761
5000.0 -5268.9582
5200.0 -5270.5076
5400.0 -5262.9202
5600.0 -5270.6294
5800.0 -5264.8998
6000.0 -5274.6306
6200.0 -5271.0304
6400.0 -5269.759
6600.0 -5276.0411
6800.0 -5272.1363
7000.0 -5272.7454
7200.0 -5273.008
7400.0 -5280.8666
7600.0 -5265.3239
7800.0 -5276.5407
8000.0 -5268.5819
8200.0 -5271.5294
8400.0 -5266.859
8600.0 -5270.4068
8800.0 -5265.3295
9000.0 -5269.9759
9200.0 -5264.8161
9400.0 -5268.0923
9600.0 -5265.8463
9800.0 -5269.1353
10000.0 -5267.0897
10200.0 -5269.1345
10400.0 -5273.4787
10600.0 -5275.5124
10800.0 -5273.0931
11000.0 -5273.3868
11200.0 -5271.2218
11400.0 -5269.9628
11600.0 -5265.644
11800.0 -5267.0547
12000.0 -5268.0123
12200.0 -5263.1276
12400.0 -5268.9086
12600.0 -5264.9751
12800.0 -5270.1719
13000.0 -5268.692
13200.0 -5272.09
13400.0 -5267.5705
13600.0 -5272.537
13800.0 -5272.1583
14000.0 -5270.2255
14200.0 -5272.1256
14400.0 -5264.6313
14600.0 -5269.6849
14800.0 -5264.8881
15000.0 -5272.4977
15200.0 -5267.742
15400.0 -5265.7498
15600.0 -5267.8686
15800.0 -5271.288
16000.0 -5271.5334
16200.0 -5276.6207
16400.0 -5276.1579
16600.0 -5273.1545
16800.0 -5277.8825
17000.0 -5273.7569
17200.0 -5271.0838
17400.0 -5272.411
17600.0 -5266.894
17800.0 -5265.9983
18000.0 -5270.8586
18200.0 -5263.5988
18400.0 -5269.4674
18600.0 -5263.0524
18800.0 -5270.6891
19000.0 -5272.3
19200.0 -5272.734
19400.0 -5270.3635
19600.0 -5277.6059
19800.0 -5271.3953
20000.0 -5275.8924
20200.0 -5272.3696
20400.0 -5273.734
20600.0 -5268.4562
20800.0 -5272.7136
21000.0 -5268.5774
21200.0 -5264.4525
21400.0 -5267.1448
21600.0 -5271.1939
21800.0 -5264.5708
22000.0 -5270.6242
22200.0 -5270.0312
22400.0 -5265.1984
22600.0 -5271.0517
22800.0 -5269.9102
23000.0 -5269.1165
23200.0 -5274.8343
23400.0 -5270.3917
23600.0 -5274.0971
23800.0 -5273.4572
24000.0 -5280.0823
24200.0 -5268.6125
24400.0 -5276.1601
24600.0 -5267.726
24800.0 -5270.4308
25000.0 -5268.9287
25200.0 -5266.1765
25400.0 -5262.2687
25600.0 -5269.5687
25800.0 -5266.492
26000.0 -5266.1959
26200.0 -5270.0767
26400.0 -5272.7989
26600.0 -5275.3236
26800.0 -5269.658
27000.0 -5273.3313
27200.0 -5276.5024
27400.0 -5275.4245
27600.0 -5270.1893
27800.0 -5272.218
28000.0 -5273.3808
28200.0 -5264.3355
28400.0 -5272.2499
28600.0 -5272.7841
28800.0 -5267.5947
29000.0 -5271.5677
29200.0 -5263.7929
29400.0 -5274.9085
29600.0 -5265.2046
29800.0 -5270.3635
30000.0 -5268.6207
30200.0 -5264.0651
30400.0 -5269.3425
30600.0 -5264.9683
30800.0 -5265.8482
31000.0 -5264.1752
31200.0 -5268.703
31400.0 -5267.1693
31600.0 -5269.1432
31800.0 -5270.3968
32000.0 -5274.9398
32200.0 -5268.7517
32400.0 -5267.5926
32600.0 -5276.9038
32800.0 -5271.5945
33000.0 -5271.974
33200.0 -5270.1303
33400.0 -5263.7049
33600.0 -5268.4929
33800.0 -5263.7634
34000.0 -5256.1492
34200.0 -5260.7275
34400.0 -5261.2189
34600.0 -5264.7108
34800.0 -5266.5706
35000.0 -5262.7667
35200.0 -5268.247
35400.0 -5271.3335
35600.0 -5270.8903
35800.0 -5271.6362
36000.0 -5272.4878
36200.0 -5270.3477
36400.0 -5273.8336
36600.0 -5268.7916
36800.0 -5271.4739
37000.0 -5264.6361
37200.0 -5266.1292
37400.0 -5259.8392
37600.0 -5267.7177
37800.0 -5264.5357
38000.0 -5264.9754
38200.0 -5268.8248
38400.0 -5268.7814
38600.0 -5270.0061
38800.0 -5279.2377
39000.0 -5265.8349
39200.0 -5273.2635
39400.0 -5274.409
39600.0 -5267.2867
39800.0 -5270.447
40000.0 -5272.4632
40200.0 -5265.1604
40400.0 -5264.8505
40600.0 -5267.2959
40800.0 -5265.038
41000.0 -5260.4398
41200.0 -5260.6459
41400.0 -5259.8489
41600.0 -5267.3094
41800.0 -5269.8363
42000.0 -5270.356
42200.0 -5273.7436
42400.0 -5268.183
42600.0 -5277.4192
42800.0 -5267.1299
43000.0 -5274.8717
43200.0 -5271.3625
43400.0 -5266.1406
43600.0 -5265.0005
43800.0 -5271.7217
44000.0 -5261.2608
44200.0 -5263.9397
44400.0 -5266.9315
44600.0 -5268.2021
44800.0 -5268.7166
45000.0 -5273.4129
45200.0 -5270.7155
45400.0 -5275.0655
45600.0 -5272.4704
45800.0 -5273.1248
46000.0 -5274.1479
46200.0 -5268.6779
46400.0 -5267.8951
46600.0 -5267.819
46800.0 -5267.3024
47000.0 -5264.3854
47200.0 -5265.2079
47400.0 -5262.9937
47600.0 -5262.8127
47800.0 -5264.0151
48000.0 -5264.1654
48200.0 -5269.6828
48400.0 -5270.6698
48600.0 -5272.5816
48800.0 -5273.1255
49000.0 -5271.0727
49200.0 -5276.509
49400.0 -5265.6414
49600.0 -5275.9357
49800.0 -5269.0597
50000.0 -5261.9178
50200.0 -5270.2028
50400.0 -5264.1235
50600.0 -5262.2274
50800.0 -5264.5617
51000.0 -5268.0915
51200.0 -5269.0958
51400.0 -5274.4964
51600.0 -5270.6353
51800.0 -5282.5954
52000.0 -5269.2254
52200.0 -5273.9823
52400.0 -5277.5873
52600.0 -5265.395
52800.0 -5270.8825
53000.0 -5266.3103
53200.0 -5266.776
53400.0 -5269.715
53600.0 -5261.6857
53800.0 -5268.0961
54000.0 -5263.3338
54200.0 -5272.2503
54400.0 -5270.8379
54600.0 -5279.4979
54800.0 -5274.9774
55000.0 -5276.8808
55200.0 -5271.2194
55400.0 -5280.5034
55600.0 -5270.8915
55800.0 -5271.4045
56000.0 -5268.0478
56200.0 -5271.2
56400.0 -5265.5739
56600.0 -5272.4377
56800.0 -5264.644
57000.0 -5266.1467
57200.0 -5271.9029
57400.0 -5263.2626
57600.0 -5276.2494
57800.0 -5272.7777
58000.0 -5269.6743
58200.0 -5277.9057
58400.0 -5274.4118
58600.0 -5274.835
58800.0 -5273.6382
59000.0 -5271.6126
59200.0 -5269.9452
59400.0 -5258.8717
59600.0 -5273.2018
59800.0 -5263.0229
60000.0 -5269.2244
60200.0 -5264.6162
60400.0 -5267.9967
60600.0 -5267.1431
60800.0 -5274.927
61000.0 -5266.728
61200.0 -5269.9603
61400.0 -5265.7231
61600.0 -5274.7483
61800.0 -5265.032
62000.0 -5272.6073
62200.0 -5270.3132
62400.0 -5271.4244
62600.0 -5266.1441
62800.0 -5270.1627
63000.0 -5269.5896
63200.0 -5267.3806
63400.0 -5268.1167
63600.0 -5262.7459
63800.0 -5264.1361
64000.0 -5261.6421
64200.0 -5266.3651
64400.0 -5272.2158
64600.0 -5268.7866
64800.0 -5269.5141
65000.0 -5271.9351
65200.0 -5273.0046
65400.0 -5269.896
65600.0 -5276.1219
65800.0 -5272.559
66000.0 -5265.4438
66200.0 -5271.5185
66400.0 -5261.1142
66600.0 -5259.9453
66800.0 -5259.3631
67000.0 -5264.24
67200.0 -5265.451
67400.0 -5264.0838
67600.0 -5270.2674
67800.0 -5261.7606
68000.0 -5270.3237
68200.0 -5272.3077
68400.0 -5267.8101
68600.0 -5268.9412
68800.0 -5275.3103
69000.0 -5271.202
69200.0 -5272.0443
69400.0 -5273.4448
69600.0 -5272.9351
69800.0 -5273.2609
70000.0 -5274.0161
70200.0 -5272.765
70400.0 -5263.7783
70600.0 -5266.4212
70800.0 -5269.1364
71000.0 -5263.8669
71200.0 -5262.9588
71400.0 -5267.6924
71600.0 -5273.3254
71800.0 -5267.8864
72000.0 -5272.3174
72200.0 -5278.485
72400.0 -5271.5511
72600.0 -5270.4655
72800.0 -5272.0347
73000.0 -5272.6543
73200.0 -5267.1018
73400.0 -5269.1894
73600.0 -5269.3694
73800.0 -5268.4334
74000.0 -5268.3904
74200.0 -5263.8037
74400.0 -5270.0583
74600.0 -5272.5669
74800.0 -5267.4183
75000.0 -5274.1634
75200.0 -5279.1229
75400.0 -5274.0044
75600.0 -5276.0094
75800.0 -5275.3765
76000.0 -5273.688
76200.0 -5271.3097
76400.0 -5268.1534
76600.0 -5264.6805
76800.0 -5266.7432
77000.0 -5269.5985
77200.0 -5267.4072
77400.0 -5272.8616
77600.0 -5261.8443
77800.0 -5277.5157
78000.0 -5265.5812
78200.0 -5271.0438
78400.0 -5272.689
78600.0 -5276.0405
78800.0 -5280.0584
79000.0 -5277.8187
79200.0 -5272.7769
79400.0 -5281.1909
79600.0 -5275.0972
79800.0 -5266.8764
80000.0 -5274.0986
80200.0 -5269.5288
80400.0 -5265.4056
80600.0 -5269.3787
80800.0 -5264.0542
81000.0 -5268.7721
81200.0 -5266.6058
81400.0 -5262.1285
81600.0 -5272.4533
81800.0 -5267.9565
82000.0 -5272.8353
82200.0 -5271.9939
82400.0 -5270.9482
82600.0 -5274.0489
82800.0 -5275.9218
83000.0 -5273.3513
83200.0 -5269.6984
83400.0 -5269.4313
83600.0 -5267.6174
83800.0 -5266.4421
84000.0 -5263.467
84200.0 -5268.96
84400.0 -5267.4182
84600.0 -5267.5144
84800.0 -5269.7196
85000.0 -5268.4977
85200.0 -5270.3647
85400.0 -5273.8482
85600.0 -5272.8455
85800.0 -5268.5709
86000.0 -5277.6575
86200.0 -5270.5993
86400.0 -5271.3868
86600.0 -5263.3851
86800.0 -5269.2501
87000.0 -5262.5063
87200.0 -5266.2716
87400.0 -5262.3388
87600.0 -5268.3003
87800.0 -5266.3897
88000.0 -5269.1219
88200.0 -5273.9681
88400.0 -5272.3182
88600.0 -5273.346
88800.0 -5275.9657
89000.0 -5267.9756
89200.0 -5273.1327
89400.0 -5272.0812
89600.0 -5266.0504
89800.0 -5269.4815
90000.0 -5269.1331
90200.0 -5271.7167
90400.0 -5266.1384
90600.0 -5267.4621
90800.0 -5272.7572
91000.0 -5270.1851
91200.0 -5268.9995
91400.0 -5269.721
91600.0 -5274.2575
91800.0 -5270.4951
92000.0 -5276.0888
92200.0 -5273.1723
92400.0 -5274.1171
92600.0 -5269.2107
92800.0 -5276.169
93000.0 -5262.8141
93200.0 -5269.6501
93400.0 -5269.7879
93600.0 -5262.4172
93800.0 -5266.3737
94000.0 -5268.8872
94200.0 -5267.2917
94400.0 -5272.7478
94600.0 -5269.6995
94800.0 -5271.2751
95000.0 -5273.1782
95200.0 -5278.3259
95400.0 -5266.2544
95600.0 -5275.0119
95800.0 -5274.2358
96000.0 -5268.1892
96200.0 -5271.0135
96400.0 -5269.1249
96600.0 -5267.7878
96800.0 -5261.2435
97000.0 -5265.0849
97200.0 -5270.0985
97400.0 -5260.7629
97600.0 -5255.2865
97800.0 -5259.9202
98000.0 -5271.1774
98200.0 -5261.6519
98400.0 -5274.149
98600.0 -5271.5494
98800.0 -5270.422
99000.0 -5269.783
99200.0 -5275.4549
99400.0 -5275.5394
99600.0 -5269.5202
99800.0 -5265.4005
100000.0 -5269.5501
