0.0 804.38011
200.0 828.79286
400.0 798.18529
600.0 813.24584
800.0 835.43635
1000.0 838.06268
1200.0 823.42581
1400.0 804.2152
1600.0 779.44785
1800.0 800.4881
2000.0 801.63762
2200.0 795.53763
2400.0 810.93893
2600.0 816.87531
2800.0 821.24973
3000.0 826.74657
3200.0 846.20966
3400.0 807.26615
3600.0 799.2866
3800.0 796.30665
4000.0 799.0008
4200.0 792.77036
4400.0 786.35166
4600.0 781.40872
4800.0 795.93692
5000.0 805.79765
5200.0 809.89755
5400.0 814.81518
5600.0 821.44076
5800.0 803.22761
6000.0 802.5198
6200.0 827.13007
6400.0 821.63283
6600.0 808.30666
6800.0 831.43076
7000.0 819.67135
7200.0 778.8641
7400.0 780.49067
7600.0 805.45209
7800.0 805.5321
8000.0 796.99582
8200.0 806.21392
8400.0 791.16401
8600.0 799.05878
8800.0 801.36626
9000.0 820.71827
9200.0 804.5705
9400.0 818.86692
9600.0 810.30452
9800.0 798.72184
10000.0 814.55407
10200.0 814.71885
10400.0 804.53978
10600.0 807.70847
10800.0 819.71403
11000.0 829.82019
11200.0 833.21751
11400.0 838.31935
11600.0 822.85955
11800.0 832.36691
12000.0 836.83678
12200.0 807.62054
12400.0 803.84364
12600.0 818.73466
12800.0 813.65482
13000.0 827.27106
13200.0 814.59839
13400.0 804.18555
13600.0 800.8655
13800.0 805.84055
14000.0 811.6522
14200.0 810.33836
14400.0 826.3617
14600.0 832.27374
14800.0 810.59872
15000.0 782.17696
15200.0 782.42458
15400.0 802.68031
15600.0 814.79331
15800.0 801.8701
16000.0 811.89629
16200.0 805.36051
16400.0 796.82657
16600.0 816.99625
16800.0 808.5659
17000.0 792.60907
17200.0 828.46017
17400.0 803.21243
17600.0 806.79287
17800.0 821.20303
18000.0 833.92626
18200.0 812.32087
18400.0 830.66378
18600.0 796.41714
18800.0 774.43572
19000.0 768.30546
19200.0 795.63309
19400.0 800.39653
19600.0 817.73447
19800.0 806.23385
20000.0 821.98922
20200.0 812.0753
20400.0 813.43829
20600.0 828.1476
20800.0 832.0138
21000.0 820.75754
21200.0 820.53827
21400.0 798.74024
21600.0 812.65925
21800.0 817.14376
22000.0 813.76801
22200.0 795.38996
22400.0 811.54381
22600.0 820.84927
22800.0 800.39782
23000.0 791.81526
23200.0 816.81616
23400.0 806.217
23600.0 807.60772
23800.0 818.76921
24000.0 808.72283
24200.0 829.18805
24400.0 837.21827
24600.0 823.61198
24800.0 805.35827
25000.0 804.04159
25200.0 771.88828
25400.0 792.09371
25600.0 794.80901
25800.0 789.31352
26000.0 820.58522
26200.0 812.2116
26400.0 815.18661
26600.0 825.07999
26800.0 805.67284
27000.0 788.82698
27200.0 812.75717
27400.0 826.35064
27600.0 814.69384
27800.0 806.53881
28000.0 837.14933
28200.0 828.90561
28400.0 797.31731
28600.0 797.4144
28800.0 824.47938
29000.0 826.33554
29200.0 829.98621
29400.0 815.02816
29600.0 814.49043
29800.0 803.78851
30000.0 819.16254
30200.0 825.57577
30400.0 817.31642
30600.0 792.5293
30800.0 796.56299
31000.0 805.25344
31200.0 827.64522
31400.0 832.56219
31600.0 817.21111
31800.0 812.90479
32000.0 792.51788
32200.0 791.60827
32400.0 822.07961
32600.0 840.95958
32800.0 781.37328
33000.0 799.71197
33200.0 802.75158
33400.0 788.63342
33600.0 806.77699
33800.0 829.1382
34000.0 806.01441
34200.0 798.47741
34400.0 811.30226
34600.0 815.10417
34800.0 824.55807
35000.0 821.48862
35200.0 818.66854
35400.0 821.38817
35600.0 811.58825
35800.0 804.49142
36000.0 809.69278
36200.0 831.20812
36400.0 830.29199
36600.0 821.5574
36800.0 824.71882
37000.0 815.47799
37200.0 792.0998
37400.0 769.53716
37600.0 788.52562
37800.0 808.09148
38000.0 794.26355
38200.0 815.59273
38400.0 820.25388
38600.0 801.748
38800.0 815.55279
39000.0 821.00013
39200.0 811.10523
39400.0 807.74064
39600.0 799.51469
39800.0 807.27944
40000.0 817.21153
40200.0 812.95123
40400.0 836.30225
40600.0 830.61302
40800.0 825.41834
41000.0 814.96744
41200.0 828.28175
41400.0 814.97137
41600.0 799.20499
41800.0 792.5634
42000.0 818.05529
42200.0 835.26136
42400.0 826.35147
42600.0 810.95248
42800.0 798.96951
43000.0 802.48558
43200.0 799.50378
43400.0 812.74948
43600.0 827.49426
43800.0 810.10829
44000.0 828.22353
44200.0 796.94971
44400.0 798.95353
44600.0 789.50271
44800.0 807.78415
45000.0 820.72766
45200.0 839.21305
45400.0 829.16997
45600.0 801.44846
45800.0 810.25884
46000.0 803.35004
46200.0 825.86624
46400.0 808.34408
46600.0 798.29162
46800.0 790.25529
47000.0 809.43413
47200.0 810.21437
47400.0 801.56206
47600.0 803.73172
47800.0 830.72161
48000.0 825.46884
48200.0 823.81628
48400.0 812.93774
48600.0 822.70312
48800.0 833.11169
49000.0 824.75586
49200.0 803.03374
49400.0 809.613
49600.0 826.19663
49800.0 807.92287
50000.0 811.85857
50200.0 803.50371
50400.0 798.07132
50600.0 813.38255
50800.0 791.48485
51000.0 786.95538
51200.0 766.00778
51400.0 798.69521
51600.0 801.81507
51800.0 803.67877
52000.0 832.58362
52200.0 830.32459
52400.0 804.47609
52600.0 806.72546
52800.0 818.04538
53000.0 817.413
53200.0 786.60048
53400.0 797.41781
53600.0 808.46848
53800.0 812.44664
54000.0 808.35412
54200.0 832.97898
54400.0 834.65534
54600.0 808.72452
54800.0 812.2622
55000.0 812.86369
55200.0 827.27152
55400.0 802.13033
55600.0 796.79863
55800.0 795.05448
56000.0 807.25843
56200.0 821.56662
56400.0 807.81192
56600.0 803.6807
56800.0 806.74467
57000.0 823.72549
57200.0 823.29472
57400.0 826.96502
57600.0 815.57558
57800.0 807.7871
58000.0 821.88109
58200.0 820.4325
58400.0 812.45777
58600.0 808.21719
58800.0 849.03954
59000.0 822.87156
59200.0 799.80413
59400.0 794.96961
59600.0 822.4753
59800.0 809.10204
60000.0 801.74763
60200.0 815.44166
60400.0 830.74558
60600.0 832.8156
60800.0 817.44552
61000.0 817.6962
61200.0 817.70173
61400.0 813.37028
61600.0 806.07854
61800.0 812.24722
62000.0 800.0
62200.0 808.91906
62400.0 826.08782
62600.0 816.91949
62800.0 822.25612
63000.0 813.01469
63200.0 792.2404
63400.0 802.2109
63600.0 809.93763
63800.0 779.26914
64000.0 767.65603
64200.0 779.54453
64400.0 798.42626
64600.0 807.51991
64800.0 794.32168
65000.0 795.12314
65200.0 814.4956
65400.0 809.81395
65600.0 816.7138
65800.0 839.96954
66000.0 832.665
66200.0 822.7933
66400.0 804.3977
66600.0 810.03263
66800.0 828.46188
67000.0 811.43348
67200.0 789.72339
67400.0 807.15916
67600.0 822.19856
67800.0 811.10252
68000.0 786.53433
68200.0 796.79415
68400.0 816.3977
68600.0 821.48091
68800.0 816.71104
69000.0 817.02604
69200.0 794.84231
69400.0 802.05756
69600.0 789.97533
69800.0 798.54367
70000.0 826.38574
70200.0 850.90016
70400.0 823.69552
70600.0 807.89933
70800.0 813.40636
71000.0 801.44431
71200.0 807.88042
71400.0 821.8484
71600.0 827.81184
71800.0 824.5599
72000.0 816.66854
72200.0 769.47867
72400.0 774.68039
72600.0 814.76066
72800.0 815.96726
73000.0 791.79731
73200.0 818.88166
73400.0 798.46335
73600.0 823.55047
73800.0 836.6551
74000.0 823.78562
74200.0 833.39284
74400.0 827.20846
74600.0 817.7587
74800.0 812.28644
75000.0 793.43868
75200.0 796.09265
75400.0 801.3166
75600.0 814.17309
75800.0 821.86961
76000.0 824.44441
76200.0 778.42386
76400.0 800.39439
76600.0 794.94041
76800.0 800.93041
77000.0 810.16408
77200.0 848.58584
77400.0 820.86614
77600.0 819.37835
77800.0 815.80155
78000.0 817.01597
78200.0 800.24581
78400.0 808.29513
78600.0 818.69014
78800.0 839.32377
79000.0 850.31295
79200.0 838.13712
79400.0 835.3143
79600.0 832.50344
79800.0 805.92352
80000.0 796.87332
80200.0 794.91046
80400.0 813.23816
80600.0 803.37483
80800.0 796.05395
81000.0 826.84304
81200.0 844.55924
81400.0 823.06003
81600.0 817.89151
81800.0 814.32025
82000.0 814.79128
82200.0 800.54853
82400.0 779.57067
82600.0 798.78131
82800.0 834.66157
83000.0 835.32366
83200.0 822.14848
83400.0 816.78823
83600.0 813.56021
83800.0 786.7342
84000.0 802.16307
84200.0 821.16238
84400.0 806.24429
84600.0 803.21936
84800.0 808.62352
85000.0 808.45599
85200.0 797.03124
85400.0 815.42948
85600.0 818.09743
85800.0 825.88548
86000.0 815.74805
86200.0 811.26207
86400.0 836.142
86600.0 839.17863
86800.0 787.91134
87000.0 781.6699
87200.0 806.81631
87400.0 817.82563
87600.0 818.96513
87800.0 836.53619
88000.0 810.04947
88200.0 817.40452
88400.0 807.19951
88600.0 796.67371
88800.0 796.96675
89000.0 796.52028
89200.0 795.35579
89400.0 810.70467
89600.0 797.39019
89800.0 813.12995
90000.0 821.50769
90200.0 817.65277
90400.0 807.86446
90600.0 794.73489
90800.0 806.71637
91000.0 831.94992
91200.0 846.64533
91400.0 832.09198
91600.0 821.41045
91800.0 817.96278
92000.0 798.73696
92200.0 808.75802
92400.0 803.41495
92600.0 787.19029
92800.0 823.58159
93000.0 819.78038
93200.0 795.57642
93400.0 803.33808
93600.0 832.90971
93800.0 803.34948
94000.0 810.90364
94200.0 834.69702
94400.0 823.50644
94600.0 838.63017
94800.0 835.73489
95000.0 813.97286
95200.0 793.91525
95400.0 798.53059
95600.0 824.36791
95800.0 814.80532
96000.0 795.97379
96200.0 808.60546
96400.0 796.12095
96600.0 801.20834
96800.0 816.7457
97000.0 831.43516
97200.0 817.00672
97400.0 816.93299
97600.0 822.05654
97800.0 827.96025
98000.0 817.68884
98200.0 815.1517
98400.0 802.59617
98600.0 793.08222
98800.0 793.1689
99000.0 811.49727
99200.0 823.83987
99400.0 809.31799
99600.0 827.73171
99800.0 835.28713
100000.0 809.37097
