0.0 167.71561
200.0 169.25937
400.0 164.40541
600.0 164.13689
800.0 166.16215
1000.0 171.5161
1200.0 171.22933
1400.0 166.77887
1600.0 166.8306
1800.0 169.74734
2000.0 172.22761
2200.0 172.62118
2400.0 171.16066
2600.0 165.85823
2800.0 167.68335
3000.0 167.65753
3200.0 168.22825
3400.0 167.66547
3600.0 165.03037
3800.0 168.203
4000.0 165.81281
4200.0 164.68048
4400.0 160.8733
4600.0 168.3863
4800.0 172.7899
5000.0 175.68326
5200.0 168.53547
5400.0 168.25632
5600.0 169.8035
5800.0 168.26526
6000.0 171.8611
6200.0 168.12427
6400.0 171.31173
6600.0 168.18559
6800.0 164.22414
7000.0 164.31578
7200.0 167.74809
7400.0 171.84106
7600.0 174.41276
7800.0 170.69853
8000.0 169.3433
8200.0 167.84492
8400.0 165.40585
8600.0 166.37039
8800.0 165.84267
9000.0 166.71548
9200.0 169.17779
9400.0 169.32378
9600.0 168.25743
9800.0 169.496
10000.0 168.39104
10200.0 170.4832
10400.0 167.46744
10600.0 167.40942
10800.0 166.82426
11000.0 165.89808
11200.0 168.77645
11400.0 168.0877
11600.0 171.32109
11800.0 170.99498
12000.0 165.82677
12200.0 167.80805
12400.0 170.24099
12600.0 171.00742
12800.0 168.49246
13000.0 168.46256
13200.0 172.83379
13400.0 170.13586
13600.0 167.62513
13800.0 165.44097
14000.0 168.2685
14200.0 169.45961
14400.0 167.72418
14600.0 165.88809
14800.0 162.72408
15000.0 163.87192
15200.0 166.7235
15400.0 171.03008
15600.0 171.08431
15800.0 171.07024
16000.0 169.56225
16200.0 167.18253
16400.0 168.73241
16600.0 166.04563
16800.0 165.88226
17000.0 169.39082
17200.0 173.78477
17400.0 178.17441
17600.0 173.68603
17800.0 168.67864
18000.0 165.13334
18200.0 168.51751
18400.0 172.14643
18600.0 167.96411
18800.0 167.58726
19000.0 166.71255
19200.0 170.34711
19400.0 169.93719
19600.0 167.70928
19800.0 170.94026
20000.0 173.00834
20200.0 173.44107
20400.0 171.10125
20600.0 172.81347
20800.0 172.59029
21000.0 169.69006
21200.0 166.55712
21400.0 168.06204
21600.0 168.11436
21800.0 166.49376
22000.0 163.06945
22200.0 162.01955
22400.0 164.85147
22600.0 172.22115
22800.0 169.71668
23000.0 168.34596
23200.0 169.52298
23400.0 170.61807
23600.0 170.75585
23800.0 165.49779
24000.0 166.85701
24200.0 168.17539
24400.0 172.16038
24600.0 171.49085
24800.0 169.18069
25000.0 166.91104
25200.0 170.05547
25400.0 173.94024
25600.0 175.26533
25800.0 172.19879
26000.0 170.99292
26200.0 170.26418
26400.0 173.87127
26600.0 168.9981
26800.0 165.88607
27000.0 166.78063
27200.0 171.47941
27400.0 173.91639
27600.0 169.63221
27800.0 163.75199
28000.0 166.07582
28200.0 167.72475
28400.0 168.37037
28600.0 169.14575
28800.0 173.98037
29000.0 179.14291
29200.0 173.30388
29400.0 171.17352
29600.0 165.96033
29800.0 164.85988
30000.0 163.07406
30200.0 169.59306
30400.0 169.55487
30600.0 171.32638
30800.0 169.39748
31000.0 170.67193
31200.0 171.18721
31400.0 168.48605
31600.0 164.04678
31800.0 165.28806
32000.0 166.44168
32200.0 166.12827
32400.0 165.7305
32600.0 167.05502
32800.0 173.30415
33000.0 170.9558
33200.0 165.48608
33400.0 165.03802
33600.0 166.14666
33800.0 172.34525
34000.0 172.58045
34200.0 167.90468
34400.0 163.52187
34600.0 162.57692
34800.0 167.43821
35000.0 168.22842
35200.0 168.65883
35400.0 166.3378
35600.0 167.42018
35800.0 172.25301
36000.0 175.80889
36200.0 170.87198
36400.0 168.32001
36600.0 167.6726
36800.0 166.82889
37000.0 169.94606
37200.0 174.25016
37400.0 176.68718
37600.0 171.79193
37800.0 171.23032
38000.0 168.50974
38200.0 164.12505
38400.0 164.33209
38600.0 168.44058
38800.0 175.36727
39000.0 172.41064
39200.0 172.41667
39400.0 169.02377
39600.0 167.5048
39800.0 166.85826
40000.0 165.39341
40200.0 166.01962
40400.0 169.53541
40600.0 172.2474
40800.0 171.91824
41000.0 171.13736
41200.0 164.28809
41400.0 169.13355
41600.0 166.77729
41800.0 167.84242
42000.0 162.27497
42200.0 167.17858
42400.0 173.24262
42600.0 173.52322
42800.0 168.78627
43000.0 168.06977
43200.0 172.175
43400.0 173.14372
43600.0 169.07703
43800.0 165.19642
44000.0 163.26997
44200.0 164.01745
44400.0 166.23205
44600.0 166.55334
44800.0 166.99127
45000.0 166.33422
45200.0 170.54446
45400.0 171.72238
45600.0 170.12506
45800.0 169.85798
46000.0 167.88771
46200.0 165.549
46400.0 167.54211
46600.0 166.60036
46800.0 169.06066
47000.0 170.51357
47200.0 169.59926
47400.0 168.53269
47600.0 167.56827
47800.0 169.33759
48000.0 167.87417
48200.0 166.92381
48400.0 166.75188
48600.0 169.69662
48800.0 172.76735
49000.0 171.5305
49200.0 172.29876
49400.0 173.57442
49600.0 172.38078
49800.0 171.56217
50000.0 171.54103
50200.0 170.4599
50400.0 164.30947
50600.0 162.84537
50800.0 166.39185
51000.0 169.90966
51200.0 168.32871
51400.0 168.09783
51600.0 169.73723
51800.0 170.54837
52000.0 172.52032
52200.0 170.93482
52400.0 169.05009
52600.0 168.36665
52800.0 164.47469
53000.0 166.45314
53200.0 165.00905
53400.0 166.86406
53600.0 168.54474
53800.0 171.4507
54000.0 167.41741
54200.0 168.77927
54400.0 175.14098
54600.0 174.05254
54800.0 171.52788
55000.0 163.13223
55200.0 168.10248
55400.0 169.2699
55600.0 169.89187
55800.0 165.63653
56000.0 165.10144
56200.0 169.97866
56400.0 171.05577
56600.0 171.81025
56800.0 173.4024
57000.0 171.80936
57200.0 168.15561
57400.0 167.93561
57600.0 168.88425
57800.0 168.76112
58000.0 168.88082
58200.0 167.20162
58400.0 170.83959
58600.0 172.78827
58800.0 171.85101
59000.0 170.37362
59200.0 168.90584
59400.0 169.86936
59600.0 171.23617
59800.0 168.39362
60000.0 165.084
60200.0 169.57351
60400.0 166.44355
60600.0 164.84298
60800.0 164.87655
61000.0 171.11187
61200.0 174.06402
61400.0 170.62284
61600.0 170.6488
61800.0 170.87803
62000.0 173.45572
62200.0 171.01672
62400.0 167.80788
62600.0 168.28026
62800.0 166.51161
63000.0 165.08403
63200.0 168.26503
63400.0 171.5525
63600.0 171.16984
63800.0 170.60809
64000.0 173.61736
64200.0 175.39375
64400.0 173.61461
64600.0 174.18127
64800.0 169.70043
65000.0 166.52558
65200.0 167.49841
65400.0 170.66993
65600.0 169.23849
65800.0 168.06194
66000.0 167.79988
66200.0 170.16912
66400.0 168.15024
66600.0 166.35856
66800.0 165.70994
67000.0 171.01059
67200.0 171.76942
67400.0 171.67246
67600.0 169.56023
67800.0 168.68529
68000.0 166.94195
68200.0 164.04524
68400.0 167.76231
68600.0 165.41814
68800.0 168.12496
69000.0 168.90036
69200.0 168.37997
69400.0 166.37292
69600.0 166.37106
69800.0 169.97061
70000.0 171.8962
70200.0 169.6339
70400.0 168.23653
70600.0 167.26169
70800.0 169.16034
71000.0 173.20821
71200.0 167.92861
71400.0 163.6441
71600.0 165.69652
71800.0 166.82587
72000.0 165.49046
72200.0 161.03611
72400.0 164.71822
72600.0 168.69346
72800.0 170.94827
73000.0 171.79645
73200.0 170.05054
73400.0 169.65956
73600.0 169.05566
73800.0 164.53962
74000.0 165.07423
74200.0 168.21293
74400.0 173.85914
74600.0 170.65059
74800.0 167.04574
75000.0 165.49407
75200.0 169.01345
75400.0 171.73719
75600.0 171.5656
75800.0 175.44942
76000.0 171.68109
76200.0 167.96928
76400.0 168.83007
76600.0 170.83404
76800.0 172.61163
77000.0 169.02282
77200.0 165.84767
77400.0 171.4397
77600.0 171.3599
77800.0 171.05504
78000.0 172.88184
78200.0 172.66034
78400.0 173.50175
78600.0 169.75525
78800.0 167.7339
79000.0 168.02077
79200.0 168.2543
79400.0 167.97012
79600.0 170.43471
79800.0 172.11631
80000.0 166.94576
80200.0 164.81253
80400.0 165.24299
80600.0 168.98288
80800.0 174.82225
81000.0 175.3214
81200.0 171.33236
81400.0 169.26785
81600.0 165.81689
81800.0 170.19789
82000.0 171.02253
82200.0 171.59022
82400.0 172.08004
82600.0 171.13576
82800.0 172.77359
83000.0 171.81152
83200.0 171.2657
83400.0 170.0796
83600.0 171.46249
83800.0 168.54498
84000.0 167.19057
84200.0 166.13132
84400.0 169.4057
84600.0 170.76718
84800.0 170.4569
85000.0 165.09251
85200.0 162.18691
85400.0 166.02385
85600.0 168.09847
85800.0 171.88813
86000.0 171.84641
86200.0 172.41014
86400.0 171.00532
86600.0 168.21185
86800.0 163.88604
87000.0 162.22663
87200.0 171.2998
87400.0 172.98767
87600.0 173.95253
87800.0 170.21451
88000.0 170.26466
88200.0 168.55847
88400.0 168.41152
88600.0 167.98897
88800.0 168.92054
89000.0 168.58275
89200.0 164.32421
89400.0 163.76452
89600.0 163.25979
89800.0 168.26854
90000.0 168.33633
90200.0 170.92788
90400.0 168.6175
90600.0 166.01005
90800.0 165.18902
91000.0 166.95196
91200.0 170.64158
91400.0 171.80712
91600.0 169.57656
91800.0 170.7342
92000.0 173.42515
92200.0 173.3859
92400.0 167.36932
92600.0 166.28194
92800.0 167.11085
93000.0 167.28979
93200.0 166.40022
93400.0 167.00074
93600.0 170.14906
93800.0 174.21733
94000.0 169.82444
94200.0 167.69199
94400.0 168.71643
94600.0 173.38572
94800.0 176.04432
95000.0 168.68229
95200.0 166.8386
95400.0 164.79335
95600.0 165.56298
95800.0 168.34946
96000.0 166.25069
96200.0 166.86073
96400.0 165.37655
96600.0 168.831
96800.0 173.53981
97000.0 175.2111
97200.0 171.27531
97400.0 167.12552
97600.0 164.18568
97800.0 165.92972
98000.0 167.43589
98200.0 169.21097
98400.0 170.32868
98600.0 172.77354
98800.0 172.45351
99000.0 171.21502
99200.0 168.9617
99400.0 169.43254
99600.0 170.68029
99800.0 167.86808
100000.0 165.01022
