0.0 2.9859019
200.0 2.9990596
400.0 2.9945067
600.0 2.9911736
800.0 2.9968336
1000.0 3.0060707
1200.0 2.9888298
1400.0 2.998069
1600.0 3.000924
1800.0 2.9866504
2000.0 2.9941089
2200.0 2.9941619
2400.0 2.9864464
2600.0 2.9906167
2800.0 2.9895493
3000.0 2.9817583
3200.0 2.9979374
3400.0 2.9909935
3600.0 2.9910445
3800.0 3.0004422
4000.0 3.0023459
4200.0 2.984804
4400.0 3.00104
4600.0 3.0037915
4800.0 2.9779396
5000.0 3.0031047
5200.0 2.9977685
5400.0 2.9858404
5600.0 2.9890957
5800.0 3.0007485
6000.0 2.9882092
6200.0 2.9887782
6400.0 3.0036043
6600.0 2.9846131
6800.0 2.9964094
7000.0 3.0004729
7200.0 2.9953934
7400.0 2.9971656
7600.0 2.9975325
7800.0 2.9997406
8000.0 2.992642
8200.0 2.9872502
8400.0 2.9974293
8600.0 2.9833437
8800.0 2.9881916
9000.0 2.988448
9200.0 2.9920405
9400.0 2.9844221
9600.0 2.9968706
9800.0 2.9994289
10000.0 2.9822321
10200.0 3.0021829
10400.0 3.0001715
10600.0 2.9897934
10800.0 2.999961
11000.0 2.9932854
11200.0 2.9788269
11400.0 3.0037053
11600.0 2.9925798
11800.0 2.9781383
12000.0 2.9992613
12200.0 2.9888583
12400.0 2.9894319
12600.0 2.987793
12800.0 2.9960945
13000.0 2.9938839
13200.0 2.9947267
13400.0 2.9999108
13600.0 2.9967201
13800.0 3.0017484
14000.0 3.0001817
14200.0 2.9956445
14400.0 2.9949172
14600.0 2.9959218
14800.0 2.99134
15000.0 2.9883268
15200.0 2.9975882
15400.0 2.9881001
15600.0 2.9861963
15800.0 3.0020671
16000.0 2.9807779
16200.0 2.9899635
16400.0 3.0036312
16600.0 2.9873054
16800.0 2.9980536
17000.0 3.0049725
17200.0 2.9871307
17400.0 3.0032566
17600.0 3.0034012
17800.0 2.9817087
18000.0 2.9991417
18200.0 2.9982162
18400.0 2.9811982
18600.0 2.9900866
18800.0 2.9969862
19000.0 2.98706
19200.0 2.9916449
19400.0 2.9926278
19600.0 2.9898774
19800.0 2.9970088
20000.0 2.9930366
20200.0 2.997663
20400.0 3.0056069
20600.0 2.9894402
20800.0 3.0012786
21000.0 3.001636
21200.0 2.9908573
21400.0 2.9971443
21600.0 2.9994353
21800.0 2.9896416
22000.0 2.9985114
22200.0 2.9929473
22400.0 2.9915122
22600.0 2.9951895
22800.0 2.9919933
23000.0 2.9880587
23200.0 2.9864476
23400.0 2.9923964
23600.0 2.986543
23800.0 2.9796001
24000.0 2.9894073
24200.0 2.9869455
24400.0 2.9798677
24600.0 3.0001551
24800.0 2.994077
25000.0 2.9845012
25200.0 3.0074835
25400.0 2.9933995
25600.0 2.9847861
25800.0 3.0073708
26000.0 2.9896199
26200.0 2.9921754
26400.0 2.9919344
26600.0 2.9877929
26800.0 2.9874613
27000.0 2.9887436
27200.0 2.9938887
27400.0 2.9804374
27600.0 2.9925896
27800.0 2.9874459
28000.0 2.9906825
28200.0 2.9944978
28400.0 2.992757
28600.0 2.994557
28800.0 2.9990392
29000.0 2.9835637
29200.0 2.9982676
29400.0 3.002718
29600.0 2.9827107
29800.0 2.9995444
30000.0 2.9957406
30200.0 2.9835297
30400.0 3.0004988
30600.0 2.9915055
30800.0 2.9812034
31000.0 2.9980305
31200.0 2.9842647
31400.0 2.9875111
31600.0 2.9871805
31800.0 2.989668
32000.0 2.9839804
32200.0 2.9884485
32400.0 3.003477
32600.0 2.9926577
32800.0 2.9889931
33000.0 3.0038311
33200.0 2.9907627
33400.0 2.9926628
33600.0 2.9957659
33800.0 2.9980689
34000.0 2.9783994
34200.0 2.9942199
34400.0 2.9933705
34600.0 2.9821257
34800.0 2.9930901
35000.0 2.9776945
35200.0 2.988334
35400.0 2.9943642
35600.0 2.9896698
35800.0 2.9792778
36000.0 3.0068135
36200.0 2.9870258
36400.0 2.9899224
36600.0 2.9992068
36800.0 2.9945843
37000.0 2.9801663
37200.0 3.0069863
37400.0 2.9875481
37600.0 2.9880075
37800.0 2.9987506
38000.0 2.9828106
38200.0 2.988392
38400.0 2.9871845
38600.0 2.9872646
38800.0 2.9852167
39000.0 2.9905849
39200.0 2.9915244
39400.0 2.9908353
39600.0 2.9901733
39800.0 2.9948693
40000.0 2.9995976
40200.0 2.9840681
40400.0 2.9937824
40600.0 3.0010231
40800.0 2.9853745
41000.0 2.9846089
41200.0 3.0073795
41400.0 2.978459
41600.0 2.9823991
41800.0 2.9945313
42000.0 2.983562
42200.0 2.9797586
42400.0 2.993906
42600.0 2.9930189
42800.0 2.9891507
43000.0 3.005608
43200.0 2.9873972
43400.0 2.9990635
43600.0 2.9959309
43800.0 2.988913
44000.0 2.9954588
44200.0 3.0004768
44400.0 2.9794981
44600.0 2.9951847
44800.0 2.9929885
45000.0 2.9800967
45200.0 2.9990193
45400.0 2.9934764
45600.0 2.9798247
45800.0 3.0128998
46000.0 2.9917319
46200.0 2.9863613
46400.0 3.0039571
46600.0 2.9948478
46800.0 2.987062
47000.0 3.0033687
47200.0 2.9857181
47400.0 2.9893892
47600.0 2.9956861
47800.0 2.9871862
48000.0 2.9883634
48200.0 2.9955059
48400.0 2.9862081
48600.0 2.9800785
48800.0 3.0028745
49000.0 2.9821025
49200.0 2.9873535
49400.0 3.000072
49600.0 2.996838
49800.0 2.9873508
50000.0 2.9958926
50200.0 3.0004817
50400.0 2.9910046
50600.0 2.9954147
50800.0 2.990894
51000.0 2.9895386
51200.0 2.9867005
51400.0 2.9857223
51600.0 2.9852472
51800.0 2.9888207
52000.0 2.9877277
52200.0 2.9910274
52400.0 2.9933242
52600.0 2.9886124
52800.0 2.9958059
53000.0 2.9953061
53200.0 2.99259
53400.0 2.9928709
53600.0 2.9983123
53800.0 2.9863908
54000.0 2.9989688
54200.0 2.9892177
54400.0 2.9870544
54600.0 2.9945508
54800.0 2.9812214
55000.0 2.9814022
55200.0 2.9911737
55400.0 2.9830397
55600.0 2.9915932
55800.0 2.9932644
56000.0 2.9979846
56200.0 2.9891848
56400.0 3.0021743
56600.0 2.9894557
56800.0 2.9940134
57000.0 3.000755
57200.0 2.9875444
57400.0 2.9838316
57600.0 3.0033492
57800.0 2.9815643
58000.0 2.9866407
58200.0 2.9964748
58400.0 2.9861755
58600.0 2.9870657
58800.0 3.0055734
59000.0 2.9873234
59200.0 3.0003228
59400.0 2.9995244
59600.0 2.9947961
59800.0 2.9928614
60000.0 3.0028953
60200.0 2.9837803
60400.0 2.9907224
60600.0 2.9876355
60800.0 2.9907052
61000.0 2.9878336
61200.0 2.9859915
61400.0 2.9995055
61600.0 2.9835233
61800.0 2.9970023
62000.0 2.9952707
62200.0 3.0008298
62400.0 2.984695
62600.0 2.9966609
62800.0 2.9939486
63000.0 2.9941042
63200.0 2.9983599
63400.0 2.9921886
63600.0 2.9849439
63800.0 3.0010173
64000.0 2.9942801
64200.0 2.9770876
64400.0 3.0033593
64600.0 2.9885342
64800.0 2.9781926
65000.0 3.0008399
65200.0 2.9762441
65400.0 2.9863647
65600.0 2.9879429
65800.0 2.9881404
66000.0 2.9938707
66200.0 2.9924986
66400.0 2.9963395
66600.0 2.9905673
66800.0 3.0028014
67000.0 2.9826973
67200.0 2.9988321
67400.0 2.9994656
67600.0 2.9831591
67800.0 2.993545
68000.0 2.9888888
68200.0 2.9866205
68400.0 2.9887656
68600.0 2.988424
68800.0 2.9943592
69000.0 2.9818426
69200.0 2.991467
69400.0 2.9977413
69600.0 2.9864932
69800.0 2.9920075
70000.0 2.999489
70200.0 2.9877465
70400.0 2.9907165
70600.0 2.9983932
70800.0 2.9921334
71000.0 2.9945503
71200.0 2.9897946
71400.0 2.9911567
71600.0 3.0016971
71800.0 2.9806886
72000.0 2.9907917
72200.0 2.992522
72400.0 2.9919969
72600.0 2.9828081
72800.0 2.9971986
73000.0 2.9907005
73200.0 2.9910606
73400.0 2.9974379
73600.0 2.999024
73800.0 2.9895153
74000.0 3.0013104
74200.0 2.9949983
74400.0 2.9904432
74600.0 2.9910382
74800.0 2.9925349
75000.0 2.9822441
75200.0 2.98989
75400.0 2.9978791
75600.0 2.9814788
75800.0 2.9926473
76000.0 2.9943096
76200.0 2.9865399
76400.0 2.999968
76600.0 2.9956997
76800.0 2.9848332
77000.0 3.0012495
77200.0 3.0046429
77400.0 2.988757
77600.0 3.0061782
77800.0 3.0017385
78000.0 2.991773
78200.0 2.9950577
78400.0 2.9988956
78600.0 2.9926919
78800.0 2.9886204
79000.0 2.9985814
79200.0 2.9880583
79400.0 2.9884714
79600.0 2.9990931
79800.0 2.9874085
80000.0 2.9866883
80200.0 2.9983075
80400.0 2.9876426
80600.0 2.9975945
80800.0 2.9985633
81000.0 2.9956445
81200.0 2.9959175
81400.0 3.0050067
81600.0 2.9929388
81800.0 2.9935772
82000.0 2.9964787
82200.0 2.9883804
82400.0 2.9927886
82600.0 2.9953822
82800.0 2.983165
83000.0 2.9896261
83200.0 2.9974669
83400.0 2.9867419
83600.0 2.992112
83800.0 3.000067
84000.0 2.9860507
84200.0 2.9965371
84400.0 3.003586
84600.0 2.9873801
84800.0 2.9993242
85000.0 3.0007391
85200.0 2.9871139
85400.0 2.9951613
85600.0 2.9937288
85800.0 2.9915292
86000.0 2.9872649
86200.0 2.9929957
86400.0 2.9951021
86600.0 2.9850247
86800.0 3.0020818
87000.0 2.9841422
87200.0 2.9974728
87400.0 2.9992863
87600.0 2.9901279
87800.0 2.9943766
88000.0 2.9979991
88200.0 2.9892566
88400.0 2.9959986
88600.0 2.9997803
88800.0 2.9866846
89000.0 2.9925669
89200.0 2.9922139
89400.0 2.987098
89600.0 2.9843099
89800.0 2.9979969
90000.0 2.9803485
90200.0 2.9798608
90400.0 3.0018959
90600.0 2.9885035
90800.0 2.9939038
91000.0 3.009945
91200.0 2.9880041
91400.0 2.9961561
91600.0 3.0042918
91800.0 2.9918981
92000.0 2.9866029
92200.0 3.0001703
92400.0 2.9905021
92600.0 2.9850758
92800.0 2.9964771
93000.0 2.989308
93200.0 2.9852841
93400.0 2.9988543
93600.0 2.9833784
93800.0 2.999328
94000.0 2.9970187
94200.0 2.9905295
94400.0 2.9937985
94600.0 3.0013119
94800.0 2.9991335
95000.0 2.9923947
95200.0 3.0022924
95400.0 2.9934069
95600.0 2.9924642
95800.0 2.9970166
96000.0 2.9933402
96200.0 2.9879095
96400.0 2.9924925
96600.0 2.9938545
96800.0 2.9855594
97000.0 2.9926243
97200.0 2.9902561
97400.0 2.9875115
97600.0 2.9965116
97800.0 2.9846585
98000.0 3.0050616
98200.0 2.9948479
98400.0 2.9895928
98600.0 3.0020422
98800.0 3.0033882
99000.0 2.9858188
99200.0 2.9965051
99400.0 2.9952657
99600.0 2.9867018
99800.0 2.99054
100000.0 2.9877677
