0.0 483.65994
200.0 479.77803
400.0 495.36922
600.0 494.03631
800.0 482.83786
1000.0 505.21957
1200.0 503.67407
1400.0 499.82772
1600.0 503.35264
1800.0 495.30964
2000.0 488.81295
2200.0 483.88291
2400.0 493.81983
2600.0 489.16783
2800.0 489.29886
3000.0 495.78652
3200.0 490.8698
3400.0 509.85214
3600.0 505.0733
3800.0 494.93451
4000.0 504.26954
4200.0 506.13728
4400.0 501.6498
4600.0 490.25682
4800.0 492.61867
5000.0 494.45355
5200.0 494.91635
5400.0 488.39129
5600.0 489.96991
5800.0 503.82056
6000.0 502.014
6200.0 480.34119
6400.0 492.46211
6600.0 488.39496
6800.0 491.66493
7000.0 486.74483
7200.0 485.03478
7400.0 486.6697
7600.0 500.4664
7800.0 478.96757
8000.0 479.9652
8200.0 492.82155
8400.0 494.01241
8600.0 500.26008
8800.0 501.71703
9000.0 496.46221
9200.0 502.98525
9400.0 495.08427
9600.0 483.67392
9800.0 483.17613
10000.0 489.08593
10200.0 492.67613
10400.0 503.30123
10600.0 478.36036
10800.0 491.77917
11000.0 485.79639
11200.0 490.42234
11400.0 510.04986
11600.0 486.20441
11800.0 501.19153
12000.0 497.85971
12200.0 493.31507
12400.0 513.42141
12600.0 499.77962
12800.0 498.41342
13000.0 502.06538
13200.0 495.2625
13400.0 491.27585
13600.0 492.32507
13800.0 483.33732
14000.0 496.33496
14200.0 485.79095
14400.0 477.94739
14600.0 489.41861
14800.0 511.42079
15000.0 495.35329
15200.0 490.38415
15400.0 492.10887
15600.0 498.19402
15800.0 498.99071
16000.0 505.64759
16200.0 491.95643
16400.0 497.30187
16600.0 481.14458
16800.0 479.69312
17000.0 491.58867
17200.0 481.20445
17400.0 487.71719
17600.0 489.77101
17800.0 504.3001
18000.0 490.49471
18200.0 496.04219
18400.0 493.10459
18600.0 501.73623
18800.0 500.14086
19000.0 504.60804
19200.0 505.90483
19400.0 498.4296
19600.0 505.19093
19800.0 524.45537
20000.0 510.39711
20200.0 491.85945
20400.0 509.14059
20600.0 496.91862
20800.0 497.40032
21000.0 494.83129
21200.0 492.47181
21400.0 488.12396
21600.0 489.2899
21800.0 478.83104
22000.0 513.30255
22200.0 493.75934
22400.0 490.8697
22600.0 501.0336
22800.0 509.64791
23000.0 517.24351
23200.0 501.69517
23400.0 493.69795
23600.0 498.49236
23800.0 513.39929
24000.0 493.21467
24200.0 480.81217
24400.0 503.79065
24600.0 504.79185
24800.0 501.90023
25000.0 482.05863
25200.0 497.50919
25400.0 490.94679
25600.0 481.9316
25800.0 507.24861
26000.0 486.41916
26200.0 476.7558
26400.0 497.34587
26600.0 492.94114
26800.0 492.88081
27000.0 501.82653
27200.0 499.94622
27400.0 502.58122
27600.0 496.81196
27800.0 503.16816
28000.0 494.20586
28200.0 489.06238
28400.0 491.545
28600.0 493.69387
28800.0 485.12896
29000.0 500.27671
29200.0 480.02594
29400.0 495.49119
29600.0 492.61118
29800.0 486.41778
30000.0 494.67824
30200.0 496.52853
30400.0 504.9381
30600.0 502.83155
30800.0 500.6445
31000.0 507.26323
31200.0 510.89848
31400.0 505.23674
31600.0 500.59419
31800.0 531.97785
32000.0 486.90555
32200.0 496.75309
32400.0 500.28177
32600.0 496.82996
32800.0 484.98154
33000.0 503.98982
33200.0 492.42517
33400.0 485.0946
33600.0 492.88855
33800.0 497.72337
34000.0 481.55796
34200.0 488.22998
34400.0 476.72863
34600.0 490.40086
34800.0 497.73198
35000.0 504.58996
35200.0 498.38351
35400.0 488.41404
35600.0 489.00467
35800.0 503.01128
36000.0 500.05138
36200.0 491.8857
36400.0 517.61961
36600.0 520.27158
36800.0 490.24101
37000.0 486.82184
37200.0 501.57926
37400.0 501.65473
37600.0 491.51791
37800.0 492.50274
38000.0 481.29418
38200.0 487.22479
38400.0 501.39718
38600.0 494.75107
38800.0 483.79783
39000.0 488.65157
39200.0 510.60988
39400.0 503.23854
39600.0 487.69259
39800.0 510.42607
40000.0 505.87306
40200.0 499.7518
40400.0 485.93644
40600.0 507.42572
40800.0 495.77952
41000.0 495.34514
41200.0 492.46612
41400.0 484.61792
41600.0 504.80147
41800.0 494.20513
42000.0 491.56548
42200.0 489.31475
42400.0 490.04512
42600.0 500.20485
42800.0 478.29458
43000.0 501.85931
43200.0 502.54871
43400.0 502.97976
43600.0 498.88207
43800.0 503.29797
44000.0 502.86072
44200.0 492.86967
44400.0 499.34094
44600.0 502.12258
44800.0 490.66667
45000.0 497.726
45200.0 499.29499
45400.0 476.26333
45600.0 478.66677
45800.0 489.8174
46000.0 497.03964
46200.0 514.07708
46400.0 490.65002
46600.0 494.04708
46800.0 494.72105
47000.0 495.19223
47200.0 494.00592
47400.0 493.5745
47600.0 497.79462
47800.0 483.20849
48000.0 494.21069
48200.0 502.52397
48400.0 481.65696
48600.0 492.83712
48800.0 488.25749
49000.0 497.97377
49200.0 486.04677
49400.0 482.08357
49600.0 498.7891
49800.0 499.20791
50000.0 500.774
50200.0 509.94171
50400.0 492.97111
50600.0 503.7264
50800.0 500.36567
51000.0 484.50711
51200.0 493.12806
51400.0 473.84528
51600.0 489.00137
51800.0 491.2512
52000.0 495.68223
52200.0 495.62367
52400.0 482.40305
52600.0 491.64225
52800.0 498.30618
53000.0 512.32392
53200.0 488.48232
53400.0 500.98029
53600.0 505.93816
53800.0 507.72903
54000.0 496.41309
54200.0 491.29398
54400.0 484.07712
54600.0 501.66589
54800.0 500.62051
55000.0 484.3738
55200.0 496.31969
55400.0 501.36294
55600.0 497.91059
55800.0 492.24255
56000.0 488.97409
56200.0 485.31215
56400.0 487.4594
56600.0 474.68923
56800.0 489.34833
57000.0 479.19666
57200.0 491.9726
57400.0 491.47498
57600.0 506.0572
57800.0 493.45143
58000.0 505.70674
58200.0 486.48966
58400.0 506.61082
58600.0 499.22047
58800.0 480.68594
59000.0 485.41545
59200.0 496.86731
59400.0 486.13731
59600.0 479.93237
59800.0 497.26258
60000.0 498.61825
60200.0 490.08435
60400.0 503.22293
60600.0 505.3921
60800.0 489.45756
61000.0 498.99609
61200.0 504.80192
61400.0 492.47924
61600.0 492.10524
61800.0 503.20659
62000.0 489.18325
62200.0 491.44317
62400.0 492.7666
62600.0 474.56157
62800.0 487.79064
63000.0 498.37452
63200.0 490.69297
63400.0 487.45488
63600.0 499.38487
63800.0 474.93122
64000.0 494.48136
64200.0 496.85657
64400.0 496.26969
64600.0 504.17573
64800.0 499.32781
65000.0 492.15478
65200.0 489.10234
65400.0 502.89515
65600.0 498.37826
65800.0 496.25517
66000.0 473.95951
66200.0 489.82216
66400.0 488.87463
66600.0 494.26858
66800.0 479.50632
67000.0 495.61964
67200.0 484.24675
67400.0 510.61431
67600.0 498.74155
67800.0 496.30561
68000.0 502.99317
68200.0 497.95951
68400.0 491.11225
68600.0 496.58912
68800.0 493.49763
69000.0 493.91208
69200.0 491.32193
69400.0 479.14228
69600.0 476.42105
69800.0 492.7931
70000.0 470.41875
70200.0 491.18798
70400.0 498.23662
70600.0 492.81454
70800.0 493.16386
71000.0 493.47454
71200.0 491.90668
71400.0 499.66003
71600.0 509.11115
71800.0 505.68721
72000.0 494.12655
72200.0 488.05929
72400.0 491.33158
72600.0 493.52581
72800.0 491.48725
73000.0 485.75884
73200.0 488.55909
73400.0 492.67167
73600.0 472.79894
73800.0 494.87575
74000.0 492.63339
74200.0 481.60911
74400.0 473.61665
74600.0 499.38255
74800.0 493.22156
75000.0 492.0047
75200.0 511.1217
75400.0 493.53164
75600.0 488.21227
75800.0 493.71521
76000.0 515.46773
76200.0 496.97319
76400.0 487.67656
76600.0 485.37359
76800.0 482.67538
77000.0 490.79774
77200.0 483.87343
77400.0 498.04402
77600.0 489.75799
77800.0 495.14912
78000.0 491.62684
78200.0 500.57958
78400.0 507.03115
78600.0 484.43898
78800.0 501.67448
79000.0 518.07088
79200.0 504.25661
79400.0 490.22867
79600.0 498.19171
79800.0 485.89041
80000.0 487.8869
80200.0 501.56123
80400.0 482.60467
80600.0 489.06503
80800.0 500.5386
81000.0 500.33864
81200.0 499.9413
81400.0 480.07852
81600.0 490.31866
81800.0 503.87168
82000.0 496.00207
82200.0 487.45621
82400.0 514.39188
82600.0 506.58423
82800.0 490.27266
83000.0 508.35802
83200.0 497.2516
83400.0 487.70009
83600.0 490.94796
83800.0 491.25122
84000.0 490.07075
84200.0 481.5203
84400.0 490.12458
84600.0 497.67496
84800.0 481.12149
85000.0 508.00642
85200.0 502.49098
85400.0 498.97293
85600.0 505.73561
85800.0 488.58941
86000.0 504.96743
86200.0 492.71393
86400.0 482.6718
86600.0 493.07308
86800.0 496.70376
87000.0 494.87794
87200.0 500.86808
87400.0 495.07865
87600.0 468.24348
87800.0 481.36451
88000.0 485.75786
88200.0 484.97085
88400.0 478.61489
88600.0 479.13261
88800.0 475.20558
89000.0 487.29143
89200.0 497.82684
89400.0 490.92522
89600.0 480.59038
89800.0 489.68828
90000.0 513.60379
90200.0 489.6535
90400.0 504.97898
90600.0 492.0889
90800.0 494.96917
91000.0 485.87452
91200.0 497.79508
91400.0 475.48918
91600.0 487.28288
91800.0 492.9475
92000.0 491.25444
92200.0 478.09511
92400.0 489.72878
92600.0 493.17483
92800.0 496.53553
93000.0 490.64345
93200.0 507.44006
93400.0 497.82815
93600.0 497.02206
93800.0 505.72528
94000.0 506.04109
94200.0 479.56161
94400.0 498.3308
94600.0 503.80185
94800.0 481.92556
95000.0 486.92104
95200.0 486.54111
95400.0 486.7382
95600.0 493.05747
95800.0 499.12375
96000.0 488.61617
96200.0 497.58262
96400.0 494.91865
96600.0 504.51742
96800.0 498.64989
97000.0 501.18947
97200.0 486.39651
97400.0 483.74304
97600.0 506.84601
97800.0 499.90306
98000.0 488.78531
98200.0 499.57858
98400.0 486.62447
98600.0 497.12222
98800.0 478.98373
99000.0 497.67444
99200.0 489.4936
99400.0 501.68621
99600.0 502.98457
99800.0 505.90322
100000.0 492.62055
