0.0 53.224221
200.0 53.367315
400.0 53.220472
600.0 53.039697
800.0 53.16857
1000.0 53.099178
1200.0 52.979584
1400.0 53.007477
1600.0 53.065507
1800.0 53.144617
2000.0 53.14242
2200.0 53.128825
2400.0 53.306059
2600.0 53.45259
2800.0 53.430013
3000.0 53.47836
3200.0 53.466959
3400.0 53.306312
3600.0 53.369123
3800.0 53.421985
4000.0 53.242569
4200.0 53.223589
4400.0 53.463891
4600.0 53.374828
4800.0 53.374591
5000.0 53.493076
5200.0 53.374354
5400.0 53.269224
5600.0 53.403552
5800.0 53.310607
6000.0 53.40128
6200.0 53.414722
6400.0 53.346622
6600.0 53.381471
6800.0 53.342462
7000.0 53.292727
7200.0 53.138133
7400.0 53.119742
7600.0 53.189405
7800.0 53.266996
8000.0 53.069339
8200.0 53.074291
8400.0 53.153448
8600.0 53.229283
8800.0 53.388208
9000.0 53.365051
9200.0 53.260906
9400.0 53.218816
9600.0 53.273762
9800.0 53.318121
10000.0 53.268314
10200.0 53.304265
10400.0 53.313485
10600.0 53.360691
10800.0 53.283484
11000.0 53.342503
11200.0 53.424685
11400.0 53.289423
11600.0 53.159264
11800.0 53.248383
12000.0 53.34615
12200.0 53.131747
12400.0 53.08391
12600.0 53.237856
12800.0 53.192747
13000.0 53.078182
13200.0 53.26995
13400.0 53.447243
13600.0 53.208366
13800.0 53.180383
14000.0 53.3309
14200.0 53.267816
14400.0 53.318281
14600.0 53.340397
14800.0 53.127712
15000.0 53.194517
15200.0 53.276598
15400.0 53.060072
15600.0 53.019351
15800.0 53.270842
16000.0 53.155916
16200.0 53.101316
16400.0 53.213049
16600.0 53.222518
16800.0 53.181938
17000.0 53.325083
17200.0 53.366943
17400.0 53.31415
17600.0 53.265855
17800.0 53.515066
18000.0 53.615541
18200.0 53.306288
18400.0 53.367153
18600.0 53.36597
18800.0 53.334862
19000.0 53.33651
19200.0 53.268652
19400.0 53.192221
19600.0 53.092895
19800.0 53.353368
20000.0 53.27986
20200.0 52.972106
20400.0 53.131955
20600.0 53.226156
20800.0 53.209519
21000.0 53.283016
21200.0 53.275089
21400.0 53.237763
21600.0 53.121151
21800.0 53.221297
22000.0 53.362878
22200.0 53.272479
22400.0 53.291573
22600.0 53.327475
22800.0 53.18272
23000.0 53.231365
23200.0 53.343432
23400.0 53.183381
23600.0 53.120521
23800.0 53.222546
24000.0 53.248395
24200.0 53.315282
24400.0 53.429248
24600.0 53.30257
24800.0 53.241353
25000.0 53.439387
25200.0 53.542917
25400.0 53.33716
25600.0 53.282223
25800.0 53.487899
26000.0 53.455963
26200.0 53.298639
26400.0 53.375306
26600.0 53.335284
26800.0 53.196624
27000.0 53.368068
27200.0 53.521344
27400.0 53.273846
27600.0 53.319108
27800.0 53.428663
28000.0 53.327047
28200.0 53.145344
28400.0 53.353407
28600.0 53.526566
28800.0 53.407846
29000.0 53.237624
29200.0 53.284822
29400.0 53.385101
29600.0 53.40404
29800.0 53.28508
30000.0 53.269355
30200.0 53.373382
30400.0 53.271746
30600.0 53.322821
30800.0 53.511668
31000.0 53.504625
31200.0 53.326581
31400.0 53.432138
31600.0 53.583615
31800.0 53.422646
32000.0 53.371268
32200.0 53.516103
32400.0 53.532894
32600.0 53.521395
32800.0 53.629347
33000.0 53.476947
33200.0 53.452173
33400.0 53.517247
33600.0 53.491393
33800.0 53.32048
34000.0 53.252708
34200.0 53.248803
34400.0 53.268941
34600.0 53.077978
34800.0 53.053888
35000.0 53.14588
35200.0 53.160305
35400.0 53.033607
35600.0 52.959176
35800.0 53.069194
36000.0 53.112475
36200.0 52.955664
36400.0 52.994528
36600.0 53.089089
36800.0 53.026031
37000.0 53.119131
37200.0 53.152936
37400.0 53.058052
37600.0 53.049964
37800.0 53.053471
38000.0 53.026892
38200.0 53.023907
38400.0 53.008608
38600.0 53.19555
38800.0 53.139566
39000.0 53.032395
39200.0 53.222649
39400.0 53.31796
39600.0 53.177167
39800.0 53.192979
40000.0 53.221044
40200.0 53.271664
40400.0 53.40547
40600.0 53.433518
40800.0 53.258865
41000.0 53.519497
41200.0 53.622492
41400.0 53.357789
41600.0 53.36127
41800.0 53.527286
42000.0 53.371481
42200.0 53.398844
42400.0 53.612331
42600.0 53.231846
42800.0 53.284247
43000.0 53.43684
43200.0 53.313856
43400.0 53.374108
43600.0 53.478628
43800.0 53.370783
44000.0 53.33172
44200.0 53.575762
44400.0 53.639304
44600.0 53.470688
44800.0 53.406746
45000.0 53.516146
45200.0 53.522985
45400.0 53.579846
45600.0 53.609581
45800.0 53.496893
46000.0 53.449983
46200.0 53.675524
46400.0 53.666133
46600.0 53.6364
46800.0 53.664501
47000.0 53.616305
47200.0 53.590768
47400.0 53.468918
47600.0 53.303342
47800.0 53.244733
48000.0 53.329195
48200.0 53.119767
48400.0 53.04497
48600.0 53.273729
48800.0 53.224422
49000.0 52.904643
49200.0 52.99549
49400.0 53.16994
49600.0 53.0378
49800.0 52.849484
50000.0 53.010267
50200.0 53.159151
50400.0 53.067098
50600.0 53.051882
50800.0 53.072187
51000.0 53.117963
51200.0 53.171118
51400.0 53.280909
51600.0 53.209523
51800.0 53.248794
52000.0 53.256946
52200.0 53.181104
52400.0 53.32381
52600.0 53.391868
52800.0 53.316812
53000.0 53.456447
53200.0 53.677541
53400.0 53.549211
53600.0 53.424299
53800.0 53.667625
54000.0 53.690441
54200.0 53.461952
54400.0 53.524267
54600.0 53.708815
54800.0 53.521006
55000.0 53.362588
55200.0 53.433314
55400.0 53.545359
55600.0 53.47041
55800.0 53.307526
56000.0 53.375396
56200.0 53.43715
56400.0 53.5053
56600.0 53.430946
56800.0 53.293181
57000.0 53.494351
57200.0 53.425566
57400.0 53.263422
57600.0 53.175695
57800.0 53.080611
58000.0 53.121932
58200.0 53.209647
58400.0 53.075633
58600.0 52.957739
58800.0 53.112401
59000.0 53.166631
59200.0 53.036282
59400.0 53.149498
59600.0 53.217714
59800.0 53.315929
60000.0 53.312817
60200.0 53.197507
60400.0 53.200857
60600.0 53.327003
60800.0 53.13087
61000.0 53.057843
61200.0 53.149705
61400.0 53.232303
61600.0 53.261049
61800.0 53.318962
62000.0 53.345378
62200.0 53.156574
62400.0 53.214645
62600.0 53.494117
62800.0 53.486399
63000.0 53.356547
63200.0 53.377298
63400.0 53.521755
63600.0 53.619365
63800.0 53.495756
64000.0 53.45112
64200.0 53.601066
64400.0 53.629432
64600.0 53.546179
64800.0 53.701377
65000.0 53.925753
65200.0 53.673788
65400.0 53.615474
65600.0 53.747044
65800.0 53.700591
66000.0 53.643042
66200.0 53.60264
66400.0 53.394001
66600.0 53.415979
66800.0 53.33412
67000.0 53.305065
67200.0 53.305284
67400.0 53.254554
67600.0 53.273466
67800.0 53.462742
68000.0 53.379665
68200.0 53.302882
68400.0 53.403256
68600.0 53.43121
68800.0 53.359933
69000.0 53.421607
69200.0 53.417635
69400.0 53.310525
69600.0 53.374426
69800.0 53.439482
70000.0 53.233751
70200.0 53.347053
70400.0 53.440439
70600.0 53.347627
70800.0 53.390906
71000.0 53.531023
71200.0 53.594906
71400.0 53.451219
71600.0 53.383727
71800.0 53.529483
72000.0 53.651767
72200.0 53.464734
72400.0 53.349085
72600.0 53.423138
72800.0 53.416222
73000.0 53.34222
73200.0 53.336134
73400.0 53.343698
73600.0 53.282333
73800.0 53.139349
74000.0 53.200666
74200.0 53.360571
74400.0 53.473563
74600.0 53.347781
74800.0 53.431011
75000.0 53.508962
75200.0 53.386775
75400.0 53.349446
75600.0 53.296881
75800.0 53.175228
76000.0 53.197453
76200.0 53.142606
76400.0 53.207472
76600.0 53.305491
76800.0 53.300641
77000.0 53.114041
77200.0 53.108604
77400.0 53.304165
77600.0 53.297137
77800.0 53.165093
78000.0 53.250507
78200.0 53.422856
78400.0 53.503493
78600.0 53.392451
78800.0 53.50294
79000.0 53.523403
79200.0 53.386097
79400.0 53.368743
79600.0 53.306538
79800.0 53.294077
80000.0 53.413437
80200.0 53.332845
80400.0 53.272138
80600.0 53.412091
80800.0 53.371954
81000.0 53.422816
81200.0 53.340562
81400.0 53.36478
81600.0 53.387103
81800.0 53.414274
82000.0 53.402299
82200.0 53.408798
82400.0 53.324865
82600.0 53.277968
82800.0 53.327683
83000.0 53.243894
83200.0 53.407537
83400.0 53.304767
83600.0 53.249926
83800.0 53.45534
84000.0 53.379445
84200.0 53.376453
84400.0 53.45209
84600.0 53.268395
84800.0 53.34255
85000.0 53.332776
85200.0 53.099057
85400.0 53.217586
85600.0 53.21369
85800.0 53.05414
86000.0 52.985621
86200.0 53.179433
86400.0 53.18771
86600.0 53.006817
86800.0 52.910978
87000.0 53.078808
87200.0 52.950725
87400.0 52.789134
87600.0 52.881498
87800.0 52.991213
88000.0 52.787828
88200.0 52.785536
88400.0 52.778445
88600.0 52.682648
88800.0 52.699909
89000.0 52.915683
89200.0 52.920796
89400.0 52.898342
89600.0 53.179234
89800.0 53.180536
90000.0 53.08029
90200.0 53.230843
90400.0 53.379596
90600.0 53.397238
90800.0 53.322979
91000.0 53.418538
91200.0 53.563651
91400.0 53.397534
91600.0 53.466742
91800.0 53.418334
92000.0 53.231571
92200.0 53.216893
92400.0 53.311431
92600.0 53.380724
92800.0 53.209397
93000.0 53.223828
93200.0 53.318005
93400.0 53.262513
93600.0 53.385452
93800.0 53.499983
94000.0 53.434328
94200.0 53.50733
94400.0 53.476434
94600.0 53.350971
94800.0 53.350457
95000.0 53.547734
95200.0 53.437893
95400.0 53.313222
95600.0 53.381667
95800.0 53.400227
96000.0 53.409692
96200.0 53.403307
96400.0 53.338473
96600.0 53.416389
96800.0 53.454527
97000.0 53.444191
97200.0 53.531087
97400.0 53.521566
97600.0 53.47467
97800.0 53.309233
98000.0 53.262684
98200.0 53.299577
98400.0 53.499291
98600.0 53.509326
98800.0 53.250797
99000.0 53.287303
99200.0 53.410795
99400.0 53.506448
99600.0 53.416687
99800.0 53.409427
100000.0 53.579854
