0.0 -5013.1932
200.0 -5022.8216
400.0 -5015.7706
600.0 -5021.3138
800.0 -5021.6604
1000.0 -5035.6548
1200.0 -5024.7729
1400.0 -5022.2884
1600.0 -5016.1267
1800.0 -5020.0476
2000.0 -5016.5188
2200.0 -5010.4604
2400.0 -5012.1184
2600.0 -5004.2278
2800.0 -5002.6837
3000.0 -5004.0867
3200.0 -5013.0096
3400.0 -5008.0007
3600.0 -5025.4112
3800.0 -5020.8517
4000.0 -5021.985
4200.0 -5030.4036
4400.0 -5022.1456
4600.0 -5012.6892
4800.0 -5017.757
5000.0 -5028.7813
5200.0 -5011.695
5400.0 -5014.6611
5600.0 -5011.3198
5800.0 -5018.0875
6000.0 -5017.5982
6200.0 -5009.9548
6400.0 -5019.0994
6600.0 -5011.7321
6800.0 -5027.4298
7000.0 -5021.6477
7200.0 -5022.4918
7400.0 -5035.3317
7600.0 -5023.346
7800.0 -5019.3337
8000.0 -5018.6446
8200.0 -5012.8692
8400.0 -5012.2466
8600.0 -4996.2554
8800.0 -5013.3544
9000.0 -5000.7697
9200.0 -5005.295
9400.0 -5012.5028
9600.0 -5018.7878
9800.0 -5020.3039
10000.0 -5010.9602
10200.0 -5023.419
10400.0 -5028.8059
10600.0 -5019.4317
10800.0 -5012.6557
11000.0 -5018.5365
11200.0 -5009.8248
11400.0 -5010.7602
11600.0 -5013.2516
11800.0 -5006.9551
12000.0 -5009.6428
12200.0 -5007.9952
12400.0 -5019.7114
12600.0 -5001.4082
12800.0 -5013.3916
13000.0 -5026.9895
13200.0 -5021.016
13400.0 -5020.7707
13600.0 -5029.0455
13800.0 -5039.7804
14000.0 -5029.5909
14200.0 -5022.0658
14400.0 -5023.8134
14600.0 -5015.1511
14800.0 -5014.9636
15000.0 -5016.6319
15200.0 -5007.7082
15400.0 -5012.2802
15600.0 -5008.672
15800.0 -5013.2744
16000.0 -5012.7579
16200.0 -5003.269
16400.0 -5022.7252
16600.0 -5031.2431
16800.0 -5016.6854
17000.0 -5025.1953
17200.0 -5031.4231
17400.0 -5030.6217
17600.0 -5022.7377
17800.0 -5010.6916
18000.0 -5023.4135
18200.0 -5017.9416
18400.0 -5002.1013
18600.0 -5010.2005
18800.0 -5013.6739
19000.0 -5007.7026
19200.0 -5011.7975
19400.0 -5018.2837
19600.0 -5006.7187
19800.0 -5019.962
20000.0 -5029.9674
20200.0 -5019.1531
20400.0 -5036.2979
20600.0 -5027.7245
20800.0 -5021.4224
21000.0 -5029.0087
21200.0 -5027.2459
21400.0 -5015.7092
21600.0 -5023.384
21800.0 -5024.0736
22000.0 -5020.4756
22200.0 -5012.2337
22400.0 -5021.4873
22600.0 -5015.2424
22800.0 -5011.9229
23000.0 -5010.3104
23200.0 -5007.1114
23400.0 -5004.1604
23600.0 -5000.9538
23800.0 -5007.1211
24000.0 -4992.1011
24200.0 -4992.9675
24400.0 -5006.8397
24600.0 -5010.1456
24800.0 -5018.9768
25000.0 -5022.083
25200.0 -5019.704
25400.0 -5019.8962
25600.0 -5020.8424
25800.0 -5034.302
26000.0 -5015.0714
26200.0 -5011.0148
26400.0 -5008.4341
26600.0 -5009.2737
26800.0 -5008.9515
27000.0 -5003.8685
27200.0 -5010.6625
27400.0 -4997.5365
27600.0 -5004.2191
27800.0 -5008.0922
28000.0 -5013.6425
28200.0 -5010.2314
28400.0 -5020.2145
28600.0 -5021.1742
28800.0 -5020.9242
29000.0 -5009.8908
29200.0 -5025.8363
29400.0 -5024.4729
29600.0 -5008.2165
29800.0 -5024.601
30000.0 -5015.616
30200.0 -5014.8772
30400.0 -5019.3
30600.0 -5000.1261
30800.0 -5010.5634
31000.0 -5014.8265
31200.0 -4992.156
31400.0 -5016.6482
31600.0 -5003.7064
31800.0 -4986.1298
32000.0 -5010.655
32200.0 -5018.6117
32400.0 -5016.2913
32600.0 -5021.6881
32800.0 -5017.8681
33000.0 -5022.8668
33200.0 -5010.7341
33400.0 -5023.5513
33600.0 -5023.3964
33800.0 -5019.7511
34000.0 -4995.791
34200.0 -5009.3563
34400.0 -5015.6839
34600.0 -5006.6138
34800.0 -4999.8706
35000.0 -4989.0947
35200.0 -5013.8352
35400.0 -5006.6681
35600.0 -5007.2627
35800.0 -5007.5158
36000.0 -5022.6722
36200.0 -5008.4605
36400.0 -5022.8754
36600.0 -5007.8824
36800.0 -5017.2025
37000.0 -5015.3672
37200.0 -5023.4824
37400.0 -5007.2865
37600.0 -5014.6591
37800.0 -5017.3911
38000.0 -5002.8229
38200.0 -5007.8953
38400.0 -4997.8653
38600.0 -5002.9444
38800.0 -5003.5334
39000.0 -5008.7424
39200.0 -5009.2802
39400.0 -5015.8053
39600.0 -5011.7723
39800.0 -5018.6523
40000.0 -5024.6327
40200.0 -5006.4077
40400.0 -5014.2071
40600.0 -5017.4451
40800.0 -5019.8246
41000.0 -5004.0534
41200.0 -5015.0033
41400.0 -5003.1426
41600.0 -5003.3193
41800.0 -4995.5339
42000.0 -4992.8325
42200.0 -5006.8216
42400.0 -5008.5064
42600.0 -5004.503
42800.0 -5021.6415
43000.0 -5033.3092
43200.0 -5007.7575
43400.0 -5032.4674
43600.0 -5020.0643
43800.0 -5010.1883
44000.0 -5020.6334
44200.0 -5025.5379
44400.0 -5002.2065
44600.0 -5013.7688
44800.0 -5012.7903
45000.0 -5006.3162
45200.0 -5018.1986
45400.0 -5011.5519
45600.0 -5009.0967
45800.0 -5038.2951
46000.0 -5019.1776
46200.0 -5010.6884
46400.0 -5022.2472
46600.0 -5027.0259
46800.0 -5018.6117
47000.0 -5019.0037
47200.0 -5002.712
47400.0 -5017.3634
47600.0 -5010.7855
47800.0 -5007.3294
48000.0 -5013.2422
48200.0 -5004.773
48400.0 -5010.3212
48600.0 -5002.1207
48800.0 -5010.1431
49000.0 -5005.8322
49200.0 -5010.896
49400.0 -5016.7118
49600.0 -5028.0834
49800.0 -5016.6643
50000.0 -5008.5893
50200.0 -5031.3381
50400.0 -5026.8782
50600.0 -5008.8104
50800.0 -5015.1719
51000.0 -5011.8111
51200.0 -4996.4156
51400.0 -5002.3798
51600.0 -5002.3434
51800.0 -5000.2857
52000.0 -5009.428
52200.0 -5012.3587
52400.0 -5013.657
52600.0 -5014.2506
52800.0 -5015.3039
53000.0 -5020.3531
53200.0 -5023.0743
53400.0 -5005.746
53600.0 -5023.9031
53800.0 -5018.8259
54000.0 -5011.2224
54200.0 -5011.9752
54400.0 -5013.1878
54600.0 -4999.3909
54800.0 -4996.5094
55000.0 -4997.6935
55200.0 -4995.4188
55400.0 -5000.5694
55600.0 -5020.4929
55800.0 -5015.0859
56000.0 -5023.0193
56200.0 -5020.3663
56400.0 -5022.9602
56600.0 -5017.6469
56800.0 -5021.706
57000.0 -5016.6557
57200.0 -5013.5779
57400.0 -5005.2436
57600.0 -5014.8886
57800.0 -5006.4865
58000.0 -5007.6823
58200.0 -5006.9867
58400.0 -5013.1778
58600.0 -5009.4133
58800.0 -5026.2253
59000.0 -5017.6856
59200.0 -5030.7057
59400.0 -5022.8391
59600.0 -5030.577
59800.0 -5021.1073
60000.0 -5019.1093
60200.0 -5006.2525
60400.0 -5008.5019
60600.0 -4998.9315
60800.0 -5013.6113
61000.0 -5009.6099
61200.0 -5002.9056
61400.0 -5016.7163
61600.0 -5000.7679
61800.0 -5024.2791
62000.0 -5024.5934
62200.0 -5025.3171
62400.0 -5009.3446
62600.0 -5016.438
62800.0 -5013.0715
63000.0 -5026.6701
63200.0 -5020.8523
63400.0 -5013.761
63600.0 -5014.7743
63800.0 -5015.3408
64000.0 -5016.6897
64200.0 -5009.6838
64400.0 -5007.5117
64600.0 -5013.8753
64800.0 -5003.205
65000.0 -5007.7098
65200.0 -4991.2774
65400.0 -5000.1053
65600.0 -4998.9155
65800.0 -5006.7564
66000.0 -5017.855
66200.0 -5014.0466
66400.0 -5016.2985
66600.0 -5014.6343
66800.0 -5024.7473
67000.0 -5014.1247
67200.0 -5024.4795
67400.0 -5016.1992
67600.0 -5012.1536
67800.0 -5010.7722
68000.0 -5000.6144
68200.0 -5009.1381
68400.0 -5013.4544
68600.0 -5001.0105
68800.0 -5007.8522
69000.0 -5004.1493
69200.0 -5005.6227
69400.0 -5016.4573
69600.0 -5017.0616
69800.0 -5012.0409
70000.0 -5014.0194
70200.0 -5018.7348
70400.0 -5010.3049
70600.0 -5019.636
70800.0 -5023.9881
71000.0 -5010.8972
71200.0 -5015.2273
71400.0 -5011.9222
71600.0 -5018.367
71800.0 -5002.1044
72000.0 -5007.0478
72200.0 -5011.9501
72400.0 -5017.0717
72600.0 -4998.6041
72800.0 -5004.8606
73000.0 -5016.5993
73200.0 -5026.0486
73400.0 -5014.7281
73600.0 -5022.6405
73800.0 -5025.0395
74000.0 -5026.2093
74200.0 -5018.1007
74400.0 -5020.069
74600.0 -5006.4189
74800.0 -5003.6961
75000.0 -5004.1281
75200.0 -5003.8393
75400.0 -5018.281
75600.0 -5003.2572
75800.0 -5007.8213
76000.0 -5019.4722
76200.0 -5011.9716
76400.0 -5015.7195
76600.0 -5019.1367
76800.0 -5024.7869
77000.0 -5019.8661
77200.0 -5027.082
77400.0 -5034.4424
77600.0 -5031.0945
77800.0 -5025.3158
78000.0 -5026.6307
78200.0 -5019.2767
78400.0 -5017.1381
78600.0 -5026.0952
78800.0 -5015.1467
79000.0 -5006.7728
79200.0 -5017.1257
79400.0 -5016.5579
79600.0 -5012.1212
79800.0 -5014.4399
80000.0 -5006.5485
80200.0 -5012.2453
80400.0 -5015.1899
80600.0 -5022.8776
80800.0 -5016.5516
81000.0 -5030.0926
81200.0 -5029.9982
81400.0 -5026.6252
81600.0 -5023.81
81800.0 -5015.8786
82000.0 -5015.5412
82200.0 -5016.6035
82400.0 -5012.1623
82600.0 -5016.1945
82800.0 -5003.4055
83000.0 -5002.47
83200.0 -5015.8508
83400.0 -5016.3279
83600.0 -5013.533
83800.0 -5015.0589
84000.0 -5017.5233
84200.0 -5027.1158
84400.0 -5026.9845
84600.0 -5021.5207
84800.0 -5024.2077
85000.0 -5022.1929
85200.0 -5018.1736
85400.0 -5018.7398
85600.0 -5005.6158
85800.0 -5014.8083
86000.0 -5014.1657
86200.0 -5002.3262
86400.0 -5023.6261
86600.0 -5015.4937
86800.0 -5009.0957
87000.0 -5004.8519
87200.0 -5032.6092
87400.0 -5022.9349
87600.0 -5013.545
87800.0 -5019.9273
88000.0 -5022.9632
88200.0 -5013.7431
88400.0 -5020.3604
88600.0 -5019.2786
88800.0 -5014.5943
89000.0 -5019.2735
89200.0 -4999.5483
89400.0 -5009.8459
89600.0 -5009.4538
89800.0 -5002.8551
90000.0 -4998.9909
90200.0 -4999.1882
90400.0 -5015.8077
90600.0 -5016.7148
90800.0 -5027.8198
91000.0 -5031.6087
91200.0 -5017.0997
91400.0 -5030.1394
91600.0 -5022.4771
91800.0 -5021.9735
92000.0 -5017.1642
92200.0 -5006.8897
92400.0 -5012.2335
92600.0 -5018.7963
92800.0 -5005.403
93000.0 -5012.9074
93200.0 -5005.7374
93400.0 -5012.7949
93600.0 -5012.8143
93800.0 -5025.6828
94000.0 -5016.0285
94200.0 -5019.0808
94400.0 -5018.7266
94600.0 -5027.0823
94800.0 -5036.2824
95000.0 -5024.4328
95200.0 -5021.3956
95400.0 -5019.3114
95600.0 -5020.4951
95800.0 -5017.5888
96000.0 -5014.9991
96200.0 -5011.1818
96400.0 -5017.4407
96600.0 -5013.6404
96800.0 -5002.1185
97000.0 -5010.6294
97200.0 -5011.6164
97400.0 -5000.4205
97600.0 -5020.0219
97800.0 -5016.0135
98000.0 -5023.3646
98200.0 -5022.1867
98400.0 -5025.1392
98600.0 -5024.4391
98800.0 -5033.2329
99000.0 -5016.052
99200.0 -5015.3356
99400.0 -5013.5749
99600.0 -5011.2145
99800.0 -5009.0053
100000.0 -5004.7756
