0.0 82.502732
200.0 -21.937429
400.0 -45.488246
600.0 84.12564
800.0 -50.472483
1000.0 -0.053610843
1200.0 21.313915
1400.0 -23.28427
1600.0 34.936576
1800.0 18.621391
2000.0 -88.906663
2200.0 129.55215
2400.0 -80.458006
2600.0 57.540788
2800.0 -36.080398
3000.0 -3.6712745
3200.0 54.003762
3400.0 -91.392385
3600.0 104.5049
3800.0 -60.503918
4000.0 8.2380188
4200.0 40.922868
4400.0 -72.47178
4600.0 103.17614
4800.0 -70.950878
5000.0 12.554091
5200.0 59.562824
5400.0 -75.900222
5600.0 85.765525
5800.0 -83.615938
6000.0 76.289335
6200.0 -27.014836
6400.0 -21.786377
6600.0 20.132526
6800.0 5.6484163
7000.0 -0.007836087
7200.0 -50.224204
7400.0 81.725848
7600.0 -6.3823173
7800.0 -76.397235
8000.0 109.21492
8200.0 -65.5017
8400.0 14.833196
8600.0 10.350816
8800.0 -13.090208
9000.0 -8.9007473
9200.0 -14.927701
9400.0 38.392719
9600.0 -24.033503
9800.0 22.847901
10000.0 -25.338392
10200.0 7.3313826
10400.0 13.589881
10600.0 -39.041829
10800.0 55.949762
11000.0 -56.908892
11200.0 27.053431
11400.0 77.850717
11600.0 -103.84041
11800.0 76.903135
12000.0 -31.754199
12200.0 -5.0214087
12400.0 80.560099
12600.0 -97.122391
12800.0 52.874597
13000.0 -27.436553
13200.0 0.69039463
13400.0 20.811433
13600.0 -18.141034
13800.0 8.2369282
14000.0 -18.321524
14200.0 4.2360484
14400.0 21.303646
14600.0 -55.425449
14800.0 46.162477
15000.0 -31.152114
15200.0 20.557416
15400.0 32.21011
15600.0 -61.412576
15800.0 51.22325
16000.0 -39.001282
16200.0 36.831851
16400.0 -63.559979
16600.0 89.409253
16800.0 -62.71322
17000.0 39.148403
17200.0 -23.206966
17400.0 -8.6503226
17600.0 33.940946
17800.0 6.2250362
18000.0 -45.071738
18200.0 50.27735
18400.0 -37.823345
18600.0 19.829679
18800.0 -4.5554505
19000.0 0.049178147
19200.0 42.972276
19400.0 -59.722905
19600.0 78.169603
19800.0 -46.688381
20000.0 20.871236
20200.0 54.416674
20400.0 -133.03662
20600.0 163.21236
20800.0 -66.727158
21000.0 -25.476175
21200.0 27.285233
21400.0 -6.3067909
21600.0 29.075933
21800.0 -37.954801
22000.0 77.748253
22200.0 -101.27297
22400.0 59.680924
22600.0 34.41803
22800.0 -88.052245
23000.0 69.20752
23200.0 -41.192755
23400.0 27.18036
23600.0 36.493918
23800.0 -57.094886
24000.0 58.6929
24200.0 -42.965084
24400.0 16.380449
24600.0 -5.2646499
24800.0 -16.040083
25000.0 12.46053
25200.0 16.342365
25400.0 -22.432373
25600.0 -1.756007
25800.0 29.725832
26000.0 -81.066738
26200.0 101.41643
26400.0 -69.118086
26600.0 -21.982693
26800.0 92.746084
27000.0 -104.21986
27200.0 53.357296
27400.0 -22.571935
27600.0 24.575259
27800.0 -5.7641412
28000.0 23.254837
28200.0 -43.9341
28400.0 34.633012
28600.0 -39.187432
28800.0 78.825258
29000.0 -67.679453
29200.0 8.3154757
29400.0 43.206889
29600.0 -21.551225
29800.0 17.216862
30000.0 -12.878248
30200.0 -30.522219
30400.0 73.694248
30600.0 -56.656345
30800.0 29.008806
31000.0 -17.583838
31200.0 22.719482
31400.0 -35.466775
31600.0 45.112199
31800.0 -43.961366
32000.0 13.127456
32200.0 58.601022
32400.0 -95.66255
32600.0 84.964471
32800.0 -51.657003
33000.0 -6.1858317
33200.0 40.758419
33400.0 -75.126892
33600.0 95.439355
33800.0 -47.011283
34000.0 2.5604684
34200.0 22.012302
34400.0 -60.399599
34600.0 128.09728
34800.0 -148.82577
35000.0 119.30144
35200.0 -62.609254
35400.0 14.482236
35600.0 60.309348
35800.0 -117.15114
36000.0 90.088616
36200.0 -29.583969
36400.0 -26.460108
36600.0 41.58915
36800.0 -12.66502
37000.0 -3.6896494
37200.0 27.546801
37400.0 -3.6257221
37600.0 -12.320878
37800.0 24.447563
38000.0 -9.3767745
38200.0 -3.011787
38400.0 -34.322513
38600.0 85.066115
38800.0 -122.01297
39000.0 132.44481
39200.0 -87.983875
39400.0 39.29605
39600.0 -33.811819
39800.0 48.44537
40000.0 -40.417846
40200.0 -24.377697
40400.0 97.467519
40600.0 -87.331745
40800.0 63.981892
41000.0 -33.234098
41200.0 9.6974358
41400.0 11.092501
41600.0 -12.044364
41800.0 36.569129
42000.0 -44.552145
42200.0 12.702209
42400.0 53.612707
42600.0 -43.419487
42800.0 8.9054379
43000.0 35.017547
43200.0 -49.56248
43400.0 75.605692
43600.0 -78.444985
43800.0 48.079149
44000.0 41.873247
44200.0 -112.87584
44400.0 93.410611
44600.0 -37.308861
44800.0 -9.8595663
45000.0 40.607387
45200.0 -38.215274
45400.0 4.857637
45600.0 -12.62439
45800.0 42.099535
46000.0 -67.593305
46200.0 92.160241
46400.0 -58.583259
46600.0 51.578769
46800.0 -54.466858
47000.0 25.732012
47200.0 33.690175
47400.0 -64.158248
47600.0 57.316667
47800.0 -23.347118
48000.0 -4.7742746
48200.0 13.279992
48400.0 -9.7496005
48600.0 8.6023118
48800.0 -11.56945
49000.0 -7.7428964
49200.0 43.266048
49400.0 -58.306768
49600.0 101.81537
49800.0 -135.36044
50000.0 148.6167
50200.0 -97.719251
50400.0 -4.8497935
50600.0 85.537368
50800.0 -90.906433
51000.0 64.489156
51200.0 1.7954818
51400.0 -89.385814
51600.0 130.93718
51800.0 -69.68856
52000.0 10.510533
52200.0 0.36225366
52400.0 19.037297
52600.0 6.7451266
52800.0 16.176039
53000.0 -62.111227
53200.0 81.035631
53400.0 -39.948841
53600.0 -38.488807
53800.0 131.40965
54000.0 -154.15014
54200.0 136.50185
54400.0 -61.55693
54600.0 30.569335
54800.0 7.1487847
55000.0 -66.759329
55200.0 115.0027
55400.0 -105.08087
55600.0 75.587099
55800.0 -32.171543
56000.0 22.061369
56200.0 -9.4299668
56400.0 -17.865603
56600.0 24.145077
56800.0 -10.582247
57000.0 -20.984052
57200.0 23.59837
57400.0 -19.890272
57600.0 19.558346
57800.0 -23.56795
58000.0 20.189649
58200.0 -24.89648
58400.0 26.610228
58600.0 -42.937451
58800.0 45.37612
59000.0 -27.414591
59200.0 18.89661
59400.0 -13.187935
59600.0 -0.13936909
59800.0 23.441846
60000.0 -49.792147
60200.0 90.519482
60400.0 -94.618667
60600.0 125.86659
60800.0 -108.85217
61000.0 35.409256
61200.0 9.1112657
61400.0 -10.166598
61600.0 10.824545
61800.0 7.744118
62000.0 -31.366128
62200.0 15.921613
62400.0 -15.743284
62600.0 -12.293034
62800.0 66.546235
63000.0 -74.479712
63200.0 26.103496
63400.0 20.604376
63600.0 -31.680992
63800.0 13.410871
64000.0 30.156495
64200.0 -21.36313
64400.0 23.427632
64600.0 -51.217484
64800.0 80.47134
65000.0 -62.988378
65200.0 8.2082793
65400.0 48.956484
65600.0 -89.452411
65800.0 77.399397
66000.0 -33.368294
66200.0 -13.013215
66400.0 23.367159
66600.0 -14.399685
66800.0 16.269085
67000.0 -24.687187
67200.0 10.258165
67400.0 22.402301
67600.0 -34.321546
67800.0 33.938501
68000.0 -13.874817
68200.0 7.5147948
68400.0 5.3973272
68600.0 25.829804
68800.0 -49.768627
69000.0 64.887139
69200.0 -60.789185
69400.0 54.402921
69600.0 -29.704197
69800.0 3.590399
70000.0 8.9928353
70200.0 24.848628
70400.0 -36.926204
70600.0 25.225359
70800.0 4.1456173
71000.0 -33.757327
71200.0 54.862817
71400.0 -31.297817
71600.0 -28.054754
71800.0 75.398878
72000.0 -104.39722
72200.0 139.46176
72400.0 -125.79491
72600.0 75.828254
72800.0 -32.422504
73000.0 6.9218042
73200.0 9.2707088
73400.0 -7.401008
73600.0 28.66738
73800.0 -39.779515
74000.0 55.394013
74200.0 -78.493312
74400.0 67.012608
74600.0 21.767028
74800.0 -111.66653
75000.0 127.54501
75200.0 -56.318133
75400.0 -12.830314
75600.0 15.359416
75800.0 -24.813054
76000.0 28.121984
76200.0 -21.174074
76400.0 -10.745859
76600.0 26.637054
76800.0 0.98219
77000.0 -3.1495172
77200.0 10.886952
77400.0 -18.324051
77600.0 10.65771
77800.0 -6.1779022
78000.0 6.0073403
78200.0 4.2018085
78400.0 -9.1044082
78600.0 0.65844671
78800.0 -9.670919
79000.0 -12.070175
79200.0 50.998225
79400.0 -54.169607
79600.0 50.08915
79800.0 -47.813262
80000.0 36.894372
80200.0 -3.6704242
80400.0 -40.322601
80600.0 58.060141
80800.0 -65.256304
81000.0 73.00747
81200.0 -39.221507
81400.0 -17.979718
81600.0 54.682271
81800.0 -35.039853
82000.0 33.831527
82200.0 -32.52265
82400.0 -14.720659
82600.0 57.253683
82800.0 -41.750074
83000.0 2.082952
83200.0 30.004854
83400.0 -37.492674
83600.0 69.540566
83800.0 -92.267098
84000.0 68.976377
84200.0 21.904758
84400.0 -90.634627
84600.0 81.941086
84800.0 -42.323342
85000.0 31.549738
85200.0 -26.578611
85400.0 -0.38736008
85600.0 33.847426
85800.0 -29.661607
86000.0 25.626773
86200.0 -27.485901
86400.0 35.038261
86600.0 -15.906945
86800.0 -35.214424
87000.0 82.349457
87200.0 -94.495816
87400.0 114.01748
87600.0 -117.23421
87800.0 80.52895
88000.0 -26.416389
88200.0 -6.5145402
88400.0 22.342132
88600.0 -67.451639
88800.0 133.49594
89000.0 -151.34334
89200.0 126.32194
89400.0 -56.839565
89600.0 -6.4489554
89800.0 32.481666
90000.0 -56.627292
90200.0 61.416307
90400.0 -53.226253
90600.0 73.396202
90800.0 -65.096027
91000.0 49.665609
91200.0 -11.263439
91400.0 -78.876567
91600.0 155.53894
91800.0 -141.53079
92000.0 26.585039
92200.0 60.451643
92400.0 -57.315574
92600.0 9.723522
92800.0 33.084262
93000.0 -14.555009
93200.0 3.7764892
93400.0 4.4853366
93600.0 -24.168862
93800.0 -0.64301046
94000.0 60.590538
94200.0 -82.829374
94400.0 73.941987
94600.0 -21.970564
94800.0 -15.587901
95000.0 42.232562
95200.0 -54.27081
95400.0 52.998017
95600.0 -51.434084
95800.0 70.131263
96000.0 -50.563266
96200.0 14.649221
96400.0 31.496971
96600.0 -33.723536
96800.0 20.520822
97000.0 -15.206292
97200.0 -4.2682412
97400.0 -15.987876
97600.0 51.935301
97800.0 -65.470038
98000.0 41.365087
98200.0 49.14987
98400.0 -106.85239
98600.0 86.248416
98800.0 -15.869689
99000.0 -23.704046
99200.0 52.841483
99400.0 -29.327322
99600.0 -2.6832459
99800.0 41.231639
100000.0 -0.058330296
