0.0 2.6612957
200.0 2.6639853
400.0 2.6608876
600.0 2.6570316
800.0 2.6758967
1000.0 2.6544482
1200.0 2.6707713
1400.0 2.6472639
1600.0 2.668423
1800.0 2.6592574
2000.0 2.6575736
2200.0 2.6830537
2400.0 2.665864
2600.0 2.698627
2800.0 2.6811152
3000.0 2.7015232
3200.0 2.6878827
3400.0 2.6824333
3600.0 2.6990178
3800.0 2.690656
4000.0 2.6777741
4200.0 2.694277
4400.0 2.6805786
4600.0 2.6683007
4800.0 2.6670604
5000.0 2.6751426
5200.0 2.6559582
5400.0 2.65851
5600.0 2.6749084
5800.0 2.6648587
6000.0 2.6719888
6200.0 2.6513789
6400.0 2.6757076
6600.0 2.6683283
6800.0 2.6601906
7000.0 2.6835052
7200.0 2.670067
7400.0 2.6671807
7600.0 2.6700795
7800.0 2.6591186
8000.0 2.6756762
8200.0 2.6574098
8400.0 2.6636869
8600.0 2.6617911
8800.0 2.6673915
9000.0 2.6584589
9200.0 2.6621633
9400.0 2.6467317
9600.0 2.652832
9800.0 2.6652533
10000.0 2.6454565
10200.0 2.6656318
10400.0 2.6477183
10600.0 2.6574911
10800.0 2.6727096
11000.0 2.6622168
11200.0 2.6775011
11400.0 2.6538236
11600.0 2.6770075
11800.0 2.6714063
12000.0 2.659953
12200.0 2.6715444
12400.0 2.6684053
12600.0 2.6549519
12800.0 2.6466748
13000.0 2.6470363
13200.0 2.6573917
13400.0 2.6393152
13600.0 2.6558183
13800.0 2.6360486
14000.0 2.6462637
14200.0 2.6416102
14400.0 2.6619387
14600.0 2.6466516
14800.0 2.6528681
15000.0 2.635971
15200.0 2.6384902
15400.0 2.646296
15600.0 2.6478574
15800.0 2.6302842
16000.0 2.6474656
16200.0 2.6235271
16400.0 2.6308979
16600.0 2.6307825
16800.0 2.632794
17000.0 2.6241791
17200.0 2.6492884
17400.0 2.6317773
17600.0 2.6409852
17800.0 2.6530511
18000.0 2.6529316
18200.0 2.6395982
18400.0 2.648585
18600.0 2.662304
18800.0 2.6430524
19000.0 2.6505956
19200.0 2.6516985
19400.0 2.6548586
19600.0 2.6521637
19800.0 2.6551306
20000.0 2.6601083
20200.0 2.6587088
20400.0 2.6778744
20600.0 2.6706246
20800.0 2.6867178
21000.0 2.6728805
21200.0 2.6718001
21400.0 2.6917996
21600.0 2.6684153
21800.0 2.6707244
22000.0 2.684029
22200.0 2.656346
22400.0 2.6773597
22600.0 2.6673294
22800.0 2.6758553
23000.0 2.6733382
23200.0 2.6649326
23400.0 2.6707024
23600.0 2.6689852
23800.0 2.664995
24000.0 2.6542959
24200.0 2.6577995
24400.0 2.6449293
24600.0 2.6410251
24800.0 2.6506727
25000.0 2.65276
25200.0 2.6235307
25400.0 2.6611416
25600.0 2.6375265
25800.0 2.659595
26000.0 2.6415306
26200.0 2.6669601
26400.0 2.6612205
26600.0 2.6719883
26800.0 2.6670038
27000.0 2.6570342
27200.0 2.664529
27400.0 2.6724957
27600.0 2.6763871
27800.0 2.6797177
28000.0 2.668472
28200.0 2.6698055
28400.0 2.6834314
28600.0 2.6800795
28800.0 2.6711779
29000.0 2.6841763
29200.0 2.6667582
29400.0 2.6807044
29600.0 2.6626121
29800.0 2.6624338
30000.0 2.6751096
30200.0 2.6454478
30400.0 2.6590207
30600.0 2.6624745
30800.0 2.6358046
31000.0 2.6439229
31200.0 2.6741226
31400.0 2.6383931
31600.0 2.6694655
31800.0 2.6413524
32000.0 2.6580043
32200.0 2.6663427
32400.0 2.6553292
32600.0 2.6637084
32800.0 2.6526066
33000.0 2.666032
33200.0 2.6754705
33400.0 2.6639765
33600.0 2.6597154
33800.0 2.6677596
34000.0 2.6704226
34200.0 2.668538
34400.0 2.6646386
34600.0 2.6644313
34800.0 2.6759212
35000.0 2.6707114
35200.0 2.6917782
35400.0 2.6659124
35600.0 2.6857215
35800.0 2.6838009
36000.0 2.6943765
36200.0 2.6715196
36400.0 2.6743336
36600.0 2.6801653
36800.0 2.6489117
37000.0 2.6633035
37200.0 2.6509129
37400.0 2.6635193
37600.0 2.6615972
37800.0 2.6450121
38000.0 2.64598
38200.0 2.6629887
38400.0 2.6442432
38600.0 2.6620072
38800.0 2.6322384
39000.0 2.6561742
39200.0 2.6387777
39400.0 2.629943
39600.0 2.6245243
39800.0 2.6379809
40000.0 2.6400739
40200.0 2.6266736
40400.0 2.6475941
40600.0 2.6416987
40800.0 2.6407896
41000.0 2.6527007
41200.0 2.6425528
41400.0 2.6515521
41600.0 2.6582906
41800.0 2.6483621
42000.0 2.647357
42200.0 2.6605621
42400.0 2.6454964
42600.0 2.6664429
42800.0 2.6395861
43000.0 2.6709382
43200.0 2.6690627
43400.0 2.667174
43600.0 2.6809059
43800.0 2.6664199
44000.0 2.6689239
44200.0 2.6740313
44400.0 2.6798833
44600.0 2.6626438
44800.0 2.6769566
45000.0 2.6732144
45200.0 2.6633312
45400.0 2.6698703
45600.0 2.6640699
45800.0 2.6614768
46000.0 2.6729403
46200.0 2.6578665
46400.0 2.666875
46600.0 2.6662971
46800.0 2.6575467
47000.0 2.6572995
47200.0 2.6487821
47400.0 2.6525183
47600.0 2.6479778
47800.0 2.6240062
48000.0 2.646517
48200.0 2.656501
48400.0 2.6248948
48600.0 2.6471484
48800.0 2.6272259
49000.0 2.6405489
49200.0 2.6491534
49400.0 2.6334473
49600.0 2.6627746
49800.0 2.6538632
50000.0 2.6532446
50200.0 2.6539935
50400.0 2.6624545
50600.0 2.6570125
50800.0 2.6485358
51000.0 2.66807
51200.0 2.6366643
51400.0 2.6651142
51600.0 2.6354117
51800.0 2.640576
52000.0 2.6465911
52200.0 2.6303312
52400.0 2.6422284
52600.0 2.6308955
52800.0 2.642151
53000.0 2.6461181
53200.0 2.6547223
53400.0 2.6481256
53600.0 2.6512882
53800.0 2.6635915
54000.0 2.6591905
54200.0 2.6713948
54400.0 2.6580379
54600.0 2.6686462
54800.0 2.6683395
55000.0 2.663403
55200.0 2.6788007
55400.0 2.661633
55600.0 2.6840859
55800.0 2.6778922
56000.0 2.686124
56200.0 2.6754694
56400.0 2.6782759
56600.0 2.6701197
56800.0 2.6891898
57000.0 2.676928
57200.0 2.6848556
57400.0 2.6721586
57600.0 2.665938
57800.0 2.6601882
58000.0 2.6613777
58200.0 2.6742908
58400.0 2.641414
58600.0 2.6572251
58800.0 2.6527224
59000.0 2.6434899
59200.0 2.6648097
59400.0 2.6537593
59600.0 2.6448342
59800.0 2.6632858
60000.0 2.6575138
60200.0 2.6664465
60400.0 2.6721557
60600.0 2.6611906
60800.0 2.6897253
61000.0 2.6753117
61200.0 2.6779472
61400.0 2.6968072
61600.0 2.6822576
61800.0 2.6841819
62000.0 2.6772177
62200.0 2.7026532
62400.0 2.68982
62600.0 2.6748823
62800.0 2.6684247
63000.0 2.6739783
63200.0 2.6667651
63400.0 2.6643739
63600.0 2.6763551
63800.0 2.6539407
64000.0 2.6637396
64200.0 2.6429618
64400.0 2.6680539
64600.0 2.6432006
64800.0 2.6508584
65000.0 2.6492104
65200.0 2.6383459
65400.0 2.6485438
65600.0 2.6311837
65800.0 2.6373845
66000.0 2.6230482
66200.0 2.6185265
66400.0 2.6079049
66600.0 2.6259578
66800.0 2.6201908
67000.0 2.6092851
67200.0 2.6134416
67400.0 2.61742
67600.0 2.6291367
67800.0 2.6136283
68000.0 2.6462105
68200.0 2.6290759
68400.0 2.6443745
68600.0 2.6609734
68800.0 2.6508992
69000.0 2.6556219
69200.0 2.6435289
69400.0 2.6629515
69600.0 2.6436798
69800.0 2.6452404
70000.0 2.6518738
70200.0 2.6306563
70400.0 2.6503998
70600.0 2.640029
70800.0 2.6442959
71000.0 2.6367923
71200.0 2.6500275
71400.0 2.6397371
71600.0 2.6317636
71800.0 2.6452662
72000.0 2.6278349
72200.0 2.64721
72400.0 2.6338455
72600.0 2.6531495
72800.0 2.6243622
73000.0 2.6575112
73200.0 2.6340023
73400.0 2.6416857
73600.0 2.647034
73800.0 2.6489535
74000.0 2.634095
74200.0 2.6379048
74400.0 2.6596925
74600.0 2.6433467
74800.0 2.6454362
75000.0 2.6461658
75200.0 2.6572366
75400.0 2.6699951
75600.0 2.6646366
75800.0 2.6670576
76000.0 2.6856937
76200.0 2.6765942
76400.0 2.6830203
76600.0 2.6752341
76800.0 2.6846972
77000.0 2.6780006
77200.0 2.6866791
77400.0 2.673997
77600.0 2.6761853
77800.0 2.6547652
78000.0 2.6636496
78200.0 2.6621029
78400.0 2.6667806
78600.0 2.6495083
78800.0 2.6762838
79000.0 2.6553097
79200.0 2.6696879
79400.0 2.6726073
79600.0 2.6682634
79800.0 2.6686388
80000.0 2.6743746
80200.0 2.664659
80400.0 2.6913974
80600.0 2.6839625
80800.0 2.6864832
81000.0 2.6801185
81200.0 2.6628908
81400.0 2.6674903
81600.0 2.6653255
81800.0 2.6450047
82000.0 2.6614373
82200.0 2.6470114
82400.0 2.6337043
82600.0 2.6617115
82800.0 2.6482422
83000.0 2.6377227
83200.0 2.6424991
83400.0 2.6461742
83600.0 2.6176567
83800.0 2.6541722
84000.0 2.6358189
84200.0 2.6232828
84400.0 2.6404597
84600.0 2.6161151
84800.0 2.6166178
85000.0 2.6187625
85200.0 2.6322045
85400.0 2.6260519
85600.0 2.6353609
85800.0 2.6362681
86000.0 2.6352518
86200.0 2.6501993
86400.0 2.6280186
86600.0 2.6422755
86800.0 2.6415756
87000.0 2.6515132
87200.0 2.6391922
87400.0 2.6639854
87600.0 2.643682
87800.0 2.649227
88000.0 2.6750739
88200.0 2.6547992
88400.0 2.6651525
88600.0 2.6685349
88800.0 2.6732891
89000.0 2.6703753
89200.0 2.660478
89400.0 2.6835556
89600.0 2.6743654
89800.0 2.683133
90000.0 2.6816433
90200.0 2.7001876
90400.0 2.6893716
90600.0 2.687832
90800.0 2.7004992
91000.0 2.6889771
91200.0 2.6892527
91400.0 2.6762485
91600.0 2.662986
91800.0 2.6883011
92000.0 2.6565634
92200.0 2.6611456
92400.0 2.6740922
92600.0 2.6613395
92800.0 2.6537992
93000.0 2.6719378
93200.0 2.6588091
93400.0 2.6518802
93600.0 2.6502966
93800.0 2.664645
94000.0 2.6622463
94200.0 2.6479839
94400.0 2.6662556
94600.0 2.654166
94800.0 2.657881
95000.0 2.6416803
95200.0 2.6621979
95400.0 2.6634785
95600.0 2.6487958
95800.0 2.6670993
96000.0 2.6721015
96200.0 2.6717282
96400.0 2.6714143
96600.0 2.6867993
96800.0 2.6752096
97000.0 2.6930643
97200.0 2.6894978
97400.0 2.6744709
97600.0 2.6907803
97800.0 2.6850699
98000.0 2.6698201
98200.0 2.6600794
98400.0 2.6597153
98600.0 2.6623852
98800.0 2.6544156
99000.0 2.6509656
99200.0 2.6520767
99400.0 2.6503005
99600.0 2.6768386
99800.0 2.6621925
100000.0 2.648288
