0.0 -40.964528
200.0 50.815367
400.0 -45.556555
600.0 47.547635
800.0 -51.137608
1000.0 31.400948
1200.0 -14.581288
1400.0 2.077012
1600.0 1.2970744
1800.0 -1.854387
2000.0 10.39669
2200.0 -15.301546
2400.0 -36.175717
2600.0 63.575406
2800.0 -49.375301
3000.0 -12.25122
3200.0 40.582131
3400.0 -22.978105
3600.0 -5.0157556
3800.0 25.260272
4000.0 -27.892034
4200.0 29.803972
4400.0 -11.247658
4600.0 35.850515
4800.0 -59.786271
5000.0 87.363261
5200.0 -80.652883
5400.0 40.825971
5600.0 19.086234
5800.0 -54.267685
6000.0 93.905807
6200.0 -103.82183
6400.0 102.40223
6600.0 -57.932899
6800.0 40.849849
7000.0 47.183012
7200.0 -88.915461
7400.0 65.951528
7600.0 39.387196
7800.0 -97.582411
8000.0 83.495039
8200.0 -29.659692
8400.0 18.457285
8600.0 -10.520015
8800.0 -5.5719315
9000.0 7.0643594
9200.0 -11.525347
9400.0 13.361364
9600.0 -12.843216
9800.0 -29.344189
10000.0 70.850073
10200.0 -62.068343
10400.0 38.19699
10600.0 -29.237339
10800.0 37.064924
11000.0 -2.9024718
11200.0 -32.764314
11400.0 41.537442
11600.0 0.84453168
11800.0 -23.587228
12000.0 70.52322
12200.0 -104.19532
12400.0 101.42689
12600.0 -97.027469
12800.0 108.88817
13000.0 -92.174339
13200.0 141.13885
13400.0 -101.95405
13600.0 4.0627537
13800.0 38.408907
14000.0 -27.545115
14200.0 20.633016
14400.0 -31.379996
14600.0 25.551958
14800.0 41.228971
15000.0 -49.038917
15200.0 1.4531227
15400.0 5.2522711
15600.0 7.3386404
15800.0 -6.5934966
16000.0 20.584953
16200.0 -10.2467
16400.0 1.1409742
16600.0 7.1973102
16800.0 -16.307653
17000.0 -26.521615
17200.0 40.65859
17400.0 -40.674194
17600.0 17.732021
17800.0 -15.699235
18000.0 20.595376
18200.0 -13.49342
18400.0 -37.044354
18600.0 66.981165
18800.0 -60.704847
19000.0 95.081233
19200.0 -75.547146
19400.0 58.814499
19600.0 -63.907401
19800.0 118.569
20000.0 -119.68067
20200.0 96.765004
20400.0 -54.095021
20600.0 20.645332
20800.0 -8.286394
21000.0 29.923616
21200.0 -71.107834
21400.0 87.36615
21600.0 -65.863306
21800.0 88.238218
22000.0 -87.589851
22200.0 103.6693
22400.0 -135.56132
22600.0 131.00011
22800.0 -56.325716
23000.0 -5.5350663
23200.0 12.744471
23400.0 39.171429
23600.0 -16.7206
23800.0 -51.319406
24000.0 48.382964
24200.0 -11.607866
24400.0 -17.714833
24600.0 49.193747
24800.0 -7.0993884
25000.0 -34.023819
25200.0 61.104105
25400.0 -35.672321
25600.0 22.889276
25800.0 4.4457403
26000.0 -40.396714
26200.0 17.50899
26400.0 -11.319432
26600.0 -2.2266411
26800.0 10.620364
27000.0 -60.533072
27200.0 65.611542
27400.0 -65.818923
27600.0 89.066473
27800.0 -79.630725
28000.0 34.110958
28200.0 2.4690196
28400.0 -43.948155
28600.0 69.357958
28800.0 -69.845186
29000.0 38.680534
29200.0 -4.5813675
29400.0 -59.030564
29600.0 34.057136
29800.0 1.044822
30000.0 11.052953
30200.0 -37.250213
30400.0 76.299993
30600.0 -77.696418
30800.0 21.037107
31000.0 23.392438
31200.0 -33.238326
31400.0 10.287803
31600.0 42.226927
31800.0 -47.514962
32000.0 8.564798
32200.0 25.863774
32400.0 -7.8520437
32600.0 2.2817839
32800.0 -12.172707
33000.0 3.121894
33200.0 -11.510891
33400.0 67.853645
33600.0 -27.876728
33800.0 -25.780148
34000.0 9.6733129
34200.0 7.4946925
34400.0 -37.622424
34600.0 103.67004
34800.0 -77.718788
35000.0 18.290459
35200.0 34.201897
35400.0 -90.260478
35600.0 105.77435
35800.0 -104.52981
36000.0 66.839803
36200.0 -4.4241654
36400.0 -24.687866
36600.0 20.424379
36800.0 -28.860916
37000.0 25.881533
37200.0 -16.377601
37400.0 9.8342336
37600.0 45.158547
37800.0 -70.8814
38000.0 52.017932
38200.0 5.2515224
38400.0 -51.57279
38600.0 40.065489
38800.0 -20.64836
39000.0 25.567626
39200.0 -44.088916
39400.0 67.912747
39600.0 -50.815034
39800.0 10.704238
40000.0 28.125785
40200.0 0.98883321
40400.0 -58.156919
40600.0 74.307397
40800.0 -26.963167
41000.0 7.2325708
41200.0 1.4420992
41400.0 -45.450399
41600.0 80.525042
41800.0 -64.86421
42000.0 5.7937284
42200.0 41.786063
42400.0 -39.453356
42600.0 61.817794
42800.0 -48.478608
43000.0 19.444087
43200.0 6.0161935
43400.0 -9.1905811
43600.0 17.686257
43800.0 -24.724849
44000.0 22.102672
44200.0 28.550039
44400.0 -69.25351
44600.0 49.218275
44800.0 -41.102083
45000.0 77.179651
45200.0 -96.633848
45400.0 81.203492
45600.0 -20.826387
45800.0 -19.942078
46000.0 63.018308
46200.0 -46.085435
46400.0 -25.309176
46600.0 83.197378
46800.0 -112.12929
47000.0 130.34111
47200.0 -118.39531
47400.0 66.184204
47600.0 -48.022611
47800.0 39.547157
48000.0 -14.309102
48200.0 37.467186
48400.0 -43.944093
48600.0 -17.692034
48800.0 85.606597
49000.0 -60.16718
49200.0 22.170156
49400.0 65.314636
49600.0 -70.216576
49800.0 63.595124
50000.0 -35.870943
50200.0 7.6087591
50400.0 44.821539
50600.0 -14.51697
50800.0 -39.475583
51000.0 32.600524
51200.0 -8.9893319
51400.0 -9.9570023
51600.0 26.827668
51800.0 -46.152775
52000.0 70.508843
52200.0 -30.902292
52400.0 -3.3498801
52600.0 6.7299937
52800.0 11.864486
53000.0 19.716677
53200.0 -34.980873
53400.0 25.254423
53600.0 18.002817
53800.0 -61.669584
54000.0 61.073779
54200.0 -42.907548
54400.0 41.332789
54600.0 -54.171649
54800.0 80.020962
55000.0 -59.361756
55200.0 82.782273
55400.0 -55.121571
55600.0 4.8508875
55800.0 16.642206
56000.0 23.750579
56200.0 -34.38119
56400.0 65.720343
56600.0 -71.392241
56800.0 25.021039
57000.0 -26.349741
57200.0 42.418552
57400.0 -94.450878
57600.0 82.535373
57800.0 -70.175693
58000.0 36.943009
58200.0 -4.2546774
58400.0 -28.621056
58600.0 5.4799489
58800.0 -10.070697
59000.0 22.664035
59200.0 -43.745469
59400.0 84.351269
59600.0 -97.234222
59800.0 78.543366
60000.0 -50.205264
60200.0 31.448498
60400.0 -30.113755
60600.0 12.93232
60800.0 49.983017
61000.0 -66.566868
61200.0 60.469946
61400.0 -37.928287
61600.0 12.842246
61800.0 4.7690001
62000.0 -10.926046
62200.0 -3.3503222
62400.0 20.780638
62600.0 12.39373
62800.0 -48.828473
63000.0 73.55797
63200.0 -110.51583
63400.0 138.26988
63600.0 -141.87644
63800.0 120.89084
64000.0 -84.853706
64200.0 29.223067
64400.0 46.209628
64600.0 -75.549316
64800.0 104.85366
65000.0 -68.453318
65200.0 -0.71341358
65400.0 28.336833
65600.0 -96.123981
65800.0 131.32928
66000.0 -89.004837
66200.0 48.453972
66400.0 -12.254265
66600.0 2.6834646
66800.0 -23.634794
67000.0 10.474377
67200.0 31.793981
67400.0 -59.273284
67600.0 33.762764
67800.0 6.0003258
68000.0 -59.335055
68200.0 70.755719
68400.0 -103.33628
68600.0 78.206133
68800.0 -18.091658
69000.0 4.6889646
69200.0 -10.213909
69400.0 12.864279
69600.0 64.05173
69800.0 -87.778693
70000.0 117.73032
70200.0 -96.125858
70400.0 122.9402
70600.0 -74.126065
70800.0 -38.352723
71000.0 94.995546
71200.0 -87.317387
71400.0 80.051311
71600.0 -64.223347
71800.0 47.492572
72000.0 -40.933628
72200.0 27.092007
72400.0 8.2038041
72600.0 -66.597535
72800.0 125.09345
73000.0 -86.983541
73200.0 21.696046
73400.0 -9.468881
73600.0 69.607469
73800.0 -134.92209
74000.0 139.57737
74200.0 -86.989116
74400.0 69.81078
74600.0 -89.165306
74800.0 118.44959
75000.0 -64.481715
75200.0 57.124811
75400.0 -92.996724
75600.0 89.846268
75800.0 -26.277217
76000.0 11.374532
76200.0 -93.700685
76400.0 125.43219
76600.0 -103.37649
76800.0 57.915687
77000.0 2.2648132
77200.0 -55.202674
77400.0 96.736291
77600.0 -51.404466
77800.0 5.0564753
78000.0 8.9426497
78200.0 -20.795439
78400.0 51.77895
78600.0 -58.248343
78800.0 1.4557431
79000.0 1.9725685
79200.0 17.470685
79400.0 -13.39294
79600.0 -28.843954
79800.0 72.871372
80000.0 -50.306547
80200.0 77.761046
80400.0 -100.1043
80600.0 69.706412
80800.0 -25.416627
81000.0 18.400016
81200.0 -43.912927
81400.0 24.706718
81600.0 17.374941
81800.0 -31.735768
82000.0 28.275137
82200.0 14.077295
82400.0 18.517425
82600.0 -49.095828
82800.0 33.427821
83000.0 38.416507
83200.0 -4.1859913
83400.0 -52.10009
83600.0 30.596971
83800.0 6.7548356
84000.0 -62.192535
84200.0 51.528389
84400.0 -52.521262
84600.0 62.723212
84800.0 -80.106295
85000.0 37.159297
85200.0 12.921034
85400.0 -45.192976
85600.0 51.477548
85800.0 -52.338961
86000.0 25.97978
86200.0 -11.611709
86400.0 37.56751
86600.0 -64.458538
86800.0 98.884732
87000.0 -100.92182
87200.0 103.38646
87400.0 -50.197703
87600.0 16.006715
87800.0 33.975643
88000.0 -9.4972035
88200.0 13.453811
88400.0 -1.6537725
88600.0 34.414585
88800.0 -58.638223
89000.0 94.432495
89200.0 -44.538342
89400.0 -3.3768773
89600.0 0.56728275
89800.0 11.849912
90000.0 -17.246738
90200.0 -43.240462
90400.0 76.981132
90600.0 -74.259974
90800.0 45.965478
91000.0 -7.2942308
91200.0 -22.121157
91400.0 23.735352
91600.0 -0.65895203
91800.0 -12.647696
92000.0 12.271782
92200.0 -15.77565
92400.0 21.363344
92600.0 -3.102238
92800.0 11.197879
93000.0 -29.922674
93200.0 20.820432
93400.0 24.578856
93600.0 -44.086595
93800.0 35.360835
94000.0 32.119823
94200.0 -53.353531
94400.0 48.19661
94600.0 -29.962844
94800.0 23.568465
95000.0 -30.030809
95200.0 -47.608705
95400.0 68.249943
95600.0 -40.974921
95800.0 23.729224
96000.0 40.467048
96200.0 -110.68368
96400.0 122.16935
96600.0 -99.114169
96800.0 32.790716
97000.0 18.89932
97200.0 -22.292237
97400.0 29.52114
97600.0 14.458707
97800.0 -56.621719
98000.0 37.413548
98200.0 100.56547
98400.0 -140.85523
98600.0 93.342478
98800.0 -48.318185
99000.0 -0.39272354
99200.0 7.650985
99400.0 32.3707
99600.0 -58.630083
99800.0 41.37219
100000.0 7.8553717
