0.0 3.0835709
200.0 3.0777032
400.0 3.0724598
600.0 3.0601599
800.0 3.0666818
1000.0 3.0782384
1200.0 3.0798038
1400.0 3.0729209
1600.0 3.0648236
1800.0 3.0591643
2000.0 3.07324
2200.0 3.0793391
2400.0 3.0792825
2600.0 3.0701008
2800.0 3.0719622
3000.0 3.0727726
3200.0 3.0784194
3400.0 3.0763895
3600.0 3.0743342
3800.0 3.0667109
4000.0 3.0678206
4200.0 3.0765311
4400.0 3.0757692
4600.0 3.0712301
4800.0 3.0669367
5000.0 3.0646953
5200.0 3.0781689
5400.0 3.0784898
5600.0 3.076387
5800.0 3.0684134
6000.0 3.0720513
6200.0 3.0722739
6400.0 3.0798686
6600.0 3.0835278
6800.0 3.0692385
7000.0 3.0677762
7200.0 3.0674303
7400.0 3.0738248
7600.0 3.0751927
7800.0 3.0708995
8000.0 3.0651276
8200.0 3.0687478
8400.0 3.071321
8600.0 3.0752184
8800.0 3.0763053
9000.0 3.0736657
9200.0 3.0692689
9400.0 3.0714726
9600.0 3.0738122
9800.0 3.0810529
10000.0 3.0817756
10200.0 3.0765793
10400.0 3.0692443
10600.0 3.0674821
10800.0 3.0759849
11000.0 3.0787119
11200.0 3.0742123
11400.0 3.0646429
11600.0 3.0643661
11800.0 3.0665024
12000.0 3.077404
12200.0 3.077972
12400.0 3.0709877
12600.0 3.064101
12800.0 3.0727116
13000.0 3.078849
13200.0 3.0784632
13400.0 3.0791092
13600.0 3.0679548
13800.0 3.071449
14000.0 3.0764908
14200.0 3.0734878
14400.0 3.0721141
14600.0 3.0649296
14800.0 3.0700649
15000.0 3.0728507
15200.0 3.0732974
15400.0 3.0713763
15600.0 3.0719341
15800.0 3.072174
16000.0 3.0715378
16200.0 3.0727945
16400.0 3.0745199
16600.0 3.0693621
16800.0 3.0704776
17000.0 3.0728935
17200.0 3.0761285
17400.0 3.0718416
17600.0 3.0697447
17800.0 3.0704339
18000.0 3.0702174
18200.0 3.0825499
18400.0 3.083061
18600.0 3.0715302
18800.0 3.0697374
19000.0 3.0727262
19200.0 3.0754823
19400.0 3.0808214
19600.0 3.0732248
19800.0 3.0645687
20000.0 3.0628001
20200.0 3.0708183
20400.0 3.0792175
20600.0 3.0762268
20800.0 3.0753657
21000.0 3.0598302
21200.0 3.0663675
21400.0 3.0757931
21600.0 3.0834486
21800.0 3.0789371
22000.0 3.0747607
22200.0 3.0727857
22400.0 3.0743109
22600.0 3.0768811
22800.0 3.0827324
23000.0 3.0707889
23200.0 3.071137
23400.0 3.0697735
23600.0 3.0721702
23800.0 3.0763618
24000.0 3.0694187
24200.0 3.0685722
24400.0 3.0692782
24600.0 3.0740207
24800.0 3.0721394
25000.0 3.0730587
25200.0 3.067813
25400.0 3.0770699
25600.0 3.0809208
25800.0 3.0833954
26000.0 3.0684089
26200.0 3.0647555
26400.0 3.0652678
26600.0 3.0822694
26800.0 3.0794983
27000.0 3.0766962
27200.0 3.0584582
27400.0 3.0676785
27600.0 3.074075
27800.0 3.0794623
28000.0 3.0738792
28200.0 3.0690492
28400.0 3.0699892
28600.0 3.0734599
28800.0 3.0809863
29000.0 3.0824384
29200.0 3.0727038
29400.0 3.0755386
29600.0 3.0711595
29800.0 3.0684287
30000.0 3.0814748
30200.0 3.0731192
30400.0 3.0698974
30600.0 3.0638707
30800.0 3.0713312
31000.0 3.0748894
31200.0 3.0774031
31400.0 3.0703686
31600.0 3.0704832
31800.0 3.0696236
32000.0 3.0782806
32200.0 3.0731652
32400.0 3.0764712
32600.0 3.0753415
32800.0 3.0753643
33000.0 3.0736259
33200.0 3.07353
33400.0 3.0753787
33600.0 3.0687638
33800.0 3.0707784
34000.0 3.071265
34200.0 3.0656322
34400.0 3.0716628
34600.0 3.0750335
34800.0 3.0689009
35000.0 3.072713
35200.0 3.0690595
35400.0 3.0730035
35600.0 3.0785875
35800.0 3.084894
36000.0 3.0763716
36200.0 3.065443
36400.0 3.0665714
36600.0 3.0761057
36800.0 3.0812374
37000.0 3.0727383
37200.0 3.0664316
37400.0 3.0644247
37600.0 3.0722541
37800.0 3.0780809
38000.0 3.0754893
38200.0 3.069532
38400.0 3.0698532
38600.0 3.0719637
38800.0 3.0778936
39000.0 3.0814959
39200.0 3.0724516
39400.0 3.0776544
39600.0 3.0749332
39800.0 3.0740431
40000.0 3.0704356
40200.0 3.0733508
40400.0 3.0674218
40600.0 3.0729435
40800.0 3.0668361
41000.0 3.0726186
41200.0 3.0705182
41400.0 3.073879
41600.0 3.0704082
41800.0 3.0718262
42000.0 3.0758597
42200.0 3.0759408
42400.0 3.0789708
42600.0 3.0769143
42800.0 3.070241
43000.0 3.0696403
43200.0 3.0753861
43400.0 3.0809522
43600.0 3.0747949
43800.0 3.0691398
44000.0 3.0661961
44200.0 3.067412
44400.0 3.0780654
44600.0 3.0809975
44800.0 3.0694733
45000.0 3.0628931
45200.0 3.0593132
45400.0 3.0718391
45600.0 3.0787499
45800.0 3.0741903
46000.0 3.0681648
46200.0 3.068371
46400.0 3.0734851
46600.0 3.0784154
46800.0 3.0748629
47000.0 3.0751516
47200.0 3.0675617
47400.0 3.0771343
47600.0 3.0710956
47800.0 3.0675302
48000.0 3.0715716
48200.0 3.0706556
48400.0 3.0692301
48600.0 3.0675902
48800.0 3.0682446
49000.0 3.0722796
49200.0 3.0770457
49400.0 3.07501
49600.0 3.0685147
49800.0 3.0639254
50000.0 3.0718764
50200.0 3.0876337
50400.0 3.0827169
50600.0 3.0680381
50800.0 3.063064
51000.0 3.0649695
51200.0 3.0786478
51400.0 3.0834082
51600.0 3.0704617
51800.0 3.0652889
52000.0 3.0693191
52200.0 3.0747631
52400.0 3.0731203
52600.0 3.0678305
52800.0 3.0720801
53000.0 3.0630767
53200.0 3.071759
53400.0 3.0738033
53600.0 3.0752003
53800.0 3.0719893
54000.0 3.0680806
54200.0 3.0752941
54400.0 3.0790179
54600.0 3.0746989
54800.0 3.0757774
55000.0 3.0656993
55200.0 3.0675927
55400.0 3.073597
55600.0 3.0778586
55800.0 3.0730134
56000.0 3.0614855
56200.0 3.0614215
56400.0 3.070129
56600.0 3.082949
56800.0 3.0778339
57000.0 3.0671761
57200.0 3.065152
57400.0 3.071407
57600.0 3.0792844
57800.0 3.0754592
58000.0 3.0806539
58200.0 3.0669562
58400.0 3.0682943
58600.0 3.0724488
58800.0 3.0709878
59000.0 3.0702242
59200.0 3.0680113
59400.0 3.0701325
59600.0 3.0684369
59800.0 3.0742121
60000.0 3.0728705
60200.0 3.069346
60400.0 3.0754487
60600.0 3.0700962
60800.0 3.0761483
61000.0 3.0762773
61200.0 3.0765693
61400.0 3.0715525
61600.0 3.0692115
61800.0 3.0724167
62000.0 3.0782265
62200.0 3.0800244
62400.0 3.0648862
62600.0 3.0617328
62800.0 3.0675874
63000.0 3.0771661
63200.0 3.0760654
63400.0 3.075132
63600.0 3.0632719
63800.0 3.0722591
64000.0 3.0767431
64200.0 3.0772461
64400.0 3.0790375
64600.0 3.0718508
64800.0 3.0691748
65000.0 3.0711981
65200.0 3.0737466
65400.0 3.0782358
65600.0 3.0727311
65800.0 3.0655992
66000.0 3.0690258
66200.0 3.075744
66400.0 3.0723583
66600.0 3.0718836
66800.0 3.0729487
67000.0 3.0659053
67200.0 3.0663032
67400.0 3.0793839
67600.0 3.0854325
67800.0 3.0781723
68000.0 3.0686268
68200.0 3.0654944
68400.0 3.0763646
68600.0 3.0805166
68800.0 3.0809502
69000.0 3.0681073
69200.0 3.0624519
69400.0 3.0689693
69600.0 3.0707505
69800.0 3.0785635
70000.0 3.0721953
70200.0 3.0676714
70400.0 3.0722877
70600.0 3.0720335
70800.0 3.0782067
71000.0 3.0816551
71200.0 3.0757394
71400.0 3.0724183
71600.0 3.0696825
71800.0 3.0757076
72000.0 3.0757944
72200.0 3.0730224
72400.0 3.0677592
72600.0 3.06988
72800.0 3.0725315
73000.0 3.0786213
73200.0 3.0708061
73400.0 3.0629265
73600.0 3.0538741
73800.0 3.0803057
74000.0 3.0902072
74200.0 3.0790929
74400.0 3.0711701
74600.0 3.0645567
74800.0 3.0786497
75000.0 3.0754116
75200.0 3.0792805
75400.0 3.073273
75600.0 3.0674558
75800.0 3.0665663
76000.0 3.0759544
76200.0 3.0729961
76400.0 3.0708009
76600.0 3.0703373
76800.0 3.0717378
77000.0 3.0746153
77200.0 3.0718079
77400.0 3.0729308
77600.0 3.0770153
77800.0 3.0750724
78000.0 3.0731854
78200.0 3.0797419
78400.0 3.0807592
78600.0 3.0700693
78800.0 3.063215
79000.0 3.0733307
79200.0 3.0754417
79400.0 3.0744849
79600.0 3.0677493
79800.0 3.0646084
80000.0 3.0665973
80200.0 3.0770272
80400.0 3.0828753
80600.0 3.0732781
80800.0 3.0705271
81000.0 3.0664759
81200.0 3.0755729
81400.0 3.0842126
81600.0 3.0804498
81800.0 3.0706349
82000.0 3.0704704
82200.0 3.0703343
82400.0 3.0741534
82600.0 3.0730319
82800.0 3.0697208
83000.0 3.0699682
83200.0 3.0691876
83400.0 3.068627
83600.0 3.075138
83800.0 3.0703272
84000.0 3.0750468
84200.0 3.070445
84400.0 3.0786898
84600.0 3.0757333
84800.0 3.0727041
85000.0 3.0762582
85200.0 3.0757248
85400.0 3.0724192
85600.0 3.0706106
85800.0 3.0723591
86000.0 3.073335
86200.0 3.0769644
86400.0 3.0711595
86600.0 3.0667349
86800.0 3.0694989
87000.0 3.0761552
87200.0 3.0742944
87400.0 3.068801
87600.0 3.0692893
87800.0 3.0646317
88000.0 3.0725461
88200.0 3.0752946
88400.0 3.0736918
88600.0 3.070625
88800.0 3.0682426
89000.0 3.0755259
89200.0 3.0800742
89400.0 3.0762607
89600.0 3.0675084
89800.0 3.0686531
90000.0 3.0733476
90200.0 3.0763302
90400.0 3.0743091
90600.0 3.0672303
90800.0 3.0640113
91000.0 3.0710835
91200.0 3.075624
91400.0 3.0762104
91600.0 3.0708245
91800.0 3.0587142
92000.0 3.0618384
92200.0 3.0836815
92400.0 3.086419
92600.0 3.0781988
92800.0 3.0643391
93000.0 3.0669574
93200.0 3.0742917
93400.0 3.081027
93600.0 3.0791166
93800.0 3.0690903
94000.0 3.0672068
94200.0 3.0662823
94400.0 3.0764675
94600.0 3.0738526
94800.0 3.0705286
95000.0 3.0648061
95200.0 3.0719247
95400.0 3.077534
95600.0 3.0760834
95800.0 3.0765989
96000.0 3.0732538
96200.0 3.0711969
96400.0 3.076627
96600.0 3.0767861
96800.0 3.0771339
97000.0 3.065223
97200.0 3.0620131
97400.0 3.0698723
97600.0 3.0842771
97800.0 3.0805684
98000.0 3.0651803
98200.0 3.0609793
98400.0 3.0724031
98600.0 3.0786451
98800.0 3.0845196
99000.0 3.0744477
99200.0 3.0690977
99400.0 3.0713963
99600.0 3.0753997
99800.0 3.0810024
100000.0 3.0708116
