0.0 351.70632
200.0 352.34704
400.0 349.42872
600.0 345.28152
800.0 346.81002
1000.0 332.47611
1200.0 354.95421
1400.0 338.35131
1600.0 342.66468
1800.0 334.56209
2000.0 347.00664
2200.0 331.85435
2400.0 347.77887
2600.0 336.15508
2800.0 355.29294
3000.0 346.81116
3200.0 349.73548
3400.0 346.74701
3600.0 357.17345
3800.0 345.04201
4000.0 343.4245
4200.0 345.9702
4400.0 350.43211
4600.0 332.66451
4800.0 345.5815
5000.0 349.02624
5200.0 344.19281
5400.0 336.88978
5600.0 348.0774
5800.0 357.01944
6000.0 341.1171
6200.0 349.85488
6400.0 350.75145
6600.0 358.48881
6800.0 353.37866
7000.0 350.42682
7200.0 342.11065
7400.0 345.87146
7600.0 351.86199
7800.0 335.47807
8000.0 340.03298
8200.0 342.4034
8400.0 337.37039
8600.0 339.17952
8800.0 346.25137
9000.0 343.16482
9200.0 349.24529
9400.0 342.47866
9600.0 354.46357
9800.0 350.00448
10000.0 347.76837
10200.0 357.32363
10400.0 348.44156
10600.0 344.52648
10800.0 336.82698
11000.0 351.52612
11200.0 337.33167
11400.0 337.46089
11600.0 345.46657
11800.0 344.71254
12000.0 355.89062
12200.0 342.47017
12400.0 351.12375
12600.0 345.59013
12800.0 358.93809
13000.0 352.14022
13200.0 347.24515
13400.0 357.18684
13600.0 347.73444
13800.0 344.09781
14000.0 347.46471
14200.0 345.27561
14400.0 345.8713
14600.0 338.25393
14800.0 345.40676
15000.0 354.75855
15200.0 355.74288
15400.0 342.72052
15600.0 363.09198
15800.0 354.11889
16000.0 353.72134
16200.0 358.36922
16400.0 360.4487
16600.0 347.87084
16800.0 357.23152
17000.0 348.69146
17200.0 349.48843
17400.0 345.20979
17600.0 345.59908
17800.0 352.15799
18000.0 343.2918
18200.0 347.36219
18400.0 343.68262
18600.0 347.32716
18800.0 336.00965
19000.0 342.86486
19200.0 337.97605
19400.0 347.3553
19600.0 339.74145
19800.0 353.18986
20000.0 346.35771
20200.0 352.26048
20400.0 350.67493
20600.0 351.30543
20800.0 356.53837
21000.0 340.38364
21200.0 352.42697
21400.0 347.10887
21600.0 341.49854
21800.0 334.57417
22000.0 344.72122
22200.0 345.8178
22400.0 339.24621
22600.0 344.26387
22800.0 348.31322
23000.0 352.58041
23200.0 344.34227
23400.0 348.67209
23600.0 346.09949
23800.0 350.85905
24000.0 353.55324
24200.0 349.97946
24400.0 362.60061
24600.0 364.57111
24800.0 352.58278
25000.0 350.47602
25200.0 353.57034
25400.0 352.91301
25600.0 349.12787
25800.0 346.90836
26000.0 339.33062
26200.0 348.99819
26400.0 344.15952
26600.0 349.13691
26800.0 345.51904
27000.0 354.63654
27200.0 348.99205
27400.0 351.42159
27600.0 340.90232
27800.0 357.74078
28000.0 348.52385
28200.0 356.20748
28400.0 344.98494
28600.0 362.97074
28800.0 352.30627
29000.0 346.6604
29200.0 342.72294
29400.0 349.35085
29600.0 346.72324
29800.0 345.22294
30000.0 350.90224
30200.0 343.86227
30400.0 340.34235
30600.0 347.0414
30800.0 349.52926
31000.0 350.6012
31200.0 360.12535
31400.0 351.15519
31600.0 347.76727
31800.0 350.18309
32000.0 350.93556
32200.0 352.31501
32400.0 353.54868
32600.0 342.48637
32800.0 341.83993
33000.0 351.17994
33200.0 351.32447
33400.0 330.7384
33600.0 347.92386
33800.0 348.78658
34000.0 352.97923
34200.0 344.83813
34400.0 346.7083
34600.0 345.6527
34800.0 354.99859
35000.0 357.05663
35200.0 356.55183
35400.0 357.80381
35600.0 362.07962
35800.0 358.26976
36000.0 350.77285
36200.0 351.29606
36400.0 353.93549
36600.0 351.81475
36800.0 345.79631
37000.0 347.26677
37200.0 349.46597
37400.0 343.12751
37600.0 339.71706
37800.0 345.26037
38000.0 352.8356
38200.0 338.82197
38400.0 353.25184
38600.0 350.04463
38800.0 355.66738
39000.0 352.42033
39200.0 356.67678
39400.0 346.30017
39600.0 352.19361
39800.0 363.9797
40000.0 336.74706
40200.0 342.34592
40400.0 348.44897
40600.0 345.38011
40800.0 352.86499
41000.0 334.15129
41200.0 345.04899
41400.0 343.59498
41600.0 351.25468
41800.0 347.57409
42000.0 356.37616
42200.0 351.56757
42400.0 360.06967
42600.0 342.04538
42800.0 356.71257
43000.0 352.5485
43200.0 342.71002
43400.0 346.28283
43600.0 344.05255
43800.0 342.07021
44000.0 359.17377
44200.0 342.31843
44400.0 348.28027
44600.0 340.82505
44800.0 358.51344
45000.0 353.78052
45200.0 353.09007
45400.0 353.95243
45600.0 352.79827
45800.0 364.81546
46000.0 349.19965
46200.0 354.63411
46400.0 350.9854
46600.0 348.95188
46800.0 351.67276
47000.0 349.115
47200.0 347.12022
47400.0 347.99693
47600.0 341.68827
47800.0 348.95568
48000.0 341.29667
48200.0 342.465
48400.0 352.88046
48600.0 356.06239
48800.0 349.18876
49000.0 354.10179
49200.0 354.30627
49400.0 353.023
49600.0 346.06537
49800.0 353.39177
50000.0 339.41133
50200.0 345.09924
50400.0 343.96584
50600.0 345.53108
50800.0 341.36978
51000.0 347.56847
51200.0 344.90623
51400.0 342.33177
51600.0 350.03752
51800.0 354.40465
52000.0 351.93474
52200.0 352.8615
52400.0 349.76757
52600.0 347.2172
52800.0 351.33051
53000.0 335.91263
53200.0 353.1292
53400.0 332.47175
53600.0 341.68828
53800.0 345.76027
54000.0 341.44277
54200.0 342.63205
54400.0 354.98335
54600.0 352.9906
54800.0 343.46449
55000.0 344.35972
55200.0 348.45494
55400.0 351.47785
55600.0 345.7112
55800.0 357.66424
56000.0 358.16822
56200.0 347.86757
56400.0 346.00896
56600.0 339.78702
56800.0 348.76614
57000.0 337.37818
57200.0 349.03085
57400.0 345.4743
57600.0 342.11233
57800.0 348.15016
58000.0 347.90672
58200.0 343.94781
58400.0 354.56884
58600.0 355.82187
58800.0 349.45818
59000.0 357.18001
59200.0 355.2714
59400.0 347.96629
59600.0 343.03478
59800.0 349.52197
60000.0 352.19943
60200.0 351.70813
60400.0 334.78298
60600.0 350.09004
60800.0 346.55087
61000.0 349.5657
61200.0 350.94002
61400.0 348.13325
61600.0 345.29336
61800.0 357.28428
62000.0 349.78738
62200.0 352.65633
62400.0 353.89654
62600.0 360.46104
62800.0 352.72113
63000.0 354.01347
63200.0 347.97539
63400.0 335.04362
63600.0 358.73216
63800.0 350.57742
64000.0 342.75643
64200.0 339.03228
64400.0 344.70114
64600.0 347.62842
64800.0 347.99131
65000.0 352.82542
65200.0 361.79238
65400.0 351.39431
65600.0 347.31661
65800.0 356.60439
66000.0 343.88876
66200.0 352.67583
66400.0 353.48634
66600.0 352.5149
66800.0 346.46182
67000.0 348.28405
67200.0 346.14481
67400.0 341.17841
67600.0 343.28523
67800.0 356.80723
68000.0 351.41121
68200.0 338.33258
68400.0 350.33481
68600.0 348.59661
68800.0 355.77724
69000.0 360.30931
69200.0 355.07099
69400.0 343.42159
69600.0 350.84425
69800.0 352.88628
70000.0 346.63738
70200.0 340.292
70400.0 350.18037
70600.0 339.11846
70800.0 340.89975
71000.0 349.36067
71200.0 355.84148
71400.0 336.79882
71600.0 342.76125
71800.0 353.05037
72000.0 352.0053
72200.0 344.55357
72400.0 352.10313
72600.0 349.79997
72800.0 351.70191
73000.0 346.81408
73200.0 342.0253
73400.0 356.51246
73600.0 344.90494
73800.0 347.08108
74000.0 350.21368
74200.0 349.87105
74400.0 339.45375
74600.0 347.43861
74800.0 346.85748
75000.0 348.88807
75200.0 343.21624
75400.0 352.46044
75600.0 340.53315
75800.0 355.41583
76000.0 346.89177
76200.0 356.21042
76400.0 348.08698
76600.0 353.44256
76800.0 358.94116
77000.0 347.61931
77200.0 352.64332
77400.0 348.31649
77600.0 340.7453
77800.0 346.83345
78000.0 345.97913
78200.0 338.55913
78400.0 348.7115
78600.0 355.81427
78800.0 342.91445
79000.0 343.8143
79200.0 351.32834
79400.0 350.2237
79600.0 368.08018
79800.0 347.2253
80000.0 351.32366
80200.0 360.98526
80400.0 347.63596
80600.0 344.27079
80800.0 351.42824
81000.0 354.41041
81200.0 341.24122
81400.0 349.16571
81600.0 343.75202
81800.0 343.83487
82000.0 349.43777
82200.0 347.96015
82400.0 341.41569
82600.0 358.99302
82800.0 354.01293
83000.0 351.24804
83200.0 357.2987
83400.0 358.14488
83600.0 356.24789
83800.0 352.81346
84000.0 345.79095
84200.0 352.73574
84400.0 347.72077
84600.0 352.64664
84800.0 349.31124
85000.0 344.00765
85200.0 343.41626
85400.0 347.59773
85600.0 348.79911
85800.0 335.98059
86000.0 351.95484
86200.0 357.65914
86400.0 354.6571
86600.0 352.87566
86800.0 349.12623
87000.0 353.4714
87200.0 352.59554
87400.0 347.4107
87600.0 339.30535
87800.0 349.05932
88000.0 348.43508
88200.0 345.76632
88400.0 341.43253
88600.0 345.53604
88800.0 353.39806
89000.0 341.80551
89200.0 345.61621
89400.0 352.04297
89600.0 357.53944
89800.0 353.36419
90000.0 354.1372
90200.0 356.20817
90400.0 356.41121
90600.0 347.87856
90800.0 346.40142
91000.0 342.02782
91200.0 346.5547
91400.0 340.96715
91600.0 350.35956
91800.0 348.47166
92000.0 341.10822
92200.0 345.71903
92400.0 356.75913
92600.0 366.96425
92800.0 344.16886
93000.0 344.30738
93200.0 345.11398
93400.0 361.30167
93600.0 338.17289
93800.0 344.90176
94000.0 342.89191
94200.0 341.4403
94400.0 340.80212
94600.0 340.51479
94800.0 333.05372
95000.0 337.50471
95200.0 339.84289
95400.0 349.16511
95600.0 348.48989
95800.0 339.17849
96000.0 349.08806
96200.0 354.35197
96400.0 345.57158
96600.0 351.10335
96800.0 353.47883
97000.0 351.91691
97200.0 355.97063
97400.0 340.61409
97600.0 353.48953
97800.0 344.75298
98000.0 336.90036
98200.0 342.6133
98400.0 348.11718
98600.0 340.33982
98800.0 343.59576
99000.0 354.40314
99200.0 348.14236
99400.0 342.6119
99600.0 352.45924
99800.0 349.56086
100000.0 347.73721
