0.0 -4560.8159
200.0 -4577.4994
400.0 -4581.5402
600.0 -4570.4014
800.0 -4557.5172
1000.0 -4574.3986
1200.0 -4591.801
1400.0 -4553.6824
1600.0 -4579.206
1800.0 -4575.745
2000.0 -4560.5486
2200.0 -4561.5902
2400.0 -4550.4081
2600.0 -4556.3134
2800.0 -4544.3805
3000.0 -4545.3295
3200.0 -4522.2584
3400.0 -4512.0278
3600.0 -4544.9999
3800.0 -4555.0817
4000.0 -4531.6576
4200.0 -4550.772
4400.0 -4554.1743
4600.0 -4570.6253
4800.0 -4579.472
5000.0 -4574.5828
5200.0 -4561.3822
5400.0 -4564.1438
5600.0 -4591.909
5800.0 -4577.4101
6000.0 -4573.4212
6200.0 -4575.138
6400.0 -4571.4481
6600.0 -4606.5629
6800.0 -4610.5532
7000.0 -4588.5168
7200.0 -4585.6553
7400.0 -4578.0834
7600.0 -4576.6339
7800.0 -4592.3768
8000.0 -4586.629
8200.0 -4549.652
8400.0 -4539.7603
8600.0 -4535.3243
8800.0 -4550.9359
9000.0 -4561.0013
9200.0 -4525.6646
9400.0 -4540.1019
9600.0 -4553.4744
9800.0 -4532.2249
10000.0 -4568.0961
10200.0 -4560.4382
10400.0 -4579.7253
10600.0 -4594.0278
10800.0 -4579.686
11000.0 -4575.3125
11200.0 -4567.7373
11400.0 -4577.7701
11600.0 -4573.4311
11800.0 -4576.0262
12000.0 -4567.2127
12200.0 -4576.8164
12400.0 -4553.3537
12600.0 -4546.7765
12800.0 -4566.3482
13000.0 -4558.8527
13200.0 -4554.7731
13400.0 -4539.2989
13600.0 -4530.8818
13800.0 -4543.6205
14000.0 -4543.0536
14200.0 -4530.2248
14400.0 -4546.2557
14600.0 -4564.0056
14800.0 -4585.6883
15000.0 -4569.3512
15200.0 -4565.0708
15400.0 -4569.6576
15600.0 -4570.9197
15800.0 -4577.0753
16000.0 -4560.6639
16200.0 -4571.9022
16400.0 -4560.8549
16600.0 -4567.5306
16800.0 -4561.7175
17000.0 -4544.7853
17200.0 -4527.3674
17400.0 -4516.2238
17600.0 -4551.26
17800.0 -4546.186
18000.0 -4531.2519
18200.0 -4529.0722
18400.0 -4549.883
18600.0 -4542.3455
18800.0 -4563.7126
19000.0 -4576.2387
19200.0 -4559.1107
19400.0 -4572.7388
19600.0 -4575.3412
19800.0 -4580.8072
20000.0 -4588.6259
20200.0 -4598.9185
20400.0 -4593.0471
20600.0 -4584.3881
20800.0 -4576.8984
21000.0 -4550.3672
21200.0 -4549.9314
21400.0 -4560.0427
21600.0 -4549.9446
21800.0 -4552.4686
22000.0 -4567.4342
22200.0 -4551.3589
22400.0 -4551.5445
22600.0 -4576.9648
22800.0 -4573.3551
23000.0 -4601.0839
23200.0 -4610.2595
23400.0 -4600.4226
23600.0 -4614.0006
23800.0 -4595.3532
24000.0 -4595.9893
24200.0 -4610.8572
24400.0 -4582.7777
24600.0 -4562.2331
24800.0 -4566.7467
25000.0 -4566.0624
25200.0 -4558.8711
25400.0 -4554.9073
25600.0 -4569.2866
25800.0 -4555.1074
26000.0 -4544.3546
26200.0 -4557.7915
26400.0 -4559.6731
26600.0 -4550.1699
26800.0 -4567.7358
27000.0 -4575.4254
27200.0 -4560.991
27400.0 -4587.5045
27600.0 -4572.4054
27800.0 -4598.4442
28000.0 -4596.8582
28200.0 -4570.6649
28400.0 -4563.241
28600.0 -4569.887
28800.0 -4546.2732
29000.0 -4536.1856
29200.0 -4549.8576
29400.0 -4536.7707
29600.0 -4540.0851
29800.0 -4538.6649
30000.0 -4560.0937
30200.0 -4552.5738
30400.0 -4557.6138
30600.0 -4575.4355
30800.0 -4570.6722
31000.0 -4563.468
31200.0 -4576.5684
31400.0 -4582.829
31600.0 -4556.5858
31800.0 -4568.9971
32000.0 -4563.0163
32200.0 -4563.8074
32400.0 -4558.1087
32600.0 -4565.1486
32800.0 -4555.9179
33000.0 -4544.8376
33200.0 -4551.6455
33400.0 -4566.4387
33600.0 -4595.3335
33800.0 -4597.6699
34000.0 -4591.5689
34200.0 -4585.7712
34400.0 -4603.6158
34600.0 -4596.9684
34800.0 -4574.0562
35000.0 -4587.0844
35200.0 -4598.8842
35400.0 -4570.559
35600.0 -4554.9577
35800.0 -4559.7674
36000.0 -4580.614
36200.0 -4571.9671
36400.0 -4535.1802
36600.0 -4562.5378
36800.0 -4558.6957
37000.0 -4550.8687
37200.0 -4554.0558
37400.0 -4561.3645
37600.0 -4570.7155
37800.0 -4565.5099
38000.0 -4555.1041
38200.0 -4558.7432
38400.0 -4576.7024
38600.0 -4584.9257
38800.0 -4582.3797
39000.0 -4562.4243
39200.0 -4575.162
39400.0 -4587.5492
39600.0 -4590.6378
39800.0 -4597.3676
40000.0 -4567.2231
40200.0 -4575.4591
40400.0 -4583.7432
40600.0 -4575.0267
40800.0 -4564.6599
41000.0 -4571.0609
41200.0 -4566.1626
41400.0 -4556.6153
41600.0 -4555.4441
41800.0 -4547.4745
42000.0 -4550.4643
42200.0 -4550.7119
42400.0 -4535.7635
42600.0 -4531.015
42800.0 -4541.0105
43000.0 -4539.2044
43200.0 -4527.8623
43400.0 -4543.6409
43600.0 -4566.0183
43800.0 -4574.5869
44000.0 -4568.1606
44200.0 -4568.5326
44400.0 -4574.2697
44600.0 -4594.3168
44800.0 -4565.8395
45000.0 -4592.9686
45200.0 -4600.176
45400.0 -4561.9907
45600.0 -4580.729
45800.0 -4588.4526
46000.0 -4580.0005
46200.0 -4582.4089
46400.0 -4580.1932
46600.0 -4553.6873
46800.0 -4566.1288
47000.0 -4571.217
47200.0 -4557.4404
47400.0 -4555.9284
47600.0 -4558.1996
47800.0 -4573.9726
48000.0 -4561.03
48200.0 -4552.7595
48400.0 -4577.1016
48600.0 -4585.4824
48800.0 -4575.0046
49000.0 -4588.8793
49200.0 -4595.3403
49400.0 -4573.8658
49600.0 -4581.0508
49800.0 -4602.8476
50000.0 -4582.9568
50200.0 -4566.8514
50400.0 -4568.3256
50600.0 -4547.0532
50800.0 -4559.3047
51000.0 -4583.0602
51200.0 -4542.0784
51400.0 -4539.7665
51600.0 -4559.5671
51800.0 -4572.6336
52000.0 -4556.5698
52200.0 -4553.0277
52400.0 -4551.8772
52600.0 -4572.6565
52800.0 -4577.44
53000.0 -4554.1682
53200.0 -4587.5971
53400.0 -4590.84
53600.0 -4572.4357
53800.0 -4587.7491
54000.0 -4596.6062
54200.0 -4590.916
54400.0 -4595.069
54600.0 -4569.1246
54800.0 -4573.6653
55000.0 -4566.4819
55200.0 -4545.237
55400.0 -4543.3461
55600.0 -4548.6743
55800.0 -4543.7304
56000.0 -4556.8842
56200.0 -4561.2112
56400.0 -4542.0762
56600.0 -4561.8286
56800.0 -4570.0388
57000.0 -4571.9433
57200.0 -4570.2691
57400.0 -4579.8477
57600.0 -4603.0051
57800.0 -4582.4288
58000.0 -4587.6722
58200.0 -4584.9436
58400.0 -4579.2973
58600.0 -4582.5884
58800.0 -4563.3158
59000.0 -4580.8122
59200.0 -4575.3277
59400.0 -4561.0118
59600.0 -4575.3067
59800.0 -4559.3569
60000.0 -4559.3446
60200.0 -4565.473
60400.0 -4575.0363
60600.0 -4578.2272
60800.0 -4570.4408
61000.0 -4584.4145
61200.0 -4589.0062
61400.0 -4578.4608
61600.0 -4588.6318
61800.0 -4568.4001
62000.0 -4560.3331
62200.0 -4601.3692
62400.0 -4561.7875
62600.0 -4553.7835
62800.0 -4560.4418
63000.0 -4552.1179
63200.0 -4545.7745
63400.0 -4547.7206
63600.0 -4541.0424
63800.0 -4542.1117
64000.0 -4540.866
64200.0 -4536.5272
64400.0 -4525.475
64600.0 -4536.8349
64800.0 -4561.1378
65000.0 -4544.3808
65200.0 -4546.3536
65400.0 -4563.2872
65600.0 -4570.3746
65800.0 -4565.677
66000.0 -4577.8765
66200.0 -4565.3128
66400.0 -4572.1743
66600.0 -4606.0409
66800.0 -4573.5498
67000.0 -4562.9158
67200.0 -4587.7259
67400.0 -4606.2783
67600.0 -4577.7195
67800.0 -4558.6385
68000.0 -4552.7294
68200.0 -4542.685
68400.0 -4530.3867
68600.0 -4541.8889
68800.0 -4538.2296
69000.0 -4520.5208
69200.0 -4541.855
69400.0 -4525.7686
69600.0 -4508.4468
69800.0 -4525.3361
70000.0 -4509.77
70200.0 -4539.9713
70400.0 -4555.4946
70600.0 -4563.4448
70800.0 -4578.3153
71000.0 -4577.1163
71200.0 -4560.5856
71400.0 -4548.8283
71600.0 -4572.3487
71800.0 -4573.1823
72000.0 -4565.8768
72200.0 -4560.261
72400.0 -4558.3435
72600.0 -4542.7482
72800.0 -4538.8893
73000.0 -4564.4657
73200.0 -4566.546
73400.0 -4537.3501
73600.0 -4539.9073
73800.0 -4553.7129
74000.0 -4537.4631
74200.0 -4541.0661
74400.0 -4571.4196
74600.0 -4567.119
74800.0 -4580.0961
75000.0 -4589.7623
75200.0 -4586.8321
75400.0 -4598.5231
75600.0 -4587.1647
75800.0 -4592.3804
76000.0 -4582.2847
76200.0 -4581.8507
76400.0 -4583.6177
76600.0 -4577.6147
76800.0 -4562.9452
77000.0 -4563.7841
77200.0 -4567.9719
77400.0 -4542.7373
77600.0 -4547.4642
77800.0 -4543.6686
78000.0 -4537.2203
78200.0 -4534.2013
78400.0 -4544.6532
78600.0 -4532.9367
78800.0 -4508.0582
79000.0 -4532.2798
79200.0 -4543.8605
79400.0 -4551.0517
79600.0 -4566.4908
79800.0 -4565.6408
80000.0 -4562.1134
80200.0 -4557.0309
80400.0 -4554.9944
80600.0 -4565.0761
80800.0 -4578.7135
81000.0 -4568.7825
81200.0 -4580.0973
81400.0 -4565.0228
81600.0 -4567.287
81800.0 -4592.4103
82000.0 -4577.7809
82200.0 -4599.8882
82400.0 -4601.7163
82600.0 -4584.4536
82800.0 -4574.6076
83000.0 -4579.3113
83200.0 -4596.3254
83400.0 -4584.3212
83600.0 -4572.8766
83800.0 -4557.4195
84000.0 -4563.3642
84200.0 -4556.5064
84400.0 -4549.4388
84600.0 -4545.5975
84800.0 -4548.9756
85000.0 -4532.5325
85200.0 -4535.0516
85400.0 -4533.648
85600.0 -4516.6516
85800.0 -4511.1988
86000.0 -4524.3333
86200.0 -4540.7035
86400.0 -4542.0477
86600.0 -4546.5873
86800.0 -4559.0158
87000.0 -4560.1182
87200.0 -4562.8461
87400.0 -4581.6588
87600.0 -4584.0668
87800.0 -4564.3905
88000.0 -4564.9665
88200.0 -4581.6236
88400.0 -4582.5372
88600.0 -4578.827
88800.0 -4569.2171
89000.0 -4566.0779
89200.0 -4568.1768
89400.0 -4559.882
89600.0 -4550.807
89800.0 -4560.5996
90000.0 -4534.6917
90200.0 -4542.2458
90400.0 -4540.2126
90600.0 -4530.9765
90800.0 -4547.3683
91000.0 -4573.7044
91200.0 -4562.0751
91400.0 -4551.5321
91600.0 -4582.7338
91800.0 -4566.2558
92000.0 -4579.8687
92200.0 -4579.1712
92400.0 -4574.0976
92600.0 -4586.6111
92800.0 -4588.5881
93000.0 -4562.4855
93200.0 -4558.8886
93400.0 -4577.609
93600.0 -4552.5724
93800.0 -4573.8345
94000.0 -4575.0832
94200.0 -4563.3745
94400.0 -4574.732
94600.0 -4574.3692
94800.0 -4578.0966
95000.0 -4578.5877
95200.0 -4589.2282
95400.0 -4572.1532
95600.0 -4572.4217
95800.0 -4584.6955
96000.0 -4581.4252
96200.0 -4575.5412
96400.0 -4577.4998
96600.0 -4586.3385
96800.0 -4564.485
97000.0 -4555.8224
97200.0 -4564.1582
97400.0 -4567.3835
97600.0 -4582.8513
97800.0 -4549.6787
98000.0 -4543.1068
98200.0 -4557.3835
98400.0 -4564.8436
98600.0 -4560.4216
98800.0 -4544.313
99000.0 -4520.0844
99200.0 -4522.3515
99400.0 -4539.8529
99600.0 -4527.1379
99800.0 -4529.5265
100000.0 -4548.8808
