0.0 52.841368
200.0 52.756256
400.0 52.81037
600.0 52.832179
800.0 52.721619
1000.0 52.90478
1200.0 52.809236
1400.0 52.554322
1600.0 52.767199
1800.0 52.770485
2000.0 52.647977
2200.0 52.688637
2400.0 52.678222
2600.0 52.57406
2800.0 52.688347
3000.0 52.684352
3200.0 52.547456
3400.0 52.635137
3600.0 52.740454
3800.0 52.633868
4000.0 52.504264
4200.0 52.594232
4400.0 52.682617
4600.0 52.696888
4800.0 52.827332
5000.0 52.820737
5200.0 52.667339
5400.0 52.63481
5600.0 52.59317
5800.0 52.594974
6000.0 52.451382
6200.0 52.513379
6400.0 52.566117
6600.0 52.512273
6800.0 52.433179
7000.0 52.514307
7200.0 52.523978
7400.0 52.496918
7600.0 52.59513
7800.0 52.680752
8000.0 52.71543
8200.0 52.674503
8400.0 52.585669
8600.0 52.565403
8800.0 52.547628
9000.0 52.611429
9200.0 52.672356
9400.0 52.733664
9600.0 52.600924
9800.0 52.541272
10000.0 52.622356
10200.0 52.698247
10400.0 52.698245
10600.0 52.797684
10800.0 52.974741
11000.0 52.927985
11200.0 52.88718
11400.0 53.069056
11600.0 52.968064
11800.0 52.855382
12000.0 52.89989
12200.0 52.944666
12400.0 52.783171
12600.0 52.915213
12800.0 52.98319
13000.0 52.803484
13200.0 52.915408
13400.0 53.030801
13600.0 52.652804
13800.0 52.640327
14000.0 52.810353
14200.0 52.757047
14400.0 52.581846
14600.0 52.551284
14800.0 52.707549
15000.0 52.730855
15200.0 52.584001
15400.0 52.556678
15600.0 52.612391
15800.0 52.615547
16000.0 52.580895
16200.0 52.676813
16400.0 52.657607
16600.0 52.602559
16800.0 52.805411
17000.0 52.624477
17200.0 52.429738
17400.0 52.591888
17600.0 52.691312
17800.0 52.560519
18000.0 52.615366
18200.0 52.691494
18400.0 52.672762
18600.0 52.602563
18800.0 52.609863
19000.0 52.778489
19200.0 52.948509
19400.0 52.764864
19600.0 52.853884
19800.0 52.979264
20000.0 52.880971
20200.0 52.960603
20400.0 52.881648
20600.0 52.641463
20800.0 52.617418
21000.0 52.815696
21200.0 52.755411
21400.0 52.51191
21600.0 52.488396
21800.0 52.643437
22000.0 52.598497
22200.0 52.474509
22400.0 52.476378
22600.0 52.596328
22800.0 52.558097
23000.0 52.418117
23200.0 52.619723
23400.0 52.814824
23600.0 52.683095
23800.0 52.642958
24000.0 52.723908
24200.0 52.823032
24400.0 52.694465
24600.0 52.764273
24800.0 52.869243
25000.0 52.72567
25200.0 52.903001
25400.0 53.047766
25600.0 52.936169
25800.0 52.924873
26000.0 53.074691
26200.0 53.02386
26400.0 52.851083
26600.0 52.94975
26800.0 52.885992
27000.0 52.618259
27200.0 52.519637
27400.0 52.622919
27600.0 52.601634
27800.0 52.503655
28000.0 52.565104
28200.0 52.800306
28400.0 52.675591
28600.0 52.530989
28800.0 52.668519
29000.0 52.668925
29200.0 52.603623
29400.0 52.523331
29600.0 52.579436
29800.0 52.541034
30000.0 52.565081
30200.0 52.558932
30400.0 52.644711
30600.0 52.547845
30800.0 52.426212
31000.0 52.602372
31200.0 52.652405
31400.0 52.668682
31600.0 52.700107
31800.0 52.694161
32000.0 52.712398
32200.0 52.752116
32400.0 52.71567
32600.0 52.748916
32800.0 52.840071
33000.0 52.852523
33200.0 52.693532
33400.0 52.742062
33600.0 52.875692
33800.0 52.628452
34000.0 52.585368
34200.0 52.900925
34400.0 52.712202
34600.0 52.594884
34800.0 52.640589
35000.0 52.620381
35200.0 52.711467
35400.0 52.862189
35600.0 52.690762
35800.0 52.667214
36000.0 52.708589
36200.0 52.824181
36400.0 52.755037
36600.0 52.680889
36800.0 52.790163
37000.0 52.72186
37200.0 52.647204
37400.0 52.710902
37600.0 52.798737
37800.0 52.772625
38000.0 52.627644
38200.0 52.619633
38400.0 52.678142
38600.0 52.491953
38800.0 52.416552
39000.0 52.611234
39200.0 52.628168
39400.0 52.367382
39600.0 52.352463
39800.0 52.486915
40000.0 52.291624
40200.0 52.236153
40400.0 52.525244
40600.0 52.430971
40800.0 52.430355
41000.0 52.571823
41200.0 52.517617
41400.0 52.589436
41600.0 52.574899
41800.0 52.574542
42000.0 52.65586
42200.0 52.712463
42400.0 52.679906
42600.0 52.730415
42800.0 52.82235
43000.0 52.81214
43200.0 52.661072
43400.0 52.71748
43600.0 52.837973
43800.0 52.720318
44000.0 52.760893
44200.0 52.896159
44400.0 52.727699
44600.0 52.711726
44800.0 52.742082
45000.0 52.652076
45200.0 52.798116
45400.0 52.574353
45600.0 52.405884
45800.0 52.507594
46000.0 52.612027
46200.0 52.498555
46400.0 52.548415
46600.0 52.602509
46800.0 52.458249
47000.0 52.495838
47200.0 52.622381
47400.0 52.540336
47600.0 52.574875
47800.0 52.515128
48000.0 52.555483
48200.0 52.569775
48400.0 52.369413
48600.0 52.500786
48800.0 52.54573
49000.0 52.37327
49200.0 52.444763
49400.0 52.705384
49600.0 52.572997
49800.0 52.728217
50000.0 52.839478
50200.0 52.790964
50400.0 52.872957
50600.0 52.848817
50800.0 52.634488
51000.0 52.766009
51200.0 52.876452
51400.0 52.78298
51600.0 52.772323
51800.0 52.681028
52000.0 52.735794
52200.0 52.823624
52400.0 52.700449
52600.0 52.770723
52800.0 53.066999
53000.0 52.966641
53200.0 52.959617
53400.0 52.972154
53600.0 52.992815
53800.0 52.948077
54000.0 53.053174
54200.0 53.081828
54400.0 52.859599
54600.0 52.927583
54800.0 53.104746
55000.0 52.931271
55200.0 52.824228
55400.0 52.991158
55600.0 52.966593
55800.0 52.704037
56000.0 52.731124
56200.0 52.870468
56400.0 52.836755
56600.0 52.727121
56800.0 52.635186
57000.0 52.731291
57200.0 52.778495
57400.0 52.713101
57600.0 52.600992
57800.0 52.687717
58000.0 52.705338
58200.0 52.703048
58400.0 52.751978
58600.0 52.623465
58800.0 52.566744
59000.0 52.722509
59200.0 52.802967
59400.0 52.817041
59600.0 52.793059
59800.0 52.963043
60000.0 53.107053
60200.0 52.954859
60400.0 52.906935
60600.0 53.003394
60800.0 52.835154
61000.0 52.869474
61200.0 52.956773
61400.0 52.902974
61600.0 52.699477
61800.0 52.745027
62000.0 52.752862
62200.0 52.550011
62400.0 52.772598
62600.0 52.834407
62800.0 52.632257
63000.0 52.581934
63200.0 52.636327
63400.0 52.671767
63600.0 52.636822
63800.0 52.575752
64000.0 52.634862
64200.0 52.679411
64400.0 52.802923
64600.0 52.735103
64800.0 52.632895
65000.0 52.777296
65200.0 52.851284
65400.0 52.624716
65600.0 52.670509
65800.0 52.742686
66000.0 52.615862
66200.0 52.728037
66400.0 52.82936
66600.0 52.69629
66800.0 52.66285
67000.0 52.707489
67200.0 52.694885
67400.0 52.676098
67600.0 52.55149
67800.0 52.578785
68000.0 52.567468
68200.0 52.750813
68400.0 52.771171
68600.0 52.696918
68800.0 52.650853
69000.0 52.680102
69200.0 52.749336
69400.0 52.727799
69600.0 52.692908
69800.0 52.688363
70000.0 52.739997
70200.0 52.767
70400.0 52.807838
70600.0 52.634318
70800.0 52.647755
71000.0 52.618684
71200.0 52.696163
71400.0 52.719208
71600.0 52.642089
71800.0 52.60499
72000.0 52.753589
72200.0 52.800075
72400.0 52.734671
72600.0 52.741609
72800.0 52.696771
73000.0 52.605161
73200.0 52.811151
73400.0 52.863887
73600.0 52.487151
73800.0 52.599623
74000.0 52.667974
74200.0 52.545486
74400.0 52.497101
74600.0 52.527397
74800.0 52.506564
75000.0 52.572509
75200.0 52.490112
75400.0 52.43839
75600.0 52.585356
75800.0 52.592044
76000.0 52.536984
76200.0 52.680132
76400.0 52.587854
76600.0 52.464392
76800.0 52.57606
77000.0 52.514359
77200.0 52.311017
77400.0 52.372257
77600.0 52.421263
77800.0 52.296854
78000.0 52.413676
78200.0 52.623153
78400.0 52.561865
78600.0 52.58649
78800.0 52.500206
79000.0 52.611386
79200.0 52.712877
79400.0 52.708372
79600.0 52.620356
79800.0 52.669868
80000.0 52.744254
80200.0 52.71091
80400.0 52.785375
80600.0 52.757179
80800.0 52.489189
81000.0 52.532846
81200.0 52.5342
81400.0 52.351325
81600.0 52.396279
81800.0 52.522882
82000.0 52.326393
82200.0 52.296514
82400.0 52.492234
82600.0 52.427651
82800.0 52.426141
83000.0 52.617286
83200.0 52.579225
83400.0 52.492397
83600.0 52.581638
83800.0 52.437868
84000.0 52.61769
84200.0 52.769387
84400.0 52.733542
84600.0 52.551417
84800.0 52.545541
85000.0 52.818296
85200.0 52.721697
85400.0 52.55534
85600.0 52.767164
85800.0 52.641967
86000.0 52.454074
86200.0 52.484895
86400.0 52.527861
86600.0 52.398992
86800.0 52.405438
87000.0 52.554759
87200.0 52.444667
87400.0 52.335577
87600.0 52.582125
87800.0 52.735607
88000.0 52.612231
88200.0 52.612974
88400.0 52.766648
88600.0 52.764654
88800.0 52.660116
89000.0 52.63092
89200.0 52.703978
89400.0 52.767921
89600.0 52.670361
89800.0 52.574543
90000.0 52.458527
90200.0 52.493459
90400.0 52.634609
90600.0 52.642873
90800.0 52.490395
91000.0 52.464057
91200.0 52.510006
91400.0 52.521295
91600.0 52.526927
91800.0 52.517782
92000.0 52.487995
92200.0 52.424509
92400.0 52.549735
92600.0 52.420552
92800.0 52.375404
93000.0 52.493155
93200.0 52.694027
93400.0 52.580318
93600.0 52.630151
93800.0 52.688859
94000.0 52.686786
94200.0 52.634864
94400.0 52.639306
94600.0 52.574082
94800.0 52.603318
95000.0 52.58366
95200.0 52.504143
95400.0 52.478123
95600.0 52.492544
95800.0 52.431826
96000.0 52.504776
96200.0 52.578195
96400.0 52.500067
96600.0 52.620254
96800.0 52.7992
97000.0 52.700224
97200.0 52.685614
97400.0 52.813944
97600.0 52.75478
97800.0 52.705134
98000.0 52.663121
98200.0 52.587923
98400.0 52.655434
98600.0 52.628195
98800.0 52.735391
99000.0 52.673487
99200.0 52.693777
99400.0 52.661118
99600.0 52.51789
99800.0 52.58171
100000.0 52.682964
