0.0 2.1330493
200.0 2.1312948
400.0 2.1257445
600.0 2.1274527
800.0 2.132484
1000.0 2.1348645
1200.0 2.1221266
1400.0 2.1289146
1600.0 2.1328802
1800.0 2.1328611
2000.0 2.1446488
2200.0 2.1300013
2400.0 2.1221741
2600.0 2.1176258
2800.0 2.1186637
3000.0 2.1039727
3200.0 2.1157793
3400.0 2.1266973
3600.0 2.1056629
3800.0 2.1093956
4000.0 2.1311402
4200.0 2.1135122
4400.0 2.1208271
4600.0 2.1014598
4800.0 2.0849307
5000.0 2.0936308
5200.0 2.0924612
5400.0 2.1007212
5600.0 2.0772604
5800.0 2.0931045
6000.0 2.1079421
6200.0 2.0907869
6400.0 2.0893795
6600.0 2.114432
6800.0 2.1310374
7000.0 2.1034785
7200.0 2.1110381
7400.0 2.1264121
7600.0 2.1155549
7800.0 2.1212832
8000.0 2.134541
8200.0 2.1262323
8400.0 2.1271454
8600.0 2.1308961
8800.0 2.1286947
9000.0 2.1272631
9200.0 2.1352079
9400.0 2.135832
9600.0 2.1440263
9800.0 2.1482251
10000.0 2.1428781
10200.0 2.1254993
10400.0 2.1538785
10600.0 2.1440253
10800.0 2.1429558
11000.0 2.1386582
11200.0 2.1468248
11400.0 2.1408152
11600.0 2.1438707
11800.0 2.1489488
12000.0 2.1425286
12200.0 2.1288209
12400.0 2.1377594
12600.0 2.1215316
12800.0 2.1265221
13000.0 2.1196245
13200.0 2.1244017
13400.0 2.1050776
13600.0 2.0942363
13800.0 2.106121
14000.0 2.1031821
14200.0 2.1120607
14400.0 2.098489
14600.0 2.096096
14800.0 2.1052914
15000.0 2.1081996
15200.0 2.1021855
15400.0 2.0967407
15600.0 2.0980465
15800.0 2.1031784
16000.0 2.1009177
16200.0 2.0942436
16400.0 2.0959261
16600.0 2.101612
16800.0 2.0930959
17000.0 2.0776837
17200.0 2.0897007
17400.0 2.0879079
17600.0 2.0776898
17800.0 2.1069771
18000.0 2.1170332
18200.0 2.1064169
18400.0 2.0851719
18600.0 2.0923952
18800.0 2.096309
19000.0 2.0927237
19200.0 2.1162172
19400.0 2.1122202
19600.0 2.1119769
19800.0 2.1195086
20000.0 2.1128469
20200.0 2.1396235
20400.0 2.134628
20600.0 2.112162
20800.0 2.120602
21000.0 2.1336384
21200.0 2.1315874
21400.0 2.110079
21600.0 2.0856155
21800.0 2.0977451
22000.0 2.083252
22200.0 2.0935128
22400.0 2.0899096
22600.0 2.0797523
22800.0 2.0923888
23000.0 2.0856153
23200.0 2.1095877
23400.0 2.0978367
23600.0 2.103528
23800.0 2.1152418
24000.0 2.109379
24200.0 2.1190083
24400.0 2.1114163
24600.0 2.1283835
24800.0 2.1223155
25000.0 2.1309771
25200.0 2.1435581
25400.0 2.1288207
25600.0 2.1317878
25800.0 2.1354719
26000.0 2.1382082
26200.0 2.1273481
26400.0 2.1349605
26600.0 2.1349322
26800.0 2.1374007
27000.0 2.1447497
27200.0 2.126622
27400.0 2.1368117
27600.0 2.1328539
27800.0 2.1189206
28000.0 2.1399519
28200.0 2.1277442
28400.0 2.1017764
28600.0 2.109017
28800.0 2.1323864
29000.0 2.1206177
29200.0 2.0976908
29400.0 2.1091204
29600.0 2.1179466
29800.0 2.1114768
30000.0 2.1142943
30200.0 2.1203069
30400.0 2.1080085
30600.0 2.1073952
30800.0 2.1130186
31000.0 2.0976571
31200.0 2.0951395
31400.0 2.1019343
31600.0 2.1020745
31800.0 2.1141562
32000.0 2.1193565
32200.0 2.1143522
32400.0 2.1233153
32600.0 2.1267866
32800.0 2.1159664
33000.0 2.1331046
33200.0 2.1397855
33400.0 2.1383109
33600.0 2.1286166
33800.0 2.1334836
34000.0 2.1193167
34200.0 2.1300839
34400.0 2.1472709
34600.0 2.1175651
34800.0 2.1202718
35000.0 2.13288
35200.0 2.1283317
35400.0 2.1200239
35600.0 2.1255651
35800.0 2.1194289
36000.0 2.1112731
36200.0 2.1168039
36400.0 2.1223903
36600.0 2.1135117
36800.0 2.1128815
37000.0 2.1063627
37200.0 2.1071593
37400.0 2.1216255
37600.0 2.1036929
37800.0 2.0998176
38000.0 2.1112966
38200.0 2.0882555
38400.0 2.1252625
38600.0 2.1226903
38800.0 2.0766878
39000.0 2.0876957
39200.0 2.1075148
39400.0 2.0956725
39600.0 2.1049156
39800.0 2.107517
40000.0 2.1006922
40200.0 2.1135524
40400.0 2.1144753
40600.0 2.1273385
40800.0 2.1177504
41000.0 2.1231529
41200.0 2.1236709
41400.0 2.115001
41600.0 2.1227821
41800.0 2.1270285
42000.0 2.1252606
42200.0 2.1157149
42400.0 2.1149218
42600.0 2.1044339
42800.0 2.1014391
43000.0 2.1056035
43200.0 2.0994479
43400.0 2.0981509
43600.0 2.1191407
43800.0 2.1018885
44000.0 2.1098579
44200.0 2.1187715
44400.0 2.0953863
44600.0 2.1097075
44800.0 2.1147732
45000.0 2.0951799
45200.0 2.114374
45400.0 2.1042134
45600.0 2.087294
45800.0 2.1113721
46000.0 2.1103947
46200.0 2.0929182
46400.0 2.0944732
46600.0 2.0926708
46800.0 2.0955606
47000.0 2.1179859
47200.0 2.1169471
47400.0 2.0960282
47600.0 2.0984741
47800.0 2.1180386
48000.0 2.1157113
48200.0 2.1199831
48400.0 2.1308494
48600.0 2.1332664
48800.0 2.1291996
49000.0 2.1143251
49200.0 2.1315048
49400.0 2.115677
49600.0 2.0896199
49800.0 2.0967161
50000.0 2.1019684
50200.0 2.1043741
50400.0 2.0979245
50600.0 2.1198733
50800.0 2.1037189
51000.0 2.1014698
51200.0 2.1158459
51400.0 2.1208024
51600.0 2.1276431
51800.0 2.129863
52000.0 2.109924
52200.0 2.1115732
52400.0 2.1389785
52600.0 2.1135624
52800.0 2.0958414
53000.0 2.1129721
53200.0 2.1060678
53400.0 2.1046425
53600.0 2.1084854
53800.0 2.1000043
54000.0 2.1014907
54200.0 2.1216525
54400.0 2.0999963
54600.0 2.1133352
54800.0 2.1392466
55000.0 2.1252292
55200.0 2.1306963
55400.0 2.1593392
55600.0 2.1440233
55800.0 2.1292996
56000.0 2.1454557
56200.0 2.1352433
56400.0 2.1282403
56600.0 2.1224225
56800.0 2.119735
57000.0 2.1104823
57200.0 2.0956784
57400.0 2.1089324
57600.0 2.1065695
57800.0 2.0967141
58000.0 2.0933345
58200.0 2.1010101
58400.0 2.1176905
58600.0 2.1310666
58800.0 2.1247729
59000.0 2.1354567
59200.0 2.1435692
59400.0 2.1186199
59600.0 2.1483367
59800.0 2.1422621
60000.0 2.1186885
60200.0 2.1262849
60400.0 2.1136278
60600.0 2.1081795
60800.0 2.0958447
61000.0 2.1183155
61200.0 2.1207912
61400.0 2.1248949
61600.0 2.101213
61800.0 2.1138471
62000.0 2.1153255
62200.0 2.0953897
62400.0 2.110307
62600.0 2.1079418
62800.0 2.115005
63000.0 2.1054103
63200.0 2.1128536
63400.0 2.1246512
63600.0 2.0985805
63800.0 2.1029778
64000.0 2.1132998
64200.0 2.1061463
64400.0 2.0951828
64600.0 2.0863063
64800.0 2.0975837
65000.0 2.0924077
65200.0 2.0896364
65400.0 2.0878302
65600.0 2.10036
65800.0 2.0828197
66000.0 2.1022276
66200.0 2.102746
66400.0 2.0921208
66600.0 2.103256
66800.0 2.1181448
67000.0 2.1022639
67200.0 2.1106412
67400.0 2.1068528
67600.0 2.0921961
67800.0 2.108903
68000.0 2.1221498
68200.0 2.0996601
68400.0 2.1047927
68600.0 2.1348364
68800.0 2.1176719
69000.0 2.102128
69200.0 2.1325012
69400.0 2.1305021
69600.0 2.1221653
69800.0 2.1385744
70000.0 2.143464
70200.0 2.133575
70400.0 2.1324545
70600.0 2.1279289
70800.0 2.1367963
71000.0 2.1486334
71200.0 2.1390076
71400.0 2.1527535
71600.0 2.1489671
71800.0 2.1567042
72000.0 2.1588603
72200.0 2.1466187
72400.0 2.1591783
72600.0 2.1577828
72800.0 2.1339217
73000.0 2.1499243
73200.0 2.1421828
73400.0 2.1357732
73600.0 2.1489591
73800.0 2.1288785
74000.0 2.1415032
74200.0 2.1369107
74400.0 2.1248042
74600.0 2.1106967
74800.0 2.1286512
75000.0 2.1197075
75200.0 2.0990442
75400.0 2.0870277
75600.0 2.0949578
75800.0 2.0771217
76000.0 2.0866464
76200.0 2.0911689
76400.0 2.0629122
76600.0 2.0807449
76800.0 2.0922984
77000.0 2.0867824
77200.0 2.1043469
77400.0 2.107348
77600.0 2.1066977
77800.0 2.1110847
78000.0 2.1138884
78200.0 2.1186005
78400.0 2.1226247
78600.0 2.108958
78800.0 2.1274147
79000.0 2.1149031
79200.0 2.1082674
79400.0 2.1362364
79600.0 2.097519
79800.0 2.1007436
80000.0 2.1116523
80200.0 2.1010735
80400.0 2.104415
80600.0 2.1151444
80800.0 2.1101415
81000.0 2.1084688
81200.0 2.1214976
81400.0 2.1105917
81600.0 2.1191291
81800.0 2.1331027
82000.0 2.1169484
82200.0 2.1281362
82400.0 2.1395205
82600.0 2.1191822
82800.0 2.1472372
83000.0 2.1426929
83200.0 2.1309202
83400.0 2.1372794
83600.0 2.1426482
83800.0 2.1391899
84000.0 2.1342521
84200.0 2.1538712
84400.0 2.1344769
84600.0 2.1348526
84800.0 2.1430277
85000.0 2.1299
85200.0 2.1289126
85400.0 2.1349679
85600.0 2.111088
85800.0 2.1192884
86000.0 2.1305299
86200.0 2.1126992
86400.0 2.1053958
86600.0 2.1272765
86800.0 2.1319344
87000.0 2.1182169
87200.0 2.1458499
87400.0 2.1348442
87600.0 2.118122
87800.0 2.1404509
88000.0 2.1153836
88200.0 2.1054073
88400.0 2.1183476
88600.0 2.1260867
88800.0 2.0991825
89000.0 2.1112949
89200.0 2.1304426
89400.0 2.1254437
89600.0 2.1200339
89800.0 2.1380146
90000.0 2.1390396
90200.0 2.1330004
90400.0 2.1233557
90600.0 2.1311201
90800.0 2.1369384
91000.0 2.1309549
91200.0 2.1208863
91400.0 2.1215204
91600.0 2.1126179
91800.0 2.1093074
92000.0 2.1095535
92200.0 2.104858
92400.0 2.1176244
92600.0 2.0968654
92800.0 2.0998443
93000.0 2.1138045
93200.0 2.0903412
93400.0 2.0964782
93600.0 2.1177038
93800.0 2.0950996
94000.0 2.0868306
94200.0 2.115717
94400.0 2.1125814
94600.0 2.1045118
94800.0 2.0990726
95000.0 2.0997377
95200.0 2.1056408
95400.0 2.1018428
95600.0 2.0971143
95800.0 2.1017135
96000.0 2.1099917
96200.0 2.1096036
96400.0 2.1015773
96600.0 2.1177873
96800.0 2.104215
97000.0 2.1050278
97200.0 2.1149894
97400.0 2.1204515
97600.0 2.1126726
97800.0 2.0948466
98000.0 2.1141442
98200.0 2.1229087
98400.0 2.1177273
98600.0 2.129725
98800.0 2.1528903
99000.0 2.1194267
99200.0 2.1303426
99400.0 2.1523591
99600.0 2.1280643
99800.0 2.1167409
100000.0 2.1292741
