0.0 -75.937436
200.0 58.761097
400.0 -61.091477
600.0 78.713514
800.0 -54.756705
1000.0 33.506306
1200.0 -63.17551
1400.0 85.492322
1600.0 -45.160168
1800.0 -6.2644311
2000.0 5.3588692
2200.0 -35.799053
2400.0 65.37595
2600.0 -68.90755
2800.0 54.76701
3000.0 -42.450474
3200.0 38.739845
3400.0 20.268122
3600.0 -18.865915
3800.0 16.258698
4000.0 16.371242
4200.0 -25.413429
4400.0 25.792941
4600.0 -0.58829722
4800.0 -43.208027
5000.0 60.522359
5200.0 -69.213624
5400.0 63.548895
5600.0 -53.932758
5800.0 63.739163
6000.0 -41.685361
6200.0 10.138996
6400.0 1.7223009
6600.0 -19.607648
6800.0 60.222744
7000.0 -53.521991
7200.0 19.962038
7400.0 0.8724103
7600.0 -34.976366
7800.0 71.507166
8000.0 -90.546809
8200.0 78.857036
8400.0 -74.289354
8600.0 46.734786
8800.0 -23.202307
9000.0 31.887915
9200.0 -61.208394
9400.0 79.39571
9600.0 -71.243243
9800.0 69.850918
10000.0 -48.929476
10200.0 71.034433
10400.0 -46.908232
10600.0 -16.307298
10800.0 56.047515
11000.0 -56.728782
11200.0 82.699097
11400.0 -112.57602
11600.0 146.51387
11800.0 -163.49221
12000.0 148.93308
12200.0 -91.470097
12400.0 50.449266
12600.0 -16.560983
12800.0 0.84746559
13000.0 -18.452442
13200.0 17.895435
13400.0 -39.99779
13600.0 36.674687
13800.0 -6.2011066
14000.0 8.8917279
14200.0 -21.740924
14400.0 30.191006
14600.0 -3.6940296
14800.0 5.6089218
15000.0 25.546406
15200.0 -8.0907505
15400.0 -19.080151
15600.0 -13.621533
15800.0 18.057788
16000.0 -21.743529
16200.0 19.277919
16400.0 -5.0410391
16600.0 -22.084552
16800.0 -1.2064304
17000.0 43.754861
17200.0 -37.854896
17400.0 29.442777
17600.0 -33.953069
17800.0 11.496503
18000.0 -38.971336
18200.0 71.790264
18400.0 -24.319684
18600.0 29.969932
18800.0 -51.462829
19000.0 29.195847
19200.0 -28.746194
19400.0 47.013001
19600.0 -16.762023
19800.0 19.65434
20000.0 -15.958727
20200.0 5.5339954
20400.0 -27.095632
20600.0 46.758736
20800.0 -28.8212
21000.0 -6.3520097
21200.0 2.0200582
21400.0 -6.1331303
21600.0 40.053294
21800.0 -57.149424
22000.0 62.114042
22200.0 -36.643527
22400.0 39.319946
22600.0 -51.531589
22800.0 34.602263
23000.0 -42.595857
23200.0 51.075736
23400.0 -41.049319
23600.0 50.88898
23800.0 -20.697206
24000.0 29.03133
24200.0 -58.521058
24400.0 54.690394
24600.0 -26.617415
24800.0 14.253195
25000.0 -13.854957
25200.0 3.4178046
25400.0 18.706365
25600.0 -13.810959
25800.0 -6.5062134
26000.0 -18.614078
26200.0 24.161804
26400.0 -31.029141
26600.0 37.112419
26800.0 -29.343463
27000.0 43.526241
27200.0 -73.025418
27400.0 89.743317
27600.0 -98.703187
27800.0 78.501285
28000.0 -35.888488
28200.0 14.570775
28400.0 -36.749927
28600.0 61.321675
28800.0 -49.71709
29000.0 14.601831
29200.0 8.0395879
29400.0 -16.668047
29600.0 14.066198
29800.0 -22.043186
30000.0 14.022703
30200.0 -1.0375485
30400.0 -22.052454
30600.0 27.647337
30800.0 -28.306957
31000.0 36.251845
31200.0 -56.69833
31400.0 23.311238
31600.0 1.4183061
31800.0 33.541987
32000.0 -66.873097
32200.0 103.78301
32400.0 -100.8617
32600.0 52.941187
32800.0 -26.678426
33000.0 55.83633
33200.0 -72.827907
33400.0 43.665911
33600.0 -4.2215026
33800.0 12.140142
34000.0 -2.8765484
34200.0 -17.22005
34400.0 18.218888
34600.0 -1.796366
34800.0 -10.644789
35000.0 69.617035
35200.0 -57.707813
35400.0 49.662948
35600.0 -69.414309
35800.0 64.659303
36000.0 -65.651997
36200.0 43.475926
36400.0 -2.2168629
36600.0 -46.690494
36800.0 61.773247
37000.0 -38.423088
37200.0 60.385342
37400.0 -83.009804
37600.0 80.587822
37800.0 -82.560845
38000.0 77.512105
38200.0 -51.321336
38400.0 37.897
38600.0 17.924037
38800.0 -27.781085
39000.0 29.252161
39200.0 -29.601471
39400.0 34.993894
39600.0 -43.723421
39800.0 53.254149
40000.0 -29.067131
40200.0 -6.153374
40400.0 -23.428857
40600.0 57.460026
40800.0 -56.243066
41000.0 78.788597
41200.0 -67.304884
41400.0 20.119537
41600.0 26.791323
41800.0 -53.742723
42000.0 60.258895
42200.0 -4.1928193
42400.0 -7.6443717
42600.0 27.471295
42800.0 -26.620632
43000.0 38.581596
43200.0 -45.053344
43400.0 37.57612
43600.0 -0.32111804
43800.0 -37.789304
44000.0 16.75296
44200.0 29.091482
44400.0 -30.161629
44600.0 78.548658
44800.0 -80.084241
45000.0 60.779427
45200.0 -32.508179
45400.0 -14.293526
45600.0 23.560059
45800.0 6.5719091
46000.0 -45.711135
46200.0 73.525475
46400.0 -85.05152
46600.0 100.40892
46800.0 -59.770082
47000.0 54.068823
47200.0 -39.767001
47400.0 85.953188
47600.0 -130.89416
47800.0 147.98748
48000.0 -95.639994
48200.0 76.809929
48400.0 -59.671255
48600.0 35.643479
48800.0 1.7694447
49000.0 -3.0408754
49200.0 -6.6526934
49400.0 15.547669
49600.0 -7.8413
49800.0 5.2216575
50000.0 -30.180729
50200.0 20.394869
50400.0 47.503275
50600.0 -70.47249
50800.0 94.506805
51000.0 -108.09111
51200.0 126.91144
51400.0 -95.971015
51600.0 121.75142
51800.0 -119.5017
52000.0 132.72896
52200.0 -126.53759
52400.0 74.346672
52600.0 25.146896
52800.0 -56.424808
53000.0 68.096561
53200.0 -0.77759309
53400.0 -31.678256
53600.0 55.049889
53800.0 -77.105947
54000.0 55.107261
54200.0 -11.397408
54400.0 -20.940017
54600.0 46.169746
54800.0 -68.015171
55000.0 108.45299
55200.0 -110.90632
55400.0 77.184028
55600.0 -56.663064
55800.0 -0.79910369
56000.0 63.827365
56200.0 -68.776544
56400.0 30.071966
56600.0 37.359373
56800.0 -47.067543
57000.0 12.496875
57200.0 30.070866
57400.0 -65.811184
57600.0 129.32974
57800.0 -151.49251
58000.0 107.41099
58200.0 -72.351444
58400.0 64.921146
58600.0 -103.19149
58800.0 102.72517
59000.0 -84.249212
59200.0 56.158081
59400.0 -16.058703
59600.0 3.2191815
59800.0 -24.433652
60000.0 18.160466
60200.0 -5.2987939
60400.0 -42.692292
60600.0 80.177895
60800.0 -114.33803
61000.0 86.188924
61200.0 -36.864429
61400.0 22.46542
61600.0 -22.415077
61800.0 2.4887351
62000.0 0.42720346
62200.0 -12.34059
62400.0 7.7131948
62600.0 -1.4474507
62800.0 -5.6432107
63000.0 31.691712
63200.0 -55.306165
63400.0 70.086706
63600.0 -55.025115
63800.0 21.975158
64000.0 26.077787
64200.0 -5.7707488
64400.0 -7.9195715
64600.0 41.066165
64800.0 -44.716291
65000.0 2.5772315
65200.0 0.072546684
65400.0 26.849908
65600.0 -18.08301
65800.0 -9.7128675
66000.0 31.997315
66200.0 -21.435589
66400.0 32.977773
66600.0 -32.003809
66800.0 52.137876
67000.0 -51.545366
67200.0 15.601055
67400.0 -5.3702798
67600.0 35.119415
67800.0 -58.86983
68000.0 18.880961
68200.0 -1.1418393
68400.0 -7.0265848
68600.0 16.9561
68800.0 -4.7278802
69000.0 -15.667263
69200.0 32.07312
69400.0 -0.73345774
69600.0 -12.927486
69800.0 17.753203
70000.0 3.3247121
70200.0 -51.411838
70400.0 104.01605
70600.0 -106.13566
70800.0 80.910237
71000.0 -74.900526
71200.0 103.47266
71400.0 -86.646943
71600.0 51.701643
71800.0 7.4812503
72000.0 -26.580575
72200.0 23.518555
72400.0 -19.15336
72600.0 -12.917006
72800.0 31.753704
73000.0 9.1096729
73200.0 -20.012952
73400.0 0.043652297
73600.0 -3.0745265
73800.0 29.156261
74000.0 -63.922249
74200.0 56.224858
74400.0 -42.251425
74600.0 21.126417
74800.0 -0.264931
75000.0 17.942741
75200.0 6.715842
75400.0 -24.765195
75600.0 -22.068889
75800.0 65.895686
76000.0 -78.938424
76200.0 35.286566
76400.0 -36.019385
76600.0 64.472844
76800.0 -50.39229
77000.0 15.377271
77200.0 -16.228998
77400.0 22.947253
77600.0 -23.988401
77800.0 39.705872
78000.0 -52.590533
78200.0 92.701847
78400.0 -61.546444
78600.0 24.351208
78800.0 -14.916932
79000.0 21.294267
79200.0 -40.342424
79400.0 67.465206
79600.0 -52.961694
79800.0 16.483459
80000.0 20.148233
80200.0 -40.582024
80400.0 26.756778
80600.0 20.789155
80800.0 -29.201055
81000.0 24.494978
81200.0 -51.785623
81400.0 114.39088
81600.0 -89.902131
81800.0 43.374515
82000.0 -41.730554
82200.0 84.864624
82400.0 -117.91212
82600.0 109.51176
82800.0 -110.9958
83000.0 71.190238
83200.0 -45.839374
83400.0 21.814754
83600.0 49.289727
83800.0 -96.663616
84000.0 111.82777
84200.0 -99.381333
84400.0 86.071706
84600.0 -85.53638
84800.0 63.140523
85000.0 -15.434831
85200.0 -28.402879
85400.0 74.322974
85600.0 -95.234987
85800.0 52.361259
86000.0 0.50499333
86200.0 -30.887669
86400.0 61.572474
86600.0 -62.138829
86800.0 34.444951
87000.0 17.70077
87200.0 -11.572107
87400.0 -8.5800661
87600.0 18.732146
87800.0 31.461654
88000.0 -47.118046
88200.0 47.404676
88400.0 -25.805314
88600.0 35.269394
88800.0 -75.383207
89000.0 93.817729
89200.0 -89.776366
89400.0 76.411789
89600.0 -5.2880307
89800.0 -37.763328
90000.0 51.027426
90200.0 -30.438741
90400.0 -12.758645
90600.0 18.725338
90800.0 -17.551117
91000.0 -7.2616167
91200.0 59.754221
91400.0 -72.177091
91600.0 54.595651
91800.0 -39.565919
92000.0 61.178021
92200.0 -6.8973362
92400.0 -6.3814185
92600.0 51.061144
92800.0 -83.389254
93000.0 97.053155
93200.0 -92.034448
93400.0 94.316214
93600.0 -81.926931
93800.0 54.487885
94000.0 -16.194625
94200.0 3.7380551
94400.0 -4.0754746
94600.0 17.252759
94800.0 -40.133959
95000.0 36.200408
95200.0 7.1063899
95400.0 22.344245
95600.0 -26.949666
95800.0 6.2255168
96000.0 9.7930979
96200.0 -39.587525
96400.0 40.497253
96600.0 -27.990287
96800.0 -14.539561
97000.0 7.2264009
97200.0 -15.260867
97400.0 9.2365149
97600.0 -5.259405
97800.0 2.3845674
98000.0 -32.17442
98200.0 50.777649
98400.0 -44.647517
98600.0 36.129437
98800.0 -52.419923
99000.0 47.934424
99200.0 -65.593225
99400.0 75.484845
99600.0 -24.956426
99800.0 33.263423
100000.0 -63.762001
