0.0 1.0189185
200.0 1.0082817
400.0 0.99435239
600.0 0.98050536
800.0 0.97605386
1000.0 0.98416792
1200.0 0.98102696
1400.0 0.968208
1600.0 0.94585232
1800.0 0.92560506
2000.0 0.92140711
2200.0 0.9468095
2400.0 0.96796278
2600.0 0.99527623
2800.0 0.99955636
3000.0 1.0027937
3200.0 1.0037674
3400.0 1.0115595
3600.0 1.0222836
3800.0 1.0228366
4000.0 1.0229135
4200.0 1.0287567
4400.0 1.0252333
4600.0 1.0204588
4800.0 1.0095957
5000.0 0.99641644
5200.0 0.9879947
5400.0 0.98417131
5600.0 0.97795963
5800.0 0.96965296
6000.0 0.95628569
6200.0 0.94945118
6400.0 0.95938285
6600.0 0.98168792
6800.0 1.0009707
7000.0 1.0175245
7200.0 1.0352967
7400.0 1.0311211
7600.0 1.0260875
7800.0 0.9988253
8000.0 0.99339602
8200.0 0.96669109
8400.0 0.95643795
8600.0 0.97636919
8800.0 1.0075437
9000.0 1.0295005
9200.0 1.0382198
9400.0 1.0252006
9600.0 1.0021724
9800.0 0.98023102
10000.0 0.96711353
10200.0 0.96816519
10400.0 0.97389785
10600.0 0.99148648
10800.0 1.0045734
11000.0 1.0200212
11200.0 1.0374252
11400.0 1.0337078
11600.0 1.0258603
11800.0 1.018249
12000.0 1.010388
12200.0 0.99465539
12400.0 0.99765084
12600.0 0.99907903
12800.0 0.99430289
13000.0 0.98231661
13200.0 0.98517102
13400.0 0.98841783
13600.0 1.0104393
13800.0 0.99519803
14000.0 0.98052468
14200.0 0.98081421
14400.0 0.98485148
14600.0 0.99004809
14800.0 0.99477823
15000.0 0.99740744
15200.0 1.0011356
15400.0 0.97805249
15600.0 0.98502757
15800.0 1.0040212
16000.0 1.0297077
16200.0 1.0463442
16400.0 1.0546136
16600.0 1.0450256
16800.0 1.0274606
17000.0 0.99183226
17200.0 0.965082
17400.0 0.97017892
17600.0 1.0009657
17800.0 1.0079504
18000.0 1.0077696
18200.0 1.0027784
18400.0 0.9881638
18600.0 0.98736505
18800.0 0.99108256
19000.0 0.97760262
19200.0 0.97752454
19400.0 0.97708427
19600.0 0.98617551
19800.0 1.0132721
20000.0 1.0205141
20200.0 1.0272399
20400.0 1.0268045
20600.0 1.0193421
20800.0 1.0140722
21000.0 0.98363447
21200.0 0.97502754
21400.0 0.97284367
21600.0 0.98753964
21800.0 1.0039898
22000.0 1.0229818
22200.0 1.026621
22400.0 1.0194859
22600.0 1.003429
22800.0 0.97025758
23000.0 0.95084808
23200.0 0.94765903
23400.0 0.95470482
23600.0 0.96620259
23800.0 0.99098233
24000.0 1.0151894
24200.0 1.0327887
24400.0 1.0333626
24600.0 1.0317294
24800.0 1.0232085
25000.0 1.013708
25200.0 1.0080441
25400.0 1.0003761
25600.0 0.99157471
25800.0 0.98602499
26000.0 0.98258048
26200.0 0.98574915
26400.0 0.98699692
26600.0 0.98191208
26800.0 0.96965381
27000.0 0.96255816
27200.0 0.96757208
27400.0 0.97302514
27600.0 0.9808766
27800.0 0.99202212
28000.0 1.0048965
28200.0 1.0103009
28400.0 1.0083015
28600.0 1.0146958
28800.0 1.0123486
29000.0 1.012582
29200.0 1.0173764
29400.0 1.0232159
29600.0 1.0334331
29800.0 1.0249931
30000.0 1.0112643
30200.0 0.99732256
30400.0 0.98831904
30600.0 0.98133619
30800.0 0.99270369
31000.0 0.98118643
31200.0 0.97907809
31400.0 0.97996084
31600.0 0.96983586
31800.0 0.96258339
32000.0 0.96289166
32200.0 0.97193564
32400.0 0.99353715
32600.0 0.99849781
32800.0 1.0153923
33000.0 1.0405996
33200.0 1.0227844
33400.0 1.015287
33600.0 0.99803539
33800.0 0.9807199
34000.0 0.96301084
34200.0 0.96404625
34400.0 0.9846879
34600.0 1.0301952
34800.0 1.0427796
35000.0 1.0470598
35200.0 1.0213665
35400.0 1.0011053
35600.0 0.97866325
35800.0 0.96729287
36000.0 0.96273308
36200.0 0.9632952
36400.0 0.98405193
36600.0 1.009034
36800.0 1.0206056
37000.0 1.0415976
37200.0 1.0563958
37400.0 1.0763929
37600.0 1.0852701
37800.0 1.0685617
38000.0 1.0426033
38200.0 1.016274
38400.0 0.98506425
38600.0 0.97415297
38800.0 0.97990156
39000.0 0.99215872
39200.0 0.99956691
39400.0 0.99865963
39600.0 0.9977537
39800.0 0.98912179
40000.0 0.97856592
40200.0 0.97770692
40400.0 0.97500585
40600.0 0.98630657
40800.0 0.99721594
41000.0 1.0166634
41200.0 1.0499562
41400.0 1.0771247
41600.0 1.067958
41800.0 1.0590112
42000.0 1.0469962
42200.0 1.0355308
42400.0 1.0269337
42600.0 1.0239271
42800.0 1.029232
43000.0 1.0019338
43200.0 1.0131522
43400.0 0.98484309
43600.0 0.99220462
43800.0 0.97719137
44000.0 0.9766337
44200.0 0.99333773
44400.0 0.99975473
44600.0 0.99988619
44800.0 0.98461415
45000.0 0.96909035
45200.0 0.97185533
45400.0 0.99134331
45600.0 1.0218586
45800.0 1.0421573
46000.0 1.0480005
46200.0 1.0543848
46400.0 1.0482155
46600.0 1.0286283
46800.0 0.99588351
47000.0 0.99178985
47200.0 1.0070372
47400.0 1.0251257
47600.0 1.0280937
47800.0 1.0154208
48000.0 1.0080717
48200.0 0.98829383
48400.0 0.96632751
48600.0 0.95872285
48800.0 0.96435464
49000.0 0.99817847
49200.0 1.0078436
49400.0 1.0287576
49600.0 1.0555088
49800.0 1.0341451
50000.0 1.0035376
50200.0 0.97738194
50400.0 0.9502771
50600.0 0.94833035
50800.0 0.98037253
51000.0 1.0031281
51200.0 1.0307806
51400.0 1.0623056
51600.0 1.052507
51800.0 1.0326498
52000.0 0.99226069
52200.0 0.97455403
52400.0 0.9675058
52600.0 0.96457059
52800.0 0.96729296
53000.0 0.97897722
53200.0 0.99792914
53400.0 1.0118208
53600.0 1.0108722
53800.0 1.0123691
54000.0 1.0054195
54200.0 0.98768027
54400.0 0.97609758
54600.0 0.97743373
54800.0 0.99294248
55000.0 1.0201701
55200.0 1.0610886
55400.0 1.0990392
55600.0 1.0843931
55800.0 1.045311
56000.0 0.99654911
56200.0 0.9714843
56400.0 0.95576725
56600.0 0.96287943
56800.0 0.9883742
57000.0 1.0054517
57200.0 1.0172239
57400.0 1.0215144
57600.0 1.0256685
57800.0 1.0172763
58000.0 0.98245079
58200.0 0.97051949
58400.0 0.96448318
58600.0 0.97682373
58800.0 0.99676797
59000.0 1.0176791
59200.0 1.0421141
59400.0 1.0546287
59600.0 1.0337474
59800.0 1.0015981
60000.0 0.96087404
60200.0 0.93398908
60400.0 0.94038946
60600.0 0.95445219
60800.0 0.98842882
61000.0 1.0212675
61200.0 1.0400836
61400.0 1.0614157
61600.0 1.020995
61800.0 1.0036874
62000.0 0.98806268
62200.0 0.96876035
62400.0 0.97654803
62600.0 0.99074156
62800.0 1.0039178
63000.0 1.0106859
63200.0 1.0287198
63400.0 1.0255173
63600.0 1.0113971
63800.0 0.98629314
64000.0 0.96259644
64200.0 0.94218085
64400.0 0.93470719
64600.0 0.95630064
64800.0 1.0016472
65000.0 1.0525348
65200.0 1.0693632
65400.0 1.0647033
65600.0 1.0440838
65800.0 1.0049085
66000.0 0.96666792
66200.0 0.96013475
66400.0 0.96914615
66600.0 0.99343116
66800.0 1.003566
67000.0 1.0150277
67200.0 1.0179567
67400.0 1.0038233
67600.0 0.99875529
67800.0 0.9866416
68000.0 0.97877364
68200.0 0.97426411
68400.0 0.98326933
68600.0 1.0207187
68800.0 1.0549385
69000.0 1.0680323
69200.0 1.0492888
69400.0 1.007093
69600.0 0.98851486
69800.0 0.94947564
70000.0 0.93910736
70200.0 0.95396071
70400.0 0.97926719
70600.0 1.0077674
70800.0 1.0233699
71000.0 1.0233208
71200.0 1.0088653
71400.0 1.0000839
71600.0 1.0017383
71800.0 0.98467201
72000.0 0.99822294
72200.0 1.0093589
72400.0 1.013078
72600.0 1.0250783
72800.0 1.0345303
73000.0 1.0276246
73200.0 1.0001042
73400.0 0.97187091
73600.0 0.94129711
73800.0 0.94297851
74000.0 0.9664507
74200.0 0.99285811
74400.0 1.0252385
74600.0 1.0431204
74800.0 1.0227581
75000.0 0.99444301
75200.0 0.99015166
75400.0 0.9763737
75600.0 0.97698085
75800.0 0.99198659
76000.0 0.99915592
76200.0 1.0272862
76400.0 1.0442624
76600.0 1.0323678
76800.0 1.0056071
77000.0 0.97783744
77200.0 0.96753411
77400.0 0.9712099
77600.0 1.0004069
77800.0 1.0254777
78000.0 1.0463353
78200.0 1.0588679
78400.0 1.0581828
78600.0 1.0134766
78800.0 0.98455755
79000.0 0.96640479
79200.0 0.9622936
79400.0 0.98180951
79600.0 0.99791195
79800.0 1.0016054
80000.0 1.0007811
80200.0 0.99177629
80400.0 0.97719289
80600.0 0.98941389
80800.0 0.97352396
81000.0 0.98185659
81200.0 0.99212882
81400.0 0.99879006
81600.0 1.0173947
81800.0 1.0303539
82000.0 1.0351334
82200.0 1.0339256
82400.0 1.0268503
82600.0 0.9834206
82800.0 0.95215262
83000.0 0.94734707
83200.0 0.95852915
83400.0 0.98521567
83600.0 1.015447
83800.0 1.0351609
84000.0 1.0505955
84200.0 1.0328149
84400.0 0.99308943
84600.0 0.95450567
84800.0 0.94993048
85000.0 0.96530936
85200.0 0.99596598
85400.0 1.021148
85600.0 1.0317342
85800.0 1.0335892
86000.0 1.0141887
86200.0 1.0013828
86400.0 0.99463569
86600.0 0.97596905
86800.0 0.97565522
87000.0 0.97491105
87200.0 1.0013191
87400.0 1.0294185
87600.0 1.0531674
87800.0 1.0434351
88000.0 1.0088163
88200.0 0.97763192
88400.0 0.94712712
88600.0 0.94771705
88800.0 0.96855333
89000.0 0.98666781
89200.0 1.0126782
89400.0 1.0341057
89600.0 1.0409867
89800.0 1.0320228
90000.0 1.0256727
90200.0 1.0038337
90400.0 0.98660234
90600.0 0.96763626
90800.0 0.96125015
91000.0 0.97066271
91200.0 0.97799077
91400.0 0.97979009
91600.0 0.98946801
91800.0 0.99915687
92000.0 0.9907358
92200.0 0.99163926
92400.0 0.9970948
92600.0 0.99338418
92800.0 1.0026018
93000.0 1.0339382
93200.0 1.0466448
93400.0 1.0481343
93600.0 1.0382058
93800.0 1.0312299
94000.0 1.0028578
94200.0 0.98208133
94400.0 0.99022735
94600.0 1.0079675
94800.0 1.000777
95000.0 0.99389729
95200.0 0.98723119
95400.0 0.98894365
95600.0 0.97084473
95800.0 0.97562372
96000.0 0.97116305
96200.0 0.97575641
96400.0 0.9881184
96600.0 1.0015272
96800.0 1.0172
97000.0 1.026401
97200.0 1.0251057
97400.0 1.0150661
97600.0 0.99915597
97800.0 0.99224847
98000.0 0.99310611
98200.0 0.98325941
98400.0 0.985883
98600.0 1.0031069
98800.0 1.0220264
99000.0 1.0117031
99200.0 0.98751312
99400.0 0.95338517
99600.0 0.92357541
99800.0 0.90956123
100000.0 0.9204989
