0.0 1334.9062
200.0 1315.6289
400.0 1312.0833
600.0 1326.4897
800.0 1345.7417
1000.0 1359.7721
1200.0 1371.8896
1400.0 1378.7248
1600.0 1378.2276
1800.0 1371.6341
2000.0 1359.2425
2200.0 1344.8288
2400.0 1335.6636
2600.0 1333.6019
2800.0 1340.474
3000.0 1358.8183
3200.0 1389.6394
3400.0 1413.9577
3600.0 1413.82
3800.0 1392.1583
4000.0 1360.067
4200.0 1335.0947
4400.0 1327.4171
4600.0 1334.1153
4800.0 1350.9515
5000.0 1368.0321
5200.0 1378.9735
5400.0 1383.4434
5600.0 1379.5134
5800.0 1370.4787
6000.0 1356.9486
6200.0 1347.8992
6400.0 1342.2228
6600.0 1341.3823
6800.0 1349.4476
7000.0 1364.2297
7200.0 1385.5507
7400.0 1409.458
7600.0 1425.9604
7800.0 1420.0687
8000.0 1389.2114
8200.0 1338.0706
8400.0 1308.7555
8600.0 1314.1075
8800.0 1339.5397
9000.0 1370.7476
9200.0 1392.9426
9400.0 1401.0295
9600.0 1390.739
9800.0 1368.8332
10000.0 1346.0883
10200.0 1338.7854
10400.0 1341.0096
10600.0 1350.1645
10800.0 1360.2916
11000.0 1366.668
11200.0 1369.3353
11400.0 1365.9799
11600.0 1357.8746
11800.0 1348.3309
12000.0 1341.2071
12200.0 1342.2938
12400.0 1353.5577
12600.0 1373.353
12800.0 1384.7458
13000.0 1388.4708
13200.0 1383.4719
13400.0 1372.1157
13600.0 1357.0901
13800.0 1345.7592
14000.0 1344.024
14200.0 1348.743
14400.0 1355.2075
14600.0 1354.9812
14800.0 1339.3999
15000.0 1314.3096
15200.0 1300.409
15400.0 1305.9311
15600.0 1327.6903
15800.0 1351.9085
16000.0 1362.2217
16200.0 1360.8428
16400.0 1352.4046
16600.0 1345.4278
16800.0 1347.4504
17000.0 1355.8219
17200.0 1371.2007
17400.0 1380.8999
17600.0 1388.0111
17800.0 1385.151
18000.0 1372.5548
18200.0 1346.4315
18400.0 1317.9409
18600.0 1313.3248
18800.0 1326.8378
19000.0 1344.4402
19200.0 1363.6061
19400.0 1372.8951
19600.0 1373.2415
19800.0 1366.1591
20000.0 1353.1701
20200.0 1340.5366
20400.0 1334.7938
20600.0 1344.4656
20800.0 1369.4381
21000.0 1390.337
21200.0 1397.2117
21400.0 1390.1699
21600.0 1372.3737
21800.0 1353.2835
22000.0 1340.5053
22200.0 1339.5804
22400.0 1350.5464
22600.0 1371.7172
22800.0 1391.7318
23000.0 1397.4776
23200.0 1380.6627
23400.0 1352.4435
23600.0 1328.8717
23800.0 1320.3455
24000.0 1324.3993
24200.0 1342.1435
24400.0 1363.4628
24600.0 1378.0054
24800.0 1381.5493
25000.0 1374.946
25200.0 1365.3632
25400.0 1352.6318
25600.0 1343.7401
25800.0 1340.3995
26000.0 1345.4784
26200.0 1360.9104
26400.0 1384.0159
26600.0 1398.9456
26800.0 1398.8995
27000.0 1382.6979
27200.0 1356.9582
27400.0 1335.1759
27600.0 1325.2273
27800.0 1332.8405
28000.0 1353.2128
28200.0 1379.9612
28400.0 1404.6065
28600.0 1413.0006
28800.0 1391.2932
29000.0 1338.4358
29200.0 1312.6488
29400.0 1305.42
29600.0 1317.6957
29800.0 1341.8229
30000.0 1364.6639
30200.0 1380.6433
30400.0 1385.4592
30600.0 1379.768
30800.0 1365.8968
31000.0 1348.6517
31200.0 1334.6991
31400.0 1331.4833
31600.0 1341.1928
31800.0 1366.6979
32000.0 1400.7446
32200.0 1422.9862
32400.0 1420.0549
32600.0 1387.7097
32800.0 1349.3814
33000.0 1327.1361
33200.0 1321.9517
33400.0 1330.5076
33600.0 1350.7892
33800.0 1371.5453
34000.0 1386.7754
34200.0 1392.6848
34400.0 1386.6206
34600.0 1371.2687
34800.0 1353.3279
35000.0 1343.0233
35200.0 1342.6693
35400.0 1348.1562
35600.0 1355.8242
35800.0 1363.5015
36000.0 1366.0896
36200.0 1364.363
36400.0 1356.952
36600.0 1349.2107
36800.0 1345.8218
37000.0 1357.8471
37200.0 1382.4933
37400.0 1394.3849
37600.0 1395.0276
37800.0 1383.3571
38000.0 1367.1181
38200.0 1354.8793
38400.0 1350.2013
38600.0 1354.8853
38800.0 1365.9787
39000.0 1368.8399
39200.0 1349.9269
39400.0 1315.7819
39600.0 1306.3328
39800.0 1313.2377
40000.0 1327.8603
40200.0 1345.453
40400.0 1358.3899
40600.0 1365.8567
40800.0 1366.5921
41000.0 1360.8453
41200.0 1357.6798
41400.0 1355.3839
41600.0 1364.555
41800.0 1380.4258
42000.0 1400.756
42200.0 1412.3084
42400.0 1408.9835
42600.0 1382.9067
42800.0 1342.192
43000.0 1329.9061
43200.0 1339.0985
43400.0 1359.536
43600.0 1376.3624
43800.0 1382.8392
44000.0 1375.1777
44200.0 1357.1204
44400.0 1335.0919
44600.0 1320.9777
44800.0 1319.3375
45000.0 1334.8863
45200.0 1368.7636
45400.0 1396.7178
45600.0 1395.7523
45800.0 1380.6202
46000.0 1360.3188
46200.0 1344.0538
46400.0 1338.7573
46600.0 1344.884
46800.0 1361.5469
47000.0 1387.0904
47200.0 1410.0408
47400.0 1419.9646
47600.0 1404.4583
47800.0 1362.6641
48000.0 1333.8525
48200.0 1328.3524
48400.0 1336.7528
48600.0 1353.4379
48800.0 1372.1022
49000.0 1382.8264
49200.0 1386.5022
49400.0 1376.719
49600.0 1358.9996
49800.0 1334.7881
50000.0 1316.1917
50200.0 1312.7052
50400.0 1326.4713
50600.0 1359.6464
50800.0 1396.3885
51000.0 1409.1227
51200.0 1398.7474
51400.0 1378.9386
51600.0 1359.5207
51800.0 1347.2325
52000.0 1342.4454
52200.0 1345.9846
52400.0 1356.8045
52600.0 1371.0179
52800.0 1386.9373
53000.0 1399.4908
53200.0 1402.6629
53400.0 1395.1786
53600.0 1370.4591
53800.0 1341.28
54000.0 1324.8631
54200.0 1326.0447
54400.0 1344.5898
54600.0 1370.9682
54800.0 1397.519
55000.0 1406.036
55200.0 1393.3585
55400.0 1358.8469
55600.0 1327.0211
55800.0 1317.5931
56000.0 1326.0649
56200.0 1341.5123
56400.0 1359.7264
56600.0 1372.8222
56800.0 1378.6918
57000.0 1374.6378
57200.0 1362.7695
57400.0 1350.8304
57600.0 1337.5968
57800.0 1329.8433
58000.0 1334.0931
58200.0 1353.7821
58400.0 1381.5971
58600.0 1402.4247
58800.0 1406.5458
59000.0 1389.1846
59200.0 1360.4
59400.0 1333.7492
59600.0 1322.2139
59800.0 1325.3224
60000.0 1342.4392
60200.0 1365.3509
60400.0 1384.7619
60600.0 1393.8439
60800.0 1392.2437
61000.0 1382.389
61200.0 1366.2895
61400.0 1351.4383
61600.0 1338.0092
61800.0 1329.9451
62000.0 1332.1255
62200.0 1343.7992
62400.0 1358.3723
62600.0 1368.2345
62800.0 1374.0036
63000.0 1377.2973
63200.0 1377.8732
63400.0 1374.9349
63600.0 1369.0301
63800.0 1362.3899
64000.0 1357.1134
64200.0 1353.3461
64400.0 1353.4212
64600.0 1354.1896
64800.0 1353.7907
65000.0 1350.8859
65200.0 1348.0785
65400.0 1344.2961
65600.0 1344.295
65800.0 1346.9697
66000.0 1354.7584
66200.0 1362.8776
66400.0 1367.4531
66600.0 1371.2172
66800.0 1374.473
67000.0 1378.4547
67200.0 1384.9781
67400.0 1388.6826
67600.0 1387.7688
67800.0 1380.56
68000.0 1372.1389
68200.0 1361.3469
68400.0 1352.355
68600.0 1343.6893
68800.0 1339.1271
69000.0 1341.4307
69200.0 1353.9528
69400.0 1370.0622
69600.0 1381.164
69800.0 1379.6497
70000.0 1371.3059
70200.0 1362.3319
70400.0 1356.7136
70600.0 1357.3414
70800.0 1365.7825
71000.0 1376.7894
71200.0 1387.6479
71400.0 1383.4462
71600.0 1362.0799
71800.0 1346.338
72000.0 1343.9763
72200.0 1344.9922
72400.0 1349.5143
72600.0 1353.3478
72800.0 1356.238
73000.0 1362.3082
73200.0 1365.7772
73400.0 1371.1211
73600.0 1376.0258
73800.0 1381.6539
74000.0 1386.1391
74200.0 1388.2578
74400.0 1382.2876
74600.0 1365.4921
74800.0 1345.3903
75000.0 1335.0506
75200.0 1334.8827
75400.0 1345.1186
75600.0 1360.4642
75800.0 1377.0686
76000.0 1386.7392
76200.0 1386.2417
76400.0 1367.9873
76600.0 1339.6803
76800.0 1313.5003
77000.0 1304.1928
77200.0 1318.8102
77400.0 1352.6391
77600.0 1381.7387
77800.0 1393.1223
78000.0 1389.3951
78200.0 1374.8023
78400.0 1353.1201
78600.0 1332.2277
78800.0 1320.8703
79000.0 1325.6134
79200.0 1347.1814
79400.0 1372.1373
79600.0 1384.1852
79800.0 1388.7188
80000.0 1388.198
80200.0 1381.9583
80400.0 1371.7304
80600.0 1362.8899
80800.0 1357.1571
81000.0 1354.1303
81200.0 1353.932
81400.0 1351.7609
81600.0 1348.2924
81800.0 1348.2452
82000.0 1350.0598
82200.0 1368.1634
82400.0 1380.357
82600.0 1376.796
82800.0 1369.53
83000.0 1368.2036
83200.0 1368.6118
83400.0 1369.1881
83600.0 1367.4837
83800.0 1360.005
84000.0 1347.9531
84200.0 1338.2327
84400.0 1337.0444
84600.0 1343.3905
84800.0 1353.4925
85000.0 1361.8645
85200.0 1365.1747
85400.0 1364.9472
85600.0 1362.9172
85800.0 1367.7414
86000.0 1378.7917
86200.0 1385.1498
86400.0 1385.396
86600.0 1379.8153
86800.0 1370.7757
87000.0 1359.5755
87200.0 1351.3223
87400.0 1346.3778
87600.0 1345.9883
87800.0 1350.8455
88000.0 1356.2023
88200.0 1360.5477
88400.0 1361.2554
88600.0 1357.2029
88800.0 1346.1541
89000.0 1340.8871
89200.0 1337.7176
89400.0 1342.7965
89600.0 1358.6787
89800.0 1373.4752
90000.0 1387.3639
90200.0 1386.7875
90400.0 1376.5686
90600.0 1361.2913
90800.0 1342.3189
91000.0 1326.4543
91200.0 1317.1189
91400.0 1321.9517
91600.0 1343.5104
91800.0 1372.9523
92000.0 1397.1093
92200.0 1404.3867
92400.0 1393.1711
92600.0 1364.8384
92800.0 1331.2753
93000.0 1314.7149
93200.0 1316.228
93400.0 1331.1007
93600.0 1350.7216
93800.0 1365.5344
94000.0 1372.4572
94200.0 1373.7905
94400.0 1369.3663
94600.0 1359.5076
94800.0 1348.7803
95000.0 1340.3897
95200.0 1337.4845
95400.0 1345.1867
95600.0 1370.5887
95800.0 1390.6063
96000.0 1392.0401
96200.0 1383.4121
96400.0 1367.0726
96600.0 1354.2
96800.0 1347.7595
97000.0 1346.8349
97200.0 1353.8132
97400.0 1354.0959
97600.0 1345.0089
97800.0 1332.0438
98000.0 1328.016
98200.0 1331.6105
98400.0 1342.6609
98600.0 1359.552
98800.0 1377.8136
99000.0 1387.1994
99200.0 1383.6284
99400.0 1372.2098
99600.0 1358.755
99800.0 1343.7526
100000.0 1328.3702
