0.0 -4405.7618
200.0 -4406.8733
400.0 -4403.9693
600.0 -4398.5988
800.0 -4387.8036
1000.0 -4376.7278
1200.0 -4372.4688
1400.0 -4371.3419
1600.0 -4370.668
1800.0 -4371.6017
2000.0 -4375.7892
2200.0 -4379.1182
2400.0 -4379.4631
2600.0 -4379.3569
2800.0 -4378.7597
3000.0 -4378.7072
3200.0 -4378.3653
3400.0 -4379.9398
3600.0 -4385.7908
3800.0 -4388.4889
4000.0 -4389.2597
4200.0 -4387.545
4400.0 -4385.6024
4600.0 -4380.6067
4800.0 -4374.1877
5000.0 -4370.1577
5200.0 -4366.1437
5400.0 -4360.2969
5600.0 -4354.2728
5800.0 -4351.4812
6000.0 -4354.0479
6200.0 -4361.8547
6400.0 -4372.9497
6600.0 -4381.2111
6800.0 -4385.5607
7000.0 -4390.7392
7200.0 -4394.9141
7400.0 -4396.2602
7600.0 -4395.784
7800.0 -4392.65
8000.0 -4389.8335
8200.0 -4381.5448
8400.0 -4373.7143
8600.0 -4367.0691
8800.0 -4359.3095
9000.0 -4358.0213
9200.0 -4357.7897
9400.0 -4360.2113
9600.0 -4364.4728
9800.0 -4366.2904
10000.0 -4368.7515
10200.0 -4375.5369
10400.0 -4383.8745
10600.0 -4390.5766
10800.0 -4393.4833
11000.0 -4393.4801
11200.0 -4391.9096
11400.0 -4390.7076
11600.0 -4388.9455
11800.0 -4383.1259
12000.0 -4371.5267
12200.0 -4359.1488
12400.0 -4352.4414
12600.0 -4350.0968
12800.0 -4350.7854
13000.0 -4358.0349
13200.0 -4365.6964
13400.0 -4373.1987
13600.0 -4377.6144
13800.0 -4380.6546
14000.0 -4386.1532
14200.0 -4389.1862
14400.0 -4389.8662
14600.0 -4389.7049
14800.0 -4388.8203
15000.0 -4385.278
15200.0 -4375.0254
15400.0 -4362.5676
15600.0 -4354.3773
15800.0 -4353.2221
16000.0 -4355.7553
16200.0 -4359.1153
16400.0 -4365.0774
16600.0 -4368.9079
16800.0 -4372.5337
17000.0 -4376.3672
17200.0 -4382.0788
17400.0 -4386.3586
17600.0 -4387.6727
17800.0 -4385.5781
18000.0 -4383.7065
18200.0 -4385.7219
18400.0 -4384.2613
18600.0 -4382.1301
18800.0 -4378.6145
19000.0 -4373.8886
19200.0 -4371.082
19400.0 -4364.9016
19600.0 -4360.745
19800.0 -4356.365
20000.0 -4351.9434
20200.0 -4348.4398
20400.0 -4346.0009
20600.0 -4349.4919
20800.0 -4358.8984
21000.0 -4367.0823
21200.0 -4373.7479
21400.0 -4380.1538
21600.0 -4384.8709
21800.0 -4385.8897
22000.0 -4383.365
22200.0 -4382.3906
22400.0 -4382.0383
22600.0 -4382.2899
22800.0 -4381.3911
23000.0 -4378.4347
23200.0 -4375.1471
23400.0 -4365.9658
23600.0 -4357.8499
23800.0 -4354.4797
24000.0 -4353.1225
24200.0 -4352.0671
24400.0 -4354.6815
24600.0 -4362.3815
24800.0 -4370.8998
25000.0 -4377.6961
25200.0 -4383.521
25400.0 -4388.3767
25600.0 -4390.5535
25800.0 -4390.305
26000.0 -4387.6529
26200.0 -4385.5462
26400.0 -4384.084
26600.0 -4379.5808
26800.0 -4374.1911
27000.0 -4368.106
27200.0 -4360.8688
27400.0 -4352.63
27600.0 -4346.7659
27800.0 -4343.4383
28000.0 -4340.9944
28200.0 -4340.7329
28400.0 -4345.9155
28600.0 -4356.3508
28800.0 -4366.2991
29000.0 -4375.3354
29200.0 -4382.561
29400.0 -4387.9594
29600.0 -4390.6664
29800.0 -4388.7388
30000.0 -4385.1597
30200.0 -4383.4868
30400.0 -4380.079
30600.0 -4372.7518
30800.0 -4365.9761
31000.0 -4364.401
31200.0 -4365.2947
31400.0 -4363.5656
31600.0 -4362.653
31800.0 -4364.2809
32000.0 -4368.3412
32200.0 -4370.4244
32400.0 -4373.5814
32600.0 -4384.0399
32800.0 -4391.9145
33000.0 -4396.4451
33200.0 -4397.7941
33400.0 -4396.9495
33600.0 -4393.8404
33800.0 -4385.3556
34000.0 -4377.2185
34200.0 -4374.3593
34400.0 -4369.0035
34600.0 -4368.2907
34800.0 -4369.4539
35000.0 -4369.6319
35200.0 -4372.618
35400.0 -4374.7943
35600.0 -4378.3335
35800.0 -4381.6825
36000.0 -4385.1548
36200.0 -4389.1659
36400.0 -4395.3603
36600.0 -4406.5627
36800.0 -4414.0458
37000.0 -4416.6276
37200.0 -4415.2748
37400.0 -4410.7891
37600.0 -4404.1411
37800.0 -4392.5693
38000.0 -4383.335
38200.0 -4379.1222
38400.0 -4376.142
38600.0 -4373.5695
38800.0 -4369.6075
39000.0 -4366.9461
39200.0 -4365.012
39400.0 -4363.7182
39600.0 -4369.0859
39800.0 -4376.2423
40000.0 -4384.2348
40200.0 -4391.0449
40400.0 -4396.5946
40600.0 -4400.8658
40800.0 -4401.53
41000.0 -4398.6321
41200.0 -4394.4641
41400.0 -4391.8417
41600.0 -4391.4594
41800.0 -4390.3286
42000.0 -4385.0142
42200.0 -4379.9272
42400.0 -4377.3425
42600.0 -4375.0619
42800.0 -4371.7643
43000.0 -4368.8414
43200.0 -4366.7359
43400.0 -4371.4089
43600.0 -4381.6693
43800.0 -4391.4222
44000.0 -4397.48
44200.0 -4399.8041
44400.0 -4403.9006
44600.0 -4404.3006
44800.0 -4398.0258
45000.0 -4386.3091
45200.0 -4382.2915
45400.0 -4382.1796
45600.0 -4379.6258
45800.0 -4376.9397
46000.0 -4375.5125
46200.0 -4375.7534
46400.0 -4375.6883
46600.0 -4373.6013
46800.0 -4368.5045
47000.0 -4361.1267
47200.0 -4353.555
47400.0 -4348.3451
47600.0 -4346.6995
47800.0 -4351.2678
48000.0 -4360.9696
48200.0 -4370.5155
48400.0 -4376.3829
48600.0 -4380.9659
48800.0 -4383.0186
49000.0 -4382.3036
49200.0 -4380.9747
49400.0 -4379.9911
49600.0 -4378.9162
49800.0 -4376.5567
50000.0 -4370.8962
50200.0 -4362.4414
50400.0 -4355.7921
50600.0 -4352.2498
50800.0 -4348.0791
51000.0 -4344.8317
51200.0 -4348.4345
51400.0 -4361.7942
51600.0 -4373.6315
51800.0 -4378.3604
52000.0 -4381.3286
52200.0 -4384.4098
52400.0 -4387.2411
52600.0 -4389.0569
52800.0 -4392.5395
53000.0 -4392.1438
53200.0 -4389.8012
53400.0 -4383.4155
53600.0 -4374.9228
53800.0 -4367.0897
54000.0 -4360.4966
54200.0 -4357.7583
54400.0 -4358.5738
54600.0 -4360.8736
54800.0 -4365.7231
55000.0 -4369.8505
55200.0 -4377.0776
55400.0 -4393.3688
55600.0 -4404.2005
55800.0 -4408.7243
56000.0 -4409.1037
56200.0 -4403.2823
56400.0 -4396.3706
56600.0 -4388.1853
56800.0 -4381.0823
57000.0 -4375.1371
57200.0 -4371.6773
57400.0 -4370.5376
57600.0 -4371.8806
57800.0 -4373.8822
58000.0 -4374.8657
58200.0 -4376.8863
58400.0 -4379.5596
58600.0 -4383.7409
58800.0 -4388.9973
59000.0 -4393.8445
59200.0 -4399.6056
59400.0 -4403.6312
59600.0 -4404.362
59800.0 -4400.9816
60000.0 -4392.2242
60200.0 -4383.9228
60400.0 -4376.2179
60600.0 -4371.6014
60800.0 -4372.7963
61000.0 -4374.2525
61200.0 -4373.5767
61400.0 -4372.7541
61600.0 -4371.4429
61800.0 -4370.9739
62000.0 -4371.5253
62200.0 -4372.7299
62400.0 -4379.7314
62600.0 -4388.8525
62800.0 -4398.2412
63000.0 -4402.5866
63200.0 -4401.764
63400.0 -4400.4383
63600.0 -4397.3634
63800.0 -4392.0743
64000.0 -4381.5824
64200.0 -4372.196
64400.0 -4370.2678
64600.0 -4368.7301
64800.0 -4368.0316
65000.0 -4367.7839
65200.0 -4369.5178
65400.0 -4373.6138
65600.0 -4375.3149
65800.0 -4380.4164
66000.0 -4392.2412
66200.0 -4403.7083
66400.0 -4406.495
66600.0 -4404.4886
66800.0 -4401.3557
67000.0 -4395.3633
67200.0 -4389.1179
67400.0 -4384.8895
67600.0 -4381.5636
67800.0 -4378.4108
68000.0 -4375.104
68200.0 -4373.9662
68400.0 -4374.05
68600.0 -4375.5028
68800.0 -4375.1053
69000.0 -4373.4959
69200.0 -4377.3116
69400.0 -4379.8029
69600.0 -4380.3664
69800.0 -4379.1175
70000.0 -4377.3377
70200.0 -4379.3628
70400.0 -4382.5434
70600.0 -4384.1886
70800.0 -4385.1075
71000.0 -4385.0511
71200.0 -4386.3134
71400.0 -4384.6914
71600.0 -4383.8357
71800.0 -4382.452
72000.0 -4380.7429
72200.0 -4377.6466
72400.0 -4369.9518
72600.0 -4363.5292
72800.0 -4360.6899
73000.0 -4359.7392
73200.0 -4360.3791
73400.0 -4363.553
73600.0 -4372.1181
73800.0 -4385.5995
74000.0 -4394.8489
74200.0 -4398.3172
74400.0 -4398.3269
74600.0 -4396.9914
74800.0 -4393.3396
75000.0 -4386.7788
75200.0 -4378.7664
75400.0 -4373.3322
75600.0 -4372.1106
75800.0 -4371.2869
76000.0 -4373.3253
76200.0 -4374.3122
76400.0 -4373.4266
76600.0 -4374.058
76800.0 -4374.7033
77000.0 -4378.8558
77200.0 -4383.606
77400.0 -4387.8975
77600.0 -4392.0121
77800.0 -4397.9628
78000.0 -4399.032
78200.0 -4393.6407
78400.0 -4386.6929
78600.0 -4380.1055
78800.0 -4375.75
79000.0 -4369.7089
79200.0 -4365.2159
79400.0 -4362.7546
79600.0 -4362.1721
79800.0 -4362.2374
80000.0 -4360.9392
80200.0 -4359.6487
80400.0 -4362.9679
80600.0 -4370.0426
80800.0 -4376.3887
81000.0 -4378.9806
81200.0 -4381.2871
81400.0 -4380.9959
81600.0 -4378.2176
81800.0 -4376.737
82000.0 -4374.2465
82200.0 -4370.1979
82400.0 -4362.5056
82600.0 -4358.3762
82800.0 -4353.4651
83000.0 -4346.7866
83200.0 -4342.5539
83400.0 -4344.6058
83600.0 -4353.8386
83800.0 -4363.7333
84000.0 -4369.8051
84200.0 -4374.528
84400.0 -4378.2647
84600.0 -4382.2879
84800.0 -4385.1524
85000.0 -4389.7394
85200.0 -4392.547
85400.0 -4392.5487
85600.0 -4391.4231
85800.0 -4388.2478
86000.0 -4383.3189
86200.0 -4372.9971
86400.0 -4361.9233
86600.0 -4358.8719
86800.0 -4358.9691
87000.0 -4361.3712
87200.0 -4367.6367
87400.0 -4375.0063
87600.0 -4381.8105
87800.0 -4387.1488
88000.0 -4387.6152
88200.0 -4386.1897
88400.0 -4385.3292
88600.0 -4385.9954
88800.0 -4385.7574
89000.0 -4384.0663
89200.0 -4381.3477
89400.0 -4377.9802
89600.0 -4376.6444
89800.0 -4378.7443
90000.0 -4382.2669
90200.0 -4385.1407
90400.0 -4394.8253
90600.0 -4402.8254
90800.0 -4404.676
91000.0 -4403.5289
91200.0 -4398.5916
91400.0 -4392.5759
91600.0 -4383.7464
91800.0 -4377.2718
92000.0 -4374.6715
92200.0 -4373.6048
92400.0 -4371.4309
92600.0 -4369.6486
92800.0 -4369.2182
93000.0 -4368.1475
93200.0 -4370.3018
93400.0 -4374.694
93600.0 -4382.9068
93800.0 -4391.2554
94000.0 -4394.9242
94200.0 -4396.2767
94400.0 -4394.3103
94600.0 -4391.5807
94800.0 -4388.2609
95000.0 -4380.1326
95200.0 -4371.7085
95400.0 -4362.8953
95600.0 -4358.5488
95800.0 -4356.955
96000.0 -4358.7358
96200.0 -4362.4309
96400.0 -4367.6136
96600.0 -4374.7213
96800.0 -4379.5201
97000.0 -4380.8756
97200.0 -4379.3558
97400.0 -4379.2937
97600.0 -4377.0179
97800.0 -4376.0058
98000.0 -4374.7281
98200.0 -4372.7351
98400.0 -4371.0143
98600.0 -4368.9258
98800.0 -4370.612
99000.0 -4375.7954
99200.0 -4380.4193
99400.0 -4381.5958
99600.0 -4383.0138
99800.0 -4386.8475
100000.0 -4392.0901
