0.0 -4716.9517
200.0 -4715.5518
400.0 -4713.3321
600.0 -4710.1551
800.0 -4707.6945
1000.0 -4702.8837
1200.0 -4694.7567
1400.0 -4689.9193
1600.0 -4688.7761
1800.0 -4688.134
2000.0 -4690.1783
2200.0 -4693.7294
2400.0 -4697.8736
2600.0 -4702.45
2800.0 -4705.1294
3000.0 -4707.2184
3200.0 -4707.856
3400.0 -4706.5776
3600.0 -4704.4082
3800.0 -4701.3564
4000.0 -4697.4143
4200.0 -4690.8511
4400.0 -4685.3425
4600.0 -4682.3925
4800.0 -4680.7073
5000.0 -4681.6182
5200.0 -4686.7721
5400.0 -4695.8982
5600.0 -4703.2455
5800.0 -4705.9957
6000.0 -4708.0339
6200.0 -4707.019
6400.0 -4703.3003
6600.0 -4700.1223
6800.0 -4698.027
7000.0 -4697.3495
7200.0 -4697.3167
7400.0 -4699.5571
7600.0 -4701.7921
7800.0 -4702.8156
8000.0 -4705.4977
8200.0 -4709.1218
8400.0 -4712.2101
8600.0 -4715.4491
8800.0 -4718.3743
9000.0 -4719.9506
9200.0 -4718.5416
9400.0 -4713.245
9600.0 -4704.1276
9800.0 -4697.7275
10000.0 -4694.6783
10200.0 -4692.747
10400.0 -4693.633
10600.0 -4696.9943
10800.0 -4700.8196
11000.0 -4703.6781
11200.0 -4704.5117
11400.0 -4706.4336
11600.0 -4711.4395
11800.0 -4718.1097
12000.0 -4722.969
12200.0 -4726.3187
12400.0 -4729.2725
12600.0 -4726.3332
12800.0 -4716.4822
13000.0 -4709.0553
13200.0 -4704.6124
13400.0 -4702.3966
13600.0 -4700.6129
13800.0 -4698.313
14000.0 -4698.0618
14200.0 -4698.6998
14400.0 -4697.4518
14600.0 -4694.2202
14800.0 -4691.8186
15000.0 -4691.2685
15200.0 -4691.9272
15400.0 -4694.6738
15600.0 -4699.8341
15800.0 -4705.0217
16000.0 -4709.0411
16200.0 -4711.7769
16400.0 -4714.412
16600.0 -4715.9648
16800.0 -4715.6313
17000.0 -4713.266
17200.0 -4705.7892
17400.0 -4697.0187
17600.0 -4691.8493
17800.0 -4689.6932
18000.0 -4689.2142
18200.0 -4690.4691
18400.0 -4693.9793
18600.0 -4700.2556
18800.0 -4705.303
19000.0 -4706.7809
19200.0 -4708.1987
19400.0 -4708.403
19600.0 -4707.0005
19800.0 -4708.1292
20000.0 -4706.3594
20200.0 -4703.7181
20400.0 -4702.9737
20600.0 -4702.4275
20800.0 -4701.1571
21000.0 -4699.9452
21200.0 -4700.9877
21400.0 -4701.6276
21600.0 -4702.3226
21800.0 -4703.0797
22000.0 -4702.5998
22200.0 -4702.9284
22400.0 -4703.2385
22600.0 -4702.3143
22800.0 -4700.9037
23000.0 -4702.9268
23200.0 -4705.454
23400.0 -4704.5654
23600.0 -4704.1374
23800.0 -4704.1315
24000.0 -4703.0531
24200.0 -4703.2208
24400.0 -4704.28
24600.0 -4703.6523
24800.0 -4700.9714
25000.0 -4699.2926
25200.0 -4698.6251
25400.0 -4697.9018
25600.0 -4696.2652
25800.0 -4696.5679
26000.0 -4694.5896
26200.0 -4690.9028
26400.0 -4690.14
26600.0 -4689.6925
26800.0 -4692.1523
27000.0 -4698.0877
27200.0 -4704.2251
27400.0 -4708.295
27600.0 -4711.0247
27800.0 -4712.8638
28000.0 -4713.5439
28200.0 -4713.7016
28400.0 -4712.0767
28600.0 -4703.2455
28800.0 -4691.9661
29000.0 -4688.1375
29200.0 -4688.4663
29400.0 -4688.0104
29600.0 -4686.798
29800.0 -4690.4441
30000.0 -4694.9923
30200.0 -4699.6674
30400.0 -4706.9825
30600.0 -4711.2671
30800.0 -4711.7057
31000.0 -4711.6857
31200.0 -4710.708
31400.0 -4708.3841
31600.0 -4705.3663
31800.0 -4702.8391
32000.0 -4699.9618
32200.0 -4693.7813
32400.0 -4683.0048
32600.0 -4676.4929
32800.0 -4676.4677
33000.0 -4680.0069
33200.0 -4685.0708
33400.0 -4689.6055
33600.0 -4693.0683
33800.0 -4697.2496
34000.0 -4702.3412
34200.0 -4706.4617
34400.0 -4709.2607
34600.0 -4709.8932
34800.0 -4708.882
35000.0 -4708.1464
35200.0 -4707.8872
35400.0 -4705.5043
35600.0 -4699.3548
35800.0 -4689.0314
36000.0 -4682.0311
36200.0 -4680.1717
36400.0 -4680.8063
36600.0 -4682.4964
36800.0 -4687.6908
37000.0 -4695.0826
37200.0 -4699.5969
37400.0 -4701.3484
37600.0 -4702.6569
37800.0 -4704.0802
38000.0 -4704.4292
38200.0 -4705.7584
38400.0 -4708.7488
38600.0 -4711.8276
38800.0 -4714.6319
39000.0 -4715.8447
39200.0 -4714.7125
39400.0 -4711.2497
39600.0 -4706.4824
39800.0 -4700.8505
40000.0 -4695.4564
40200.0 -4693.092
40400.0 -4692.488
40600.0 -4691.0248
40800.0 -4689.7926
41000.0 -4692.0011
41200.0 -4698.263
41400.0 -4707.7863
41600.0 -4714.4101
41800.0 -4715.2298
42000.0 -4713.5535
42200.0 -4712.5247
42400.0 -4709.2472
42600.0 -4704.376
42800.0 -4698.825
43000.0 -4694.0569
43200.0 -4691.2149
43400.0 -4691.4103
43600.0 -4693.973
43800.0 -4696.7291
44000.0 -4698.8058
44200.0 -4699.6627
44400.0 -4700.0376
44600.0 -4700.5689
44800.0 -4699.5069
45000.0 -4697.5848
45200.0 -4697.6336
45400.0 -4703.4419
45600.0 -4713.7276
45800.0 -4719.305
46000.0 -4720.5628
46200.0 -4718.887
46400.0 -4715.7549
46600.0 -4712.8659
46800.0 -4708.5742
47000.0 -4702.6602
47200.0 -4698.8843
47400.0 -4697.9545
47600.0 -4698.2043
47800.0 -4698.4236
48000.0 -4697.6339
48200.0 -4698.4026
48400.0 -4701.0605
48600.0 -4705.9915
48800.0 -4714.3946
49000.0 -4720.9352
49200.0 -4722.4129
49400.0 -4720.9956
49600.0 -4718.9681
49800.0 -4716.282
50000.0 -4711.7756
50200.0 -4707.5512
50400.0 -4707.492
50600.0 -4707.3235
50800.0 -4704.5635
51000.0 -4699.8488
51200.0 -4695.3135
51400.0 -4692.2908
51600.0 -4690.8304
51800.0 -4691.9222
52000.0 -4694.9309
52200.0 -4698.2325
52400.0 -4704.0115
52600.0 -4717.5886
52800.0 -4724.933
53000.0 -4724.1412
53200.0 -4722.3194
53400.0 -4718.0524
53600.0 -4712.4951
53800.0 -4706.4691
54000.0 -4701.2435
54200.0 -4698.7266
54400.0 -4697.0943
54600.0 -4695.6017
54800.0 -4694.652
55000.0 -4694.4448
55200.0 -4695.2994
55400.0 -4697.3955
55600.0 -4700.474
55800.0 -4704.7083
56000.0 -4709.9882
56200.0 -4715.5873
56400.0 -4719.3433
56600.0 -4720.4403
56800.0 -4716.7551
57000.0 -4711.18
57200.0 -4707.3441
57400.0 -4704.3252
57600.0 -4701.8411
57800.0 -4700.003
58000.0 -4699.5427
58200.0 -4700.1747
58400.0 -4699.7324
58600.0 -4698.9722
58800.0 -4699.3969
59000.0 -4699.6793
59200.0 -4700.0388
59400.0 -4701.1436
59600.0 -4704.6595
59800.0 -4709.4587
60000.0 -4712.5459
60200.0 -4715.0518
60400.0 -4716.3954
60600.0 -4716.4632
60800.0 -4715.9389
61000.0 -4713.2758
61200.0 -4705.7404
61400.0 -4697.654
61600.0 -4693.0938
61800.0 -4691.3923
62000.0 -4691.9427
62200.0 -4693.2219
62400.0 -4696.7476
62600.0 -4701.4946
62800.0 -4705.3063
63000.0 -4709.3194
63200.0 -4711.3974
63400.0 -4709.6284
63600.0 -4708.8163
63800.0 -4708.8958
64000.0 -4708.0165
64200.0 -4707.1598
64400.0 -4704.2302
64600.0 -4701.1023
64800.0 -4699.3823
65000.0 -4699.0531
65200.0 -4698.8996
65400.0 -4699.8584
65600.0 -4704.214
65800.0 -4709.2402
66000.0 -4713.3494
66200.0 -4717.3128
66400.0 -4722.267
66600.0 -4725.1643
66800.0 -4723.7494
67000.0 -4720.1954
67200.0 -4711.501
67400.0 -4703.8362
67600.0 -4699.8998
67800.0 -4697.4403
68000.0 -4695.6498
68200.0 -4694.4325
68400.0 -4694.8797
68600.0 -4696.9778
68800.0 -4700.9967
69000.0 -4705.3952
69200.0 -4709.2959
69400.0 -4714.5893
69600.0 -4720.9826
69800.0 -4725.2457
70000.0 -4724.7019
70200.0 -4721.204
70400.0 -4716.6103
70600.0 -4706.1727
70800.0 -4698.2799
71000.0 -4695.3704
71200.0 -4693.896
71400.0 -4694.1998
71600.0 -4695.3604
71800.0 -4697.1887
72000.0 -4700.5529
72200.0 -4705.7383
72400.0 -4709.9741
72600.0 -4713.2634
72800.0 -4714.1282
73000.0 -4711.7861
73200.0 -4709.6222
73400.0 -4705.7541
73600.0 -4697.2571
73800.0 -4689.2841
74000.0 -4685.5409
74200.0 -4683.7904
74400.0 -4683.3536
74600.0 -4686.932
74800.0 -4692.8828
75000.0 -4696.8512
75200.0 -4699.5473
75400.0 -4701.6063
75600.0 -4703.0098
75800.0 -4704.2727
76000.0 -4706.6099
76200.0 -4705.8808
76400.0 -4703.2996
76600.0 -4701.7809
76800.0 -4697.9414
77000.0 -4690.6439
77200.0 -4682.8269
77400.0 -4679.0655
77600.0 -4678.3491
77800.0 -4680.8121
78000.0 -4687.6252
78200.0 -4693.8306
78400.0 -4697.681
78600.0 -4701.0073
78800.0 -4702.8555
79000.0 -4704.7671
79200.0 -4706.3718
79400.0 -4705.5269
79600.0 -4703.8364
79800.0 -4703.8778
80000.0 -4702.8357
80200.0 -4696.8533
80400.0 -4692.9396
80600.0 -4689.9524
80800.0 -4685.6209
81000.0 -4685.6693
81200.0 -4687.3014
81400.0 -4691.3351
81600.0 -4698.9674
81800.0 -4705.9575
82000.0 -4710.2927
82200.0 -4712.2877
82400.0 -4711.8911
82600.0 -4708.63
82800.0 -4705.4155
83000.0 -4703.342
83200.0 -4700.1413
83400.0 -4697.5918
83600.0 -4698.1826
83800.0 -4700.0514
84000.0 -4702.8681
84200.0 -4709.202
84400.0 -4718.4213
84600.0 -4722.6767
84800.0 -4724.826
85000.0 -4724.1639
85200.0 -4720.1153
85400.0 -4714.4254
85600.0 -4709.3064
85800.0 -4704.4088
86000.0 -4699.9432
86200.0 -4697.887
86400.0 -4696.1884
86600.0 -4694.7396
86800.0 -4695.4331
87000.0 -4697.3943
87200.0 -4699.4888
87400.0 -4703.1104
87600.0 -4710.706
87800.0 -4719.5105
88000.0 -4723.7267
88200.0 -4724.8946
88400.0 -4723.0016
88600.0 -4717.896
88800.0 -4713.6297
89000.0 -4710.7652
89200.0 -4706.3345
89400.0 -4703.2232
89600.0 -4701.2882
89800.0 -4697.3589
90000.0 -4695.11
90200.0 -4695.5701
90400.0 -4696.4129
90600.0 -4695.9498
90800.0 -4697.4002
91000.0 -4702.0383
91200.0 -4706.9594
91400.0 -4711.5983
91600.0 -4716.0911
91800.0 -4717.3647
92000.0 -4714.9976
92200.0 -4711.5757
92400.0 -4707.4111
92600.0 -4703.4102
92800.0 -4698.301
93000.0 -4692.2209
93200.0 -4687.2759
93400.0 -4685.6086
93600.0 -4686.5568
93800.0 -4689.1019
94000.0 -4691.2088
94200.0 -4693.8313
94400.0 -4698.1777
94600.0 -4700.9812
94800.0 -4702.4895
95000.0 -4704.7938
95200.0 -4706.5777
95400.0 -4707.0368
95600.0 -4707.1709
95800.0 -4706.6087
96000.0 -4705.7921
96200.0 -4702.92
96400.0 -4696.8411
96600.0 -4693.5887
96800.0 -4693.6938
97000.0 -4693.3826
97200.0 -4692.4729
97400.0 -4694.7924
97600.0 -4699.8675
97800.0 -4703.0867
98000.0 -4706.8322
98200.0 -4712.3663
98400.0 -4716.0643
98600.0 -4718.8245
98800.0 -4722.7177
99000.0 -4725.5507
99200.0 -4726.8604
99400.0 -4725.7229
99600.0 -4720.5495
99800.0 -4713.6278
100000.0 -4706.4965
