0.0 2.9536881
200.0 2.9599488
400.0 2.9431985
600.0 2.9730764
800.0 2.9584972
1000.0 2.951511
1200.0 2.9700968
1400.0 2.9549857
1600.0 2.9612012
1800.0 2.9707461
2000.0 2.9486808
2200.0 2.9628229
2400.0 2.9492579
2600.0 2.9454722
2800.0 2.9576798
3000.0 2.9404728
3200.0 2.9533842
3400.0 2.9484448
3600.0 2.9511183
3800.0 2.959217
4000.0 2.9573925
4200.0 2.952088
4400.0 2.9553377
4600.0 2.9710556
4800.0 2.9510083
5000.0 2.9687237
5200.0 2.9537393
5400.0 2.9580928
5600.0 2.9769568
5800.0 2.9421736
6000.0 2.9650032
6200.0 2.9554388
6400.0 2.9456513
6600.0 2.9532279
6800.0 2.9552373
7000.0 2.9520853
7200.0 2.9572149
7400.0 2.9511137
7600.0 2.9635393
7800.0 2.9542146
8000.0 2.9637801
8200.0 2.9558934
8400.0 2.9647847
8600.0 2.9562061
8800.0 2.9566285
9000.0 2.9706177
9200.0 2.9469584
9400.0 2.9609432
9600.0 2.9572228
9800.0 2.9376501
10000.0 2.9700871
10200.0 2.9341287
10400.0 2.955745
10600.0 2.9551068
10800.0 2.9422112
11000.0 2.9707212
11200.0 2.9554069
11400.0 2.9581638
11600.0 2.9609737
11800.0 2.9557427
12000.0 2.962974
12200.0 2.9587087
12400.0 2.9575261
12600.0 2.956085
12800.0 2.9567687
13000.0 2.9564437
13200.0 2.9504235
13400.0 2.9507342
13600.0 2.9501705
13800.0 2.9486308
14000.0 2.9490058
14200.0 2.9539112
14400.0 2.957242
14600.0 2.9576879
14800.0 2.9515576
15000.0 2.9652993
15200.0 2.9583955
15400.0 2.9582913
15600.0 2.9672332
15800.0 2.9515008
16000.0 2.9657818
16200.0 2.9615224
16400.0 2.9512446
16600.0 2.9665344
16800.0 2.9567502
17000.0 2.9524013
17200.0 2.9539873
17400.0 2.9490494
17600.0 2.9530029
17800.0 2.9596703
18000.0 2.9564471
18200.0 2.955783
18400.0 2.9572048
18600.0 2.9560223
18800.0 2.9691291
19000.0 2.9546952
19200.0 2.957923
19400.0 2.9665434
19600.0 2.9582747
19800.0 2.9605368
20000.0 2.954505
20200.0 2.9552056
20400.0 2.9531618
20600.0 2.9652195
20800.0 2.940358
21000.0 2.9611966
21200.0 2.9511099
21400.0 2.9464483
21600.0 2.9617201
21800.0 2.9656671
22000.0 2.9593242
22200.0 2.9650649
22400.0 2.9697299
22600.0 2.9573163
22800.0 2.9639905
23000.0 2.9595185
23200.0 2.9557298
23400.0 2.9683867
23600.0 2.9453381
23800.0 2.9619507
24000.0 2.9506573
24200.0 2.9548833
24400.0 2.9582431
24600.0 2.9564862
24800.0 2.9532902
25000.0 2.9624993
25200.0 2.9576504
25400.0 2.964679
25600.0 2.9690952
25800.0 2.9666241
26000.0 2.9544162
26200.0 2.9723744
26400.0 2.9521646
26600.0 2.9597017
26800.0 2.9610871
27000.0 2.9577059
27200.0 2.9557089
27400.0 2.9590518
27600.0 2.953916
27800.0 2.962931
28000.0 2.9519181
28200.0 2.9561811
28400.0 2.9629148
28600.0 2.9474888
28800.0 2.9575929
29000.0 2.9548117
29200.0 2.9485916
29400.0 2.9557391
29600.0 2.9506762
29800.0 2.9570574
30000.0 2.9539504
30200.0 2.9566221
30400.0 2.9624166
30600.0 2.9604277
30800.0 2.9618565
31000.0 2.955163
31200.0 2.9643848
31400.0 2.9597154
31600.0 2.9526191
31800.0 2.9581444
32000.0 2.9458686
32200.0 2.9566117
32400.0 2.9544488
32600.0 2.9415391
32800.0 2.9592416
33000.0 2.9477272
33200.0 2.9571274
33400.0 2.9618401
33600.0 2.9443213
33800.0 2.9670931
34000.0 2.9650923
34200.0 2.9550927
34400.0 2.9642566
34600.0 2.9594013
34800.0 2.9629722
35000.0 2.9640949
35200.0 2.9557488
35400.0 2.9573641
35600.0 2.9576268
35800.0 2.9439763
36000.0 2.9601383
36200.0 2.9454775
36400.0 2.9484333
36600.0 2.9621431
36800.0 2.9528059
37000.0 2.9588418
37200.0 2.9692509
37400.0 2.9575814
37600.0 2.9627704
37800.0 2.9600008
38000.0 2.9564875
38200.0 2.9675414
38400.0 2.9485578
38600.0 2.9641988
38800.0 2.9572437
39000.0 2.9464628
39200.0 2.9721783
39400.0 2.9414692
39600.0 2.9564137
39800.0 2.9727258
40000.0 2.9436076
40200.0 2.9756732
40400.0 2.9627466
40600.0 2.959722
40800.0 2.9703426
41000.0 2.9554607
41200.0 2.9648685
41400.0 2.9652783
41600.0 2.9438858
41800.0 2.9666267
42000.0 2.9475607
42200.0 2.9613684
42400.0 2.9526019
42600.0 2.9584011
42800.0 2.9557123
43000.0 2.9542478
43200.0 2.9687554
43400.0 2.9492674
43600.0 2.966637
43800.0 2.9649638
44000.0 2.9601608
44200.0 2.9667937
44400.0 2.9590901
44600.0 2.9587604
44800.0 2.962971
45000.0 2.9518531
45200.0 2.9496123
45400.0 2.9631055
45600.0 2.9545497
45800.0 2.9513656
46000.0 2.9576105
46200.0 2.9579228
46400.0 2.9625455
46600.0 2.9477563
46800.0 2.9713788
47000.0 2.9589094
47200.0 2.9558014
47400.0 2.9756763
47600.0 2.9643654
47800.0 2.9714993
48000.0 2.966059
48200.0 2.9632316
48400.0 2.964028
48600.0 2.9646998
48800.0 2.9491486
49000.0 2.9687438
49200.0 2.9526669
49400.0 2.9610167
49600.0 2.9594693
49800.0 2.9490108
50000.0 2.9573099
50200.0 2.9579482
50400.0 2.9516894
50600.0 2.9576265
50800.0 2.9499516
51000.0 2.9495852
51200.0 2.955002
51400.0 2.9654512
51600.0 2.9462027
51800.0 2.9733499
52000.0 2.9542914
52200.0 2.961547
52400.0 2.9639924
52600.0 2.9576456
52800.0 2.9671125
53000.0 2.9470375
53200.0 2.9604988
53400.0 2.9516341
53600.0 2.9592604
53800.0 2.9461203
54000.0 2.9532459
54200.0 2.9537056
54400.0 2.9466594
54600.0 2.9637742
54800.0 2.962503
55000.0 2.9454128
55200.0 2.9723242
55400.0 2.9536467
55600.0 2.9593886
55800.0 2.9648533
56000.0 2.9564018
56200.0 2.956456
56400.0 2.9648389
56600.0 2.9520681
56800.0 2.9574549
57000.0 2.9616732
57200.0 2.9465066
57400.0 2.9488504
57600.0 2.953608
57800.0 2.9442096
58000.0 2.9479024
58200.0 2.9532178
58400.0 2.946543
58600.0 2.9598988
58800.0 2.9574245
59000.0 2.9618875
59200.0 2.9631548
59400.0 2.9572139
59600.0 2.9582497
59800.0 2.9584214
60000.0 2.9668991
60200.0 2.961773
60400.0 2.9443676
60600.0 2.9713199
60800.0 2.9487875
61000.0 2.9490763
61200.0 2.9564249
61400.0 2.938308
61600.0 2.9557517
61800.0 2.9464057
62000.0 2.9465366
62200.0 2.95571
62400.0 2.951677
62600.0 2.9531506
62800.0 2.9550692
63000.0 2.9652655
63200.0 2.9520263
63400.0 2.9610449
63600.0 2.9539477
63800.0 2.9636751
64000.0 2.9589324
64200.0 2.9555865
64400.0 2.9658671
64600.0 2.9551432
64800.0 2.9506323
65000.0 2.9643214
65200.0 2.9413376
65400.0 2.9520017
65600.0 2.9552294
65800.0 2.9404396
66000.0 2.9734614
66200.0 2.9360202
66400.0 2.9617943
66600.0 2.9548231
66800.0 2.9603556
67000.0 2.9606052
67200.0 2.9600267
67400.0 2.9616787
67600.0 2.9549259
67800.0 2.9644252
68000.0 2.9550933
68200.0 2.9584921
68400.0 2.9613375
68600.0 2.9518096
68800.0 2.9590383
69000.0 2.9466891
69200.0 2.9532379
69400.0 2.9603124
69600.0 2.9515298
69800.0 2.9660627
70000.0 2.9476988
70200.0 2.9627958
70400.0 2.9619398
70600.0 2.9614784
70800.0 2.965561
71000.0 2.9576994
71200.0 2.9713163
71400.0 2.9721091
71600.0 2.9547956
71800.0 2.9882122
72000.0 2.9535334
72200.0 2.9647494
72400.0 2.9590901
72600.0 2.9605918
72800.0 2.9550105
73000.0 2.961373
73200.0 2.9535221
73400.0 2.9638961
73600.0 2.954745
73800.0 2.9514275
74000.0 2.9591239
74200.0 2.9605652
74400.0 2.946677
74600.0 2.9709541
74800.0 2.9508418
75000.0 2.9625561
75200.0 2.9645089
75400.0 2.9582024
75600.0 2.9680647
75800.0 2.9647281
76000.0 2.950291
76200.0 2.9667783
76400.0 2.9590247
76600.0 2.9498487
76800.0 2.9544319
77000.0 2.9555202
77200.0 2.9529687
77400.0 2.9471809
77600.0 2.9640013
77800.0 2.9496375
78000.0 2.9648974
78200.0 2.9596376
78400.0 2.9640229
78600.0 2.9607517
78800.0 2.966654
79000.0 2.9554318
79200.0 2.9591616
79400.0 2.9676921
79600.0 2.9516863
79800.0 2.9531268
80000.0 2.9579461
80200.0 2.9541902
80400.0 2.9660724
80600.0 2.9452186
80800.0 2.9648515
81000.0 2.9605751
81200.0 2.9616431
81400.0 2.9744898
81600.0 2.9559529
81800.0 2.9629049
82000.0 2.9645288
82200.0 2.9612692
82400.0 2.9599991
82600.0 2.9586712
82800.0 2.9540393
83000.0 2.9625143
83200.0 2.9475317
83400.0 2.9676786
83600.0 2.9496043
83800.0 2.9590145
84000.0 2.95235
84200.0 2.970689
84400.0 2.9600831
84600.0 2.9735001
84800.0 2.9634255
85000.0 2.9607886
85200.0 2.9707953
85400.0 2.9598943
85600.0 2.964491
85800.0 2.9529662
86000.0 2.9589852
86200.0 2.9621772
86400.0 2.9549684
86600.0 2.9602508
86800.0 2.9540819
87000.0 2.9587588
87200.0 2.9629606
87400.0 2.9519797
87600.0 2.9638151
87800.0 2.9649173
88000.0 2.9547944
88200.0 2.9782489
88400.0 2.9568224
88600.0 2.9623777
88800.0 2.9531398
89000.0 2.9575125
89200.0 2.9595723
89400.0 2.9612464
89600.0 2.9478404
89800.0 2.9578549
90000.0 2.9590164
90200.0 2.9555346
90400.0 2.9653425
90600.0 2.9541207
90800.0 2.9639836
91000.0 2.9636754
91200.0 2.9599134
91400.0 2.9691422
91600.0 2.9595567
91800.0 2.9635131
92000.0 2.9596118
92200.0 2.9486032
92400.0 2.9530432
92600.0 2.9634878
92800.0 2.9414618
93000.0 2.9622089
93200.0 2.9543785
93400.0 2.9580648
93600.0 2.9615194
93800.0 2.9624725
94000.0 2.955269
94200.0 2.9685458
94400.0 2.9566068
94600.0 2.9610332
94800.0 2.9628338
95000.0 2.9508704
95200.0 2.9644555
95400.0 2.9515675
95600.0 2.9478838
95800.0 2.9612082
96000.0 2.9355021
96200.0 2.9492695
96400.0 2.9478185
96600.0 2.9374366
96800.0 2.9667356
97000.0 2.9482925
97200.0 2.9509816
97400.0 2.9650196
97600.0 2.9540318
97800.0 2.9614147
98000.0 2.9618182
98200.0 2.9599609
98400.0 2.965682
98600.0 2.9575774
98800.0 2.962536
99000.0 2.9599866
99200.0 2.9538819
99400.0 2.9582014
99600.0 2.9541604
99800.0 2.9495898
100000.0 2.964263
