0.0 373.27387
200.0 372.72575
400.0 371.79774
600.0 370.85903
800.0 370.21352
1000.0 370.09786
1200.0 370.42421
1400.0 370.69772
1600.0 370.3967
1800.0 369.4552
2000.0 368.13189
2200.0 366.87075
2400.0 366.10344
2600.0 366.07162
2800.0 366.75148
3000.0 367.82427
3200.0 368.90804
3400.0 369.60637
3600.0 369.81602
3800.0 369.68401
4000.0 369.39513
4200.0 369.03832
4400.0 368.67484
4600.0 368.34151
4800.0 368.04501
5000.0 367.74572
5200.0 367.48946
5400.0 367.35704
5600.0 367.22289
5800.0 367.0745
6000.0 367.03977
6200.0 367.21703
6400.0 367.97677
6600.0 369.51349
6800.0 371.69425
7000.0 373.78089
7200.0 374.99134
7400.0 375.10599
7600.0 374.2575
7800.0 372.66525
8000.0 370.80843
8200.0 369.21322
8400.0 368.18076
8600.0 367.78962
8800.0 367.87613
9000.0 368.27057
9200.0 368.8158
9400.0 369.34573
9600.0 369.62349
9800.0 369.6035
10000.0 369.26172
10200.0 368.73711
10400.0 368.44712
10600.0 368.65706
10800.0 369.47669
11000.0 370.7242
11200.0 372.01639
11400.0 372.86668
11600.0 372.82317
11800.0 371.77463
12000.0 369.93198
12200.0 367.91171
12400.0 366.3694
12600.0 365.65893
12800.0 365.69052
13000.0 366.10741
13200.0 366.55951
13400.0 366.94985
13600.0 367.21923
13800.0 367.36308
14000.0 367.55508
14200.0 367.90863
14400.0 368.50856
14600.0 369.38632
14800.0 370.2896
15000.0 370.90557
15200.0 371.11021
15400.0 370.91889
15600.0 370.42367
15800.0 369.74416
16000.0 369.11611
16200.0 368.58345
16400.0 368.16232
16600.0 367.96216
16800.0 368.05393
17000.0 368.22475
17200.0 368.41214
17400.0 368.65279
17600.0 368.96389
17800.0 369.26611
18000.0 369.81999
18200.0 370.90994
18400.0 372.54133
18600.0 374.15341
18800.0 375.14099
19000.0 375.21101
19200.0 374.42626
19400.0 372.80563
19600.0 370.81796
19800.0 369.19786
20000.0 368.4747
20200.0 368.61354
20400.0 369.2927
20600.0 370.10182
20800.0 370.56682
21000.0 370.47525
21200.0 369.90758
21400.0 369.06356
21600.0 368.27902
21800.0 367.88175
22000.0 367.98721
22200.0 368.42185
22400.0 368.91562
22600.0 369.14748
22800.0 368.95957
23000.0 368.31866
23200.0 367.13689
23400.0 365.61827
23600.0 364.2611
23800.0 363.73867
24000.0 364.37884
24200.0 365.90614
24400.0 367.57264
24600.0 368.93432
24800.0 369.75058
25000.0 370.28234
25200.0 370.74139
25400.0 371.07343
25600.0 371.37418
25800.0 371.79342
26000.0 372.41162
26200.0 372.92557
26400.0 373.00768
26600.0 372.34243
26800.0 370.81809
27000.0 368.72939
27200.0 366.756
27400.0 365.50197
27600.0 365.05092
27800.0 365.04874
28000.0 365.26264
28200.0 365.60058
28400.0 365.95824
28600.0 366.25309
28800.0 366.62845
29000.0 367.3268
29200.0 368.36645
29400.0 369.55915
29600.0 370.86064
29800.0 372.12682
30000.0 373.00762
30200.0 373.37234
30400.0 373.19535
30600.0 372.59922
30800.0 371.81573
31000.0 370.69034
31200.0 368.75178
31400.0 366.06815
31600.0 363.66698
31800.0 362.40425
32000.0 362.23126
32200.0 362.83359
32400.0 363.81604
32600.0 364.91774
32800.0 365.99839
33000.0 367.02829
33200.0 368.17255
33400.0 369.35043
33600.0 370.40453
33800.0 371.23312
34000.0 371.68156
34200.0 371.70686
34400.0 371.42753
34600.0 370.89422
34800.0 370.28234
35000.0 369.67254
35200.0 369.13161
35400.0 368.57294
35600.0 368.12056
35800.0 367.77687
36000.0 367.52018
36200.0 367.35779
36400.0 367.3357
36600.0 367.59363
36800.0 368.13097
37000.0 368.86813
37200.0 369.79219
37400.0 370.67285
37600.0 371.09688
37800.0 370.78888
38000.0 369.80515
38200.0 368.31815
38400.0 366.93418
38600.0 366.27399
38800.0 366.54562
39000.0 367.422
39200.0 368.43404
39400.0 369.19508
39600.0 369.54431
39800.0 369.57543
40000.0 369.41484
40200.0 369.25378
40400.0 369.20946
40600.0 369.40641
40800.0 369.90074
41000.0 370.63213
41200.0 371.48442
41400.0 372.28925
41600.0 372.90467
41800.0 373.03898
42000.0 372.41314
42200.0 370.9573
42400.0 368.95589
42600.0 367.08322
42800.0 365.99175
43000.0 365.74876
43200.0 366.09114
43400.0 366.64744
43600.0 367.08042
43800.0 367.193
44000.0 367.058
44200.0 366.8883
44400.0 366.85971
44600.0 367.09316
44800.0 367.58233
45000.0 368.33311
45200.0 369.17138
45400.0 369.84057
45600.0 370.29321
45800.0 370.59781
46000.0 370.73092
46200.0 370.76794
46400.0 371.14368
46600.0 372.28375
46800.0 374.58783
47000.0 378.26845
47200.0 381.54207
47400.0 382.43462
47600.0 381.1568
47800.0 378.9579
48000.0 376.99797
48200.0 375.34329
48400.0 374.00605
48600.0 372.85239
48800.0 371.78077
49000.0 370.73834
49200.0 369.61704
49400.0 368.52666
49600.0 367.56687
49800.0 366.81713
50000.0 366.36361
50200.0 366.19871
50400.0 366.25311
50600.0 366.35874
50800.0 366.45656
51000.0 366.55992
51200.0 366.77659
51400.0 367.21364
51600.0 368.06771
51800.0 369.31138
52000.0 370.72929
52200.0 372.15466
52400.0 373.34181
52600.0 374.11965
52800.0 374.23554
53000.0 373.8367
53200.0 373.10489
53400.0 372.14911
53600.0 371.10033
53800.0 369.97797
54000.0 368.59663
54200.0 366.92632
54400.0 365.18277
54600.0 363.78659
54800.0 363.12773
55000.0 363.17322
55200.0 363.66509
55400.0 364.61806
55600.0 366.01506
55800.0 367.71614
56000.0 369.46764
56200.0 371.06309
56400.0 372.34557
56600.0 373.33053
56800.0 373.7908
57000.0 373.66507
57200.0 373.09614
57400.0 372.33167
57600.0 371.59996
57800.0 370.79738
58000.0 369.76387
58200.0 368.60279
58400.0 367.37651
58600.0 366.28355
58800.0 365.5429
59000.0 365.2568
59200.0 365.52388
59400.0 366.44934
59600.0 368.01015
59800.0 369.86833
60000.0 371.49361
60200.0 372.63334
60400.0 373.05142
60600.0 372.46114
60800.0 371.04182
61000.0 369.32826
61200.0 367.88378
61400.0 367.07983
61600.0 366.9265
61800.0 367.27047
62000.0 367.90475
62200.0 368.68483
62400.0 369.47737
62600.0 370.11846
62800.0 370.43255
63000.0 370.5909
63200.0 370.79606
63400.0 371.04716
63600.0 371.33967
63800.0 371.59631
64000.0 371.76638
64200.0 371.61314
64400.0 370.62083
64600.0 368.72015
64800.0 366.49553
65000.0 364.78475
65200.0 363.95781
65400.0 364.07303
65600.0 364.99464
65800.0 366.37861
66000.0 367.70454
66200.0 368.53987
66400.0 368.72577
66600.0 368.55056
66800.0 368.39037
67000.0 368.41515
67200.0 368.66569
67400.0 369.08999
67600.0 369.65412
67800.0 370.24631
68000.0 370.61548
68200.0 370.58892
68400.0 370.10879
68600.0 369.14522
68800.0 367.98517
69000.0 367.12279
69200.0 366.82887
69400.0 367.18446
69600.0 368.02604
69800.0 368.92516
70000.0 369.51291
70200.0 369.76215
70400.0 369.79765
70600.0 369.72605
70800.0 369.71439
71000.0 369.91931
71200.0 370.37586
71400.0 370.86454
71600.0 371.19274
71800.0 371.12688
72000.0 370.33332
72200.0 368.75232
72400.0 366.75033
72600.0 364.98768
72800.0 363.96256
73000.0 363.89224
73200.0 364.81797
73400.0 366.40216
73600.0 368.06889
73800.0 369.26295
74000.0 369.80916
74200.0 369.83101
74400.0 369.53821
74600.0 369.22039
74800.0 369.06393
75000.0 369.10511
75200.0 369.30979
75400.0 369.5813
75600.0 369.73478
75800.0 369.57845
76000.0 369.12617
76200.0 368.55462
76400.0 367.96959
76600.0 367.717
76800.0 368.18397
77000.0 369.38726
77200.0 371.01782
77400.0 372.42253
77600.0 373.05728
77800.0 372.69519
78000.0 371.51869
78200.0 369.89345
78400.0 368.39932
78600.0 367.49018
78800.0 367.25952
79000.0 367.5245
79200.0 368.09658
79400.0 368.76617
79600.0 369.31033
79800.0 369.67623
80000.0 369.79771
80200.0 369.73275
80400.0 369.62135
80600.0 369.74759
80800.0 370.21611
81000.0 370.89361
81200.0 371.46644
81400.0 371.56492
81600.0 371.047
81800.0 370.04759
82000.0 368.95826
82200.0 368.09081
82400.0 367.58782
82600.0 367.53524
82800.0 367.9736
83000.0 368.74194
83200.0 369.4667
83400.0 369.86039
83600.0 369.74149
83800.0 369.06858
84000.0 367.96302
84200.0 366.94142
84400.0 366.60586
84600.0 367.17381
84800.0 368.5702
85000.0 370.61747
85200.0 372.72769
85400.0 374.14678
85600.0 374.54053
85800.0 373.92491
86000.0 372.58122
86200.0 370.8856
86400.0 369.34192
86600.0 368.36797
86800.0 367.9456
87000.0 367.72577
87200.0 367.60504
87400.0 367.46636
87600.0 367.25739
87800.0 367.23966
88000.0 367.58315
88200.0 368.48454
88400.0 370.06974
88600.0 372.17232
88800.0 374.31052
89000.0 376.08126
89200.0 377.15125
89400.0 377.41242
89600.0 376.83517
89800.0 375.57909
90000.0 373.90684
90200.0 371.97944
90400.0 370.11731
90600.0 368.69013
90800.0 367.83349
91000.0 367.38471
91200.0 367.17512
91400.0 367.16737
91600.0 367.38346
91800.0 367.84558
92000.0 368.4852
92200.0 369.15158
92400.0 369.80074
92600.0 370.41187
92800.0 371.01688
93000.0 371.80362
93200.0 372.91278
93400.0 374.20778
93600.0 375.30813
93800.0 375.76619
94000.0 375.19568
94200.0 373.3027
94400.0 370.3171
94600.0 367.68509
94800.0 366.45198
95000.0 366.45966
95200.0 367.2631
95400.0 368.42373
95600.0 369.48665
95800.0 370.18107
96000.0 370.31792
96200.0 370.00307
96400.0 369.48119
96600.0 369.14817
96800.0 369.15319
97000.0 369.51254
97200.0 370.13576
97400.0 370.84247
97600.0 371.35627
97800.0 371.3244
98000.0 370.51927
98200.0 368.86428
98400.0 366.78285
98600.0 365.24626
98800.0 364.79674
99000.0 365.4551
99200.0 366.96855
99400.0 368.61799
99600.0 369.94675
99800.0 370.70954
100000.0 370.84552
