0.0 513.89504
200.0 519.54318
400.0 507.16156
600.0 532.61545
800.0 517.85065
1000.0 517.76302
1200.0 550.76181
1400.0 509.84427
1600.0 518.13194
1800.0 524.96181
2000.0 526.95512
2200.0 534.92812
2400.0 536.09921
2600.0 539.43521
2800.0 547.09549
3000.0 536.83011
3200.0 534.21204
3400.0 538.04812
3600.0 546.4821
3800.0 527.11556
4000.0 536.33723
4200.0 524.77484
4400.0 526.17682
4600.0 531.82862
4800.0 527.04081
5000.0 518.92129
5200.0 514.35594
5400.0 522.36127
5600.0 517.27455
5800.0 519.64375
6000.0 512.35006
6200.0 528.81464
6400.0 527.12415
6600.0 531.76194
6800.0 533.97846
7000.0 526.11684
7200.0 537.78902
7400.0 536.13089
7600.0 526.10842
7800.0 511.7738
8000.0 513.92122
8200.0 519.07315
8400.0 530.95835
8600.0 520.65053
8800.0 520.78449
9000.0 525.84076
9200.0 543.11766
9400.0 529.94396
9600.0 535.4705
9800.0 541.12109
10000.0 529.52657
10200.0 540.2016
10400.0 518.00067
10600.0 521.64974
10800.0 540.67218
11000.0 509.95929
11200.0 508.94382
11400.0 519.15071
11600.0 533.75463
11800.0 521.23904
12000.0 544.14917
12200.0 525.7055
12400.0 526.36347
12600.0 508.3414
12800.0 510.07458
13000.0 529.75819
13200.0 529.80505
13400.0 521.08512
13600.0 510.51191
13800.0 516.60104
14000.0 532.08859
14200.0 507.67198
14400.0 524.95208
14600.0 535.15965
14800.0 525.4148
15000.0 521.67343
15200.0 545.49144
15400.0 523.53859
15600.0 525.59486
15800.0 521.47797
16000.0 539.67733
16200.0 526.44523
16400.0 524.76308
16600.0 518.95145
16800.0 519.76763
17000.0 505.9396
17200.0 508.27484
17400.0 537.09836
17600.0 519.77715
17800.0 530.40448
18000.0 527.22118
18200.0 515.52544
18400.0 532.87381
18600.0 525.01616
18800.0 527.60134
19000.0 531.44925
19200.0 539.8298
19400.0 539.20563
19600.0 543.35807
19800.0 537.48286
20000.0 542.34278
20200.0 526.81215
20400.0 529.45976
20600.0 542.64585
20800.0 524.58733
21000.0 502.7162
21200.0 534.07722
21400.0 525.8334
21600.0 512.64001
21800.0 519.23418
22000.0 523.90966
22200.0 545.15224
22400.0 531.2229
22600.0 527.69549
22800.0 531.2121
23000.0 531.37998
23200.0 532.52029
23400.0 504.56602
23600.0 522.92782
23800.0 534.54533
24000.0 512.21705
24200.0 527.12333
24400.0 506.53532
24600.0 504.85786
24800.0 534.68631
25000.0 521.62572
25200.0 507.8933
25400.0 535.08491
25600.0 531.90328
25800.0 533.98631
26000.0 529.22056
26200.0 522.13091
26400.0 517.49027
26600.0 530.87344
26800.0 521.01673
27000.0 507.84155
27200.0 520.28534
27400.0 529.53753
27600.0 523.29624
27800.0 500.63273
28000.0 514.56462
28200.0 529.36705
28400.0 534.28174
28600.0 500.2007
28800.0 507.64993
29000.0 522.70838
29200.0 531.69455
29400.0 528.25833
29600.0 526.00691
29800.0 528.2645
30000.0 526.76295
30200.0 533.08274
30400.0 526.86683
30600.0 509.55822
30800.0 541.46563
31000.0 503.07314
31200.0 515.84123
31400.0 518.99467
31600.0 526.08115
31800.0 511.62959
32000.0 534.1322
32200.0 523.38965
32400.0 532.0309
32600.0 528.83339
32800.0 525.22839
33000.0 536.92203
33200.0 539.25058
33400.0 517.23714
33600.0 531.9893
33800.0 517.86841
34000.0 521.55172
34200.0 529.29304
34400.0 516.97116
34600.0 520.50092
34800.0 527.03829
35000.0 510.63677
35200.0 532.82727
35400.0 538.9739
35600.0 532.93992
35800.0 527.63051
36000.0 547.93425
36200.0 531.13663
36400.0 526.89868
36600.0 536.58197
36800.0 518.43197
37000.0 519.35407
37200.0 539.31553
37400.0 531.71735
37600.0 523.95088
37800.0 526.49139
38000.0 523.47881
38200.0 514.6222
38400.0 520.5004
38600.0 508.94096
38800.0 522.66684
39000.0 531.81777
39200.0 517.83138
39400.0 527.03724
39600.0 536.17122
39800.0 520.01016
40000.0 525.33649
40200.0 523.44521
40400.0 535.17347
40600.0 518.60981
40800.0 526.56386
41000.0 535.81189
41200.0 499.35646
41400.0 510.74907
41600.0 523.05639
41800.0 516.34774
42000.0 515.43849
42200.0 510.36025
42400.0 535.07191
42600.0 533.41109
42800.0 522.43595
43000.0 521.73658
43200.0 523.65569
43400.0 532.74577
43600.0 520.68812
43800.0 533.55952
44000.0 523.07393
44200.0 521.96688
44400.0 520.31043
44600.0 506.30825
44800.0 526.05119
45000.0 519.35701
45200.0 516.88094
45400.0 511.39003
45600.0 502.19502
45800.0 509.91684
46000.0 499.2699
46200.0 531.69569
46400.0 525.0438
46600.0 522.72452
46800.0 521.29835
47000.0 518.15371
47200.0 536.60225
47400.0 524.54334
47600.0 536.26688
47800.0 524.74596
48000.0 531.45637
48200.0 524.19377
48400.0 511.81265
48600.0 522.93142
48800.0 532.6534
49000.0 519.90431
49200.0 519.36639
49400.0 511.84728
49600.0 513.93756
49800.0 521.65387
50000.0 519.50779
50200.0 527.491
50400.0 529.91828
50600.0 510.15367
50800.0 530.08174
51000.0 545.94431
51200.0 536.73965
51400.0 522.47399
51600.0 531.1105
51800.0 520.27658
52000.0 528.86715
52200.0 527.73337
52400.0 522.43646
52600.0 510.5906
52800.0 526.36738
53000.0 509.15516
53200.0 512.31002
53400.0 512.33767
53600.0 495.89365
53800.0 507.1924
54000.0 517.28583
54200.0 507.90898
54400.0 521.79781
54600.0 508.32724
54800.0 508.63458
55000.0 524.68702
55200.0 521.13283
55400.0 522.81398
55600.0 519.24782
55800.0 545.74797
56000.0 530.05887
56200.0 520.75557
56400.0 524.20695
56600.0 527.53076
56800.0 514.12017
57000.0 526.30425
57200.0 519.02761
57400.0 525.0503
57600.0 519.15215
57800.0 504.27636
58000.0 515.8292
58200.0 514.63245
58400.0 516.28381
58600.0 529.93444
58800.0 511.01446
59000.0 525.03338
59200.0 514.83284
59400.0 523.79212
59600.0 520.42651
59800.0 529.38703
60000.0 525.38067
60200.0 514.04754
60400.0 537.79665
60600.0 564.57097
60800.0 527.6302
61000.0 502.81427
61200.0 529.4452
61400.0 532.38177
61600.0 526.60537
61800.0 522.96351
62000.0 510.9114
62200.0 514.80589
62400.0 531.98823
62600.0 526.50436
62800.0 512.0199
63000.0 526.66703
63200.0 530.87601
63400.0 530.97385
63600.0 534.06623
63800.0 533.84558
64000.0 538.20106
64200.0 521.47638
64400.0 522.98178
64600.0 520.41285
64800.0 528.9892
65000.0 517.09834
65200.0 525.16144
65400.0 523.72459
65600.0 524.17826
65800.0 525.97004
66000.0 523.63873
66200.0 523.80299
66400.0 541.84081
66600.0 525.5275
66800.0 530.36193
67000.0 531.004
67200.0 538.64156
67400.0 524.92137
67600.0 516.77022
67800.0 527.2172
68000.0 524.33151
68200.0 511.23252
68400.0 524.06642
68600.0 529.62648
68800.0 524.56121
69000.0 512.56928
69200.0 526.02909
69400.0 521.35569
69600.0 532.47711
69800.0 513.83558
70000.0 541.77122
70200.0 537.60437
70400.0 533.52246
70600.0 534.25757
70800.0 535.44834
71000.0 526.24361
71200.0 533.57014
71400.0 520.98705
71600.0 528.03842
71800.0 521.44353
72000.0 508.32022
72200.0 513.89797
72400.0 518.22262
72600.0 541.02543
72800.0 522.35356
73000.0 530.61395
73200.0 538.46317
73400.0 511.76004
73600.0 516.03023
73800.0 526.35405
74000.0 523.25067
74200.0 518.5447
74400.0 515.34179
74600.0 515.48779
74800.0 511.31116
75000.0 522.67321
75200.0 528.73208
75400.0 517.91244
75600.0 527.76914
75800.0 528.90381
76000.0 532.96409
76200.0 528.76586
76400.0 531.59797
76600.0 522.16634
76800.0 534.58986
77000.0 526.82447
77200.0 521.39298
77400.0 525.37708
77600.0 524.90438
77800.0 518.21237
78000.0 517.20848
78200.0 520.7574
78400.0 530.32189
78600.0 513.93008
78800.0 533.82359
79000.0 528.39478
79200.0 518.86051
79400.0 515.93644
79600.0 537.44651
79800.0 517.98473
80000.0 536.21731
80200.0 546.23613
80400.0 524.0845
80600.0 539.17579
80800.0 541.22765
81000.0 533.21251
81200.0 525.00164
81400.0 526.78825
81600.0 520.61477
81800.0 520.20466
82000.0 525.90826
82200.0 535.33798
82400.0 527.11731
82600.0 520.04486
82800.0 503.00092
83000.0 521.03015
83200.0 529.32295
83400.0 537.60447
83600.0 517.72498
83800.0 528.28549
84000.0 533.06456
84200.0 539.06522
84400.0 547.84208
84600.0 527.33629
84800.0 530.01854
85000.0 530.77755
85200.0 521.79037
85400.0 518.19205
85600.0 527.8728
85800.0 518.68575
86000.0 512.95209
86200.0 510.49206
86400.0 542.68327
86600.0 531.83826
86800.0 526.35857
87000.0 536.86861
87200.0 542.20653
87400.0 524.66372
87600.0 528.92755
87800.0 543.58431
88000.0 529.12297
88200.0 514.40091
88400.0 514.30245
88600.0 527.90215
88800.0 530.84955
89000.0 524.15922
89200.0 505.66781
89400.0 528.60627
89600.0 528.08315
89800.0 521.24621
90000.0 531.16011
90200.0 545.09015
90400.0 534.93626
90600.0 519.33778
90800.0 526.06079
91000.0 523.11699
91200.0 528.06251
91400.0 519.00205
91600.0 512.92338
91800.0 515.23542
92000.0 513.47215
92200.0 520.61287
92400.0 515.42797
92600.0 517.90886
92800.0 525.28057
93000.0 519.06769
93200.0 543.82278
93400.0 526.30756
93600.0 525.60787
93800.0 517.18093
94000.0 533.65194
94200.0 526.93882
94400.0 527.1366
94600.0 515.74434
94800.0 520.40278
95000.0 512.26961
95200.0 516.28787
95400.0 515.27487
95600.0 514.29753
95800.0 515.43982
96000.0 522.49536
96200.0 527.39237
96400.0 528.55645
96600.0 515.75177
96800.0 525.06622
97000.0 542.41192
97200.0 522.89719
97400.0 517.78489
97600.0 521.11948
97800.0 518.48113
98000.0 537.91712
98200.0 510.65912
98400.0 512.97239
98600.0 518.1204
98800.0 501.26021
99000.0 513.05562
99200.0 524.17996
99400.0 526.41197
99600.0 511.24626
99800.0 517.03147
100000.0 530.88744
