0.0 -13.134001
200.0 -23.596494
400.0 77.47576
600.0 -62.096861
800.0 4.9586782
1000.0 22.861217
1200.0 -17.906218
1400.0 8.7087065
1600.0 0.24845104
1800.0 33.023592
2000.0 -70.288317
2200.0 44.792962
2400.0 -14.863074
2600.0 -32.518746
2800.0 77.996134
3000.0 -69.591321
3200.0 -15.854285
3400.0 64.302222
3600.0 -47.321457
3800.0 -19.321477
4000.0 52.460181
4200.0 -13.604322
4400.0 -26.653001
4600.0 28.597724
4800.0 5.1203499
5000.0 -53.747523
5200.0 40.346677
5400.0 3.4485919
5600.0 4.9060149
5800.0 5.6783156
6000.0 -31.679796
6200.0 49.785091
6400.0 -15.899553
6600.0 -15.477564
6800.0 30.258547
7000.0 38.016414
7200.0 -102.04178
7400.0 84.289266
7600.0 -20.427831
7800.0 10.856491
8000.0 -35.069345
8200.0 19.200346
8400.0 -3.1016963
8600.0 26.25475
8800.0 -24.735104
9000.0 -11.970742
9200.0 11.627886
9400.0 -1.4748323
9600.0 14.899797
9800.0 -17.829392
10000.0 4.9673772
10200.0 -9.876898
10400.0 23.59104
10600.0 -8.2206898
10800.0 -12.929356
11000.0 18.290184
11200.0 -33.035718
11400.0 58.283682
11600.0 -8.3654791
11800.0 -21.773395
12000.0 21.639209
12200.0 -21.169278
12400.0 6.5670736
12600.0 5.5322067
12800.0 30.771199
13000.0 -57.537609
13200.0 -13.248638
13400.0 26.434792
13600.0 -25.868567
13800.0 4.472488
14000.0 5.5781548
14200.0 11.168135
14400.0 9.1051221
14600.0 2.242315
14800.0 11.935468
15000.0 -0.77939326
15200.0 21.239077
15400.0 -42.527037
15600.0 29.226274
15800.0 -10.499359
16000.0 -22.260291
16200.0 58.934467
16400.0 -71.502867
16600.0 21.457865
16800.0 10.322124
17000.0 -30.809865
17200.0 11.44459
17400.0 32.111634
17600.0 -39.576957
17800.0 14.350974
18000.0 -5.2899585
18200.0 3.2228975
18400.0 -39.406708
18600.0 53.267789
18800.0 -12.157966
19000.0 -47.039528
19200.0 73.792875
19400.0 11.109641
19600.0 -115.1824
19800.0 136.45662
20000.0 -43.910751
20200.0 -52.908404
20400.0 64.111957
20600.0 -14.427693
20800.0 6.6362357
21000.0 5.2005092
21200.0 -24.117123
21400.0 6.6358694
21600.0 51.496517
21800.0 -90.901399
22000.0 77.544794
22200.0 -22.890243
22400.0 -25.145589
22600.0 60.132349
22800.0 -18.922514
23000.0 9.8863797
23200.0 -15.168287
23400.0 27.177753
23600.0 -15.432605
23800.0 9.4225197
24000.0 -33.73063
24200.0 60.275785
24400.0 -5.7995888
24600.0 -41.459201
24800.0 16.129631
25000.0 23.688736
25200.0 -46.474542
25400.0 39.633606
25600.0 23.051652
25800.0 -54.567356
26000.0 52.895173
26200.0 20.149083
26400.0 -42.432803
26600.0 23.335931
26800.0 -14.731631
27000.0 7.0378313
27200.0 19.398115
27400.0 2.245661
27600.0 -43.268009
27800.0 23.093159
28000.0 -0.32857642
28200.0 -3.297033
28400.0 21.765413
28600.0 -27.291892
28800.0 -6.7530276
29000.0 37.209596
29200.0 -28.703482
29400.0 -15.590588
29600.0 32.262579
29800.0 13.454061
30000.0 -67.524351
30200.0 108.29795
30400.0 -58.879905
30600.0 -23.489623
30800.0 63.52306
31000.0 -56.339707
31200.0 32.14
31400.0 -19.218773
31600.0 -1.4535956
31800.0 9.3057881
32000.0 -35.658873
32200.0 22.654379
32400.0 -1.2943019
32600.0 -5.2266419
32800.0 -25.715972
33000.0 13.53841
33200.0 5.0761597
33400.0 4.3958766
33600.0 -12.17077
33800.0 36.976997
34000.0 -60.695318
34200.0 49.731008
34400.0 1.4194235
34600.0 -30.518531
34800.0 4.2505601
35000.0 24.650435
35200.0 -61.86247
35400.0 79.666349
35600.0 -14.368485
35800.0 -9.030056
36000.0 65.102322
36200.0 -66.673475
36400.0 18.64986
36600.0 25.71221
36800.0 -38.781361
37000.0 43.589695
37200.0 -17.134748
37400.0 -19.687418
37600.0 64.123828
37800.0 -81.80002
38000.0 63.634176
38200.0 20.579978
38400.0 -73.717536
38600.0 66.422125
38800.0 -16.304462
39000.0 -23.688695
39200.0 46.680045
39400.0 -28.034914
39600.0 15.199225
39800.0 22.432374
40000.0 -30.735832
40200.0 12.327519
40400.0 -10.65019
40600.0 -48.193461
40800.0 94.538006
41000.0 -80.264737
41200.0 34.076324
41400.0 16.687376
41600.0 -34.935868
41800.0 28.424781
42000.0 -23.921088
42200.0 22.909882
42400.0 -12.567547
42600.0 8.887209
42800.0 1.8941115
43000.0 18.531008
43200.0 -20.454213
43400.0 -10.783369
43600.0 50.998248
43800.0 0.33411107
44000.0 -15.959519
44200.0 3.7854661
44400.0 52.874396
44600.0 -41.327008
44800.0 12.028917
45000.0 17.816841
45200.0 2.0461552
45400.0 -39.822105
45600.0 66.687749
45800.0 -10.138035
46000.0 -43.233578
46200.0 25.340915
46400.0 -12.547988
46600.0 39.29108
46800.0 -60.211197
47000.0 -20.732472
47200.0 62.824351
47400.0 -38.241081
47600.0 -5.9186493
47800.0 32.183755
48000.0 -26.312566
48200.0 45.828918
48400.0 -60.021817
48600.0 28.007262
48800.0 4.2443365
49000.0 -4.1214623
49200.0 -38.485234
49400.0 87.850525
49600.0 -97.715015
49800.0 74.729842
50000.0 -19.06882
50200.0 -61.812432
50400.0 65.516829
50600.0 -0.36279151
50800.0 -87.280325
51000.0 58.087681
51200.0 -14.259552
51400.0 10.835986
51600.0 16.858031
51800.0 -4.7186953
52000.0 -35.905181
52200.0 22.324657
52400.0 30.328599
52600.0 -42.085984
52800.0 25.478078
53000.0 -1.4151119
53200.0 -8.020324
53400.0 -11.859866
53600.0 -48.006662
53800.0 108.92666
54000.0 -93.431418
54200.0 23.560386
54400.0 31.682164
54600.0 -46.505969
54800.0 18.607019
55000.0 45.865806
55200.0 -53.605945
55400.0 2.7908513
55600.0 26.507197
55800.0 -45.887195
56000.0 9.6291022
56200.0 26.363374
56400.0 -17.632046
56600.0 -14.145058
56800.0 10.396051
57000.0 12.9996
57200.0 -38.219424
57400.0 72.027923
57600.0 -36.65819
57800.0 -21.098878
58000.0 64.684969
58200.0 -28.92451
58400.0 -57.335332
58600.0 74.235356
58800.0 -72.568071
59000.0 46.426248
59200.0 -1.3144944
59400.0 -3.3463267
59600.0 28.000156
59800.0 -36.713135
60000.0 23.591182
60200.0 3.1394575
60400.0 -7.1287924
60600.0 -19.44965
60800.0 39.207843
61000.0 20.52959
61200.0 -56.051132
61400.0 66.282636
61600.0 -55.709888
61800.0 -0.64477908
62000.0 53.743732
62200.0 -5.2012495
62400.0 -66.649116
62600.0 111.78376
62800.0 -60.88976
63000.0 5.9142284
63200.0 49.373432
63400.0 -62.058418
63600.0 39.748051
63800.0 -16.200267
64000.0 -20.978484
64200.0 41.897753
64400.0 -6.8179262
64600.0 -4.3946841
64800.0 -23.174685
65000.0 5.8580972
65200.0 31.917586
65400.0 -72.931454
65600.0 56.695091
65800.0 11.501506
66000.0 -27.790774
66200.0 2.4747806
66400.0 62.40976
66600.0 -57.900415
66800.0 -19.529026
67000.0 70.307655
67200.0 -48.422456
67400.0 39.062699
67600.0 -8.8130883
67800.0 0.99511796
68000.0 40.085425
68200.0 -56.927361
68400.0 70.150288
68600.0 -27.508243
68800.0 -6.8847868
69000.0 -28.136276
69200.0 45.791641
69400.0 -16.49917
69600.0 -21.401263
69800.0 24.310839
70000.0 8.683655
70200.0 19.321766
70400.0 -23.199454
70600.0 -6.4183045
70800.0 12.945943
71000.0 -26.021082
71200.0 22.780803
71400.0 -66.374113
71600.0 104.60788
71800.0 -77.503802
72000.0 63.652996
72200.0 -35.210414
72400.0 5.1645956
72600.0 28.328454
72800.0 -52.783703
73000.0 -1.0312907
73200.0 63.655871
73400.0 -20.111415
73600.0 -18.248996
73800.0 49.737345
74000.0 -53.039278
74200.0 -4.6329299
74400.0 9.6590182
74600.0 3.739263
74800.0 22.074512
75000.0 -55.469621
75200.0 75.888342
75400.0 -62.155334
75600.0 -4.6604732
75800.0 32.334692
76000.0 -36.03859
76200.0 -0.86758427
76400.0 -7.7140577
76600.0 27.525274
76800.0 -13.282673
77000.0 16.740046
77200.0 -25.422836
77400.0 36.156175
77600.0 -6.8636269
77800.0 -14.022914
78000.0 -3.731984
78200.0 -24.275687
78400.0 53.398293
78600.0 -48.324483
78800.0 51.863018
79000.0 -14.590698
79200.0 -35.396557
79400.0 47.357453
79600.0 -14.805138
79800.0 -47.484428
80000.0 90.175664
80200.0 -70.477902
80400.0 38.062024
80600.0 26.516531
80800.0 -12.955774
81000.0 33.758608
81200.0 -34.859983
81400.0 16.630624
81600.0 21.627425
81800.0 -4.1564006
82000.0 -43.510883
82200.0 61.017478
82400.0 -41.314173
82600.0 2.7658393
82800.0 12.940709
83000.0 6.5778917
83200.0 16.285196
83400.0 -42.23439
83600.0 15.285691
83800.0 47.530817
84000.0 -16.527996
84200.0 -31.276769
84400.0 13.879329
84600.0 71.633172
84800.0 -64.224002
85000.0 31.305882
85200.0 -41.653764
85400.0 31.834004
85600.0 -17.982507
85800.0 -15.406287
86000.0 36.502916
86200.0 -22.212817
86400.0 -21.515228
86600.0 69.441743
86800.0 -73.283952
87000.0 35.987507
87200.0 41.400592
87400.0 -66.718899
87600.0 54.49106
87800.0 17.387449
88000.0 -37.875643
88200.0 15.304231
88400.0 9.5520543
88600.0 -23.473788
88800.0 41.657437
89000.0 -21.994702
89200.0 20.006626
89400.0 -20.578484
89600.0 -17.073456
89800.0 59.771422
90000.0 -101.25149
90200.0 74.992943
90400.0 18.603127
90600.0 -84.580726
90800.0 101.62681
91000.0 -61.351884
91200.0 11.793355
91400.0 42.509417
91600.0 -37.403633
91800.0 -5.1327846
92000.0 71.12085
92200.0 -70.494767
92400.0 25.349122
92600.0 -0.011407659
92800.0 -4.1382335
93000.0 -22.459612
93200.0 56.460308
93400.0 -57.126944
93600.0 55.677977
93800.0 -2.1677906
94000.0 -46.239399
94200.0 54.093607
94400.0 -6.6506804
94600.0 -8.2115926
94800.0 -39.973546
95000.0 72.251897
95200.0 -32.161665
95400.0 -20.604064
95600.0 33.491263
95800.0 -34.77325
96000.0 39.049862
96200.0 9.0925168
96400.0 3.1765186
96600.0 -54.87869
96800.0 71.015752
97000.0 10.797278
97200.0 -15.258637
97400.0 11.196103
97600.0 -34.586761
97800.0 30.363298
98000.0 24.671141
98200.0 -44.024877
98400.0 -6.1345551
98600.0 93.595373
98800.0 -79.633573
99000.0 6.7375685
99200.0 24.169889
99400.0 -47.632227
99600.0 31.970559
99800.0 -21.417505
100000.0 16.230287
