0.0 0.0047572234
200.0 0.0048029987
400.0 0.004816849
600.0 0.0048042517
800.0 0.0047713371
1000.0 0.004732646
1200.0 0.0047010181
1400.0 0.0046814995
1600.0 0.0046748887
1800.0 0.0046770373
2000.0 0.0046794391
2200.0 0.0046801384
2400.0 0.004680044
2600.0 0.0046794275
2800.0 0.0046775052
3000.0 0.0046756733
3200.0 0.0046780087
3400.0 0.0046906554
3600.0 0.0047144446
3800.0 0.004743605
4000.0 0.0047712158
4200.0 0.0047908813
4400.0 0.0047992794
4600.0 0.004791824
4800.0 0.0047734702
5000.0 0.0047544705
5200.0 0.0047431416
5400.0 0.0047421674
5600.0 0.0047435472
5800.0 0.0047284544
6000.0 0.0046825117
6200.0 0.0046136504
6400.0 0.0045474809
6600.0 0.0045064539
6800.0 0.0045019957
7000.0 0.0045306855
7200.0 0.0045768165
7400.0 0.0046239179
7600.0 0.0046552454
7800.0 0.0046643633
8000.0 0.0046591638
8200.0 0.0046496841
8400.0 0.0046429872
8600.0 0.0046477067
8800.0 0.0046662089
9000.0 0.0046998852
9200.0 0.0047504428
9400.0 0.0048104914
9600.0 0.0048636864
9800.0 0.0048959038
10000.0 0.0049065035
10200.0 0.0049006286
10400.0 0.0048816531
10600.0 0.0048507903
10800.0 0.0048062105
11000.0 0.0047459546
11200.0 0.0046799895
11400.0 0.0046219471
11600.0 0.0045809662
11800.0 0.0045578611
12000.0 0.0045537519
12200.0 0.0045635297
12400.0 0.0045837708
12600.0 0.0046122484
12800.0 0.0046446774
13000.0 0.00468224
13200.0 0.0047349851
13400.0 0.0048096905
13600.0 0.0048990518
13800.0 0.0049718071
14000.0 0.0050025726
14200.0 0.0049939313
14400.0 0.0049543438
14600.0 0.0048950505
14800.0 0.0048329657
15000.0 0.0047831532
15200.0 0.0047440671
15400.0 0.004708379
15600.0 0.004672526
15800.0 0.0046401189
16000.0 0.0046179318
16200.0 0.0046070224
16400.0 0.0046081716
16600.0 0.0046216391
16800.0 0.0046504592
17000.0 0.0046914204
17200.0 0.0047345399
17400.0 0.0047662251
17600.0 0.0047775425
17800.0 0.0047656022
18000.0 0.0047341953
18200.0 0.0046993518
18400.0 0.0046763556
18600.0 0.0046744287
18800.0 0.0046940913
19000.0 0.0047303803
19200.0 0.0047725187
19400.0 0.0048050059
19600.0 0.00481925
19800.0 0.0048115355
20000.0 0.0047774262
20200.0 0.0047184819
20400.0 0.0046521021
20600.0 0.0045981319
20800.0 0.0045695362
21000.0 0.0045658355
21200.0 0.0045748713
21400.0 0.0045795941
21600.0 0.0045886841
21800.0 0.004607113
22000.0 0.0046367731
22200.0 0.0046780109
22400.0 0.0047337003
22600.0 0.0047969831
22800.0 0.0048524993
23000.0 0.0048867576
23200.0 0.0048989103
23400.0 0.0048888934
23600.0 0.0048561847
23800.0 0.0048019289
24000.0 0.0047307692
24200.0 0.0046575273
24400.0 0.0045969225
24600.0 0.004556102
24800.0 0.0045367953
25000.0 0.0045377716
25200.0 0.0045544213
25400.0 0.0045803567
25600.0 0.0046136376
25800.0 0.0046579201
26000.0 0.0047103527
26200.0 0.0047641777
26400.0 0.0048127577
26600.0 0.0048526452
26800.0 0.0048784348
27000.0 0.0048906729
27200.0 0.0048872011
27400.0 0.0048650465
27600.0 0.0048253003
27800.0 0.0047752136
28000.0 0.0047212514
28200.0 0.0046725023
28400.0 0.0046366455
28600.0 0.0046148786
28800.0 0.004602459
29000.0 0.0045952877
29200.0 0.0045955414
29400.0 0.0046013049
29600.0 0.0046129829
29800.0 0.0046368998
30000.0 0.0046745864
30200.0 0.0047206376
30400.0 0.0047676342
30600.0 0.004811077
30800.0 0.0048469088
31000.0 0.0048744575
31200.0 0.0048933795
31400.0 0.0049024552
31600.0 0.0048982402
31800.0 0.0048728318
32000.0 0.0048235127
32200.0 0.0047505317
32400.0 0.0046612612
32600.0 0.0045752015
32800.0 0.0045103877
33000.0 0.0044799524
33200.0 0.0044824911
33400.0 0.0045113253
33600.0 0.0045579147
33800.0 0.0046140158
34000.0 0.0046672928
34200.0 0.0047083856
34400.0 0.0047373571
34600.0 0.0047612369
34800.0 0.0047887666
35000.0 0.0048189057
35200.0 0.0048428242
35400.0 0.0048501369
35600.0 0.004833957
35800.0 0.0047931419
36000.0 0.0047353443
36200.0 0.0046660696
36400.0 0.0046037657
36600.0 0.0045621873
36800.0 0.0045406935
37000.0 0.0045312646
37200.0 0.0045341831
37400.0 0.0045557133
37600.0 0.0045986611
37800.0 0.0046566325
38000.0 0.0047159039
38200.0 0.0047609346
38400.0 0.0047869264
38600.0 0.0047944905
38800.0 0.0047859409
39000.0 0.0047723783
39200.0 0.0047687634
39400.0 0.0047871499
39600.0 0.0048292952
39800.0 0.0048813079
40000.0 0.0049219518
40200.0 0.0049360998
40400.0 0.0049163116
40600.0 0.0048677981
40800.0 0.0048032048
41000.0 0.0047398012
41200.0 0.0046932835
41400.0 0.0046655219
41600.0 0.0046501293
41800.0 0.0046393153
42000.0 0.0046288414
42200.0 0.0046194879
42400.0 0.0046121908
42600.0 0.0046141662
42800.0 0.0046295291
43000.0 0.004654486
43200.0 0.0046837381
43400.0 0.0047121241
43600.0 0.0047356842
43800.0 0.0047480039
44000.0 0.0047478074
44200.0 0.0047374757
44400.0 0.0047215763
44600.0 0.0047026697
44800.0 0.0046750991
45000.0 0.0046413435
45200.0 0.0046010262
45400.0 0.00455051
45600.0 0.004492072
45800.0 0.0044402471
46000.0 0.0044114371
46200.0 0.0044167488
46400.0 0.0044603514
46600.0 0.0045347857
46800.0 0.0046140605
47000.0 0.0046781192
47200.0 0.0047276184
47400.0 0.0047669814
47600.0 0.004804336
47800.0 0.0048342587
48000.0 0.0048511555
48200.0 0.0048546297
48400.0 0.0048422044
48600.0 0.0048135327
48800.0 0.004772219
49000.0 0.0047244975
49200.0 0.0046736495
49400.0 0.0046341385
49600.0 0.0046095378
49800.0 0.0045901254
50000.0 0.0045592309
50200.0 0.0045234818
50400.0 0.0044962548
50600.0 0.0044873187
50800.0 0.0045032801
51000.0 0.004543098
51200.0 0.0045965164
51400.0 0.0046490052
51600.0 0.0046891137
51800.0 0.0047139884
52000.0 0.0047290488
52200.0 0.0047434718
52400.0 0.0047605905
52600.0 0.0047832329
52800.0 0.0048140335
53000.0 0.0048458412
53200.0 0.0048609939
53400.0 0.0048429242
53600.0 0.0047928754
53800.0 0.0047235261
54000.0 0.004663996
54200.0 0.0046301643
54400.0 0.0046244914
54600.0 0.0046383681
54800.0 0.0046542597
55000.0 0.0046635324
55200.0 0.0046613544
55400.0 0.0046472352
55600.0 0.0046284756
55800.0 0.0046146258
56000.0 0.0046166341
56200.0 0.0046395546
56400.0 0.0046800579
56600.0 0.0047299267
56800.0 0.0047733997
57000.0 0.0047981088
57200.0 0.0048035192
57400.0 0.0047940751
57600.0 0.0047754822
57800.0 0.0047568842
58000.0 0.0047441012
58200.0 0.0047391838
58400.0 0.0047413689
58600.0 0.0047389607
58800.0 0.0047148044
59000.0 0.0046648442
59200.0 0.0046027854
59400.0 0.0045512437
59600.0 0.0045253937
59800.0 0.0045334271
60000.0 0.0045713622
60200.0 0.0046257657
60400.0 0.0046739868
60600.0 0.0046984488
60800.0 0.0046949085
61000.0 0.0046726148
61200.0 0.0046422347
61400.0 0.0046191434
61600.0 0.0046117413
61800.0 0.0046232946
62000.0 0.0046561404
62200.0 0.0047008958
62400.0 0.0047413526
62600.0 0.0047616783
62800.0 0.0047605318
63000.0 0.0047481683
63200.0 0.0047331262
63400.0 0.0047190163
63600.0 0.0047117893
63800.0 0.0047116958
64000.0 0.0047151185
64200.0 0.0047141259
64400.0 0.0047027415
64600.0 0.0046804211
64800.0 0.004650484
65000.0 0.0046218327
65200.0 0.004604677
65400.0 0.0046098794
65600.0 0.0046463021
65800.0 0.0047173146
66000.0 0.0048042317
66200.0 0.004870202
66400.0 0.0048940124
66600.0 0.0048776498
66800.0 0.0048320048
67000.0 0.0047772888
67200.0 0.0047339116
67400.0 0.0047098012
67600.0 0.004704666
67800.0 0.0047125161
68000.0 0.0047231844
68200.0 0.0047259149
68400.0 0.0047184184
68600.0 0.0047045472
68800.0 0.0046897138
69000.0 0.0046769691
69200.0 0.0046688427
69400.0 0.0046697629
69600.0 0.0046810058
69800.0 0.0046971342
70000.0 0.0047069043
70200.0 0.0046997741
70400.0 0.0046722745
70600.0 0.0046300563
70800.0 0.0045914763
71000.0 0.0045776783
71200.0 0.0045968972
71400.0 0.0046483799
71600.0 0.0047194791
71800.0 0.00478368
72000.0 0.0048179586
72200.0 0.0048213237
72400.0 0.0048037785
72600.0 0.00477765
72800.0 0.0047532473
73000.0 0.0047361795
73200.0 0.0047266927
73400.0 0.0047225762
73600.0 0.0047145309
73800.0 0.0047042696
74000.0 0.0046942518
74200.0 0.004676831
74400.0 0.0046586668
74600.0 0.0046495161
74800.0 0.004651734
75000.0 0.0046669877
75200.0 0.0046943791
75400.0 0.0047291775
75600.0 0.0047639933
75800.0 0.0047868491
76000.0 0.0047859942
76200.0 0.0047642764
76400.0 0.0047312155
76600.0 0.0047002836
76800.0 0.0046837251
77000.0 0.00468785
77200.0 0.0047058345
77400.0 0.0047271055
77600.0 0.0047416188
77800.0 0.004740377
78000.0 0.0047219827
78200.0 0.0046910936
78400.0 0.004655936
78600.0 0.0046269099
78800.0 0.0046116344
79000.0 0.0046107686
79200.0 0.004620932
79400.0 0.0046416559
79600.0 0.0046715015
79800.0 0.0047036147
80000.0 0.0047291101
80200.0 0.004741153
80400.0 0.0047437466
80600.0 0.0047488017
80800.0 0.0047640828
81000.0 0.0047972581
81200.0 0.0048462368
81400.0 0.0048934353
81600.0 0.0049139355
81800.0 0.0048940421
82000.0 0.0048357901
82200.0 0.00475983
82400.0 0.0046952762
82600.0 0.0046601929
82800.0 0.0046563168
83000.0 0.0046718785
83200.0 0.0046860308
83400.0 0.0046909917
83600.0 0.0046852417
83800.0 0.0046690856
84000.0 0.0046503933
84200.0 0.0046401984
84400.0 0.0046484053
84600.0 0.0046798098
84800.0 0.0047347653
85000.0 0.0048017139
85200.0 0.0048568114
85400.0 0.0048767823
85600.0 0.004852465
85800.0 0.0047932771
86000.0 0.0047228964
86200.0 0.0046618396
86400.0 0.0046254731
86600.0 0.0046136437
86800.0 0.0046166638
87000.0 0.0046264229
87200.0 0.0046424413
87400.0 0.0046669062
87600.0 0.0047000789
87800.0 0.0047391014
88000.0 0.0047825116
88200.0 0.0048300875
88400.0 0.0048751852
88600.0 0.0049076343
88800.0 0.0049211941
89000.0 0.004913271
89200.0 0.0048829597
89400.0 0.0048296107
89600.0 0.0047598315
89800.0 0.0046896031
90000.0 0.0046309463
90200.0 0.0045881089
90400.0 0.0045607656
90600.0 0.0045489272
90800.0 0.0045529355
91000.0 0.0045727445
91200.0 0.004604106
91400.0 0.004641811
91600.0 0.0046792023
91800.0 0.004711213
92000.0 0.0047367542
92200.0 0.0047565077
92400.0 0.0047713745
92600.0 0.0047822655
92800.0 0.0047872173
93000.0 0.004782613
93200.0 0.0047651641
93400.0 0.0047318439
93600.0 0.0046829857
93800.0 0.0046287237
94000.0 0.004584693
94200.0 0.0045650306
94400.0 0.0045777878
94600.0 0.0046252206
94800.0 0.004695541
95000.0 0.0047589717
95200.0 0.0047877887
95400.0 0.0047754371
95600.0 0.0047349096
95800.0 0.0046841939
96000.0 0.0046418213
96200.0 0.0046182767
96400.0 0.0046133903
96600.0 0.0046215222
96800.0 0.0046411114
97000.0 0.0046661597
97200.0 0.0046857892
97400.0 0.0046951849
97600.0 0.0046946256
97800.0 0.0046930767
98000.0 0.0047045147
98200.0 0.0047330101
98400.0 0.0047768234
98600.0 0.0048315784
98800.0 0.0048827895
99000.0 0.0049142625
99200.0 0.0049162503
99400.0 0.0048862072
99600.0 0.0048313702
99800.0 0.0047697099
100000.0 0.0047193158
