0.0 5.1230523
200.0 84.343552
400.0 -33.89077
600.0 -93.463836
800.0 87.540626
1000.0 30.850548
1200.0 -29.026418
1400.0 -35.40757
1600.0 41.989861
1800.0 -13.037859
2000.0 -11.588636
2200.0 -19.199453
2400.0 76.342602
2600.0 -21.109364
2800.0 -44.632953
3000.0 -21.062903
3200.0 89.348054
3400.0 11.300676
3600.0 -92.110321
3800.0 -20.306794
4000.0 135.23571
4200.0 -11.480455
4400.0 -108.01107
4600.0 -3.1073969
4800.0 100.8123
5000.0 -8.8738621
5200.0 -80.628805
5400.0 4.2962785
5600.0 68.383769
5800.0 9.6251277
6000.0 -59.539005
6200.0 12.121938
6400.0 31.382572
6600.0 9.2654432
6800.0 -30.816476
7000.0 -5.703871
7200.0 17.133834
7400.0 22.934113
7600.0 -21.84764
7800.0 -49.890333
8000.0 63.234964
8200.0 47.99477
8400.0 -70.699892
8600.0 -37.616919
8800.0 85.788199
9000.0 0.59328309
9200.0 -79.652225
9400.0 3.2759212
9600.0 130.05277
9800.0 -32.9203
10000.0 -144.16454
10200.0 67.78399
10400.0 113.96099
10600.0 -47.513483
10800.0 -92.815299
11000.0 62.47103
11200.0 44.49534
11400.0 -44.668446
11600.0 -19.227403
11800.0 20.84928
12000.0 37.801129
12200.0 -52.661386
12400.0 1.5761928
12600.0 25.874972
12800.0 7.7402242
13000.0 1.9260307
13200.0 -11.936687
13400.0 -11.773645
13600.0 23.916067
13800.0 17.148299
14000.0 -18.033481
14200.0 -27.071106
14400.0 8.0838014
14600.0 41.128139
14800.0 1.7974521
15000.0 -31.030599
15200.0 -12.27533
15400.0 20.873619
15600.0 51.559365
15800.0 -62.424045
16000.0 -6.0475823
16200.0 35.139362
16400.0 31.317775
16600.0 -69.012431
16800.0 -14.886611
17000.0 69.245731
17200.0 3.4043271
17400.0 -73.903449
17600.0 13.892501
17800.0 84.605523
18000.0 -54.85249
18200.0 -58.91809
18400.0 65.833718
18600.0 44.583679
18800.0 -81.506787
19000.0 -18.317532
19200.0 64.492056
19400.0 44.472577
19600.0 -123.58649
19800.0 1.5064406
20000.0 122.93172
20200.0 -19.161276
20400.0 -93.796962
20600.0 35.93348
20800.0 63.278998
21000.0 -49.983117
21200.0 6.4376185
21400.0 -4.4431629
21600.0 -7.2098671
21800.0 21.264457
22000.0 16.294377
22200.0 -34.149664
22400.0 3.3161594
22600.0 40.498777
22800.0 -10.817884
23000.0 -44.734364
23200.0 1.1177612
23400.0 72.17441
23600.0 -30.676878
23800.0 -43.718066
24000.0 49.563305
24200.0 29.443399
24400.0 -39.481351
24600.0 -38.452447
24800.0 37.832885
25000.0 46.315705
25200.0 -34.786845
25400.0 -30.99262
25600.0 21.060598
25800.0 68.023278
26000.0 -48.203771
26200.0 -32.297629
26400.0 60.307715
26600.0 21.456943
26800.0 -64.064595
27000.0 22.233836
27200.0 18.04458
27400.0 10.750663
27600.0 -28.353739
27800.0 23.051307
28000.0 0.091666575
28200.0 8.8261801
28400.0 -29.690498
28600.0 21.187453
28800.0 -7.7931304
29000.0 8.6075549
29200.0 6.3096738
29400.0 -21.937488
29600.0 30.374943
29800.0 3.7004876
30000.0 -46.072678
30200.0 24.455528
30400.0 30.851829
30600.0 -29.309189
30800.0 -19.977868
31000.0 9.5185538
31200.0 60.646892
31400.0 -44.799797
31600.0 -51.521282
31800.0 50.476929
32000.0 50.016064
32200.0 -23.990447
32400.0 -58.546138
32600.0 36.781171
32800.0 37.019986
33000.0 -60.495059
33200.0 22.078993
33400.0 33.378911
33600.0 -6.7918809
33800.0 -48.621824
34000.0 13.834132
34200.0 66.787601
34400.0 -21.476137
34600.0 -92.217027
34800.0 50.739729
35000.0 66.412803
35200.0 -44.314018
35400.0 -43.532092
35600.0 36.29569
35800.0 26.776211
36000.0 5.1593053
36200.0 -42.624701
36400.0 2.231109
36600.0 57.551965
36800.0 -42.95236
37000.0 -12.716301
37200.0 58.399483
37400.0 -21.217506
37600.0 -61.404176
37800.0 49.358103
38000.0 75.597717
38200.0 -96.944259
38400.0 -8.7617057
38600.0 77.246478
38800.0 0.79959288
39000.0 -78.108441
39200.0 14.351291
39400.0 60.80604
39600.0 -5.067603
39800.0 -55.041417
40000.0 -25.754983
40200.0 105.31066
40400.0 44.233691
40600.0 -149.0913
40800.0 -5.0576469
41000.0 125.59343
41200.0 16.688701
41400.0 -106.0091
41600.0 15.398864
41800.0 39.631111
42000.0 18.490642
42200.0 -41.342436
42400.0 2.5978064
42600.0 11.364626
42800.0 37.20056
43000.0 -40.774909
43200.0 -29.233602
43400.0 55.083912
43600.0 36.787877
43800.0 -61.315676
44000.0 -27.599744
44200.0 37.007891
44400.0 70.94777
44600.0 -57.581432
44800.0 -61.223403
45000.0 35.623028
45200.0 86.558062
45400.0 -38.627322
45600.0 -86.876771
45800.0 51.384509
46000.0 14.480705
46200.0 -8.9332672
46400.0 -20.924403
46600.0 11.914596
46800.0 29.737065
47000.0 -12.862614
47200.0 -15.555522
47400.0 22.828336
47600.0 1.7176345
47800.0 -22.793638
48000.0 5.8002907
48200.0 51.482138
48400.0 -43.546309
48600.0 -34.623307
48800.0 60.742516
49000.0 10.054395
49200.0 -81.20864
49400.0 18.761116
49600.0 97.67618
49800.0 -20.819936
50000.0 -145.27631
50200.0 71.33024
50400.0 131.68214
50600.0 -60.168996
50800.0 -88.073326
51000.0 35.223592
51200.0 57.627771
51400.0 -13.240932
51600.0 -31.383057
51800.0 28.590913
52000.0 10.89128
52200.0 -20.572008
52400.0 -11.787779
52600.0 13.305423
52800.0 35.223263
53000.0 -42.619124
53200.0 17.040603
53400.0 -8.8779692
53600.0 -0.10913774
53800.0 9.5919632
54000.0 -1.9752136
54200.0 -12.621632
54400.0 1.77624
54600.0 20.504204
54800.0 8.8704507
55000.0 -25.201438
55200.0 2.2752981
55400.0 34.110571
55600.0 -18.512717
55800.0 -3.3920511
56000.0 -10.230631
56200.0 10.006983
56400.0 50.130263
56600.0 -37.760824
56800.0 -25.153373
57000.0 28.401569
57200.0 68.172737
57400.0 -58.057646
57600.0 -70.505622
57800.0 83.361037
58000.0 41.437106
58200.0 -72.04199
58400.0 -11.145296
58600.0 57.816851
58800.0 -6.4010147
59000.0 -31.511825
59200.0 0.16313787
59400.0 19.389092
59600.0 21.88424
59800.0 -12.762164
60000.0 -32.015508
60200.0 11.479855
60400.0 31.49135
60600.0 7.9392021
60800.0 -55.473464
61000.0 42.860793
61200.0 8.3631971
61400.0 -36.107422
61600.0 -20.930417
61800.0 63.380671
62000.0 12.472038
62200.0 -68.781204
62400.0 2.4785775
62600.0 62.024218
62800.0 -27.285838
63000.0 -21.743862
63200.0 39.137396
63400.0 20.169569
63600.0 -39.889231
63800.0 -76.401754
64000.0 107.72397
64200.0 56.096979
64400.0 -109.17108
64600.0 -24.444174
64800.0 80.762136
65000.0 11.879646
65200.0 -44.98012
65400.0 -17.399589
65600.0 59.87422
65800.0 21.210885
66000.0 -82.713087
66200.0 23.514379
66400.0 57.672286
66600.0 -13.829428
66800.0 -58.209721
67000.0 36.333321
67200.0 50.585323
67400.0 -45.804751
67600.0 -8.496842
67800.0 56.043217
68000.0 -20.470867
68200.0 -58.588364
68400.0 51.425262
68600.0 35.000435
68800.0 -62.678191
69000.0 -44.079944
69200.0 95.651063
69400.0 -3.2774951
69600.0 -83.827637
69800.0 29.808405
70000.0 83.681191
70200.0 -30.608469
70400.0 -76.900342
70600.0 26.518132
70800.0 106.42992
71000.0 -60.242304
71200.0 -84.613234
71400.0 51.114328
71600.0 95.005654
71800.0 -73.143049
72000.0 -52.405097
72200.0 49.32292
72400.0 39.78805
72600.0 -31.606312
72800.0 -34.506743
73000.0 27.994672
73200.0 11.129956
73400.0 1.9905364
73600.0 -33.736174
73800.0 3.8760524
74000.0 55.724904
74200.0 0.20523859
74400.0 -67.029729
74600.0 40.75664
74800.0 46.973307
75000.0 -46.483441
75200.0 -44.720644
75400.0 86.409539
75600.0 -4.3606744
75800.0 -66.630965
76000.0 -16.441962
76200.0 118.44563
76400.0 -35.530173
76600.0 -66.112551
76800.0 37.150769
77000.0 22.819799
77200.0 -6.0929832
77400.0 -23.500923
77600.0 15.164662
77800.0 13.079212
78000.0 -21.153255
78200.0 6.355338
78400.0 14.746416
78600.0 -14.048978
78800.0 -1.8692724
79000.0 4.9020156
79200.0 -7.4456862
79400.0 -13.107851
79600.0 36.644806
79800.0 -25.035748
80000.0 -1.0920725
80200.0 8.8359192
80400.0 -30.368391
80600.0 49.282962
80800.0 34.106494
81000.0 -59.641369
81200.0 -50.471379
81400.0 93.787135
81600.0 34.814452
81800.0 -83.273347
82000.0 -18.944934
82200.0 89.332362
82400.0 -6.5666631
82600.0 -56.725929
82800.0 -10.698472
83000.0 58.500445
83200.0 19.448548
83400.0 -64.164532
83600.0 -5.5518579
83800.0 81.211897
84000.0 -10.586484
84200.0 -65.315912
84400.0 40.301152
84600.0 35.070355
84800.0 -35.370962
85000.0 -14.488704
85200.0 22.510932
85400.0 -1.6537721
85600.0 -9.0957812
85800.0 -1.9457622
86000.0 19.587879
86200.0 13.128575
86400.0 -9.0514303
86600.0 -14.943338
86800.0 27.781694
87000.0 33.692115
87200.0 -64.869055
87400.0 -4.9870252
87600.0 91.205941
87800.0 -7.8463567
88000.0 -86.92676
88200.0 15.743904
88400.0 104.58675
88600.0 -22.086648
88800.0 -123.73427
89000.0 33.122023
89200.0 145.04027
89400.0 -55.67363
89600.0 -104.4146
89800.0 51.359586
90000.0 46.414416
90200.0 -12.661014
90400.0 -17.212596
90600.0 -7.0639272
90800.0 30.975919
91000.0 -21.132166
91200.0 -15.169188
91400.0 35.706382
91600.0 15.843206
91800.0 -47.472619
92000.0 -0.41888175
92200.0 48.039362
92400.0 5.8174148
92600.0 -47.031203
92800.0 -22.059155
93000.0 101.02809
93200.0 -19.469245
93400.0 -89.224238
93600.0 5.2289272
93800.0 119.19355
94000.0 -34.750813
94200.0 -92.05449
94400.0 25.675336
94600.0 57.313729
94800.0 -23.943292
95000.0 -37.549504
95200.0 1.2385348
95400.0 30.626735
95600.0 3.2824947
95800.0 -42.531763
96000.0 -8.7775743
96200.0 57.731398
96400.0 2.3705581
96600.0 -32.971599
96800.0 -22.073028
97000.0 27.992994
97200.0 45.363764
97400.0 -45.824587
97600.0 -29.438776
97800.0 43.806022
98000.0 74.323555
98200.0 -71.401186
98400.0 -64.923234
98600.0 93.478523
98800.0 49.710665
99000.0 -106.27649
99200.0 -32.413814
99400.0 80.034898
99600.0 20.373946
99800.0 -44.579165
100000.0 -23.40395
