0.0 -12.309091
200.0 39.712203
400.0 -91.25855
600.0 113.87495
800.0 -44.853876
1000.0 -69.834916
1200.0 116.9275
1400.0 -77.167263
1600.0 10.710769
1800.0 60.723426
2000.0 -72.974355
2200.0 73.791832
2400.0 -25.931252
2600.0 -29.916598
2800.0 62.402872
3000.0 -62.418711
3200.0 37.490937
3400.0 4.3757941
3600.0 -34.359732
3800.0 31.112487
4000.0 13.396092
4200.0 -49.669046
4400.0 21.436421
4600.0 62.959256
4800.0 -103.49769
5000.0 108.20934
5200.0 -55.009558
5400.0 -52.352429
5600.0 124.15417
5800.0 -112.60343
6000.0 46.530979
6200.0 20.298338
6400.0 -44.269149
6600.0 28.858518
6800.0 3.9739752
7000.0 -18.255334
7200.0 35.84438
7400.0 -49.163106
7600.0 42.856016
7800.0 -23.336251
8000.0 17.541267
8200.0 -16.371888
8400.0 21.237138
8600.0 -22.432529
8800.0 -2.6953618
9000.0 66.080243
9200.0 -106.16744
9400.0 53.748937
9600.0 29.510886
9800.0 -111.25465
10000.0 182.40924
10200.0 -143.18711
10400.0 33.15284
10600.0 45.686151
10800.0 -98.04742
11000.0 96.307422
11200.0 -25.346111
11400.0 -40.135701
11600.0 39.508059
11800.0 -16.043114
12000.0 -16.517984
12200.0 22.423266
12400.0 5.8113593
12600.0 -18.549862
12800.0 11.26623
13000.0 1.2683322
13200.0 -21.174687
13400.0 20.419159
13600.0 13.422664
13800.0 -2.7133216
14000.0 2.1934529
14200.0 -6.6948639
14400.0 13.124804
14600.0 13.320076
14800.0 -44.31745
15000.0 36.226338
15200.0 -8.4616427
15400.0 7.2056053
15600.0 49.191919
15800.0 -85.783193
16000.0 43.370381
16200.0 23.834677
16400.0 -83.465416
16600.0 102.69601
16800.0 -23.532816
17000.0 -26.574289
17200.0 23.401853
17400.0 -43.040409
17600.0 14.634838
17800.0 39.726922
18000.0 -17.382159
18200.0 -5.9520055
18400.0 18.035015
18600.0 -40.746233
18800.0 55.11201
19000.0 -41.36169
19200.0 8.0684825
19400.0 63.826536
19600.0 -42.776039
19800.0 11.772594
20000.0 29.407504
20200.0 -35.957166
20400.0 -31.626703
20600.0 97.986119
20800.0 -114.8588
21000.0 75.802644
21200.0 17.958115
21400.0 -71.123344
21600.0 21.603167
21800.0 29.299168
22000.0 -37.57517
22200.0 9.6186495
22400.0 43.015875
22600.0 -53.254157
22800.0 41.940866
23000.0 -10.80654
23200.0 -26.346936
23400.0 67.28364
23600.0 -85.548783
23800.0 64.045096
24000.0 -39.187942
24200.0 -1.350924
24400.0 17.995712
24600.0 -6.8980815
24800.0 -19.151893
25000.0 39.625142
25200.0 -27.950229
25400.0 -28.141992
25600.0 43.637945
25800.0 -7.5423261
26000.0 -66.189906
26200.0 100.69161
26400.0 -51.484961
26600.0 4.9905381
26800.0 27.678949
27000.0 -23.571698
27200.0 13.524503
27400.0 15.23256
27600.0 -47.94295
27800.0 77.033443
28000.0 -45.236415
28200.0 4.3387426
28400.0 63.775381
28600.0 -95.628442
28800.0 52.552042
29000.0 12.248009
29200.0 -58.445894
29400.0 65.53005
29600.0 -33.873277
29800.0 -0.16185514
30000.0 18.853085
30200.0 -16.540172
30400.0 3.3049791
30600.0 -9.4775235
30800.0 26.243732
31000.0 -21.181314
31200.0 17.190372
31400.0 0.673975
31600.0 -20.160581
31800.0 20.337965
32000.0 -49.223141
32200.0 50.725228
32400.0 15.738436
32600.0 -68.873523
32800.0 99.119556
33000.0 -51.917652
33200.0 -12.92668
33400.0 83.422396
33600.0 -100.92446
33800.0 49.412751
34000.0 33.660744
34200.0 -64.155136
34400.0 51.940001
34600.0 -18.045514
34800.0 -10.361285
35000.0 36.26268
35200.0 -45.849052
35400.0 14.713579
35600.0 41.217237
35800.0 -58.814881
36000.0 58.84016
36200.0 -35.656849
36400.0 -18.662569
36600.0 66.521415
36800.0 -47.212235
37000.0 -5.6207287
37200.0 61.394346
37400.0 -39.919164
37600.0 14.844373
37800.0 -5.1398169
38000.0 -20.874302
38200.0 41.14023
38400.0 -72.372101
38600.0 65.30814
38800.0 -3.570318
39000.0 -75.153435
39200.0 126.88964
39400.0 -99.470025
39600.0 27.645989
39800.0 105.16617
40000.0 -186.17788
40200.0 116.92141
40400.0 -6.4295554
40600.0 -48.746724
40800.0 77.302493
41000.0 -65.424058
41200.0 33.773174
41400.0 59.198375
41600.0 -92.200117
41800.0 64.980413
42000.0 -61.554536
42200.0 51.224993
42400.0 -33.576436
42600.0 28.955604
42800.0 -0.47821831
43000.0 -19.188038
43200.0 81.055867
43400.0 -99.425176
43600.0 70.601141
43800.0 6.3837079
44000.0 -44.98141
44200.0 50.135558
44400.0 -18.984318
44600.0 -16.162464
44800.0 47.79129
45000.0 -18.669361
45200.0 -26.050405
45400.0 62.341989
45600.0 -29.373112
45800.0 -11.653702
46000.0 0.87511385
46200.0 5.9850619
46400.0 39.012232
46600.0 -98.34619
46800.0 95.03846
47000.0 -16.798608
47200.0 -48.309834
47400.0 69.0105
47600.0 -36.550475
47800.0 22.331527
48000.0 2.9711402
48200.0 -33.256713
48400.0 27.15636
48600.0 38.57535
48800.0 -74.5804
49000.0 74.167197
49200.0 -71.676442
49400.0 31.798288
49600.0 45.712451
49800.0 -87.401468
50000.0 36.958258
50200.0 41.765188
50400.0 -67.608707
50600.0 43.586565
50800.0 -2.8900821
51000.0 -41.442619
51200.0 20.391419
51400.0 40.233718
51600.0 -76.171443
51800.0 100.69515
52000.0 -98.062938
52200.0 21.783672
52400.0 42.858848
52600.0 -68.759085
52800.0 68.717689
53000.0 -51.8834
53200.0 39.390168
53400.0 -24.624433
53600.0 62.155812
53800.0 -51.361921
54000.0 6.718727
54200.0 38.341289
54400.0 -69.853018
54600.0 50.249982
54800.0 27.732408
55000.0 -104.03326
55200.0 91.164851
55400.0 -29.394666
55600.0 -22.559916
55800.0 55.148859
56000.0 -47.903134
56200.0 -23.985366
56400.0 79.163976
56600.0 -70.790544
56800.0 10.713351
57000.0 53.941323
57200.0 -51.868046
57400.0 4.3017844
57600.0 20.407115
57800.0 -32.86656
58000.0 25.099963
58200.0 14.221902
58400.0 -50.301373
58600.0 36.243386
58800.0 1.6820252
59000.0 -2.939308
59200.0 -7.3168376
59400.0 8.1446713
59600.0 14.739722
59800.0 -27.189117
60000.0 31.030346
60200.0 25.353688
60400.0 -96.920156
60600.0 120.91098
60800.0 -39.531852
61000.0 -50.592025
61200.0 95.387811
61400.0 -95.186336
61600.0 61.962067
61800.0 8.3592459
62000.0 -49.259484
62200.0 34.049765
62400.0 -5.7897061
62600.0 -17.853667
62800.0 2.8994091
63000.0 26.189394
63200.0 -34.71347
63400.0 43.47665
63600.0 -41.824206
63800.0 25.452708
64000.0 -9.0698995
64200.0 -34.612119
64400.0 67.754403
64600.0 -10.716418
64800.0 -55.942279
65000.0 95.304606
65200.0 -86.908916
65400.0 31.349504
65600.0 39.151172
65800.0 -124.61791
66000.0 162.77627
66200.0 -113.43681
66400.0 50.608334
66600.0 -10.088301
66800.0 -28.043121
67000.0 25.261446
67200.0 4.7556726
67400.0 -6.7473822
67600.0 -8.2608641
67800.0 41.389803
68000.0 -44.281151
68200.0 18.038725
68400.0 38.813558
68600.0 -52.395055
68800.0 52.358266
69000.0 -32.748861
69200.0 -6.1915473
69400.0 17.362626
69600.0 -42.089439
69800.0 86.163385
70000.0 -81.812277
70200.0 35.497114
70400.0 4.0816783
70600.0 -21.41838
70800.0 47.993212
71000.0 -54.365127
71200.0 40.815149
71400.0 28.760407
71600.0 -122.3813
71800.0 178.06377
72000.0 -89.515713
72200.0 -4.3323568
72400.0 33.440912
72600.0 -14.711303
72800.0 -16.83669
73000.0 17.333662
73200.0 -25.858055
73400.0 48.009025
73600.0 -23.922821
73800.0 -21.16572
74000.0 32.009709
74200.0 17.084657
74400.0 -95.855383
74600.0 124.5783
74800.0 -71.128548
75000.0 -0.035354652
75200.0 59.018363
75400.0 -73.867616
75600.0 34.701235
75800.0 26.774202
76000.0 -72.754648
76200.0 66.600444
76400.0 0.75710859
76600.0 -39.085434
76800.0 9.3377027
77000.0 10.410081
77200.0 5.8486271
77400.0 -55.809979
77600.0 71.193229
77800.0 -37.559054
78000.0 8.1834027
78200.0 0.44115387
78400.0 -15.408189
78600.0 -12.582879
78800.0 61.921424
79000.0 -57.985329
79200.0 4.0692199
79400.0 69.474743
79600.0 -54.328496
79800.0 9.9282732
80000.0 24.949309
80200.0 -37.874642
80400.0 60.445652
80600.0 -53.224251
80800.0 42.456032
81000.0 -20.718759
81200.0 -11.057732
81400.0 52.725859
81600.0 -57.051182
81800.0 19.797501
82000.0 5.3775403
82200.0 -11.2925
82400.0 18.838274
82600.0 7.5206966
82800.0 -19.745819
83000.0 41.396459
83200.0 -72.919598
83400.0 64.265316
83600.0 -24.396125
83800.0 23.130869
84000.0 -29.166244
84200.0 38.38113
84400.0 -36.355296
84600.0 46.661288
84800.0 -35.555837
85000.0 4.8335759
85200.0 40.874533
85400.0 -48.617049
85600.0 44.348155
85800.0 -34.532581
86000.0 5.6348988
86200.0 27.652748
86400.0 -26.98553
86600.0 43.39363
86800.0 -33.731455
87000.0 12.39271
87200.0 57.753015
87400.0 -87.298044
87600.0 39.059554
87800.0 31.225208
88000.0 -81.215125
88200.0 94.004505
88400.0 -63.968195
88600.0 34.281953
88800.0 -13.352807
89000.0 -13.518893
89200.0 -2.3653811
89400.0 37.864389
89600.0 -50.0971
89800.0 -5.7278859
90000.0 30.557702
90200.0 -28.278914
90400.0 44.108516
90600.0 -50.650458
90800.0 26.118235
91000.0 17.722222
91200.0 -42.792894
91400.0 52.75882
91600.0 -30.223755
91800.0 18.130973
92000.0 17.179148
92200.0 -47.745052
92400.0 11.222052
92600.0 64.064707
92800.0 -116.31896
93000.0 78.211412
93200.0 1.011461
93400.0 -55.286803
93600.0 48.993687
93800.0 13.438357
94000.0 -71.844438
94200.0 70.879523
94400.0 -30.479152
94600.0 -8.4465402
94800.0 41.508795
95000.0 -56.425285
95200.0 65.12343
95400.0 -28.916139
95600.0 -36.162387
95800.0 116.11653
96000.0 -131.36429
96200.0 69.929834
96400.0 45.837677
96600.0 -132.64927
96800.0 134.75291
97000.0 -56.72426
97200.0 -41.825957
97400.0 69.184006
97600.0 -43.71729
97800.0 15.513151
98000.0 2.8699333
98200.0 -28.600607
98400.0 37.938877
98600.0 -23.682061
98800.0 -5.2159592
99000.0 13.762388
99200.0 -13.468653
99400.0 37.474872
99600.0 -14.474072
99800.0 -59.831663
100000.0 108.83955
