0.0 430.57971
200.0 433.16336
400.0 419.22894
600.0 421.24119
800.0 420.39295
1000.0 434.57047
1200.0 423.56259
1400.0 420.24085
1600.0 416.32543
1800.0 428.12161
2000.0 432.87482
2200.0 432.71068
2400.0 436.9118
2600.0 427.87558
2800.0 425.19899
3000.0 426.33372
3200.0 433.75064
3400.0 425.58842
3600.0 434.90138
3800.0 417.61393
4000.0 413.38697
4200.0 423.23291
4400.0 415.96404
4600.0 411.96282
4800.0 426.6535
5000.0 441.55033
5200.0 425.44348
5400.0 428.79095
5600.0 425.26717
5800.0 432.35046
6000.0 431.69722
6200.0 421.41317
6400.0 426.56489
6600.0 415.14254
6800.0 426.84474
7000.0 417.72788
7200.0 417.04815
7400.0 430.49833
7600.0 419.73701
7800.0 419.73256
8000.0 427.14295
8200.0 429.21985
8400.0 433.12586
8600.0 420.12339
8800.0 439.55988
9000.0 426.65602
9200.0 430.32736
9400.0 436.08064
9600.0 435.26069
9800.0 425.72596
10000.0 410.49175
10200.0 422.34761
10400.0 429.2193
10600.0 420.77506
10800.0 415.28831
11000.0 426.13926
11200.0 424.62776
11400.0 430.30846
11600.0 436.11224
11800.0 430.75356
12000.0 431.35924
12200.0 428.07729
12400.0 436.96546
12600.0 414.57975
12800.0 425.08272
13000.0 437.77179
13200.0 424.61276
13400.0 410.426
13600.0 412.78581
13800.0 423.25912
14000.0 414.98783
14200.0 413.16437
14400.0 423.19422
14600.0 420.59275
14800.0 425.31395
15000.0 431.14144
15200.0 423.88944
15400.0 431.04053
15600.0 428.64181
15800.0 432.72438
16000.0 431.81616
16200.0 417.43934
16400.0 431.96005
16600.0 434.26554
16800.0 410.18962
17000.0 415.72392
17200.0 424.255
17400.0 424.8137
17600.0 419.93481
17800.0 414.09005
18000.0 433.71149
18200.0 432.02923
18400.0 417.80291
18600.0 428.06535
18800.0 432.90532
19000.0 426.84999
19200.0 429.69464
19400.0 434.21527
19600.0 418.53899
19800.0 427.2518
20000.0 431.79445
20200.0 412.18466
20400.0 423.82174
20600.0 413.75307
20800.0 408.57651
21000.0 422.35303
21200.0 425.94141
21400.0 416.69086
21600.0 427.43818
21800.0 430.93498
22000.0 427.81845
22200.0 421.1959
22400.0 433.66278
22600.0 429.35206
22800.0 428.18899
23000.0 429.40135
23200.0 431.13183
23400.0 434.11345
23600.0 435.92532
23800.0 445.3173
24000.0 428.11515
24200.0 425.74801
24400.0 434.6076
24600.0 426.67367
24800.0 427.75274
25000.0 427.62167
25200.0 421.57725
25400.0 421.46178
25600.0 424.25336
25800.0 439.16394
26000.0 421.56558
26200.0 419.37194
26400.0 423.00064
26600.0 433.79322
26800.0 439.72226
27000.0 435.78457
27200.0 439.82399
27400.0 422.6196
27600.0 425.78522
27800.0 428.31507
28000.0 431.99597
28200.0 425.894
28400.0 433.29887
28600.0 429.99262
28800.0 425.22954
29000.0 413.36538
29200.0 430.28198
29400.0 428.93857
29600.0 413.459
29800.0 431.90816
30000.0 425.40355
30200.0 427.80733
30400.0 434.22765
30600.0 417.54231
30800.0 432.91039
31000.0 441.6285
31200.0 423.84163
31400.0 453.40447
31600.0 440.10909
31800.0 416.46802
32000.0 434.70894
32200.0 434.52995
32400.0 424.3757
32600.0 426.15372
32800.0 420.60793
33000.0 424.92114
33200.0 414.3982
33400.0 430.71735
33600.0 434.31979
33800.0 432.66358
34000.0 411.62845
34200.0 432.98887
34400.0 448.97171
34600.0 441.97477
34800.0 431.40328
35000.0 418.73714
35200.0 442.49604
35400.0 431.66443
35600.0 428.43646
35800.0 426.93129
36000.0 439.04903
36200.0 422.51744
36400.0 434.97433
36600.0 416.81951
36800.0 425.35094
37000.0 425.04692
37200.0 432.99446
37400.0 418.07315
37600.0 428.60446
37800.0 437.98823
38000.0 431.86675
38200.0 442.79818
38400.0 434.41653
38600.0 437.68237
38800.0 432.93776
39000.0 430.35092
39200.0 423.96642
39400.0 427.16261
39600.0 421.95031
39800.0 429.1934
40000.0 434.3427
40200.0 414.9206
40400.0 423.66051
40600.0 429.12023
40800.0 434.81969
41000.0 422.38753
41200.0 439.62539
41400.0 435.08563
41600.0 438.99965
41800.0 431.94108
42000.0 427.33534
42200.0 437.7653
42400.0 429.67447
42600.0 416.33866
42800.0 429.94493
43000.0 437.22744
43200.0 409.02625
43400.0 433.84774
43600.0 421.43603
43800.0 413.73242
44000.0 430.19944
44200.0 440.84194
44400.0 421.07841
44600.0 435.48506
44800.0 436.97346
45000.0 431.01623
45200.0 439.27202
45400.0 422.91008
45600.0 412.87459
45800.0 437.44861
46000.0 415.07183
46200.0 405.52348
46400.0 421.51956
46600.0 433.56442
46800.0 429.62842
47000.0 431.86113
47200.0 417.39222
47400.0 434.80766
47600.0 429.78105
47800.0 428.47208
48000.0 437.61728
48200.0 431.26144
48400.0 438.74482
48600.0 430.11495
48800.0 434.54556
49000.0 425.81846
49200.0 424.88468
49400.0 425.85099
49600.0 433.19771
49800.0 417.37124
50000.0 407.60021
50200.0 433.90639
50400.0 433.12217
50600.0 417.04378
50800.0 431.55148
51000.0 439.67699
51200.0 429.76519
51400.0 437.70932
51600.0 436.65386
51800.0 431.05886
52000.0 436.13366
52200.0 433.41069
52400.0 429.46681
52600.0 426.73729
52800.0 425.56823
53000.0 429.39082
53200.0 430.62558
53400.0 411.61512
53600.0 431.06084
53800.0 428.5984
54000.0 422.51903
54200.0 430.0541
54400.0 441.27283
54600.0 432.85323
54800.0 432.94101
55000.0 434.15636
55200.0 429.5196
55400.0 430.94959
55600.0 442.53892
55800.0 425.99469
56000.0 428.5601
56200.0 424.23462
56400.0 425.3613
56600.0 421.24779
56800.0 427.12258
57000.0 424.56623
57200.0 425.673
57400.0 422.90345
57600.0 438.39669
57800.0 434.12397
58000.0 435.43074
58200.0 432.69408
58400.0 433.7792
58600.0 419.35374
58800.0 426.95161
59000.0 415.7156
59200.0 428.3701
59400.0 421.119
59600.0 430.73396
59800.0 422.81736
60000.0 422.70293
60200.0 415.20941
60400.0 425.60523
60600.0 424.00778
60800.0 442.37239
61000.0 437.30724
61200.0 427.68393
61400.0 436.99297
61600.0 416.23571
61800.0 436.02934
62000.0 431.99574
62200.0 426.78419
62400.0 408.44629
62600.0 416.98853
62800.0 418.11242
63000.0 435.70276
63200.0 430.03
63400.0 422.78722
63600.0 425.37793
63800.0 427.16269
64000.0 430.65051
64200.0 426.16169
64400.0 425.34927
64600.0 438.07648
64800.0 434.50626
65000.0 443.73439
65200.0 430.22147
65400.0 438.16362
65600.0 433.15577
65800.0 432.49016
66000.0 433.36315
66200.0 423.06051
66400.0 422.512
66600.0 420.24712
66800.0 429.97733
67000.0 420.94557
67200.0 433.02146
67400.0 427.18708
67600.0 427.13814
67800.0 429.79279
68000.0 426.69965
68200.0 442.60869
68400.0 449.61985
68600.0 433.57816
68800.0 433.25349
69000.0 423.98523
69200.0 422.33844
69400.0 432.38039
69600.0 432.09218
69800.0 424.71201
70000.0 424.8333
70200.0 428.50918
70400.0 418.29445
70600.0 428.02711
70800.0 434.62131
71000.0 421.4881
71200.0 427.84924
71400.0 427.84732
71600.0 436.62166
71800.0 422.35701
72000.0 428.86814
72200.0 436.54275
72400.0 441.7697
72600.0 419.68811
72800.0 420.92586
73000.0 428.3944
73200.0 432.0506
73400.0 413.76872
73600.0 418.5538
73800.0 421.2145
74000.0 423.72052
74200.0 420.90699
74400.0 434.25986
74600.0 430.06739
74800.0 430.6765
75000.0 432.21376
75200.0 430.57752
75400.0 441.66317
75600.0 421.0672
75800.0 421.06949
76000.0 431.09523
76200.0 422.36191
76400.0 424.46736
76600.0 426.84168
76800.0 431.22282
77000.0 420.64045
77200.0 421.58893
77400.0 424.7319
77600.0 415.66951
77800.0 408.91358
78000.0 414.66433
78200.0 415.72524
78400.0 421.96983
78600.0 435.78131
78800.0 426.30376
79000.0 418.75293
79200.0 432.33381
79400.0 434.01922
79600.0 429.92293
79800.0 432.51399
80000.0 422.43403
80200.0 425.29906
80400.0 425.7185
80600.0 428.10011
80800.0 415.44713
81000.0 424.92336
81200.0 421.98429
81400.0 416.43585
81600.0 415.82191
81800.0 414.64337
82000.0 425.83892
82200.0 433.99528
82400.0 430.95072
82600.0 434.75731
82800.0 420.56928
83000.0 419.16355
83200.0 433.98685
83400.0 435.34136
83600.0 429.82238
83800.0 426.10127
84000.0 422.66776
84200.0 426.13821
84400.0 420.97258
84600.0 414.28994
84800.0 418.16065
85000.0 422.06214
85200.0 428.10773
85400.0 435.4389
85600.0 424.03472
85800.0 433.56369
86000.0 432.13976
86200.0 417.91062
86400.0 438.39977
86600.0 428.43269
86800.0 416.80032
87000.0 411.48717
87200.0 440.79283
87400.0 430.8252
87600.0 419.99593
87800.0 424.85356
88000.0 426.7929
88200.0 417.36304
88400.0 425.96627
88600.0 427.94363
88800.0 427.55694
89000.0 436.38786
89200.0 420.08414
89400.0 435.51783
89600.0 439.302
89800.0 433.10235
90000.0 428.21647
90200.0 424.38432
90400.0 434.0662
90600.0 425.86106
90800.0 429.37423
91000.0 427.56138
91200.0 410.9763
91400.0 424.82945
91600.0 419.65882
91800.0 424.24902
92000.0 425.53493
92200.0 420.58259
92400.0 431.33352
92600.0 440.32955
92800.0 424.90358
93000.0 431.92622
93200.0 423.39445
93400.0 429.08189
93600.0 429.41179
93800.0 439.34388
94000.0 422.98468
94200.0 417.50006
94400.0 411.78308
94600.0 419.91042
94800.0 431.08792
95000.0 420.39248
95200.0 418.50424
95400.0 419.25846
95600.0 423.91359
95800.0 424.16682
96000.0 425.4741
96200.0 425.68583
96400.0 436.01953
96600.0 433.98441
96800.0 423.03747
97000.0 431.99134
97200.0 432.92748
97400.0 418.89037
97600.0 434.13463
97800.0 425.06991
98000.0 425.36693
98200.0 419.66933
98400.0 420.60245
98600.0 419.49673
98800.0 430.25004
99000.0 416.77402
99200.0 422.9926
99400.0 430.5867
99600.0 433.44886
99800.0 432.1514
100000.0 427.84081
