0.0 0.97332634
200.0 0.95094228
400.0 0.96143426
600.0 1.0109516
800.0 1.0232317
1000.0 1.0352171
1200.0 1.0174823
1400.0 1.0012563
1600.0 0.99175396
1800.0 0.97585081
2000.0 0.9620744
2200.0 0.96813203
2400.0 0.97556329
2600.0 0.98643199
2800.0 1.0039773
3000.0 1.0042952
3200.0 0.98850702
3400.0 0.98639315
3600.0 1.0008837
3800.0 1.0237961
4000.0 1.0519938
4200.0 1.0688989
4400.0 1.0435449
4600.0 1.0286308
4800.0 1.0202888
5000.0 1.0126748
5200.0 0.99177536
5400.0 0.99201533
5600.0 0.990057
5800.0 0.98674441
6000.0 0.98181961
6200.0 0.98874723
6400.0 0.95902427
6600.0 0.96102931
6800.0 0.97434521
7000.0 0.9879413
7200.0 0.98698174
7400.0 0.99949172
7600.0 0.98283205
7800.0 0.98772454
8000.0 0.99608323
8200.0 1.0029561
8400.0 1.0242637
8600.0 1.045254
8800.0 1.0545272
9000.0 1.0465082
9200.0 1.0225397
9400.0 0.99928465
9600.0 0.97505792
9800.0 0.95585039
10000.0 0.94980066
10200.0 0.97675571
10400.0 0.99475464
10600.0 1.0228053
10800.0 1.0443206
11000.0 1.0412898
11200.0 1.0161146
11400.0 0.98561591
11600.0 0.96729643
11800.0 0.95930544
12000.0 0.97053047
12200.0 1.0013865
12400.0 1.001048
12600.0 1.018923
12800.0 1.0321454
13000.0 1.0287168
13200.0 1.008695
13400.0 0.99459975
13600.0 0.99353905
13800.0 0.98227499
14000.0 0.9820564
14200.0 0.98153892
14400.0 0.98543824
14600.0 0.99838791
14800.0 1.0003196
15000.0 0.99726514
15200.0 0.99568168
15400.0 0.9875397
15600.0 0.97506204
15800.0 0.96831303
16000.0 0.96723405
16200.0 0.99656054
16400.0 1.0280159
16600.0 1.0532262
16800.0 1.0685342
17000.0 1.0792893
17200.0 1.0655472
17400.0 1.0212158
17600.0 0.9889134
17800.0 0.9747092
18000.0 0.96369214
18200.0 0.97372246
18400.0 0.98903231
18600.0 1.0013064
18800.0 1.0215211
19000.0 1.0329215
19200.0 1.0206494
19400.0 1.0084071
19600.0 0.9844148
19800.0 0.97857523
20000.0 0.9657179
20200.0 0.97330963
20400.0 0.98738831
20600.0 1.0054013
20800.0 1.030804
21000.0 1.0350672
21200.0 1.0303754
21400.0 1.0148204
21600.0 1.0164325
21800.0 1.0125863
22000.0 1.0083534
22200.0 1.0014004
22400.0 0.99146353
22600.0 0.98281328
22800.0 0.98693982
23000.0 0.98505744
23200.0 0.99163075
23400.0 0.99941807
23600.0 0.99299115
23800.0 0.99587188
24000.0 0.9836306
24200.0 0.95973927
24400.0 0.94929241
24600.0 0.97588271
24800.0 0.99646956
25000.0 1.0261731
25200.0 1.0517784
25400.0 1.0735894
25600.0 1.0703299
25800.0 1.0512176
26000.0 1.0278378
26200.0 0.99935881
26400.0 0.96090764
26600.0 0.95281445
26800.0 0.97181958
27000.0 1.000849
27200.0 1.0206624
27400.0 1.0324175
27600.0 1.0236649
27800.0 1.0031222
28000.0 0.98367383
28200.0 0.97238943
28400.0 0.96690977
28600.0 0.97562357
28800.0 0.99679007
29000.0 1.0288866
29200.0 1.0490102
29400.0 1.0545548
29600.0 1.0157352
29800.0 0.96693458
30000.0 0.93385443
30200.0 0.93111029
30400.0 0.95660479
30600.0 0.99828498
30800.0 1.0198459
31000.0 1.0433271
31200.0 1.0515079
31400.0 1.0247012
31600.0 0.98805929
31800.0 0.9727623
32000.0 0.9700481
32200.0 0.98409943
32400.0 1.0072368
32600.0 1.0250133
32800.0 1.0356958
33000.0 1.0351063
33200.0 1.0070426
33400.0 0.97433356
33600.0 0.94031099
33800.0 0.92624632
34000.0 0.94877204
34200.0 0.99053559
34400.0 1.0263665
34600.0 1.0585069
34800.0 1.0746538
35000.0 1.0570803
35200.0 1.0148648
35400.0 0.99270576
35600.0 0.96588628
35800.0 0.96673217
36000.0 0.99910038
36200.0 1.0183568
36400.0 1.0145263
36600.0 0.9984221
36800.0 0.99245001
37000.0 0.97593351
37200.0 0.9612606
37400.0 0.96098137
37600.0 0.97615471
37800.0 1.0080958
38000.0 1.0406777
38200.0 1.0355075
38400.0 1.0336705
38600.0 1.0256486
38800.0 1.0221817
39000.0 1.0090803
39200.0 0.99573761
39400.0 0.99626366
39600.0 1.0013987
39800.0 1.0055683
40000.0 0.99372436
40200.0 0.98117463
40400.0 0.97377458
40600.0 0.97384595
40800.0 0.96244049
41000.0 0.97800904
41200.0 0.96909186
41400.0 0.98759457
41600.0 1.001499
41800.0 1.0075541
42000.0 1.0019354
42200.0 1.0067926
42400.0 1.0096086
42600.0 1.0257894
42800.0 1.0390658
43000.0 1.0436042
43200.0 1.0400858
43400.0 1.029785
43600.0 1.0178111
43800.0 1.0046446
44000.0 1.0009292
44200.0 1.0021275
44400.0 1.0042633
44600.0 0.99747872
44800.0 0.98986307
45000.0 0.97591741
45200.0 0.96490974
45400.0 0.9731853
45600.0 0.96867833
45800.0 0.98621469
46000.0 1.0197118
46200.0 1.0352404
46400.0 1.0299178
46600.0 1.0307829
46800.0 1.0252111
47000.0 0.99976033
47200.0 0.98845615
47400.0 0.99220674
47600.0 0.99637372
47800.0 1.0267115
48000.0 1.0485301
48200.0 1.0302388
48400.0 1.0021905
48600.0 0.97515174
48800.0 0.96346661
49000.0 0.96248221
49200.0 0.97028153
49400.0 0.97164356
49600.0 0.99192818
49800.0 1.0128427
50000.0 1.0295483
50200.0 1.0262439
50400.0 1.0118454
50600.0 0.98689477
50800.0 0.96989969
51000.0 0.97365545
51200.0 0.99378461
51400.0 1.018271
51600.0 1.0406245
51800.0 1.0464273
52000.0 1.0318751
52200.0 1.0021917
52400.0 0.96678387
52600.0 0.95121843
52800.0 0.93770595
53000.0 0.93989393
53200.0 0.95699432
53400.0 0.98228987
53600.0 0.99558449
53800.0 1.0110657
54000.0 1.0126892
54200.0 1.0091718
54400.0 1.0066044
54600.0 1.0016325
54800.0 1.0055178
55000.0 1.0123947
55200.0 1.0073304
55400.0 1.0073253
55600.0 1.0055109
55800.0 1.0111235
56000.0 1.0322368
56200.0 1.0383955
56400.0 1.0134053
56600.0 0.99243809
56800.0 0.96903975
57000.0 0.95775763
57200.0 0.94737315
57400.0 0.94062172
57600.0 0.96216511
57800.0 0.98672964
58000.0 1.0034166
58200.0 1.0361705
58400.0 1.0565839
58600.0 1.0568917
58800.0 1.0344256
59000.0 0.98312718
59200.0 0.94838724
59400.0 0.94248058
59600.0 0.94752302
59800.0 0.97941969
60000.0 1.0106018
60200.0 1.0157122
60400.0 1.0191778
60600.0 1.0172809
60800.0 1.0018752
61000.0 0.97688993
61200.0 0.98379988
61400.0 1.001854
61600.0 1.0240939
61800.0 1.0273813
62000.0 1.0182093
62200.0 1.0151998
62400.0 1.0081516
62600.0 0.9854074
62800.0 0.9622804
63000.0 0.93013406
63200.0 0.93137842
63400.0 0.93741618
63600.0 0.95187871
63800.0 0.97438795
64000.0 0.99949749
64200.0 1.0175616
64400.0 1.0051635
64600.0 0.9983779
64800.0 0.99539858
65000.0 0.99949649
65200.0 1.0035975
65400.0 1.0128954
65600.0 1.0272856
65800.0 1.0238115
66000.0 1.0321341
66200.0 1.0279415
66400.0 1.0160896
66600.0 1.0040012
66800.0 0.98917831
67000.0 0.97029844
67200.0 0.97027908
67400.0 0.95247196
67600.0 0.95563242
67800.0 0.95077731
68000.0 0.95996136
68200.0 0.96158562
68400.0 0.9896797
68600.0 1.0085247
68800.0 1.0245477
69000.0 1.0316722
69200.0 1.0367842
69400.0 1.0206486
69600.0 0.98897826
69800.0 0.95863744
70000.0 0.94982279
70200.0 0.95640536
70400.0 0.98533251
70600.0 1.0107244
70800.0 1.0271823
71000.0 1.0317405
71200.0 1.0284185
71400.0 1.017431
71600.0 1.0221523
71800.0 0.99886449
72000.0 0.98650088
72200.0 0.97709223
72400.0 0.98557878
72600.0 0.97877421
72800.0 0.9738697
73000.0 0.97786375
73200.0 0.97601003
73400.0 0.98392599
73600.0 0.97229779
73800.0 0.98458637
74000.0 0.99589776
74200.0 1.0088551
74400.0 1.0250029
74600.0 1.0238469
74800.0 1.0104983
75000.0 1.011178
75200.0 1.0164634
75400.0 1.030081
75600.0 1.0331743
75800.0 1.0197041
76000.0 1.0113708
76200.0 0.98607073
76400.0 0.9758218
76600.0 0.97606063
76800.0 0.9687231
77000.0 0.96913628
77200.0 0.97741919
77400.0 0.97964872
77600.0 0.98931326
77800.0 0.99468348
78000.0 0.99502848
78200.0 0.9942065
78400.0 0.99430169
78600.0 0.99752767
78800.0 0.99669256
79000.0 1.0053976
79200.0 1.0080149
79400.0 0.99652501
79600.0 1.0044325
79800.0 1.0087487
80000.0 1.0178885
80200.0 1.0440483
80400.0 1.0243337
80600.0 1.0043798
80800.0 0.99402504
81000.0 0.9726222
81200.0 0.95654568
81400.0 0.96051886
81600.0 0.96569583
81800.0 0.98191439
82000.0 0.99610678
82200.0 1.0080815
82400.0 0.98960032
82600.0 0.97510388
82800.0 0.98676005
83000.0 1.0034578
83200.0 1.0247298
83400.0 1.0316413
83600.0 1.0322755
83800.0 1.020043
84000.0 1.0085348
84200.0 1.0051276
84400.0 0.99298587
84600.0 0.99158433
84800.0 0.99906926
85000.0 1.0198409
85200.0 1.0306824
85400.0 0.99988851
85600.0 0.97816019
85800.0 0.96691614
86000.0 0.94853682
86200.0 0.94416829
86400.0 0.96626094
86600.0 1.0134284
86800.0 1.042121
87000.0 1.0501682
87200.0 1.0420388
87400.0 1.0076352
87600.0 0.98931722
87800.0 0.98495386
88000.0 0.97829133
88200.0 0.98362872
88400.0 0.9980923
88600.0 1.0070036
88800.0 1.0282782
89000.0 1.0270567
89200.0 1.0170173
89400.0 0.99043991
89600.0 0.97013407
89800.0 0.95202244
90000.0 0.9581152
90200.0 0.98517865
90400.0 1.0245206
90600.0 1.0460139
90800.0 1.0657522
91000.0 1.0491975
91200.0 1.0263806
91400.0 1.0071577
91600.0 0.98672909
91800.0 0.96753829
92000.0 0.98216382
92200.0 0.99051881
92400.0 0.99179389
92600.0 0.99580063
92800.0 0.988746
93000.0 0.99171019
93200.0 0.9831678
93400.0 0.98031614
93600.0 0.98525635
93800.0 0.99370994
94000.0 1.0021023
94200.0 1.0057865
94400.0 1.0129536
94600.0 1.005211
94800.0 1.0087061
95000.0 1.020748
95200.0 1.0422588
95400.0 1.063471
95600.0 1.0654241
95800.0 1.03506
96000.0 1.0057703
96200.0 0.98173498
96400.0 0.9681695
96600.0 0.97709943
96800.0 0.9859215
97000.0 0.99127952
97200.0 1.0026119
97400.0 1.0025431
97600.0 0.99638811
97800.0 0.988751
98000.0 0.98972441
98200.0 0.96674012
98400.0 0.98764819
98600.0 1.0134485
98800.0 1.0307195
99000.0 1.0423198
99200.0 1.0432265
99400.0 1.026304
99600.0 1.0133634
99800.0 1.0045927
100000.0 0.98040335
