0.0 0.0048774911
200.0 0.0048435468
400.0 0.0048231275
600.0 0.0048177617
800.0 0.004826769
1000.0 0.0048475604
1200.0 0.0048778541
1400.0 0.0049100199
1600.0 0.0049445998
1800.0 0.0049866737
2000.0 0.0050331728
2200.0 0.0050733559
2400.0 0.0050999583
2600.0 0.0051136727
2800.0 0.0051084056
3000.0 0.0050782064
3200.0 0.0050252031
3400.0 0.004962005
3600.0 0.0049078366
3800.0 0.004877033
4000.0 0.0048758634
4200.0 0.0049018418
4400.0 0.0049480902
4600.0 0.0050020768
4800.0 0.0050508697
5000.0 0.0050804626
5200.0 0.0050799747
5400.0 0.0050500185
5600.0 0.005001873
5800.0 0.0049521037
6000.0 0.00491449
6200.0 0.0048980141
6400.0 0.0049051158
6600.0 0.0049242053
6800.0 0.0049428025
7000.0 0.0049529818
7200.0 0.0049533715
7400.0 0.004945327
7600.0 0.0049274631
7800.0 0.0049049093
8000.0 0.0048833212
8200.0 0.0048681835
8400.0 0.0048669355
8600.0 0.0048821056
8800.0 0.0049090003
9000.0 0.0049377195
9200.0 0.0049536631
9400.0 0.0049481702
9600.0 0.0049243525
9800.0 0.0048979755
10000.0 0.0048884138
10200.0 0.0049060298
10400.0 0.0049513459
10600.0 0.0050117322
10800.0 0.0050691323
11000.0 0.0051072481
11200.0 0.0051166152
11400.0 0.0050955483
11600.0 0.0050483289
11800.0 0.0049941363
12000.0 0.0049535239
12200.0 0.0049322056
12400.0 0.0049227222
12600.0 0.004920938
12800.0 0.0049284144
13000.0 0.0049420848
13200.0 0.0049514592
13400.0 0.0049537301
13600.0 0.0049535839
13800.0 0.0049585008
14000.0 0.0049751889
14200.0 0.005007443
14400.0 0.0050546995
14600.0 0.0051116831
14800.0 0.0051616001
15000.0 0.0051817515
15200.0 0.00515624
15400.0 0.0050852496
15600.0 0.0049916508
15800.0 0.0049162669
16000.0 0.0048772233
16200.0 0.0048698578
16400.0 0.0048883522
16600.0 0.0049154377
16800.0 0.0049352847
17000.0 0.0049392543
17200.0 0.0049297577
17400.0 0.0049132638
17600.0 0.0048911072
17800.0 0.0048731597
18000.0 0.0048733539
18200.0 0.0048952778
18400.0 0.0049347529
18600.0 0.0049784679
18800.0 0.0050132576
19000.0 0.0050265325
19200.0 0.0050122299
19400.0 0.0049698274
19600.0 0.0049037451
19800.0 0.0048359057
20000.0 0.0047891855
20200.0 0.0047744793
20400.0 0.0047930153
20600.0 0.0048398951
20800.0 0.0048997874
21000.0 0.0049540108
21200.0 0.0049896357
21400.0 0.00500918
21600.0 0.0050218121
21800.0 0.0050332315
22000.0 0.0050450877
22200.0 0.005058846
22400.0 0.0050694076
22600.0 0.0050662312
22800.0 0.0050452432
23000.0 0.0050016019
23200.0 0.0049356148
23400.0 0.00485472
23600.0 0.004775648
23800.0 0.0047156219
24000.0 0.0046825673
24200.0 0.0046758827
24400.0 0.0046964504
24600.0 0.004741125
24800.0 0.0047984907
25000.0 0.0048607267
25200.0 0.0049147786
25400.0 0.004954531
25600.0 0.0049825459
25800.0 0.0050010417
26000.0 0.0050130047
26200.0 0.0050169833
26400.0 0.0050122166
26600.0 0.0050002467
26800.0 0.0049801851
27000.0 0.0049592043
27200.0 0.0049409382
27400.0 0.0049268585
27600.0 0.0049166906
27800.0 0.0049083143
28000.0 0.0048967486
28200.0 0.0048753121
28400.0 0.0048350138
28600.0 0.0047715245
28800.0 0.0047018618
29000.0 0.0046527867
29200.0 0.004646091
29400.0 0.0046912049
29600.0 0.0047781215
29800.0 0.004871833
30000.0 0.0049370719
30200.0 0.0049671365
30400.0 0.00497761
30600.0 0.0049798511
30800.0 0.004981415
31000.0 0.0049844497
31200.0 0.0049839859
31400.0 0.004983581
31600.0 0.0049820176
31800.0 0.0049810272
32000.0 0.0049784795
32200.0 0.0049709636
32400.0 0.0049571218
32600.0 0.004937734
32800.0 0.0049116526
33000.0 0.0048789719
33200.0 0.0048465768
33400.0 0.0048189026
33600.0 0.0048061757
33800.0 0.0048170451
34000.0 0.0048489596
34200.0 0.0048950904
34400.0 0.0049429462
34600.0 0.0049812902
34800.0 0.0050098499
35000.0 0.0050353383
35200.0 0.0050647766
35400.0 0.0050967312
35600.0 0.0051282233
35800.0 0.0051510277
36000.0 0.0051530652
36200.0 0.0051250948
36400.0 0.0050678451
36600.0 0.0049863279
36800.0 0.0049023632
37000.0 0.0048365594
37200.0 0.0047948731
37400.0 0.0047766971
37600.0 0.004773396
37800.0 0.004779058
38000.0 0.0047933207
38200.0 0.0048212067
38400.0 0.0048673956
38600.0 0.00492583
38800.0 0.0049881878
39000.0 0.005041979
39200.0 0.0050795117
39400.0 0.0050984137
39600.0 0.0050937118
39800.0 0.005068698
40000.0 0.0050321218
40200.0 0.0049920581
40400.0 0.0049594555
40600.0 0.0049406153
40800.0 0.004933463
41000.0 0.0049298338
41200.0 0.0049230437
41400.0 0.0049112186
41600.0 0.0048930959
41800.0 0.0048700506
42000.0 0.0048460003
42200.0 0.0048439111
42400.0 0.0048820295
42600.0 0.0049589943
42800.0 0.0050463689
43000.0 0.0051113326
43200.0 0.0051372703
43400.0 0.0051232306
43600.0 0.0050825854
43800.0 0.0050339498
44000.0 0.0049917308
44200.0 0.0049638064
44400.0 0.0049488328
44600.0 0.0049399921
44800.0 0.0049353653
45000.0 0.0049308384
45200.0 0.0049255184
45400.0 0.0049187377
45600.0 0.004913408
45800.0 0.0049156133
46000.0 0.0049325482
46200.0 0.0049769532
46400.0 0.0050582883
46600.0 0.0051586985
46800.0 0.0052454381
47000.0 0.0052919397
47200.0 0.0052916108
47400.0 0.0052476999
47600.0 0.0051706449
47800.0 0.0050804366
48000.0 0.0050013594
48200.0 0.0049433713
48400.0 0.0049027785
48600.0 0.0048737925
48800.0 0.0048558077
49000.0 0.004849142
49200.0 0.0048526538
49400.0 0.0048686219
49600.0 0.0048985385
49800.0 0.0049418803
50000.0 0.004998787
50200.0 0.0050566455
50400.0 0.0051055702
50600.0 0.0051364025
50800.0 0.0051473931
51000.0 0.005137972
51200.0 0.0051142845
51400.0 0.0050816526
51600.0 0.0050434921
51800.0 0.0050040969
52000.0 0.004963311
52200.0 0.0049258703
52400.0 0.0048980731
52600.0 0.0048811648
52800.0 0.0048727864
53000.0 0.00487388
53200.0 0.0048898949
53400.0 0.0049263554
53600.0 0.0049806679
53800.0 0.0050391313
54000.0 0.0050856648
54200.0 0.0051072114
54400.0 0.005096567
54600.0 0.0050539836
54800.0 0.0049955325
55000.0 0.0049419104
55200.0 0.0049115581
55400.0 0.0049122756
55600.0 0.0049405789
55800.0 0.0049840689
56000.0 0.00503299
56200.0 0.005074329
56400.0 0.0050955862
56600.0 0.0050879136
56800.0 0.0050628008
57000.0 0.0050308377
57200.0 0.0049964026
57400.0 0.0049695122
57600.0 0.0049560079
57800.0 0.0049509307
58000.0 0.0049402329
58200.0 0.0049137446
58400.0 0.0048749886
58600.0 0.0048322988
58800.0 0.0047914406
59000.0 0.0047628199
59200.0 0.0047628469
59400.0 0.0048037036
59600.0 0.0048825562
59800.0 0.0049723337
60000.0 0.0050318049
60200.0 0.0050451904
60400.0 0.0050302309
60600.0 0.0050087093
60800.0 0.0049898935
61000.0 0.0049763652
61200.0 0.0049703342
61400.0 0.0049698667
61600.0 0.0049701071
61800.0 0.0049647399
62000.0 0.0049495721
62200.0 0.0049279787
62400.0 0.0049015389
62600.0 0.0048815681
62800.0 0.0048834141
63000.0 0.0049143172
63200.0 0.0049745462
63400.0 0.0050503276
63600.0 0.0051081814
63800.0 0.0051209708
64000.0 0.005088664
64200.0 0.0050242264
64400.0 0.0049544153
64600.0 0.0049100617
64800.0 0.004895346
65000.0 0.0049022494
65200.0 0.0049206833
65400.0 0.0049423523
65600.0 0.004958332
65800.0 0.0049646854
66000.0 0.0049604986
66200.0 0.0049539495
66400.0 0.0049484959
66600.0 0.004943129
66800.0 0.0049537322
67000.0 0.0049840221
67200.0 0.0050226951
67400.0 0.0050555628
67600.0 0.0050626225
67800.0 0.0050286079
68000.0 0.0049535396
68200.0 0.0048588461
68400.0 0.0047874975
68600.0 0.0047582754
68800.0 0.0047690547
69000.0 0.0048089145
69200.0 0.0048602863
69400.0 0.0049088783
69600.0 0.0049454617
69800.0 0.004967685
70000.0 0.0049797012
70200.0 0.0049876548
70400.0 0.0049952543
70600.0 0.0050035451
70800.0 0.005005324
71000.0 0.0050022415
71200.0 0.0049985053
71400.0 0.0049929955
71600.0 0.004981228
71800.0 0.0049641692
72000.0 0.0049407636
72200.0 0.0049099358
72400.0 0.0048737724
72600.0 0.0048432298
72800.0 0.0048354871
73000.0 0.004853539
73200.0 0.0048900504
73400.0 0.0049335126
73600.0 0.0049753898
73800.0 0.0050050999
74000.0 0.0050141553
74200.0 0.0050067567
74400.0 0.004990313
74600.0 0.0049756703
74800.0 0.0049782535
75000.0 0.0050075052
75200.0 0.0050578029
75400.0 0.0051107115
75600.0 0.0051436176
75800.0 0.0051454445
76000.0 0.0051161049
76200.0 0.0050614278
76400.0 0.0049957069
76600.0 0.0049370967
76800.0 0.0048963931
77000.0 0.004875235
77200.0 0.0048705596
77400.0 0.0048737053
77600.0 0.0048779775
77800.0 0.004884168
78000.0 0.0048980697
78200.0 0.0049214813
78400.0 0.0049535187
78600.0 0.0049911212
78800.0 0.0050298943
79000.0 0.0050688299
79200.0 0.0051069929
79400.0 0.0051379131
79600.0 0.0051644985
79800.0 0.0051883154
80000.0 0.0052075151
80200.0 0.0052134304
80400.0 0.0051906713
80600.0 0.0051260805
80800.0 0.0050260394
81000.0 0.0049242411
81200.0 0.0048501923
81400.0 0.004808075
81600.0 0.0047898809
81800.0 0.004784269
82000.0 0.0047909282
82200.0 0.0048112876
82400.0 0.0048454652
82600.0 0.0048973291
82800.0 0.0049684149
83000.0 0.0050438816
83200.0 0.0051077374
83400.0 0.0051474709
83600.0 0.0051578162
83800.0 0.0051435579
84000.0 0.0051101229
84200.0 0.0050627734
84400.0 0.0050120785
84600.0 0.0049715514
84800.0 0.0049452125
85000.0 0.0049309656
85200.0 0.0049221854
85400.0 0.0049124908
85600.0 0.0048994444
85800.0 0.0048830751
86000.0 0.0048688272
86200.0 0.00486503
86400.0 0.0048810097
86600.0 0.0049251086
86800.0 0.0049938279
87000.0 0.0050680257
87200.0 0.0051193699
87400.0 0.0051321105
87600.0 0.0050980649
87800.0 0.005027647
88000.0 0.0049507252
88200.0 0.0048938397
88400.0 0.0048686589
88600.0 0.0048770492
88800.0 0.0049095068
89000.0 0.0049508262
89200.0 0.0049862125
89400.0 0.0050084261
89600.0 0.0050145848
89800.0 0.0050043371
90000.0 0.0049851699
90200.0 0.0049643121
90400.0 0.0049507239
90600.0 0.0049476644
90800.0 0.004953159
91000.0 0.0049650781
91200.0 0.004981869
91400.0 0.0049953868
91600.0 0.0049946471
91800.0 0.0049765997
92000.0 0.0049504513
92200.0 0.0049323295
92400.0 0.0049371854
92600.0 0.0049682065
92800.0 0.0050169221
93000.0 0.0050648457
93200.0 0.0050923319
93400.0 0.0050894727
93600.0 0.0050580425
93800.0 0.0050082948
94000.0 0.0049573371
94200.0 0.0049200672
94400.0 0.0049016483
94600.0 0.0049041323
94800.0 0.0049287558
95000.0 0.0049740946
95200.0 0.0050312645
95400.0 0.0050872386
95600.0 0.005129405
95800.0 0.005151494
96000.0 0.0051503793
96200.0 0.005130667
96400.0 0.0050976926
96600.0 0.0050559261
96800.0 0.0050095718
97000.0 0.0049637942
97200.0 0.0049245495
97400.0 0.004897658
97600.0 0.0048830219
97800.0 0.0048763464
98000.0 0.0048742501
98200.0 0.0048775047
98400.0 0.0048893864
98600.0 0.0049077459
98800.0 0.0049316046
99000.0 0.0049687207
99200.0 0.0050263662
99400.0 0.0051042847
99600.0 0.0051827548
99800.0 0.0052347507
100000.0 0.0052485221
