0.0 28.013523
200.0 57.452924
400.0 -77.108431
600.0 19.661478
800.0 47.915419
1000.0 -69.769953
1200.0 42.270936
1400.0 15.594758
1600.0 -27.001286
1800.0 20.885573
2000.0 14.184579
2200.0 -42.872378
2400.0 26.678819
2600.0 24.293703
2800.0 -64.687462
3000.0 65.790718
3200.0 -34.110387
3400.0 10.866644
3600.0 12.816515
3800.0 -25.987368
4000.0 -18.175398
4200.0 45.696929
4400.0 -29.027987
4600.0 10.18118
4800.0 21.701225
5000.0 -27.671988
5200.0 -11.367839
5400.0 69.277132
5600.0 -98.806905
5800.0 69.208885
6000.0 -4.3152614
6200.0 -43.98962
6400.0 49.16055
6600.0 -34.443881
6800.0 21.086756
7000.0 -5.9800356
7200.0 -2.1767229
7400.0 24.252804
7600.0 -3.2721733
7800.0 -26.404822
8000.0 38.051517
8200.0 -22.377878
8400.0 -28.35155
8600.0 81.875874
8800.0 -93.651039
9000.0 -0.13722203
9200.0 94.963559
9400.0 -78.894309
9600.0 12.813266
9800.0 53.917003
10000.0 -75.725912
10200.0 30.829961
10400.0 58.624725
10600.0 -80.96268
10800.0 43.27778
11000.0 39.122584
11200.0 -93.787572
11400.0 72.357821
11600.0 28.009458
11800.0 -95.088797
12000.0 82.784356
12200.0 -6.3273486
12400.0 -68.020843
12600.0 67.550004
12800.0 -18.008206
13000.0 -27.840189
13200.0 69.351688
13400.0 -80.046872
13600.0 48.385055
13800.0 35.21069
14000.0 -58.690541
14200.0 18.944576
14400.0 23.011731
14600.0 -40.587002
14800.0 33.549278
15000.0 -19.145448
15200.0 42.787618
15400.0 -62.517014
15600.0 21.794152
15800.0 39.186267
16000.0 -61.021685
16200.0 36.771842
16400.0 21.604545
16600.0 -77.54029
16800.0 99.127185
17000.0 -46.70948
17200.0 -21.279322
17400.0 63.864103
17600.0 -29.938036
17800.0 -32.442016
18000.0 24.982203
18200.0 -3.6135579
18400.0 6.6709498
18600.0 -9.3649246
18800.0 15.582543
19000.0 -19.843986
19200.0 49.976606
19400.0 -29.148283
19600.0 -17.985452
19800.0 79.928107
20000.0 -87.83215
20200.0 -9.1487116
20400.0 52.392561
20600.0 -10.023929
20800.0 -46.220177
21000.0 83.482017
21200.0 -69.609073
21400.0 26.49046
21600.0 48.509872
21800.0 -91.458468
22000.0 59.159059
22200.0 21.254137
22400.0 -78.760679
22600.0 84.971977
22800.0 -65.11311
23000.0 -22.648083
23200.0 103.2334
23400.0 -121.74477
23600.0 65.709897
23800.0 65.305286
24000.0 -85.330472
24200.0 6.8025804
24400.0 55.314013
24600.0 -60.146769
24800.0 2.3472475
25000.0 69.424568
25200.0 -51.599441
25400.0 -8.3188853
25600.0 23.440972
25800.0 0.52670054
26000.0 -15.82079
26200.0 19.36167
26400.0 -6.6610346
26600.0 15.733173
26800.0 -21.243104
27000.0 -9.3100463
27200.0 69.175361
27400.0 -48.773915
27600.0 -28.617777
27800.0 76.015302
28000.0 -60.967987
28200.0 29.734631
28400.0 17.155656
28600.0 -68.660568
28800.0 61.801293
29000.0 26.846599
29200.0 -73.030859
29400.0 49.354193
29600.0 48.677571
29800.0 -68.371222
30000.0 -0.56007596
30200.0 41.781499
30400.0 7.9644191
30600.0 -57.059867
30800.0 22.490165
31000.0 41.937075
31200.0 -37.850779
31400.0 -15.231381
31600.0 27.363208
31800.0 -5.614021
32000.0 -60.465657
32200.0 114.07425
32400.0 -90.673444
32600.0 -10.463103
32800.0 70.948956
33000.0 -28.905568
33200.0 -59.974151
33400.0 82.78714
33600.0 -36.334394
33800.0 -62.10187
34000.0 106.59584
34200.0 -57.401035
34400.0 -38.959026
34600.0 69.983961
34800.0 5.5360263
35000.0 -37.321273
35200.0 34.595538
35400.0 -42.930085
35600.0 14.18686
35800.0 20.520148
36000.0 -13.149973
36200.0 5.1879284
36400.0 -5.7128876
36600.0 8.4730283
36800.0 -1.6758808
37000.0 -27.696233
37200.0 55.173215
37400.0 -47.209084
37600.0 -34.702212
37800.0 68.699845
38000.0 -13.894364
38200.0 -32.109995
38400.0 10.345522
38600.0 18.272079
38800.0 -18.825101
39000.0 40.125485
39200.0 -66.9772
39400.0 56.400745
39600.0 43.347647
39800.0 -100.15002
40000.0 70.401491
40200.0 34.271315
40400.0 -108.53161
40600.0 53.624345
40800.0 48.632316
41000.0 -88.857806
41200.0 48.649612
41400.0 8.4078059
41600.0 -31.086932
41800.0 0.31596104
42000.0 53.421785
42200.0 -55.390376
42400.0 -6.3312594
42600.0 50.189335
42800.0 -22.29963
43000.0 -58.953042
43200.0 98.02313
43400.0 -51.626599
43600.0 0.54362653
43800.0 19.101942
44000.0 -14.691131
44200.0 -30.0724
44400.0 48.752987
44600.0 -13.565976
44800.0 -84.160522
45000.0 140.00912
45200.0 -87.205161
45400.0 -4.3599734
45600.0 60.232225
45800.0 -55.826095
46000.0 8.7984071
46200.0 34.35237
46400.0 -32.408196
46600.0 -2.1982693
46800.0 28.005306
47000.0 -19.394511
47200.0 23.889951
47400.0 -27.236835
47600.0 34.786486
47800.0 -31.378547
48000.0 37.040648
48200.0 -5.2826104
48400.0 -28.83717
48600.0 38.276514
48800.0 -51.977028
49000.0 14.838395
49200.0 70.733262
49400.0 -130.87626
49600.0 66.855666
49800.0 67.381571
50000.0 -90.499334
50200.0 30.961325
50400.0 41.475077
50600.0 -63.470272
50800.0 50.302482
51000.0 -16.723047
51200.0 -2.1448499
51400.0 55.839286
51600.0 -51.994999
51800.0 -12.361653
52000.0 81.305481
52200.0 -79.572536
52400.0 38.325698
52600.0 4.4834389
52800.0 -31.702128
53000.0 49.033344
53200.0 -43.362969
53400.0 4.105912
53600.0 2.9479324
53800.0 21.206062
54000.0 -3.537313
54200.0 -15.929507
54400.0 -4.8957501
54600.0 39.743885
54800.0 -37.522583
55000.0 -8.719991
55200.0 73.621595
55400.0 -59.267968
55600.0 -6.2478847
55800.0 37.656434
56000.0 -24.052862
56200.0 13.046226
56400.0 -7.4033154
56600.0 0.75853711
56800.0 6.4097093
57000.0 -20.348751
57200.0 10.797507
57400.0 -17.546838
57600.0 57.740077
57800.0 -76.985808
58000.0 31.94808
58200.0 85.480964
58400.0 -140.31197
58600.0 76.069233
58800.0 33.72565
59000.0 -79.994606
59200.0 19.184123
59400.0 41.229067
59600.0 -77.059602
59800.0 70.680243
60000.0 43.654008
60200.0 -113.02493
60400.0 50.170122
60600.0 19.020911
60800.0 -38.663095
61000.0 28.922915
61200.0 4.2510335
61400.0 -25.1966
61600.0 -3.43995
61800.0 11.684587
62000.0 0.52176783
62200.0 22.062087
62400.0 -48.767365
62600.0 55.632516
62800.0 -27.659669
63000.0 -34.097291
63200.0 58.227472
63400.0 -2.8589695
63600.0 -53.859066
63800.0 77.22005
64000.0 -11.400439
64200.0 -55.825191
64400.0 74.835533
64600.0 -1.9299734
64800.0 -69.111162
65000.0 52.916232
65200.0 55.936969
65400.0 -123.35804
65600.0 72.025664
65800.0 3.2894273
66000.0 -54.542654
66200.0 50.646521
66400.0 -11.345229
66600.0 -41.356791
66800.0 58.685853
67000.0 -5.2002876
67200.0 -21.506345
67400.0 22.456145
67600.0 5.6110596
67800.0 -4.9775045
68000.0 25.566811
68200.0 -62.417722
68400.0 38.448001
68600.0 58.765333
68800.0 -58.853133
69000.0 -12.21579
69200.0 34.580425
69400.0 -44.635335
69600.0 28.366543
69800.0 -6.8996772
70000.0 -23.173101
70200.0 25.455457
70400.0 -21.371202
70600.0 -1.4918796
70800.0 19.350121
71000.0 -10.59579
71200.0 -13.437762
71400.0 26.289722
71600.0 -5.836116
71800.0 6.9479626
72000.0 4.3281196
72200.0 -23.163495
72400.0 26.833799
72600.0 -31.86657
72800.0 16.526334
73000.0 2.3207921
73200.0 12.740385
73400.0 -22.19457
73600.0 3.0674262
73800.0 14.629331
74000.0 -42.584985
74200.0 53.039219
74400.0 -14.008196
74600.0 -43.104138
74800.0 79.69005
75000.0 -6.655549
75200.0 -74.289875
75400.0 108.3065
75600.0 -45.376721
75800.0 -63.323169
76000.0 72.914176
76200.0 -4.0668415
76400.0 -51.214295
76600.0 40.781828
76800.0 6.5234017
77000.0 -37.110306
77200.0 32.02732
77400.0 -2.1342872
77600.0 -40.94879
77800.0 71.802451
78000.0 -55.733956
78200.0 6.182981
78400.0 47.470665
78600.0 -70.034574
78800.0 55.725192
79000.0 -28.991743
79200.0 -13.744879
79400.0 62.954636
79600.0 -82.982463
79800.0 43.569614
80000.0 15.07638
80200.0 -51.021529
80400.0 28.250544
80600.0 50.364551
80800.0 -84.389761
81000.0 57.156772
81200.0 6.4427764
81400.0 -32.590149
81600.0 11.414667
81800.0 17.123233
82000.0 12.404466
82200.0 -13.978306
82400.0 0.17108361
82600.0 -9.7491425
82800.0 -13.693923
83000.0 74.740292
83200.0 -79.292991
83400.0 22.814376
83600.0 45.956912
83800.0 -65.649301
84000.0 3.1851505
84200.0 77.906137
84400.0 -47.69476
84600.0 -31.979939
84800.0 70.893194
85000.0 -41.459652
85200.0 -30.448645
85400.0 48.755333
85600.0 -13.048886
85800.0 -47.486053
86000.0 90.061111
86200.0 -60.620564
86400.0 -39.371678
86600.0 114.08241
86800.0 -42.084631
87000.0 -65.493137
87200.0 109.4621
87400.0 -60.428439
87600.0 -41.255964
87800.0 88.484076
88000.0 -79.939854
88200.0 46.974121
88400.0 33.176621
88600.0 -77.911017
88800.0 76.998072
89000.0 -55.456602
89200.0 1.9135737
89400.0 54.797024
89600.0 -36.060768
89800.0 -34.532303
90000.0 65.701718
90200.0 -22.871658
90400.0 -20.850207
90600.0 29.440119
90800.0 -19.323611
91000.0 -14.540225
91200.0 31.662492
91400.0 14.433976
91600.0 -39.685506
91800.0 22.267273
92000.0 38.881318
92200.0 -91.799669
92400.0 88.970651
92600.0 -19.338169
92800.0 -78.64992
93000.0 95.661753
93200.0 13.709224
93400.0 -80.302937
93600.0 36.016679
93800.0 55.167425
94000.0 -63.203911
94200.0 -0.93583109
94400.0 56.128598
94600.0 -42.284985
94800.0 -25.994682
95000.0 69.304472
95200.0 -63.785539
95400.0 33.583425
95600.0 -18.975537
95800.0 2.8466483
96000.0 -26.804827
96200.0 48.169465
96400.0 -14.988497
96600.0 -15.252747
96800.0 26.913433
97000.0 -45.103032
97200.0 40.603337
97400.0 23.822333
97600.0 -89.916261
97800.0 58.351309
98000.0 38.664976
98200.0 -89.676009
98400.0 66.659458
98600.0 12.415932
98800.0 -54.448419
99000.0 64.903346
99200.0 -35.361559
99400.0 -20.12823
99600.0 81.245401
99800.0 -81.07044
100000.0 9.6252056
