0.0 2.9109682
200.0 2.8893433
400.0 2.9138494
600.0 2.8910505
800.0 2.9119004
1000.0 2.8908836
1200.0 2.9107361
1400.0 2.8994379
1600.0 2.8933379
1800.0 2.9093196
2000.0 2.8964799
2200.0 2.9067671
2400.0 2.9143773
2600.0 2.8997482
2800.0 2.9127562
3000.0 2.9062446
3200.0 2.9124464
3400.0 2.9099983
3600.0 2.9049387
3800.0 2.9076779
4000.0 2.8973226
4200.0 2.9072168
4400.0 2.8914259
4600.0 2.8963327
4800.0 2.9058908
5000.0 2.8887005
5200.0 2.908656
5400.0 2.8951453
5600.0 2.9171168
5800.0 2.9095124
6000.0 2.9126027
6200.0 2.9128734
6400.0 2.9093694
6600.0 2.9083587
6800.0 2.9006152
7000.0 2.9045027
7200.0 2.8951521
7400.0 2.9039548
7600.0 2.8928267
7800.0 2.9101172
8000.0 2.8869264
8200.0 2.9046517
8400.0 2.9005912
8600.0 2.8979745
8800.0 2.9121781
9000.0 2.9075204
9200.0 2.9145472
9400.0 2.9016249
9600.0 2.9183887
9800.0 2.9018423
10000.0 2.9149885
10200.0 2.8994412
10400.0 2.9062207
10600.0 2.9021961
10800.0 2.9022669
11000.0 2.8994671
11200.0 2.9007477
11400.0 2.9060767
11600.0 2.8952782
11800.0 2.9011931
12000.0 2.9153102
12200.0 2.8938578
12400.0 2.9184259
12600.0 2.8990447
12800.0 2.9167485
13000.0 2.8979512
13200.0 2.918613
13400.0 2.9050624
13600.0 2.9039011
13800.0 2.9051221
14000.0 2.8975542
14200.0 2.9001483
14400.0 2.8966995
14600.0 2.8919951
14800.0 2.8925494
15000.0 2.8891364
15200.0 2.889598
15400.0 2.8820723
15600.0 2.895198
15800.0 2.9065722
16000.0 2.895263
16200.0 2.8995972
16400.0 2.8950345
16600.0 2.9106091
16800.0 2.8978379
17000.0 2.9102355
17200.0 2.9070856
17400.0 2.9054243
17600.0 2.9087097
17800.0 2.9070839
18000.0 2.9031492
18200.0 2.9101246
18400.0 2.8938533
18600.0 2.9125567
18800.0 2.8848748
19000.0 2.9065439
19200.0 2.8991232
19400.0 2.889157
19600.0 2.9141677
19800.0 2.8921602
20000.0 2.906977
20200.0 2.9053792
20400.0 2.9096588
20600.0 2.9030678
20800.0 2.9131579
21000.0 2.9143337
21200.0 2.9008705
21400.0 2.9270555
21600.0 2.9102169
21800.0 2.9232549
22000.0 2.9135344
22200.0 2.9177968
22400.0 2.9030062
22600.0 2.9138142
22800.0 2.8996043
23000.0 2.9210318
23200.0 2.8806946
23400.0 2.9165578
23600.0 2.8856843
23800.0 2.9124348
24000.0 2.8914764
24200.0 2.8917154
24400.0 2.9053358
24600.0 2.8899414
24800.0 2.9088476
25000.0 2.9007961
25200.0 2.903372
25400.0 2.9115168
25600.0 2.9191159
25800.0 2.9034427
26000.0 2.9236205
26200.0 2.8957765
26400.0 2.9188287
26600.0 2.8930788
26800.0 2.9127972
27000.0 2.8996239
27200.0 2.9055713
27400.0 2.9036291
27600.0 2.8937771
27800.0 2.9095647
28000.0 2.9016078
28200.0 2.8957656
28400.0 2.9041346
28600.0 2.9045914
28800.0 2.9042584
29000.0 2.9035092
29200.0 2.8983737
29400.0 2.8978634
29600.0 2.9070097
29800.0 2.9046041
30000.0 2.906069
30200.0 2.9118468
30400.0 2.9017832
30600.0 2.9182505
30800.0 2.9053592
31000.0 2.9093153
31200.0 2.9117577
31400.0 2.9037965
31600.0 2.9008234
31800.0 2.8898682
32000.0 2.9070767
32200.0 2.8843737
32400.0 2.9012071
32600.0 2.896229
32800.0 2.894852
33000.0 2.8996733
33200.0 2.9024209
33400.0 2.8946826
33600.0 2.9022079
33800.0 2.9079307
34000.0 2.8950381
34200.0 2.9088379
34400.0 2.9021918
34600.0 2.9137182
34800.0 2.9085713
35000.0 2.9020316
35200.0 2.9087665
35400.0 2.9162598
35600.0 2.896761
35800.0 2.9111495
36000.0 2.8849934
36200.0 2.9047066
36400.0 2.9029634
36600.0 2.8931488
36800.0 2.9018476
37000.0 2.896771
37200.0 2.9033268
37400.0 2.9064823
37600.0 2.9025494
37800.0 2.9066576
38000.0 2.9095913
38200.0 2.9078523
38400.0 2.9229897
38600.0 2.9063474
38800.0 2.9192196
39000.0 2.9046456
39200.0 2.9072564
39400.0 2.9050075
39600.0 2.9214151
39800.0 2.8958912
40000.0 2.9131572
40200.0 2.9003402
40400.0 2.9083895
40600.0 2.9083395
40800.0 2.8897776
41000.0 2.9187801
41200.0 2.8853755
41400.0 2.9173289
41600.0 2.9019737
41800.0 2.8966381
42000.0 2.9139908
42200.0 2.9052483
42400.0 2.9177793
42600.0 2.8991191
42800.0 2.9122142
43000.0 2.9053079
43200.0 2.8985738
43400.0 2.9005777
43600.0 2.8882679
43800.0 2.9018866
44000.0 2.8969501
44200.0 2.8986119
44400.0 2.8994724
44600.0 2.8996525
44800.0 2.9149751
45000.0 2.8945384
45200.0 2.9241206
45400.0 2.8918359
45600.0 2.9117525
45800.0 2.9110489
46000.0 2.901042
46200.0 2.9056687
46400.0 2.9077886
46600.0 2.894785
46800.0 2.9131652
47000.0 2.8928841
47200.0 2.8964869
47400.0 2.8894216
47600.0 2.8868806
47800.0 2.8951456
48000.0 2.8864351
48200.0 2.8902677
48400.0 2.8941187
48600.0 2.916377
48800.0 2.8887834
49000.0 2.9185404
49200.0 2.8984111
49400.0 2.9055586
49600.0 2.912639
49800.0 2.9035963
50000.0 2.9106001
50200.0 2.9030743
50400.0 2.9107101
50600.0 2.9028332
50800.0 2.9017352
51000.0 2.9029943
51200.0 2.8936306
51400.0 2.8968377
51600.0 2.8873468
51800.0 2.9068538
52000.0 2.8959414
52200.0 2.8898487
52400.0 2.909677
52600.0 2.9021798
52800.0 2.9108023
53000.0 2.8996938
53200.0 2.9141835
53400.0 2.9040827
53600.0 2.905991
53800.0 2.9037293
54000.0 2.9072461
54200.0 2.9062092
54400.0 2.9041023
54600.0 2.9083366
54800.0 2.8960573
55000.0 2.8998181
55200.0 2.9014949
55400.0 2.9067167
55600.0 2.8888324
55800.0 2.9051599
56000.0 2.9005989
56200.0 2.9096687
56400.0 2.8968522
56600.0 2.907158
56800.0 2.8956477
57000.0 2.9183337
57200.0 2.8922299
57400.0 2.9094357
57600.0 2.9054343
57800.0 2.9128474
58000.0 2.8850452
58200.0 2.9145095
58400.0 2.8817177
58600.0 2.8979112
58800.0 2.893638
59000.0 2.8899998
59200.0 2.8981144
59400.0 2.8839992
59600.0 2.899568
59800.0 2.9040704
60000.0 2.8984855
60200.0 2.9170569
60400.0 2.8874986
60600.0 2.9152994
60800.0 2.9041876
61000.0 2.8998944
61200.0 2.9063736
61400.0 2.9100317
61600.0 2.8976929
61800.0 2.9003134
62000.0 2.9016988
62200.0 2.8907155
62400.0 2.904097
62600.0 2.8826206
62800.0 2.9030251
63000.0 2.8964324
63200.0 2.9036127
63400.0 2.9125314
63600.0 2.8905078
63800.0 2.9241652
64000.0 2.8952842
64200.0 2.9161571
64400.0 2.8988666
64600.0 2.913009
64800.0 2.902156
65000.0 2.9017042
65200.0 2.9057451
65400.0 2.891221
65600.0 2.9051656
65800.0 2.8833882
66000.0 2.8995516
66200.0 2.8978641
66400.0 2.8964969
66600.0 2.8999786
66800.0 2.9013696
67000.0 2.902136
67200.0 2.9068137
67400.0 2.9044947
67600.0 2.9067862
67800.0 2.9020366
68000.0 2.9088259
68200.0 2.9025776
68400.0 2.9069606
68600.0 2.9082614
68800.0 2.895653
69000.0 2.9032961
69200.0 2.8902714
69400.0 2.9042796
69600.0 2.8886652
69800.0 2.8905511
70000.0 2.9083309
70200.0 2.8882645
70400.0 2.9144117
70600.0 2.8932904
70800.0 2.9034769
71000.0 2.9034435
71200.0 2.907904
71400.0 2.8996061
71600.0 2.912081
71800.0 2.8959534
72000.0 2.9081378
72200.0 2.897491
72400.0 2.9142112
72600.0 2.8967968
72800.0 2.9060358
73000.0 2.9017293
73200.0 2.8916832
73400.0 2.8943842
73600.0 2.9032542
73800.0 2.9030537
74000.0 2.9078039
74200.0 2.9043116
74400.0 2.9009984
74600.0 2.9155314
74800.0 2.9034608
75000.0 2.9118416
75200.0 2.8982444
75400.0 2.910105
75600.0 2.8869996
75800.0 2.9135794
76000.0 2.8812412
76200.0 2.9155385
76400.0 2.8863068
76600.0 2.8971312
76800.0 2.9040708
77000.0 2.9025726
77200.0 2.9008039
77400.0 2.9132202
77600.0 2.8967587
77800.0 2.9115522
78000.0 2.8990711
78200.0 2.908614
78400.0 2.9011299
78600.0 2.9114394
78800.0 2.897454
79000.0 2.9094514
79200.0 2.9066307
79400.0 2.9065622
79600.0 2.8975977
79800.0 2.9139786
80000.0 2.8947986
80200.0 2.9189011
80400.0 2.8870676
80600.0 2.9137505
80800.0 2.8931126
81000.0 2.9093889
81200.0 2.8907745
81400.0 2.9077044
81600.0 2.8950628
81800.0 2.9027799
82000.0 2.9055713
82200.0 2.9042024
82400.0 2.9178189
82600.0 2.8923994
82800.0 2.9224475
83000.0 2.9083914
83200.0 2.9106852
83400.0 2.9009507
83600.0 2.8939727
83800.0 2.9044962
84000.0 2.892513
84200.0 2.9040789
84400.0 2.8868438
84600.0 2.9125275
84800.0 2.8864671
85000.0 2.9133962
85200.0 2.9044016
85400.0 2.9025786
85600.0 2.9174272
85800.0 2.8984196
86000.0 2.9144588
86200.0 2.9068247
86400.0 2.9086447
86600.0 2.9072513
86800.0 2.8967342
87000.0 2.9037396
87200.0 2.888197
87400.0 2.8968861
87600.0 2.8977341
87800.0 2.8922736
88000.0 2.9027854
88200.0 2.8950903
88400.0 2.9079763
88600.0 2.8938804
88800.0 2.9151493
89000.0 2.8991695
89200.0 2.9150572
89400.0 2.8998375
89600.0 2.9062977
89800.0 2.9034033
90000.0 2.9025375
90200.0 2.910882
90400.0 2.8910993
90600.0 2.9047962
90800.0 2.8864688
91000.0 2.9021988
91200.0 2.8854067
91400.0 2.9051615
91600.0 2.8866989
91800.0 2.8998753
92000.0 2.8981325
92200.0 2.89586
92400.0 2.9011153
92600.0 2.9030952
92800.0 2.8999348
93000.0 2.9070591
93200.0 2.9101027
93400.0 2.8997649
93600.0 2.9167009
93800.0 2.9102302
94000.0 2.9060992
94200.0 2.9198542
94400.0 2.9018687
94600.0 2.9110872
94800.0 2.896306
95000.0 2.9024433
95200.0 2.895123
95400.0 2.9003082
95600.0 2.8932202
95800.0 2.9053994
96000.0 2.8892593
96200.0 2.9067764
96400.0 2.902311
96600.0 2.9002687
96800.0 2.9088087
97000.0 2.9098339
97200.0 2.9026023
97400.0 2.9154018
97600.0 2.9080213
97800.0 2.901783
98000.0 2.9165615
98200.0 2.8883697
98400.0 2.9156125
98600.0 2.8840626
98800.0 2.9017298
99000.0 2.9021644
99200.0 2.8922234
99400.0 2.9081978
99600.0 2.8880175
99800.0 2.9057369
100000.0 2.9076708
