0.0 -8.4280051
200.0 -8.5817354
400.0 -7.2629579
600.0 -7.9935658
800.0 -8.556142
1000.0 -8.7374981
1200.0 -7.7097407
1400.0 -8.4062791
1600.0 -10.25748
1800.0 -10.505133
2000.0 -8.2215374
2200.0 -9.140796
2400.0 -9.0780775
2600.0 -8.2289745
2800.0 -8.2079787
3000.0 -7.3714814
3200.0 -6.9475769
3400.0 -6.8188321
3600.0 -6.9422622
3800.0 -6.8015877
4000.0 -6.6083879
4200.0 -7.6552982
4400.0 -7.7576812
4600.0 -7.2655407
4800.0 -6.6898301
5000.0 -7.1074222
5200.0 -8.5415381
5400.0 -7.9686065
5600.0 -7.5395401
5800.0 -7.850394
6000.0 -8.4877045
6200.0 -8.7505799
6400.0 -8.7334641
6600.0 -7.3332011
6800.0 -8.4172729
7000.0 -7.7826188
7200.0 -8.582167
7400.0 -8.4874441
7600.0 -8.5572865
7800.0 -8.2615454
8000.0 -7.6088162
8200.0 -7.6620646
8400.0 -7.4331715
8600.0 -7.6693177
8800.0 -7.9475224
9000.0 -8.3568201
9200.0 -7.6357624
9400.0 -8.1329454
9600.0 -8.9543112
9800.0 -7.9080759
10000.0 -8.6170019
10200.0 -6.5725739
10400.0 -8.2573153
10600.0 -8.2673143
10800.0 -7.2847607
11000.0 -7.3342687
11200.0 -6.8708028
11400.0 -7.1681028
11600.0 -6.9990938
11800.0 -5.7778493
12000.0 -6.9691535
12200.0 -6.3079263
12400.0 -6.7540685
12600.0 -6.5053803
12800.0 -6.9035498
13000.0 -7.5276754
13200.0 -6.7089599
13400.0 -6.8585747
13600.0 -6.6539835
13800.0 -7.4458493
14000.0 -6.9280385
14200.0 -7.2654713
14400.0 -7.2177849
14600.0 -7.7146368
14800.0 -7.1702134
15000.0 -8.2365071
15200.0 -7.9258115
15400.0 -8.8195473
15600.0 -8.7202384
15800.0 -8.5921616
16000.0 -7.9442287
16200.0 -7.0770965
16400.0 -8.3869507
16600.0 -7.4762562
16800.0 -6.5719337
17000.0 -7.7103328
17200.0 -8.0756117
17400.0 -8.2472771
17600.0 -7.0918105
17800.0 -8.0816177
18000.0 -7.0797811
18200.0 -7.9977891
18400.0 -7.2920141
18600.0 -7.132698
18800.0 -7.1341315
19000.0 -7.5850431
19200.0 -8.1047225
19400.0 -7.2438223
19600.0 -7.8537074
19800.0 -7.9119786
20000.0 -8.1653373
20200.0 -7.5195969
20400.0 -8.3076501
20600.0 -8.3071407
20800.0 -8.8116938
21000.0 -9.206321
21200.0 -9.7221757
21400.0 -9.4823529
21600.0 -9.6502548
21800.0 -9.7599605
22000.0 -9.5575892
22200.0 -9.3175548
22400.0 -9.77656
22600.0 -8.3707031
22800.0 -9.5021353
23000.0 -9.4268265
23200.0 -8.5560724
23400.0 -8.8457977
23600.0 -9.0455448
23800.0 -8.8260331
24000.0 -7.0941655
24200.0 -9.1611283
24400.0 -9.0822589
24600.0 -8.2878485
24800.0 -8.2258592
25000.0 -8.7046645
25200.0 -7.1198961
25400.0 -6.8455446
25600.0 -7.0406613
25800.0 -7.5309099
26000.0 -7.3010397
26200.0 -7.448697
26400.0 -8.1063963
26600.0 -7.0409958
26800.0 -8.4285573
27000.0 -7.5481634
27200.0 -7.0009381
27400.0 -7.9318632
27600.0 -8.2086415
27800.0 -7.7768819
28000.0 -8.2595421
28200.0 -8.0036787
28400.0 -9.2544814
28600.0 -8.9209163
28800.0 -8.0731038
29000.0 -9.1829984
29200.0 -7.6839508
29400.0 -8.6751011
29600.0 -8.5753441
29800.0 -8.5355565
30000.0 -7.5845441
30200.0 -9.7042189
30400.0 -10.106874
30600.0 -9.3996999
30800.0 -9.6826645
31000.0 -10.397075
31200.0 -9.9304296
31400.0 -9.8062966
31600.0 -9.7067142
31800.0 -9.3729294
32000.0 -9.8568132
32200.0 -9.7426264
32400.0 -9.1413381
32600.0 -10.390308
32800.0 -10.63034
33000.0 -9.3745825
33200.0 -8.3676367
33400.0 -9.91622
33600.0 -8.800523
33800.0 -8.8942183
34000.0 -8.6352981
34200.0 -8.0817667
34400.0 -7.9154782
34600.0 -8.4124076
34800.0 -8.4125596
35000.0 -9.3078024
35200.0 -9.2609978
35400.0 -9.3423425
35600.0 -10.07568
35800.0 -10.532724
36000.0 -10.332139
36200.0 -9.9962231
36400.0 -10.003714
36600.0 -9.5803885
36800.0 -9.4612387
37000.0 -9.2494733
37200.0 -8.7030041
37400.0 -9.3226996
37600.0 -8.8142271
37800.0 -7.4776637
38000.0 -8.043698
38200.0 -9.0035578
38400.0 -9.2986783
38600.0 -6.8532192
38800.0 -8.8529249
39000.0 -8.2080501
39200.0 -9.1412818
39400.0 -9.4241739
39600.0 -8.9243264
39800.0 -9.2689282
40000.0 -8.9548792
40200.0 -10.102833
40400.0 -9.2188073
40600.0 -9.0723112
40800.0 -9.6022269
41000.0 -9.8623927
41200.0 -10.585292
41400.0 -9.0558798
41600.0 -10.204876
41800.0 -7.9291529
42000.0 -9.5019257
42200.0 -8.8954219
42400.0 -9.2758949
42600.0 -8.0536627
42800.0 -9.0560531
43000.0 -8.5379209
43200.0 -9.6277984
43400.0 -9.1769628
43600.0 -9.5639058
43800.0 -8.5968076
44000.0 -9.6545627
44200.0 -8.3183622
44400.0 -7.9544981
44600.0 -8.9727526
44800.0 -9.0734741
45000.0 -9.4776183
45200.0 -8.6907008
45400.0 -9.4258043
45600.0 -9.7811076
45800.0 -9.1270197
46000.0 -8.8699401
46200.0 -9.0639394
46400.0 -8.6648103
46600.0 -8.3820434
46800.0 -9.1420857
47000.0 -8.4053861
47200.0 -9.2272864
47400.0 -9.3014192
47600.0 -8.2029724
47800.0 -8.9788405
48000.0 -9.3613704
48200.0 -9.4776198
48400.0 -8.7374658
48600.0 -8.5942107
48800.0 -8.7818348
49000.0 -8.1622804
49200.0 -8.815745
49400.0 -5.7768039
49600.0 -8.1345545
49800.0 -8.2359078
50000.0 -6.1116738
50200.0 -7.6888544
50400.0 -7.3770411
50600.0 -6.7869791
50800.0 -6.78044
51000.0 -4.9717671
51200.0 -6.9583516
51400.0 -7.4824464
51600.0 -7.2719058
51800.0 -8.0866733
52000.0 -7.8238808
52200.0 -7.833695
52400.0 -8.2956004
52600.0 -8.9026313
52800.0 -8.4826115
53000.0 -9.5882344
53200.0 -8.1007929
53400.0 -9.2945959
53600.0 -9.8172183
53800.0 -9.1113236
54000.0 -8.9318069
54200.0 -9.9994732
54400.0 -10.046125
54600.0 -10.469818
54800.0 -9.7083284
55000.0 -11.390944
55200.0 -10.642221
55400.0 -11.019141
55600.0 -9.3248535
55800.0 -10.136132
56000.0 -10.683443
56200.0 -10.741492
56400.0 -10.153288
56600.0 -11.508051
56800.0 -11.114296
57000.0 -10.744941
57200.0 -10.327664
57400.0 -10.002061
57600.0 -9.8300046
57800.0 -9.5537197
58000.0 -8.7706965
58200.0 -8.3826971
58400.0 -8.4771192
58600.0 -8.7225809
58800.0 -8.6910515
59000.0 -7.3402341
59200.0 -7.5688334
59400.0 -7.1285039
59600.0 -7.9572955
59800.0 -8.1506599
60000.0 -6.895356
60200.0 -8.2847275
60400.0 -8.6805101
60600.0 -9.2969375
60800.0 -8.5303339
61000.0 -8.5360863
61200.0 -8.2193671
61400.0 -7.9530552
61600.0 -8.4370303
61800.0 -8.0739111
62000.0 -8.416865
62200.0 -9.0650614
62400.0 -9.2855127
62600.0 -9.7236603
62800.0 -9.2632467
63000.0 -9.604657
63200.0 -9.4319269
63400.0 -9.5898467
63600.0 -8.3505399
63800.0 -8.3116139
64000.0 -9.2372106
64200.0 -7.9447994
64400.0 -8.2767103
64600.0 -8.0496473
64800.0 -8.7489714
65000.0 -8.4709764
65200.0 -8.6037887
65400.0 -9.1561701
65600.0 -8.8516787
65800.0 -9.6698288
66000.0 -10.119275
66200.0 -9.3630155
66400.0 -10.228268
66600.0 -9.5866301
66800.0 -9.9160773
67000.0 -9.6263696
67200.0 -9.3001367
67400.0 -8.5034266
67600.0 -8.4825294
67800.0 -9.2622183
68000.0 -8.282275
68200.0 -8.64572
68400.0 -8.5633443
68600.0 -8.2635479
68800.0 -7.9787474
69000.0 -8.7894087
69200.0 -8.5406252
69400.0 -7.7069304
69600.0 -9.3201136
69800.0 -9.0533715
70000.0 -9.3469339
70200.0 -8.0224428
70400.0 -10.090216
70600.0 -9.3108224
70800.0 -7.3996593
71000.0 -9.7343058
71200.0 -9.3525348
71400.0 -9.6076864
71600.0 -9.9449893
71800.0 -9.8674497
72000.0 -10.397397
72200.0 -10.207547
72400.0 -10.498112
72600.0 -10.184394
72800.0 -9.9682662
73000.0 -10.070011
73200.0 -9.6895018
73400.0 -9.7611617
73600.0 -9.7297724
73800.0 -9.244308
74000.0 -8.9763272
74200.0 -9.5536272
74400.0 -8.5545395
74600.0 -7.3116005
74800.0 -8.150215
75000.0 -8.7412793
75200.0 -7.9195081
75400.0 -8.8266417
75600.0 -7.9871478
75800.0 -8.9367546
76000.0 -8.7380509
76200.0 -8.028963
76400.0 -7.965157
76600.0 -7.7830597
76800.0 -7.358034
77000.0 -7.3078184
77200.0 -7.7827907
77400.0 -7.8891034
77600.0 -6.5982127
77800.0 -7.2628286
78000.0 -7.9974494
78200.0 -8.1898734
78400.0 -6.2443286
78600.0 -8.0850653
78800.0 -8.8173452
79000.0 -8.7081102
79200.0 -9.5727926
79400.0 -9.8953774
79600.0 -10.880102
79800.0 -11.024129
80000.0 -9.9295519
80200.0 -8.045471
80400.0 -9.8943288
80600.0 -9.0202404
80800.0 -8.5143085
81000.0 -8.1756304
81200.0 -8.015829
81400.0 -8.1591687
81600.0 -7.8228853
81800.0 -8.6493631
82000.0 -9.2495603
82200.0 -8.7041644
82400.0 -9.4969696
82600.0 -9.1042569
82800.0 -9.6128703
83000.0 -10.23074
83200.0 -10.609985
83400.0 -10.180772
83600.0 -10.185277
83800.0 -9.7179506
84000.0 -9.5304506
84200.0 -9.308394
84400.0 -8.9893052
84600.0 -8.8591111
84800.0 -8.9925208
85000.0 -8.1059631
85200.0 -8.5896592
85400.0 -8.4722389
85600.0 -7.8231142
85800.0 -8.4253794
86000.0 -8.6458426
86200.0 -8.6675863
86400.0 -7.9550375
86600.0 -8.3183084
86800.0 -8.7384886
87000.0 -8.2166345
87200.0 -8.503486
87400.0 -8.635694
87600.0 -8.7175662
87800.0 -9.1543301
88000.0 -8.0570009
88200.0 -9.0549033
88400.0 -8.7486203
88600.0 -8.8244184
88800.0 -9.7216129
89000.0 -9.2983042
89200.0 -9.3066656
89400.0 -9.1691254
89600.0 -10.980123
89800.0 -10.260114
90000.0 -8.38998
90200.0 -9.2237902
90400.0 -9.3940124
90600.0 -8.360756
90800.0 -7.4863518
91000.0 -8.0378368
91200.0 -7.9645543
91400.0 -7.811752
91600.0 -8.0218792
91800.0 -8.6353723
92000.0 -8.3420533
92200.0 -9.6769568
92400.0 -10.043691
92600.0 -10.28726
92800.0 -10.836466
93000.0 -8.8418591
93200.0 -9.2251837
93400.0 -9.8719243
93600.0 -9.3029043
93800.0 -8.6963735
94000.0 -9.1493606
94200.0 -7.2919093
94400.0 -9.2609658
94600.0 -9.3649666
94800.0 -9.6392667
95000.0 -8.947641
95200.0 -9.8584722
95400.0 -9.0346494
95600.0 -10.075227
95800.0 -9.8255209
96000.0 -9.9318184
96200.0 -10.235173
96400.0 -9.3850397
96600.0 -9.2989396
96800.0 -8.9217492
97000.0 -8.5340278
97200.0 -7.9917542
97400.0 -7.4746836
97600.0 -8.232913
97800.0 -8.1632332
98000.0 -8.6002043
98200.0 -8.0969495
98400.0 -8.1685972
98600.0 -7.9456646
98800.0 -7.9721784
99000.0 -7.2722262
99200.0 -6.9268983
99400.0 -6.674309
99600.0 -6.2445637
99800.0 -6.8496368
100000.0 -5.9436641
