0.0 2.9138269
200.0 2.9068706
400.0 2.9286572
600.0 2.8986563
800.0 2.9173155
1000.0 2.9133453
1200.0 2.9048985
1400.0 2.9129103
1600.0 2.9001766
1800.0 2.9146008
2000.0 2.9026325
2200.0 2.9100855
2400.0 2.8966945
2600.0 2.9053534
2800.0 2.906892
3000.0 2.8998132
3200.0 2.9253005
3400.0 2.8916279
3600.0 2.9194112
3800.0 2.9033762
4000.0 2.9207199
4200.0 2.8993018
4400.0 2.9189298
4600.0 2.9025714
4800.0 2.9063804
5000.0 2.9088623
5200.0 2.9066494
5400.0 2.8989235
5600.0 2.9024802
5800.0 2.9132611
6000.0 2.9092085
6200.0 2.921905
6400.0 2.9108422
6600.0 2.9231458
6800.0 2.91472
7000.0 2.909359
7200.0 2.914736
7400.0 2.9086173
7600.0 2.9073615
7800.0 2.9096998
8000.0 2.906809
8200.0 2.909157
8400.0 2.898481
8600.0 2.9112268
8800.0 2.8932725
9000.0 2.9156185
9200.0 2.9032394
9400.0 2.898279
9600.0 2.9024656
9800.0 2.9085984
10000.0 2.9121
10200.0 2.9080763
10400.0 2.9178376
10600.0 2.9083991
10800.0 2.922773
11000.0 2.9041831
11200.0 2.921624
11400.0 2.9001175
11600.0 2.9086705
11800.0 2.8992915
12000.0 2.89128
12200.0 2.9099977
12400.0 2.8924612
12600.0 2.9048553
12800.0 2.9003046
13000.0 2.9065122
13200.0 2.9021301
13400.0 2.9038114
13600.0 2.9075197
13800.0 2.9121911
14000.0 2.9042101
14200.0 2.911068
14400.0 2.910002
14600.0 2.9006303
14800.0 2.9257727
15000.0 2.9172122
15200.0 2.9197154
15400.0 2.9149411
15600.0 2.920458
15800.0 2.9241992
16000.0 2.9007635
16200.0 2.9206311
16400.0 2.9055715
16600.0 2.9073211
16800.0 2.9072677
17000.0 2.9097423
17200.0 2.8967209
17400.0 2.9127801
17600.0 2.8991603
17800.0 2.9068425
18000.0 2.8967881
18200.0 2.9087684
18400.0 2.895146
18600.0 2.9214579
18800.0 2.9023076
19000.0 2.9002695
19200.0 2.9193303
19400.0 2.8997371
19600.0 2.9307373
19800.0 2.8968784
20000.0 2.9276545
20200.0 2.9047951
20400.0 2.9122528
20600.0 2.9184319
20800.0 2.9011324
21000.0 2.9191937
21200.0 2.9015466
21400.0 2.8975852
21600.0 2.9011301
21800.0 2.8982796
22000.0 2.9045251
22200.0 2.9031967
22400.0 2.8981408
22600.0 2.9097367
22800.0 2.9040553
23000.0 2.8969692
23200.0 2.9179944
23400.0 2.9017045
23600.0 2.909355
23800.0 2.9008451
24000.0 2.916054
24200.0 2.9104549
24400.0 2.9112596
24600.0 2.9101172
24800.0 2.9110541
25000.0 2.9190291
25200.0 2.9090135
25400.0 2.9281824
25600.0 2.9112329
25800.0 2.9065204
26000.0 2.9151138
26200.0 2.8936535
26400.0 2.9078809
26600.0 2.8916412
26800.0 2.9011301
27000.0 2.9089603
27200.0 2.9102353
27400.0 2.8990119
27600.0 2.9055411
27800.0 2.9019131
28000.0 2.9089556
28200.0 2.905457
28400.0 2.9099074
28600.0 2.9163415
28800.0 2.9107569
29000.0 2.9084772
29200.0 2.9140692
29400.0 2.9082225
29600.0 2.9213674
29800.0 2.9066744
30000.0 2.9066932
30200.0 2.9085626
30400.0 2.905753
30600.0 2.9113948
30800.0 2.9096461
31000.0 2.8938805
31200.0 2.910652
31400.0 2.9108621
31600.0 2.9009214
31800.0 2.9163479
32000.0 2.9001691
32200.0 2.9141522
32400.0 2.9071894
32600.0 2.9127535
32800.0 2.9153489
33000.0 2.8994502
33200.0 2.9104131
33400.0 2.9115521
33600.0 2.9021158
33800.0 2.9193559
34000.0 2.8985889
34200.0 2.9096378
34400.0 2.9043676
34600.0 2.9023363
34800.0 2.9124981
35000.0 2.8963037
35200.0 2.9002803
35400.0 2.8894794
35600.0 2.8924195
35800.0 2.8959914
36000.0 2.8933289
36200.0 2.91173
36400.0 2.9000875
36600.0 2.905948
36800.0 2.9082903
37000.0 2.9137103
37200.0 2.9029682
37400.0 2.9172047
37600.0 2.9052595
37800.0 2.9130993
38000.0 2.9209079
38200.0 2.9027118
38400.0 2.920307
38600.0 2.8977505
38800.0 2.9191816
39000.0 2.8976807
39200.0 2.9151034
39400.0 2.8904754
39600.0 2.9104922
39800.0 2.8988288
40000.0 2.909341
40200.0 2.90115
40400.0 2.9044465
40600.0 2.9053894
40800.0 2.9208768
41000.0 2.9001093
41200.0 2.9306084
41400.0 2.9043348
41600.0 2.9278762
41800.0 2.9114486
42000.0 2.912748
42200.0 2.9185483
42400.0 2.9252516
42600.0 2.9113321
42800.0 2.9153064
43000.0 2.9010717
43200.0 2.905268
43400.0 2.9098129
43600.0 2.907512
43800.0 2.8993813
44000.0 2.9077452
44200.0 2.9037939
44400.0 2.9059811
44600.0 2.9118442
44800.0 2.9043713
45000.0 2.9130869
45200.0 2.9074214
45400.0 2.9272721
45600.0 2.90729
45800.0 2.9282069
46000.0 2.9032061
46200.0 2.924048
46400.0 2.907365
46600.0 2.9077277
46800.0 2.9086607
47000.0 2.907213
47200.0 2.9119509
47400.0 2.8924024
47600.0 2.9170623
47800.0 2.8946661
48000.0 2.9165122
48200.0 2.9064362
48400.0 2.9094564
48600.0 2.9062809
48800.0 2.9205189
49000.0 2.910609
49200.0 2.9137974
49400.0 2.9133939
49600.0 2.9113509
49800.0 2.9119136
50000.0 2.9062706
50200.0 2.8948875
50400.0 2.913499
50600.0 2.8863552
50800.0 2.9076602
51000.0 2.8941588
51200.0 2.9027981
51400.0 2.8976805
51600.0 2.8999431
51800.0 2.9005198
52000.0 2.8961664
52200.0 2.9118899
52400.0 2.912373
52600.0 2.9091104
52800.0 2.9042229
53000.0 2.9117969
53200.0 2.9119991
53400.0 2.9056637
53600.0 2.9119009
53800.0 2.9052403
54000.0 2.8973446
54200.0 2.9183158
54400.0 2.889262
54600.0 2.89674
54800.0 2.8996544
55000.0 2.8999096
55200.0 2.8830043
55400.0 2.9131042
55600.0 2.8872711
55800.0 2.916385
56000.0 2.9092969
56200.0 2.9048622
56400.0 2.915978
56600.0 2.9064586
56800.0 2.9082589
57000.0 2.9231877
57200.0 2.9041364
57400.0 2.9134094
57600.0 2.9033049
57800.0 2.9141814
58000.0 2.9062143
58200.0 2.901839
58400.0 2.907368
58600.0 2.8891471
58800.0 2.9119251
59000.0 2.8898446
59200.0 2.9050292
59400.0 2.90462
59600.0 2.9037409
59800.0 2.9199055
60000.0 2.9044483
60200.0 2.9224123
60400.0 2.8959875
60600.0 2.9251447
60800.0 2.9078063
61000.0 2.9083898
61200.0 2.9114371
61400.0 2.8933369
61600.0 2.9116895
61800.0 2.896448
62000.0 2.907653
62200.0 2.8922587
62400.0 2.90896
62600.0 2.9044368
62800.0 2.89807
63000.0 2.9107879
63200.0 2.9046093
63400.0 2.9091329
63600.0 2.9110937
63800.0 2.9135155
64000.0 2.9163845
64200.0 2.9088824
64400.0 2.9093908
64600.0 2.9188753
64800.0 2.9076842
65000.0 2.9212528
65200.0 2.9053643
65400.0 2.9058973
65600.0 2.9091445
65800.0 2.902112
66000.0 2.9111089
66200.0 2.9010471
66400.0 2.9080557
66600.0 2.9002708
66800.0 2.9113603
67000.0 2.9030421
67200.0 2.9128291
67400.0 2.9083761
67600.0 2.9137242
67800.0 2.9094108
68000.0 2.9065101
68200.0 2.9256043
68400.0 2.8935692
68600.0 2.9187094
68800.0 2.9029173
69000.0 2.9119179
69200.0 2.9104543
69400.0 2.8961487
69600.0 2.9185329
69800.0 2.8939597
70000.0 2.909903
70200.0 2.8946574
70400.0 2.8992343
70600.0 2.8967049
70800.0 2.8947206
71000.0 2.9047981
71200.0 2.8882522
71400.0 2.9080176
71600.0 2.9019487
71800.0 2.9006233
72000.0 2.906281
72200.0 2.9036797
72400.0 2.9100458
72600.0 2.907021
72800.0 2.9113702
73000.0 2.9031551
73200.0 2.9166436
73400.0 2.9106767
73600.0 2.9032733
73800.0 2.9030984
74000.0 2.8966849
74200.0 2.9066692
74400.0 2.8985856
74600.0 2.9045842
74800.0 2.8972192
75000.0 2.9055906
75200.0 2.9116729
75400.0 2.9015874
75600.0 2.9299307
75800.0 2.8904601
76000.0 2.9237678
76200.0 2.8981063
76400.0 2.9222529
76600.0 2.9106691
76800.0 2.9052035
77000.0 2.9088487
77200.0 2.9097535
77400.0 2.9138554
77600.0 2.9121951
77800.0 2.8965183
78000.0 2.913738
78200.0 2.9052391
78400.0 2.910447
78600.0 2.9072046
78800.0 2.8989273
79000.0 2.8984716
79200.0 2.8985827
79400.0 2.8964759
79600.0 2.889997
79800.0 2.9111603
80000.0 2.8893485
80200.0 2.9177764
80400.0 2.8936023
80600.0 2.9099873
80800.0 2.9158516
81000.0 2.8987206
81200.0 2.9228474
81400.0 2.9051236
81600.0 2.9057121
81800.0 2.9236058
82000.0 2.8997736
82200.0 2.9088849
82400.0 2.900143
82600.0 2.9058849
82800.0 2.9050678
83000.0 2.8852755
83200.0 2.9221437
83400.0 2.8873341
83600.0 2.9169449
83800.0 2.9046261
84000.0 2.9061705
84200.0 2.9186118
84400.0 2.9024533
84600.0 2.9100715
84800.0 2.9084503
85000.0 2.9070548
85200.0 2.9081812
85400.0 2.9113549
85600.0 2.9039523
85800.0 2.919784
86000.0 2.8963557
86200.0 2.9180875
86400.0 2.9017932
86600.0 2.9152627
86800.0 2.9074759
87000.0 2.9111033
87200.0 2.9138193
87400.0 2.9050336
87600.0 2.9238204
87800.0 2.9078283
88000.0 2.9213868
88200.0 2.9041583
88400.0 2.9163841
88600.0 2.9139802
88800.0 2.8986145
89000.0 2.9042176
89200.0 2.9046463
89400.0 2.9068901
89600.0 2.9027605
89800.0 2.9099568
90000.0 2.9020172
90200.0 2.9127524
90400.0 2.9052958
90600.0 2.9120166
90800.0 2.9210524
91000.0 2.9169702
91200.0 2.9336885
91400.0 2.9177033
91600.0 2.9326372
91800.0 2.9155661
92000.0 2.9311296
92200.0 2.9162232
92400.0 2.9097572
92600.0 2.9189102
92800.0 2.9093414
93000.0 2.9212896
93200.0 2.8903066
93400.0 2.9199543
93600.0 2.9007556
93800.0 2.9062552
94000.0 2.9074809
94200.0 2.8968772
94400.0 2.9109924
94600.0 2.8993263
94800.0 2.9128082
95000.0 2.9018987
95200.0 2.9198571
95400.0 2.913928
95600.0 2.9180648
95800.0 2.9077397
96000.0 2.9171886
96200.0 2.9178696
96400.0 2.9083803
96600.0 2.8993204
96800.0 2.9105037
97000.0 2.896681
97200.0 2.9183072
97400.0 2.8978805
97600.0 2.9020322
97800.0 2.9114302
98000.0 2.9029373
98200.0 2.9085776
98400.0 2.9207517
98600.0 2.8988191
98800.0 2.9250324
99000.0 2.9060494
99200.0 2.9180437
99400.0 2.9133301
99600.0 2.9098665
99800.0 2.9153183
100000.0 2.9109682
