0.0 48.046881
200.0 48.030706
400.0 48.049337
600.0 48.072569
800.0 47.959332
1000.0 48.08816
1200.0 47.989992
1400.0 48.131622
1600.0 48.004065
1800.0 48.059153
2000.0 48.069301
2200.0 47.916651
2400.0 48.01942
2600.0 47.8243
2800.0 47.928196
3000.0 47.807204
3200.0 47.887938
3400.0 47.920345
3600.0 47.821992
3800.0 47.871479
4000.0 47.948122
4200.0 47.850024
4400.0 47.931394
4600.0 48.004799
4800.0 48.012239
5000.0 47.963839
5200.0 48.079045
5400.0 48.063657
5600.0 47.965238
5800.0 48.025458
6000.0 47.982702
6200.0 48.106708
6400.0 47.960462
6600.0 48.004633
6800.0 48.053533
7000.0 47.913963
7200.0 47.994211
7400.0 48.011517
7600.0 47.994136
7800.0 48.05999
8000.0 47.960649
8200.0 48.070289
8400.0 48.032499
8600.0 48.0439
8800.0 48.010253
9000.0 48.063965
9200.0 48.041661
9400.0 48.134848
9600.0 48.097923
9800.0 48.023088
10000.0 48.142581
10200.0 48.020815
10400.0 48.128869
10600.0 48.069799
10800.0 47.978388
11000.0 48.041339
11200.0 47.949751
11400.0 48.091932
11600.0 47.952698
11800.0 47.986189
12000.0 48.054964
12200.0 47.985362
12400.0 48.004171
12600.0 48.085118
12800.0 48.135193
13000.0 48.133001
13200.0 48.070398
13400.0 48.179892
13600.0 48.079889
13800.0 48.199786
14000.0 48.137686
14200.0 48.165935
14400.0 48.043012
14600.0 48.135333
14800.0 48.097705
15000.0 48.200259
15200.0 48.184913
15400.0 48.13749
15600.0 48.128025
15800.0 48.234971
16000.0 48.1304
16200.0 48.276346
16400.0 48.23122
16600.0 48.231925
16800.0 48.219638
17000.0 48.272348
17200.0 48.119359
17400.0 48.225847
17600.0 48.169735
17800.0 48.0966
18000.0 48.097322
18200.0 48.17817
18400.0 48.123618
18600.0 48.040814
18800.0 48.157173
19000.0 48.111447
19200.0 48.104776
19400.0 48.085682
19600.0 48.101963
19800.0 48.084039
20000.0 48.054029
20200.0 48.062459
20400.0 47.947523
20600.0 47.990871
20800.0 47.894859
21000.0 47.977365
21200.0 47.983832
21400.0 47.8647
21600.0 48.004112
21800.0 47.990273
22000.0 47.910846
22200.0 48.076705
22400.0 47.950595
22600.0 48.010625
22800.0 47.95958
23000.0 47.974627
23200.0 48.025014
23400.0 47.990405
23600.0 48.000695
23800.0 48.024639
24000.0 48.08908
24200.0 48.06794
24400.0 48.145779
24600.0 48.169492
24800.0 48.11098
25000.0 48.098359
25200.0 48.276324
25400.0 48.047808
25600.0 48.190781
25800.0 48.05712
26000.0 48.166419
26200.0 48.012841
26400.0 48.047333
26600.0 47.982705
26800.0 48.012578
27000.0 48.072554
27200.0 48.027439
27400.0 47.979668
27600.0 47.956403
27800.0 47.936526
28000.0 48.003772
28200.0 47.995778
28400.0 47.914403
28600.0 47.934369
28800.0 47.987557
29000.0 47.90997
29200.0 48.014052
29400.0 47.930644
29600.0 48.038961
29800.0 48.040034
30000.0 47.964035
30200.0 48.142634
30400.0 48.06058
30600.0 48.039789
30800.0 48.201273
31000.0 48.151887
31200.0 47.969936
31400.0 48.185505
31600.0 47.997815
31800.0 48.167502
32000.0 48.066705
32200.0 48.016547
32400.0 48.082841
32600.0 48.03237
32800.0 48.099286
33000.0 48.018411
33200.0 47.961879
33400.0 48.030758
33600.0 48.056395
33800.0 48.008044
34000.0 47.992081
34200.0 48.003376
34400.0 48.02678
34600.0 48.028026
34800.0 47.959186
35000.0 47.99035
35200.0 47.864826
35400.0 48.01913
35600.0 47.90078
35800.0 47.912204
36000.0 47.849435
36200.0 47.985511
36400.0 47.968674
36600.0 47.933858
36800.0 48.121639
37000.0 48.034804
37200.0 48.109527
37400.0 48.033507
37600.0 48.045066
37800.0 48.145277
38000.0 48.139406
38200.0 48.036697
38400.0 48.149943
38600.0 48.0426
38800.0 48.223031
39000.0 48.077742
39200.0 48.183163
39400.0 48.237057
39600.0 48.270231
39800.0 48.188014
40000.0 48.175276
40200.0 48.257062
40400.0 48.129621
40600.0 48.165397
40800.0 48.170924
41000.0 48.098717
41200.0 48.160208
41400.0 48.105661
41600.0 48.064979
41800.0 48.124968
42000.0 48.131058
42200.0 48.051297
42400.0 48.142339
42600.0 48.015945
42800.0 48.178244
43000.0 47.988992
43200.0 48.00023
43400.0 48.011558
43600.0 47.929443
43800.0 48.016083
44000.0 48.001062
44200.0 47.970482
44400.0 47.935539
44600.0 48.038771
44800.0 47.953002
45000.0 47.975368
45200.0 48.034638
45400.0 47.995389
45600.0 48.030198
45800.0 48.045791
46000.0 47.977008
46200.0 48.067535
46400.0 48.013352
46600.0 48.01682
46800.0 48.069463
47000.0 48.070954
47200.0 48.122425
47400.0 48.099819
47600.0 48.127296
47800.0 48.273408
48000.0 48.13615
48200.0 48.07577
48400.0 48.26796
48600.0 48.132322
48800.0 48.25368
49000.0 48.172388
49200.0 48.120176
49400.0 48.215651
49600.0 48.037984
49800.0 48.091693
50000.0 48.09543
50200.0 48.090906
50400.0 48.03991
50600.0 48.072685
50800.0 48.123916
51000.0 48.006182
51200.0 48.196033
51400.0 48.023923
51600.0 48.203668
51800.0 48.172223
52000.0 48.1357
52200.0 48.234683
52400.0 48.162179
52600.0 48.231234
52800.0 48.162649
53000.0 48.138568
53200.0 48.086505
53400.0 48.126401
53600.0 48.107257
53800.0 48.033073
54000.0 48.059556
54200.0 47.986258
54400.0 48.066502
54600.0 48.002727
54800.0 48.004566
55000.0 48.034206
55200.0 47.941996
55400.0 48.044851
55600.0 47.910508
55800.0 47.947416
56000.0 47.898387
56200.0 47.961886
56400.0 47.945127
56600.0 47.993895
56800.0 47.880178
57000.0 47.953173
57200.0 47.905929
57400.0 47.981685
57600.0 48.018976
57800.0 48.053548
58000.0 48.046387
58200.0 47.96893
58400.0 48.167128
58600.0 48.071403
58800.0 48.098586
59000.0 48.154516
59200.0 48.025752
59400.0 48.092321
59600.0 48.146356
59800.0 48.034911
60000.0 48.069662
60200.0 48.015923
60400.0 47.981703
60600.0 48.047513
60800.0 47.877
61000.0 47.962828
61200.0 47.947089
61400.0 47.835055
61600.0 47.921391
61800.0 47.909936
62000.0 47.951443
62200.0 47.80054
62400.0 47.876439
62600.0 47.965394
62800.0 48.004055
63000.0 47.970799
63200.0 48.014011
63400.0 48.028371
63600.0 47.956594
63800.0 48.091225
64000.0 48.032182
64200.0 48.157723
64400.0 48.006279
64600.0 48.156273
64800.0 48.109857
65000.0 48.119831
65200.0 48.185791
65400.0 48.123868
65600.0 48.229473
65800.0 48.191646
66000.0 48.279284
66200.0 48.307057
66400.0 48.372551
66600.0 48.261446
66800.0 48.296828
67000.0 48.36402
67200.0 48.338367
67400.0 48.313864
67600.0 48.241987
67800.0 48.337216
68000.0 48.138008
68200.0 48.242359
68400.0 48.149146
68600.0 48.048821
68800.0 48.10961
69000.0 48.081074
69200.0 48.15428
69400.0 48.036921
69600.0 48.153363
69800.0 48.143892
70000.0 48.103716
70200.0 48.232696
70400.0 48.112632
70600.0 48.175549
70800.0 48.149623
71000.0 48.195253
71200.0 48.114885
71400.0 48.177325
71600.0 48.225931
71800.0 48.143736
72000.0 48.249952
72200.0 48.131948
72400.0 48.213221
72600.0 48.096005
72800.0 48.271225
73000.0 48.069677
73200.0 48.212264
73400.0 48.165477
73600.0 48.133015
73800.0 48.121386
74000.0 48.211698
74200.0 48.188477
74400.0 48.056533
74600.0 48.155386
74800.0 48.142704
75000.0 48.138279
75200.0 48.071333
75400.0 47.994642
75600.0 48.026792
75800.0 48.012256
76000.0 47.900945
76200.0 47.955166
76400.0 47.916849
76600.0 47.963292
76800.0 47.906871
77000.0 47.94677
77200.0 47.895088
77400.0 47.970687
77600.0 47.957609
77800.0 48.086246
78000.0 48.032724
78200.0 48.042024
78400.0 48.013918
78600.0 48.118028
78800.0 47.95702
79000.0 48.082958
79200.0 47.996483
79400.0 47.979
79600.0 48.005023
79800.0 48.002771
80000.0 47.968429
80200.0 48.026657
80400.0 47.867084
80600.0 47.911242
80800.0 47.896252
81000.0 47.934137
81200.0 48.037285
81400.0 48.009659
81600.0 48.022654
81800.0 48.145322
82000.0 48.046029
82200.0 48.133152
82400.0 48.214082
82600.0 48.044379
82800.0 48.125694
83000.0 48.189586
83200.0 48.160534
83400.0 48.138228
83600.0 48.312408
83800.0 48.089827
84000.0 48.201186
84200.0 48.277845
84400.0 48.17293
84600.0 48.321895
84800.0 48.3188
85000.0 48.305606
85200.0 48.223238
85400.0 48.260869
85600.0 48.203978
85800.0 48.198448
86000.0 48.204643
86200.0 48.113845
86400.0 48.248827
86600.0 48.161892
86800.0 48.166146
87000.0 48.105896
87200.0 48.18064
87400.0 48.030705
87600.0 48.15335
87800.0 48.11973
88000.0 47.964249
88200.0 48.086041
88400.0 48.023693
88600.0 48.003394
88800.0 47.974921
89000.0 47.992364
89200.0 48.051803
89400.0 47.913663
89600.0 47.968484
89800.0 47.916179
90000.0 47.92505
90200.0 47.815085
90400.0 47.879099
90600.0 47.888239
90800.0 47.813246
91000.0 47.881441
91200.0 47.879805
91400.0 47.957231
91600.0 48.036713
91800.0 47.885454
92000.0 48.075394
92200.0 48.047784
92400.0 47.970117
92600.0 48.046617
92800.0 48.09208
93000.0 47.983007
93200.0 48.061855
93400.0 48.103677
93600.0 48.113256
93800.0 48.026742
94000.0 48.041162
94200.0 48.127259
94400.0 48.017069
94600.0 48.089864
94800.0 48.067448
95000.0 48.165509
95200.0 48.041452
95400.0 48.033752
95600.0 48.122341
95800.0 48.012005
96000.0 47.982027
96200.0 47.984262
96400.0 47.986141
96600.0 47.894374
96800.0 47.963438
97000.0 47.857206
97200.0 47.87835
97400.0 47.967853
97600.0 47.870742
97800.0 47.904654
98000.0 47.995691
98200.0 48.054203
98400.0 48.056395
98600.0 48.040326
98800.0 48.088357
99000.0 48.109209
99200.0 48.102489
99400.0 48.113233
99600.0 47.953707
99800.0 48.041485
100000.0 48.125417
