0.0 46.802113
200.0 47.024733
400.0 46.874525
600.0 46.944882
800.0 46.850496
1000.0 46.930359
1200.0 46.87877
1400.0 46.872544
1600.0 46.873078
1800.0 46.855245
2000.0 46.853619
2200.0 46.868388
2400.0 46.859595
2600.0 46.860148
2800.0 46.860899
3000.0 46.869785
3200.0 46.881044
3400.0 46.923428
3600.0 46.909888
3800.0 46.900836
4000.0 46.949608
4200.0 46.905502
4400.0 46.925709
4600.0 46.844138
4800.0 46.917555
5000.0 46.793035
5200.0 46.923665
5400.0 46.813043
5600.0 46.900898
5800.0 46.856283
6000.0 46.892224
6200.0 46.782167
6400.0 46.922368
6600.0 46.824118
6800.0 46.897198
7000.0 46.901773
7200.0 46.815601
7400.0 46.906371
7600.0 46.883182
7800.0 46.921231
8000.0 46.97371
8200.0 46.902978
8400.0 46.920595
8600.0 46.974245
8800.0 46.901099
9000.0 46.933738
9200.0 46.823528
9400.0 46.943484
9600.0 46.753582
9800.0 46.978896
10000.0 46.791285
10200.0 46.92318
10400.0 46.821714
10600.0 46.825357
10800.0 46.935645
11000.0 46.845368
11200.0 46.892996
11400.0 46.881903
11600.0 46.937316
11800.0 46.900033
12000.0 46.984561
12200.0 46.884117
12400.0 46.932028
12600.0 46.949858
12800.0 46.852858
13000.0 46.925989
13200.0 46.854286
13400.0 46.872312
13600.0 46.926537
13800.0 46.834073
14000.0 46.938968
14200.0 46.773449
14400.0 46.927936
14600.0 46.824672
14800.0 46.825807
15000.0 46.889375
15200.0 46.775256
15400.0 46.909275
15600.0 46.81229
15800.0 46.873024
16000.0 46.885742
16200.0 46.857062
16400.0 46.918362
16600.0 46.833251
16800.0 46.934723
17000.0 46.859052
17200.0 46.872443
17400.0 46.884473
17600.0 46.856632
17800.0 46.892249
18000.0 46.878661
18200.0 46.8555
18400.0 46.846599
18600.0 46.849854
18800.0 46.865596
19000.0 46.910158
19200.0 46.852241
19400.0 46.942359
19600.0 46.923098
19800.0 46.910422
20000.0 46.929269
20200.0 46.898624
20400.0 46.91764
20600.0 46.822145
20800.0 46.893354
21000.0 46.793583
21200.0 46.793328
21400.0 46.82503
21600.0 46.811087
21800.0 46.877845
22000.0 46.813789
22200.0 46.826295
22400.0 46.930817
22600.0 46.847405
22800.0 46.918271
23000.0 46.777805
23200.0 46.941526
23400.0 46.805582
23600.0 46.923105
23800.0 46.856229
24000.0 46.895922
24200.0 46.930648
24400.0 46.837975
24600.0 46.958129
24800.0 46.835753
25000.0 46.998408
25200.0 46.816309
25400.0 46.990486
25600.0 46.850636
25800.0 46.880751
26000.0 46.90236
26200.0 46.848674
26400.0 46.924916
26600.0 46.83373
26800.0 46.823745
27000.0 46.893595
27200.0 46.80652
27400.0 46.857275
27600.0 46.72656
27800.0 46.755005
28000.0 46.845723
28200.0 46.768208
28400.0 46.847492
28600.0 46.772681
28800.0 46.929832
29000.0 46.789616
29200.0 46.920658
29400.0 46.800158
29600.0 46.928928
29800.0 46.888781
30000.0 46.875709
30200.0 46.864536
30400.0 46.936795
30600.0 46.905878
30800.0 46.864039
31000.0 46.844012
31200.0 46.8607
31400.0 46.8889
31600.0 46.838585
31800.0 46.856423
32000.0 46.819028
32200.0 46.822584
32400.0 46.959585
32600.0 46.765636
32800.0 46.972509
33000.0 46.865407
33200.0 46.908907
33400.0 46.859764
33600.0 46.939592
33800.0 46.856798
34000.0 46.930947
34200.0 46.900174
34400.0 46.867952
34600.0 46.899691
34800.0 46.87194
35000.0 46.870361
35200.0 46.869423
35400.0 46.830646
35600.0 46.846853
35800.0 46.774715
36000.0 46.904099
36200.0 46.758315
36400.0 46.887118
36600.0 46.791466
36800.0 46.897812
37000.0 46.855547
37200.0 46.862424
37400.0 46.94462
37600.0 46.833212
37800.0 46.935601
38000.0 46.894805
38200.0 46.931722
38400.0 46.782594
38600.0 46.958187
38800.0 46.850167
39000.0 46.861317
39200.0 46.878289
39400.0 46.771422
39600.0 46.886779
39800.0 46.807445
40000.0 46.864304
40200.0 46.857382
40400.0 46.853983
40600.0 46.87564
40800.0 46.893941
41000.0 46.94839
41200.0 46.90966
41400.0 46.950331
41600.0 46.924317
41800.0 46.931378
42000.0 46.898037
42200.0 46.902925
42400.0 46.915311
42600.0 46.859479
42800.0 46.87662
43000.0 46.878644
43200.0 46.847991
43400.0 46.897978
43600.0 46.823171
43800.0 46.870223
44000.0 46.826391
44200.0 46.910698
44400.0 46.799531
44600.0 46.976652
44800.0 46.828806
45000.0 46.929615
45200.0 46.953851
45400.0 46.848291
45600.0 46.984556
45800.0 46.863236
46000.0 46.904543
46200.0 46.827169
46400.0 46.908899
46600.0 46.77483
46800.0 46.864298
47000.0 46.81523
47200.0 46.817611
47400.0 46.853601
47600.0 46.838668
47800.0 46.848284
48000.0 46.870332
48200.0 46.901459
48400.0 46.879008
48600.0 46.94128
48800.0 46.861872
49000.0 46.87147
49200.0 46.907596
49400.0 46.861176
49600.0 46.954831
49800.0 46.795916
50000.0 46.875999
50200.0 46.857314
50400.0 46.856305
50600.0 46.803583
50800.0 46.819089
51000.0 46.834451
51200.0 46.769198
51400.0 46.811737
51600.0 46.824719
51800.0 46.807885
52000.0 46.887686
52200.0 46.92913
52400.0 46.78945
52600.0 46.900054
52800.0 46.816199
53000.0 46.90781
53200.0 46.846386
53400.0 46.895612
53600.0 46.811581
53800.0 46.895641
54000.0 46.843362
54200.0 46.888649
54400.0 46.86462
54600.0 46.914149
54800.0 46.924119
55000.0 46.918955
55200.0 46.905327
55400.0 46.879405
55600.0 46.926649
55800.0 46.828567
56000.0 46.887727
56200.0 46.881909
56400.0 46.790647
56600.0 46.916866
56800.0 46.853684
57000.0 46.881313
57200.0 46.860563
57400.0 46.903173
57600.0 46.923822
57800.0 46.885816
58000.0 46.904264
58200.0 46.925768
58400.0 46.940535
58600.0 46.888149
58800.0 46.930725
59000.0 46.849847
59200.0 46.907904
59400.0 46.753728
59600.0 46.947173
59800.0 46.761127
60000.0 46.870704
60200.0 46.847226
60400.0 46.801515
60600.0 46.850341
60800.0 46.850801
61000.0 46.892034
61200.0 46.901564
61400.0 46.927274
61600.0 46.998698
61800.0 46.832282
62000.0 46.971161
62200.0 46.917566
62400.0 46.854992
62600.0 46.948107
62800.0 46.837885
63000.0 46.886462
63200.0 46.858918
63400.0 46.933748
63600.0 46.843374
63800.0 46.879393
64000.0 46.866498
64200.0 46.870175
64400.0 46.861711
64600.0 46.848029
64800.0 46.824938
65000.0 46.848822
65200.0 46.781993
65400.0 46.835553
65600.0 46.813585
65800.0 46.801809
66000.0 46.905625
66200.0 46.836206
66400.0 46.884669
66600.0 46.938148
66800.0 46.867969
67000.0 46.883483
67200.0 46.850158
67400.0 46.923569
67600.0 46.872925
67800.0 46.861664
68000.0 46.914117
68200.0 46.840585
68400.0 46.866257
68600.0 46.913829
68800.0 46.849906
69000.0 46.835111
69200.0 46.888098
69400.0 46.904836
69600.0 46.910382
69800.0 46.842593
70000.0 46.870184
70200.0 46.894496
70400.0 46.869905
70600.0 46.893995
70800.0 46.785152
71000.0 46.90055
71200.0 46.825477
71400.0 46.865075
71600.0 46.834107
71800.0 46.799866
72000.0 46.931622
72200.0 46.833713
72400.0 46.93225
72600.0 46.942289
72800.0 46.853761
73000.0 46.954242
73200.0 46.909205
73400.0 46.924704
73600.0 46.89979
73800.0 46.932904
74000.0 46.899118
74200.0 46.930669
74400.0 46.873439
74600.0 46.898896
74800.0 46.838604
75000.0 46.840765
75200.0 46.864167
75400.0 46.819527
75600.0 46.830783
75800.0 46.854436
76000.0 46.836033
76200.0 46.829921
76400.0 46.892607
76600.0 46.86903
76800.0 46.904745
77000.0 46.932115
77200.0 46.874403
77400.0 46.905903
77600.0 46.957394
77800.0 46.885137
78000.0 46.945852
78200.0 46.89452
78400.0 46.963679
78600.0 46.888605
78800.0 46.955012
79000.0 46.905441
79200.0 46.900627
79400.0 46.87487
79600.0 46.850976
79800.0 46.882018
80000.0 46.863823
80200.0 46.859853
80400.0 46.834418
80600.0 46.916197
80800.0 46.797443
81000.0 46.912299
81200.0 46.804104
81400.0 46.902279
81600.0 46.884147
81800.0 46.88067
82000.0 46.913063
82200.0 46.918179
82400.0 46.887143
82600.0 46.950644
82800.0 46.942767
83000.0 46.864208
83200.0 46.912715
83400.0 46.869697
83600.0 46.856013
83800.0 46.810779
84000.0 46.867971
84200.0 46.795254
84400.0 46.865167
84600.0 46.86906
84800.0 46.883786
85000.0 46.838124
85200.0 46.909587
85400.0 46.890546
85600.0 46.926803
85800.0 46.93451
86000.0 46.891294
86200.0 46.835149
86400.0 46.922741
86600.0 46.881425
86800.0 46.798094
87000.0 46.912681
87200.0 46.807356
87400.0 46.897148
87600.0 46.800726
87800.0 46.893071
88000.0 46.861688
88200.0 46.884307
88400.0 46.835656
88600.0 46.880558
88800.0 46.938983
89000.0 46.89785
89200.0 46.933315
89400.0 46.971091
89600.0 46.91008
89800.0 46.979316
90000.0 46.8991
90200.0 46.94437
90400.0 46.861079
90600.0 46.932881
90800.0 46.806117
91000.0 46.896942
91200.0 46.845367
91400.0 46.846683
91600.0 46.858819
91800.0 46.84133
92000.0 46.906962
92200.0 46.769072
92400.0 46.941726
92600.0 46.829266
92800.0 46.963599
93000.0 46.887257
93200.0 46.933197
93400.0 46.890969
93600.0 46.972316
93800.0 46.899022
94000.0 46.885243
94200.0 46.854734
94400.0 46.899196
94600.0 46.843049
94800.0 46.910816
95000.0 46.828773
95200.0 46.888744
95400.0 46.891308
95600.0 46.809894
95800.0 46.929115
96000.0 46.874081
96200.0 46.953733
96400.0 46.857278
96600.0 46.947243
96800.0 46.908315
97000.0 46.950781
97200.0 46.883515
97400.0 46.887398
97600.0 46.94446
97800.0 46.844979
98000.0 46.856579
98200.0 46.9754
98400.0 46.788265
98600.0 46.909722
98800.0 46.848208
99000.0 46.875197
99200.0 46.885824
99400.0 46.846102
99600.0 46.858205
99800.0 46.859934
100000.0 46.84608
