0.0 -5079.4898
200.0 -5080.5897
400.0 -5079.864
600.0 -5078.5442
800.0 -5076.7358
1000.0 -5074.168
1200.0 -5072.211
1400.0 -5069.8011
1600.0 -5067.3863
1800.0 -5066.1083
2000.0 -5066.4378
2200.0 -5066.412
2400.0 -5066.3493
2600.0 -5067.057
2800.0 -5067.8133
3000.0 -5068.3468
3200.0 -5069.2649
3400.0 -5070.2942
3600.0 -5071.1349
3800.0 -5072.5496
4000.0 -5074.3752
4200.0 -5075.9983
4400.0 -5078.4408
4600.0 -5082.0761
4800.0 -5084.5459
5000.0 -5085.227
5200.0 -5084.7026
5400.0 -5081.6
5600.0 -5076.6373
5800.0 -5073.4873
6000.0 -5071.1748
6200.0 -5069.2819
6400.0 -5067.547
6600.0 -5066.1371
6800.0 -5065.4936
7000.0 -5066.4484
7200.0 -5067.9516
7400.0 -5069.978
7600.0 -5072.864
7800.0 -5076.7877
8000.0 -5078.9279
8200.0 -5079.1515
8400.0 -5078.7172
8600.0 -5077.6119
8800.0 -5073.4087
9000.0 -5066.6153
9200.0 -5064.4304
9400.0 -5064.1979
9600.0 -5064.1199
9800.0 -5065.0452
10000.0 -5066.7751
10200.0 -5069.5002
10400.0 -5073.0005
10600.0 -5075.1877
10800.0 -5076.5741
11000.0 -5076.918
11200.0 -5076.4971
11400.0 -5074.7841
11600.0 -5070.5109
11800.0 -5064.9728
12000.0 -5060.797
12200.0 -5059.7764
12400.0 -5060.4702
12600.0 -5061.9617
12800.0 -5064.7425
13000.0 -5068.176
13200.0 -5070.8591
13400.0 -5072.4145
13600.0 -5073.9821
13800.0 -5074.6932
14000.0 -5073.8237
14200.0 -5072.6335
14400.0 -5071.7812
14600.0 -5069.7429
14800.0 -5067.5622
15000.0 -5066.2419
15200.0 -5066.1253
15400.0 -5067.1828
15600.0 -5070.7654
15800.0 -5076.8903
16000.0 -5080.2256
16200.0 -5080.8591
16400.0 -5080.0736
16600.0 -5077.8638
16800.0 -5075.1585
17000.0 -5071.1642
17200.0 -5068.5453
17400.0 -5067.8371
17600.0 -5067.6303
17800.0 -5068.2551
18000.0 -5069.1203
18200.0 -5069.437
18400.0 -5070.2464
18600.0 -5071.8577
18800.0 -5074.4798
19000.0 -5078.2115
19200.0 -5080.5406
19400.0 -5080.9203
19600.0 -5079.8119
19800.0 -5077.6588
20000.0 -5074.2844
20200.0 -5069.8664
20400.0 -5066.9015
20600.0 -5065.8539
20800.0 -5065.2062
21000.0 -5065.5994
21200.0 -5067.1792
21400.0 -5069.165
21600.0 -5071.5638
21800.0 -5074.4951
22000.0 -5076.8397
22200.0 -5077.5208
22400.0 -5076.1638
22600.0 -5072.927
22800.0 -5068.6666
23000.0 -5062.7833
23200.0 -5058.161
23400.0 -5055.7827
23600.0 -5055.933
23800.0 -5058.4939
24000.0 -5061.5459
24200.0 -5063.5885
24400.0 -5066.8071
24600.0 -5069.5266
24800.0 -5070.7726
25000.0 -5072.0595
25200.0 -5073.567
25400.0 -5074.5271
25600.0 -5074.632
25800.0 -5074.736
26000.0 -5075.009
26200.0 -5074.109
26400.0 -5071.116
26600.0 -5067.6041
26800.0 -5065.0508
27000.0 -5063.4721
27200.0 -5062.0486
27400.0 -5061.7226
27600.0 -5063.5902
27800.0 -5067.3825
28000.0 -5071.7425
28200.0 -5074.4265
28400.0 -5076.5644
28600.0 -5077.2907
28800.0 -5076.3243
29000.0 -5074.8027
29200.0 -5073.418
29400.0 -5071.5163
29600.0 -5069.9388
29800.0 -5068.9488
30000.0 -5068.103
30200.0 -5067.057
30400.0 -5067.0095
30600.0 -5066.9195
30800.0 -5065.6753
31000.0 -5064.9246
31200.0 -5065.0565
31400.0 -5065.7141
31600.0 -5067.4296
31800.0 -5069.6002
32000.0 -5072.2147
32200.0 -5074.7648
32400.0 -5075.9677
32600.0 -5076.3175
32800.0 -5075.3665
33000.0 -5074.0632
33200.0 -5070.9639
33400.0 -5066.587
33600.0 -5063.1612
33800.0 -5061.9001
34000.0 -5062.0589
34200.0 -5062.4676
34400.0 -5063.9918
34600.0 -5066.2085
34800.0 -5067.9816
35000.0 -5068.7189
35200.0 -5069.7342
35400.0 -5070.797
35600.0 -5070.9416
35800.0 -5071.1132
36000.0 -5071.4915
36200.0 -5071.7057
36400.0 -5071.129
36600.0 -5070.5704
36800.0 -5070.4094
37000.0 -5070.4547
37200.0 -5069.8011
37400.0 -5068.1494
37600.0 -5067.1017
37800.0 -5065.3178
38000.0 -5063.9838
38200.0 -5064.3449
38400.0 -5065.5845
38600.0 -5068.0828
38800.0 -5070.7699
39000.0 -5074.1057
39200.0 -5077.1141
39400.0 -5077.5294
39600.0 -5076.6021
39800.0 -5075.972
40000.0 -5074.8263
40200.0 -5073.567
40400.0 -5071.7538
40600.0 -5069.7832
40800.0 -5069.8894
41000.0 -5069.8504
41200.0 -5069.1833
41400.0 -5069.2435
41600.0 -5069.7172
41800.0 -5069.1862
42000.0 -5068.7266
42200.0 -5069.729
42400.0 -5071.793
42600.0 -5073.8214
42800.0 -5076.0252
43000.0 -5078.4349
43200.0 -5080.2355
43400.0 -5080.825
43600.0 -5080.2133
43800.0 -5077.3663
44000.0 -5072.408
44200.0 -5069.2202
44400.0 -5067.6907
44600.0 -5066.4988
44800.0 -5065.8255
45000.0 -5065.9043
45200.0 -5066.6173
45400.0 -5068.4735
45600.0 -5071.2116
45800.0 -5074.7612
46000.0 -5077.5777
46200.0 -5079.2294
46400.0 -5079.8249
46600.0 -5078.7339
46800.0 -5076.2074
47000.0 -5074.602
47200.0 -5073.2669
47400.0 -5072.6675
47600.0 -5072.1682
47800.0 -5071.2942
48000.0 -5070.933
48200.0 -5070.3891
48400.0 -5069.7575
48600.0 -5068.4791
48800.0 -5066.5756
49000.0 -5064.6639
49200.0 -5062.5799
49400.0 -5060.6913
49600.0 -5060.2758
49800.0 -5062.5508
50000.0 -5067.1373
50200.0 -5070.3756
50400.0 -5072.3614
50600.0 -5074.0866
50800.0 -5075.0303
51000.0 -5074.5848
51200.0 -5073.7693
51400.0 -5072.9567
51600.0 -5071.2546
51800.0 -5068.3495
52000.0 -5064.2816
52200.0 -5059.3406
52400.0 -5056.4876
52600.0 -5056.1537
52800.0 -5057.1314
53000.0 -5058.7243
53200.0 -5060.4378
53400.0 -5062.7795
53600.0 -5065.6221
53800.0 -5067.9559
54000.0 -5070.3157
54200.0 -5071.9238
54400.0 -5073.4438
54600.0 -5074.3967
54800.0 -5074.8768
55000.0 -5074.5464
55200.0 -5072.1666
55400.0 -5067.6488
55600.0 -5063.7587
55800.0 -5061.459
56000.0 -5060.6311
56200.0 -5060.7019
56400.0 -5062.5554
56600.0 -5065.2728
56800.0 -5067.6087
57000.0 -5069.8567
57200.0 -5071.5095
57400.0 -5072.2959
57600.0 -5071.8146
57800.0 -5071.4599
58000.0 -5071.168
58200.0 -5070.4904
58400.0 -5069.3451
58600.0 -5067.8637
58800.0 -5066.8768
59000.0 -5066.5208
59200.0 -5065.8571
59400.0 -5065.4879
59600.0 -5065.3766
59800.0 -5065.7593
60000.0 -5067.958
60200.0 -5070.7521
60400.0 -5073.5594
60600.0 -5075.177
60800.0 -5075.909
61000.0 -5075.9006
61200.0 -5075.3741
61400.0 -5073.3079
61600.0 -5068.9121
61800.0 -5064.3037
62000.0 -5061.479
62200.0 -5061.1537
62400.0 -5062.4961
62600.0 -5065.0351
62800.0 -5068.0423
63000.0 -5070.4112
63200.0 -5071.799
63400.0 -5072.2761
63600.0 -5072.6313
63800.0 -5073.2544
64000.0 -5073.3736
64200.0 -5072.4661
64400.0 -5070.6139
64600.0 -5067.288
64800.0 -5063.9258
65000.0 -5061.7203
65200.0 -5060.072
65400.0 -5059.4218
65600.0 -5060.982
65800.0 -5063.9445
66000.0 -5067.8918
66200.0 -5072.4421
66400.0 -5074.3438
66600.0 -5074.327
66800.0 -5074.1966
67000.0 -5073.8778
67200.0 -5072.8836
67400.0 -5070.4841
67600.0 -5068.0956
67800.0 -5066.6215
68000.0 -5065.0043
68200.0 -5062.6506
68400.0 -5059.9276
68600.0 -5058.065
68800.0 -5056.7177
69000.0 -5056.8898
69200.0 -5059.1246
69400.0 -5063.6149
69600.0 -5067.5937
69800.0 -5070.2841
70000.0 -5072.9234
70200.0 -5074.3387
70400.0 -5074.5389
70600.0 -5074.7245
70800.0 -5074.1481
71000.0 -5072.1771
71200.0 -5068.552
71400.0 -5064.7481
71600.0 -5061.7624
71800.0 -5060.9432
72000.0 -5061.4019
72200.0 -5062.8265
72400.0 -5064.0395
72600.0 -5065.1321
72800.0 -5067.3203
73000.0 -5068.4436
73200.0 -5068.5029
73400.0 -5069.0961
73600.0 -5070.9018
73800.0 -5072.053
74000.0 -5072.9194
74200.0 -5074.5897
74400.0 -5077.5318
74600.0 -5080.716
74800.0 -5083.0003
75000.0 -5083.0266
75200.0 -5080.7799
75400.0 -5076.0148
75600.0 -5071.5219
75800.0 -5069.1414
76000.0 -5067.7583
76200.0 -5067.0409
76400.0 -5066.4827
76600.0 -5066.6955
76800.0 -5068.1541
77000.0 -5070.4187
77200.0 -5072.8996
77400.0 -5075.0621
77600.0 -5077.3445
77800.0 -5080.2677
78000.0 -5082.1592
78200.0 -5083.2433
78400.0 -5083.0848
78600.0 -5080.2061
78800.0 -5074.7367
79000.0 -5070.6158
79200.0 -5068.3715
79400.0 -5066.611
79600.0 -5066.4083
79800.0 -5067.7481
80000.0 -5068.1989
80200.0 -5068.6101
80400.0 -5070.3323
80600.0 -5073.415
80800.0 -5075.9389
81000.0 -5077.9506
81200.0 -5079.7682
81400.0 -5080.1658
81600.0 -5079.4449
81800.0 -5077.6179
82000.0 -5073.1656
82200.0 -5068.7449
82400.0 -5065.9492
82600.0 -5064.9091
82800.0 -5064.8449
83000.0 -5064.8639
83200.0 -5065.363
83400.0 -5067.7537
83600.0 -5070.9184
83800.0 -5074.3137
84000.0 -5077.6578
84200.0 -5078.9771
84400.0 -5078.4601
84600.0 -5077.0548
84800.0 -5075.9661
85000.0 -5074.2098
85200.0 -5072.4469
85400.0 -5071.6412
85600.0 -5071.2662
85800.0 -5070.6879
86000.0 -5069.3773
86200.0 -5066.5248
86400.0 -5064.2523
86600.0 -5063.9746
86800.0 -5065.4183
87000.0 -5069.3142
87200.0 -5074.6162
87400.0 -5077.7556
87600.0 -5079.3827
87800.0 -5079.6229
88000.0 -5078.4614
88200.0 -5075.5704
88400.0 -5072.2167
88600.0 -5069.4519
88800.0 -5067.8842
89000.0 -5067.4496
89200.0 -5067.7755
89400.0 -5067.5581
89600.0 -5067.6028
89800.0 -5068.8819
90000.0 -5071.2925
90200.0 -5074.5744
90400.0 -5079.552
90600.0 -5083.1365
90800.0 -5083.7809
91000.0 -5082.8742
91200.0 -5080.5413
91400.0 -5078.141
91600.0 -5076.15
91800.0 -5074.2996
92000.0 -5071.9655
92200.0 -5070.1508
92400.0 -5068.719
92600.0 -5067.0424
92800.0 -5066.4912
93000.0 -5066.9719
93200.0 -5067.8126
93400.0 -5069.1111
93600.0 -5072.6139
93800.0 -5077.3626
94000.0 -5079.4352
94200.0 -5079.533
94400.0 -5079.2534
94600.0 -5077.9356
94800.0 -5073.9685
95000.0 -5069.5272
95200.0 -5067.3219
95400.0 -5066.6154
95600.0 -5066.2487
95800.0 -5066.2289
96000.0 -5066.2288
96200.0 -5067.4074
96400.0 -5070.3693
96600.0 -5074.1923
96800.0 -5078.0494
97000.0 -5080.3932
97200.0 -5080.9261
97400.0 -5080.0146
97600.0 -5078.166
97800.0 -5076.554
98000.0 -5075.1006
98200.0 -5073.8007
98400.0 -5072.1356
98600.0 -5070.2036
98800.0 -5068.3737
99000.0 -5066.7257
99200.0 -5065.0055
99400.0 -5064.158
99600.0 -5064.1713
99800.0 -5065.9586
100000.0 -5070.8142
