0.0 179.68537
200.0 188.9631
400.0 182.32348
600.0 189.41043
800.0 190.65189
1000.0 191.00337
1200.0 191.48997
1400.0 184.51397
1600.0 193.00696
1800.0 189.62077
2000.0 191.55753
2200.0 186.96583
2400.0 193.49355
2600.0 188.54219
2800.0 191.74649
3000.0 181.60742
3200.0 185.76998
3400.0 190.54369
3600.0 185.31507
3800.0 183.36456
4000.0 192.72451
4200.0 185.38958
4400.0 191.72676
4600.0 189.13863
4800.0 191.88735
5000.0 192.54926
5200.0 187.57361
5400.0 192.01276
5600.0 192.42716
5800.0 184.5966
6000.0 184.75626
6200.0 188.8137
6400.0 188.97096
6600.0 186.98162
6800.0 184.58375
7000.0 192.98756
7200.0 194.13885
7400.0 189.90056
7600.0 195.96598
7800.0 189.53528
8000.0 193.4597
8200.0 188.5444
8400.0 191.54227
8600.0 187.52071
8800.0 187.45865
9000.0 185.42237
9200.0 189.99068
9400.0 186.54128
9600.0 191.62436
9800.0 188.96803
10000.0 185.75194
10200.0 192.37439
10400.0 195.20902
10600.0 194.63362
10800.0 191.00134
11000.0 192.33394
11200.0 195.43894
11400.0 190.50273
11600.0 185.7104
11800.0 192.28063
12000.0 188.78103
12200.0 188.92213
12400.0 185.72801
12600.0 189.24067
12800.0 186.25979
13000.0 191.65422
13200.0 188.72304
13400.0 193.25053
13600.0 194.01536
13800.0 193.64657
14000.0 193.59119
14200.0 188.89516
14400.0 189.47698
14600.0 195.02141
14800.0 183.35022
15000.0 188.56408
15200.0 189.53623
15400.0 184.29438
15600.0 190.27063
15800.0 185.24431
16000.0 190.65112
16200.0 186.5977
16400.0 193.73991
16600.0 191.34035
16800.0 194.00608
17000.0 189.52962
17200.0 187.80666
17400.0 187.07379
17600.0 189.76745
17800.0 183.08884
18000.0 186.17048
18200.0 184.35753
18400.0 187.49099
18600.0 186.19342
18800.0 192.08786
19000.0 187.12651
19200.0 190.50461
19400.0 191.16894
19600.0 189.27439
19800.0 192.69089
20000.0 186.36757
20200.0 193.28621
20400.0 184.95459
20600.0 188.14107
20800.0 185.05186
21000.0 181.94415
21200.0 187.32724
21400.0 181.86828
21600.0 186.18668
21800.0 186.70059
22000.0 191.44594
22200.0 189.99637
22400.0 185.02931
22600.0 188.71044
22800.0 192.33918
23000.0 187.41915
23200.0 191.21804
23400.0 192.26756
23600.0 188.69771
23800.0 189.42134
24000.0 194.58169
24200.0 190.71127
24400.0 187.65997
24600.0 190.62158
24800.0 190.1478
25000.0 185.61731
25200.0 184.07478
25400.0 191.12353
25600.0 184.72837
25800.0 185.59161
26000.0 189.29536
26200.0 194.09227
26400.0 188.50491
26600.0 190.02705
26800.0 191.82224
27000.0 191.57143
27200.0 192.83255
27400.0 190.57291
27600.0 189.48769
27800.0 187.47388
28000.0 188.20777
28200.0 189.59565
28400.0 188.81096
28600.0 186.13995
28800.0 189.52519
29000.0 191.2766
29200.0 185.40956
29400.0 189.26335
29600.0 192.20826
29800.0 189.0334
30000.0 189.29015
30200.0 199.88375
30400.0 193.11908
30600.0 193.58023
30800.0 191.4905
31000.0 192.91174
31200.0 192.16222
31400.0 187.34794
31600.0 190.75047
31800.0 189.11798
32000.0 189.56094
32200.0 191.48712
32400.0 184.76621
32600.0 187.58959
32800.0 187.72162
33000.0 187.76701
33200.0 188.93057
33400.0 186.96329
33600.0 191.50473
33800.0 196.29992
34000.0 189.34913
34200.0 192.19971
34400.0 191.17064
34600.0 190.41298
34800.0 190.59784
35000.0 190.05563
35200.0 188.22811
35400.0 186.11518
35600.0 185.33764
35800.0 188.36857
36000.0 184.1192
36200.0 193.00962
36400.0 186.47124
36600.0 190.15929
36800.0 192.33604
37000.0 189.09313
37200.0 187.20553
37400.0 197.92372
37600.0 192.70922
37800.0 188.89265
38000.0 196.21132
38200.0 185.52633
38400.0 189.1385
38600.0 189.06105
38800.0 183.53846
39000.0 188.39598
39200.0 186.36469
39400.0 186.67892
39600.0 187.51721
39800.0 192.11185
40000.0 191.21034
40200.0 193.16784
40400.0 188.01697
40600.0 192.02924
40800.0 194.324
41000.0 187.24842
41200.0 189.35041
41400.0 192.33325
41600.0 186.08608
41800.0 189.43796
42000.0 189.51193
42200.0 188.33938
42400.0 184.99217
42600.0 191.82999
42800.0 190.68943
43000.0 186.58065
43200.0 192.8287
43400.0 192.13226
43600.0 189.73513
43800.0 195.0758
44000.0 193.61297
44200.0 197.43874
44400.0 189.21794
44600.0 189.35327
44800.0 187.5208
45000.0 195.33718
45200.0 183.32284
45400.0 190.42157
45600.0 185.46265
45800.0 188.18773
46000.0 190.57154
46200.0 190.27177
46400.0 181.94472
46600.0 197.75571
46800.0 192.29269
47000.0 187.80291
47200.0 197.95915
47400.0 195.15024
47600.0 190.47559
47800.0 189.84031
48000.0 193.70279
48200.0 188.59966
48400.0 189.71927
48600.0 187.17903
48800.0 189.7908
49000.0 184.62999
49200.0 190.504
49400.0 189.6572
49600.0 190.50927
49800.0 191.69972
50000.0 189.88786
50200.0 195.62059
50400.0 194.12447
50600.0 193.22491
50800.0 197.52752
51000.0 186.23434
51200.0 187.00097
51400.0 193.03612
51600.0 186.96485
51800.0 186.01195
52000.0 190.54425
52200.0 189.06175
52400.0 188.3038
52600.0 186.57264
52800.0 192.49959
53000.0 186.20694
53200.0 188.38128
53400.0 198.58355
53600.0 191.65041
53800.0 192.29533
54000.0 190.55096
54200.0 193.32805
54400.0 186.52588
54600.0 190.35649
54800.0 189.41889
55000.0 185.92196
55200.0 183.30041
55400.0 193.44565
55600.0 187.36606
55800.0 188.15512
56000.0 192.49139
56200.0 189.64788
56400.0 189.60715
56600.0 192.77202
56800.0 187.62098
57000.0 189.00976
57200.0 187.61353
57400.0 185.21113
57600.0 189.03297
57800.0 183.86769
58000.0 184.92988
58200.0 189.36905
58400.0 188.6911
58600.0 192.21425
58800.0 187.95067
59000.0 194.10196
59200.0 186.63249
59400.0 188.86043
59600.0 195.31587
59800.0 191.45329
60000.0 189.93249
60200.0 190.64422
60400.0 188.13217
60600.0 190.98206
60800.0 183.62049
61000.0 190.14292
61200.0 192.85801
61400.0 187.00356
61600.0 186.03113
61800.0 193.46123
62000.0 188.57366
62200.0 191.08275
62400.0 195.01009
62600.0 192.47407
62800.0 194.63141
63000.0 190.29418
63200.0 194.15636
63400.0 190.3946
63600.0 188.32072
63800.0 189.23995
64000.0 184.29536
64200.0 190.49181
64400.0 189.72321
64600.0 186.21515
64800.0 187.04504
65000.0 189.85569
65200.0 195.08303
65400.0 192.50089
65600.0 192.80152
65800.0 190.67802
66000.0 193.63489
66200.0 187.61795
66400.0 192.39361
66600.0 183.79082
66800.0 187.52352
67000.0 189.5028
67200.0 184.73113
67400.0 185.71015
67600.0 182.52733
67800.0 195.09743
68000.0 192.05488
68200.0 188.04233
68400.0 191.03469
68600.0 189.87592
68800.0 191.58414
69000.0 188.89007
69200.0 188.99588
69400.0 188.9603
69600.0 183.55071
69800.0 184.98459
70000.0 186.12459
70200.0 184.20099
70400.0 186.13007
70600.0 185.09293
70800.0 187.90285
71000.0 190.32225
71200.0 187.8403
71400.0 190.60965
71600.0 190.62263
71800.0 189.78789
72000.0 189.93864
72200.0 192.25784
72400.0 185.13653
72600.0 185.45415
72800.0 187.7606
73000.0 185.41357
73200.0 184.95871
73400.0 184.18496
73600.0 187.60845
73800.0 190.59463
74000.0 180.0361
74200.0 194.16534
74400.0 189.23249
74600.0 189.54027
74800.0 193.74397
75000.0 189.43266
75200.0 188.47984
75400.0 187.68948
75600.0 186.78042
75800.0 184.47473
76000.0 188.61445
76200.0 193.02197
76400.0 186.27652
76600.0 187.79343
76800.0 190.1022
77000.0 190.76776
77200.0 195.07808
77400.0 190.27456
77600.0 190.89101
77800.0 191.64086
78000.0 189.34464
78200.0 191.51772
78400.0 185.84372
78600.0 189.27184
78800.0 185.68314
79000.0 184.89541
79200.0 186.62204
79400.0 191.95272
79600.0 184.86136
79800.0 192.01382
80000.0 186.31172
80200.0 192.29004
80400.0 191.68286
80600.0 185.96011
80800.0 199.5341
81000.0 194.31006
81200.0 197.19527
81400.0 194.34827
81600.0 192.16638
81800.0 192.62191
82000.0 195.24644
82200.0 188.58068
82400.0 188.88128
82600.0 188.85992
82800.0 187.71984
83000.0 188.63951
83200.0 186.26519
83400.0 190.92397
83600.0 191.34821
83800.0 186.16519
84000.0 189.47293
84200.0 189.18179
84400.0 191.71098
84600.0 187.99877
84800.0 193.43281
85000.0 194.06244
85200.0 195.95617
85400.0 187.30084
85600.0 187.93993
85800.0 188.32326
86000.0 191.7239
86200.0 185.57304
86400.0 185.57936
86600.0 187.30637
86800.0 189.7518
87000.0 186.31863
87200.0 186.35569
87400.0 188.50758
87600.0 187.56327
87800.0 193.74346
88000.0 189.99439
88200.0 183.56822
88400.0 197.85073
88600.0 187.32242
88800.0 186.90947
89000.0 190.81437
89200.0 189.55053
89400.0 188.78911
89600.0 190.72021
89800.0 187.21848
90000.0 190.96845
90200.0 187.1906
90400.0 183.56457
90600.0 192.79738
90800.0 192.07318
91000.0 190.09657
91200.0 190.25081
91400.0 191.63661
91600.0 197.72695
91800.0 188.96249
92000.0 191.11005
92200.0 191.31178
92400.0 186.7061
92600.0 190.34601
92800.0 182.85453
93000.0 186.72396
93200.0 188.66004
93400.0 186.92735
93600.0 194.20945
93800.0 185.22297
94000.0 187.40631
94200.0 194.08628
94400.0 189.91033
94600.0 184.43077
94800.0 196.06858
95000.0 190.49112
95200.0 189.98265
95400.0 186.20984
95600.0 194.12095
95800.0 189.26155
96000.0 192.45901
96200.0 186.41981
96400.0 190.42581
96600.0 189.32529
96800.0 184.3009
97000.0 187.49186
97200.0 187.16207
97400.0 183.32733
97600.0 186.64322
97800.0 193.24619
98000.0 188.61414
98200.0 191.53578
98400.0 193.92899
98600.0 188.42941
98800.0 192.70689
99000.0 188.92113
99200.0 188.82127
99400.0 190.49005
99600.0 185.62387
99800.0 186.19246
100000.0 187.35801
