0.0 45.987555
200.0 45.961008
400.0 45.944189
600.0 46.003305
800.0 46.008705
1000.0 45.938293
1200.0 45.981513
1400.0 46.019877
1600.0 45.960468
1800.0 45.992022
2000.0 46.002492
2200.0 46.019971
2400.0 45.969243
2600.0 46.0136
2800.0 46.045003
3000.0 45.987224
3200.0 46.010444
3400.0 46.018897
3600.0 45.991093
3800.0 45.97281
4000.0 45.966858
4200.0 46.023098
4400.0 45.968902
4600.0 45.935245
4800.0 46.012637
5000.0 46.030314
5200.0 45.957037
5400.0 45.955329
5600.0 46.026822
5800.0 46.031904
6000.0 45.987604
6200.0 45.970733
6400.0 46.035218
6600.0 46.016721
6800.0 45.939584
7000.0 45.985678
7200.0 45.995777
7400.0 45.975642
7600.0 45.927557
7800.0 46.005306
8000.0 45.9637
8200.0 45.975131
8400.0 45.984419
8600.0 46.010962
8800.0 45.996131
9000.0 46.007773
9200.0 46.001388
9400.0 45.979665
9600.0 46.017002
9800.0 45.988832
10000.0 45.973489
10200.0 45.991287
10400.0 45.991677
10600.0 45.964355
10800.0 45.984587
11000.0 46.016567
11200.0 45.963987
11400.0 45.939647
11600.0 46.098461
11800.0 45.998799
12000.0 45.968643
12200.0 46.014723
12400.0 46.036109
12600.0 45.969945
12800.0 45.958409
13000.0 45.980877
13200.0 45.993757
13400.0 45.973385
13600.0 45.978514
13800.0 45.97502
14000.0 45.987555
14200.0 45.978839
14400.0 46.00524
14600.0 46.002728
14800.0 45.999599
15000.0 46.001284
15200.0 46.02923
15400.0 46.034392
15600.0 45.97207
15800.0 46.003825
16000.0 45.951781
16200.0 46.027605
16400.0 45.970668
16600.0 45.948945
16800.0 45.97489
17000.0 45.996297
17200.0 45.950329
17400.0 45.98757
17600.0 45.998906
17800.0 45.987104
18000.0 46.005687
18200.0 45.995923
18400.0 46.006725
18600.0 45.982826
18800.0 45.995362
19000.0 46.009711
19200.0 45.974781
19400.0 45.955605
19600.0 46.004031
19800.0 45.985199
20000.0 45.97065
20200.0 45.951054
20400.0 46.03664
20600.0 45.995073
20800.0 45.941078
21000.0 45.994028
21200.0 46.063981
21400.0 45.991176
21600.0 45.934538
21800.0 46.043301
22000.0 46.017768
22200.0 45.960245
22400.0 45.964181
22600.0 46.002377
22800.0 45.975698
23000.0 45.953283
23200.0 45.956042
23400.0 46.015306
23600.0 45.95971
23800.0 45.988312
24000.0 45.983351
24200.0 46.031303
24400.0 45.990575
24600.0 45.976562
24800.0 46.034539
25000.0 45.995755
25200.0 45.969013
25400.0 45.952199
25600.0 46.051706
25800.0 46.010996
26000.0 45.91127
26200.0 45.952283
26400.0 46.06072
26600.0 45.995219
26800.0 45.944718
27000.0 45.998612
27200.0 46.041243
27400.0 45.996296
27600.0 45.997691
27800.0 46.045927
28000.0 45.995453
28200.0 45.978388
28400.0 45.980788
28600.0 45.996435
28800.0 45.977664
29000.0 45.992298
29200.0 45.969966
29400.0 45.985785
29600.0 45.990063
29800.0 45.962454
30000.0 45.967078
30200.0 46.004017
30400.0 45.997499
30600.0 45.979336
30800.0 45.96534
31000.0 46.022589
31200.0 46.021588
31400.0 45.960677
31600.0 45.997813
31800.0 46.034436
32000.0 46.006788
32200.0 45.95353
32400.0 45.951697
32600.0 46.025078
32800.0 45.9675
33000.0 45.940798
33200.0 45.963353
33400.0 46.035642
33600.0 45.961579
33800.0 45.96161
34000.0 46.025123
34200.0 45.998972
34400.0 45.998021
34600.0 45.996667
34800.0 46.014853
35000.0 45.992885
35200.0 46.01804
35400.0 45.986883
35600.0 45.990666
35800.0 45.98589
36000.0 45.97588
36200.0 45.989241
36400.0 45.949502
36600.0 45.989569
36800.0 45.980326
37000.0 45.974267
37200.0 46.007233
37400.0 45.990029
37600.0 45.978532
37800.0 46.022761
38000.0 46.025361
38200.0 45.979367
38400.0 45.937328
38600.0 46.039149
38800.0 46.025526
39000.0 45.967642
39200.0 45.938492
39400.0 46.031191
39600.0 46.012602
39800.0 45.943569
40000.0 45.980232
40200.0 45.999345
40400.0 45.972496
40600.0 45.955543
40800.0 45.958723
41000.0 45.992563
41200.0 45.953187
41400.0 45.95366
41600.0 45.977502
41800.0 46.001875
42000.0 45.990057
42200.0 45.968235
42400.0 45.991562
42600.0 46.033119
42800.0 45.979571
43000.0 45.94512
43200.0 46.021144
43400.0 46.013937
43600.0 45.990178
43800.0 45.897774
44000.0 45.974842
44200.0 45.974751
44400.0 45.971027
44600.0 45.884416
44800.0 45.968742
45000.0 45.990031
45200.0 45.940376
45400.0 45.949316
45600.0 46.014497
45800.0 45.984965
46000.0 45.966134
46200.0 46.010583
46400.0 45.985485
46600.0 46.000126
46800.0 45.978053
47000.0 46.016626
47200.0 46.02896
47400.0 45.980871
47600.0 45.977903
47800.0 46.019973
48000.0 46.011663
48200.0 45.972257
48400.0 45.963015
48600.0 45.99552
48800.0 45.937738
49000.0 45.983537
49200.0 45.977812
49400.0 45.980112
49600.0 45.965425
49800.0 45.997923
50000.0 46.008894
50200.0 45.95782
50400.0 45.983918
50600.0 45.998249
50800.0 45.993127
51000.0 45.970001
51200.0 45.984668
51400.0 46.003716
51600.0 45.973788
51800.0 45.967968
52000.0 45.981213
52200.0 45.984683
52400.0 45.972576
52600.0 45.942109
52800.0 45.964896
53000.0 45.996623
53200.0 45.998161
53400.0 45.935728
53600.0 46.012988
53800.0 46.002033
54000.0 45.999398
54200.0 45.993035
54400.0 45.993835
54600.0 46.012559
54800.0 46.003431
55000.0 45.968796
55200.0 45.976494
55400.0 45.999687
55600.0 45.967997
55800.0 45.898357
56000.0 46.005007
56200.0 45.997512
56400.0 45.961105
56600.0 45.930489
56800.0 46.030939
57000.0 45.99643
57200.0 45.979345
57400.0 45.980992
57600.0 46.022619
57800.0 46.000792
58000.0 45.968244
58200.0 45.990961
58400.0 45.999825
58600.0 45.994539
58800.0 45.969048
59000.0 45.984994
59200.0 45.975039
59400.0 46.025812
59600.0 45.901098
59800.0 45.944905
60000.0 45.997731
60200.0 45.988909
60400.0 45.898586
60600.0 45.998328
60800.0 45.981517
61000.0 45.990949
61200.0 45.974779
61400.0 45.984596
61600.0 45.995285
61800.0 45.996068
62000.0 45.991359
62200.0 45.985057
62400.0 45.995663
62600.0 45.976921
62800.0 45.989011
63000.0 45.93985
63200.0 45.975744
63400.0 46.011166
63600.0 45.934927
63800.0 45.959576
64000.0 46.013676
64200.0 45.997502
64400.0 45.954372
64600.0 45.980871
64800.0 46.029492
65000.0 46.02521
65200.0 45.907699
65400.0 46.017324
65600.0 46.007516
65800.0 45.968391
66000.0 45.970518
66200.0 45.974575
66400.0 45.989232
66600.0 45.922868
66800.0 45.962419
67000.0 46.000686
67200.0 45.957407
67400.0 45.950122
67600.0 46.01548
67800.0 46.009655
68000.0 45.975977
68200.0 45.965711
68400.0 46.030844
68600.0 45.987606
68800.0 45.981142
69000.0 45.978242
69200.0 45.989604
69400.0 45.959737
69600.0 45.961531
69800.0 45.966285
70000.0 45.960599
70200.0 45.973902
70400.0 45.980693
70600.0 45.963741
70800.0 46.03116
71000.0 46.000087
71200.0 45.99337
71400.0 45.991432
71600.0 46.004309
71800.0 46.026244
72000.0 45.940963
72200.0 45.998321
72400.0 46.012768
72600.0 45.934842
72800.0 45.963807
73000.0 45.981126
73200.0 45.990847
73400.0 45.953101
73600.0 45.993113
73800.0 46.006566
74000.0 46.010432
74200.0 45.983142
74400.0 45.996504
74600.0 46.000973
74800.0 45.982737
75000.0 45.992055
75200.0 45.983812
75400.0 45.947719
75600.0 46.004894
75800.0 45.970009
76000.0 45.940715
76200.0 45.976885
76400.0 46.009908
76600.0 45.95835
76800.0 45.960016
77000.0 46.016559
77200.0 46.030335
77400.0 45.935521
77600.0 46.024022
77800.0 46.022501
78000.0 46.002412
78200.0 45.953768
78400.0 45.985797
78600.0 46.049899
78800.0 45.933081
79000.0 45.894106
79200.0 45.993996
79400.0 46.045245
79600.0 45.939903
79800.0 45.941583
80000.0 46.003486
80200.0 46.004036
80400.0 45.952391
80600.0 46.008257
80800.0 45.978252
81000.0 46.022439
81200.0 45.956513
81400.0 45.988545
81600.0 46.008017
81800.0 45.989472
82000.0 45.991557
82200.0 45.927638
82400.0 45.988541
82600.0 45.970589
82800.0 45.954282
83000.0 45.934646
83200.0 46.042939
83400.0 45.979781
83600.0 45.958909
83800.0 46.002534
84000.0 46.020628
84200.0 45.997466
84400.0 45.96108
84600.0 45.991482
84800.0 46.032551
85000.0 45.944069
85200.0 45.954399
85400.0 46.001516
85600.0 45.9676
85800.0 45.934538
86000.0 45.958346
86200.0 45.98854
86400.0 45.966139
86600.0 45.957617
86800.0 45.989652
87000.0 46.005917
87200.0 45.952139
87400.0 45.963048
87600.0 46.012281
87800.0 46.032545
88000.0 45.938801
88200.0 45.971008
88400.0 46.049033
88600.0 45.997021
88800.0 45.984843
89000.0 45.977846
89200.0 46.000527
89400.0 45.973973
89600.0 45.965501
89800.0 45.97979
90000.0 45.962306
90200.0 45.978001
90400.0 45.972989
90600.0 45.997058
90800.0 45.982255
91000.0 46.019221
91200.0 45.989647
91400.0 45.990492
91600.0 46.035523
91800.0 45.967104
92000.0 45.983082
92200.0 46.012646
92400.0 46.004472
92600.0 45.954193
92800.0 45.952122
93000.0 46.026673
93200.0 45.976624
93400.0 45.940083
93600.0 45.986803
93800.0 46.018121
94000.0 45.991556
94200.0 45.950336
94400.0 46.007042
94600.0 46.044056
94800.0 45.992576
95000.0 45.959033
95200.0 45.99101
95400.0 46.020301
95600.0 45.946359
95800.0 45.954063
96000.0 45.987719
96200.0 45.989226
96400.0 45.937452
96600.0 45.971375
96800.0 46.03589
97000.0 45.956619
97200.0 45.944255
97400.0 46.004706
97600.0 46.042646
97800.0 45.922904
98000.0 45.97537
98200.0 46.00505
98400.0 46.005974
98600.0 45.943941
98800.0 45.974044
99000.0 45.986431
99200.0 45.97991
99400.0 45.929834
99600.0 45.984357
99800.0 45.988651
100000.0 45.989034
