0.0 398.66557
200.0 398.10421
400.0 396.98081
600.0 395.61088
800.0 394.4284
1000.0 393.73073
1200.0 393.68659
1400.0 394.30606
1600.0 395.28004
1800.0 396.19196
2000.0 396.76943
2200.0 396.92158
2400.0 396.71234
2600.0 396.31802
2800.0 395.9315
3000.0 395.72592
3200.0 395.88713
3400.0 396.39095
3600.0 396.97095
3800.0 397.44631
4000.0 397.65481
4200.0 397.45246
4400.0 396.84298
4600.0 396.06195
4800.0 395.4325
5000.0 395.36404
5200.0 396.13872
5400.0 397.55875
5600.0 398.96243
5800.0 399.73292
6000.0 399.56442
6200.0 398.41066
6400.0 396.62912
6600.0 394.91093
6800.0 393.76706
7000.0 393.30933
7200.0 393.43749
7400.0 393.99154
7600.0 394.73517
7800.0 395.45241
8000.0 396.1734
8200.0 396.99747
8400.0 398.06674
8600.0 399.50878
8800.0 401.19643
9000.0 402.7385
9200.0 403.57515
9400.0 403.50975
9600.0 402.60976
9800.0 400.91367
10000.0 398.78389
10200.0 396.83614
10400.0 395.45778
10600.0 394.60939
10800.0 394.20713
11000.0 394.17517
11200.0 394.32897
11400.0 394.60632
11600.0 394.93439
11800.0 395.24148
12000.0 395.54642
12200.0 395.93491
12400.0 396.54277
12600.0 397.59501
12800.0 399.24024
13000.0 401.2354
13200.0 403.04162
13400.0 404.03624
13600.0 403.76784
13800.0 401.95454
14000.0 398.93508
14200.0 396.25791
14400.0 394.87191
14600.0 394.57284
14800.0 394.92598
15000.0 395.52178
15200.0 396.00019
15400.0 396.13743
15600.0 395.91922
15800.0 395.62745
16000.0 395.44917
16200.0 395.42615
16400.0 395.79202
16600.0 396.6263
16800.0 397.69276
17000.0 398.66008
17200.0 399.19578
17400.0 398.97274
17600.0 397.63874
17800.0 395.30466
18000.0 392.86232
18200.0 391.29281
18400.0 390.95079
18600.0 391.70937
18800.0 393.00125
19000.0 394.20037
19200.0 394.94996
19400.0 395.23978
19600.0 395.27374
19800.0 395.25016
20000.0 395.3461
20200.0 395.66617
20400.0 396.16422
20600.0 396.73245
20800.0 397.2358
21000.0 397.4992
21200.0 397.40715
21400.0 396.96507
21600.0 396.37848
21800.0 395.99617
22000.0 396.13176
22200.0 396.87953
22400.0 398.10507
22600.0 399.36373
22800.0 400.10205
23000.0 400.02596
23200.0 399.02392
23400.0 397.16353
23600.0 395.08532
23800.0 393.5342
24000.0 392.75908
24200.0 392.72331
24400.0 393.26987
24600.0 394.24723
24800.0 395.55564
25000.0 397.03763
25200.0 398.45794
25400.0 399.6234
25600.0 400.51391
25800.0 401.15133
26000.0 401.69111
26200.0 401.94721
26400.0 401.64559
26600.0 400.59547
26800.0 398.84382
27000.0 396.59051
27200.0 394.30145
27400.0 392.38983
27600.0 391.07617
27800.0 390.37769
28000.0 390.29385
28200.0 390.82863
28400.0 391.88855
28600.0 393.29929
28800.0 394.78843
29000.0 396.14296
29200.0 397.25565
29400.0 398.15465
29600.0 398.93818
29800.0 399.62424
30000.0 400.13037
30200.0 400.1801
30400.0 399.45575
30600.0 397.79563
30800.0 395.48679
31000.0 393.397
31200.0 392.01399
31400.0 391.37369
31600.0 391.40727
31800.0 392.08469
32000.0 393.21287
32200.0 394.46444
32400.0 395.59899
32600.0 396.42453
32800.0 396.95515
33000.0 397.48246
33200.0 398.24207
33400.0 399.23838
33600.0 400.26584
33800.0 400.94175
34000.0 400.93873
34200.0 399.98758
34400.0 397.99954
34600.0 395.43667
34800.0 393.35276
35000.0 392.34928
35200.0 392.21644
35400.0 392.48392
35600.0 392.77217
35800.0 392.97253
36000.0 393.07184
36200.0 393.20311
36400.0 393.57217
36600.0 394.30999
36800.0 395.30784
37000.0 396.38948
37200.0 397.34757
37400.0 398.0154
37600.0 398.28754
37800.0 398.1464
38000.0 397.7553
38200.0 397.55383
38400.0 397.97904
38600.0 398.8988
38800.0 399.92074
39000.0 400.57445
39200.0 400.6454
39400.0 400.04195
39600.0 398.94227
39800.0 397.69692
40000.0 396.6053
40200.0 395.80461
40400.0 395.32698
40600.0 395.14153
40800.0 394.98257
41000.0 394.63323
41200.0 394.01982
41400.0 393.31968
41600.0 392.78136
41800.0 392.69363
42000.0 393.29175
42200.0 394.57646
42400.0 396.2901
42600.0 397.96893
42800.0 399.1947
43000.0 399.68523
43200.0 399.5007
43400.0 399.04055
43600.0 398.65675
43800.0 398.40767
44000.0 398.33435
44200.0 398.24657
44400.0 397.92713
44600.0 397.18468
44800.0 396.00708
45000.0 394.70566
45200.0 393.67485
45400.0 393.15224
45600.0 393.27278
45800.0 393.89021
46000.0 394.66604
46200.0 395.3707
46400.0 395.79467
46600.0 395.97361
46800.0 395.81168
47000.0 395.41537
47200.0 395.1561
47400.0 395.23728
47600.0 395.6893
47800.0 396.38186
48000.0 397.07259
48200.0 397.57983
48400.0 397.75076
48600.0 397.46505
48800.0 396.8795
49000.0 396.31548
49200.0 396.11944
49400.0 396.49083
49600.0 397.32979
49800.0 398.31541
50000.0 399.07884
50200.0 399.3142
50400.0 398.9691
50600.0 398.135
50800.0 397.08131
51000.0 396.18822
51200.0 395.53661
51400.0 395.13116
51600.0 394.86784
51800.0 394.62784
52000.0 394.2775
52200.0 393.52375
52400.0 392.21617
52600.0 390.46915
52800.0 388.7912
53000.0 387.80716
53200.0 388.00987
53400.0 389.6273
53600.0 392.37663
53800.0 395.04618
54000.0 396.8212
54200.0 397.58958
54400.0 397.76909
54600.0 397.69395
54800.0 397.61788
55000.0 397.62802
55200.0 397.59572
55400.0 397.50102
55600.0 397.29934
55800.0 396.89551
56000.0 396.17434
56200.0 395.15628
56400.0 393.87204
56600.0 392.56242
56800.0 391.51927
57000.0 391.03084
57200.0 391.28511
57400.0 392.35074
57600.0 394.19481
57800.0 396.35843
58000.0 398.16956
58200.0 399.1607
58400.0 399.45354
58600.0 399.29327
58800.0 398.93503
59000.0 398.63207
59200.0 398.37908
59400.0 397.98474
59600.0 397.27116
59800.0 396.29211
60000.0 395.14133
60200.0 393.89204
60400.0 392.67991
60600.0 391.63036
60800.0 390.9422
61000.0 390.83492
61200.0 391.25762
61400.0 392.12091
61600.0 393.31328
61800.0 394.76268
62000.0 396.47882
62200.0 398.19202
62400.0 399.69337
62600.0 400.85612
62800.0 401.64527
63000.0 401.93469
63200.0 401.65413
63400.0 400.9156
63600.0 399.92114
63800.0 398.49018
64000.0 396.33471
64200.0 393.47969
64400.0 390.85084
64600.0 389.3386
64800.0 389.02693
65000.0 389.59386
65200.0 390.59078
65400.0 391.73165
65600.0 392.96171
65800.0 394.20922
66000.0 395.56903
66200.0 397.04913
66400.0 398.48571
66600.0 399.56038
66800.0 400.01365
67000.0 399.8065
67200.0 399.02638
67400.0 397.8028
67600.0 396.48307
67800.0 395.444
68000.0 394.75568
68200.0 394.27759
68400.0 393.89785
68600.0 393.45444
68800.0 392.94071
69000.0 392.50397
69200.0 392.40329
69400.0 392.85163
69600.0 394.14066
69800.0 396.38108
70000.0 399.02871
70200.0 401.13235
70400.0 402.14507
70600.0 402.18894
70800.0 401.74742
71000.0 401.16258
71200.0 400.64493
71400.0 400.25563
71600.0 399.82525
71800.0 399.17834
72000.0 398.23567
72200.0 397.11611
72400.0 395.96455
72600.0 394.95232
72800.0 394.28816
73000.0 393.98437
73200.0 393.93677
73400.0 393.97565
73600.0 393.89984
73800.0 393.63235
74000.0 393.28771
74200.0 393.02383
74400.0 393.09553
74600.0 393.73988
74800.0 394.81837
75000.0 395.85878
75200.0 396.68164
75400.0 397.32818
75600.0 397.61557
75800.0 397.62749
76000.0 397.43511
76200.0 397.37624
76400.0 397.74111
76600.0 398.57692
76800.0 399.6992
77000.0 400.66332
77200.0 400.97897
77400.0 400.46218
77600.0 399.23402
77800.0 397.6185
78000.0 396.08447
78200.0 394.9876
78400.0 394.40759
78600.0 394.35425
78800.0 394.558
79000.0 394.61101
79200.0 394.45001
79400.0 394.25062
79600.0 394.18849
79800.0 394.35663
80000.0 394.81587
80200.0 395.45809
80400.0 396.18998
80600.0 396.84396
80800.0 397.30129
81000.0 397.6108
81200.0 397.87787
81400.0 398.14846
81600.0 398.53965
81800.0 399.11254
82000.0 399.79246
82200.0 400.42811
82400.0 400.76206
82600.0 400.24404
82800.0 398.55967
83000.0 396.06457
83200.0 393.72737
83400.0 392.19236
83600.0 391.6472
83800.0 391.94986
84000.0 392.75076
84200.0 393.61272
84400.0 394.21972
84600.0 394.52896
84800.0 394.63691
85000.0 394.76296
85200.0 395.15423
85400.0 395.88398
85600.0 396.95438
85800.0 398.1847
86000.0 399.4398
86200.0 400.58839
86400.0 401.5177
86600.0 402.22985
86800.0 402.74417
87000.0 403.02885
87200.0 403.0563
87400.0 402.67844
87600.0 401.63512
87800.0 399.98902
88000.0 398.12513
88200.0 396.49445
88400.0 395.34824
88600.0 394.66405
88800.0 394.25056
89000.0 393.93128
89200.0 393.64354
89400.0 393.43349
89600.0 393.38297
89800.0 393.61048
90000.0 394.37244
90200.0 395.87386
90400.0 398.09406
90600.0 400.51801
90800.0 402.31647
91000.0 403.00966
91200.0 402.60662
91400.0 401.25241
91600.0 399.41404
91800.0 397.66729
92000.0 396.3236
92200.0 395.53903
92400.0 395.39319
92600.0 395.80324
92800.0 396.4722
93000.0 397.00389
93200.0 397.15585
93400.0 396.87517
93600.0 396.17789
93800.0 395.26323
94000.0 394.42655
94200.0 393.88106
94400.0 393.74773
94600.0 394.11288
94800.0 394.90144
95000.0 395.85823
95200.0 396.74529
95400.0 397.24614
95600.0 397.21565
95800.0 396.95312
96000.0 396.92898
96200.0 397.32271
96400.0 397.93049
96600.0 398.53992
96800.0 398.90005
97000.0 398.72069
97200.0 397.87024
97400.0 396.44696
97600.0 394.89712
97800.0 393.79906
98000.0 393.52047
98200.0 394.2306
98400.0 395.57308
98600.0 396.85557
98800.0 397.58597
99000.0 397.59975
99200.0 397.00845
99400.0 396.05311
99600.0 394.96018
99800.0 393.88522
100000.0 393.00012
