0.0 -2.0212937
200.0 -6.5218415
400.0 69.207001
600.0 -52.621736
800.0 -36.320275
1000.0 89.088422
1200.0 -72.722899
1400.0 56.741317
1600.0 -50.883203
1800.0 5.2733186
2000.0 57.1587
2200.0 -49.68165
2400.0 21.687369
2600.0 -21.120325
2800.0 20.668596
3000.0 -6.4833725
3200.0 19.669118
3400.0 -43.553655
3600.0 74.545464
3800.0 -47.251357
4000.0 -14.629595
4200.0 56.209961
4400.0 -43.746271
4600.0 -29.520616
4800.0 46.023877
5000.0 1.7365111
5200.0 -39.158166
5400.0 69.043052
5600.0 -74.49279
5800.0 18.828136
6000.0 42.142939
6200.0 -91.313017
6400.0 71.652466
6600.0 -31.321757
6800.0 8.6031038
7000.0 -5.204619
7200.0 -9.4760468
7400.0 16.475834
7600.0 -15.003194
7800.0 -7.1090251
8000.0 25.968179
8200.0 7.1866749
8400.0 -0.47649581
8600.0 -14.717139
8800.0 90.287172
9000.0 -104.63732
9200.0 -19.056358
9400.0 98.321867
9600.0 -25.069214
9800.0 -20.875211
10000.0 7.9152218
10200.0 22.02138
10400.0 -32.705987
10600.0 47.771311
10800.0 -48.742603
11000.0 8.5319667
11200.0 26.90727
11400.0 -22.048913
11600.0 31.901497
11800.0 -25.277288
12000.0 1.6406742
12200.0 -4.2210834
12400.0 -9.2816372
12600.0 16.704491
12800.0 23.48774
13000.0 -70.074062
13200.0 72.226997
13400.0 -11.658124
13600.0 -62.658239
13800.0 70.455443
14000.0 -16.206021
14200.0 -39.483817
14400.0 40.450274
14600.0 9.9315472
14800.0 -6.2598061
15000.0 -22.787366
15200.0 33.60755
15400.0 -0.64352411
15600.0 -5.6905859
15800.0 33.49999
16000.0 -57.301895
16200.0 24.914762
16400.0 32.599489
16600.0 -44.787958
16800.0 26.616301
17000.0 17.651242
17200.0 -27.262545
17400.0 31.753086
17600.0 7.8701526
17800.0 -68.122712
18000.0 90.485711
18200.0 -47.78554
18400.0 -18.21147
18600.0 16.221081
18800.0 23.042778
19000.0 -19.951757
19200.0 23.66267
19400.0 -18.519115
19600.0 45.707967
19800.0 -37.886513
20000.0 32.228933
20200.0 -40.486914
20400.0 43.004476
20600.0 -25.271836
20800.0 -8.8165017
21000.0 22.355846
21200.0 -20.572316
21400.0 17.836468
21600.0 23.705019
21800.0 -77.457088
22000.0 76.136968
22200.0 40.613765
22400.0 -92.15682
22600.0 67.145959
22800.0 -57.309907
23000.0 7.9733565
23200.0 70.783626
23400.0 -73.085223
23600.0 -1.4864252
23800.0 45.73529
24000.0 -34.663442
24200.0 19.580558
24400.0 -2.6768274
24600.0 41.342667
24800.0 -50.519191
25000.0 11.504611
25200.0 2.1022339
25400.0 -19.078022
25600.0 15.595465
25800.0 -23.29177
26000.0 49.344566
26200.0 -44.084083
26400.0 8.1119104
26600.0 51.981136
26800.0 -59.261092
27000.0 38.095447
27200.0 19.3162
27400.0 -64.73301
27600.0 90.711298
27800.0 -23.43764
28000.0 -27.548522
28200.0 63.419377
28400.0 -67.342354
28600.0 -4.6803993
28800.0 68.613778
29000.0 -75.869012
29200.0 37.150434
29400.0 17.220346
29600.0 -61.863939
29800.0 75.786
30000.0 -67.215945
30200.0 31.200998
30400.0 31.799874
30600.0 -61.644045
30800.0 36.961011
31000.0 -4.3195882
31200.0 -46.389775
31400.0 113.63733
31600.0 -67.190047
31800.0 -10.722267
32000.0 57.707907
32200.0 -37.122848
32400.0 -41.323995
32600.0 97.332755
32800.0 -82.85165
33000.0 27.461124
33200.0 38.321851
33400.0 -44.462608
33600.0 32.012661
33800.0 3.6027008
34000.0 16.967222
34200.0 -42.601109
34400.0 49.974449
34600.0 -37.509449
34800.0 45.491701
35000.0 -48.977997
35200.0 6.8887575
35400.0 21.498884
35600.0 -42.354342
35800.0 -2.9858317
36000.0 65.535497
36200.0 -64.421458
36400.0 6.4432964
36600.0 26.195216
36800.0 -34.091908
37000.0 6.9091221
37200.0 -6.3761613
37400.0 11.978673
37600.0 -24.510983
37800.0 25.058095
38000.0 -9.4753903
38200.0 38.36074
38400.0 6.5313427
38600.0 -36.672518
38800.0 29.427479
39000.0 11.799738
39200.0 -22.31303
39400.0 11.570428
39600.0 -27.540679
39800.0 31.940462
40000.0 -1.9479455
40200.0 -20.693261
40400.0 44.690277
40600.0 -78.182228
40800.0 41.423391
41000.0 46.35855
41200.0 -90.412088
41400.0 40.30444
41600.0 51.824417
41800.0 -94.119098
42000.0 71.052803
42200.0 8.7867876
42400.0 -40.124917
42600.0 51.30801
42800.0 -55.846703
43000.0 33.654472
43200.0 -3.6422982
43400.0 -34.519512
43600.0 24.740562
43800.0 -2.4143178
44000.0 2.8793829
44200.0 5.3259272
44400.0 -21.571566
44600.0 1.7584973
44800.0 19.644052
45000.0 -18.981326
45200.0 -21.870075
45400.0 54.844126
45600.0 -37.227261
45800.0 -21.668302
46000.0 73.016299
46200.0 -96.849516
46400.0 37.613914
46600.0 44.450053
46800.0 -39.943627
47000.0 6.3565672
47200.0 26.556125
47400.0 -1.8253331
47600.0 19.443974
47800.0 -2.460286
48000.0 -44.897098
48200.0 8.0290986
48400.0 39.654189
48600.0 -74.791723
48800.0 87.566847
49000.0 -55.751188
49200.0 -12.209826
49400.0 27.617243
49600.0 -15.710922
49800.0 -15.950594
50000.0 5.5492201
50200.0 11.034922
50400.0 10.522269
50600.0 -14.701464
50800.0 4.2831256
51000.0 14.169198
51200.0 6.6176736
51400.0 -3.9616624
51600.0 55.468334
51800.0 -64.411503
52000.0 36.361856
52200.0 8.553709
52400.0 -32.47681
52600.0 38.168298
52800.0 0.64167505
53000.0 -19.826169
53200.0 16.319443
53400.0 -2.4744242
53600.0 22.420847
53800.0 -32.364367
54000.0 20.373164
54200.0 -8.4570657
54400.0 5.6990303
54600.0 13.048097
54800.0 -55.143047
55000.0 66.177586
55200.0 -46.625181
55400.0 -14.734164
55600.0 85.266758
55800.0 -55.920546
56000.0 2.7089621
56200.0 34.285902
56400.0 -45.050637
56600.0 78.379146
56800.0 -30.411979
57000.0 -39.682241
57200.0 18.265824
57400.0 -4.6437993
57600.0 38.983365
57800.0 -38.369338
58000.0 20.562567
58200.0 -27.024775
58400.0 30.447171
58600.0 0.80942683
58800.0 -8.9772463
59000.0 -9.7469141
59200.0 -11.469627
59400.0 24.705589
59600.0 7.7521942
59800.0 -30.927359
60000.0 4.5979379
60200.0 43.356803
60400.0 -59.692209
60600.0 -2.6458387
60800.0 102.20932
61000.0 -148.39368
61200.0 68.969622
61400.0 46.344114
61600.0 -53.183682
61800.0 13.582429
62000.0 45.942777
62200.0 -7.3904261
62400.0 -40.202916
62600.0 23.329365
62800.0 -10.004603
63000.0 -12.351744
63200.0 13.802792
63400.0 -41.827759
63600.0 52.922247
63800.0 -24.084235
64000.0 9.4594498
64200.0 -25.326691
64400.0 61.710759
64600.0 -72.63477
64800.0 12.97351
65000.0 48.950424
65200.0 -13.963453
65400.0 4.29584
65600.0 -25.215542
65800.0 -10.321205
66000.0 50.104748
66200.0 -53.835332
66400.0 36.005007
66600.0 -24.829339
66800.0 16.791417
67000.0 6.7853163
67200.0 -10.6417
67400.0 28.669677
67600.0 1.8083955
67800.0 -52.494594
68000.0 42.134243
68200.0 40.754198
68400.0 -64.749703
68600.0 23.407144
68800.0 9.7264961
69000.0 -12.55491
69200.0 19.995334
69400.0 -0.8083772
69600.0 -10.852185
69800.0 22.0106
70000.0 -38.745043
70200.0 60.223697
70400.0 -17.480454
70600.0 -71.420944
70800.0 114.21093
71000.0 -73.808244
71200.0 -26.367747
71400.0 57.968316
71600.0 -38.231496
71800.0 7.3530512
72000.0 -0.66572632
72200.0 -18.289707
72400.0 2.3856394
72600.0 16.514449
72800.0 -5.9585721
73000.0 17.924953
73200.0 -39.29085
73400.0 43.89909
73600.0 -1.2137853
73800.0 -20.279721
74000.0 46.703703
74200.0 -52.622718
74400.0 63.53485
74600.0 -3.4007358
74800.0 -31.415455
75000.0 -3.6241896
75200.0 5.7300812
75400.0 17.222629
75600.0 -10.123522
75800.0 -7.1793789
76000.0 19.214391
76200.0 -29.361776
76400.0 51.970947
76600.0 -85.055672
76800.0 57.859563
77000.0 -13.831602
77200.0 0.66316198
77400.0 41.338742
77600.0 -35.475878
77800.0 20.622256
78000.0 -6.7036374
78200.0 -35.186826
78400.0 -1.414159
78600.0 -13.718493
78800.0 25.040282
79000.0 -42.335565
79200.0 23.58178
79400.0 -26.105063
79600.0 31.866727
79800.0 -7.5439395
80000.0 -46.120501
80200.0 88.555769
80400.0 -74.475098
80600.0 0.88465113
80800.0 67.688756
81000.0 -62.270494
81200.0 14.573281
81400.0 24.005601
81600.0 -24.41756
81800.0 3.4312025
82000.0 5.6021275
82200.0 -13.857818
82400.0 -29.205087
82600.0 89.100396
82800.0 -61.370213
83000.0 -22.494616
83200.0 89.928595
83400.0 -21.269425
83600.0 -42.747484
83800.0 49.732461
84000.0 -28.15769
84200.0 57.776434
84400.0 -52.469361
84600.0 -1.8159655
84800.0 43.453841
85000.0 -36.037775
85200.0 7.5140085
85400.0 49.034339
85600.0 -72.350653
85800.0 54.746371
86000.0 8.4652208
86200.0 -22.881173
86400.0 12.313636
86600.0 15.872829
86800.0 -0.79674384
87000.0 6.7000244
87200.0 -1.7117074
87400.0 2.2383911
87600.0 13.292364
87800.0 -9.0094645
88000.0 -28.698283
88200.0 86.123541
88400.0 -38.878542
88600.0 -6.4959323
88800.0 -11.991207
89000.0 42.44614
89200.0 -105.54466
89400.0 69.571666
89600.0 -0.080901803
89800.0 -19.148058
90000.0 -23.392923
90200.0 45.692716
90400.0 -14.804409
90600.0 -58.537151
90800.0 53.736784
91000.0 28.434072
91200.0 -47.174285
91400.0 17.174054
91600.0 30.334612
91800.0 -29.294811
92000.0 69.941657
92200.0 -65.369342
92400.0 25.635617
92600.0 24.958084
92800.0 -49.019381
93000.0 26.52097
93200.0 33.133996
93400.0 -42.048497
93600.0 28.711875
93800.0 -24.866048
94000.0 16.713195
94200.0 -37.541914
94400.0 21.141655
94600.0 43.73169
94800.0 -70.317019
95000.0 52.440341
95200.0 6.9515858
95400.0 -29.915548
95600.0 55.169966
95800.0 -53.719708
96000.0 -13.725508
96200.0 37.327528
96400.0 -10.403318
96600.0 -27.145485
96800.0 42.228429
97000.0 -26.137466
97200.0 -57.549463
97400.0 54.750582
97600.0 33.315576
97800.0 -51.671319
98000.0 -5.3077014
98200.0 37.406482
98400.0 -23.29104
98600.0 44.905528
98800.0 -34.47645
99000.0 -15.86898
99200.0 102.11776
99400.0 -113.22097
99600.0 83.527225
99800.0 -39.502291
100000.0 15.03938
