0.0 47.05478
200.0 46.994632
400.0 47.102905
600.0 47.097799
800.0 47.066828
1000.0 47.068998
1200.0 47.091706
1400.0 47.157752
1600.0 47.005411
1800.0 47.132653
2000.0 47.092836
2200.0 47.07051
2400.0 47.043663
2600.0 47.047619
2800.0 46.961918
3000.0 47.020947
3200.0 46.968526
3400.0 47.031356
3600.0 47.041304
3800.0 47.029716
4000.0 47.028427
4200.0 47.109935
4400.0 47.065102
4600.0 47.079445
4800.0 47.100064
5000.0 47.091985
5200.0 47.134198
5400.0 47.052213
5600.0 47.168527
5800.0 46.99948
6000.0 47.148507
6200.0 47.022755
6400.0 47.09103
6600.0 47.020351
6800.0 47.100071
7000.0 46.950052
7200.0 47.099431
7400.0 47.019995
7600.0 47.082697
7800.0 47.020872
8000.0 47.132849
8200.0 47.04739
8400.0 47.204771
8600.0 47.021735
8800.0 47.127559
9000.0 47.085168
9200.0 47.106933
9400.0 47.114944
9600.0 47.047434
9800.0 47.102831
10000.0 47.038977
10200.0 47.141102
10400.0 47.051584
10600.0 47.101983
10800.0 47.069048
11000.0 47.030087
11200.0 47.091308
11400.0 47.028697
11600.0 46.99628
11800.0 47.066295
12000.0 47.004319
12200.0 47.022433
12400.0 47.051174
12600.0 47.052466
12800.0 47.090409
13000.0 47.058375
13200.0 47.110283
13400.0 47.084621
13600.0 47.116788
13800.0 47.11048
14000.0 47.030132
14200.0 47.062333
14400.0 47.041117
14600.0 47.13405
14800.0 46.965313
15000.0 47.085989
15200.0 47.022904
15400.0 47.047338
15600.0 47.094481
15800.0 47.017898
16000.0 47.131071
16200.0 47.050629
16400.0 47.113284
16600.0 47.117987
16800.0 47.105959
17000.0 47.172783
17200.0 47.112468
17400.0 47.107285
17600.0 47.121379
17800.0 47.094397
18000.0 47.124128
18200.0 47.012793
18400.0 47.113562
18600.0 47.040512
18800.0 47.035985
19000.0 47.075327
19200.0 46.987134
19400.0 47.114031
19600.0 46.994867
19800.0 47.104202
20000.0 47.058467
20200.0 47.172727
20400.0 47.110646
20600.0 47.183092
20800.0 47.098757
21000.0 47.111231
21200.0 47.134411
21400.0 47.045889
21600.0 47.222825
21800.0 46.972506
22000.0 47.147606
22200.0 47.057607
22400.0 47.09398
22600.0 47.071317
22800.0 47.051304
23000.0 47.121407
23200.0 46.99342
23400.0 47.089085
23600.0 47.020068
23800.0 47.067553
24000.0 47.021486
24200.0 47.050374
24400.0 47.011077
24600.0 47.084861
24800.0 46.975777
25000.0 47.10024
25200.0 47.032315
25400.0 47.062841
25600.0 47.150373
25800.0 47.087956
26000.0 47.120158
26200.0 47.099281
26400.0 47.195954
26600.0 47.113348
26800.0 47.218942
27000.0 47.137765
27200.0 47.238103
27400.0 47.097631
27600.0 47.107513
27800.0 47.074206
28000.0 47.112148
28200.0 46.969295
28400.0 47.091347
28600.0 47.006094
28800.0 47.057664
29000.0 47.020727
29200.0 46.982628
29400.0 47.088852
29600.0 46.984057
29800.0 47.122683
30000.0 47.004243
30200.0 47.115722
30400.0 47.077084
30600.0 47.187643
30800.0 47.102414
31000.0 47.140937
31200.0 47.128012
31400.0 47.139066
31600.0 47.065058
31800.0 47.113547
32000.0 47.051276
32200.0 47.040309
32400.0 47.014231
32600.0 47.064266
32800.0 47.032054
33000.0 47.035765
33200.0 47.058792
33400.0 47.086548
33600.0 47.012269
33800.0 47.115376
34000.0 47.046058
34200.0 47.160896
34400.0 47.16067
34600.0 47.119524
34800.0 47.238141
35000.0 47.1083
35200.0 47.221516
35400.0 47.091299
35600.0 47.202855
35800.0 47.096725
36000.0 47.155469
36200.0 47.025891
36400.0 47.097371
36600.0 46.99002
36800.0 47.118866
37000.0 47.021455
37200.0 47.08072
37400.0 47.032885
37600.0 47.063948
37800.0 47.05881
38000.0 47.095991
38200.0 47.074849
38400.0 47.086023
38600.0 47.173016
38800.0 47.106885
39000.0 47.182144
39200.0 47.118158
39400.0 47.151882
39600.0 47.120319
39800.0 47.082419
40000.0 47.087601
40200.0 47.100633
40400.0 47.111878
40600.0 47.07915
40800.0 47.069245
41000.0 47.027619
41200.0 47.139402
41400.0 46.9967
41600.0 47.054076
41800.0 47.009758
42000.0 47.013247
42200.0 47.045057
42400.0 46.975363
42600.0 47.031617
42800.0 47.032049
43000.0 46.987801
43200.0 47.083886
43400.0 47.096235
43600.0 47.070308
43800.0 47.193459
44000.0 47.058409
44200.0 47.066329
44400.0 47.081968
44600.0 47.145693
44800.0 47.101737
45000.0 47.085752
45200.0 47.05864
45400.0 47.093947
45600.0 47.058868
45800.0 47.06813
46000.0 47.046164
46200.0 47.003455
46400.0 47.139039
46600.0 46.992253
46800.0 47.054343
47000.0 47.070946
47200.0 47.106476
47400.0 46.932552
47600.0 47.139549
47800.0 46.989789
48000.0 47.114951
48200.0 47.060412
48400.0 47.039175
48600.0 47.105129
48800.0 46.979982
49000.0 47.256453
49200.0 47.024859
49400.0 47.12999
49600.0 47.114648
49800.0 47.161197
50000.0 47.116565
50200.0 47.149737
50400.0 47.111692
50600.0 47.070694
50800.0 47.12235
51000.0 46.919046
51200.0 47.112306
51400.0 47.029928
51600.0 47.036813
51800.0 47.025683
52000.0 47.065747
52200.0 47.07056
52400.0 47.020588
52600.0 47.064091
52800.0 47.093235
53000.0 47.08139
53200.0 47.104709
53400.0 47.066334
53600.0 47.091791
53800.0 47.115537
54000.0 47.074607
54200.0 47.08543
54400.0 47.115601
54600.0 47.094628
54800.0 47.073968
55000.0 47.076983
55200.0 47.082208
55400.0 46.971941
55600.0 47.071979
55800.0 47.051694
56000.0 46.984517
56200.0 47.132673
56400.0 46.954767
56600.0 47.101959
56800.0 47.120563
57000.0 47.099745
57200.0 47.163584
57400.0 47.095153
57600.0 47.103125
57800.0 47.099429
58000.0 47.064641
58200.0 47.06261
58400.0 47.044109
58600.0 47.092422
58800.0 47.029656
59000.0 47.078774
59200.0 47.017371
59400.0 47.09747
59600.0 47.045308
59800.0 47.098064
60000.0 47.079312
60200.0 47.160979
60400.0 47.137856
60600.0 47.169302
60800.0 47.148136
61000.0 47.108312
61200.0 47.158353
61400.0 47.090019
61600.0 47.082698
61800.0 47.067922
62000.0 47.065563
62200.0 47.070455
62400.0 47.054244
62600.0 47.075211
62800.0 47.009676
63000.0 47.020384
63200.0 47.074455
63400.0 47.027479
63600.0 46.993851
63800.0 47.060631
64000.0 47.009268
64200.0 47.08362
64400.0 47.055486
64600.0 47.095226
64800.0 47.092982
65000.0 47.105808
65200.0 47.117572
65400.0 47.060469
65600.0 47.106395
65800.0 47.096431
66000.0 47.063341
66200.0 47.035892
66400.0 47.052837
66600.0 47.02946
66800.0 47.009018
67000.0 46.958518
67200.0 47.04154
67400.0 46.986925
67600.0 46.979041
67800.0 46.926462
68000.0 47.115172
68200.0 47.00104
68400.0 47.091023
68600.0 47.040494
68800.0 47.044547
69000.0 47.091101
69200.0 47.104442
69400.0 47.050067
69600.0 47.102436
69800.0 47.0563
70000.0 47.121926
70200.0 47.066694
70400.0 47.127429
70600.0 47.10248
70800.0 47.10549
71000.0 47.033574
71200.0 47.06808
71400.0 47.03043
71600.0 47.094628
71800.0 46.993037
72000.0 47.046068
72200.0 47.026769
72400.0 47.079308
72600.0 47.090812
72800.0 47.118003
73000.0 47.129799
73200.0 47.088265
73400.0 47.139322
73600.0 47.099251
73800.0 47.103265
74000.0 47.011346
74200.0 47.147392
74400.0 46.980147
74600.0 47.042759
74800.0 47.067213
75000.0 47.081861
75200.0 47.038509
75400.0 47.054584
75600.0 47.014578
75800.0 47.073165
76000.0 47.073976
76200.0 47.06615
76400.0 47.038592
76600.0 47.063219
76800.0 47.038478
77000.0 47.070244
77200.0 47.125574
77400.0 47.00085
77600.0 47.143666
77800.0 47.030062
78000.0 47.134244
78200.0 47.060065
78400.0 47.075224
78600.0 47.107171
78800.0 47.109392
79000.0 47.057415
79200.0 47.075961
79400.0 47.060172
79600.0 47.05968
79800.0 47.02422
80000.0 47.042847
80200.0 46.985302
80400.0 47.076609
80600.0 46.973837
80800.0 47.042283
81000.0 47.038007
81200.0 47.020147
81400.0 47.139488
81600.0 47.136571
81800.0 47.115831
82000.0 47.10975
82200.0 47.117826
82400.0 47.082954
82600.0 47.113966
82800.0 47.151219
83000.0 47.071091
83200.0 47.042799
83400.0 47.104875
83600.0 47.044059
83800.0 47.074184
84000.0 47.01504
84200.0 47.069684
84400.0 47.091204
84600.0 46.997228
84800.0 47.11794
85000.0 46.969997
85200.0 47.134584
85400.0 46.979668
85600.0 47.097509
85800.0 47.018961
86000.0 47.11675
86200.0 47.021058
86400.0 47.11368
86600.0 47.051372
86800.0 47.140641
87000.0 47.090201
87200.0 47.136341
87400.0 47.047198
87600.0 47.159569
87800.0 47.060828
88000.0 47.122329
88200.0 47.018389
88400.0 47.121395
88600.0 46.969779
88800.0 47.05684
89000.0 47.003918
89200.0 47.0565
89400.0 47.035419
89600.0 47.032441
89800.0 47.093849
90000.0 47.077051
90200.0 47.084075
90400.0 47.055493
90600.0 47.128489
90800.0 46.972656
91000.0 47.134793
91200.0 47.003085
91400.0 47.079081
91600.0 47.054881
91800.0 47.046989
92000.0 47.051592
92200.0 47.062111
92400.0 47.032717
92600.0 47.173542
92800.0 47.0364
93000.0 47.147488
93200.0 47.123817
93400.0 47.12009
93600.0 47.107019
93800.0 47.084147
94000.0 47.02261
94200.0 47.041646
94400.0 46.99741
94600.0 47.001357
94800.0 46.997472
95000.0 47.037613
95200.0 47.014242
95400.0 47.017794
95600.0 47.111017
95800.0 47.034216
96000.0 47.141932
96200.0 47.055452
96400.0 47.172635
96600.0 47.07733
96800.0 47.077062
97000.0 47.122762
97200.0 47.070336
97400.0 47.085408
97600.0 47.004977
97800.0 47.087234
98000.0 47.031539
98200.0 46.997077
98400.0 47.087381
98600.0 47.003334
98800.0 47.010574
99000.0 47.079559
99200.0 47.010284
99400.0 47.094833
99600.0 47.098898
99800.0 47.052136
100000.0 47.143681
