0.0 45.713842
200.0 45.705247
400.0 45.69234
600.0 45.669376
800.0 45.697304
1000.0 45.69968
1200.0 45.715866
1400.0 45.720732
1600.0 45.718342
1800.0 45.70593
2000.0 45.710042
2200.0 45.713788
2400.0 45.71202
2600.0 45.722556
2800.0 45.69357
3000.0 45.683779
3200.0 45.685929
3400.0 45.690673
3600.0 45.667546
3800.0 45.707939
4000.0 45.689343
4200.0 45.704053
4400.0 45.721939
4600.0 45.731434
4800.0 45.713319
5000.0 45.692702
5200.0 45.688507
5400.0 45.685471
5600.0 45.694514
5800.0 45.719054
6000.0 45.752124
6200.0 45.733496
6400.0 45.712114
6600.0 45.671148
6800.0 45.666725
7000.0 45.663918
7200.0 45.706448
7400.0 45.711557
7600.0 45.730086
7800.0 45.723759
8000.0 45.719318
8200.0 45.69736
8400.0 45.707151
8600.0 45.682832
8800.0 45.73499
9000.0 45.721909
9200.0 45.721948
9400.0 45.696243
9600.0 45.707119
9800.0 45.686758
10000.0 45.677436
10200.0 45.683822
10400.0 45.705931
10600.0 45.707744
10800.0 45.72808
11000.0 45.695468
11200.0 45.703003
11400.0 45.697332
11600.0 45.698875
11800.0 45.693059
12000.0 45.726238
12200.0 45.737293
12400.0 45.728527
12600.0 45.71962
12800.0 45.68073
13000.0 45.676875
13200.0 45.65792
13400.0 45.67252
13600.0 45.696487
13800.0 45.741402
14000.0 45.757264
14200.0 45.73612
14400.0 45.709824
14600.0 45.678973
14800.0 45.687015
15000.0 45.712649
15200.0 45.72401
15400.0 45.710518
15600.0 45.724121
15800.0 45.720992
16000.0 45.706553
16200.0 45.706379
16400.0 45.696385
16600.0 45.691483
16800.0 45.689859
17000.0 45.706475
17200.0 45.708211
17400.0 45.716722
17600.0 45.703291
17800.0 45.710172
18000.0 45.706712
18200.0 45.709412
18400.0 45.678272
18600.0 45.708462
18800.0 45.728043
19000.0 45.741729
19200.0 45.740664
19400.0 45.735073
19600.0 45.6864
19800.0 45.682413
20000.0 45.650911
20200.0 45.696967
20400.0 45.703143
20600.0 45.739778
20800.0 45.73959
21000.0 45.726739
21200.0 45.681622
21400.0 45.672832
21600.0 45.659887
21800.0 45.717494
22000.0 45.7513
22200.0 45.724951
22400.0 45.723566
22600.0 45.731991
22800.0 45.707586
23000.0 45.707155
23200.0 45.722476
23400.0 45.70206
23600.0 45.718979
23800.0 45.709137
24000.0 45.673195
24200.0 45.696907
24400.0 45.688269
24600.0 45.706885
24800.0 45.721199
25000.0 45.721169
25200.0 45.714282
25400.0 45.680844
25600.0 45.695906
25800.0 45.709465
26000.0 45.727046
26200.0 45.736695
26400.0 45.743006
26600.0 45.697534
26800.0 45.683088
27000.0 45.664013
27200.0 45.680822
27400.0 45.700006
27600.0 45.709747
27800.0 45.729765
28000.0 45.736866
28200.0 45.700115
28400.0 45.710234
28600.0 45.691387
28800.0 45.701881
29000.0 45.724599
29200.0 45.741021
29400.0 45.73063
29600.0 45.72944
29800.0 45.677989
30000.0 45.675634
30200.0 45.662904
30400.0 45.69215
30600.0 45.713591
30800.0 45.751054
31000.0 45.760828
31200.0 45.717714
31400.0 45.69916
31600.0 45.653892
31800.0 45.683637
32000.0 45.712673
32200.0 45.719852
32400.0 45.748919
32600.0 45.739445
32800.0 45.707002
33000.0 45.684922
33200.0 45.682851
33400.0 45.682228
33600.0 45.710137
33800.0 45.707149
34000.0 45.715839
34200.0 45.726561
34400.0 45.715591
34600.0 45.696839
34800.0 45.705215
35000.0 45.702976
35200.0 45.719514
35400.0 45.758352
35600.0 45.745815
35800.0 45.728539
36000.0 45.701952
36200.0 45.667738
36400.0 45.641252
36600.0 45.656301
36800.0 45.713134
37000.0 45.780119
37200.0 45.739889
37400.0 45.729122
37600.0 45.697374
37800.0 45.688213
38000.0 45.676897
38200.0 45.703335
38400.0 45.74298
38600.0 45.733583
38800.0 45.747263
39000.0 45.726257
39200.0 45.700243
39400.0 45.682885
39600.0 45.680461
39800.0 45.679905
40000.0 45.704305
40200.0 45.71023
40400.0 45.726886
40600.0 45.733209
40800.0 45.694579
41000.0 45.694782
41200.0 45.682605
41400.0 45.691314
41600.0 45.728262
41800.0 45.760304
42000.0 45.756824
42200.0 45.740153
42400.0 45.699164
42600.0 45.676641
42800.0 45.658339
43000.0 45.685723
43200.0 45.709202
43400.0 45.735974
43600.0 45.727775
43800.0 45.700547
44000.0 45.705104
44200.0 45.706086
44400.0 45.699482
44600.0 45.714498
44800.0 45.726274
45000.0 45.724496
45200.0 45.713817
45400.0 45.711366
45600.0 45.690679
45800.0 45.681654
46000.0 45.685889
46200.0 45.703716
46400.0 45.718548
46600.0 45.736633
46800.0 45.733575
47000.0 45.696921
47200.0 45.662246
47400.0 45.663377
47600.0 45.683369
47800.0 45.732697
48000.0 45.737221
48200.0 45.752009
48400.0 45.722472
48600.0 45.704354
48800.0 45.689707
49000.0 45.675506
49200.0 45.695933
49400.0 45.704166
49600.0 45.736014
49800.0 45.71356
50000.0 45.696638
50200.0 45.67738
50400.0 45.666496
50600.0 45.673065
50800.0 45.692424
51000.0 45.70389
51200.0 45.71895
51400.0 45.712342
51600.0 45.710082
51800.0 45.684246
52000.0 45.670876
52200.0 45.671657
52400.0 45.714097
52600.0 45.752737
52800.0 45.756043
53000.0 45.74624
53200.0 45.710804
53400.0 45.679524
53600.0 45.655119
53800.0 45.679578
54000.0 45.730076
54200.0 45.721458
54400.0 45.739623
54600.0 45.696371
54800.0 45.689216
55000.0 45.677637
55200.0 45.693438
55400.0 45.679402
55600.0 45.721389
55800.0 45.724963
56000.0 45.72873
56200.0 45.706898
56400.0 45.709565
56600.0 45.699789
56800.0 45.705696
57000.0 45.715065
57200.0 45.721089
57400.0 45.743319
57600.0 45.734352
57800.0 45.684348
58000.0 45.660705
58200.0 45.643874
58400.0 45.668831
58600.0 45.711835
58800.0 45.754751
59000.0 45.764568
59200.0 45.730967
59400.0 45.707107
59600.0 45.698121
59800.0 45.685612
60000.0 45.717038
60200.0 45.71201
60400.0 45.736893
60600.0 45.722508
60800.0 45.696876
61000.0 45.685568
61200.0 45.670578
61400.0 45.673792
61600.0 45.707332
61800.0 45.730025
62000.0 45.716857
62200.0 45.728052
62400.0 45.715936
62600.0 45.694831
62800.0 45.6932
63000.0 45.698996
63200.0 45.718045
63400.0 45.713193
63600.0 45.704726
63800.0 45.705092
64000.0 45.702438
64200.0 45.686703
64400.0 45.676695
64600.0 45.677035
64800.0 45.697528
65000.0 45.704106
65200.0 45.710851
65400.0 45.714416
65600.0 45.706965
65800.0 45.686929
66000.0 45.683064
66200.0 45.71355
66400.0 45.731284
66600.0 45.734839
66800.0 45.748046
67000.0 45.697614
67200.0 45.687549
67400.0 45.652859
67600.0 45.673544
67800.0 45.689752
68000.0 45.716033
68200.0 45.749575
68400.0 45.729365
68600.0 45.720261
68800.0 45.694733
69000.0 45.678677
69200.0 45.710601
69400.0 45.699134
69600.0 45.732774
69800.0 45.737383
70000.0 45.721636
70200.0 45.704996
70400.0 45.67186
70600.0 45.672876
70800.0 45.674824
71000.0 45.709304
71200.0 45.726972
71400.0 45.742446
71600.0 45.718956
71800.0 45.726166
72000.0 45.711032
72200.0 45.703322
72400.0 45.709635
72600.0 45.70226
72800.0 45.717498
73000.0 45.702526
73200.0 45.713608
73400.0 45.69622
73600.0 45.700593
73800.0 45.711484
74000.0 45.68882
74200.0 45.71092
74400.0 45.718814
74600.0 45.728221
74800.0 45.721031
75000.0 45.727623
75200.0 45.727905
75400.0 45.720902
75600.0 45.729788
75800.0 45.731762
76000.0 45.714863
76200.0 45.707246
76400.0 45.72409
76600.0 45.693394
76800.0 45.677677
77000.0 45.688482
77200.0 45.689573
77400.0 45.733092
77600.0 45.749611
77800.0 45.7287
78000.0 45.697639
78200.0 45.667917
78400.0 45.677961
78600.0 45.692306
78800.0 45.727291
79000.0 45.741317
79200.0 45.755001
79400.0 45.718508
79600.0 45.706133
79800.0 45.678447
80000.0 45.674503
80200.0 45.678751
80400.0 45.694197
80600.0 45.719825
80800.0 45.713246
81000.0 45.707533
81200.0 45.715105
81400.0 45.703634
81600.0 45.694874
81800.0 45.713233
82000.0 45.7264
82200.0 45.701798
82400.0 45.715345
82600.0 45.694441
82800.0 45.719397
83000.0 45.679675
83200.0 45.691409
83400.0 45.664125
83600.0 45.686562
83800.0 45.705582
84000.0 45.700698
84200.0 45.719515
84400.0 45.689045
84600.0 45.689215
84800.0 45.67527
85000.0 45.692491
85200.0 45.714658
85400.0 45.729852
85600.0 45.741498
85800.0 45.730684
86000.0 45.720032
86200.0 45.69883
86400.0 45.673325
86600.0 45.695521
86800.0 45.701209
87000.0 45.727336
87200.0 45.74503
87400.0 45.710403
87600.0 45.685522
87800.0 45.671535
88000.0 45.675993
88200.0 45.685852
88400.0 45.714807
88600.0 45.730374
88800.0 45.739328
89000.0 45.720924
89200.0 45.701045
89400.0 45.699793
89600.0 45.700068
89800.0 45.692804
90000.0 45.72722
90200.0 45.706081
90400.0 45.724128
90600.0 45.715663
90800.0 45.694747
91000.0 45.657097
91200.0 45.681394
91400.0 45.703502
91600.0 45.731213
91800.0 45.748886
92000.0 45.764484
92200.0 45.73305
92400.0 45.673406
92600.0 45.663528
92800.0 45.666694
93000.0 45.707683
93200.0 45.737392
93400.0 45.734832
93600.0 45.707565
93800.0 45.708851
94000.0 45.674868
94200.0 45.687843
94400.0 45.688978
94600.0 45.71834
94800.0 45.722255
95000.0 45.734201
95200.0 45.748207
95400.0 45.708568
95600.0 45.711035
95800.0 45.707113
96000.0 45.701757
96200.0 45.716482
96400.0 45.709663
96600.0 45.737015
96800.0 45.701033
97000.0 45.684103
97200.0 45.666558
97400.0 45.659797
97600.0 45.676671
97800.0 45.727609
98000.0 45.776002
98200.0 45.757786
98400.0 45.71456
98600.0 45.693284
98800.0 45.681723
99000.0 45.68262
99200.0 45.71115
99400.0 45.713044
99600.0 45.721722
99800.0 45.718693
100000.0 45.707424
