0.0 2.0154351
200.0 2.0071236
400.0 2.0153538
600.0 2.0332157
800.0 2.0221529
1000.0 2.0152933
1200.0 2.0560575
1400.0 2.0278535
1600.0 2.0096144
1800.0 2.0250981
2000.0 2.023266
2200.0 2.0117159
2400.0 2.0128125
2600.0 2.0066281
2800.0 2.0126358
3000.0 2.0050908
3200.0 1.9855436
3400.0 1.9878813
3600.0 1.99042
3800.0 1.9842885
4000.0 1.980049
4200.0 1.9963839
4400.0 1.9824069
4600.0 1.9796334
4800.0 2.0045562
5000.0 2.0098314
5200.0 2.0116331
5400.0 2.0214044
5600.0 2.0263633
5800.0 2.0060322
6000.0 2.0046517
6200.0 2.0454056
6400.0 2.030627
6600.0 2.0285939
6800.0 2.0243034
7000.0 2.0380976
7200.0 2.0534465
7400.0 2.0556681
7600.0 2.0544012
7800.0 2.0651285
8000.0 2.0856273
8200.0 2.0836659
8400.0 2.074637
8600.0 2.0756029
8800.0 2.0804927
9000.0 2.0660259
9200.0 2.073628
9400.0 2.0640638
9600.0 2.0682355
9800.0 2.0493544
10000.0 2.0465751
10200.0 2.0418108
10400.0 2.0274852
10600.0 2.0502646
10800.0 2.0462098
11000.0 2.0361635
11200.0 2.0591062
11400.0 2.0415578
11600.0 2.0516925
11800.0 2.0612397
12000.0 2.0512392
12200.0 2.0557956
12400.0 2.0580367
12600.0 2.0427359
12800.0 2.019015
13000.0 2.0403738
13200.0 2.0464953
13400.0 2.0335282
13600.0 2.0370173
13800.0 2.0318549
14000.0 2.0289548
14200.0 2.0495425
14400.0 2.0552704
14600.0 2.0371283
14800.0 2.0452656
15000.0 2.0412141
15200.0 2.0470641
15400.0 2.0511429
15600.0 2.0570105
15800.0 2.0382962
16000.0 2.019831
16200.0 2.0328699
16400.0 2.0436325
16600.0 2.024571
16800.0 2.0107671
17000.0 2.0302745
17200.0 2.0214313
17400.0 2.0349143
17600.0 2.0105493
17800.0 2.0109743
18000.0 2.0295292
18200.0 2.0118584
18400.0 1.9999285
18600.0 2.0227377
18800.0 2.0128994
19000.0 2.0110528
19200.0 2.0357251
19400.0 2.0464468
19600.0 2.0126244
19800.0 2.0291879
20000.0 2.052099
20200.0 2.0348598
20400.0 2.0373259
20600.0 2.0416019
20800.0 2.0353953
21000.0 2.0367045
21200.0 2.0471947
21400.0 2.0394223
21600.0 2.0265381
21800.0 2.0353477
22000.0 2.031414
22200.0 2.0291923
22400.0 2.0378261
22600.0 2.0500458
22800.0 2.03651
23000.0 2.0382181
23200.0 2.0604072
23400.0 2.0412949
23600.0 2.0503327
23800.0 2.0449976
24000.0 1.9975139
24200.0 2.0272358
24400.0 2.0341599
24600.0 2.0089117
24800.0 2.0027751
25000.0 2.0111228
25200.0 2.0054167
25400.0 2.004855
25600.0 2.0106425
25800.0 2.0043397
26000.0 2.0069453
26200.0 2.0149935
26400.0 2.0235997
26600.0 2.0239931
26800.0 2.0252647
27000.0 2.0321982
27200.0 2.0374039
27400.0 2.0339348
27600.0 2.0446846
27800.0 2.0454693
28000.0 2.012509
28200.0 2.020593
28400.0 2.0458466
28600.0 2.0376028
28800.0 2.0366694
29000.0 2.0545088
29200.0 2.0428381
29400.0 2.0496198
29600.0 2.0502759
29800.0 2.0523318
30000.0 2.0400333
30200.0 2.040992
30400.0 2.0546746
30600.0 2.0393143
30800.0 2.0320438
31000.0 2.0231967
31200.0 2.0137317
31400.0 2.0168388
31600.0 2.0166586
31800.0 2.01439
32000.0 2.0222665
32200.0 2.0381746
32400.0 2.025195
32600.0 2.0268077
32800.0 2.0559386
33000.0 2.0502695
33200.0 2.0410623
33400.0 2.0626945
33600.0 2.067578
33800.0 2.0607052
34000.0 2.0422427
34200.0 2.0530786
34400.0 2.0549939
34600.0 2.0520292
34800.0 2.0586325
35000.0 2.030513
35200.0 2.0350483
35400.0 2.0417249
35600.0 2.0320069
35800.0 2.0147101
36000.0 2.0089973
36200.0 2.0324906
36400.0 2.0264336
36600.0 2.0014243
36800.0 1.9907597
37000.0 2.0124192
37200.0 2.011288
37400.0 2.0036609
37600.0 1.997193
37800.0 1.9941896
38000.0 1.9986999
38200.0 2.0012523
38400.0 1.9959872
38600.0 2.0077765
38800.0 2.0226902
39000.0 2.0227752
39200.0 2.0153194
39400.0 2.0106014
39600.0 2.0056428
39800.0 2.0107182
40000.0 2.0100896
40200.0 1.9765825
40400.0 1.9755833
40600.0 1.998419
40800.0 1.9979953
41000.0 1.9847811
41200.0 1.9880344
41400.0 2.0001314
41600.0 2.0053255
41800.0 2.0083872
42000.0 2.0073445
42200.0 2.0101364
42400.0 2.0123359
42600.0 2.0069588
42800.0 2.0234178
43000.0 2.0368882
43200.0 2.0302966
43400.0 2.0266925
43600.0 2.0343239
43800.0 2.0273951
44000.0 2.0546137
44200.0 2.0636732
44400.0 2.0569392
44600.0 2.0446514
44800.0 2.0612321
45000.0 2.0640172
45200.0 2.0533917
45400.0 2.0565039
45600.0 2.0575654
45800.0 2.0534039
46000.0 2.0437982
46200.0 2.0429059
46400.0 2.0458782
46600.0 2.0365933
46800.0 2.0324077
47000.0 2.0393524
47200.0 2.0321957
47400.0 2.0377568
47600.0 2.0485466
47800.0 2.0310713
48000.0 2.0301097
48200.0 2.0450168
48400.0 2.0501157
48600.0 2.0567291
48800.0 2.066845
49000.0 2.0638994
49200.0 2.0696292
49400.0 2.0846322
49600.0 2.0645779
49800.0 2.0540257
50000.0 2.0733521
50200.0 2.0729809
50400.0 2.0509554
50600.0 2.0474215
50800.0 2.0633256
51000.0 2.057552
51200.0 2.035335
51400.0 2.0344546
51600.0 2.0475738
51800.0 2.046834
52000.0 2.0455029
52200.0 2.0394614
52400.0 2.0407982
52600.0 2.0521158
52800.0 2.0596937
53000.0 2.0588651
53200.0 2.0632903
53400.0 2.0514397
53600.0 2.0491023
53800.0 2.06332
54000.0 2.0725766
54200.0 2.0711297
54400.0 2.0549677
54600.0 2.0615375
54800.0 2.0627826
55000.0 2.046056
55200.0 2.0580401
55400.0 2.0713711
55600.0 2.0530144
55800.0 2.0484508
56000.0 2.0551323
56200.0 2.0513206
56400.0 2.0511663
56600.0 2.0535403
56800.0 2.0262272
57000.0 2.0349458
57200.0 2.0571534
57400.0 2.0182476
57600.0 2.0255073
57800.0 2.0536263
58000.0 2.0553113
58200.0 2.0447869
58400.0 2.0462978
58600.0 2.0606756
58800.0 2.0647081
59000.0 2.0607738
59200.0 2.0582437
59400.0 2.08011
59600.0 2.0710803
59800.0 2.0459089
60000.0 2.0584198
60200.0 2.0760662
60400.0 2.0579226
60600.0 2.0442452
60800.0 2.0473929
61000.0 2.0493756
61200.0 2.0359849
61400.0 2.0318296
61600.0 2.0325262
61800.0 2.0315208
62000.0 2.0280576
62200.0 2.0498965
62400.0 2.0563609
62600.0 2.0326409
62800.0 2.0471236
63000.0 2.0600462
63200.0 2.0399803
63400.0 2.0531568
63600.0 2.0472711
63800.0 2.0478451
64000.0 2.0327847
64200.0 2.0191202
64400.0 2.0396347
64600.0 2.0492363
64800.0 2.0250575
65000.0 2.0224604
65200.0 2.0350448
65400.0 2.0254979
65600.0 2.0202371
65800.0 2.0215141
66000.0 2.0321843
66200.0 2.0462469
66400.0 2.0348819
66600.0 2.0239195
66800.0 2.0231113
67000.0 2.0244043
67200.0 2.0236671
67400.0 2.0140506
67600.0 2.0231821
67800.0 2.0300032
68000.0 2.0177289
68200.0 2.0225392
68400.0 2.0395789
68600.0 2.0329807
68800.0 2.034925
69000.0 2.0530266
69200.0 2.0464022
69400.0 2.0586341
69600.0 2.0540505
69800.0 2.0344228
70000.0 2.0339489
70200.0 2.016566
70400.0 2.0191288
70600.0 2.0238445
70800.0 1.9987556
71000.0 2.0016152
71200.0 2.0111584
71400.0 1.9983677
71600.0 1.9972866
71800.0 2.0072309
72000.0 2.0183403
72200.0 2.0326239
72400.0 2.0018551
72600.0 1.9964929
72800.0 2.0042453
73000.0 1.9943859
73200.0 2.0181855
73400.0 2.0093207
73600.0 1.9732573
73800.0 1.9828707
74000.0 2.0134036
74200.0 2.0118151
74400.0 2.0057324
74600.0 2.0102256
74800.0 2.0179162
75000.0 2.0205209
75200.0 2.0153433
75400.0 2.0143065
75600.0 2.0342288
75800.0 2.0393415
76000.0 2.0372579
76200.0 2.0550823
76400.0 2.0580777
76600.0 2.0455043
76800.0 2.0460703
77000.0 2.0639591
77200.0 2.0517329
77400.0 2.0628989
77600.0 2.053411
77800.0 2.0534404
78000.0 2.0507211
78200.0 2.0559178
78400.0 2.0442528
78600.0 2.0303877
78800.0 2.0347061
79000.0 2.0235219
79200.0 2.0186658
79400.0 2.035005
79600.0 2.0213032
79800.0 2.0110344
80000.0 2.012768
80200.0 2.0121756
80400.0 2.0347741
80600.0 2.023614
80800.0 1.9901876
81000.0 2.0084166
81200.0 2.0141461
81400.0 2.0026637
81600.0 2.0026931
81800.0 1.9945917
82000.0 2.012298
82200.0 2.0231004
82400.0 2.0162425
82600.0 2.0198754
82800.0 2.0213823
83000.0 2.0190386
83200.0 2.018377
83400.0 2.0166475
83600.0 2.019462
83800.0 2.0267725
84000.0 2.0200716
84200.0 2.0169873
84400.0 2.0081298
84600.0 2.0120366
84800.0 2.0174364
85000.0 2.029439
85200.0 2.005422
85400.0 1.9922746
85600.0 1.978049
85800.0 2.004924
86000.0 2.0202185
86200.0 1.9933226
86400.0 1.991724
86600.0 2.009948
86800.0 1.9992865
87000.0 2.0078084
87200.0 2.0153644
87400.0 2.0127166
87600.0 2.0173856
87800.0 2.0201287
88000.0 2.023238
88200.0 2.0429619
88400.0 2.0357772
88600.0 2.0238222
88800.0 2.0351108
89000.0 2.0282191
89200.0 2.0158291
89400.0 2.0168212
89600.0 2.0299091
89800.0 2.0457579
90000.0 2.0290709
90200.0 2.018971
90400.0 2.0374085
90600.0 2.0702004
90800.0 2.0543311
91000.0 2.0176082
91200.0 2.0407367
91400.0 2.0387835
91600.0 2.0264635
91800.0 2.0309543
92000.0 2.0338544
92200.0 2.0289758
92400.0 2.0431694
92600.0 2.0432354
92800.0 2.0428027
93000.0 2.044235
93200.0 2.0501582
93400.0 2.0517365
93600.0 2.0417401
93800.0 2.042532
94000.0 2.0295945
94200.0 2.0313529
94400.0 2.0301981
94600.0 2.0177817
94800.0 2.0168317
95000.0 2.0235072
95200.0 2.0121222
95400.0 2.023791
95600.0 2.0306534
95800.0 2.0256259
96000.0 2.0282677
96200.0 2.0163127
96400.0 2.0219583
96600.0 2.0327132
96800.0 2.0090257
97000.0 2.0092464
97200.0 2.0071974
97400.0 2.0137293
97600.0 2.020841
97800.0 2.0055199
98000.0 2.0027804
98200.0 2.0295035
98400.0 2.0328688
98600.0 2.0219126
98800.0 2.0317007
99000.0 2.0368901
99200.0 2.0205122
99400.0 2.0190878
99600.0 2.0385213
99800.0 2.0264213
100000.0 2.0006291
