0.0 1.9884858
200.0 1.9913393
400.0 1.9831668
600.0 1.9888495
800.0 1.9850074
1000.0 1.9863656
1200.0 1.9935316
1400.0 1.9867187
1600.0 2.0084078
1800.0 2.0014745
2000.0 1.9591042
2200.0 1.9780423
2400.0 2.0211148
2600.0 1.9950721
2800.0 1.9894349
3000.0 2.0033492
3200.0 2.0079588
3400.0 2.0188824
3600.0 2.0075928
3800.0 1.9984619
4000.0 2.0127942
4200.0 2.015424
4400.0 2.0194346
4600.0 2.0097505
4800.0 2.0009208
5000.0 2.0234683
5200.0 2.0381551
5400.0 2.0076225
5600.0 2.0138615
5800.0 2.0119335
6000.0 2.0078651
6200.0 2.017242
6400.0 2.0116367
6600.0 1.9978839
6800.0 2.0038912
7000.0 2.0158979
7200.0 2.0011802
7400.0 2.0031682
7600.0 1.9973725
7800.0 1.9982146
8000.0 1.9997223
8200.0 1.9892999
8400.0 1.9801826
8600.0 1.9812592
8800.0 1.9812394
9000.0 1.9862292
9200.0 1.9730671
9400.0 1.9558306
9600.0 1.9848774
9800.0 1.9846394
10000.0 1.9813102
10200.0 1.9978171
10400.0 1.9928894
10600.0 1.9915037
10800.0 2.0099024
11000.0 1.9987281
11200.0 2.0012984
11400.0 2.0054448
11600.0 1.9939388
11800.0 1.9812736
12000.0 1.9910596
12200.0 2.0034299
12400.0 2.0007315
12600.0 1.9921377
12800.0 2.0051672
13000.0 1.9991727
13200.0 2.0020558
13400.0 2.0076337
13600.0 2.0014038
13800.0 1.9921322
14000.0 1.9872332
14200.0 1.9929356
14400.0 1.9796051
14600.0 1.9637716
14800.0 1.9824594
15000.0 1.9822934
15200.0 1.9530186
15400.0 1.9596237
15600.0 1.9741153
15800.0 1.9778306
16000.0 1.9769806
16200.0 1.9679885
16400.0 1.9613332
16600.0 1.9882906
16800.0 2.0009187
17000.0 2.0044513
17200.0 2.0126412
17400.0 2.0077136
17600.0 2.000493
17800.0 2.0079175
18000.0 2.0090974
18200.0 2.010722
18400.0 2.0138128
18600.0 1.9996944
18800.0 1.9960896
19000.0 2.0046095
19200.0 2.0032926
19400.0 1.9900855
19600.0 1.9988702
19800.0 2.001788
20000.0 2.0044972
20200.0 2.0080171
20400.0 2.0067395
20600.0 1.9973449
20800.0 1.9809258
21000.0 1.9715106
21200.0 1.9962095
21400.0 1.990042
21600.0 1.9839084
21800.0 2.0012091
22000.0 2.0040994
22200.0 1.9914225
22400.0 1.9893595
22600.0 2.0040851
22800.0 1.9941161
23000.0 2.0110585
23200.0 2.0172737
23400.0 1.9935937
23600.0 2.01105
23800.0 2.0292271
24000.0 2.0094139
24200.0 2.0021316
24400.0 2.0302695
24600.0 2.0217875
24800.0 2.0205342
25000.0 2.0164926
25200.0 2.0226924
25400.0 2.0192726
25600.0 1.9965321
25800.0 1.9917133
26000.0 2.0042728
26200.0 2.0072541
26400.0 1.9762374
26600.0 1.9837847
26800.0 1.9927609
27000.0 1.9741569
27200.0 1.9693708
27400.0 1.9723706
27600.0 1.9649336
27800.0 1.9774384
28000.0 1.9785392
28200.0 1.9756403
28400.0 1.9786518
28600.0 1.9686287
28800.0 1.9793343
29000.0 1.9867722
29200.0 1.9929134
29400.0 2.0022684
29600.0 2.0102779
29800.0 2.0014147
30000.0 1.9938999
30200.0 1.9937997
30400.0 1.9991574
30600.0 1.9839756
30800.0 1.9843466
31000.0 2.0072705
31200.0 1.9874675
31400.0 1.9779063
31600.0 1.9998972
31800.0 2.0051668
32000.0 1.9810633
32200.0 1.9981752
32400.0 2.0103905
32600.0 2.0092155
32800.0 2.0141262
33000.0 2.0118253
33200.0 2.0082804
33400.0 1.9984291
33600.0 1.9932488
33800.0 2.017112
34000.0 2.0323522
34200.0 2.0102439
34400.0 2.0138245
34600.0 2.0230857
34800.0 2.0302865
35000.0 2.0191689
35200.0 2.0131735
35400.0 2.0165805
35600.0 2.0116909
35800.0 2.0048376
36000.0 2.0168614
36200.0 2.0105172
36400.0 1.9974197
36600.0 2.000756
36800.0 2.0055083
37000.0 1.9873718
37200.0 1.995103
37400.0 2.0025343
37600.0 1.987225
37800.0 1.9790125
38000.0 1.9943656
38200.0 2.0072929
38400.0 2.0054095
38600.0 1.9909107
38800.0 2.0044003
39000.0 2.0194747
39200.0 2.015454
39400.0 2.0023947
39600.0 1.9995169
39800.0 2.0062287
40000.0 1.9983997
40200.0 2.0026438
40400.0 2.0094284
40600.0 2.0225761
40800.0 2.0110294
41000.0 2.0074061
41200.0 2.0319527
41400.0 2.027965
41600.0 2.0123794
41800.0 2.0261354
42000.0 2.0276834
42200.0 2.0255314
42400.0 2.047472
42600.0 2.0391923
42800.0 2.0299154
43000.0 2.0358633
43200.0 2.0255116
43400.0 2.0352815
43600.0 2.0545275
43800.0 2.0446242
44000.0 2.017887
44200.0 2.024732
44400.0 2.0201806
44600.0 2.0212314
44800.0 2.0331111
45000.0 2.042782
45200.0 2.025663
45400.0 2.0004921
45600.0 2.017884
45800.0 2.0213263
46000.0 2.025741
46200.0 2.0149258
46400.0 1.9918246
46600.0 1.9860735
46800.0 1.9821956
47000.0 1.9732341
47200.0 1.9670311
47400.0 1.9823472
47600.0 1.9684741
47800.0 1.9556507
48000.0 1.9791699
48200.0 1.9798357
48400.0 1.9527881
48600.0 1.9556782
48800.0 1.9855856
49000.0 1.9668641
49200.0 1.9511657
49400.0 1.9746162
49600.0 1.9804693
49800.0 1.9742906
50000.0 1.9826459
50200.0 1.9927065
50400.0 1.9947677
50600.0 1.9852618
50800.0 1.9950559
51000.0 2.0001886
51200.0 1.9970841
51400.0 1.9881945
51600.0 1.9768773
51800.0 1.9619081
52000.0 1.9846461
52200.0 2.0014839
52400.0 1.973855
52600.0 1.9655043
52800.0 2.0022349
53000.0 2.0173712
53200.0 1.9930737
53400.0 2.0071925
53600.0 2.0139718
53800.0 2.0051516
54000.0 2.0146953
54200.0 2.0102626
54400.0 2.016541
54600.0 2.0073761
54800.0 2.0018664
55000.0 2.0085518
55200.0 2.0090793
55400.0 1.9831759
55600.0 1.9894539
55800.0 2.0025372
56000.0 1.9830318
56200.0 1.9861643
56400.0 1.9923653
56600.0 1.9870378
56800.0 1.9942251
57000.0 1.9939291
57200.0 1.9844097
57400.0 1.9825895
57600.0 1.9838074
57800.0 1.971092
58000.0 1.9717123
58200.0 1.9593165
58400.0 1.9649771
58600.0 1.9652158
58800.0 1.9646377
59000.0 1.9591429
59200.0 1.9573171
59400.0 1.9635777
59600.0 1.9555199
59800.0 1.9476587
60000.0 1.9528377
60200.0 1.9586144
60400.0 1.9646654
60600.0 1.9794716
60800.0 1.9855716
61000.0 1.9882023
61200.0 2.0046011
61400.0 2.0120276
61600.0 1.9899956
61800.0 1.9905778
62000.0 2.0199265
62200.0 2.0099524
62400.0 1.9916269
62600.0 2.003461
62800.0 2.0068796
63000.0 1.9886522
63200.0 1.9836937
63400.0 1.9964876
63600.0 1.9998013
63800.0 1.9987773
64000.0 1.9987131
64200.0 1.9850753
64400.0 1.98501
64600.0 2.004931
64800.0 1.981163
65000.0 1.987362
65200.0 1.9985744
65400.0 2.007001
65600.0 1.9792842
65800.0 1.9676434
66000.0 1.9773717
66200.0 1.9782772
66400.0 1.9843807
66600.0 2.008184
66800.0 2.0058506
67000.0 2.0102717
67200.0 2.0114318
67400.0 2.0007907
67600.0 1.9942252
67800.0 1.9959145
68000.0 2.0050795
68200.0 1.9902223
68400.0 1.9791401
68600.0 1.9806843
68800.0 1.9926381
69000.0 1.9975904
69200.0 1.9841267
69400.0 1.9848069
69600.0 2.0087945
69800.0 1.9911256
70000.0 1.9911787
70200.0 2.0070156
70400.0 2.0143481
70600.0 1.9994365
70800.0 1.9984609
71000.0 2.0025023
71200.0 2.0075238
71400.0 2.0035892
71600.0 1.9705938
71800.0 1.9941324
72000.0 2.0166439
72200.0 1.9973725
72400.0 1.9940843
72600.0 1.9924129
72800.0 1.9920435
73000.0 1.9967987
73200.0 2.0214258
73400.0 2.0102979
73600.0 2.0035163
73800.0 2.0239792
74000.0 2.0189269
74200.0 2.0234808
74400.0 2.0213213
74600.0 2.0183865
74800.0 2.0169447
75000.0 2.0137213
75200.0 2.0121757
75400.0 2.0134118
75600.0 2.0118484
75800.0 2.0148113
76000.0 2.0086375
76200.0 1.98954
76400.0 1.9976923
76600.0 1.9962737
76800.0 1.9792455
77000.0 2.0046967
77200.0 2.0055314
77400.0 1.9665764
77600.0 1.9842998
77800.0 1.9924215
78000.0 1.9720949
78200.0 1.9844196
78400.0 1.987706
78600.0 1.9887515
78800.0 1.9782348
79000.0 1.9857381
79200.0 1.9864269
79400.0 1.9875553
79600.0 1.9872451
79800.0 1.9932559
80000.0 1.9991827
80200.0 2.0014481
80400.0 2.0172193
80600.0 2.0389556
80800.0 2.0261864
81000.0 2.029527
81200.0 2.0124653
81400.0 2.0208351
81600.0 2.0344749
81800.0 2.0139685
82000.0 1.9897514
82200.0 1.9838697
82400.0 1.979153
82600.0 1.9728275
82800.0 2.0043579
83000.0 2.0078496
83200.0 1.9818326
83400.0 1.9977541
83600.0 1.9998301
83800.0 1.9923628
84000.0 2.0140033
84200.0 2.0170584
84400.0 2.0056189
84600.0 2.0148751
84800.0 2.0262597
85000.0 2.022981
85200.0 2.015855
85400.0 2.0192526
85600.0 2.0141133
85800.0 2.0116397
86000.0 2.0057144
86200.0 2.0014616
86400.0 1.9943056
86600.0 1.9943229
86800.0 2.0030734
87000.0 2.0016754
87200.0 2.0144978
87400.0 2.0077848
87600.0 1.9830546
87800.0 1.9954662
88000.0 2.0206182
88200.0 2.0087101
88400.0 2.0330992
88600.0 2.0353919
88800.0 2.0116203
89000.0 2.019795
89200.0 2.0303065
89400.0 2.0159188
89600.0 2.0228476
89800.0 2.027059
90000.0 2.0155728
90200.0 2.0111339
90400.0 1.9999013
90600.0 1.9920162
90800.0 1.990118
91000.0 1.9833336
91200.0 1.9905506
91400.0 1.9856235
91600.0 1.9813926
91800.0 1.9748336
92000.0 1.9821281
92200.0 1.9775526
92400.0 1.9825475
92600.0 1.9964417
92800.0 2.017072
93000.0 2.0069494
93200.0 1.9966114
93400.0 2.0154463
93600.0 2.0121862
93800.0 2.0088012
94000.0 2.0080582
94200.0 2.0034641
94400.0 1.9930416
94600.0 1.9877207
94800.0 2.0002642
95000.0 1.982887
95200.0 1.9757134
95400.0 1.9914866
95600.0 1.9972181
95800.0 2.0015816
96000.0 2.0113945
96200.0 2.0121896
96400.0 2.008111
96600.0 2.0100237
96800.0 2.0242386
97000.0 2.0262225
97200.0 2.0253092
97400.0 2.0258158
97600.0 2.0184492
97800.0 2.0241793
98000.0 2.0330903
98200.0 2.011758
98400.0 2.0035268
98600.0 2.0205919
98800.0 2.0257295
99000.0 1.9788088
99200.0 1.9942915
99400.0 2.0040728
99600.0 1.9758647
99800.0 1.9881765
100000.0 1.9963842
