0.0 46.105178
200.0 46.083401
400.0 46.087675
600.0 46.115523
800.0 46.054717
1000.0 46.082694
1200.0 46.146628
1400.0 46.084997
1600.0 46.101988
1800.0 46.120334
2000.0 46.085
2200.0 46.134848
2400.0 46.097603
2600.0 46.096472
2800.0 46.083306
3000.0 46.083572
3200.0 46.0695
3400.0 46.094681
3600.0 46.058828
3800.0 46.093278
4000.0 46.092157
4200.0 46.076696
4400.0 46.099773
4600.0 46.095415
4800.0 46.088024
5000.0 46.108028
5200.0 46.101471
5400.0 46.111116
5600.0 46.089736
5800.0 46.069091
6000.0 46.128165
6200.0 46.1061
6400.0 46.051657
6600.0 46.086208
6800.0 46.087133
7000.0 46.08207
7200.0 46.061676
7400.0 46.068252
7600.0 46.129114
7800.0 46.07081
8000.0 46.092765
8200.0 46.151273
8400.0 46.059373
8600.0 46.113275
8800.0 46.116549
9000.0 46.109651
9200.0 46.069838
9400.0 46.110836
9600.0 46.063592
9800.0 46.120682
10000.0 46.059633
10200.0 46.059786
10400.0 46.072429
10600.0 46.076088
10800.0 46.046938
11000.0 46.027647
11200.0 46.079511
11400.0 46.088163
11600.0 46.063676
11800.0 46.095228
12000.0 46.119992
12200.0 46.044395
12400.0 46.104075
12600.0 46.082755
12800.0 46.122689
13000.0 46.076018
13200.0 46.066373
13400.0 46.148361
13600.0 46.08068
13800.0 46.059191
14000.0 46.169003
14200.0 46.095166
14400.0 46.101484
14600.0 46.093294
14800.0 46.113489
15000.0 46.083156
15200.0 46.085352
15400.0 46.073406
15600.0 46.079365
15800.0 46.098145
16000.0 46.101037
16200.0 46.023288
16400.0 46.151428
16600.0 46.147013
16800.0 46.050189
17000.0 46.087936
17200.0 46.194387
17400.0 46.061647
17600.0 46.108788
17800.0 46.129264
18000.0 46.083321
18200.0 46.019594
18400.0 46.080841
18600.0 46.077329
18800.0 46.076887
19000.0 46.097929
19200.0 46.069932
19400.0 46.109259
19600.0 46.109106
19800.0 46.089299
20000.0 46.094865
20200.0 46.147213
20400.0 46.045861
20600.0 46.118312
20800.0 46.133051
21000.0 46.022385
21200.0 46.067284
21400.0 46.113618
21600.0 46.0542
21800.0 46.043986
22000.0 46.087931
22200.0 46.133941
22400.0 46.05868
22600.0 46.059147
22800.0 46.120407
23000.0 46.123796
23200.0 46.059327
23400.0 46.08283
23600.0 46.147004
23800.0 46.04624
24000.0 46.110157
24200.0 46.088258
24400.0 46.07409
24600.0 46.043995
24800.0 46.110859
25000.0 46.054953
25200.0 46.058509
25400.0 46.086095
25600.0 46.10187
25800.0 46.080663
26000.0 46.098668
26200.0 46.112555
26400.0 46.055552
26600.0 46.136531
26800.0 46.095279
27000.0 46.044359
27200.0 46.122205
27400.0 46.082574
27600.0 46.04349
27800.0 46.07581
28000.0 46.08407
28200.0 46.034689
28400.0 46.07534
28600.0 46.119129
28800.0 46.046714
29000.0 46.07176
29200.0 46.137505
29400.0 46.080713
29600.0 46.058248
29800.0 46.099356
30000.0 46.148068
30200.0 46.057952
30400.0 46.113007
30600.0 46.136606
30800.0 46.074721
31000.0 46.093114
31200.0 46.145294
31400.0 46.098825
31600.0 46.062462
31800.0 46.129348
32000.0 46.097282
32200.0 46.043717
32400.0 46.0807
32600.0 46.122866
32800.0 46.036149
33000.0 46.106318
33200.0 46.070893
33400.0 46.100634
33600.0 46.108626
33800.0 46.120979
34000.0 46.14179
34200.0 46.125635
34400.0 46.128131
34600.0 46.114161
34800.0 46.099827
35000.0 46.12174
35200.0 46.074088
35400.0 46.099396
35600.0 46.117724
35800.0 46.101247
36000.0 46.014514
36200.0 46.178257
36400.0 46.080093
36600.0 46.05676
36800.0 46.103789
37000.0 46.141446
37200.0 46.072113
37400.0 46.130676
37600.0 46.09518
37800.0 46.120337
38000.0 46.083184
38200.0 46.147794
38400.0 46.086621
38600.0 46.045255
38800.0 46.121865
39000.0 46.081244
39200.0 46.038687
39400.0 46.075348
39600.0 46.112347
39800.0 46.039268
40000.0 46.103666
40200.0 46.131315
40400.0 46.098356
40600.0 46.117332
40800.0 46.112833
41000.0 46.116504
41200.0 46.119274
41400.0 46.069068
41600.0 46.126068
41800.0 46.070361
42000.0 46.058824
42200.0 46.135283
42400.0 46.051702
42600.0 46.073506
42800.0 46.122632
43000.0 46.104447
43200.0 46.038568
43400.0 46.181208
43600.0 46.141899
43800.0 46.096026
44000.0 46.124522
44200.0 46.142341
44400.0 46.092126
44600.0 46.057826
44800.0 46.147711
45000.0 46.104853
45200.0 46.023752
45400.0 46.107191
45600.0 46.143759
45800.0 46.028374
46000.0 46.074244
46200.0 46.109767
46400.0 46.098261
46600.0 46.105226
46800.0 46.10124
47000.0 46.117835
47200.0 46.121871
47400.0 46.088666
47600.0 46.142105
47800.0 46.085031
48000.0 46.086066
48200.0 46.080658
48400.0 46.113965
48600.0 46.060652
48800.0 46.07697
49000.0 46.091783
49200.0 46.112374
49400.0 46.078969
49600.0 46.094779
49800.0 46.077598
50000.0 46.115591
50200.0 46.053771
50400.0 46.109152
50600.0 46.110398
50800.0 46.082081
51000.0 46.071745
51200.0 46.1152
51400.0 46.090393
51600.0 46.031593
51800.0 46.140455
52000.0 46.08779
52200.0 45.995404
52400.0 46.075234
52600.0 46.12331
52800.0 46.050949
53000.0 46.036892
53200.0 46.152729
53400.0 46.102717
53600.0 46.090539
53800.0 46.147856
54000.0 46.039536
54200.0 46.129215
54400.0 46.092536
54600.0 46.106652
54800.0 46.061177
55000.0 46.076392
55200.0 46.105685
55400.0 46.073972
55600.0 46.099849
55800.0 46.096321
56000.0 46.029346
56200.0 46.150083
56400.0 46.069687
56600.0 46.079068
56800.0 46.101592
57000.0 46.126077
57200.0 46.076934
57400.0 46.08485
57600.0 46.132617
57800.0 46.055855
58000.0 46.120013
58200.0 46.105762
58400.0 46.083662
58600.0 46.058546
58800.0 46.072996
59000.0 46.094795
59200.0 46.037475
59400.0 46.060275
59600.0 46.134236
59800.0 46.069541
60000.0 46.076078
60200.0 46.14707
60400.0 46.119494
60600.0 46.070768
60800.0 46.099598
61000.0 46.129572
61200.0 46.052171
61400.0 46.131553
61600.0 46.092149
61800.0 46.042538
62000.0 46.090422
62200.0 46.072516
62400.0 46.05601
62600.0 46.124974
62800.0 46.043427
63000.0 46.030972
63200.0 46.105324
63400.0 46.089482
63600.0 46.065366
63800.0 46.14507
64000.0 46.121104
64200.0 46.023193
64400.0 46.131636
64600.0 46.146285
64800.0 46.056064
65000.0 46.096316
65200.0 46.112996
65400.0 46.06504
65600.0 46.067733
65800.0 46.067668
66000.0 46.107999
66200.0 46.041914
66400.0 46.034163
66600.0 46.121682
66800.0 46.095873
67000.0 46.119642
67200.0 46.083134
67400.0 46.139447
67600.0 46.095243
67800.0 46.098187
68000.0 46.083232
68200.0 46.110558
68400.0 46.054179
68600.0 46.089083
68800.0 46.075249
69000.0 46.094919
69200.0 46.067782
69400.0 46.087985
69600.0 46.093069
69800.0 46.083321
70000.0 46.084996
70200.0 46.11835
70400.0 46.097413
70600.0 46.052588
70800.0 46.144342
71000.0 46.07324
71200.0 46.097585
71400.0 46.092824
71600.0 46.110655
71800.0 46.071367
72000.0 46.104024
72200.0 46.084737
72400.0 46.100733
72600.0 46.103414
72800.0 46.055492
73000.0 46.133213
73200.0 46.039041
73400.0 46.088429
73600.0 46.123546
73800.0 46.066419
74000.0 46.092582
74200.0 46.117446
74400.0 46.060607
74600.0 46.121843
74800.0 46.11332
75000.0 46.114073
75200.0 46.085354
75400.0 46.102378
75600.0 46.14043
75800.0 46.040116
76000.0 46.04871
76200.0 46.115635
76400.0 46.061327
76600.0 46.042085
76800.0 46.109736
77000.0 46.105839
77200.0 46.036607
77400.0 46.122493
77600.0 46.135867
77800.0 46.064848
78000.0 46.07827
78200.0 46.113786
78400.0 46.105326
78600.0 46.061948
78800.0 46.120707
79000.0 46.082863
79200.0 46.063237
79400.0 46.103401
79600.0 46.08347
79800.0 46.023162
80000.0 46.125699
80200.0 46.079184
80400.0 46.025762
80600.0 46.089846
80800.0 46.115773
81000.0 46.083552
81200.0 46.086446
81400.0 46.126746
81600.0 46.115782
81800.0 46.080542
82000.0 46.128114
82200.0 46.101941
82400.0 46.065877
82600.0 46.115774
82800.0 46.10106
83000.0 46.083279
83200.0 46.049788
83400.0 46.129363
83600.0 46.066025
83800.0 46.067727
84000.0 46.107139
84200.0 46.094628
84400.0 46.084002
84600.0 46.094497
84800.0 46.118139
85000.0 46.093957
85200.0 46.124905
85400.0 46.097929
85600.0 46.116027
85800.0 46.136336
86000.0 46.10434
86200.0 46.088046
86400.0 46.084021
86600.0 46.077722
86800.0 46.069816
87000.0 46.0834
87200.0 46.049299
87400.0 46.082033
87600.0 46.090626
87800.0 46.090309
88000.0 46.057596
88200.0 46.152834
88400.0 46.115306
88600.0 46.099636
88800.0 46.116211
89000.0 46.147262
89200.0 46.097937
89400.0 46.083882
89600.0 46.116319
89800.0 46.117029
90000.0 46.017787
90200.0 46.103689
90400.0 46.128259
90600.0 46.023428
90800.0 46.08905
91000.0 46.072111
91200.0 46.109029
91400.0 46.07501
91600.0 46.093091
91800.0 46.119385
92000.0 46.073652
92200.0 46.084694
92400.0 46.107263
92600.0 46.091581
92800.0 46.07073
93000.0 46.113879
93200.0 46.077348
93400.0 46.118321
93600.0 46.053343
93800.0 46.11708
94000.0 46.111194
94200.0 46.112527
94400.0 46.089376
94600.0 46.136252
94800.0 46.141078
95000.0 46.083348
95200.0 46.097172
95400.0 46.127444
95600.0 46.066035
95800.0 46.053066
96000.0 46.135136
96200.0 46.071924
96400.0 46.018465
96600.0 46.156127
96800.0 46.064343
97000.0 46.069529
97200.0 46.14752
97400.0 46.107312
97600.0 46.097526
97800.0 46.11967
98000.0 46.131376
98200.0 46.089858
98400.0 46.111781
98600.0 46.090174
98800.0 46.089771
99000.0 46.072371
99200.0 46.099915
99400.0 46.079858
99600.0 46.0621
99800.0 46.102832
100000.0 46.108756
