0.0 33.32205
200.0 20.55956
400.0 -54.845565
600.0 35.818238
800.0 10.616961
1000.0 -61.559343
1200.0 37.145121
1400.0 18.206372
1600.0 -53.442131
1800.0 36.265175
2000.0 43.494417
2200.0 -53.087636
2400.0 14.127163
2600.0 21.671573
2800.0 -19.437629
3000.0 -29.349151
3200.0 77.47739
3400.0 14.749444
3600.0 -117.42488
3800.0 86.551995
4000.0 28.743309
4200.0 -72.240809
4400.0 29.173243
4600.0 38.285719
4800.0 -19.328229
5000.0 -1.5906077
5200.0 25.083196
5400.0 10.747559
5600.0 -30.6549
5800.0 43.346219
6000.0 -53.169997
6200.0 41.618814
6400.0 -18.909876
6600.0 -5.2394675
6800.0 13.630786
7000.0 4.3822155
7200.0 -46.522468
7400.0 44.863316
7600.0 5.0949587
7800.0 -35.820972
8000.0 23.653025
8200.0 14.527516
8400.0 -89.386455
8600.0 70.567507
8800.0 17.385154
9000.0 -59.098182
9200.0 39.772749
9400.0 -28.294337
9600.0 11.085186
9800.0 3.5799915
10000.0 -8.3096719
10200.0 -7.4447439
10400.0 35.007165
10600.0 -19.491177
10800.0 -24.25802
11000.0 19.531704
11200.0 17.807018
11400.0 -71.442558
11600.0 57.476003
11800.0 22.590459
12000.0 -79.746005
12200.0 33.710363
12400.0 76.127627
12600.0 -156.15442
12800.0 64.359823
13000.0 79.445759
13200.0 -85.202287
13400.0 73.751683
13600.0 -35.102936
13800.0 -2.35379
14000.0 57.621802
14200.0 -84.223425
14400.0 67.720291
14600.0 -21.292503
14800.0 -29.111428
15000.0 64.082274
15200.0 -9.3307553
15400.0 -47.588982
15600.0 31.349613
15800.0 57.293861
16000.0 -44.065831
16200.0 6.8635697
16400.0 -0.073444581
16600.0 12.461608
16800.0 20.55747
17000.0 -5.0836885
17200.0 -6.2744693
17400.0 28.749208
17600.0 -7.7342237
17800.0 -72.308987
18000.0 60.67329
18200.0 -3.2523548
18400.0 3.7614357
18600.0 0.66724263
18800.0 -6.2134671
19000.0 13.926118
19200.0 -29.278236
19400.0 -4.5282482
19600.0 46.700684
19800.0 -35.117001
20000.0 -4.3282321
20200.0 4.3972996
20400.0 -5.3100937
20600.0 -12.615752
20800.0 22.751255
21000.0 2.935006
21200.0 -32.856463
21400.0 28.291904
21600.0 46.141173
21800.0 -51.305085
22000.0 -26.302902
22200.0 107.022
22400.0 -21.680166
22600.0 -52.35291
22800.0 43.392624
23000.0 -12.191364
23200.0 -1.4804318
23400.0 30.259242
23600.0 -36.367184
23800.0 -8.9904934
24000.0 25.174168
24200.0 9.9955316
24400.0 -32.950112
24600.0 6.4133416
24800.0 39.338882
25000.0 -2.2552179
25200.0 -24.521592
25400.0 -2.1347045
25600.0 52.56624
25800.0 -64.939295
26000.0 22.426607
26200.0 15.537321
26400.0 -7.4935108
26600.0 -5.6676467
26800.0 43.403073
27000.0 -25.371763
27200.0 -3.9178091
27400.0 54.67117
27600.0 -85.615992
27800.0 94.116881
28000.0 -55.19935
28200.0 -17.844755
28400.0 31.942345
28600.0 -19.897499
28800.0 -10.678272
29000.0 21.592541
29200.0 -22.747341
29400.0 30.785055
29600.0 -44.051564
29800.0 21.577175
30000.0 4.020749
30200.0 -0.84559107
30400.0 4.1761651
30600.0 8.9626153
30800.0 -21.061012
31000.0 -6.8114711
31200.0 44.101446
31400.0 8.7475915
31600.0 -53.173402
31800.0 15.119785
32000.0 34.391034
32200.0 -27.269544
32400.0 22.500595
32600.0 -7.4872122
32800.0 -29.946777
33000.0 -11.70499
33200.0 96.339577
33400.0 -74.620796
33600.0 24.097976
33800.0 5.0612425
34000.0 -22.255887
34200.0 -5.5030896
34400.0 36.923706
34600.0 -23.798509
34800.0 6.2676367
35000.0 21.806
35200.0 -36.690439
35400.0 39.500781
35600.0 -2.7271491
35800.0 5.2558717
36000.0 1.5315428
36200.0 -36.464921
36400.0 16.522247
36600.0 18.589799
36800.0 -47.332341
37000.0 -25.892781
37200.0 99.243955
37400.0 -54.863079
37600.0 -19.975351
37800.0 0.67402131
38000.0 41.972646
38200.0 -68.97864
38400.0 29.574136
38600.0 38.702498
38800.0 -46.991518
39000.0 -20.760078
39200.0 89.79773
39400.0 -57.415786
39600.0 -11.627298
39800.0 28.198544
40000.0 -28.747094
40200.0 63.883332
40400.0 3.4502827
40600.0 -87.944155
40800.0 107.28378
41000.0 -26.019
41200.0 -40.402646
41400.0 27.391749
41600.0 19.589035
41800.0 -34.771438
42000.0 1.696331
42200.0 28.486828
42400.0 -33.765025
42600.0 14.902892
42800.0 44.49394
43000.0 -51.12627
43200.0 22.526712
43400.0 18.913379
43600.0 -35.479435
43800.0 18.625142
44000.0 21.479155
44200.0 -0.43709159
44400.0 14.297768
44600.0 -15.676503
44800.0 -0.05308795
45000.0 60.679731
45200.0 -81.672343
45400.0 15.219531
45600.0 37.511698
45800.0 -26.94498
46000.0 -13.995825
46200.0 19.714145
46400.0 -28.374959
46600.0 56.571179
46800.0 -25.55489
47000.0 -33.021265
47200.0 32.782544
47400.0 33.705025
47600.0 -28.675913
47800.0 20.189344
48000.0 -28.287287
48200.0 21.610249
48400.0 18.140471
48600.0 -78.639549
48800.0 83.205229
49000.0 -20.015198
49200.0 -48.880967
49400.0 68.013988
49600.0 -36.439415
49800.0 -13.276529
50000.0 45.331205
50200.0 -28.716817
50400.0 8.2784777
50600.0 10.248218
50800.0 -6.9730131
51000.0 11.577131
51200.0 28.226547
51400.0 -36.652967
51600.0 36.570454
51800.0 0.79349154
52000.0 -24.610535
52200.0 59.186594
52400.0 -88.01574
52600.0 20.386832
52800.0 120.97561
53000.0 -112.03524
53200.0 22.597553
53400.0 14.839244
53600.0 20.77181
53800.0 -39.669356
54000.0 12.935233
54200.0 45.713135
54400.0 -28.974504
54600.0 23.173084
54800.0 41.880034
55000.0 -48.270059
55200.0 -9.0120903
55400.0 42.3074
55600.0 -30.680289
55800.0 5.8517363
56000.0 52.327266
56200.0 -73.915313
56400.0 55.001675
56600.0 -47.790645
56800.0 45.218515
57000.0 3.5139245
57200.0 -34.05966
57400.0 50.569894
57600.0 -38.827111
57800.0 -15.343275
58000.0 20.733671
58200.0 6.3201874
58400.0 -34.8321
58600.0 19.083212
58800.0 -11.992276
59000.0 8.0486666
59200.0 -15.954741
59400.0 3.863622
59600.0 15.494489
59800.0 -22.474891
60000.0 8.1414724
60200.0 20.838884
60400.0 -8.6158555
60600.0 -51.4539
60800.0 42.484784
61000.0 17.239277
61200.0 14.87186
61400.0 -39.565727
61600.0 20.630563
61800.0 2.0509812
62000.0 -31.278365
62200.0 57.513458
62400.0 -17.099251
62600.0 -36.408746
62800.0 47.016028
63000.0 -3.3953506
63200.0 -30.415199
63400.0 -1.2986442
63600.0 -3.0539565
63800.0 38.855445
64000.0 -30.722817
64200.0 -8.1324095
64400.0 13.68768
64600.0 37.379644
64800.0 -8.8218417
65000.0 -15.500449
65200.0 -9.1808948
65400.0 51.258632
65600.0 -44.173895
65800.0 -13.532513
66000.0 33.753452
66200.0 19.017612
66400.0 0.4026788
66600.0 -34.759548
66800.0 13.995697
67000.0 13.274021
67200.0 2.777881
67400.0 -16.687332
67600.0 38.937269
67800.0 -28.910786
68000.0 -8.9058385
68200.0 56.258278
68400.0 -38.425642
68600.0 34.665054
68800.0 -33.063189
69000.0 73.379913
69200.0 -56.917143
69400.0 30.657902
69600.0 -33.509436
69800.0 12.369814
70000.0 28.465654
70200.0 -11.139327
70400.0 -35.314802
70600.0 68.98175
70800.0 -48.137494
71000.0 9.301234
71200.0 -0.19928185
71400.0 6.6620322
71600.0 -9.6942345
71800.0 43.208373
72000.0 -48.832834
72200.0 53.955695
72400.0 -55.473851
72600.0 7.253946
72800.0 66.752542
73000.0 -34.658459
73200.0 -37.70901
73400.0 81.725226
73600.0 -60.426475
73800.0 7.0576207
74000.0 7.3098118
74200.0 7.4928193
74400.0 7.133507
74600.0 5.6945907
74800.0 13.953052
75000.0 -38.310843
75200.0 22.155502
75400.0 -13.79243
75600.0 11.372859
75800.0 -8.55409
76000.0 3.0132064
76200.0 -2.9796203
76400.0 32.306264
76600.0 -11.310951
76800.0 -22.048466
77000.0 39.249517
77200.0 -41.208459
77400.0 26.931929
77600.0 23.138703
77800.0 -85.577238
78000.0 45.815611
78200.0 1.0419198
78400.0 -15.599538
78600.0 9.7139542
78800.0 -31.017667
79000.0 55.136078
79200.0 0.29591793
79400.0 -72.235198
79600.0 73.416902
79800.0 -44.286803
80000.0 59.247686
80200.0 -37.758718
80400.0 22.847708
80600.0 -46.207427
80800.0 46.819885
81000.0 3.2895139
81200.0 -42.559707
81400.0 41.340647
81600.0 -15.764923
81800.0 8.5092908
82000.0 -37.789254
82200.0 71.446268
82400.0 38.630115
82600.0 -68.953467
82800.0 29.067369
83000.0 22.887943
83200.0 -36.653525
83400.0 46.36312
83600.0 -23.049954
83800.0 -5.3271388
84000.0 17.984432
84200.0 -3.3383551
84400.0 15.279604
84600.0 -53.453157
84800.0 -27.172884
85000.0 71.3379
85200.0 -37.234743
85400.0 7.6705985
85600.0 -30.637973
85800.0 -0.51844715
86000.0 24.097353
86200.0 -7.0539167
86400.0 -1.9845512
86600.0 12.872161
86800.0 -15.63734
87000.0 14.522435
87200.0 43.012162
87400.0 -52.144225
87600.0 22.240155
87800.0 8.6366677
88000.0 20.352725
88200.0 -28.109205
88400.0 32.678859
88600.0 -8.5338952
88800.0 -23.16216
89000.0 30.667039
89200.0 -26.035893
89400.0 92.728242
89600.0 -102.29373
89800.0 32.192495
90000.0 15.291957
90200.0 -13.145407
90400.0 48.215903
90600.0 -38.359328
90800.0 -53.163349
91000.0 78.152003
91200.0 -2.1257501
91400.0 -36.842755
91600.0 1.8359858
91800.0 5.4132447
92000.0 13.349116
92200.0 2.1376728
92400.0 -13.837828
92600.0 -1.5403635
92800.0 48.655637
93000.0 -24.418228
93200.0 -22.947841
93400.0 32.368812
93600.0 -16.705583
93800.0 4.7665347
94000.0 27.863471
94200.0 -24.471767
94400.0 -2.795807
94600.0 41.471774
94800.0 -31.343926
95000.0 -0.2247951
95200.0 -3.2123288
95400.0 13.166082
95600.0 -17.736218
95800.0 28.036815
96000.0 2.3246567
96200.0 -27.114971
96400.0 -17.005634
96600.0 54.625194
96800.0 7.0862234
97000.0 -55.596245
97200.0 6.8939814
97400.0 36.749623
97600.0 -33.803974
97800.0 21.33912
98000.0 -21.828419
98200.0 9.5987554
98400.0 -2.9615586
98600.0 6.4957076
98800.0 -4.9722305
99000.0 20.979921
99200.0 6.3610272
99400.0 -9.0052642
99600.0 -37.857457
99800.0 74.655208
100000.0 -20.425495
