0.0 713.13114
200.0 701.91265
400.0 733.63163
600.0 734.19696
800.0 719.88356
1000.0 722.90961
1200.0 716.32098
1400.0 742.11438
1600.0 719.18245
1800.0 731.09687
2000.0 720.24067
2200.0 734.49459
2400.0 732.53961
2600.0 722.57322
2800.0 739.60103
3000.0 763.04351
3200.0 753.6176
3400.0 729.14782
3600.0 718.47942
3800.0 711.22065
4000.0 733.62486
4200.0 739.99602
4400.0 725.86009
4600.0 732.49622
4800.0 720.15392
5000.0 745.49906
5200.0 749.9092
5400.0 739.26664
5600.0 747.12619
5800.0 768.76281
6000.0 739.05977
6200.0 708.75424
6400.0 728.7055
6600.0 738.97263
6800.0 725.11262
7000.0 735.45893
7200.0 721.47058
7400.0 724.46348
7600.0 742.50524
7800.0 727.85448
8000.0 735.60385
8200.0 729.09155
8400.0 716.71002
8600.0 718.72912
8800.0 727.36534
9000.0 730.89954
9200.0 721.77979
9400.0 748.5089
9600.0 745.91779
9800.0 734.49972
10000.0 731.05531
10200.0 715.05178
10400.0 739.31436
10600.0 726.41177
10800.0 741.08245
11000.0 753.44443
11200.0 724.98974
11400.0 749.69521
11600.0 745.32597
11800.0 727.98477
12000.0 731.78548
12200.0 733.73301
12400.0 727.34696
12600.0 745.27707
12800.0 733.67728
13000.0 709.8301
13200.0 718.44564
13400.0 720.90185
13600.0 751.65674
13800.0 746.79348
14000.0 734.27562
14200.0 734.79693
14400.0 746.84874
14600.0 737.46753
14800.0 727.00168
15000.0 730.24552
15200.0 742.40523
15400.0 748.3446
15600.0 758.0365
15800.0 717.2511
16000.0 721.85945
16200.0 728.11538
16400.0 727.2626
16600.0 735.65952
16800.0 727.94504
17000.0 738.1003
17200.0 736.85335
17400.0 715.86659
17600.0 727.14083
17800.0 751.0791
18000.0 732.19285
18200.0 731.95508
18400.0 749.66822
18600.0 731.60423
18800.0 742.69063
19000.0 752.26599
19200.0 727.44499
19400.0 741.6943
19600.0 713.12318
19800.0 705.15163
20000.0 728.88106
20200.0 711.89068
20400.0 743.87217
20600.0 744.91689
20800.0 718.02708
21000.0 714.19013
21200.0 747.23337
21400.0 741.46897
21600.0 730.7975
21800.0 746.54367
22000.0 759.08034
22200.0 729.15316
22400.0 728.81735
22600.0 731.5719
22800.0 729.43062
23000.0 734.83398
23200.0 721.76259
23400.0 729.31251
23600.0 718.06985
23800.0 715.96403
24000.0 733.69496
24200.0 754.93171
24400.0 745.09934
24600.0 731.42277
24800.0 728.34837
25000.0 718.45397
25200.0 729.9434
25400.0 754.81171
25600.0 754.4993
25800.0 748.5678
26000.0 744.71333
26200.0 735.65575
26400.0 723.17413
26600.0 728.83246
26800.0 717.59782
27000.0 717.2396
27200.0 747.05447
27400.0 726.7397
27600.0 744.4364
27800.0 754.66496
28000.0 714.75629
28200.0 715.71562
28400.0 723.72441
28600.0 728.75177
28800.0 711.23997
29000.0 716.90689
29200.0 719.85925
29400.0 718.55788
29600.0 721.70078
29800.0 736.4688
30000.0 731.1532
30200.0 723.17457
30400.0 752.42801
30600.0 742.37355
30800.0 711.98701
31000.0 721.25755
31200.0 744.81445
31400.0 720.71507
31600.0 713.31639
31800.0 738.12718
32000.0 749.55686
32200.0 736.4004
32400.0 738.23318
32600.0 754.40567
32800.0 750.20603
33000.0 722.74568
33200.0 749.02802
33400.0 746.91715
33600.0 723.07783
33800.0 720.56003
34000.0 726.79344
34200.0 714.08715
34400.0 725.30828
34600.0 742.07408
34800.0 734.49627
35000.0 726.52152
35200.0 737.15943
35400.0 756.43034
35600.0 749.04762
35800.0 748.03947
36000.0 722.22099
36200.0 721.42754
36400.0 746.08152
36600.0 725.19171
36800.0 735.04704
37000.0 744.78445
37200.0 741.54518
37400.0 736.45986
37600.0 708.79572
37800.0 725.06323
38000.0 731.47143
38200.0 733.18407
38400.0 740.44618
38600.0 718.37376
38800.0 708.185
39000.0 731.25446
39200.0 738.99619
39400.0 735.86513
39600.0 755.08134
39800.0 729.7305
40000.0 710.77324
40200.0 743.02742
40400.0 734.84183
40600.0 762.00791
40800.0 732.76984
41000.0 711.52088
41200.0 729.40286
41400.0 727.6738
41600.0 729.8826
41800.0 731.67615
42000.0 723.65974
42200.0 716.8618
42400.0 731.61657
42600.0 729.64021
42800.0 719.96256
43000.0 731.73156
43200.0 727.89531
43400.0 708.73424
43600.0 716.05055
43800.0 727.48102
44000.0 725.80665
44200.0 738.527
44400.0 734.39228
44600.0 721.14179
44800.0 734.0498
45000.0 726.43673
45200.0 729.71491
45400.0 739.46079
45600.0 754.58212
45800.0 746.39415
46000.0 758.88074
46200.0 746.45976
46400.0 719.59116
46600.0 722.56407
46800.0 725.60257
47000.0 733.01436
47200.0 735.3932
47400.0 740.09772
47600.0 732.17773
47800.0 722.72597
48000.0 725.28561
48200.0 743.79707
48400.0 732.70677
48600.0 724.73098
48800.0 716.24718
49000.0 718.05353
49200.0 735.38787
49400.0 717.75117
49600.0 702.20869
49800.0 715.53187
50000.0 729.48061
50200.0 727.65911
50400.0 739.50156
50600.0 738.43991
50800.0 718.25768
51000.0 737.90309
51200.0 736.93318
51400.0 744.10674
51600.0 744.9865
51800.0 718.85318
52000.0 692.42772
52200.0 718.24286
52400.0 717.34326
52600.0 752.59882
52800.0 753.49442
53000.0 737.86159
53200.0 734.61323
53400.0 703.8928
53600.0 734.83147
53800.0 756.23108
54000.0 722.81285
54200.0 726.14518
54400.0 727.4078
54600.0 729.27821
54800.0 741.03791
55000.0 743.69583
55200.0 755.25074
55400.0 723.61683
55600.0 703.297
55800.0 727.54517
56000.0 731.70913
56200.0 720.46768
56400.0 714.6065
56600.0 721.33964
56800.0 747.53543
57000.0 728.25517
57200.0 728.97285
57400.0 740.722
57600.0 727.29544
57800.0 763.86115
58000.0 736.82971
58200.0 721.10754
58400.0 753.14312
58600.0 753.03784
58800.0 748.20322
59000.0 736.52549
59200.0 734.54193
59400.0 751.21917
59600.0 740.85993
59800.0 736.57985
60000.0 732.64614
60200.0 734.88301
60400.0 720.97294
60600.0 720.61936
60800.0 728.20495
61000.0 740.193
61200.0 724.20404
61400.0 723.58497
61600.0 733.39772
61800.0 721.85657
62000.0 742.70449
62200.0 755.29642
62400.0 743.55846
62600.0 722.07301
62800.0 736.95264
63000.0 751.25374
63200.0 738.54171
63400.0 743.99316
63600.0 743.04586
63800.0 723.9562
64000.0 726.35554
64200.0 727.00396
64400.0 737.04774
64600.0 728.09391
64800.0 717.23845
65000.0 739.44381
65200.0 721.09886
65400.0 740.26544
65600.0 738.88228
65800.0 739.8627
66000.0 747.57385
66200.0 732.45845
66400.0 733.36149
66600.0 742.19933
66800.0 742.60675
67000.0 754.75907
67200.0 744.17872
67400.0 755.70644
67600.0 744.95409
67800.0 742.63527
68000.0 753.34342
68200.0 740.84182
68400.0 721.17035
68600.0 724.64141
68800.0 733.18367
69000.0 740.6524
69200.0 732.65027
69400.0 735.51886
69600.0 733.7112
69800.0 719.72401
70000.0 744.7908
70200.0 705.22984
70400.0 719.08815
70600.0 747.74876
70800.0 713.61841
71000.0 733.81468
71200.0 729.79195
71400.0 731.61894
71600.0 723.70837
71800.0 720.25237
72000.0 736.78152
72200.0 742.66735
72400.0 724.8402
72600.0 711.50203
72800.0 746.39863
73000.0 742.54099
73200.0 728.92619
73400.0 761.12727
73600.0 726.97188
73800.0 722.63334
74000.0 730.20243
74200.0 709.2395
74400.0 733.10765
74600.0 765.18114
74800.0 735.50119
75000.0 761.8791
75200.0 719.62213
75400.0 711.87321
75600.0 743.00978
75800.0 706.26875
76000.0 731.29271
76200.0 745.39758
76400.0 727.96985
76600.0 718.72412
76800.0 732.33621
77000.0 743.44173
77200.0 703.4611
77400.0 729.48577
77600.0 724.42336
77800.0 723.20479
78000.0 733.24057
78200.0 717.23803
78400.0 715.67412
78600.0 730.34419
78800.0 741.6679
79000.0 736.67481
79200.0 731.44793
79400.0 740.70332
79600.0 721.58841
79800.0 732.16839
80000.0 771.82011
80200.0 731.54702
80400.0 707.88532
80600.0 725.21034
80800.0 721.25107
81000.0 729.70214
81200.0 718.51609
81400.0 736.19192
81600.0 722.31838
81800.0 695.35902
82000.0 724.83082
82200.0 732.08939
82400.0 712.73801
82600.0 707.88019
82800.0 726.14167
83000.0 715.99043
83200.0 734.45034
83400.0 738.90854
83600.0 715.49085
83800.0 730.24007
84000.0 749.99515
84200.0 727.66875
84400.0 741.82751
84600.0 743.97021
84800.0 716.47846
85000.0 745.45936
85200.0 747.86295
85400.0 717.1257
85600.0 738.84764
85800.0 745.84881
86000.0 729.82431
86200.0 726.57712
86400.0 732.47953
86600.0 723.61647
86800.0 736.39608
87000.0 737.70872
87200.0 706.2959
87400.0 725.59708
87600.0 732.27522
87800.0 749.38294
88000.0 736.21459
88200.0 722.8792
88400.0 746.77129
88600.0 756.91083
88800.0 737.80274
89000.0 723.40359
89200.0 748.59558
89400.0 735.29346
89600.0 727.39391
89800.0 727.31725
90000.0 705.24397
90200.0 740.28312
90400.0 744.12436
90600.0 725.0784
90800.0 743.10259
91000.0 742.27501
91200.0 728.25103
91400.0 706.738
91600.0 734.36763
91800.0 736.0601
92000.0 726.20903
92200.0 726.10791
92400.0 726.08491
92600.0 727.92018
92800.0 726.83407
93000.0 714.57328
93200.0 718.87212
93400.0 733.65022
93600.0 730.7586
93800.0 713.65107
94000.0 729.25492
94200.0 734.02888
94400.0 766.36124
94600.0 750.51553
94800.0 727.88942
95000.0 719.56826
95200.0 726.22573
95400.0 725.50542
95600.0 718.02986
95800.0 734.69826
96000.0 741.14853
96200.0 736.80782
96400.0 754.34985
96600.0 744.18752
96800.0 746.57693
97000.0 730.1103
97200.0 743.7465
97400.0 753.8074
97600.0 741.59529
97800.0 721.86636
98000.0 724.19012
98200.0 736.69751
98400.0 754.88402
98600.0 743.50299
98800.0 731.90678
99000.0 726.16976
99200.0 717.93206
99400.0 725.53236
99600.0 741.45914
99800.0 720.44682
100000.0 717.10387
