0.0 67.410551
200.0 -28.983111
400.0 -20.293857
600.0 38.113441
800.0 -17.671164
1000.0 -59.020602
1200.0 46.451559
1400.0 55.029749
1600.0 -74.610437
1800.0 -18.572542
2000.0 59.760526
2200.0 53.141646
2400.0 -84.323426
2600.0 -45.08128
2800.0 101.10205
3000.0 26.007075
3200.0 -82.888218
3400.0 -20.142884
3600.0 96.853181
3800.0 -10.613272
4000.0 -62.139971
4200.0 19.196614
4400.0 15.982678
4600.0 -15.677714
4800.0 12.506457
5000.0 -7.5832219
5200.0 15.134892
5400.0 0.63618562
5600.0 -11.159245
5800.0 8.7821168
6000.0 -3.0003617
6200.0 -16.283003
6400.0 19.164013
6600.0 34.253451
6800.0 -41.770581
7000.0 -33.050109
7200.0 69.05235
7400.0 41.027737
7600.0 -104.06713
7800.0 -10.677317
8000.0 118.85582
8200.0 14.258826
8400.0 -112.33208
8600.0 -26.191142
8800.0 120.12193
9000.0 20.453679
9200.0 -88.581951
9400.0 -9.5225929
9600.0 57.519456
9800.0 24.849375
10000.0 -65.836076
10200.0 -29.403089
10400.0 63.80075
10600.0 33.922479
10800.0 -79.581869
11000.0 -7.71578
11200.0 62.90118
11400.0 32.928748
11600.0 -66.47803
11800.0 -21.220264
12000.0 35.192012
12200.0 27.481168
12400.0 -30.443839
12600.0 -14.668099
12800.0 23.812924
13000.0 16.661591
13200.0 -18.706136
13400.0 -5.9767655
13600.0 11.07577
13800.0 27.500945
14000.0 -57.610876
14200.0 -11.552361
14400.0 70.288363
14600.0 21.102086
14800.0 -77.886022
15000.0 -7.048526
15200.0 94.004284
15400.0 -6.9133034
15600.0 -69.378931
15800.0 2.0798543
16000.0 67.243325
16200.0 30.078318
16400.0 -113.2349
16600.0 9.3565967
16800.0 110.18764
17000.0 1.1654332
17200.0 -99.963481
17400.0 15.678694
17600.0 67.360045
17800.0 -22.76312
18000.0 -57.939986
18200.0 24.400295
18400.0 47.124513
18600.0 -8.9906342
18800.0 -37.614877
19000.0 -3.823968
19200.0 66.497882
19400.0 -20.946058
19600.0 -55.378801
19800.0 39.917432
20000.0 50.078709
20200.0 -61.726787
20400.0 -35.799334
20600.0 59.701303
20800.0 -6.3770443
21000.0 -8.0726727
21200.0 -1.3522934
21400.0 9.9846882
21600.0 12.93385
21800.0 -10.991121
22000.0 -16.424013
22200.0 22.089773
22400.0 -6.0268835
22600.0 12.205865
22800.0 8.3503502
23000.0 -15.524529
23200.0 -14.664877
23400.0 4.2547926
23600.0 50.918014
23800.0 -18.282458
24000.0 -28.661907
24200.0 19.064099
24400.0 -0.61190244
24600.0 -7.9462002
24800.0 5.174995
25000.0 21.350045
25200.0 -3.381941
25400.0 -17.981207
25600.0 14.271455
25800.0 -18.938978
26000.0 6.6065065
26200.0 27.816043
26400.0 -1.3486099
26600.0 -27.133977
26800.0 -5.5959238
27000.0 34.98433
27200.0 -5.0058002
27400.0 12.241802
27600.0 -29.72674
27800.0 -34.323979
28000.0 65.249003
28200.0 76.451407
28400.0 -96.839387
28600.0 -63.14559
28800.0 98.940136
29000.0 28.935801
29200.0 -52.906576
29400.0 -55.930002
29600.0 58.997045
29800.0 22.433559
30000.0 -46.747208
30200.0 -8.8462406
30400.0 44.7465
30600.0 20.876444
30800.0 -35.118331
31000.0 -30.135476
31200.0 65.37187
31400.0 14.655775
31600.0 -74.182974
31800.0 -4.6726478
32000.0 115.77433
32200.0 -40.494539
32400.0 -62.493898
32600.0 38.235535
32800.0 42.386532
33000.0 -27.317497
33200.0 -10.082552
33400.0 -1.1688586
33600.0 41.449508
33800.0 -26.592786
34000.0 -44.257994
34200.0 56.031843
34400.0 28.316743
34600.0 -52.935221
34800.0 -25.454805
35000.0 48.266175
35200.0 53.31076
35400.0 -90.796645
35600.0 -39.09537
35800.0 113.62537
36000.0 27.58694
36200.0 -135.88794
36400.0 -1.4318438
36600.0 131.01444
36800.0 -4.808776
37000.0 -90.954636
37200.0 16.052653
37400.0 26.951101
37600.0 1.5369457
37800.0 -2.8781928
38000.0 -16.805644
38200.0 17.410959
38400.0 16.196917
38600.0 -10.878516
38800.0 -15.876249
39000.0 -8.619252
39200.0 3.3447982
39400.0 27.467849
39600.0 -21.398064
39800.0 -37.640803
40000.0 34.754724
40200.0 66.457836
40400.0 -64.948783
40600.0 -39.958905
40800.0 61.802659
41000.0 20.558107
41200.0 -25.463106
41400.0 -18.024623
41600.0 3.9166553
41800.0 61.618678
42000.0 -35.623966
42200.0 -59.100005
42400.0 68.587416
42600.0 44.101713
42800.0 -64.043984
43000.0 -41.828253
43200.0 75.805479
43400.0 26.302829
43600.0 -77.326823
43800.0 -10.019061
44000.0 68.597005
44200.0 20.978037
44400.0 -46.441423
44600.0 -15.886571
44800.0 17.067585
45000.0 50.474808
45200.0 -30.452168
45400.0 -52.630551
45600.0 55.834545
45800.0 36.601103
46000.0 -55.392225
46200.0 -14.272603
46400.0 37.61301
46600.0 16.003246
46800.0 -29.561483
47000.0 -21.200579
47200.0 35.274989
47400.0 39.274854
47600.0 -90.00816
47800.0 -18.025733
48000.0 109.91611
48200.0 -1.9951248
48400.0 -97.4475
48600.0 -30.838131
48800.0 104.1308
49000.0 7.7873246
49200.0 -78.477764
49400.0 -5.2621062
49600.0 76.769687
49800.0 0.83741641
50000.0 -37.259109
50200.0 -28.240368
50400.0 51.259431
50600.0 -8.1499845
50800.0 12.931662
51000.0 7.1639089
51200.0 -37.794034
51400.0 -7.8288536
51600.0 40.705019
51800.0 40.276939
52000.0 -58.157414
52200.0 -45.354573
52400.0 81.189439
52600.0 29.495996
52800.0 -73.45653
53000.0 -22.919803
53200.0 88.246355
53400.0 1.2431415
53600.0 -60.596865
53800.0 -9.1178608
54000.0 68.066301
54200.0 -5.2473115
54400.0 -52.688534
54600.0 10.242393
54800.0 35.154949
55000.0 4.6247785
55200.0 -50.002739
55400.0 5.0810667
55600.0 23.990504
55800.0 4.1791347
56000.0 -9.829023
56200.0 -8.5889792
56400.0 28.664558
56600.0 -6.1219734
56800.0 -38.311424
57000.0 21.943007
57200.0 43.236479
57400.0 -34.123924
57600.0 -27.424083
57800.0 31.108702
58000.0 15.455745
58200.0 -25.494169
58400.0 -18.959905
58600.0 16.905655
58800.0 11.835889
59000.0 -23.178963
59200.0 13.537609
59400.0 -3.7431359
59600.0 -4.5938647
59800.0 6.5442008
60000.0 2.3187003
60200.0 -24.162666
60400.0 9.728201
60600.0 11.544668
60800.0 11.126896
61000.0 -40.664045
61200.0 58.101454
61400.0 2.4083058
61600.0 -18.500717
61800.0 -35.205104
62000.0 30.451941
62200.0 56.278613
62400.0 -29.374785
62600.0 -90.940092
62800.0 62.529401
63000.0 111.85492
63200.0 -83.759997
63400.0 -76.088148
63600.0 51.183924
63800.0 62.312356
64000.0 -26.349083
64200.0 -61.877458
64400.0 51.968819
64600.0 33.818639
64800.0 -53.161379
65000.0 -2.648575
65200.0 24.79644
65400.0 20.698932
65600.0 -5.6965268
65800.0 -54.762151
66000.0 18.833628
66200.0 50.185024
66400.0 11.38898
66600.0 -93.84725
66800.0 7.064172
67000.0 83.876912
67200.0 17.611408
67400.0 -74.182096
67600.0 19.799971
67800.0 23.498146
68000.0 5.869244
68200.0 -28.823032
68400.0 3.6327894
68600.0 44.983275
68800.0 -21.20241
69000.0 -37.434834
69200.0 42.310954
69400.0 18.185421
69600.0 -13.770889
69800.0 -41.97241
70000.0 33.698773
70200.0 22.937663
70400.0 -30.689359
70600.0 -22.039363
70800.0 47.565963
71000.0 17.706893
71200.0 -40.10253
71400.0 -5.2241583
71600.0 44.08224
71800.0 -10.043632
72000.0 -40.862272
72200.0 10.405751
72400.0 34.32184
72600.0 -7.7165541
72800.0 -18.292409
73000.0 4.4763961
73200.0 6.5827549
73400.0 0.34019191
73600.0 -9.8035632
73800.0 -10.76225
74000.0 17.887439
74200.0 8.095964
74400.0 2.6364598
74600.0 -29.232131
74800.0 8.4399403
75000.0 41.132944
75200.0 -16.088472
75400.0 -9.2349787
75600.0 37.148969
75800.0 -30.088711
76000.0 -39.092198
76200.0 16.761941
76400.0 66.29492
76600.0 -12.954696
76800.0 -109.24875
77000.0 61.548426
77200.0 118.50417
77400.0 -69.257868
77600.0 -89.531061
77800.0 62.546742
78000.0 81.567506
78200.0 -65.298231
78400.0 -60.796716
78600.0 27.465
78800.0 78.323921
79000.0 -44.530181
79200.0 -55.020596
79400.0 42.821824
79600.0 56.315233
79800.0 -42.16686
80000.0 -71.5229
80200.0 66.500233
80400.0 52.14125
80600.0 -56.394617
80800.0 -53.495679
81000.0 64.650389
81200.0 33.084337
81400.0 -43.258514
81600.0 -28.515444
81800.0 36.701888
82000.0 35.406713
82200.0 -37.859727
82400.0 -47.818934
82600.0 38.238905
82800.0 64.477882
83000.0 -58.335971
83200.0 -13.487153
83400.0 29.206216
83600.0 -8.6539781
83800.0 -20.411993
84000.0 16.311674
84200.0 -2.4425696
84400.0 5.9116572
84600.0 -5.9872444
84800.0 -7.4420939
85000.0 -4.3762771
85200.0 26.13523
85400.0 -20.706401
85600.0 7.9499446
85800.0 -14.072436
86000.0 34.979389
86200.0 -35.632448
86400.0 11.832105
86600.0 30.088295
86800.0 -23.010792
87000.0 -30.496579
87200.0 26.495727
87400.0 50.72625
87600.0 -71.934588
87800.0 -37.708243
88000.0 94.151555
88200.0 19.723677
88400.0 -74.391632
88600.0 -22.994594
88800.0 55.19164
89000.0 65.18684
89200.0 -74.430609
89400.0 -48.079464
89600.0 77.618529
89800.0 26.424338
90000.0 -68.06526
90200.0 1.661936
90400.0 43.628923
90600.0 -10.505948
90800.0 -38.10301
91000.0 36.571419
91200.0 34.224107
91400.0 -21.040737
91600.0 -29.798278
91800.0 13.810123
92000.0 37.177759
92200.0 10.559653
92400.0 -65.599226
92600.0 29.24171
92800.0 36.328205
93000.0 -6.0507706
93200.0 -39.719492
93400.0 -0.27248723
93600.0 33.60165
93800.0 25.016587
94000.0 -42.858173
94200.0 -10.187053
94400.0 4.2857547
94600.0 32.893584
94800.0 -7.8753257
95000.0 -41.930428
95200.0 16.063954
95400.0 61.406626
95600.0 -25.736387
95800.0 -59.706353
96000.0 46.71725
96200.0 58.8785
96400.0 -35.687796
96600.0 -72.965455
96800.0 54.593787
97000.0 47.057564
97200.0 -34.291052
97400.0 -53.700526
97600.0 35.5518
97800.0 37.690841
98000.0 -35.203512
98200.0 -20.145055
98400.0 45.384595
98600.0 -1.2248337
98800.0 8.8024698
99000.0 -45.475674
99200.0 37.365147
99400.0 18.406394
99600.0 18.300804
99800.0 -90.407052
100000.0 5.1230523
