0.0 509.85204
200.0 504.06625
400.0 511.25189
600.0 504.02582
800.0 513.43006
1000.0 515.69322
1200.0 505.82811
1400.0 524.16563
1600.0 521.00162
1800.0 529.43365
2000.0 512.81938
2200.0 525.68063
2400.0 509.69352
2600.0 518.33924
2800.0 523.33109
3000.0 501.31836
3200.0 515.11613
3400.0 515.7279
3600.0 514.14282
3800.0 506.33163
4000.0 491.60914
4200.0 510.66077
4400.0 512.24453
4600.0 517.25774
4800.0 508.25799
5000.0 513.34645
5200.0 520.4513
5400.0 515.40406
5600.0 521.15023
5800.0 520.79543
6000.0 524.83258
6200.0 515.24055
6400.0 516.35516
6600.0 528.15525
6800.0 547.3894
7000.0 517.31855
7200.0 506.98191
7400.0 519.62204
7600.0 516.4822
7800.0 521.65757
8000.0 506.87397
8200.0 497.0966
8400.0 526.3078
8600.0 513.93404
8800.0 521.64289
9000.0 527.94269
9200.0 518.77257
9400.0 532.18978
9600.0 529.89757
9800.0 522.32873
10000.0 526.3095
10200.0 520.84504
10400.0 520.37277
10600.0 518.08314
10800.0 504.59999
11000.0 518.94044
11200.0 521.62784
11400.0 520.95531
11600.0 512.50846
11800.0 496.47855
12000.0 501.27058
12200.0 510.90856
12400.0 509.93767
12600.0 515.93971
12800.0 512.34692
13000.0 508.22788
13200.0 521.14723
13400.0 519.53534
13600.0 519.69565
13800.0 521.28238
14000.0 525.23449
14200.0 526.76178
14400.0 525.02319
14600.0 505.36487
14800.0 529.71473
15000.0 526.14649
15200.0 504.19809
15400.0 502.12226
15600.0 509.77977
15800.0 524.28672
16000.0 502.06426
16200.0 523.46399
16400.0 510.71733
16600.0 523.66644
16800.0 516.59386
17000.0 518.01099
17200.0 528.23151
17400.0 525.76026
17600.0 505.7899
17800.0 526.83667
18000.0 516.13029
18200.0 514.81239
18400.0 525.29808
18600.0 522.81173
18800.0 520.39755
19000.0 511.81967
19200.0 498.27299
19400.0 504.67896
19600.0 510.24212
19800.0 508.5795
20000.0 496.60638
20200.0 510.36802
20400.0 521.17033
20600.0 519.5936
20800.0 522.08499
21000.0 522.1407
21200.0 515.57087
21400.0 508.91065
21600.0 519.20028
21800.0 520.01511
22000.0 524.13941
22200.0 524.14191
22400.0 530.52741
22600.0 537.53178
22800.0 514.9651
23000.0 513.98973
23200.0 525.42888
23400.0 513.34868
23600.0 512.41877
23800.0 511.36091
24000.0 511.95184
24200.0 517.58444
24400.0 510.84375
24600.0 517.34803
24800.0 521.23646
25000.0 516.03968
25200.0 527.04153
25400.0 515.41015
25600.0 518.12589
25800.0 533.47087
26000.0 534.70772
26200.0 529.14839
26400.0 539.97355
26600.0 538.48497
26800.0 525.984
27000.0 525.98414
27200.0 534.88147
27400.0 532.24684
27600.0 531.51399
27800.0 518.45685
28000.0 518.15198
28200.0 509.61896
28400.0 508.96299
28600.0 520.15795
28800.0 519.44955
29000.0 509.64621
29200.0 527.62795
29400.0 528.74406
29600.0 519.70182
29800.0 523.70521
30000.0 524.14282
30200.0 533.55671
30400.0 549.64465
30600.0 515.31045
30800.0 536.31525
31000.0 527.40779
31200.0 513.96175
31400.0 510.73725
31600.0 524.54352
31800.0 519.1601
32000.0 516.21258
32200.0 522.36667
32400.0 516.9494
32600.0 502.53843
32800.0 515.57477
33000.0 525.4195
33200.0 510.24284
33400.0 508.64877
33600.0 510.70988
33800.0 524.29091
34000.0 514.19137
34200.0 518.61539
34400.0 525.20484
34600.0 536.50615
34800.0 518.10611
35000.0 525.075
35200.0 511.52424
35400.0 528.4952
35600.0 523.92192
35800.0 507.85977
36000.0 512.86844
36200.0 512.82881
36400.0 505.76745
36600.0 511.20524
36800.0 525.9229
37000.0 509.37373
37200.0 513.42495
37400.0 538.75968
37600.0 521.9074
37800.0 510.00868
38000.0 510.79145
38200.0 529.38575
38400.0 529.73958
38600.0 542.31498
38800.0 524.36505
39000.0 529.83708
39200.0 526.33241
39400.0 523.93326
39600.0 504.35893
39800.0 521.01268
40000.0 518.36551
40200.0 526.34001
40400.0 522.73966
40600.0 500.46527
40800.0 514.94673
41000.0 513.36681
41200.0 518.85026
41400.0 516.97503
41600.0 517.21594
41800.0 525.48053
42000.0 510.20295
42200.0 510.70778
42400.0 518.57783
42600.0 524.69504
42800.0 521.90973
43000.0 525.38874
43200.0 523.66245
43400.0 508.5755
43600.0 499.12128
43800.0 512.9136
44000.0 519.51362
44200.0 522.38433
44400.0 524.80808
44600.0 512.63935
44800.0 527.61092
45000.0 536.64158
45200.0 530.41426
45400.0 529.26427
45600.0 507.75399
45800.0 523.93736
46000.0 538.08087
46200.0 517.98357
46400.0 511.81347
46600.0 523.3879
46800.0 516.48086
47000.0 510.33774
47200.0 497.79261
47400.0 527.35008
47600.0 522.73687
47800.0 521.95737
48000.0 518.4819
48200.0 520.56419
48400.0 537.5605
48600.0 512.00458
48800.0 506.3205
49000.0 504.38714
49200.0 518.06512
49400.0 507.99727
49600.0 515.82944
49800.0 510.75248
50000.0 520.60794
50200.0 514.53447
50400.0 515.91903
50600.0 525.47742
50800.0 530.97519
51000.0 502.29879
51200.0 530.45964
51400.0 521.51854
51600.0 523.28761
51800.0 523.71725
52000.0 529.84704
52200.0 507.13289
52400.0 507.29713
52600.0 519.72225
52800.0 524.64386
53000.0 516.13038
53200.0 503.19809
53400.0 519.21964
53600.0 506.1677
53800.0 528.30487
54000.0 511.24155
54200.0 519.13553
54400.0 537.92977
54600.0 530.17568
54800.0 517.06518
55000.0 511.48795
55200.0 529.89601
55400.0 521.25253
55600.0 521.92878
55800.0 513.23078
56000.0 510.27207
56200.0 515.17806
56400.0 505.55446
56600.0 507.61343
56800.0 534.11852
57000.0 526.5399
57200.0 522.11898
57400.0 528.33921
57600.0 528.17295
57800.0 514.16387
58000.0 540.87077
58200.0 528.33605
58400.0 524.58053
58600.0 521.99066
58800.0 516.4954
59000.0 522.69238
59200.0 518.70738
59400.0 510.09352
59600.0 525.75469
59800.0 508.11331
60000.0 513.3703
60200.0 525.24369
60400.0 529.83846
60600.0 522.70144
60800.0 507.27519
61000.0 515.18173
61200.0 512.88171
61400.0 530.65131
61600.0 504.95698
61800.0 503.33625
62000.0 533.79217
62200.0 533.23989
62400.0 524.3132
62600.0 513.42135
62800.0 519.99177
63000.0 536.65908
63200.0 521.99103
63400.0 517.16427
63600.0 521.12151
63800.0 515.27038
64000.0 522.67189
64200.0 512.24634
64400.0 511.34225
64600.0 508.93445
64800.0 509.37082
65000.0 522.49275
65200.0 517.2379
65400.0 520.90433
65600.0 520.99683
65800.0 529.20427
66000.0 516.88556
66200.0 519.29529
66400.0 537.34804
66600.0 527.80801
66800.0 527.67408
67000.0 524.77482
67200.0 516.65381
67400.0 525.61395
67600.0 506.9833
67800.0 512.83423
68000.0 533.31395
68200.0 513.82266
68400.0 511.0958
68600.0 503.98622
68800.0 511.45429
69000.0 515.69201
69200.0 502.70616
69400.0 528.78103
69600.0 504.66801
69800.0 522.59674
70000.0 522.02845
70200.0 521.89758
70400.0 518.83708
70600.0 528.39529
70800.0 527.77553
71000.0 522.76391
71200.0 513.886
71400.0 522.43574
71600.0 513.46359
71800.0 512.90896
72000.0 511.64714
72200.0 511.79876
72400.0 499.43412
72600.0 530.9546
72800.0 529.15684
73000.0 521.44558
73200.0 522.61458
73400.0 506.91301
73600.0 502.43739
73800.0 523.62863
74000.0 531.44142
74200.0 512.1507
74400.0 512.49564
74600.0 526.38452
74800.0 526.24273
75000.0 526.37497
75200.0 507.53872
75400.0 517.32721
75600.0 510.61256
75800.0 522.65779
76000.0 522.38416
76200.0 522.05001
76400.0 537.50421
76600.0 520.38883
76800.0 530.85487
77000.0 533.07871
77200.0 530.23783
77400.0 530.76388
77600.0 528.72523
77800.0 521.5353
78000.0 520.02683
78200.0 526.67793
78400.0 507.44837
78600.0 513.63839
78800.0 518.07043
79000.0 507.40568
79200.0 527.19691
79400.0 510.71168
79600.0 517.59781
79800.0 524.84976
80000.0 525.0993
80200.0 527.32312
80400.0 527.25886
80600.0 514.63432
80800.0 538.37645
81000.0 529.24807
81200.0 514.49785
81400.0 517.76398
81600.0 511.85235
81800.0 526.27705
82000.0 520.72734
82200.0 520.72535
82400.0 514.03595
82600.0 509.46443
82800.0 520.02269
83000.0 515.7057
83200.0 518.52382
83400.0 519.75374
83600.0 512.06636
83800.0 529.00183
84000.0 519.66421
84200.0 514.54952
84400.0 529.02399
84600.0 525.05165
84800.0 534.97139
85000.0 525.60449
85200.0 525.07227
85400.0 521.90417
85600.0 521.90306
85800.0 517.62113
86000.0 505.19465
86200.0 513.74876
86400.0 528.08675
86600.0 525.14306
86800.0 506.39992
87000.0 522.5848
87200.0 523.9298
87400.0 531.49862
87600.0 517.89598
87800.0 533.25676
88000.0 507.95702
88200.0 520.34741
88400.0 520.91487
88600.0 500.16101
88800.0 524.42809
89000.0 511.50906
89200.0 516.97764
89400.0 503.90827
89600.0 524.87306
89800.0 508.34613
90000.0 510.38602
90200.0 506.52661
90400.0 507.14252
90600.0 539.64863
90800.0 509.81324
91000.0 509.66892
91200.0 528.6202
91400.0 533.53285
91600.0 533.0087
91800.0 514.3614
92000.0 506.09238
92200.0 511.15603
92400.0 525.27934
92600.0 514.53496
92800.0 520.67003
93000.0 505.18208
93200.0 511.304
93400.0 514.93622
93600.0 504.79702
93800.0 514.31115
94000.0 523.49098
94200.0 505.93144
94400.0 514.78816
94600.0 529.7788
94800.0 518.37373
95000.0 520.32357
95200.0 525.41074
95400.0 522.99356
95600.0 525.70118
95800.0 520.48299
96000.0 493.5112
96200.0 518.86647
96400.0 518.953
96600.0 516.66577
96800.0 541.1603
97000.0 522.80158
97200.0 533.31015
97400.0 523.29509
97600.0 520.13655
97800.0 528.18538
98000.0 515.60314
98200.0 519.89715
98400.0 516.76898
98600.0 524.11395
98800.0 513.346
99000.0 516.31242
99200.0 509.94757
99400.0 492.70846
99600.0 519.70916
99800.0 510.16063
100000.0 513.89504
