0.0 79.379419
200.0 79.15993
400.0 77.171932
600.0 80.138798
800.0 80.355861
1000.0 77.209618
1200.0 75.755722
1400.0 78.794943
1600.0 77.868291
1800.0 81.01184
2000.0 78.733581
2200.0 79.386458
2400.0 79.754393
2600.0 79.546876
2800.0 81.747621
3000.0 80.237435
3200.0 80.57193
3400.0 79.514133
3600.0 82.031036
3800.0 81.13143
4000.0 79.632036
4200.0 79.178985
4400.0 76.583205
4600.0 81.337962
4800.0 79.884808
5000.0 76.431428
5200.0 77.615475
5400.0 79.839895
5600.0 79.547291
5800.0 76.159014
6000.0 80.200453
6200.0 79.282494
6400.0 79.443106
6600.0 79.876391
6800.0 81.958554
7000.0 80.672675
7200.0 79.27206
7400.0 79.435324
7600.0 79.501908
7800.0 77.881318
8000.0 80.188009
8200.0 77.863241
8400.0 80.027276
8600.0 78.15608
8800.0 77.316434
9000.0 80.71151
9200.0 79.13498
9400.0 78.9156
9600.0 80.492955
9800.0 79.909084
10000.0 80.830521
10200.0 80.560427
10400.0 80.741855
10600.0 78.938582
10800.0 78.959448
11000.0 80.825648
11200.0 78.727432
11400.0 80.118249
11600.0 76.764111
11800.0 77.438753
12000.0 81.677515
12200.0 77.902405
12400.0 77.889347
12600.0 79.178465
12800.0 79.144241
13000.0 80.849415
13200.0 80.277951
13400.0 79.743649
13600.0 81.247242
13800.0 82.143219
14000.0 81.048894
14200.0 81.08009
14400.0 79.228674
14600.0 78.619503
14800.0 78.178804
15000.0 80.306636
15200.0 79.035146
15400.0 77.488123
15600.0 79.186399
15800.0 78.733901
16000.0 78.525697
16200.0 77.543913
16400.0 78.534167
16600.0 77.100055
16800.0 80.740739
17000.0 80.017062
17200.0 78.92958
17400.0 80.42355
17600.0 79.619167
17800.0 81.19434
18000.0 81.246386
18200.0 77.782399
18400.0 76.299695
18600.0 78.98002
18800.0 80.337468
19000.0 78.181382
19200.0 77.005727
19400.0 78.873428
19600.0 80.945817
19800.0 79.180426
20000.0 75.727374
20200.0 80.19447
20400.0 80.543796
20600.0 80.632323
20800.0 80.438434
21000.0 80.474496
21200.0 77.837159
21400.0 79.23354
21600.0 79.98969
21800.0 79.389338
22000.0 78.199271
22200.0 77.899831
22400.0 78.276818
22600.0 77.537536
22800.0 76.648835
23000.0 78.64
23200.0 78.970325
23400.0 80.95727
23600.0 78.339996
23800.0 78.654924
24000.0 79.004558
24200.0 79.351103
24400.0 80.117751
24600.0 80.661515
24800.0 78.715018
25000.0 78.198976
25200.0 77.338877
25400.0 79.409256
25600.0 77.300018
25800.0 78.687429
26000.0 76.481953
26200.0 77.695716
26400.0 77.547654
26600.0 79.146484
26800.0 79.176464
27000.0 80.327723
27200.0 77.749726
27400.0 79.268614
27600.0 80.087662
27800.0 77.535526
28000.0 78.764223
28200.0 78.366771
28400.0 78.740186
28600.0 80.538317
28800.0 78.367196
29000.0 80.245059
29200.0 81.701822
29400.0 78.715011
29600.0 81.054752
29800.0 81.220207
30000.0 77.09359
30200.0 78.791376
30400.0 79.802079
30600.0 79.086043
30800.0 77.517671
31000.0 76.85565
31200.0 79.625103
31400.0 79.147575
31600.0 77.855749
31800.0 79.44217
32000.0 79.296053
32200.0 81.270637
32400.0 82.218222
32600.0 79.872622
32800.0 79.081702
33000.0 80.592335
33200.0 81.497364
33400.0 77.501875
33600.0 77.834884
33800.0 80.277451
34000.0 79.78481
34200.0 79.11737
34400.0 76.426499
34600.0 77.735515
34800.0 79.5412
35000.0 78.412374
35200.0 79.978573
35400.0 79.858831
35600.0 80.224879
35800.0 79.695401
36000.0 81.47869
36200.0 79.00669
36400.0 78.731945
36600.0 79.926762
36800.0 80.3239
37000.0 79.263183
37200.0 78.931354
37400.0 78.238441
37600.0 77.825209
37800.0 77.741241
38000.0 77.604106
38200.0 80.322289
38400.0 78.416345
38600.0 79.748973
38800.0 80.325626
39000.0 79.284083
39200.0 81.048821
39400.0 77.564428
39600.0 76.412941
39800.0 78.895345
40000.0 79.163311
40200.0 77.055254
40400.0 76.949125
40600.0 77.625158
40800.0 76.596907
41000.0 78.759647
41200.0 79.908251
41400.0 79.475648
41600.0 77.58547
41800.0 80.574879
42000.0 78.41757
42200.0 79.366385
42400.0 79.35883
42600.0 79.230974
42800.0 79.204789
43000.0 78.554415
43200.0 79.534829
43400.0 77.993654
43600.0 76.205467
43800.0 78.443456
44000.0 78.662032
44200.0 76.874358
44400.0 77.859743
44600.0 79.452553
44800.0 79.730333
45000.0 79.014361
45200.0 78.694141
45400.0 80.709948
45600.0 81.072449
45800.0 77.968366
46000.0 79.664604
46200.0 78.992555
46400.0 78.680907
46600.0 78.540551
46800.0 79.093497
47000.0 77.748906
47200.0 75.955509
47400.0 77.927855
47600.0 77.038711
47800.0 76.905788
48000.0 76.180856
48200.0 78.090923
48400.0 77.332596
48600.0 78.146286
48800.0 77.509894
49000.0 79.90912
49200.0 80.542522
49400.0 78.991333
49600.0 77.482146
49800.0 80.116908
50000.0 78.110122
50200.0 78.879264
50400.0 82.972205
50600.0 80.349033
50800.0 79.005422
51000.0 80.566535
51200.0 78.882078
51400.0 80.62306
51600.0 75.884165
51800.0 78.731532
52000.0 80.19245
52200.0 77.101962
52400.0 77.678095
52600.0 81.140746
52800.0 78.78347
53000.0 76.461373
53200.0 80.178358
53400.0 80.887164
53600.0 80.372954
53800.0 80.002132
54000.0 79.807182
54200.0 78.068432
54400.0 79.847758
54600.0 81.219011
54800.0 80.379548
55000.0 77.94221
55200.0 79.679927
55400.0 76.878081
55600.0 79.280231
55800.0 78.386833
56000.0 79.907189
56200.0 78.826686
56400.0 77.776799
56600.0 80.456356
56800.0 79.491809
57000.0 80.433933
57200.0 79.863931
57400.0 79.197478
57600.0 82.250462
57800.0 81.15888
58000.0 79.624436
58200.0 81.56784
58400.0 79.81922
58600.0 79.41914
58800.0 79.050473
59000.0 80.509588
59200.0 80.518315
59400.0 76.07762
59600.0 75.987793
59800.0 78.760766
60000.0 80.682446
60200.0 79.301337
60400.0 78.073566
60600.0 80.06747
60800.0 78.756814
61000.0 80.662919
61200.0 78.987171
61400.0 81.819251
61600.0 81.808316
61800.0 79.697261
62000.0 81.858955
62200.0 80.773795
62400.0 80.002104
62600.0 80.289673
62800.0 79.473776
63000.0 81.933979
63200.0 77.592786
63400.0 77.344024
63600.0 78.154296
63800.0 79.172296
64000.0 79.214624
64200.0 79.359469
64400.0 79.322026
64600.0 78.932652
64800.0 80.053245
65000.0 80.052084
65200.0 79.875057
65400.0 79.641038
65600.0 80.914106
65800.0 82.550599
66000.0 81.996755
66200.0 76.405938
66400.0 79.136486
66600.0 78.673468
66800.0 81.587714
67000.0 78.525281
67200.0 78.634031
67400.0 79.201706
67600.0 75.641315
67800.0 77.57319
68000.0 78.905141
68200.0 79.26111
68400.0 81.338497
68600.0 82.029468
68800.0 79.540725
69000.0 77.625169
69200.0 79.289392
69400.0 81.307093
69600.0 79.735873
69800.0 78.699518
70000.0 77.758814
70200.0 78.2654
70400.0 79.278789
70600.0 79.575143
70800.0 76.674281
71000.0 75.897695
71200.0 76.084604
71400.0 76.791199
71600.0 77.052489
71800.0 78.572426
72000.0 77.28432
72200.0 79.27304
72400.0 75.648902
72600.0 79.578576
72800.0 78.005769
73000.0 79.640355
73200.0 78.825725
73400.0 80.298411
73600.0 79.913049
73800.0 78.081467
74000.0 78.658063
74200.0 80.293739
74400.0 78.972235
74600.0 78.178887
74800.0 77.868802
75000.0 78.88088
75200.0 76.241566
75400.0 80.10766
75600.0 79.123241
75800.0 77.882287
76000.0 76.524801
76200.0 78.30229
76400.0 79.901977
76600.0 79.408765
76800.0 79.65553
77000.0 80.175734
77200.0 79.327023
77400.0 79.764287
77600.0 80.56929
77800.0 78.274419
78000.0 80.96813
78200.0 76.81589
78400.0 79.000307
78600.0 77.233979
78800.0 76.927707
79000.0 78.733222
79200.0 78.147802
79400.0 79.996157
79600.0 79.582042
79800.0 77.288613
80000.0 79.577162
80200.0 81.370921
80400.0 81.620563
80600.0 76.574216
80800.0 78.787327
81000.0 78.131602
81200.0 76.906679
81400.0 79.549831
81600.0 76.620599
81800.0 76.565129
82000.0 79.159482
82200.0 79.569444
82400.0 78.065936
82600.0 78.544725
82800.0 78.480498
83000.0 79.766882
83200.0 79.275064
83400.0 81.612226
83600.0 77.610424
83800.0 78.797968
84000.0 76.731213
84200.0 79.989892
84400.0 77.128861
84600.0 78.193242
84800.0 77.332026
85000.0 74.600844
85200.0 78.845017
85400.0 79.761922
85600.0 78.100808
85800.0 77.432401
86000.0 79.249969
86200.0 80.116261
86400.0 79.78106
86600.0 78.481964
86800.0 79.252
87000.0 78.857902
87200.0 77.948917
87400.0 79.393152
87600.0 76.669195
87800.0 76.56361
88000.0 77.28229
88200.0 79.794267
88400.0 78.003225
88600.0 76.247202
88800.0 76.574941
89000.0 80.57588
89200.0 81.535818
89400.0 79.719832
89600.0 77.775848
89800.0 79.960766
90000.0 78.456379
90200.0 79.559704
90400.0 79.832024
90600.0 78.438353
90800.0 77.766052
91000.0 77.311096
91200.0 78.096382
91400.0 77.242326
91600.0 77.265946
91800.0 78.012262
92000.0 78.354023
92200.0 78.505849
92400.0 78.869994
92600.0 81.437745
92800.0 80.436608
93000.0 79.420262
93200.0 78.860318
93400.0 82.265941
93600.0 76.764303
93800.0 78.032893
94000.0 79.198175
94200.0 77.960025
94400.0 77.714542
94600.0 79.440859
94800.0 78.258856
95000.0 78.259105
95200.0 79.651394
95400.0 79.812677
95600.0 80.25855
95800.0 80.679563
96000.0 82.89113
96200.0 78.897817
96400.0 79.397529
96600.0 83.357151
96800.0 81.965471
97000.0 81.520043
97200.0 80.361871
97400.0 79.514147
97600.0 78.952092
97800.0 78.546943
98000.0 78.617055
98200.0 78.862472
98400.0 77.849436
98600.0 77.227126
98800.0 79.015129
99000.0 78.358252
99200.0 78.48181
99400.0 79.437046
99600.0 81.059227
99800.0 81.001287
100000.0 79.079185
