0.0 -7.8321398
200.0 18.211544
400.0 33.239514
600.0 -51.996652
800.0 37.971751
1000.0 6.8671707
1200.0 -16.868501
1400.0 14.365959
1600.0 22.443926
1800.0 -53.5198
2000.0 59.907955
2200.0 -107.24677
2400.0 146.62169
2600.0 -175.62063
2800.0 205.22828
3000.0 -98.504243
3200.0 51.297782
3400.0 -46.102361
3600.0 37.297036
3800.0 -22.305072
4000.0 45.274473
4200.0 -45.823516
4400.0 64.136422
4600.0 -73.069999
4800.0 80.101173
5000.0 -54.829611
5200.0 37.027368
5400.0 7.7309989
5600.0 -41.756917
5800.0 62.810904
6000.0 -3.9199972
6200.0 -53.662067
6400.0 47.957358
6600.0 6.1946126
6800.0 -63.433376
7000.0 62.918742
7200.0 -22.19106
7400.0 7.8296112
7600.0 -17.991132
7800.0 19.284255
8000.0 24.886066
8200.0 -51.350378
8400.0 -13.341679
8600.0 92.594443
8800.0 -129.97635
9000.0 127.78547
9200.0 -79.114666
9400.0 50.035736
9600.0 13.488653
9800.0 -47.161162
10000.0 53.768781
10200.0 -50.340007
10400.0 56.994337
10600.0 -23.913468
10800.0 26.448399
11000.0 -50.15436
11200.0 26.993114
11400.0 -8.2331732
11600.0 -9.3666413
11800.0 37.944808
12000.0 -34.937754
12200.0 36.44988
12400.0 -47.124382
12600.0 62.956602
12800.0 -24.759442
13000.0 -2.4787793
13200.0 -19.074382
13400.0 39.24448
13600.0 -20.181828
13800.0 -12.579861
14000.0 43.150602
14200.0 -51.642146
14400.0 66.333807
14600.0 -83.846246
14800.0 77.498885
15000.0 -17.61152
15200.0 -18.258097
15400.0 15.76848
15600.0 -1.6853771
15800.0 5.098005
16000.0 3.0349353
16200.0 -3.1802897
16400.0 40.776131
16600.0 -14.920261
16800.0 -1.6771408
17000.0 16.58635
17200.0 -32.887342
17400.0 19.384672
17600.0 -20.166067
17800.0 -5.0011854
18000.0 17.616595
18200.0 29.381124
18400.0 -81.465092
18600.0 157.42046
18800.0 -152.542
19000.0 113.882
19200.0 -46.809585
19400.0 10.35847
19600.0 -14.035553
19800.0 -32.859747
20000.0 68.58786
20200.0 -107.05408
20400.0 97.306066
20600.0 -54.195636
20800.0 -3.8704158
21000.0 47.447264
21200.0 -49.04332
21400.0 -0.42043153
21600.0 56.995329
21800.0 -57.642697
22000.0 64.554888
22200.0 -92.757067
22400.0 91.928871
22600.0 -43.784397
22800.0 -0.5322099
23000.0 66.60211
23200.0 -66.394269
23400.0 57.128675
23600.0 -39.820763
23800.0 30.870125
24000.0 -38.350281
24200.0 41.783566
24400.0 -62.440809
24600.0 59.62523
24800.0 -26.268546
25000.0 8.7861195
25200.0 31.870499
25400.0 -69.410946
25600.0 111.14428
25800.0 -104.42358
26000.0 79.318361
26200.0 -28.903653
26400.0 -15.474718
26600.0 4.7263621
26800.0 33.681091
27000.0 -34.855248
27200.0 38.93425
27400.0 -33.343907
27600.0 -1.6405569
27800.0 19.427507
28000.0 1.3642667
28200.0 -37.854256
28400.0 80.891291
28600.0 -69.374422
28800.0 37.501406
29000.0 -10.309876
29200.0 -14.616827
29400.0 21.441503
29600.0 -20.706414
29800.0 44.6799
30000.0 -24.532034
30200.0 29.124827
30400.0 -65.89709
30600.0 50.928229
30800.0 -14.525508
31000.0 5.1195791
31200.0 19.426062
31400.0 -10.475095
31600.0 -2.9569033
31800.0 -21.720303
32000.0 -9.1614025
32200.0 23.418514
32400.0 -61.243942
32600.0 108.5472
32800.0 -111.7195
33000.0 106.98359
33200.0 -57.703394
33400.0 -18.870733
33600.0 51.66043
33800.0 -67.020934
34000.0 75.512631
34200.0 -57.763345
34400.0 41.705666
34600.0 -34.435945
34800.0 39.090403
35000.0 -50.729083
35200.0 -9.9147238
35400.0 42.315834
35600.0 -38.509719
35800.0 53.858262
36000.0 -52.731265
36200.0 67.137661
36400.0 -62.82076
36600.0 58.889075
36800.0 -30.740117
37000.0 3.5136587
37200.0 47.302471
37400.0 -82.589508
37600.0 81.111723
37800.0 -49.326717
38000.0 31.501935
38200.0 -16.649468
38400.0 17.898314
38600.0 -20.459305
38800.0 46.345916
39000.0 -77.170971
39200.0 72.059895
39400.0 -88.735957
39600.0 100.85391
39800.0 -138.0597
40000.0 186.7319
40200.0 -154.13304
40400.0 93.930707
40600.0 -21.731534
40800.0 34.239411
41000.0 -42.07148
41200.0 24.959584
41400.0 -3.3519919
41600.0 -8.2915477
41800.0 26.297602
42000.0 -52.952789
42200.0 72.26743
42400.0 -56.159009
42600.0 55.644806
42800.0 -69.855258
43000.0 50.249776
43200.0 -10.367058
43400.0 -0.082982539
43600.0 6.5976816
43800.0 -33.616796
44000.0 49.28755
44200.0 -45.770628
44400.0 -13.362227
44600.0 25.296383
44800.0 3.2451165
45000.0 -37.089792
45200.0 67.011259
45400.0 -63.394033
45600.0 79.519445
45800.0 -77.044367
46000.0 103.6382
46200.0 -80.128445
46400.0 93.94991
46600.0 -95.977169
46800.0 51.195199
47000.0 -36.154315
47200.0 32.324297
47400.0 2.1199164
47600.0 -36.318769
47800.0 36.799738
48000.0 -57.298365
48200.0 77.679591
48400.0 -54.557478
48600.0 37.484729
48800.0 -40.658041
49000.0 64.732542
49200.0 -66.320389
49400.0 58.203436
49600.0 -40.008275
49800.0 44.630386
50000.0 -55.832566
50200.0 54.668587
50400.0 -30.753899
50600.0 33.168396
50800.0 -49.682507
51000.0 62.084653
51200.0 -51.720446
51400.0 70.288879
51600.0 -78.305679
51800.0 61.051024
52000.0 31.670223
52200.0 -99.170906
52400.0 94.368634
52600.0 -91.235293
52800.0 77.433995
53000.0 -60.166113
53200.0 71.282034
53400.0 -62.498434
53600.0 26.519406
53800.0 -11.958103
54000.0 37.69808
54200.0 -53.714534
54400.0 77.123951
54600.0 -99.81243
54800.0 99.317852
55000.0 -34.313161
55200.0 -22.908969
55400.0 66.932274
55600.0 -51.448169
55800.0 -8.770601
56000.0 48.901976
56200.0 -44.546053
56400.0 -16.387305
56600.0 38.626746
56800.0 -48.220965
57000.0 69.989169
57200.0 -100.04462
57400.0 114.6051
57600.0 -154.71164
57800.0 149.8165
58000.0 -72.396343
58200.0 33.97176
58400.0 -26.942991
58600.0 10.494007
58800.0 27.65702
59000.0 -49.905482
59200.0 15.436625
59400.0 35.10072
59600.0 -32.791551
59800.0 37.472427
60000.0 20.073677
60200.0 -66.233227
60400.0 97.878072
60600.0 -75.231036
60800.0 10.622354
61000.0 40.209891
61200.0 -74.272267
61400.0 91.188915
61600.0 -48.007236
61800.0 3.0841361
62000.0 41.409756
62200.0 -59.75117
62400.0 45.684855
62600.0 -56.050944
62800.0 91.15664
63000.0 -71.091249
63200.0 77.471055
63400.0 -75.49094
63600.0 59.459966
63800.0 -32.768178
64000.0 23.719019
64200.0 -38.071136
64400.0 59.580094
64600.0 -82.060592
64800.0 70.402002
65000.0 -88.125264
65200.0 60.001187
65400.0 15.997142
65600.0 -55.638925
65800.0 41.847508
66000.0 -64.24286
66200.0 103.62407
66400.0 -98.973921
66600.0 118.15091
66800.0 -121.01739
67000.0 93.259997
67200.0 -75.531127
67400.0 90.617023
67600.0 -76.264306
67800.0 62.639021
68000.0 -3.00075
68200.0 -32.86624
68400.0 19.174774
68600.0 4.3859987
68800.0 -9.9377775
69000.0 14.152632
69200.0 -12.91104
69400.0 16.012361
69600.0 -27.561605
69800.0 56.580486
70000.0 -65.402501
70200.0 67.762612
70400.0 -70.911092
70600.0 67.564479
70800.0 -30.18709
71000.0 4.8594601
71200.0 -49.928254
71400.0 77.718711
71600.0 -83.660798
71800.0 77.07753
72000.0 -87.774637
72200.0 61.196285
72400.0 -36.05075
72600.0 45.661077
72800.0 -25.243835
73000.0 23.60797
73200.0 -59.513341
73400.0 57.450991
73600.0 -70.766019
73800.0 84.576481
74000.0 -95.706071
74200.0 63.967257
74400.0 -42.482351
74600.0 45.696029
74800.0 -16.852031
75000.0 -15.642183
75200.0 40.565129
75400.0 -71.768587
75600.0 98.098771
75800.0 -63.130366
76000.0 46.822788
76200.0 -8.5483918
76400.0 -22.496915
76600.0 30.84739
76800.0 -51.442565
77000.0 75.030151
77200.0 -81.768977
77400.0 76.776929
77600.0 -60.058965
77800.0 31.354663
78000.0 4.0853027
78200.0 -19.173015
78400.0 41.481315
78600.0 -19.274071
78800.0 -10.362905
79000.0 47.03967
79200.0 -89.429343
79400.0 79.381185
79600.0 -46.770787
79800.0 68.858269
80000.0 -48.572503
80200.0 0.17510788
80400.0 83.097905
80600.0 -128.28903
80800.0 146.81001
81000.0 -135.1725
81200.0 122.10782
81400.0 -84.830129
81600.0 67.763668
81800.0 -75.077934
82000.0 64.193728
82200.0 -30.57866
82400.0 -15.535725
82600.0 23.803013
82800.0 -17.456543
83000.0 47.243947
83200.0 -68.135401
83400.0 30.527667
83600.0 27.01195
83800.0 -62.512671
84000.0 29.679458
84200.0 11.135316
84400.0 -36.51585
84600.0 28.285105
84800.0 13.522478
85000.0 11.221246
85200.0 -74.198651
85400.0 72.274783
85600.0 -43.313216
85800.0 94.988224
86000.0 -119.09085
86200.0 108.20153
86400.0 -68.146904
86600.0 57.593084
86800.0 -9.9246706
87000.0 -11.43287
87200.0 30.84529
87400.0 -49.857139
87600.0 34.557876
87800.0 -37.790668
88000.0 46.488834
88200.0 -11.501118
88400.0 4.9414221
88600.0 9.9785031
88800.0 -24.089543
89000.0 4.3240991
89200.0 -29.623501
89400.0 46.415421
89600.0 -62.57813
89800.0 40.138716
90000.0 -7.2599196
90200.0 -15.572002
90400.0 23.537835
90600.0 -11.264688
90800.0 18.83477
91000.0 -3.0169542
91200.0 18.694706
91400.0 -5.3168704
91600.0 -3.1742057
91800.0 33.770954
92000.0 -51.515245
92200.0 72.800048
92400.0 -69.952005
92600.0 77.03912
92800.0 -71.3186
93000.0 67.589757
93200.0 -32.716941
93400.0 33.687217
93600.0 -46.405797
93800.0 69.464159
94000.0 -78.076183
94200.0 37.130009
94400.0 -13.730069
94600.0 41.867119
94800.0 -38.997165
95000.0 28.422985
95200.0 -18.474325
95400.0 -2.1331872
95600.0 51.955893
95800.0 -56.054762
96000.0 47.757469
96200.0 -11.097834
96400.0 30.126353
96600.0 -31.437444
96800.0 14.318935
97000.0 -5.4389414
97200.0 -12.395116
97400.0 21.637013
97600.0 -31.727169
97800.0 45.310036
98000.0 -61.400305
98200.0 49.689341
98400.0 -16.675026
98600.0 4.512201
98800.0 8.9925766
99000.0 -25.036441
99200.0 21.749023
99400.0 -9.7171466
99600.0 32.391929
99800.0 -82.666893
100000.0 76.557219
