0.0 0.0048453359
200.0 0.0047459296
400.0 0.0046673276
600.0 0.0046280818
800.0 0.0046236406
1000.0 0.0046396649
1200.0 0.004661277
1400.0 0.0046833797
1600.0 0.0047022481
1800.0 0.0047145867
2000.0 0.004724085
2200.0 0.0047372272
2400.0 0.0047561224
2600.0 0.0047809464
2800.0 0.0048090736
3000.0 0.0048361484
3200.0 0.0048551508
3400.0 0.0048533546
3600.0 0.0048206518
3800.0 0.0047621983
4000.0 0.0046997422
4200.0 0.0046553403
4400.0 0.0046396298
4600.0 0.0046528167
4800.0 0.0046869692
5000.0 0.0047323338
5200.0 0.0047772447
5400.0 0.0048113862
5600.0 0.0048319858
5800.0 0.0048394396
6000.0 0.0048353002
6200.0 0.0048189418
6400.0 0.0047998601
6600.0 0.0047859559
6800.0 0.0047760711
7000.0 0.0047681302
7200.0 0.0047581186
7400.0 0.0047375598
7600.0 0.0046940694
7800.0 0.0046241929
8000.0 0.0045397375
8200.0 0.0044753717
8400.0 0.0044621346
8600.0 0.0044997386
8800.0 0.0045727911
9000.0 0.0046509313
9200.0 0.0047069817
9400.0 0.0047375282
9600.0 0.0047510192
9800.0 0.0047544399
10000.0 0.0047575481
10200.0 0.0047666284
10400.0 0.0047866424
10600.0 0.0048115469
10800.0 0.004835115
11000.0 0.0048491631
11200.0 0.0048467096
11400.0 0.0048299475
11600.0 0.0048013501
11800.0 0.004764127
12000.0 0.0047237459
12200.0 0.0046878824
12400.0 0.0046596383
12600.0 0.0046355409
12800.0 0.004617209
13000.0 0.0046012452
13200.0 0.0045873208
13400.0 0.004579815
13600.0 0.0045888841
13800.0 0.0046241837
14000.0 0.0046877232
14200.0 0.0047688174
14400.0 0.0048450799
14600.0 0.0049013638
14800.0 0.0049358215
15000.0 0.0049526782
15200.0 0.0049609988
15400.0 0.0049685952
15600.0 0.0049758758
15800.0 0.0049742048
16000.0 0.0049482388
16200.0 0.0048932976
16400.0 0.0048236518
16600.0 0.004755863
16800.0 0.0047037222
17000.0 0.0046731126
17200.0 0.0046582314
17400.0 0.0046533732
17600.0 0.0046519605
17800.0 0.0046565137
18000.0 0.0046651624
18200.0 0.0046775257
18400.0 0.0046995145
18600.0 0.0047404201
18800.0 0.0047998739
19000.0 0.0048599051
19200.0 0.0049011242
19400.0 0.004919759
19600.0 0.0049134605
19800.0 0.0048840775
20000.0 0.004840482
20200.0 0.0047942417
20400.0 0.0047553586
20600.0 0.0047295419
20800.0 0.0047163146
21000.0 0.0047064654
21200.0 0.0046892201
21400.0 0.0046632228
21600.0 0.0046355271
21800.0 0.0046154011
22000.0 0.0046142786
22200.0 0.0046434112
22400.0 0.0047083459
22600.0 0.0047967873
22800.0 0.0048798526
23000.0 0.0049306481
23200.0 0.0049430855
23400.0 0.0049294596
23600.0 0.0049070459
23800.0 0.0048870295
24000.0 0.0048757166
24200.0 0.0048708799
24400.0 0.0048662355
24600.0 0.0048533072
24800.0 0.0048302499
25000.0 0.0047996215
25200.0 0.0047657657
25400.0 0.0047368825
25600.0 0.0047173833
25800.0 0.0047120985
26000.0 0.0047225771
26200.0 0.0047437346
26400.0 0.0047626219
26600.0 0.0047701647
26800.0 0.0047615382
27000.0 0.0047389812
27200.0 0.0047104091
27400.0 0.0046889093
27600.0 0.0046872264
27800.0 0.0047083257
28000.0 0.0047535161
28200.0 0.0048121394
28400.0 0.0048628519
28600.0 0.0048908561
28800.0 0.0048867663
29000.0 0.0048542215
29200.0 0.0048089787
29400.0 0.0047712158
29600.0 0.0047479615
29800.0 0.0047408467
30000.0 0.0047448999
30200.0 0.0047510387
30400.0 0.0047514877
30600.0 0.0047372631
30800.0 0.004710597
31000.0 0.0046856463
31200.0 0.0046749554
31400.0 0.0046851181
31600.0 0.0047194094
31800.0 0.0047732512
32000.0 0.0048313693
32200.0 0.0048698899
32400.0 0.0048721429
32600.0 0.0048390716
32800.0 0.004784991
33000.0 0.0047327068
33200.0 0.0046981562
33400.0 0.004686654
33600.0 0.0046945489
33800.0 0.0047185746
34000.0 0.0047502528
34200.0 0.0047792408
34400.0 0.0047998769
34600.0 0.0048113871
34800.0 0.0048180187
35000.0 0.0048237473
35200.0 0.0048326498
35400.0 0.0048477809
35600.0 0.0048655617
35800.0 0.0048784234
36000.0 0.0048800236
36200.0 0.0048631014
36400.0 0.0048259482
36600.0 0.0047741963
36800.0 0.0047220401
37000.0 0.0046785685
37200.0 0.0046435536
37400.0 0.0046123469
37600.0 0.0045802985
37800.0 0.0045553919
38000.0 0.0045439373
38200.0 0.0045521408
38400.0 0.0045921097
38600.0 0.0046709749
38800.0 0.0047722858
39000.0 0.0048586768
39200.0 0.0049096366
39400.0 0.0049336704
39600.0 0.0049450403
39800.0 0.0049545916
40000.0 0.0049612825
40200.0 0.0049589621
40400.0 0.0049428821
40600.0 0.0049099994
40800.0 0.0048626023
41000.0 0.0048050595
41200.0 0.0047431944
41400.0 0.004691609
41600.0 0.0046560612
41800.0 0.0046381971
42000.0 0.0046283085
42200.0 0.0046183765
42400.0 0.0046040368
42600.0 0.0045904082
42800.0 0.0045903213
43000.0 0.0046167818
43200.0 0.0046770003
43400.0 0.0047581549
43600.0 0.0048291573
43800.0 0.0048635199
44000.0 0.0048663201
44200.0 0.0048530211
44400.0 0.0048369735
44600.0 0.0048259879
44800.0 0.0048260415
45000.0 0.0048358986
45200.0 0.0048451577
45400.0 0.0048364035
45600.0 0.0048030687
45800.0 0.004749677
46000.0 0.0046931969
46200.0 0.0046514417
46400.0 0.0046309624
46600.0 0.0046343135
46800.0 0.0046583026
47000.0 0.004690656
47200.0 0.0047178793
47400.0 0.0047290708
47600.0 0.0047221277
47800.0 0.0047049385
48000.0 0.0046932453
48200.0 0.0046990494
48400.0 0.0047233431
48600.0 0.004755869
48800.0 0.0047840505
49000.0 0.004798927
49200.0 0.0047946148
49400.0 0.004777133
49600.0 0.0047555804
49800.0 0.0047427051
50000.0 0.0047461675
50200.0 0.0047692045
50400.0 0.0048079087
50600.0 0.0048486807
50800.0 0.0048736432
51000.0 0.0048706644
51200.0 0.0048414621
51400.0 0.0047986572
51600.0 0.0047588956
51800.0 0.0047325909
52000.0 0.0047224737
52200.0 0.0047248946
52400.0 0.0047355993
52600.0 0.0047507534
52800.0 0.004762039
53000.0 0.0047618077
53200.0 0.0047400005
53400.0 0.0046931275
53600.0 0.0046404679
53800.0 0.0046022666
54000.0 0.0045927478
54200.0 0.0046198749
54400.0 0.00467948
54600.0 0.0047499425
54800.0 0.0048009597
55000.0 0.0048236059
55200.0 0.0048187066
55400.0 0.0047982275
55600.0 0.0047810151
55800.0 0.0047761962
56000.0 0.0047837661
56200.0 0.0048007888
56400.0 0.0048176554
56600.0 0.0048260931
56800.0 0.0048208874
57000.0 0.0048029935
57200.0 0.0047722759
57400.0 0.0047344361
57600.0 0.0047057204
57800.0 0.004694429
58000.0 0.0047034245
58200.0 0.0047310194
58400.0 0.004768316
58600.0 0.0048016003
58800.0 0.0048178918
59000.0 0.0048097837
59200.0 0.0047779204
59400.0 0.0047371351
59600.0 0.0047048007
59800.0 0.0046933991
60000.0 0.0047057052
60200.0 0.0047400732
60400.0 0.004788968
60600.0 0.0048395104
60800.0 0.0048761406
61000.0 0.0048903469
61200.0 0.0048806143
61400.0 0.0048460946
61600.0 0.0047940825
61800.0 0.0047363714
62000.0 0.0046842977
62200.0 0.0046461916
62400.0 0.004626236
62600.0 0.0046247594
62800.0 0.0046371597
63000.0 0.0046590492
63200.0 0.004689403
63400.0 0.004727112
63600.0 0.0047698168
63800.0 0.0048138979
64000.0 0.0048567448
64200.0 0.0048934045
64400.0 0.0049164123
64600.0 0.0049240604
64800.0 0.0049164453
65000.0 0.0048934125
65200.0 0.0048543132
65400.0 0.0048024056
65600.0 0.0047442611
65800.0 0.004688971
66000.0 0.0046403692
66200.0 0.0046043947
66400.0 0.0045833634
66600.0 0.0045772566
66800.0 0.0045917239
67000.0 0.0046340999
67200.0 0.0047040622
67400.0 0.0047863179
67600.0 0.0048569809
67800.0 0.0049061191
68000.0 0.004932107
68200.0 0.0049370162
68400.0 0.0049207073
68600.0 0.0048904174
68800.0 0.0048539341
69000.0 0.0048156151
69200.0 0.0047776783
69400.0 0.0047412312
69600.0 0.0047022267
69800.0 0.004659814
70000.0 0.0046172328
70200.0 0.0045827827
70400.0 0.00456496
70600.0 0.0045692304
70800.0 0.0046020901
71000.0 0.0046694907
71200.0 0.0047567384
71400.0 0.0048366637
71600.0 0.00489498
71800.0 0.0049334224
72000.0 0.004956307
72200.0 0.0049629937
72400.0 0.0049515175
72600.0 0.0049272382
72800.0 0.0048904338
73000.0 0.0048400776
73200.0 0.0047866314
73400.0 0.0047372057
73600.0 0.0046997423
73800.0 0.0046767784
74000.0 0.0046655298
74200.0 0.0046610643
74400.0 0.0046609263
74600.0 0.0046673251
74800.0 0.0046843821
75000.0 0.0047123098
75200.0 0.0047485782
75400.0 0.0047909761
75600.0 0.0048377719
75800.0 0.0048784327
76000.0 0.0049000262
76200.0 0.0048932008
76400.0 0.0048599814
76600.0 0.0048104069
76800.0 0.0047672965
77000.0 0.0047474038
77200.0 0.0047536539
77400.0 0.0047808697
77600.0 0.0048150741
77800.0 0.0048390104
78000.0 0.0048422663
78200.0 0.0048214826
78400.0 0.0047776706
78600.0 0.0047150394
78800.0 0.0046498009
79000.0 0.0046039945
79200.0 0.004586045
79400.0 0.0045900163
79600.0 0.0046114668
79800.0 0.0046462141
80000.0 0.0046884521
80200.0 0.0047343887
80400.0 0.0047823132
80600.0 0.004828491
80800.0 0.0048701509
81000.0 0.0049044287
81200.0 0.0049277576
81400.0 0.0049370989
81600.0 0.0049249516
81800.0 0.0048865139
82000.0 0.0048248333
82200.0 0.0047396583
82400.0 0.0046420822
82600.0 0.004558002
82800.0 0.0045105164
83000.0 0.00449799
83200.0 0.0045119942
83400.0 0.0045440191
83600.0 0.0045874024
83800.0 0.0046378423
84000.0 0.0046918614
84200.0 0.0047486337
84400.0 0.004806374
84600.0 0.0048587695
84800.0 0.0048987181
85000.0 0.0049214676
85200.0 0.0049226423
85400.0 0.0049008179
85600.0 0.0048623958
85800.0 0.0048155546
86000.0 0.004762933
86200.0 0.0047090115
86400.0 0.0046630092
86600.0 0.0046317453
86800.0 0.0046156002
87000.0 0.0046135098
87200.0 0.0046250514
87400.0 0.0046524917
87600.0 0.00469341
87800.0 0.0047403136
88000.0 0.0047849464
88200.0 0.0048188548
88400.0 0.0048396382
88600.0 0.0048489795
88800.0 0.0048476619
89000.0 0.0048360912
89200.0 0.0048270341
89400.0 0.0048226729
89600.0 0.0048187584
89800.0 0.0048100623
90000.0 0.0047828035
90200.0 0.0047402506
90400.0 0.0046910907
90600.0 0.004645474
90800.0 0.0046143648
91000.0 0.0046057059
91200.0 0.0046299653
91400.0 0.0046897809
91600.0 0.0047696914
91800.0 0.0048420325
92000.0 0.0048851141
92200.0 0.0048914238
92400.0 0.0048658789
92600.0 0.0048254193
92800.0 0.0047872521
93000.0 0.0047604934
93200.0 0.0047509064
93400.0 0.0047578607
93600.0 0.0047760224
93800.0 0.0047988432
94000.0 0.004818385
94200.0 0.0048251046
94400.0 0.0048187616
94600.0 0.0048055676
94800.0 0.004787174
95000.0 0.0047657608
95200.0 0.0047454112
95400.0 0.0047279721
95600.0 0.0047074607
95800.0 0.0046770163
96000.0 0.0046332468
96200.0 0.0045823796
96400.0 0.0045418488
96600.0 0.0045247114
96800.0 0.004537634
97000.0 0.0045823466
97200.0 0.0046522547
97400.0 0.0047348568
97600.0 0.004807186
97800.0 0.0048597833
98000.0 0.0048951503
98200.0 0.0049207095
98400.0 0.0049373076
98600.0 0.0049396385
98800.0 0.0049218813
99000.0 0.0048825178
99200.0 0.0048238217
99400.0 0.0047567189
99600.0 0.0046994165
99800.0 0.0046652317
100000.0 0.0046586763
