0.0 -1446.0878
200.0 -1434.4914
400.0 -1413.2648
600.0 -1389.4976
800.0 -1378.6841
1000.0 -1375.8518
1200.0 -1381.0357
1400.0 -1391.438
1600.0 -1400.7397
1800.0 -1411.0036
2000.0 -1423.3409
2200.0 -1434.1436
2400.0 -1436.355
2600.0 -1428.5659
2800.0 -1408.8158
3000.0 -1387.0691
3200.0 -1373.4505
3400.0 -1367.4107
3600.0 -1365.5921
3800.0 -1361.6886
4000.0 -1356.0189
4200.0 -1348.0315
4400.0 -1339.6807
4600.0 -1333.8878
4800.0 -1335.8535
5000.0 -1338.9555
5200.0 -1335.6529
5400.0 -1319.065
5600.0 -1294.7228
5800.0 -1283.4683
6000.0 -1287.6867
6200.0 -1300.1923
6400.0 -1314.5684
6600.0 -1324.7612
6800.0 -1330.4088
7000.0 -1331.6969
7200.0 -1332.5642
7400.0 -1331.5553
7600.0 -1326.9263
7800.0 -1318.9217
8000.0 -1305.2201
8200.0 -1298.4422
8400.0 -1299.9258
8600.0 -1303.5318
8800.0 -1306.4432
9000.0 -1305.7507
9200.0 -1305.6079
9400.0 -1303.8271
9600.0 -1298.0334
9800.0 -1285.2488
10000.0 -1265.4532
10200.0 -1253.0185
10400.0 -1253.2012
10600.0 -1263.5331
10800.0 -1278.0067
11000.0 -1288.2972
11200.0 -1288.2249
11400.0 -1283.6047
11600.0 -1276.7178
11800.0 -1272.9451
12000.0 -1272.1692
12200.0 -1271.3551
12400.0 -1268.2365
12600.0 -1263.7756
12800.0 -1259.4593
13000.0 -1252.9741
13200.0 -1242.3478
13400.0 -1228.7498
13600.0 -1211.7687
13800.0 -1205.192
14000.0 -1215.5628
14200.0 -1234.4157
14400.0 -1251.1012
14600.0 -1266.1963
14800.0 -1279.1002
15000.0 -1292.0422
15200.0 -1305.1891
15400.0 -1314.1929
15600.0 -1323.6418
15800.0 -1331.0534
16000.0 -1338.1759
16200.0 -1346.1044
16400.0 -1356.4782
16600.0 -1364.1062
16800.0 -1361.1178
17000.0 -1347.6138
17200.0 -1326.3845
17400.0 -1301.6636
17600.0 -1287.4678
17800.0 -1283.79
18000.0 -1288.1204
18200.0 -1296.8797
18400.0 -1304.7637
18600.0 -1310.9508
18800.0 -1317.2359
19000.0 -1323.8637
19200.0 -1331.2121
19400.0 -1338.1184
19600.0 -1343.1044
19800.0 -1348.4427
20000.0 -1355.7536
20200.0 -1362.0587
20400.0 -1366.4331
20600.0 -1367.9476
20800.0 -1373.5532
21000.0 -1381.6883
21200.0 -1391.1592
21400.0 -1397.5303
21600.0 -1396.8591
21800.0 -1384.0847
22000.0 -1361.4129
22200.0 -1346.6054
22400.0 -1345.446
22600.0 -1349.5449
22800.0 -1356.7485
23000.0 -1362.4285
23200.0 -1365.501
23400.0 -1365.9553
23600.0 -1361.2901
23800.0 -1339.3587
24000.0 -1305.4561
24200.0 -1291.504
24400.0 -1291.3047
24600.0 -1300.9059
24800.0 -1317.8592
25000.0 -1333.6237
25200.0 -1341.7737
25400.0 -1345.6164
25600.0 -1345.4306
25800.0 -1340.7452
26000.0 -1324.1349
26200.0 -1298.7205
26400.0 -1283.5173
26600.0 -1282.1454
26800.0 -1285.6044
27000.0 -1289.3472
27200.0 -1292.3034
27400.0 -1292.7758
27600.0 -1300.1489
27800.0 -1315.2006
28000.0 -1331.9247
28200.0 -1345.6627
28400.0 -1347.7793
28600.0 -1338.032
28800.0 -1318.911
29000.0 -1301.623
29200.0 -1293.7093
29400.0 -1289.696
29600.0 -1287.8275
29800.0 -1285.029
30000.0 -1280.8139
30200.0 -1276.2687
30400.0 -1271.5391
30600.0 -1274.8343
30800.0 -1284.5254
31000.0 -1301.9011
31200.0 -1316.1746
31400.0 -1324.3587
31600.0 -1327.1684
31800.0 -1324.765
32000.0 -1312.8433
32200.0 -1289.1075
32400.0 -1267.8581
32600.0 -1262.5763
32800.0 -1272.7919
33000.0 -1288.9907
33200.0 -1303.5622
33400.0 -1309.2783
33600.0 -1311.2945
33800.0 -1312.2714
34000.0 -1315.3176
34200.0 -1321.9596
34400.0 -1330.2923
34600.0 -1339.4588
34800.0 -1347.7581
35000.0 -1356.1781
35200.0 -1358.8867
35400.0 -1349.9173
35600.0 -1331.5399
35800.0 -1316.9209
36000.0 -1313.8244
36200.0 -1317.3201
36400.0 -1321.6846
36600.0 -1326.9916
36800.0 -1336.4899
37000.0 -1354.2321
37200.0 -1376.5412
37400.0 -1391.9532
37600.0 -1401.9264
37800.0 -1411.8008
38000.0 -1419.1369
38200.0 -1418.7264
38400.0 -1412.0741
38600.0 -1402.1201
38800.0 -1395.2063
39000.0 -1395.9641
39200.0 -1390.1006
39400.0 -1377.1614
39600.0 -1364.0091
39800.0 -1354.1323
40000.0 -1346.6821
40200.0 -1342.4744
40400.0 -1336.5256
40600.0 -1331.4303
40800.0 -1328.3936
41000.0 -1326.4082
41200.0 -1325.2454
41400.0 -1324.1008
41600.0 -1321.2671
41800.0 -1315.1917
42000.0 -1303.6778
42200.0 -1290.1212
42400.0 -1277.5792
42600.0 -1278.692
42800.0 -1293.6994
43000.0 -1309.4954
43200.0 -1321.9128
43400.0 -1325.6949
43600.0 -1329.9697
43800.0 -1335.498
44000.0 -1338.2117
44200.0 -1337.4465
44400.0 -1331.8743
44600.0 -1326.1498
44800.0 -1318.4815
45000.0 -1314.9851
45200.0 -1316.8491
45400.0 -1325.7886
45600.0 -1345.2656
45800.0 -1383.7084
46000.0 -1402.5004
46200.0 -1405.9515
46400.0 -1412.7534
46600.0 -1411.8813
46800.0 -1410.5051
47000.0 -1405.4355
47200.0 -1400.6825
47400.0 -1397.9975
47600.0 -1395.0663
47800.0 -1395.6653
48000.0 -1397.3383
48200.0 -1404.5554
48400.0 -1415.3336
48600.0 -1428.1773
48800.0 -1441.4331
49000.0 -1453.337
49200.0 -1463.6854
49400.0 -1469.5643
49600.0 -1470.8252
49800.0 -1461.5424
50000.0 -1443.0317
50200.0 -1422.5194
50400.0 -1410.1162
50600.0 -1409.6638
50800.0 -1415.7026
51000.0 -1421.7701
51200.0 -1420.512
51400.0 -1405.6823
51600.0 -1378.5881
51800.0 -1358.2439
52000.0 -1346.0894
52200.0 -1337.9274
52400.0 -1330.4495
52600.0 -1327.0018
52800.0 -1326.8327
53000.0 -1325.6882
53200.0 -1317.1757
53400.0 -1299.3516
53600.0 -1278.0729
53800.0 -1267.6632
54000.0 -1265.2851
54200.0 -1267.531
54400.0 -1270.5288
54600.0 -1277.115
54800.0 -1288.2885
55000.0 -1298.1568
55200.0 -1299.4003
55400.0 -1289.0636
55600.0 -1272.6682
55800.0 -1251.4728
56000.0 -1237.5706
56200.0 -1228.4183
56400.0 -1227.0704
56600.0 -1231.1798
56800.0 -1243.6727
57000.0 -1261.6683
57200.0 -1277.1216
57400.0 -1287.6353
57600.0 -1292.8015
57800.0 -1299.552
58000.0 -1306.5298
58200.0 -1313.6116
58400.0 -1322.7694
58600.0 -1335.4496
58800.0 -1343.6187
59000.0 -1347.2407
59200.0 -1343.4242
59400.0 -1339.5109
59600.0 -1340.9168
59800.0 -1341.0304
60000.0 -1336.2833
60200.0 -1326.1945
60400.0 -1302.4316
60600.0 -1265.3636
60800.0 -1251.4584
61000.0 -1253.3675
61200.0 -1261.021
61400.0 -1269.8008
61600.0 -1278.0632
61800.0 -1286.6888
62000.0 -1299.7071
62200.0 -1317.8581
62400.0 -1327.7879
62600.0 -1324.5152
62800.0 -1317.3868
63000.0 -1309.0708
63200.0 -1299.5727
63400.0 -1288.7531
63600.0 -1277.2964
63800.0 -1265.761
64000.0 -1261.5294
64200.0 -1261.3819
64400.0 -1263.6612
64600.0 -1272.0706
64800.0 -1285.5766
65000.0 -1308.5949
65200.0 -1330.1072
65400.0 -1343.7389
65600.0 -1348.1846
65800.0 -1350.7583
66000.0 -1353.673
66200.0 -1353.1536
66400.0 -1349.0755
66600.0 -1347.2486
66800.0 -1349.6429
67000.0 -1360.1988
67200.0 -1380.5623
67400.0 -1401.5551
67600.0 -1416.3086
67800.0 -1426.0926
68000.0 -1432.5597
68200.0 -1433.1985
68400.0 -1425.7547
68600.0 -1413.7798
68800.0 -1400.2195
69000.0 -1392.021
69200.0 -1391.0528
69400.0 -1397.2068
69600.0 -1412.3974
69800.0 -1432.564
70000.0 -1442.0274
70200.0 -1441.7282
70400.0 -1430.8894
70600.0 -1415.8357
70800.0 -1400.239
71000.0 -1386.7271
71200.0 -1377.9055
71400.0 -1373.4441
71600.0 -1371.3927
71800.0 -1364.6622
72000.0 -1349.2966
72200.0 -1328.6264
72400.0 -1319.4816
72600.0 -1322.1363
72800.0 -1323.1476
73000.0 -1323.6428
73200.0 -1322.1874
73400.0 -1322.0032
73600.0 -1325.3511
73800.0 -1334.1592
74000.0 -1345.5378
74200.0 -1355.6414
74400.0 -1360.946
74600.0 -1353.8387
74800.0 -1336.1092
75000.0 -1316.4274
75200.0 -1301.1357
75400.0 -1292.1903
75600.0 -1287.9818
75800.0 -1286.1795
76000.0 -1291.4591
76200.0 -1309.8299
76400.0 -1337.2976
76600.0 -1352.1761
76800.0 -1356.7946
77000.0 -1357.8727
77200.0 -1361.5813
77400.0 -1372.9518
77600.0 -1388.2784
77800.0 -1401.8759
78000.0 -1407.0728
78200.0 -1403.0792
78400.0 -1393.7785
78600.0 -1385.1879
78800.0 -1383.1483
79000.0 -1383.6112
79200.0 -1382.7892
79400.0 -1378.1365
79600.0 -1370.2458
79800.0 -1361.0828
80000.0 -1353.5044
80200.0 -1346.1724
80400.0 -1341.4582
80600.0 -1341.0053
80800.0 -1346.8304
81000.0 -1362.5481
81200.0 -1385.1367
81400.0 -1401.187
81600.0 -1409.2291
81800.0 -1413.1946
82000.0 -1409.432
82200.0 -1396.2564
82400.0 -1376.5334
82600.0 -1362.826
82800.0 -1363.1885
83000.0 -1374.5868
83200.0 -1384.5221
83400.0 -1389.6353
83600.0 -1390.4069
83800.0 -1388.1596
84000.0 -1388.2378
84200.0 -1394.0961
84400.0 -1413.7398
84600.0 -1440.8154
84800.0 -1451.8768
85000.0 -1449.3763
85200.0 -1440.524
85400.0 -1431.3619
85600.0 -1423.0047
85800.0 -1411.3819
86000.0 -1400.764
86200.0 -1390.8915
86400.0 -1384.3738
86600.0 -1379.634
86800.0 -1373.9911
87000.0 -1355.8916
87200.0 -1329.8813
87400.0 -1317.7565
87600.0 -1315.006
87800.0 -1321.0751
88000.0 -1327.226
88200.0 -1337.5866
88400.0 -1352.4024
88600.0 -1371.6294
88800.0 -1389.993
89000.0 -1404.2204
89200.0 -1416.6327
89400.0 -1427.9041
89600.0 -1439.93
89800.0 -1456.8798
90000.0 -1474.9871
90200.0 -1485.647
90400.0 -1481.6274
90600.0 -1456.2567
90800.0 -1431.649
91000.0 -1424.1287
91200.0 -1425.4414
91400.0 -1429.0703
91600.0 -1430.0627
91800.0 -1423.7829
92000.0 -1411.8887
92200.0 -1395.7026
92400.0 -1384.3285
92600.0 -1378.9894
92800.0 -1377.9932
93000.0 -1386.5601
93200.0 -1400.7384
93400.0 -1420.2808
93600.0 -1443.367
93800.0 -1456.7818
94000.0 -1462.2594
94200.0 -1463.8378
94400.0 -1461.3458
94600.0 -1458.9665
94800.0 -1456.6801
95000.0 -1454.6976
95200.0 -1452.9192
95400.0 -1450.11
95600.0 -1446.3364
95800.0 -1447.138
96000.0 -1451.7438
96200.0 -1455.7396
96400.0 -1455.8855
96600.0 -1443.0026
96800.0 -1423.0421
97000.0 -1407.6371
97200.0 -1397.9902
97400.0 -1386.6192
97600.0 -1376.4225
97800.0 -1365.7131
98000.0 -1359.6965
98200.0 -1363.3955
98400.0 -1377.5814
98600.0 -1397.3409
98800.0 -1411.6895
99000.0 -1411.392
99200.0 -1403.4482
99400.0 -1396.3495
99600.0 -1390.5118
99800.0 -1389.2105
100000.0 -1391.0257
