0.0 45.745137
200.0 45.77419
400.0 45.800214
600.0 45.861495
800.0 45.82896
1000.0 45.771537
1200.0 45.763781
1400.0 45.797923
1600.0 45.83822
1800.0 45.866469
2000.0 45.796338
2200.0 45.766082
2400.0 45.766363
2600.0 45.811941
2800.0 45.802687
3000.0 45.79866
3200.0 45.77064
3400.0 45.780704
3600.0 45.790904
3800.0 45.828816
4000.0 45.823289
4200.0 45.780002
4400.0 45.783782
4600.0 45.806326
4800.0 45.827691
5000.0 45.83886
5200.0 45.771881
5400.0 45.770291
5600.0 45.780717
5800.0 45.820338
6000.0 45.802244
6200.0 45.801138
6400.0 45.763459
6600.0 45.74535
6800.0 45.816231
7000.0 45.82351
7200.0 45.825232
7400.0 45.793434
7600.0 45.786642
7800.0 45.80797
8000.0 45.836705
8200.0 45.818673
8400.0 45.805874
8600.0 45.786515
8800.0 45.781122
9000.0 45.794224
9200.0 45.81608
9400.0 45.80512
9600.0 45.793496
9800.0 45.757595
10000.0 45.754018
10200.0 45.779763
10400.0 45.816203
10600.0 45.824974
10800.0 45.782711
11000.0 45.76919
11200.0 45.791509
11400.0 45.839121
11600.0 45.840501
11800.0 45.829854
12000.0 45.775673
12200.0 45.772857
12400.0 45.807531
12600.0 45.841823
12800.0 45.798963
13000.0 45.768511
13200.0 45.770423
13400.0 45.767221
13600.0 45.822621
13800.0 45.805238
14000.0 45.780202
14200.0 45.795107
14400.0 45.801932
14600.0 45.837692
14800.0 45.81212
15000.0 45.798272
15200.0 45.796053
15400.0 45.805599
15600.0 45.802826
15800.0 45.801634
16000.0 45.804796
16200.0 45.798551
16400.0 45.789982
16600.0 45.815616
16800.0 45.810067
17000.0 45.798059
17200.0 45.781999
17400.0 45.803286
17600.0 45.813713
17800.0 45.810285
18000.0 45.811361
18200.0 45.750187
18400.0 45.747659
18600.0 45.804834
18800.0 45.81375
19000.0 45.79889
19200.0 45.785206
19400.0 45.758741
19600.0 45.796413
19800.0 45.839491
20000.0 45.848313
20200.0 45.808373
20400.0 45.766685
20600.0 45.781511
20800.0 45.785784
21000.0 45.863141
21200.0 45.830526
21400.0 45.783663
21600.0 45.745741
21800.0 45.768074
22000.0 45.788787
22200.0 45.798595
22400.0 45.79102
22600.0 45.778266
22800.0 45.749284
23000.0 45.808519
23200.0 45.806789
23400.0 45.81357
23600.0 45.801653
23800.0 45.780842
24000.0 45.815335
24200.0 45.819548
24400.0 45.816034
24600.0 45.792461
24800.0 45.801806
25000.0 45.797239
25200.0 45.823327
25400.0 45.77733
25600.0 45.758249
25800.0 45.746005
26000.0 45.82036
26200.0 45.83856
26400.0 45.836006
26600.0 45.751575
26800.0 45.765294
27000.0 45.779183
27200.0 45.869999
27400.0 45.823996
27600.0 45.792191
27800.0 45.765472
28000.0 45.793163
28200.0 45.817174
28400.0 45.812497
28600.0 45.795246
28800.0 45.757925
29000.0 45.750738
29200.0 45.799001
29400.0 45.784926
29600.0 45.806677
29800.0 45.820262
30000.0 45.755507
30200.0 45.796938
30400.0 45.812953
30600.0 45.842972
30800.0 45.805823
31000.0 45.788148
31200.0 45.775677
31400.0 45.810609
31600.0 45.81004
31800.0 45.814316
32000.0 45.771328
32200.0 45.796709
32400.0 45.780299
32600.0 45.785904
32800.0 45.785791
33000.0 45.794421
33200.0 45.794898
33400.0 45.785719
33600.0 45.818594
33800.0 45.808572
34000.0 45.806152
34200.0 45.83419
34400.0 45.804175
34600.0 45.787433
34800.0 45.817911
35000.0 45.798956
35200.0 45.817122
35400.0 45.797513
35600.0 45.769807
35800.0 45.738596
36000.0 45.780793
36200.0 45.835133
36400.0 45.82951
36600.0 45.782112
36800.0 45.756682
37000.0 45.79883
37200.0 45.830207
37400.0 45.840209
37600.0 45.801236
37800.0 45.772317
38000.0 45.785171
38200.0 45.814771
38400.0 45.813173
38600.0 45.802679
38800.0 45.773246
39000.0 45.755403
39200.0 45.800255
39400.0 45.774431
39600.0 45.78793
39800.0 45.792349
40000.0 45.810276
40200.0 45.795787
40400.0 45.825275
40600.0 45.797811
40800.0 45.828192
41000.0 45.799425
41200.0 45.809866
41400.0 45.793164
41600.0 45.810413
41800.0 45.803363
42000.0 45.783332
42200.0 45.78293
42400.0 45.767907
42600.0 45.778101
42800.0 45.811244
43000.0 45.814232
43200.0 45.785683
43400.0 45.758094
43600.0 45.788617
43800.0 45.816723
44000.0 45.83138
44200.0 45.825324
44400.0 45.772394
44600.0 45.757869
44800.0 45.815063
45000.0 45.847849
45200.0 45.865725
45400.0 45.803299
45600.0 45.769002
45800.0 45.791618
46000.0 45.821575
46200.0 45.820549
46400.0 45.79512
46600.0 45.770659
46800.0 45.788279
47000.0 45.786846
47200.0 45.824578
47400.0 45.777011
47600.0 45.806995
47800.0 45.824735
48000.0 45.804628
48200.0 45.809182
48400.0 45.816273
48600.0 45.824436
48800.0 45.821178
49000.0 45.801109
49200.0 45.77745
49400.0 45.787549
49600.0 45.819833
49800.0 45.842699
50000.0 45.803113
50200.0 45.725063
50400.0 45.749361
50600.0 45.822206
50800.0 45.846996
51000.0 45.837493
51200.0 45.769508
51400.0 45.745941
51600.0 45.810147
51800.0 45.835901
52000.0 45.81583
52200.0 45.788775
52400.0 45.796933
52600.0 45.82324
52800.0 45.802101
53000.0 45.846933
53200.0 45.803697
53400.0 45.79354
53600.0 45.786605
53800.0 45.802552
54000.0 45.821994
54200.0 45.786139
54400.0 45.767674
54600.0 45.789094
54800.0 45.783741
55000.0 45.833856
55200.0 45.824424
55400.0 45.794565
55600.0 45.77342
55800.0 45.797463
56000.0 45.854874
56200.0 45.855194
56400.0 45.811802
56600.0 45.748212
56800.0 45.773542
57000.0 45.826498
57200.0 45.836584
57400.0 45.805446
57600.0 45.766353
57800.0 45.78532
58000.0 45.759571
58200.0 45.827593
58400.0 45.820931
58600.0 45.800269
58800.0 45.80753
59000.0 45.811328
59200.0 45.822339
59400.0 45.811784
59600.0 45.820221
59800.0 45.79151
60000.0 45.798173
60200.0 45.815697
60400.0 45.785372
60600.0 45.811964
60800.0 45.781901
61000.0 45.781261
61200.0 45.779813
61400.0 45.804723
61600.0 45.816366
61800.0 45.800428
62000.0 45.771596
62200.0 45.762688
62400.0 45.837908
62600.0 45.85364
62800.0 45.82445
63000.0 45.776853
63200.0 45.782312
63400.0 45.786944
63600.0 45.845959
63800.0 45.801211
64000.0 45.778951
64200.0 45.776456
64400.0 45.767577
64600.0 45.80324
64800.0 45.816549
65000.0 45.806485
65200.0 45.793822
65400.0 45.77155
65600.0 45.798866
65800.0 45.834355
66000.0 45.81729
66200.0 45.783906
66400.0 45.800719
66600.0 45.803078
66800.0 45.797785
67000.0 45.832829
67200.0 45.830846
67400.0 45.76586
67600.0 45.735935
67800.0 45.771864
68000.0 45.819276
68200.0 45.834877
68400.0 45.780828
68600.0 45.76025
68800.0 45.758103
69000.0 45.821862
69200.0 45.85005
69400.0 45.817571
69600.0 45.80871
69800.0 45.769925
70000.0 45.801528
70200.0 45.824032
70400.0 45.801069
70600.0 45.802332
70800.0 45.771694
71000.0 45.754615
71200.0 45.78393
71400.0 45.80042
71600.0 45.814023
71800.0 45.784088
72000.0 45.783657
72200.0 45.797419
72400.0 45.823594
72600.0 45.81304
72800.0 45.799858
73000.0 45.769639
73200.0 45.808434
73400.0 45.847682
73600.0 45.892939
73800.0 45.761295
74000.0 45.712367
74200.0 45.767302
74400.0 45.806624
74600.0 45.839551
74800.0 45.769498
75000.0 45.785556
75200.0 45.766372
75400.0 45.796174
75600.0 45.825105
75800.0 45.829536
76000.0 45.782863
76200.0 45.79755
76400.0 45.80846
76600.0 45.810765
76800.0 45.803802
77000.0 45.789509
77200.0 45.803454
77400.0 45.797874
77600.0 45.777601
77800.0 45.78724
78000.0 45.796609
78200.0 45.764087
78400.0 45.759049
78600.0 45.812098
78800.0 45.846243
79000.0 45.795887
79200.0 45.785407
79400.0 45.790156
79600.0 45.823644
79800.0 45.839293
80000.0 45.829381
80200.0 45.777542
80400.0 45.748577
80600.0 45.796149
80800.0 45.809822
81000.0 45.829986
81200.0 45.784756
81400.0 45.741964
81600.0 45.760581
81800.0 45.809285
82000.0 45.810103
82200.0 45.81078
82400.0 45.791802
82600.0 45.797372
82800.0 45.813832
83000.0 45.812601
83200.0 45.816485
83400.0 45.819275
83600.0 45.786914
83800.0 45.810816
84000.0 45.787366
84200.0 45.81023
84400.0 45.769299
84600.0 45.78396
84800.0 45.799
85000.0 45.781356
85200.0 45.784002
85400.0 45.800415
85600.0 45.809406
85800.0 45.800715
86000.0 45.795866
86200.0 45.777853
86400.0 45.806677
86600.0 45.828696
86800.0 45.814936
87000.0 45.781867
87200.0 45.791102
87400.0 45.818408
87600.0 45.815978
87800.0 45.839177
88000.0 45.799785
88200.0 45.786137
88400.0 45.794094
88600.0 45.809334
88800.0 45.821188
89000.0 45.784989
89200.0 45.762441
89400.0 45.781343
89600.0 45.824843
89800.0 45.819145
90000.0 45.795804
90200.0 45.780999
90400.0 45.791028
90600.0 45.826228
90800.0 45.842271
91000.0 45.807055
91200.0 45.784502
91400.0 45.781593
91600.0 45.808343
91800.0 45.868719
92000.0 45.853113
92200.0 45.74459
92400.0 45.731062
92600.0 45.771733
92800.0 45.840636
93000.0 45.827588
93200.0 45.791115
93400.0 45.757724
93600.0 45.767185
93800.0 45.816969
94000.0 45.826346
94200.0 45.830951
94400.0 45.780317
94600.0 45.793296
94800.0 45.809814
95000.0 45.838307
95200.0 45.802873
95400.0 45.775028
95600.0 45.782223
95800.0 45.779666
96000.0 45.796269
96200.0 45.806491
96400.0 45.779526
96600.0 45.778737
96800.0 45.777012
97000.0 45.836229
97200.0 45.852241
97400.0 45.813078
97600.0 45.741645
97800.0 45.759994
98000.0 45.836442
98200.0 45.857402
98400.0 45.800496
98600.0 45.769521
98800.0 45.740446
99000.0 45.790341
99200.0 45.816932
99400.0 45.8055
99600.0 45.785615
99800.0 45.757845
100000.0 45.808406
