0.0 387.22628
200.0 387.47311
400.0 388.66796
600.0 390.75225
800.0 393.04425
1000.0 394.781
1200.0 395.7442
1400.0 396.17053
1600.0 396.34134
1800.0 396.45391
2000.0 396.73037
2200.0 397.3263
2400.0 397.96226
2600.0 398.30589
2800.0 398.06532
3000.0 396.96277
3200.0 395.05295
3400.0 392.81412
3600.0 390.94096
3800.0 389.80147
4000.0 389.3252
4200.0 389.18733
4400.0 389.08514
4600.0 389.00136
4800.0 389.10036
5000.0 389.55132
5200.0 390.28046
5400.0 391.12096
5600.0 392.0529
5800.0 393.04936
6000.0 393.994
6200.0 394.71842
6400.0 395.14841
6600.0 395.38516
6800.0 395.63701
7000.0 395.98055
7200.0 396.53025
7400.0 397.25189
7600.0 397.95813
7800.0 398.26079
8000.0 397.75433
8200.0 396.1732
8400.0 393.65277
8600.0 391.09956
8800.0 389.44138
9000.0 388.85443
9200.0 389.06768
9400.0 389.66334
9600.0 390.17218
9800.0 390.38356
10000.0 390.42403
10200.0 390.49092
10400.0 390.86699
10600.0 391.53784
10800.0 392.49406
11000.0 393.68839
11200.0 394.88347
11400.0 395.87903
11600.0 396.51212
11800.0 396.81166
12000.0 396.97605
12200.0 397.11983
12400.0 397.48827
12600.0 398.33938
12800.0 399.60734
13000.0 400.45676
13200.0 400.03092
13400.0 398.16342
13600.0 395.45578
13800.0 393.08485
14000.0 391.73717
14200.0 391.33759
14400.0 391.47169
14600.0 391.73625
14800.0 391.91275
15000.0 391.98922
15200.0 391.99029
15400.0 392.04711
15600.0 392.21026
15800.0 392.5915
16000.0 393.27863
16200.0 394.31175
16400.0 395.55677
16600.0 396.66559
16800.0 397.45279
17000.0 397.83662
17200.0 397.68508
17400.0 396.93685
17600.0 395.72468
17800.0 394.41542
18000.0 393.21677
18200.0 392.12939
18400.0 391.0248
18600.0 389.95559
18800.0 389.08469
19000.0 388.57915
19200.0 388.53513
19400.0 389.01109
19600.0 390.07648
19800.0 391.57651
20000.0 393.22379
20200.0 394.79851
20400.0 396.24458
20600.0 397.43555
20800.0 398.23127
21000.0 398.53931
21200.0 398.30952
21400.0 397.56207
21600.0 396.49012
21800.0 395.28175
22000.0 394.06289
22200.0 392.87527
22400.0 391.71272
22600.0 390.63748
22800.0 389.90839
23000.0 389.83546
23200.0 390.58123
23400.0 392.02774
23600.0 393.67155
23800.0 394.91856
24000.0 395.56366
24200.0 395.70263
24400.0 395.33193
24600.0 394.72517
24800.0 394.34223
25000.0 394.40261
25200.0 394.86191
25400.0 395.57777
25600.0 396.13131
25800.0 395.99829
26000.0 394.97426
26200.0 393.1954
26400.0 391.04834
26600.0 389.21284
26800.0 388.2866
27000.0 388.30965
27200.0 389.10731
27400.0 390.34303
27600.0 391.51378
27800.0 392.31544
28000.0 392.77993
28200.0 393.11027
28400.0 393.52802
28600.0 394.04866
28800.0 394.70318
29000.0 395.43983
29200.0 396.0257
29400.0 396.34518
29600.0 396.22024
29800.0 395.60143
30000.0 394.69086
30200.0 393.90325
30400.0 393.49895
30600.0 393.57275
30800.0 393.94433
31000.0 394.29944
31200.0 394.30711
31400.0 393.80072
31600.0 392.79871
31800.0 391.55196
32000.0 390.51344
32200.0 390.01765
32400.0 390.26766
32600.0 391.19167
32800.0 392.23129
33000.0 392.91146
33200.0 393.16738
33400.0 393.09786
33600.0 392.71787
33800.0 392.17781
34000.0 391.64248
34200.0 391.27254
34400.0 391.26899
34600.0 391.70584
34800.0 392.40198
35000.0 393.05715
35200.0 393.37377
35400.0 393.23034
35600.0 392.80016
35800.0 392.49383
36000.0 392.67483
36200.0 393.49005
36400.0 394.79518
36600.0 396.15975
36800.0 397.08408
37000.0 397.20223
37200.0 396.39507
37400.0 394.82448
37600.0 392.93725
37800.0 391.51139
38000.0 391.03207
38200.0 391.32716
38400.0 391.82412
38600.0 392.15104
38800.0 392.35413
39000.0 392.40667
39200.0 392.42174
39400.0 392.52924
39600.0 392.94387
39800.0 393.83467
40000.0 395.14908
40200.0 396.52658
40400.0 397.379
40600.0 397.42716
40800.0 396.56206
41000.0 394.92497
41200.0 393.16888
41400.0 392.02705
41600.0 391.86248
41800.0 392.40237
42000.0 393.27663
42200.0 394.07163
42400.0 394.56584
42600.0 394.64953
42800.0 394.40555
43000.0 393.91361
43200.0 393.31615
43400.0 392.75698
43600.0 392.51067
43800.0 392.6736
44000.0 392.98477
44200.0 392.94592
44400.0 392.37841
44600.0 391.37905
44800.0 390.1822
45000.0 389.18077
45200.0 388.74616
45400.0 389.14124
45600.0 390.30391
45800.0 391.88614
46000.0 393.40794
46200.0 394.44229
46400.0 394.87039
46600.0 395.0277
46800.0 395.23771
47000.0 395.52816
47200.0 395.89094
47400.0 396.13469
47600.0 395.99495
47800.0 395.25302
48000.0 393.7165
48200.0 391.58073
48400.0 389.52584
48600.0 388.16667
48800.0 387.60359
49000.0 387.58484
49200.0 387.81088
49400.0 388.09657
49600.0 388.60722
49800.0 389.38008
50000.0 390.54018
50200.0 392.19917
50400.0 393.98385
50600.0 395.42963
50800.0 396.3316
51000.0 396.70303
51200.0 396.72841
51400.0 396.53447
51600.0 396.29236
51800.0 396.05494
52000.0 395.66578
52200.0 394.94484
52400.0 393.7836
52600.0 392.36773
52800.0 391.07662
53000.0 390.26074
53200.0 390.05371
53400.0 390.5164
53600.0 391.3669
53800.0 392.25536
54000.0 393.02032
54200.0 393.58605
54400.0 393.83467
54600.0 393.77679
54800.0 393.61297
55000.0 393.6177
55200.0 393.83654
55400.0 394.32457
55600.0 395.0274
55800.0 395.84934
56000.0 396.44646
56200.0 396.31709
56400.0 394.98617
56600.0 392.56449
56800.0 390.13433
57000.0 388.81055
57200.0 388.9093
57400.0 390.1813
57600.0 391.87698
57800.0 393.21614
58000.0 393.87007
58200.0 393.96822
58400.0 393.81515
58600.0 393.68167
58800.0 393.73291
59000.0 394.05439
59200.0 394.6501
59400.0 395.31239
59600.0 395.73827
59800.0 395.52275
60000.0 394.35619
60200.0 392.21622
60400.0 389.5978
60600.0 387.64083
60800.0 387.05409
61000.0 387.89384
61200.0 389.58148
61400.0 391.19499
61600.0 392.17071
61800.0 392.49037
62000.0 392.47609
62200.0 392.41637
62400.0 392.48818
62600.0 392.79229
62800.0 393.3206
63000.0 394.01432
63200.0 394.67784
63400.0 395.05827
63600.0 394.9867
63800.0 394.50361
64000.0 393.70811
64200.0 392.83677
64400.0 392.38142
64600.0 392.61842
64800.0 393.51563
65000.0 394.6812
65200.0 395.59497
65400.0 395.84873
65600.0 395.2579
65800.0 393.96211
66000.0 392.27132
66200.0 390.66866
66400.0 389.65771
66600.0 389.44161
66800.0 390.10691
67000.0 391.72816
67200.0 394.56912
67400.0 398.07889
67600.0 400.5616
67800.0 401.32628
68000.0 400.81468
68200.0 399.72178
68400.0 398.52788
68600.0 397.49491
68800.0 396.65836
69000.0 395.85333
69200.0 394.87178
69400.0 393.76635
69600.0 392.67862
69800.0 391.68453
70000.0 390.97992
70200.0 390.69525
70400.0 390.88555
70600.0 391.34779
70800.0 391.94726
71000.0 392.53373
71200.0 392.80993
71400.0 392.66789
71600.0 392.18565
71800.0 391.63023
72000.0 391.33158
72200.0 391.52149
72400.0 392.33491
72600.0 393.62517
72800.0 395.01324
73000.0 395.99728
73200.0 396.24001
73400.0 395.78423
73600.0 394.91835
73800.0 394.04929
74000.0 393.49827
74200.0 393.33904
74400.0 393.46936
74600.0 393.81949
74800.0 394.1872
75000.0 394.23279
75200.0 393.76625
75400.0 392.94662
75600.0 392.12254
75800.0 391.74264
76000.0 392.01168
76200.0 392.94947
76400.0 394.27117
76600.0 395.32764
76800.0 395.59546
77000.0 394.97466
77200.0 393.66826
77400.0 392.10728
77600.0 390.83046
77800.0 390.26572
78000.0 390.40757
78200.0 391.02061
78400.0 391.93651
78600.0 393.05173
78800.0 394.03475
79000.0 394.66676
79200.0 394.93604
79400.0 394.85865
79600.0 394.42572
79800.0 393.55426
80000.0 392.34693
80200.0 391.30851
80400.0 390.8031
80600.0 390.61392
80800.0 390.57129
81000.0 390.54674
81200.0 390.50931
81400.0 390.52785
81600.0 390.78429
81800.0 391.71903
82000.0 393.62765
82200.0 396.10119
82400.0 398.21627
82600.0 399.31142
82800.0 399.36361
83000.0 398.54319
83200.0 397.13393
83400.0 395.58572
83600.0 394.39093
83800.0 393.73248
84000.0 393.48129
84200.0 393.34857
84400.0 393.03947
84600.0 392.40759
84800.0 391.50691
85000.0 390.57915
85200.0 389.99453
85400.0 389.98363
85600.0 390.65663
85800.0 391.957
86000.0 393.46485
86200.0 394.6146
86400.0 395.01125
86600.0 394.54883
86800.0 393.38723
87000.0 392.03471
87200.0 391.1109
87400.0 390.92442
87600.0 391.46378
87800.0 392.46087
88000.0 393.55534
88200.0 394.42978
88400.0 394.75926
88600.0 394.53045
88800.0 393.92934
89000.0 393.26603
89200.0 392.93963
89400.0 393.22935
89600.0 394.29395
89800.0 395.92102
90000.0 397.66685
90200.0 398.98433
90400.0 399.34642
90600.0 398.68387
90800.0 397.38151
91000.0 395.93544
91200.0 394.62503
91400.0 393.57755
91600.0 392.75146
91800.0 392.08169
92000.0 391.573
92200.0 391.31579
92400.0 391.31256
92600.0 391.55476
92800.0 392.00588
93000.0 392.64733
93200.0 393.60366
93400.0 394.86577
93600.0 396.36969
93800.0 398.01144
94000.0 399.54881
94200.0 400.62761
94400.0 401.042
94600.0 400.5564
94800.0 399.12252
95000.0 397.00432
95200.0 394.80798
95400.0 392.85248
95600.0 391.18807
95800.0 389.82364
96000.0 388.8846
96200.0 388.4612
96400.0 388.59488
96600.0 389.36342
96800.0 390.66767
97000.0 392.19406
97200.0 393.59728
97400.0 394.71657
97600.0 395.55445
97800.0 396.17482
98000.0 396.72103
98200.0 397.21671
98400.0 397.59473
98600.0 397.62622
98800.0 396.99464
99000.0 395.56
99200.0 393.64576
99400.0 391.95643
99600.0 390.99656
99800.0 390.70264
100000.0 390.80467
