0.0 45.504584
200.0 45.496526
400.0 45.501011
600.0 45.504327
800.0 45.509691
1000.0 45.52526
1200.0 45.529888
1400.0 45.529297
1600.0 45.548442
1800.0 45.548915
2000.0 45.548082
2200.0 45.55718
2400.0 45.556102
2600.0 45.556554
2800.0 45.556603
3000.0 45.539714
3200.0 45.538311
3400.0 45.524206
3600.0 45.517574
3800.0 45.500227
4000.0 45.49251
4200.0 45.493561
4400.0 45.485147
4600.0 45.493516
4800.0 45.494068
5000.0 45.497448
5200.0 45.507585
5400.0 45.518841
5600.0 45.506261
5800.0 45.5319
6000.0 45.523049
6200.0 45.526223
6400.0 45.531035
6600.0 45.527095
6800.0 45.524886
7000.0 45.529855
7200.0 45.524022
7400.0 45.525951
7600.0 45.530368
7800.0 45.528407
8000.0 45.522431
8200.0 45.527836
8400.0 45.522499
8600.0 45.518497
8800.0 45.506276
9000.0 45.497644
9200.0 45.487994
9400.0 45.480093
9600.0 45.478717
9800.0 45.47518
10000.0 45.49518
10200.0 45.484322
10400.0 45.500361
10600.0 45.511966
10800.0 45.521257
11000.0 45.526365
11200.0 45.54733
11400.0 45.542266
11600.0 45.548687
11800.0 45.546942
12000.0 45.548298
12200.0 45.54965
12400.0 45.536633
12600.0 45.539638
12800.0 45.534883
13000.0 45.528189
13200.0 45.516584
13400.0 45.51864
13600.0 45.506074
13800.0 45.499438
14000.0 45.488254
14200.0 45.473191
14400.0 45.483728
14600.0 45.470516
14800.0 45.491092
15000.0 45.489478
15200.0 45.500954
15400.0 45.527845
15600.0 45.517233
15800.0 45.533946
16000.0 45.531552
16200.0 45.540862
16400.0 45.531205
16600.0 45.530962
16800.0 45.535249
17000.0 45.533606
17200.0 45.540998
17400.0 45.536915
17600.0 45.533797
17800.0 45.532325
18000.0 45.531666
18200.0 45.518531
18400.0 45.524539
18600.0 45.5097
18800.0 45.512805
19000.0 45.508557
19200.0 45.495039
19400.0 45.481494
19600.0 45.482461
19800.0 45.463077
20000.0 45.48103
20200.0 45.495532
20400.0 45.501515
20600.0 45.52411
20800.0 45.523764
21000.0 45.540595
21200.0 45.551882
21400.0 45.558136
21600.0 45.554637
21800.0 45.553883
22000.0 45.555859
22200.0 45.549557
22400.0 45.543445
22600.0 45.533965
22800.0 45.532856
23000.0 45.517648
23200.0 45.527778
23400.0 45.510207
23600.0 45.506284
23800.0 45.514209
24000.0 45.509073
24200.0 45.511475
24400.0 45.513786
24600.0 45.507713
24800.0 45.500348
25000.0 45.499625
25200.0 45.511552
25400.0 45.507772
25600.0 45.531617
25800.0 45.532155
26000.0 45.548689
26200.0 45.546087
26400.0 45.555479
26600.0 45.549438
26800.0 45.54833
27000.0 45.54963
27200.0 45.547291
27400.0 45.557459
27600.0 45.542593
27800.0 45.543583
28000.0 45.534764
28200.0 45.529307
28400.0 45.518931
28600.0 45.512972
28800.0 45.501024
29000.0 45.505116
29200.0 45.500194
29400.0 45.494003
29600.0 45.496747
29800.0 45.50552
30000.0 45.502753
30200.0 45.514392
30400.0 45.522251
30600.0 45.538402
30800.0 45.556003
31000.0 45.57258
31200.0 45.575804
31400.0 45.586648
31600.0 45.580207
31800.0 45.570359
32000.0 45.554076
32200.0 45.544251
32400.0 45.537286
32600.0 45.533572
32800.0 45.523341
33000.0 45.518499
33200.0 45.525526
33400.0 45.515525
33600.0 45.516365
33800.0 45.51688
34000.0 45.515158
34200.0 45.517971
34400.0 45.521177
34600.0 45.521534
34800.0 45.521192
35000.0 45.510352
35200.0 45.522844
35400.0 45.520315
35600.0 45.524674
35800.0 45.546059
36000.0 45.554451
36200.0 45.560433
36400.0 45.581275
36600.0 45.585907
36800.0 45.572056
37000.0 45.567205
37200.0 45.56797
37400.0 45.543364
37600.0 45.54347
37800.0 45.525001
38000.0 45.525583
38200.0 45.513959
38400.0 45.501744
38600.0 45.507475
38800.0 45.507448
39000.0 45.496074
39200.0 45.515529
39400.0 45.498158
39600.0 45.5195
39800.0 45.509974
40000.0 45.531784
40200.0 45.529121
40400.0 45.537449
40600.0 45.550281
40800.0 45.554191
41000.0 45.544232
41200.0 45.56617
41400.0 45.568961
41600.0 45.564142
41800.0 45.57492
42000.0 45.554204
42200.0 45.557939
42400.0 45.537623
42600.0 45.528192
42800.0 45.5188
43000.0 45.520685
43200.0 45.513501
43400.0 45.517284
43600.0 45.530412
43800.0 45.518683
44000.0 45.522577
44200.0 45.521795
44400.0 45.514416
44600.0 45.521909
44800.0 45.524663
45000.0 45.523766
45200.0 45.522222
45400.0 45.536501
45600.0 45.530146
45800.0 45.540761
46000.0 45.540202
46200.0 45.541993
46400.0 45.551194
46600.0 45.544911
46800.0 45.551865
47000.0 45.553255
47200.0 45.544839
47400.0 45.542841
47600.0 45.537578
47800.0 45.511663
48000.0 45.498022
48200.0 45.476075
48400.0 45.467184
48600.0 45.474208
48800.0 45.479159
49000.0 45.494639
49200.0 45.50331
49400.0 45.510218
49600.0 45.509212
49800.0 45.523134
50000.0 45.528
50200.0 45.539308
50400.0 45.533507
50600.0 45.548621
50800.0 45.547922
51000.0 45.553267
51200.0 45.554585
51400.0 45.553737
51600.0 45.555861
51800.0 45.55177
52000.0 45.537116
52200.0 45.531414
52400.0 45.524305
52600.0 45.524462
52800.0 45.50817
53000.0 45.503629
53200.0 45.492684
53400.0 45.485397
53600.0 45.48011
53800.0 45.482383
54000.0 45.498783
54200.0 45.487524
54400.0 45.519576
54600.0 45.523266
54800.0 45.536855
55000.0 45.534099
55200.0 45.532859
55400.0 45.527799
55600.0 45.532278
55800.0 45.536944
56000.0 45.525032
56200.0 45.53877
56400.0 45.533057
56600.0 45.536025
56800.0 45.531161
57000.0 45.534397
57200.0 45.536006
57400.0 45.527976
57600.0 45.525065
57800.0 45.521759
58000.0 45.523163
58200.0 45.512294
58400.0 45.507335
58600.0 45.497784
58800.0 45.496641
59000.0 45.497058
59200.0 45.50023
59400.0 45.512401
59600.0 45.518266
59800.0 45.526533
60000.0 45.541044
60200.0 45.541555
60400.0 45.554729
60600.0 45.563207
60800.0 45.571062
61000.0 45.560527
61200.0 45.561599
61400.0 45.555676
61600.0 45.558741
61800.0 45.5244
62000.0 45.529297
62200.0 45.517994
62400.0 45.50732
62600.0 45.502259
62800.0 45.508076
63000.0 45.495049
63200.0 45.508198
63400.0 45.506574
63600.0 45.502448
63800.0 45.518731
64000.0 45.521394
64200.0 45.527296
64400.0 45.529988
64600.0 45.531103
64800.0 45.546223
65000.0 45.536894
65200.0 45.538691
65400.0 45.549101
65600.0 45.541614
65800.0 45.550286
66000.0 45.544689
66200.0 45.539338
66400.0 45.53762
66600.0 45.530759
66800.0 45.532829
67000.0 45.525993
67200.0 45.517476
67400.0 45.521992
67600.0 45.517832
67800.0 45.514289
68000.0 45.518943
68200.0 45.516683
68400.0 45.526056
68600.0 45.521879
68800.0 45.516876
69000.0 45.519114
69200.0 45.521218
69400.0 45.520939
69600.0 45.523521
69800.0 45.524086
70000.0 45.534933
70200.0 45.531884
70400.0 45.533735
70600.0 45.535209
70800.0 45.545901
71000.0 45.531237
71200.0 45.537003
71400.0 45.528095
71600.0 45.532085
71800.0 45.519446
72000.0 45.535228
72200.0 45.51675
72400.0 45.52082
72600.0 45.515722
72800.0 45.521955
73000.0 45.5068
73200.0 45.519025
73400.0 45.518318
73600.0 45.527092
73800.0 45.527912
74000.0 45.537181
74200.0 45.52687
74400.0 45.54443
74600.0 45.531102
74800.0 45.543131
75000.0 45.544466
75200.0 45.545979
75400.0 45.549374
75600.0 45.56157
75800.0 45.551123
76000.0 45.552747
76200.0 45.547966
76400.0 45.548234
76600.0 45.539355
76800.0 45.535121
77000.0 45.526375
77200.0 45.525367
77400.0 45.512826
77600.0 45.519412
77800.0 45.516409
78000.0 45.514431
78200.0 45.516738
78400.0 45.516398
78600.0 45.52003
78800.0 45.51097
79000.0 45.521156
79200.0 45.52311
79400.0 45.524374
79600.0 45.535773
79800.0 45.529553
80000.0 45.5352
80200.0 45.552176
80400.0 45.551939
80600.0 45.553198
80800.0 45.555226
81000.0 45.551058
81200.0 45.550923
81400.0 45.526745
81600.0 45.533016
81800.0 45.51583
82000.0 45.512058
82200.0 45.492868
82400.0 45.496467
82600.0 45.499954
82800.0 45.485425
83000.0 45.49317
83200.0 45.506575
83400.0 45.49764
83600.0 45.511442
83800.0 45.519896
84000.0 45.526517
84200.0 45.538539
84400.0 45.54034
84600.0 45.550063
84800.0 45.55267
85000.0 45.536942
85200.0 45.539094
85400.0 45.542039
85600.0 45.521663
85800.0 45.532319
86000.0 45.522187
86200.0 45.518669
86400.0 45.524597
86600.0 45.528473
86800.0 45.518634
87000.0 45.528107
87200.0 45.536594
87400.0 45.533514
87600.0 45.530092
87800.0 45.542486
88000.0 45.528689
88200.0 45.537547
88400.0 45.53199
88600.0 45.532208
88800.0 45.53332
89000.0 45.52517
89200.0 45.524882
89400.0 45.529602
89600.0 45.526448
89800.0 45.530314
90000.0 45.529629
90200.0 45.534783
90400.0 45.52139
90600.0 45.539898
90800.0 45.531553
91000.0 45.535407
91200.0 45.533536
91400.0 45.531183
91600.0 45.524978
91800.0 45.515485
92000.0 45.511974
92200.0 45.504087
92400.0 45.502359
92600.0 45.499284
92800.0 45.503086
93000.0 45.512339
93200.0 45.508846
93400.0 45.522234
93600.0 45.525281
93800.0 45.539239
94000.0 45.53801
94200.0 45.552869
94400.0 45.558741
94600.0 45.550662
94800.0 45.56275
95000.0 45.560357
95200.0 45.55445
95400.0 45.543118
95600.0 45.54215
95800.0 45.525892
96000.0 45.524289
96200.0 45.515937
96400.0 45.504911
96600.0 45.509039
96800.0 45.505388
97000.0 45.500024
97200.0 45.505518
97400.0 45.502543
97600.0 45.513146
97800.0 45.515012
98000.0 45.517131
98200.0 45.519444
98400.0 45.534248
98600.0 45.536915
98800.0 45.540739
99000.0 45.540813
99200.0 45.561015
99400.0 45.542236
99600.0 45.5468
99800.0 45.556548
100000.0 45.543241
