0.0 -45.796565
200.0 63.604503
400.0 -35.418927
600.0 14.003653
800.0 -9.5966592
1000.0 36.292323
1200.0 -87.952017
1400.0 104.80442
1600.0 -37.077034
1800.0 -51.898428
2000.0 94.4268
2200.0 -39.910412
2400.0 -27.125107
2600.0 65.462773
2800.0 -40.88427
3000.0 4.716351
3200.0 6.2197035
3400.0 16.107584
3600.0 -6.7660817
3800.0 -31.881871
4000.0 73.266672
4200.0 -2.3444525
4400.0 -72.447784
4600.0 61.306894
4800.0 -19.694571
5000.0 13.917427
5200.0 -34.360111
5400.0 46.523525
5600.0 -18.771983
5800.0 33.337086
6000.0 -91.728489
6200.0 111.64021
6400.0 -18.375889
6600.0 -50.290688
6800.0 63.369671
7000.0 -38.056691
7200.0 34.488451
7400.0 -5.6766957
7600.0 -26.053235
7800.0 28.673937
8000.0 6.6728572
8200.0 -14.654572
8400.0 5.9489681
8600.0 -16.077021
8800.0 -7.6617842
9000.0 76.613361
9200.0 -84.436575
9400.0 9.2401819
9600.0 63.193674
9800.0 -50.757712
10000.0 14.815478
10200.0 24.447489
10400.0 -47.69807
10600.0 42.026248
10800.0 -17.910595
11000.0 -9.1081877
11200.0 28.097988
11400.0 -27.253109
11600.0 31.817562
11800.0 -15.255576
12000.0 0.97970333
12200.0 -1.5904116
12400.0 35.001933
12600.0 -32.074123
12800.0 14.243234
13000.0 -1.4323101
13200.0 2.220853
13400.0 -2.8666669
13600.0 41.789113
13800.0 -90.578068
14000.0 69.386039
14200.0 17.966035
14400.0 -92.911728
14600.0 94.65337
14800.0 -45.299788
15000.0 -20.175735
15200.0 78.744622
15400.0 -86.003134
15600.0 52.345691
15800.0 -6.7115166
16000.0 -47.376938
16200.0 72.197413
16400.0 -41.799561
16600.0 -7.2651457
16800.0 20.845344
17000.0 22.26365
17200.0 -24.308239
17400.0 -28.325773
17600.0 61.489801
17800.0 -27.165051
18000.0 -21.780202
18200.0 59.871757
18400.0 -64.890057
18600.0 35.479475
18800.0 34.505925
19000.0 -82.277269
19200.0 74.404097
19400.0 -33.341517
19600.0 -11.741305
19800.0 37.936255
20000.0 -54.830278
20200.0 64.411614
20400.0 -37.709254
20600.0 -1.7778237
20800.0 37.057946
21000.0 -61.478548
21200.0 29.044339
21400.0 29.967736
21600.0 -75.489985
21800.0 43.879282
22000.0 -4.2475907
22200.0 -8.6360644
22400.0 36.429899
22600.0 -19.428239
22800.0 -14.241687
23000.0 59.424916
23200.0 -92.525807
23400.0 65.00379
23600.0 26.052116
23800.0 -77.134439
24000.0 99.888402
24200.0 -71.393975
24400.0 11.121648
24600.0 34.079197
24800.0 -32.730068
25000.0 10.016681
25200.0 0.011532775
25400.0 5.8973576
25600.0 -4.5488905
25800.0 -6.7464736
26000.0 33.409847
26200.0 -23.267115
26400.0 7.1857346
26600.0 27.414078
26800.0 -33.5707
27000.0 15.263224
27200.0 16.680924
27400.0 -37.792806
27600.0 13.931674
27800.0 39.139052
28000.0 -44.229381
28200.0 16.159482
28400.0 -4.7354067
28600.0 14.332911
28800.0 -15.680519
29000.0 15.309381
29200.0 26.034601
29400.0 -59.043808
29600.0 48.093211
29800.0 -22.977537
30000.0 17.649164
30200.0 23.668309
30400.0 -23.754718
30600.0 24.897656
30800.0 -34.866794
31000.0 50.229493
31200.0 29.281584
31400.0 -99.807351
31600.0 43.763046
31800.0 57.95476
32000.0 -117.28116
32200.0 120.66715
32400.0 -35.506306
32600.0 -49.010354
32800.0 75.919043
33000.0 -38.910322
33200.0 -24.901827
33400.0 33.348027
33600.0 -24.557826
33800.0 57.01331
34000.0 -46.386224
34200.0 -12.336752
34400.0 61.160412
34600.0 -11.714597
34800.0 -49.592131
35000.0 74.469678
35200.0 -46.075286
35400.0 4.4989835
35600.0 -5.2076364
35800.0 32.461511
36000.0 -18.123174
36200.0 -17.77977
36400.0 40.821306
36600.0 0.62581478
36800.0 -12.201783
37000.0 34.138014
37200.0 -59.367533
37400.0 45.496274
37600.0 -9.6760602
37800.0 5.9365576
38000.0 -41.77292
38200.0 75.93073
38400.0 -67.642345
38600.0 39.013974
38800.0 -12.72742
39000.0 -36.856499
39200.0 105.21937
39400.0 -123.81088
39600.0 51.977279
39800.0 18.983739
40000.0 -64.765929
40200.0 65.545944
40400.0 -22.738203
40600.0 -7.1710895
40800.0 6.5712156
41000.0 5.4758653
41200.0 -14.867197
41400.0 18.303485
41600.0 8.2719991
41800.0 -66.945238
42000.0 99.333932
42200.0 -60.086969
42400.0 -0.84093553
42600.0 45.073314
42800.0 -32.294878
43000.0 16.540546
43200.0 6.6269688
43400.0 -17.458674
43600.0 14.461146
43800.0 8.7728752
44000.0 1.4653464
44200.0 -51.390212
44400.0 81.095342
44600.0 -41.21321
44800.0 -38.831056
45000.0 108.50588
45200.0 -98.114854
45400.0 31.467354
45600.0 23.327382
45800.0 -19.339943
46000.0 -43.024295
46200.0 79.999689
46400.0 -44.537677
46600.0 -16.307028
46800.0 89.969662
47000.0 -63.486106
47200.0 -23.717606
47400.0 61.161944
47600.0 -61.170964
47800.0 45.866837
48000.0 -3.3007762
48200.0 -40.557586
48400.0 29.95987
48600.0 -5.6363085
48800.0 -18.853422
49000.0 12.655733
49200.0 18.393164
49400.0 21.447915
49600.0 -66.499252
49800.0 18.194677
50000.0 76.556958
50200.0 -86.02113
50400.0 23.602657
50600.0 30.152047
50800.0 0.54880875
51000.0 -55.879324
51200.0 79.516441
51400.0 -56.454869
51600.0 1.0083967
51800.0 53.526465
52000.0 -46.208947
52200.0 6.0768575
52400.0 21.779507
52600.0 0.96546393
52800.0 -39.615742
53000.0 65.356988
53200.0 -14.463451
53400.0 -124.24611
53600.0 242.34812
53800.0 -153.11495
54000.0 12.288333
54200.0 48.431517
54400.0 -71.941791
54600.0 47.153062
54800.0 10.493606
55000.0 -59.780902
55200.0 57.9244
55400.0 -5.9735713
55600.0 -74.300296
55800.0 70.286825
56000.0 1.0512969
56200.0 -40.744967
56400.0 34.976039
56600.0 -13.563075
56800.0 25.85903
57000.0 -29.242441
57200.0 34.474499
57400.0 -47.091417
57600.0 59.889384
57800.0 -62.908744
58000.0 58.398077
58200.0 11.954526
58400.0 -81.272973
58600.0 64.53643
58800.0 34.684551
59000.0 -84.448249
59200.0 56.204026
59400.0 9.2076458
59600.0 -59.345546
59800.0 40.53961
60000.0 54.451619
60200.0 -156.21023
60400.0 151.93808
60600.0 -31.595348
60800.0 -88.360976
61000.0 73.795293
61200.0 16.967108
61400.0 -46.472374
61600.0 21.7544
61800.0 10.720232
62000.0 -32.805139
62200.0 39.236637
62400.0 -9.8004026
62600.0 -8.3635006
62800.0 30.85549
63000.0 -7.3794291
63200.0 -31.232524
63400.0 39.575352
63600.0 -10.658803
63800.0 14.361188
64000.0 -16.890914
64200.0 -15.362764
64400.0 -28.018523
64600.0 120.81203
64800.0 -141.73199
65000.0 54.840462
65200.0 31.943025
65400.0 -65.05784
65600.0 59.625242
65800.0 11.182805
66000.0 -65.429176
66200.0 35.781382
66400.0 48.729512
66600.0 -76.525171
66800.0 22.362045
67000.0 28.585768
67200.0 10.658109
67400.0 -66.573596
67600.0 111.1276
67800.0 -90.569601
68000.0 26.544613
68200.0 51.321458
68400.0 -54.189256
68600.0 20.51727
68800.0 8.9690631
69000.0 -27.445061
69200.0 15.450781
69400.0 16.524458
69600.0 -22.940016
69800.0 0.15675459
70000.0 28.684378
70200.0 -29.037523
70400.0 -12.127189
70600.0 79.521937
70800.0 -44.117664
71000.0 -57.230102
71200.0 114.83368
71400.0 -58.059456
71600.0 6.4919807
71800.0 9.2506296
72000.0 15.63615
72200.0 -31.318331
72400.0 14.359722
72600.0 13.112678
72800.0 -9.5449093
73000.0 16.327456
73200.0 -21.698114
73400.0 34.029006
73600.0 -3.7680226
73800.0 -28.255949
74000.0 37.329649
74200.0 -3.0566697
74400.0 -3.9452974
74600.0 -5.0273126
74800.0 12.051482
75000.0 7.0236377
75200.0 -16.097137
75400.0 -33.270589
75600.0 43.415469
75800.0 14.200715
76000.0 -50.559249
76200.0 70.504508
76400.0 -36.345374
76600.0 0.47245997
76800.0 -12.002152
77000.0 30.641354
77200.0 -21.621407
77400.0 17.047394
77600.0 -26.899782
77800.0 46.740479
78000.0 -37.623415
78200.0 -16.412609
78400.0 76.623493
78600.0 -76.810804
78800.0 2.5253565
79000.0 72.034303
79200.0 -65.915894
79400.0 -13.680528
79600.0 64.108696
79800.0 -38.861564
80000.0 -16.021565
80200.0 42.66456
80400.0 -6.4702981
80600.0 -26.806619
80800.0 44.032335
81000.0 -28.444184
81200.0 -12.978272
81400.0 59.139983
81600.0 -58.320094
81800.0 10.010472
82000.0 39.745395
82200.0 -66.00611
82400.0 47.868033
82600.0 -1.162344
82800.0 -14.716702
83000.0 -17.056819
83200.0 79.350175
83400.0 -67.218618
83600.0 -31.644071
83800.0 90.119808
84000.0 -53.643673
84200.0 -8.8081579
84400.0 38.04678
84600.0 -30.885495
84800.0 31.467226
85000.0 -3.4797111
85200.0 -50.476476
85400.0 52.417317
85600.0 -10.773769
85800.0 -24.935379
86000.0 65.873019
86200.0 -72.297944
86400.0 66.174505
86600.0 6.4884667
86800.0 -105.61323
87000.0 124.92584
87200.0 -62.616086
87400.0 -11.141211
87600.0 26.952453
87800.0 -11.043263
88000.0 6.521026
88200.0 13.683503
88400.0 -28.889584
88600.0 12.593299
88800.0 36.139002
89000.0 -71.365438
89200.0 102.9124
89400.0 -70.539604
89600.0 32.091745
89800.0 -15.656482
90000.0 37.512039
90200.0 -22.991784
90400.0 -29.588593
90600.0 76.674318
90800.0 -74.069796
91000.0 6.2670229
91200.0 31.203382
91400.0 23.85271
91600.0 -81.605385
91800.0 93.174009
92000.0 -36.492316
92200.0 -24.910318
92400.0 48.733726
92600.0 -28.690016
92800.0 -6.7420353
93000.0 11.340018
93200.0 18.950293
93400.0 -46.635882
93600.0 55.881976
93800.0 -5.6225548
94000.0 -20.839862
94200.0 14.716242
94400.0 -13.108563
94600.0 44.255031
94800.0 -56.400712
95000.0 15.535575
95200.0 19.63484
95400.0 -13.549819
95600.0 -6.7218305
95800.0 20.42344
96000.0 -20.838482
96200.0 53.181708
96400.0 -48.278267
96600.0 17.610362
96800.0 18.806588
97000.0 -38.451973
97200.0 61.319151
97400.0 -36.468926
97600.0 -35.119614
97800.0 81.41703
98000.0 -66.254702
98200.0 38.824048
98400.0 26.279156
98600.0 -31.029746
98800.0 -32.883869
99000.0 67.1164
99200.0 -63.66482
99400.0 1.8694472
99600.0 38.899358
99800.0 -11.515699
100000.0 3.860323
