0.0 1239.9763
200.0 1237.7133
400.0 1238.799
600.0 1242.889
800.0 1243.8727
1000.0 1244.3561
1200.0 1243.1606
1400.0 1243.8821
1600.0 1246.2936
1800.0 1252.2759
2000.0 1261.9516
2200.0 1270.6843
2400.0 1272.8196
2600.0 1266.1841
2800.0 1250.4344
3000.0 1232.0075
3200.0 1217.9201
3400.0 1215.778
3600.0 1225.6007
3800.0 1244.8186
4000.0 1270.5066
4200.0 1293.3324
4400.0 1300.3647
4600.0 1282.6652
4800.0 1243.1973
5000.0 1206.7568
5200.0 1196.2249
5400.0 1205.1831
5600.0 1227.8683
5800.0 1250.9248
6000.0 1265.8968
6200.0 1269.9224
6400.0 1262.7784
6600.0 1249.2928
6800.0 1234.4729
7000.0 1225.2018
7200.0 1224.2732
7400.0 1232.2621
7600.0 1249.9223
7800.0 1282.6349
8000.0 1308.4568
8200.0 1303.7024
8400.0 1281.0466
8600.0 1255.0372
8800.0 1236.5026
9000.0 1230.1569
9200.0 1232.6372
9400.0 1241.0621
9600.0 1253.037
9800.0 1262.1441
10000.0 1263.17
10200.0 1252.6175
10400.0 1227.4912
10600.0 1207.8391
10800.0 1203.9451
11000.0 1214.4976
11200.0 1234.8248
11400.0 1253.9506
11600.0 1263.3509
11800.0 1260.4978
12000.0 1247.1522
12200.0 1229.8845
12400.0 1216.5289
12600.0 1216.965
12800.0 1225.5359
13000.0 1237.8243
13200.0 1252.9757
13400.0 1261.9275
13600.0 1265.5033
13800.0 1259.8617
14000.0 1247.7417
14200.0 1233.5716
14400.0 1223.7039
14600.0 1221.5488
14800.0 1226.8068
15000.0 1243.3401
15200.0 1277.6125
15400.0 1305.3646
15600.0 1302.013
15800.0 1279.0531
16000.0 1250.8733
16200.0 1232.4119
16400.0 1226.5153
16600.0 1229.1836
16800.0 1237.8743
17000.0 1250.0087
17200.0 1261.3747
17400.0 1268.5414
17600.0 1267.0144
17800.0 1248.9699
18000.0 1223.9129
18200.0 1207.3459
18400.0 1207.2954
18600.0 1221.3889
18800.0 1245.2101
19000.0 1265.8994
19200.0 1278.0369
19400.0 1271.4914
19600.0 1249.0956
19800.0 1219.8496
20000.0 1195.642
20200.0 1191.9823
20400.0 1228.629
20600.0 1267.8522
20800.0 1281.4088
21000.0 1280.4167
21200.0 1266.3023
21400.0 1246.9742
21600.0 1231.4684
21800.0 1224.3831
22000.0 1225.9127
22200.0 1233.5583
22400.0 1245.5195
22600.0 1255.0498
22800.0 1265.5738
23000.0 1267.6409
23200.0 1261.0647
23400.0 1246.7099
23600.0 1226.8784
23800.0 1212.2072
24000.0 1209.5846
24200.0 1219.7855
24400.0 1244.4121
24600.0 1271.0154
24800.0 1282.8974
25000.0 1278.771
25200.0 1261.8282
25400.0 1240.6704
25600.0 1226.1089
25800.0 1221.5927
26000.0 1227.6678
26200.0 1235.4688
26400.0 1242.4842
26600.0 1249.5154
26800.0 1252.1562
27000.0 1252.013
27200.0 1247.8951
27400.0 1240.1306
27600.0 1232.5894
27800.0 1224.7406
28000.0 1221.7349
28200.0 1227.4891
28400.0 1245.0157
28600.0 1265.453
28800.0 1279.5449
29000.0 1282.7026
29200.0 1265.9457
29400.0 1237.2888
29600.0 1212.1096
29800.0 1201.872
30000.0 1206.9076
30200.0 1222.4957
30400.0 1238.2468
30600.0 1251.0078
30800.0 1259.4342
31000.0 1262.0165
31200.0 1259.442
31400.0 1249.4969
31600.0 1237.5088
31800.0 1226.4733
32000.0 1220.1862
32200.0 1221.3813
32400.0 1231.829
32600.0 1260.3386
32800.0 1283.2369
33000.0 1280.8859
33200.0 1262.5618
33400.0 1240.7731
33600.0 1226.5882
33800.0 1223.3179
34000.0 1233.0137
34200.0 1254.2442
34400.0 1283.4338
34600.0 1303.2079
34800.0 1302.0164
35000.0 1272.8558
35200.0 1240.9466
35400.0 1225.1685
35600.0 1224.2803
35800.0 1232.3625
36000.0 1245.1304
36200.0 1258.1138
36400.0 1270.2256
36600.0 1269.2447
36800.0 1253.9454
37000.0 1227.0326
37200.0 1201.5691
37400.0 1191.5762
37600.0 1201.4602
37800.0 1227.4995
38000.0 1251.04
38200.0 1263.3798
38400.0 1268.1991
38600.0 1261.3167
38800.0 1249.7068
39000.0 1233.815
39200.0 1222.0802
39400.0 1218.4972
39600.0 1223.7254
39800.0 1241.2558
40000.0 1265.7103
40200.0 1281.8553
40400.0 1280.1127
40600.0 1263.9173
40800.0 1239.6875
41000.0 1222.8034
41200.0 1219.7464
41400.0 1227.8146
41600.0 1241.4465
41800.0 1254.3301
42000.0 1263.297
42200.0 1263.1746
42400.0 1253.6528
42600.0 1238.6122
42800.0 1227.0071
43000.0 1221.2461
43200.0 1222.9718
43400.0 1231.8374
43600.0 1249.3211
43800.0 1269.5369
44000.0 1280.824
44200.0 1274.9696
44400.0 1253.0554
44600.0 1233.1137
44800.0 1217.3234
45000.0 1206.3359
45200.0 1204.8366
45400.0 1217.9703
45600.0 1239.9632
45800.0 1261.4083
46000.0 1274.6019
46200.0 1276.5731
46400.0 1263.5301
46600.0 1241.2224
46800.0 1220.3882
47000.0 1211.7729
47200.0 1216.4299
47400.0 1230.9006
47600.0 1248.2167
47800.0 1263.8067
48000.0 1266.5658
48200.0 1261.0922
48400.0 1250.0028
48600.0 1238.2239
48800.0 1228.3999
49000.0 1224.213
49200.0 1229.1518
49400.0 1244.8175
49600.0 1261.5293
49800.0 1275.4037
50000.0 1281.6882
50200.0 1279.0834
50400.0 1263.6459
50600.0 1257.0031
50800.0 1255.2279
51000.0 1253.5724
51200.0 1247.5443
51400.0 1238.6044
51600.0 1227.9285
51800.0 1220.2182
52000.0 1220.1624
52200.0 1229.7235
52400.0 1248.2384
52600.0 1258.2007
52800.0 1258.5758
53000.0 1254.1611
53200.0 1248.4811
53400.0 1243.9011
53600.0 1244.6578
53800.0 1245.5602
54000.0 1250.344
54200.0 1245.9603
54400.0 1229.8247
54600.0 1217.3628
54800.0 1216.4116
55000.0 1222.8885
55200.0 1232.8271
55400.0 1243.5674
55600.0 1251.922
55800.0 1260.0349
56000.0 1262.296
56200.0 1264.1572
56400.0 1267.8664
56600.0 1273.4921
56800.0 1281.4034
57000.0 1279.9882
57200.0 1270.237
57400.0 1251.8497
57600.0 1233.199
57800.0 1224.1034
58000.0 1225.1882
58200.0 1236.9419
58400.0 1248.8288
58600.0 1255.6748
58800.0 1251.6915
59000.0 1237.7941
59200.0 1215.3241
59400.0 1200.1972
59600.0 1201.6505
59800.0 1217.8588
60000.0 1243.174
60200.0 1261.6172
60400.0 1263.5279
60600.0 1256.2317
60800.0 1240.7318
61000.0 1226.8092
61200.0 1221.6627
61400.0 1231.843
61600.0 1258.8764
61800.0 1286.6224
62000.0 1295.4353
62200.0 1288.3005
62400.0 1274.7519
62600.0 1260.1804
62800.0 1247.734
63000.0 1240.7215
63200.0 1238.428
63400.0 1242.1247
63600.0 1248.8691
63800.0 1253.9302
64000.0 1249.1333
64200.0 1231.8317
64400.0 1211.5714
64600.0 1203.6602
64800.0 1205.241
65000.0 1214.816
65200.0 1225.453
65400.0 1229.1333
65600.0 1227.2285
65800.0 1229.2944
66000.0 1233.6884
66200.0 1241.2699
66400.0 1249.3986
66600.0 1256.1851
66800.0 1260.4489
67000.0 1260.1583
67200.0 1258.2707
67400.0 1253.9319
67600.0 1241.934
67800.0 1229.0022
68000.0 1230.3207
68200.0 1235.9106
68400.0 1241.925
68600.0 1243.7884
68800.0 1241.548
69000.0 1238.5043
69200.0 1233.9156
69400.0 1239.9762
69600.0 1255.6794
69800.0 1270.5538
70000.0 1275.4058
70200.0 1266.3845
70400.0 1252.8877
70600.0 1244.5427
70800.0 1238.5524
71000.0 1238.2195
71200.0 1242.1202
71400.0 1244.6371
71600.0 1234.7984
71800.0 1219.5369
72000.0 1209.6999
72200.0 1212.9984
72400.0 1223.1297
72600.0 1239.2656
72800.0 1254.2674
73000.0 1262.2769
73200.0 1257.2441
73400.0 1248.6228
73600.0 1240.4737
73800.0 1238.929
74000.0 1253.2784
74200.0 1280.1817
74400.0 1293.98
74600.0 1290.844
74800.0 1272.0543
75000.0 1249.1685
75200.0 1235.5641
75400.0 1234.2311
75600.0 1242.6741
75800.0 1252.3765
76000.0 1257.9551
76200.0 1256.008
76400.0 1243.8301
76600.0 1225.7595
76800.0 1207.7129
77000.0 1198.817
77200.0 1200.1905
77400.0 1227.3273
77600.0 1261.7055
77800.0 1275.0678
78000.0 1271.9446
78200.0 1257.9298
78400.0 1240.5169
78600.0 1225.036
78800.0 1218.2361
79000.0 1221.7843
79200.0 1238.7168
79400.0 1264.0057
79600.0 1284.5742
79800.0 1289.9476
80000.0 1276.4907
80200.0 1248.5728
80400.0 1224.6119
80600.0 1216.8075
80800.0 1221.7238
81000.0 1235.1103
81200.0 1252.4305
81400.0 1269.8641
81600.0 1278.3042
81800.0 1268.42
82000.0 1247.0918
82200.0 1225.9941
82400.0 1214.5149
82600.0 1212.3096
82800.0 1218.4771
83000.0 1228.5111
83200.0 1238.3171
83400.0 1244.1833
83600.0 1246.8144
83800.0 1247.9892
84000.0 1245.3658
84200.0 1245.0255
84400.0 1245.8467
84600.0 1248.8949
84800.0 1255.8005
85000.0 1267.8083
85200.0 1277.3398
85400.0 1275.3182
85600.0 1262.8067
85800.0 1242.2661
86000.0 1227.7969
86200.0 1222.8488
86400.0 1229.2055
86600.0 1240.9515
86800.0 1254.6954
87000.0 1262.0407
87200.0 1263.2688
87400.0 1249.2936
87600.0 1224.3707
87800.0 1202.349
88000.0 1194.7221
88200.0 1205.45
88400.0 1230.9878
88600.0 1255.5493
88800.0 1263.7355
89000.0 1261.6919
89200.0 1255.6374
89400.0 1242.4028
89600.0 1229.9211
89800.0 1224.0878
90000.0 1225.5786
90200.0 1243.0787
90400.0 1273.2605
90600.0 1300.2413
90800.0 1305.773
91000.0 1282.6531
91200.0 1244.8682
91400.0 1220.429
91600.0 1212.515
91800.0 1214.5359
92000.0 1230.9812
92200.0 1248.7374
92400.0 1265.0114
92600.0 1269.9977
92800.0 1265.6782
93000.0 1253.0245
93200.0 1236.9655
93400.0 1221.8243
93600.0 1215.682
93800.0 1219.355
94000.0 1237.5254
94200.0 1267.299
94400.0 1291.5529
94600.0 1296.0234
94800.0 1273.4894
95000.0 1239.0325
95200.0 1211.3434
95400.0 1198.3138
95600.0 1207.5376
95800.0 1228.5677
96000.0 1249.2294
96200.0 1263.9642
96400.0 1267.1691
96600.0 1261.4641
96800.0 1251.3134
97000.0 1238.5967
97200.0 1228.0332
97400.0 1224.5261
97600.0 1226.9854
97800.0 1245.9666
98000.0 1278.7028
98200.0 1304.7489
98400.0 1307.0047
98600.0 1278.7605
98800.0 1239.7811
99000.0 1215.902
99200.0 1210.0285
99400.0 1220.1352
99600.0 1240.774
99800.0 1261.6953
100000.0 1274.9151
