0.0 59.363245
200.0 60.357527
400.0 58.932808
600.0 61.374638
800.0 58.791271
1000.0 60.449172
1200.0 61.973357
1400.0 62.16882
1600.0 59.372662
1800.0 62.91308
2000.0 60.560756
2200.0 59.922588
2400.0 60.132534
2600.0 58.121639
2800.0 59.417627
3000.0 59.962766
3200.0 60.529408
3400.0 58.858583
3600.0 61.463675
3800.0 60.136267
4000.0 60.158731
4200.0 61.51726
4400.0 60.168296
4600.0 61.197545
4800.0 59.874976
5000.0 60.698851
5200.0 59.908086
5400.0 59.232555
5600.0 58.489907
5800.0 58.265869
6000.0 60.455278
6200.0 59.862442
6400.0 59.637167
6600.0 58.662815
6800.0 61.338785
7000.0 60.192818
7200.0 61.355777
7400.0 60.77671
7600.0 60.989936
7800.0 60.884752
8000.0 60.107828
8200.0 61.7085
8400.0 59.435532
8600.0 59.168472
8800.0 59.95892
9000.0 59.656069
9200.0 58.381155
9400.0 60.223087
9600.0 60.220344
9800.0 60.501671
10000.0 59.131846
10200.0 62.502844
10400.0 61.588809
10600.0 61.383014
10800.0 61.100649
11000.0 60.231582
11200.0 59.257591
11400.0 60.424073
11600.0 59.584119
11800.0 60.320636
12000.0 59.569864
12200.0 59.088265
12400.0 59.316737
12600.0 60.325247
12800.0 62.26214
13000.0 60.87601
13200.0 60.450368
13400.0 60.773005
13600.0 60.89512
13800.0 61.27648
14000.0 60.919948
14200.0 58.50268
14400.0 58.789249
14600.0 59.255975
14800.0 61.959513
15000.0 58.362577
15200.0 59.097055
15400.0 59.436352
15600.0 59.78808
15800.0 60.723385
16000.0 61.488463
16200.0 60.923421
16400.0 60.530334
16600.0 60.361765
16800.0 61.073201
17000.0 61.387186
17200.0 60.734901
17400.0 59.416601
17600.0 61.895667
17800.0 59.260905
18000.0 59.863521
18200.0 60.240855
18400.0 60.036372
18600.0 59.110462
18800.0 58.717708
19000.0 59.51773
19200.0 59.70997
19400.0 60.031305
19600.0 57.839284
19800.0 60.41327
20000.0 59.612311
20200.0 59.77437
20400.0 60.399439
20600.0 61.547769
20800.0 60.752343
21000.0 59.288248
21200.0 61.708947
21400.0 59.964847
21600.0 59.134097
21800.0 58.898635
22000.0 59.601332
22200.0 58.555112
22400.0 59.515016
22600.0 58.588268
22800.0 58.310261
23000.0 60.437499
23200.0 60.029801
23400.0 60.054711
23600.0 59.804474
23800.0 61.259875
24000.0 60.646796
24200.0 59.556074
24400.0 58.315761
24600.0 57.596243
24800.0 59.816502
25000.0 61.361277
25200.0 61.272031
25400.0 59.17055
25600.0 61.361932
25800.0 60.965172
26000.0 58.647934
26200.0 62.142738
26400.0 63.160092
26600.0 56.763892
26800.0 60.586695
27000.0 60.625625
27200.0 59.314099
27400.0 58.129364
27600.0 58.805319
27800.0 60.12432
28000.0 60.878518
28200.0 60.528475
28400.0 60.442406
28600.0 59.785158
28800.0 60.787021
29000.0 62.15432
29200.0 57.944094
29400.0 59.552046
29600.0 60.496374
29800.0 58.012818
30000.0 58.174803
30200.0 59.472009
30400.0 57.936985
30600.0 58.700948
30800.0 60.334921
31000.0 59.111736
31200.0 60.478418
31400.0 60.96676
31600.0 59.289548
31800.0 59.321633
32000.0 61.713345
32200.0 60.099233
32400.0 60.173021
32600.0 61.053358
32800.0 61.012757
33000.0 60.009179
33200.0 60.909909
33400.0 58.757758
33600.0 59.538136
33800.0 58.789073
34000.0 59.013224
34200.0 58.318979
34400.0 61.281225
34600.0 60.267649
34800.0 59.835904
35000.0 59.672018
35200.0 60.155598
35400.0 62.099461
35600.0 59.422124
35800.0 60.961083
36000.0 59.692132
36200.0 60.974137
36400.0 60.278734
36600.0 60.372362
36800.0 60.24982
37000.0 59.528927
37200.0 59.36501
37400.0 60.741122
37600.0 58.494009
37800.0 58.222265
38000.0 57.973099
38200.0 59.863141
38400.0 60.787363
38600.0 58.800697
38800.0 60.471397
39000.0 60.475712
39200.0 61.607756
39400.0 60.152477
39600.0 59.438603
39800.0 60.157139
40000.0 60.329059
40200.0 60.04607
40400.0 59.481961
40600.0 59.094234
40800.0 57.635499
41000.0 59.559219
41200.0 59.573454
41400.0 58.81587
41600.0 58.807556
41800.0 58.619379
42000.0 61.083862
42200.0 59.036811
42400.0 59.586795
42600.0 60.362025
42800.0 60.959753
43000.0 58.34413
43200.0 61.394168
43400.0 60.07882
43600.0 60.914506
43800.0 60.061347
44000.0 62.457526
44200.0 61.260875
44400.0 59.76285
44600.0 60.921839
44800.0 61.475528
45000.0 60.241277
45200.0 59.694825
45400.0 59.682514
45600.0 58.687548
45800.0 58.449658
46000.0 60.412511
46200.0 60.17344
46400.0 60.164721
46600.0 60.058242
46800.0 60.856596
47000.0 60.404813
47200.0 61.87198
47400.0 61.919258
47600.0 62.22777
47800.0 62.422658
48000.0 59.710379
48200.0 62.275185
48400.0 60.55503
48600.0 59.81926
48800.0 58.325904
49000.0 60.909759
49200.0 59.565838
49400.0 59.910432
49600.0 58.726894
49800.0 59.710815
50000.0 60.986962
50200.0 60.691107
50400.0 60.232848
50600.0 60.790632
50800.0 61.373425
51000.0 60.000335
51200.0 60.310394
51400.0 59.774132
51600.0 58.170485
51800.0 60.951763
52000.0 57.809506
52200.0 58.227671
52400.0 60.032622
52600.0 59.857275
52800.0 59.83197
53000.0 60.894392
53200.0 59.421442
53400.0 59.507422
53600.0 60.310109
53800.0 61.534962
54000.0 59.354792
54200.0 60.208263
54400.0 59.995894
54600.0 60.472131
54800.0 59.679939
55000.0 59.267768
55200.0 59.642729
55400.0 58.72266
55600.0 59.208323
55800.0 57.704654
56000.0 58.966023
56200.0 57.003868
56400.0 58.24911
56600.0 59.261857
56800.0 59.681498
57000.0 59.648498
57200.0 58.940234
57400.0 61.095041
57600.0 60.366778
57800.0 60.42946
58000.0 60.892288
58200.0 59.972959
58400.0 60.455848
58600.0 61.392613
58800.0 60.074807
59000.0 60.140617
59200.0 59.001189
59400.0 59.433824
59600.0 59.90915
59800.0 58.601638
60000.0 58.482448
60200.0 60.069356
60400.0 60.469269
60600.0 59.584617
60800.0 59.564766
61000.0 59.271097
61200.0 62.616455
61400.0 60.145746
61600.0 60.862658
61800.0 58.602016
62000.0 61.047369
62200.0 60.610244
62400.0 58.768542
62600.0 60.357487
62800.0 59.780246
63000.0 58.758902
63200.0 58.190147
63400.0 59.410431
63600.0 59.601628
63800.0 61.324798
64000.0 59.650818
64200.0 60.810417
64400.0 60.136847
64600.0 61.997322
64800.0 60.841295
65000.0 60.653533
65200.0 59.382856
65400.0 59.938656
65600.0 59.718826
65800.0 59.640047
66000.0 59.757914
66200.0 58.707149
66400.0 60.219567
66600.0 60.240884
66800.0 59.170619
67000.0 61.147262
67200.0 58.620569
67400.0 60.649928
67600.0 61.175212
67800.0 59.65823
68000.0 58.867994
68200.0 62.167867
68400.0 62.572111
68600.0 60.711645
68800.0 61.147809
69000.0 59.626843
69200.0 60.146204
69400.0 61.031446
69600.0 58.365665
69800.0 59.364715
70000.0 59.938711
70200.0 60.048575
70400.0 58.24107
70600.0 60.445313
70800.0 61.033963
71000.0 59.906653
71200.0 60.911316
71400.0 59.148972
71600.0 60.551581
71800.0 59.349094
72000.0 60.725701
72200.0 59.669338
72400.0 60.106197
72600.0 60.259966
72800.0 58.588884
73000.0 58.949708
73200.0 59.485061
73400.0 61.214878
73600.0 60.042084
73800.0 59.639557
74000.0 59.69016
74200.0 60.894512
74400.0 61.116944
74600.0 61.948253
74800.0 60.932794
75000.0 60.414506
75200.0 60.591149
75400.0 61.38362
75600.0 58.833121
75800.0 59.009798
76000.0 59.464938
76200.0 61.575227
76400.0 59.826174
76600.0 59.530163
76800.0 57.99157
77000.0 59.908429
77200.0 60.248953
77400.0 62.97155
77600.0 59.353637
77800.0 60.30757
78000.0 61.374834
78200.0 59.914173
78400.0 59.739839
78600.0 59.378242
78800.0 58.536955
79000.0 59.331162
79200.0 60.444183
79400.0 58.850259
79600.0 58.522055
79800.0 59.155986
80000.0 61.285771
80200.0 60.580933
80400.0 59.832442
80600.0 60.84656
80800.0 60.737834
81000.0 60.855825
81200.0 59.551029
81400.0 60.352839
81600.0 58.656885
81800.0 59.95209
82000.0 60.358187
82200.0 58.286127
82400.0 57.340538
82600.0 58.270209
82800.0 58.915505
83000.0 60.441004
83200.0 58.645995
83400.0 57.920981
83600.0 60.654719
83800.0 60.74571
84000.0 58.9802
84200.0 60.700759
84400.0 60.357786
84600.0 59.724881
84800.0 60.222705
85000.0 59.686848
85200.0 59.850818
85400.0 59.56949
85600.0 60.152427
85800.0 60.719294
86000.0 56.979401
86200.0 60.715164
86400.0 62.020783
86600.0 60.887025
86800.0 60.66041
87000.0 60.186484
87200.0 58.872092
87400.0 60.106081
87600.0 59.18426
87800.0 58.674325
88000.0 59.840964
88200.0 58.841929
88400.0 58.560576
88600.0 58.956937
88800.0 58.961997
89000.0 56.937044
89200.0 60.477097
89400.0 59.233873
89600.0 59.309138
89800.0 62.47484
90000.0 59.561752
90200.0 59.790722
90400.0 60.38972
90600.0 60.487716
90800.0 59.844983
91000.0 60.69249
91200.0 60.854952
91400.0 58.699008
91600.0 57.427765
91800.0 60.486951
92000.0 59.26362
92200.0 59.314214
92400.0 58.592112
92600.0 59.685097
92800.0 60.678008
93000.0 59.024227
93200.0 60.196324
93400.0 61.491306
93600.0 60.508067
93800.0 60.540141
94000.0 59.727187
94200.0 59.410133
94400.0 60.287467
94600.0 58.852165
94800.0 58.410186
95000.0 61.575438
95200.0 60.355575
95400.0 60.135796
95600.0 60.34573
95800.0 61.185954
96000.0 59.567257
96200.0 62.233083
96400.0 62.0841
96600.0 59.965345
96800.0 59.88931
97000.0 58.98623
97200.0 61.461844
97400.0 59.517771
97600.0 58.317666
97800.0 60.569328
98000.0 59.061834
98200.0 60.255178
98400.0 60.005432
98600.0 60.332405
98800.0 59.993135
99000.0 61.580017
99200.0 58.507249
99400.0 61.895645
99600.0 61.556107
99800.0 61.178797
100000.0 59.650431
