0.0 -5019.9887
200.0 -5016.3928
400.0 -5011.575
600.0 -5008.4653
800.0 -5007.8706
1000.0 -5008.8056
1200.0 -5010.1152
1400.0 -5012.1642
1600.0 -5015.3721
1800.0 -5018.7894
2000.0 -5020.2368
2200.0 -5020.6448
2400.0 -5020.9171
2600.0 -5020.7945
2800.0 -5020.9408
3000.0 -5019.9933
3200.0 -5017.1719
3400.0 -5014.0815
3600.0 -5012.5886
3800.0 -5012.0655
4000.0 -5011.4771
4200.0 -5011.2373
4400.0 -5012.9825
4600.0 -5018.4631
4800.0 -5023.7959
5000.0 -5026.4896
5200.0 -5027.138
5400.0 -5026.7929
5600.0 -5025.753
5800.0 -5022.656
6000.0 -5018.2416
6200.0 -5014.7704
6400.0 -5013.1937
6600.0 -5012.6491
6800.0 -5012.4309
7000.0 -5012.6324
7200.0 -5013.9021
7400.0 -5015.544
7600.0 -5019.0676
7800.0 -5024.4961
8000.0 -5028.1081
8200.0 -5029.5808
8400.0 -5029.1827
8600.0 -5027.5607
8800.0 -5025.0981
9000.0 -5022.7478
9200.0 -5021.9209
9400.0 -5021.3767
9600.0 -5019.3015
9800.0 -5017.679
10000.0 -5016.8494
10200.0 -5015.5208
10400.0 -5013.9162
10600.0 -5011.9646
10800.0 -5010.8917
11000.0 -5011.0349
11200.0 -5011.8588
11400.0 -5013.655
11600.0 -5016.8975
11800.0 -5020.6466
12000.0 -5023.8254
12200.0 -5025.7479
12400.0 -5026.4735
12600.0 -5025.6095
12800.0 -5022.7445
13000.0 -5018.654
13200.0 -5015.6136
13400.0 -5013.6841
13600.0 -5012.3814
13800.0 -5012.7342
14000.0 -5013.7249
14200.0 -5013.6384
14400.0 -5013.7787
14600.0 -5015.1309
14800.0 -5017.1431
15000.0 -5020.1953
15200.0 -5022.7115
15400.0 -5024.7569
15600.0 -5026.7241
15800.0 -5029.3077
16000.0 -5031.5343
16200.0 -5032.3375
16400.0 -5031.0717
16600.0 -5027.7239
16800.0 -5023.2086
17000.0 -5019.1371
17200.0 -5016.5611
17400.0 -5014.6573
17600.0 -5013.1127
17800.0 -5012.8099
18000.0 -5014.0734
18200.0 -5015.6209
18400.0 -5016.7087
18600.0 -5018.6598
18800.0 -5023.0494
19000.0 -5026.9688
19200.0 -5028.4682
19400.0 -5028.6683
19600.0 -5028.2261
19800.0 -5023.8828
20000.0 -5016.2472
20200.0 -5012.4615
20400.0 -5010.8208
20600.0 -5009.6401
20800.0 -5009.3403
21000.0 -5010.9728
21200.0 -5013.8099
21400.0 -5016.817
21600.0 -5019.9884
21800.0 -5022.6175
22000.0 -5024.7376
22200.0 -5024.3008
22400.0 -5022.5486
22600.0 -5021.4341
22800.0 -5021.478
23000.0 -5020.3595
23200.0 -5018.4981
23400.0 -5017.2126
23600.0 -5016.4551
23800.0 -5015.3907
24000.0 -5014.8806
24200.0 -5013.9333
24400.0 -5013.084
24600.0 -5011.9208
24800.0 -5009.8598
25000.0 -5007.9156
25200.0 -5008.1249
25400.0 -5009.8421
25600.0 -5012.5187
25800.0 -5015.9553
26000.0 -5019.3118
26200.0 -5021.6454
26400.0 -5022.5743
26600.0 -5022.6902
26800.0 -5022.3613
27000.0 -5020.0619
27200.0 -5017.0502
27400.0 -5014.0987
27600.0 -5011.1324
27800.0 -5008.6178
28000.0 -5005.01
28200.0 -4998.3754
28400.0 -4994.024
28600.0 -4993.4687
28800.0 -4996.5408
29000.0 -5001.8275
29200.0 -5005.5369
29400.0 -5008.7928
29600.0 -5011.2561
29800.0 -5014.0285
30000.0 -5017.7448
30200.0 -5020.8346
30400.0 -5022.7085
30600.0 -5023.1647
30800.0 -5022.5465
31000.0 -5020.4284
31200.0 -5016.6441
31400.0 -5013.516
31600.0 -5011.6346
31800.0 -5009.967
32000.0 -5009.345
32200.0 -5009.6653
32400.0 -5013.5
32600.0 -5019.9483
32800.0 -5024.5429
33000.0 -5026.5837
33200.0 -5026.7451
33400.0 -5026.1833
33600.0 -5025.1667
33800.0 -5022.496
34000.0 -5018.4247
34200.0 -5015.5464
34400.0 -5013.2157
34600.0 -5011.2813
34800.0 -5011.31
35000.0 -5012.038
35200.0 -5013.0595
35400.0 -5014.2918
35600.0 -5016.126
35800.0 -5017.3614
36000.0 -5017.6715
36200.0 -5017.5739
36400.0 -5017.4687
36600.0 -5017.3441
36800.0 -5017.2058
37000.0 -5017.5954
37200.0 -5018.0381
37400.0 -5017.7595
37600.0 -5017.5822
37800.0 -5018.1606
38000.0 -5018.1404
38200.0 -5017.8484
38400.0 -5016.9946
38600.0 -5015.2953
38800.0 -5011.9831
39000.0 -5009.4561
39200.0 -5008.6237
39400.0 -5008.8074
39600.0 -5010.1571
39800.0 -5012.8578
40000.0 -5017.3627
40200.0 -5020.8585
40400.0 -5022.6385
40600.0 -5023.4011
40800.0 -5023.7908
41000.0 -5023.3417
41200.0 -5022.4993
41400.0 -5020.5722
41600.0 -5017.2552
41800.0 -5013.8376
42000.0 -5011.6494
42200.0 -5011.7356
42400.0 -5012.515
42600.0 -5013.1313
42800.0 -5012.9796
43000.0 -5013.2829
43200.0 -5015.2756
43400.0 -5018.6551
43600.0 -5021.3434
43800.0 -5022.5658
44000.0 -5023.1815
44200.0 -5023.145
44400.0 -5022.5229
44600.0 -5020.5334
44800.0 -5017.208
45000.0 -5012.9992
45200.0 -5010.1031
45400.0 -5008.5596
45600.0 -5009.0555
45800.0 -5010.8413
46000.0 -5013.3787
46200.0 -5015.9682
46400.0 -5018.0283
46600.0 -5020.0636
46800.0 -5022.8988
47000.0 -5025.4842
47200.0 -5026.072
47400.0 -5025.1024
47600.0 -5022.0944
47800.0 -5015.0502
48000.0 -5009.5648
48200.0 -5006.5486
48400.0 -5005.9305
48600.0 -5006.6905
48800.0 -5009.019
49000.0 -5012.7812
49200.0 -5016.6428
49400.0 -5019.7631
49600.0 -5021.9824
49800.0 -5022.9502
50000.0 -5022.1236
50200.0 -5020.2263
50400.0 -5018.3586
50600.0 -5016.6286
50800.0 -5014.2163
51000.0 -5010.2216
51200.0 -5005.303
51400.0 -5000.4587
51600.0 -4998.919
51800.0 -4999.9891
52000.0 -5001.8781
52200.0 -5004.0378
52400.0 -5006.7568
52600.0 -5009.5457
52800.0 -5012.1782
53000.0 -5014.9331
53200.0 -5017.6489
53400.0 -5020.1565
53600.0 -5021.7376
53800.0 -5022.8258
54000.0 -5022.6363
54200.0 -5021.7428
54400.0 -5020.8163
54600.0 -5017.4381
54800.0 -5011.2223
55000.0 -5007.7526
55200.0 -5006.4658
55400.0 -5006.9169
55600.0 -5008.5319
55800.0 -5010.8099
56000.0 -5013.9971
56200.0 -5016.8383
56400.0 -5018.5591
56600.0 -5020.2531
56800.0 -5021.1941
57000.0 -5020.586
57200.0 -5019.746
57400.0 -5019.6836
57600.0 -5018.4924
57800.0 -5017.6413
58000.0 -5017.4745
58200.0 -5017.8883
58400.0 -5017.3668
58600.0 -5016.0777
58800.0 -5014.1052
59000.0 -5011.0344
59200.0 -5006.0237
59400.0 -5001.4225
59600.0 -4999.2351
59800.0 -4999.693
60000.0 -5003.1627
60200.0 -5008.4297
60400.0 -5012.8749
60600.0 -5015.7193
60800.0 -5017.3168
61000.0 -5018.2817
61200.0 -5018.351
61400.0 -5017.8811
61600.0 -5018.7808
61800.0 -5019.8021
62000.0 -5019.4799
62200.0 -5018.7718
62400.0 -5017.7224
62600.0 -5016.1056
62800.0 -5013.6159
63000.0 -5010.9334
63200.0 -5009.0381
63400.0 -5008.0308
63600.0 -5008.4591
63800.0 -5009.989
64000.0 -5011.9422
64200.0 -5016.4082
64400.0 -5021.6351
64600.0 -5024.0507
64800.0 -5024.4178
65000.0 -5023.9639
65200.0 -5023.7851
65400.0 -5022.3476
65600.0 -5019.1562
65800.0 -5015.8799
66000.0 -5013.9431
66200.0 -5012.3404
66400.0 -5011.0201
66600.0 -5010.7703
66800.0 -5011.3684
67000.0 -5011.4373
67200.0 -5012.7991
67400.0 -5015.2913
67600.0 -5017.1721
67800.0 -5018.1699
68000.0 -5019.0262
68200.0 -5019.9847
68400.0 -5020.2159
68600.0 -5020.6605
68800.0 -5022.256
69000.0 -5023.3344
69200.0 -5023.9891
69400.0 -5025.3236
69600.0 -5024.9072
69800.0 -5022.0096
70000.0 -5018.1213
70200.0 -5014.7827
70400.0 -5011.7958
70600.0 -5010.0892
70800.0 -5009.9652
71000.0 -5010.6836
71200.0 -5011.9772
71400.0 -5013.95
71600.0 -5018.6272
71800.0 -5024.803
72000.0 -5028.3725
72200.0 -5029.26
72400.0 -5029.2054
72600.0 -5027.5214
72800.0 -5024.2386
73000.0 -5020.8242
73200.0 -5018.021
73400.0 -5016.0064
73600.0 -5014.9708
73800.0 -5014.5545
74000.0 -5014.6312
74200.0 -5014.6292
74400.0 -5014.6887
74600.0 -5015.512
74800.0 -5018.6815
75000.0 -5024.1059
75200.0 -5029.0097
75400.0 -5030.735
75600.0 -5030.1981
75800.0 -5028.7543
76000.0 -5026.0383
76200.0 -5022.4387
76400.0 -5019.7759
76600.0 -5018.6181
76800.0 -5017.719
77000.0 -5016.7922
77200.0 -5016.0395
77400.0 -5014.9672
77600.0 -5014.4582
77800.0 -5014.5359
78000.0 -5014.4473
78200.0 -5015.1727
78400.0 -5016.3565
78600.0 -5018.6858
78800.0 -5021.6569
79000.0 -5024.4532
79200.0 -5026.642
79400.0 -5027.7015
79600.0 -5027.2665
79800.0 -5024.7124
80000.0 -5019.5897
80200.0 -5015.1156
80400.0 -5012.9294
80600.0 -5012.331
80800.0 -5012.7988
81000.0 -5013.9117
81200.0 -5015.1304
81400.0 -5016.7257
81600.0 -5018.2906
81800.0 -5020.3831
82000.0 -5024.2759
82200.0 -5028.5781
82400.0 -5031.4977
82600.0 -5032.5442
82800.0 -5031.4464
83000.0 -5028.5634
83200.0 -5023.9902
83400.0 -5019.1112
83600.0 -5017.282
83800.0 -5015.8915
84000.0 -5014.6204
84200.0 -5014.2455
84400.0 -5015.5736
84600.0 -5016.641
84800.0 -5017.0883
85000.0 -5018.0845
85200.0 -5019.4893
85400.0 -5019.9585
85600.0 -5018.7928
85800.0 -5018.7071
86000.0 -5019.1867
86200.0 -5019.1648
86400.0 -5019.0089
86600.0 -5018.2983
86800.0 -5017.2362
87000.0 -5015.9857
87200.0 -5013.8927
87400.0 -5011.1536
87600.0 -5008.4871
87800.0 -5007.2389
88000.0 -5008.2684
88200.0 -5011.1777
88400.0 -5015.8887
88600.0 -5020.4849
88800.0 -5023.3125
89000.0 -5024.4748
89200.0 -5024.2232
89400.0 -5023.4482
89600.0 -5021.9602
89800.0 -5019.9381
90000.0 -5017.7663
90200.0 -5015.1543
90400.0 -5011.9639
90600.0 -5010.0938
90800.0 -5010.3275
91000.0 -5010.807
91200.0 -5010.0639
91400.0 -5010.9716
91600.0 -5014.1508
91800.0 -5016.5179
92000.0 -5018.3177
92200.0 -5021.1965
92400.0 -5022.7881
92600.0 -5023.1483
92800.0 -5023.8887
93000.0 -5024.636
93200.0 -5023.0647
93400.0 -5019.1212
93600.0 -5014.8253
93800.0 -5012.4294
94000.0 -5011.0933
94200.0 -5010.0379
94400.0 -5010.6129
94600.0 -5012.1534
94800.0 -5014.4682
95000.0 -5018.5796
95200.0 -5025.2826
95400.0 -5028.6465
95600.0 -5028.9781
95800.0 -5027.9889
96000.0 -5026.2711
96200.0 -5023.8201
96400.0 -5020.7715
96600.0 -5017.0884
96800.0 -5013.7594
97000.0 -5012.2841
97200.0 -5012.4122
97400.0 -5012.8816
97600.0 -5013.9651
97800.0 -5016.0911
98000.0 -5019.3044
98200.0 -5022.7584
98400.0 -5025.4502
98600.0 -5027.8653
98800.0 -5030.3561
99000.0 -5033.5683
99200.0 -5036.6219
99400.0 -5037.8823
99600.0 -5035.6325
99800.0 -5030.3381
100000.0 -5026.0585
