0.0 46.986519
200.0 46.994099
400.0 47.074852
600.0 46.916068
800.0 46.985198
1000.0 47.016984
1200.0 46.97572
1400.0 47.038315
1600.0 46.983972
1800.0 47.037348
2000.0 46.984744
2200.0 47.04419
2400.0 46.996044
2600.0 46.984905
2800.0 47.034103
3000.0 47.056364
3200.0 46.982108
3400.0 46.956629
3600.0 46.871846
3800.0 46.974869
4000.0 46.942841
4200.0 46.918529
4400.0 46.969422
4600.0 46.937875
4800.0 47.037239
5000.0 46.937772
5200.0 46.990501
5400.0 46.953399
5600.0 47.028117
5800.0 46.985043
6000.0 47.048905
6200.0 46.944431
6400.0 47.059198
6600.0 47.021116
6800.0 47.073362
7000.0 47.037916
7200.0 47.131824
7400.0 47.051953
7600.0 47.087041
7800.0 47.123131
8000.0 46.97778
8200.0 46.996075
8400.0 46.966708
8600.0 46.951775
8800.0 47.023637
9000.0 46.973444
9200.0 47.004233
9400.0 47.001316
9600.0 46.962637
9800.0 47.035796
10000.0 46.996481
10200.0 47.070883
10400.0 46.954176
10600.0 47.078735
10800.0 46.962728
11000.0 47.127161
11200.0 47.020604
11400.0 47.063825
11600.0 47.068413
11800.0 47.096186
12000.0 47.038432
12200.0 46.981855
12400.0 47.10055
12600.0 46.947332
12800.0 47.044861
13000.0 46.976194
13200.0 46.992186
13400.0 46.992127
13600.0 46.960455
13800.0 46.955265
14000.0 46.998394
14200.0 46.938242
14400.0 47.011775
14600.0 46.952378
14800.0 46.924521
15000.0 47.034159
15200.0 46.976578
15400.0 47.036821
15600.0 47.041895
15800.0 47.047743
16000.0 47.050178
16200.0 47.022263
16400.0 47.05263
16600.0 47.037919
16800.0 47.037156
17000.0 46.990884
17200.0 47.027677
17400.0 46.974436
17600.0 46.938902
17800.0 46.931199
18000.0 46.977738
18200.0 46.942963
18400.0 46.99533
18600.0 46.916162
18800.0 47.01772
19000.0 46.992696
19200.0 47.079522
19400.0 47.085709
19600.0 47.035916
19800.0 47.120726
20000.0 47.001917
20200.0 47.123317
20400.0 46.952909
20600.0 47.078432
20800.0 46.971006
21000.0 47.042222
21200.0 46.956764
21400.0 46.968839
21600.0 47.029772
21800.0 46.933942
22000.0 47.031977
22200.0 46.926034
22400.0 47.022791
22600.0 46.974648
22800.0 47.10564
23000.0 46.969044
23200.0 47.131538
23400.0 46.994901
23600.0 47.059584
23800.0 47.055534
24000.0 47.016339
24200.0 47.059014
24400.0 46.976744
24600.0 47.049631
24800.0 46.944853
25000.0 47.022518
25200.0 46.978561
25400.0 46.960416
25600.0 47.013392
25800.0 46.953977
26000.0 46.901469
26200.0 46.954961
26400.0 46.860235
26600.0 46.97693
26800.0 46.877276
27000.0 46.980964
27200.0 46.954781
27400.0 47.042478
27600.0 46.90733
27800.0 47.076994
28000.0 46.958057
28200.0 47.060283
28400.0 46.976806
28600.0 47.134318
28800.0 47.025391
29000.0 47.107389
29200.0 47.030511
29400.0 47.045007
29600.0 47.014063
29800.0 47.092507
30000.0 47.000886
30200.0 47.050846
30400.0 47.00356
30600.0 47.042204
30800.0 47.018113
31000.0 46.987285
31200.0 47.036232
31400.0 46.907935
31600.0 47.031148
31800.0 46.91958
32000.0 46.953287
32200.0 46.955805
32400.0 46.971879
32600.0 46.96288
32800.0 46.942849
33000.0 47.021755
33200.0 46.951999
33400.0 47.028299
33600.0 46.983425
33800.0 47.003814
34000.0 47.017809
34200.0 47.016765
34400.0 47.037254
34600.0 47.061695
34800.0 47.090597
35000.0 47.048001
35200.0 47.094795
35400.0 47.123029
35600.0 47.082887
35800.0 47.06456
36000.0 47.097558
36200.0 46.991773
36400.0 47.009112
36600.0 47.012763
36800.0 47.067472
37000.0 47.044909
37200.0 46.940672
37400.0 47.011607
37600.0 47.005035
37800.0 47.00618
38000.0 46.964693
38200.0 46.982843
38400.0 46.982395
38600.0 47.007832
38800.0 46.897715
39000.0 47.040212
39200.0 46.983816
39400.0 46.982288
39600.0 47.047539
39800.0 47.023602
40000.0 47.075464
40200.0 46.98429
40400.0 47.077116
40600.0 47.013572
40800.0 47.078611
41000.0 46.933692
41200.0 47.109938
41400.0 46.914644
41600.0 47.046985
41800.0 46.927102
42000.0 46.95876
42200.0 47.027352
42400.0 46.983063
42600.0 46.97826
42800.0 46.997581
43000.0 46.986876
43200.0 47.025071
43400.0 46.993002
43600.0 46.970603
43800.0 47.024721
44000.0 47.039659
44200.0 46.957757
44400.0 47.099463
44600.0 46.998534
44800.0 47.051308
45000.0 47.09426
45200.0 47.021767
45400.0 47.161076
45600.0 47.016416
45800.0 47.097017
46000.0 46.950562
46200.0 47.094611
46400.0 46.941019
46600.0 47.038229
46800.0 47.003465
47000.0 46.983129
47200.0 46.95241
47400.0 47.04685
47600.0 47.021996
47800.0 47.002738
48000.0 46.991989
48200.0 47.057451
48400.0 47.027581
48600.0 47.093712
48800.0 47.026146
49000.0 47.073365
49200.0 47.066591
49400.0 47.088957
49600.0 47.133626
49800.0 47.112039
50000.0 47.090041
50200.0 47.032776
50400.0 47.053478
50600.0 46.942979
50800.0 47.001933
51000.0 46.944114
51200.0 46.949215
51400.0 47.023315
51600.0 46.958014
51800.0 46.987361
52000.0 46.96599
52200.0 47.022883
52400.0 47.018778
52600.0 47.043526
52800.0 47.067752
53000.0 47.009089
53200.0 47.076601
53400.0 47.015565
53600.0 47.029986
53800.0 47.06863
54000.0 46.98883
54200.0 47.039357
54400.0 47.018634
54600.0 47.01841
54800.0 46.983389
55000.0 47.010635
55200.0 46.954639
55400.0 47.034783
55600.0 46.895292
55800.0 46.972773
56000.0 46.973346
56200.0 46.97072
56400.0 46.976803
56600.0 47.038309
56800.0 47.001066
57000.0 47.04969
57200.0 47.049902
57400.0 47.056015
57600.0 47.066329
57800.0 46.998379
58000.0 47.084581
58200.0 47.044748
58400.0 47.018271
58600.0 47.024346
58800.0 47.055358
59000.0 46.934511
59200.0 46.988625
59400.0 46.970411
59600.0 46.96795
59800.0 46.930836
60000.0 47.004801
60200.0 46.958658
60400.0 46.996554
60600.0 47.01119
60800.0 47.102637
61000.0 47.053806
61200.0 47.046736
61400.0 47.06277
61600.0 47.121222
61800.0 46.97003
62000.0 47.086688
62200.0 46.953865
62400.0 47.124101
62600.0 46.91626
62800.0 47.07069
63000.0 46.945081
63200.0 47.02498
63400.0 46.953968
63600.0 47.034781
63800.0 46.993441
64000.0 46.946414
64200.0 47.03394
64400.0 46.989273
64600.0 47.010791
64800.0 47.072415
65000.0 47.043982
65200.0 47.04146
65400.0 47.050578
65600.0 47.090223
65800.0 46.980988
66000.0 47.055647
66200.0 47.006251
66400.0 46.997576
66600.0 46.986229
66800.0 46.993443
67000.0 47.020748
67200.0 47.017992
67400.0 46.921828
67600.0 47.10244
67800.0 46.964877
68000.0 47.084404
68200.0 46.997111
68400.0 47.03796
68600.0 47.064531
68800.0 47.125089
69000.0 47.030448
69200.0 47.114553
69400.0 47.034288
69600.0 47.077123
69800.0 46.985748
70000.0 47.11774
70200.0 46.973073
70400.0 47.022143
70600.0 47.05817
70800.0 47.01758
71000.0 46.938028
71200.0 47.014977
71400.0 46.997385
71600.0 46.957945
71800.0 46.956146
72000.0 46.919375
72200.0 46.929265
72400.0 46.929207
72600.0 46.897008
72800.0 46.92588
73000.0 46.930044
73200.0 46.946488
73400.0 46.948184
73600.0 47.035325
73800.0 46.924
74000.0 47.014875
74200.0 46.999171
74400.0 47.048794
74600.0 46.966864
74800.0 47.061866
75000.0 47.032264
75200.0 47.063243
75400.0 47.059195
75600.0 47.084976
75800.0 47.064037
76000.0 47.194368
76200.0 47.037165
76400.0 47.109411
76600.0 47.027486
76800.0 47.092817
77000.0 47.063142
77200.0 47.080076
77400.0 47.003814
77600.0 46.99822
77800.0 47.01963
78000.0 46.98649
78200.0 47.019232
78400.0 46.964696
78600.0 46.978949
78800.0 47.014342
79000.0 46.987185
79200.0 46.981297
79400.0 47.063137
79600.0 47.013518
79800.0 47.081668
80000.0 47.054547
80200.0 47.12537
80400.0 47.035722
80600.0 47.066905
80800.0 47.007732
81000.0 47.095594
81200.0 47.035339
81400.0 47.003824
81600.0 47.00339
81800.0 47.018032
82000.0 47.021933
82200.0 46.965588
82400.0 47.011715
82600.0 46.980052
82800.0 46.951886
83000.0 47.055556
83200.0 46.910857
83400.0 46.996969
83600.0 46.985936
83800.0 47.039096
84000.0 47.023545
84200.0 47.049761
84400.0 47.037232
84600.0 47.057087
84800.0 47.098321
85000.0 47.000609
85200.0 47.076365
85400.0 46.956623
85600.0 46.996862
85800.0 46.942602
86000.0 46.977117
86200.0 46.953542
86400.0 46.944319
86600.0 46.962441
86800.0 46.964153
87000.0 47.015891
87200.0 46.957059
87400.0 47.03811
87600.0 46.994886
87800.0 47.09982
88000.0 47.053794
88200.0 47.035572
88400.0 47.087056
88600.0 46.996542
88800.0 47.129164
89000.0 46.959321
89200.0 47.017498
89400.0 46.989747
89600.0 46.961653
89800.0 46.97313
90000.0 46.954645
90200.0 47.028551
90400.0 46.958539
90600.0 47.091984
90800.0 46.918762
91000.0 47.079123
91200.0 47.046346
91400.0 47.087843
91600.0 47.026541
91800.0 47.023908
92000.0 47.062526
92200.0 46.977691
92400.0 47.044709
92600.0 46.963351
92800.0 47.052427
93000.0 46.952
93200.0 46.96126
93400.0 47.044714
93600.0 46.95586
93800.0 47.032877
94000.0 46.980032
94200.0 46.992769
94400.0 47.047402
94600.0 46.955487
94800.0 47.068467
95000.0 46.959962
95200.0 47.09826
95400.0 46.9727
95600.0 47.128528
95800.0 46.980424
96000.0 47.096628
96200.0 47.0155
96400.0 47.043899
96600.0 46.984133
96800.0 47.005506
97000.0 47.009851
97200.0 46.942244
97400.0 47.041473
97600.0 46.953095
97800.0 47.024171
98000.0 46.900793
98200.0 47.038183
98400.0 46.989036
98600.0 47.068643
98800.0 46.963115
99000.0 47.023005
99200.0 47.023827
99400.0 47.025933
99600.0 47.028491
99800.0 47.031428
100000.0 46.970795
