0.0 -146.24592
200.0 111.42269
400.0 -66.837028
600.0 27.504468
800.0 21.187931
1000.0 -58.507792
1200.0 48.818856
1400.0 -8.6976748
1600.0 -12.843579
1800.0 -6.6140553
2000.0 41.499828
2200.0 -35.806829
2400.0 43.646245
2600.0 -36.715375
2800.0 54.169727
3000.0 -55.600615
3200.0 28.045912
3400.0 5.444493
3600.0 -55.058489
3800.0 75.69106
4000.0 -22.251759
4200.0 -24.443732
4400.0 52.752806
4600.0 -39.646351
4800.0 33.50778
5000.0 25.568179
5200.0 -70.68089
5400.0 60.209446
5600.0 9.092675
5800.0 -81.258944
6000.0 54.530888
6200.0 17.267426
6400.0 -55.161584
6600.0 57.725936
6800.0 -20.911139
7000.0 -12.89296
7200.0 46.002867
7400.0 -31.693855
7600.0 44.696251
7800.0 -58.191918
8000.0 33.684284
8200.0 32.862685
8400.0 -27.962448
8600.0 -0.21316029
8800.0 18.680617
9000.0 -20.754578
9200.0 -15.049737
9400.0 31.288337
9600.0 18.459782
9800.0 -93.416936
10000.0 121.17739
10200.0 -74.63827
10400.0 -19.909722
10600.0 78.776054
10800.0 -112.26713
11000.0 104.79804
11200.0 0.5147074
11400.0 -72.212081
11600.0 97.775485
11800.0 -67.309828
12000.0 44.338904
12200.0 -36.687826
12400.0 9.4699745
12600.0 -6.1868191
12800.0 37.628842
13000.0 -56.142364
13200.0 38.078281
13400.0 -23.395587
13600.0 23.341266
13800.0 -16.792687
14000.0 -10.083948
14200.0 25.208834
14400.0 -27.521862
14600.0 -3.6181301
14800.0 46.685891
15000.0 -45.497054
15200.0 49.828866
15400.0 -25.831347
15600.0 17.32383
15800.0 -15.499156
16000.0 1.4002745
16200.0 38.338099
16400.0 -14.337994
16600.0 0.081880218
16800.0 41.833748
17000.0 -75.526027
17200.0 105.47592
17400.0 -77.37012
17600.0 5.9469489
17800.0 47.299081
18000.0 -30.465528
18200.0 21.721029
18400.0 -51.412189
18600.0 70.17708
18800.0 -62.752131
19000.0 39.27119
19200.0 7.9537634
19400.0 -42.399876
19600.0 36.020058
19800.0 -34.423781
20000.0 53.334531
20200.0 -71.834667
20400.0 45.664276
20600.0 9.9163064
20800.0 -76.493425
21000.0 99.232954
21200.0 -41.092852
21400.0 -37.146119
21600.0 91.486673
21800.0 -92.088268
22000.0 53.481792
22200.0 15.354945
22400.0 -94.715306
22600.0 127.91743
22800.0 -58.29178
23000.0 -62.483761
23200.0 103.53091
23400.0 -47.48418
23600.0 2.281892
23800.0 -17.241597
24000.0 37.485251
24200.0 -51.578452
24400.0 73.089856
24600.0 -34.180668
24800.0 -33.565109
25000.0 79.171162
25200.0 -80.873548
25400.0 25.870369
25600.0 24.878142
25800.0 -26.521647
26000.0 28.38322
26200.0 -13.422021
26400.0 -4.73386
26600.0 -7.5477332
26800.0 34.453807
27000.0 -39.922995
27200.0 44.43434
27400.0 -42.912863
27600.0 31.014803
27800.0 -1.9479578
28000.0 -10.162365
28200.0 -1.906818
28400.0 30.894781
28600.0 -67.446504
28800.0 66.853359
29000.0 -37.160422
29200.0 1.3110455
29400.0 46.679002
29600.0 -85.532662
29800.0 69.649093
30000.0 1.9391607
30200.0 -97.364146
30400.0 105.99374
30600.0 -48.818149
30800.0 -25.534078
31000.0 67.135892
31200.0 -86.131744
31400.0 66.89477
31600.0 -2.2264662
31800.0 -19.113446
32000.0 9.896223
32200.0 -17.648086
32400.0 39.673918
32600.0 -26.74237
32800.0 -1.8116765
33000.0 35.135893
33200.0 -18.000571
33400.0 5.9269954
33600.0 5.1701921
33800.0 -1.2789512
34000.0 16.879186
34200.0 -57.532701
34400.0 77.464135
34600.0 -40.960712
34800.0 -31.731564
35000.0 97.558405
35200.0 -104.11173
35400.0 59.424452
35600.0 -9.1599034
35800.0 -14.724267
36000.0 57.860746
36200.0 -94.23079
36400.0 157.21222
36600.0 -144.16967
36800.0 48.497816
37000.0 39.154529
37200.0 -61.521316
37400.0 56.672695
37600.0 -32.585559
37800.0 -2.4900941
38000.0 17.929966
38200.0 -8.8995007
38400.0 -39.374176
38600.0 57.819505
38800.0 -24.573281
39000.0 38.32569
39200.0 23.304858
39400.0 -102.0962
39600.0 160.3651
39800.0 -104.37466
40000.0 -21.8299
40200.0 112.53847
40400.0 -101.65679
40600.0 30.266194
40800.0 30.947936
41000.0 -48.893773
41200.0 49.67818
41400.0 7.8477856
41600.0 -14.160232
41800.0 41.991657
42000.0 -90.467159
42200.0 96.515461
42400.0 -32.289391
42600.0 -43.667775
42800.0 72.739137
43000.0 -56.946718
43200.0 69.334037
43400.0 -69.466073
43600.0 64.935529
43800.0 -52.94821
44000.0 3.2326538
44200.0 36.280312
44400.0 -39.118084
44600.0 23.175372
44800.0 -18.290436
45000.0 5.0057915
45200.0 16.711677
45400.0 -16.889411
45600.0 26.835882
45800.0 -5.9579956
46000.0 -16.950445
46200.0 33.914904
46400.0 -56.044492
46600.0 78.731997
46800.0 -61.138802
47000.0 -3.9782306
47200.0 44.915948
47400.0 -48.800028
47600.0 36.015274
47800.0 -13.047532
48000.0 24.889607
48200.0 -40.953559
48400.0 39.532194
48600.0 -12.377828
48800.0 -30.642002
49000.0 79.285979
49200.0 -73.988978
49400.0 35.925155
49600.0 -3.3541636
49800.0 -12.794813
50000.0 9.5363628
50200.0 -13.780341
50400.0 33.5153
50600.0 -11.886399
50800.0 -0.9902071
51000.0 -11.17014
51200.0 2.3177685
51400.0 44.561747
51600.0 -37.632882
51800.0 23.091292
52000.0 -9.5229916
52200.0 -9.7718726
52400.0 1.0433898
52600.0 8.1200315
52800.0 32.579286
53000.0 -15.072339
53200.0 -25.61265
53400.0 11.838524
53600.0 17.277436
53800.0 -44.439149
54000.0 44.102066
54200.0 -25.928566
54400.0 4.1075933
54600.0 50.014688
54800.0 -101.94906
55000.0 135.03951
55200.0 -85.789682
55400.0 26.382797
55600.0 31.19943
55800.0 -73.470133
56000.0 74.514326
56200.0 -35.38873
56400.0 33.952743
56600.0 -14.229675
56800.0 17.995807
57000.0 -30.267196
57200.0 15.580801
57400.0 -22.32524
57600.0 3.4321393
57800.0 31.535721
58000.0 -11.822869
58200.0 -9.2462159
58400.0 17.90661
58600.0 -6.5209355
58800.0 18.685566
59000.0 -10.778396
59200.0 -17.821327
59400.0 49.841129
59600.0 -71.79076
59800.0 38.73381
60000.0 24.068428
60200.0 -66.308754
60400.0 60.232064
60600.0 -40.184859
60800.0 23.727466
61000.0 10.051308
61200.0 -43.340242
61400.0 78.993319
61600.0 -85.325044
61800.0 57.293906
62000.0 -26.851761
62200.0 16.427013
62400.0 8.1336234
62600.0 -37.951045
62800.0 55.172845
63000.0 -66.321132
63200.0 51.36993
63400.0 31.69351
63600.0 -110.77852
63800.0 94.173688
64000.0 -53.892658
64200.0 19.49304
64400.0 2.9938739
64600.0 -14.257206
64800.0 41.18492
65000.0 -30.026713
65200.0 -3.3917725
65400.0 54.769324
65600.0 -80.740338
65800.0 89.491091
66000.0 -64.735156
66200.0 27.917516
66400.0 72.579525
66600.0 -113.57301
66800.0 46.732624
67000.0 46.966355
67200.0 -100.59404
67400.0 123.57942
67600.0 -100.81947
67800.0 37.228865
68000.0 3.4504415
68200.0 -23.176392
68400.0 32.210941
68600.0 -34.402937
68800.0 36.987461
69000.0 5.8569633
69200.0 1.7391734
69400.0 -43.379834
69600.0 38.814902
69800.0 -9.284504
70000.0 2.2526739
70200.0 -12.883675
70400.0 -45.115397
70600.0 112.20294
70800.0 -140.23882
71000.0 148.07514
71200.0 -47.87755
71400.0 -34.552103
71600.0 26.955598
71800.0 6.8793254
72000.0 -9.7391943
72200.0 31.695585
72400.0 -46.868021
72600.0 29.443111
72800.0 -5.873029
73000.0 -8.3309184
73200.0 -8.3717833
73400.0 18.731088
73600.0 -3.5190352
73800.0 4.2524227
74000.0 13.195604
74200.0 -14.723721
74400.0 30.431285
74600.0 -19.530524
74800.0 -19.114817
75000.0 30.219572
75200.0 -49.208168
75400.0 26.491611
75600.0 42.935437
75800.0 -83.37118
76000.0 82.569732
76200.0 -22.998575
76400.0 -74.657426
76600.0 88.744023
76800.0 -62.960529
77000.0 12.075178
77200.0 40.353806
77400.0 -65.973751
77600.0 68.731173
77800.0 -51.703075
78000.0 17.246838
78200.0 24.121272
78400.0 -52.19953
78600.0 74.186716
78800.0 -98.638224
79000.0 106.56098
79200.0 -52.018886
79400.0 -17.097324
79600.0 70.656384
79800.0 -89.749968
80000.0 64.903626
80200.0 -4.6696629
80400.0 -75.933754
80600.0 89.543108
80800.0 -73.945756
81000.0 14.426584
81200.0 21.040043
81400.0 -22.393467
81600.0 27.483251
81800.0 14.224183
82000.0 -55.131979
82200.0 61.05452
82400.0 -7.5742076
82600.0 -59.66446
82800.0 95.516497
83000.0 -81.661038
83200.0 34.904173
83400.0 3.5346234
83600.0 -5.1440764
83800.0 25.431634
84000.0 -1.626852
84200.0 -28.141462
84400.0 50.959596
84600.0 6.1533006
84800.0 -55.46244
85000.0 78.175225
85200.0 -71.448993
85400.0 55.529315
85600.0 -16.493123
85800.0 -25.026847
86000.0 85.895654
86200.0 -146.2938
86400.0 98.181436
86600.0 -3.184037
86800.0 -41.869272
87000.0 86.074831
87200.0 -73.937827
87400.0 38.191378
87600.0 -20.269381
87800.0 18.772061
88000.0 -7.2864423
88200.0 43.672567
88400.0 -36.674765
88600.0 18.919845
88800.0 -10.154432
89000.0 -14.774006
89200.0 34.323976
89400.0 -37.014533
89600.0 52.731123
89800.0 -79.461063
90000.0 99.446418
90200.0 -70.781871
90400.0 16.854262
90600.0 21.707829
90800.0 -20.59014
91000.0 38.992985
91200.0 -6.1164714
91400.0 -61.996585
91600.0 98.495605
91800.0 -62.20562
92000.0 15.62967
92200.0 19.234639
92400.0 -3.4169721
92600.0 -32.909051
92800.0 42.264709
93000.0 8.1034835
93200.0 -34.159331
93400.0 25.915619
93600.0 -8.2295283
93800.0 -42.646837
94000.0 76.792042
94200.0 -75.978721
94400.0 73.084659
94600.0 -33.264017
94800.0 -9.1546507
95000.0 30.040341
95200.0 2.5838918
95400.0 -12.133626
95600.0 3.3226479
95800.0 16.723096
96000.0 -23.722648
96200.0 -0.21815376
96400.0 21.019696
96600.0 -6.9711945
96800.0 -32.095215
97000.0 76.555704
97200.0 -97.036436
97400.0 49.518134
97600.0 48.008069
97800.0 -106.5864
98000.0 103.70892
98200.0 -58.103389
98400.0 8.8029082
98600.0 45.71023
98800.0 -96.732515
99000.0 52.952081
99200.0 20.901298
99400.0 -75.443944
99600.0 67.51627
99800.0 -27.922313
100000.0 -3.4166036
