0.0 -1765.7229
200.0 -1773.9355
400.0 -1768.0102
600.0 -1744.5238
800.0 -1720.6382
1000.0 -1715.5348
1200.0 -1716.715
1400.0 -1717.6247
1600.0 -1712.5286
1800.0 -1699.8641
2000.0 -1685.5631
2200.0 -1671.2652
2400.0 -1659.2787
2600.0 -1650.3397
2800.0 -1643.889
3000.0 -1642.8935
3200.0 -1646.2021
3400.0 -1649.9754
3600.0 -1649.7664
3800.0 -1638.3964
4000.0 -1609.7652
4200.0 -1586.9015
4400.0 -1585.3904
4600.0 -1594.0779
4800.0 -1602.3133
5000.0 -1613.0009
5200.0 -1624.8666
5400.0 -1641.4506
5600.0 -1661.6638
5800.0 -1679.1808
6000.0 -1692.9521
6200.0 -1700.3396
6400.0 -1702.5937
6600.0 -1697.9447
6800.0 -1691.8488
7000.0 -1683.4467
7200.0 -1670.9459
7400.0 -1657.9587
7600.0 -1644.5339
7800.0 -1632.0658
8000.0 -1620.7118
8200.0 -1607.6676
8400.0 -1593.0358
8600.0 -1581.7651
8800.0 -1576.8026
9000.0 -1577.1573
9200.0 -1579.8748
9400.0 -1587.788
9600.0 -1596.3765
9800.0 -1609.55
10000.0 -1626.072
10200.0 -1641.7685
10400.0 -1655.2587
10600.0 -1666.0229
10800.0 -1673.3632
11000.0 -1673.5103
11200.0 -1667.6976
11400.0 -1653.8109
11600.0 -1639.0174
11800.0 -1630.599
12000.0 -1622.0153
12200.0 -1611.8443
12400.0 -1599.6631
12600.0 -1589.2544
12800.0 -1579.0657
13000.0 -1572.7407
13200.0 -1568.4086
13400.0 -1567.0111
13600.0 -1570.7104
13800.0 -1578.3547
14000.0 -1594.6964
14200.0 -1611.7989
14400.0 -1621.3611
14600.0 -1619.9216
14800.0 -1610.1856
15000.0 -1588.6666
15200.0 -1566.3902
15400.0 -1556.8335
15600.0 -1560.376
15800.0 -1567.5112
16000.0 -1573.7473
16200.0 -1579.3201
16400.0 -1587.8077
16600.0 -1598.0578
16800.0 -1600.8981
17000.0 -1595.475
17200.0 -1585.8071
17400.0 -1581.0799
17600.0 -1586.007
17800.0 -1596.5769
18000.0 -1608.0952
18200.0 -1617.6049
18400.0 -1623.7764
18600.0 -1626.0628
18800.0 -1626.9419
19000.0 -1625.5962
19200.0 -1624.5763
19400.0 -1621.4786
19600.0 -1617.2672
19800.0 -1615.9051
20000.0 -1619.0917
20200.0 -1626.4139
20400.0 -1641.5246
20600.0 -1665.3762
20800.0 -1687.0212
21000.0 -1698.012
21200.0 -1703.5664
21400.0 -1703.793
21600.0 -1693.0036
21800.0 -1675.0674
22000.0 -1662.8887
22200.0 -1658.7387
22400.0 -1655.087
22600.0 -1648.2377
22800.0 -1636.3947
23000.0 -1626.7724
23200.0 -1620.1231
23400.0 -1617.3906
23600.0 -1617.3548
23800.0 -1608.2173
24000.0 -1587.8037
24200.0 -1562.8312
24400.0 -1552.3019
24600.0 -1549.5425
24800.0 -1551.9263
25000.0 -1556.1421
25200.0 -1563.2207
25400.0 -1569.9219
25600.0 -1576.2997
25800.0 -1581.4532
26000.0 -1594.8095
26200.0 -1619.0629
26400.0 -1641.7215
26600.0 -1655.9606
26800.0 -1668.1939
27000.0 -1679.4854
27200.0 -1688.2421
27400.0 -1694.7738
27600.0 -1701.4213
27800.0 -1702.8794
28000.0 -1694.6437
28200.0 -1675.4136
28400.0 -1653.2192
28600.0 -1636.187
28800.0 -1626.4294
29000.0 -1617.4136
29200.0 -1609.4087
29400.0 -1604.417
29600.0 -1603.3224
29800.0 -1609.488
30000.0 -1625.4671
30200.0 -1639.7788
30400.0 -1645.4795
30600.0 -1642.832
30800.0 -1636.7678
31000.0 -1635.8229
31200.0 -1633.4577
31400.0 -1625.5328
31600.0 -1605.5634
31800.0 -1589.7261
32000.0 -1581.9329
32200.0 -1576.8378
32400.0 -1573.8609
32600.0 -1573.64
32800.0 -1578.5307
33000.0 -1585.5017
33200.0 -1595.1209
33400.0 -1606.3032
33600.0 -1620.85
33800.0 -1640.3866
34000.0 -1654.5401
34200.0 -1665.6034
34400.0 -1669.7345
34600.0 -1671.0433
34800.0 -1669.925
35000.0 -1664.784
35200.0 -1657.7971
35400.0 -1648.4019
35600.0 -1641.0849
35800.0 -1638.0261
36000.0 -1636.8244
36200.0 -1634.802
36400.0 -1632.249
36600.0 -1629.8362
36800.0 -1627.003
37000.0 -1622.0225
37200.0 -1612.2407
37400.0 -1593.377
37600.0 -1572.5348
37800.0 -1562.7885
38000.0 -1564.4129
38200.0 -1572.6484
38400.0 -1574.6767
38600.0 -1574.1857
38800.0 -1576.5018
39000.0 -1589.1063
39200.0 -1604.2931
39400.0 -1612.1603
39600.0 -1612.7609
39800.0 -1610.2118
40000.0 -1600.9479
40200.0 -1585.713
40400.0 -1573.3546
40600.0 -1568.7074
40800.0 -1576.1771
41000.0 -1588.7248
41200.0 -1595.9381
41400.0 -1601.4501
41600.0 -1606.4518
41800.0 -1618.3336
42000.0 -1629.5907
42200.0 -1634.3855
42400.0 -1637.094
42600.0 -1640.5849
42800.0 -1650.7701
43000.0 -1663.98
43200.0 -1673.1983
43400.0 -1675.5975
43600.0 -1668.8133
43800.0 -1657.4363
44000.0 -1649.3501
44200.0 -1646.073
44400.0 -1644.0328
44600.0 -1645.2328
44800.0 -1647.5135
45000.0 -1655.185
45200.0 -1662.0109
45400.0 -1666.353
45600.0 -1666.3401
45800.0 -1655.3886
46000.0 -1626.1902
46200.0 -1602.2614
46400.0 -1593.0283
46600.0 -1585.6482
46800.0 -1578.472
47000.0 -1572.7176
47200.0 -1571.4759
47400.0 -1579.4655
47600.0 -1597.1132
47800.0 -1615.674
48000.0 -1626.891
48200.0 -1634.2696
48400.0 -1641.438
48600.0 -1648.2185
48800.0 -1650.4933
49000.0 -1645.3116
49200.0 -1633.6683
49400.0 -1620.7667
49600.0 -1612.9297
49800.0 -1612.1204
50000.0 -1614.15
50200.0 -1613.7551
50400.0 -1611.8062
50600.0 -1610.2597
50800.0 -1616.678
51000.0 -1631.7627
51200.0 -1652.5265
51400.0 -1670.91
51600.0 -1678.725
51800.0 -1674.8938
52000.0 -1665.5575
52200.0 -1654.4688
52400.0 -1646.7081
52600.0 -1640.7451
52800.0 -1635.4851
53000.0 -1635.1191
53200.0 -1640.6303
53400.0 -1650.3883
53600.0 -1661.3963
53800.0 -1669.2145
54000.0 -1674.3988
54200.0 -1675.0545
54400.0 -1666.2466
54600.0 -1651.8614
54800.0 -1639.1727
55000.0 -1635.0288
55200.0 -1634.381
55400.0 -1639.1976
55600.0 -1655.9526
55800.0 -1683.3813
56000.0 -1701.5747
56200.0 -1708.2826
56400.0 -1708.2644
56600.0 -1702.4469
56800.0 -1688.0269
57000.0 -1670.1419
57200.0 -1657.7676
57400.0 -1647.1586
57600.0 -1641.3553
57800.0 -1636.7011
58000.0 -1636.6046
58200.0 -1645.9476
58400.0 -1659.1552
58600.0 -1674.9816
58800.0 -1687.842
59000.0 -1694.2014
59200.0 -1696.7264
59400.0 -1696.0715
59600.0 -1699.8895
59800.0 -1710.2194
60000.0 -1715.8706
60200.0 -1710.0737
60400.0 -1686.1303
60600.0 -1664.1459
60800.0 -1649.6482
61000.0 -1637.4667
61200.0 -1625.4727
61400.0 -1610.5594
61600.0 -1599.984
61800.0 -1595.3042
62000.0 -1598.2315
62200.0 -1606.3277
62400.0 -1616.5417
62600.0 -1627.5184
62800.0 -1644.2394
63000.0 -1660.7323
63200.0 -1673.3068
63400.0 -1676.914
63600.0 -1673.2688
63800.0 -1664.3859
64000.0 -1654.9197
64200.0 -1648.3725
64400.0 -1646.9699
64600.0 -1648.6539
64800.0 -1648.6629
65000.0 -1645.7865
65200.0 -1637.4498
65400.0 -1630.5155
65600.0 -1620.6502
65800.0 -1600.1084
66000.0 -1581.447
66200.0 -1572.8311
66400.0 -1571.3029
66600.0 -1572.1681
66800.0 -1574.3376
67000.0 -1580.9439
67200.0 -1593.719
67400.0 -1615.7145
67600.0 -1641.8235
67800.0 -1658.3074
68000.0 -1663.1359
68200.0 -1661.8512
68400.0 -1655.9134
68600.0 -1649.7856
68800.0 -1646.4629
69000.0 -1648.4329
69200.0 -1657.1358
69400.0 -1673.6805
69600.0 -1692.5931
69800.0 -1702.9218
70000.0 -1703.3026
70200.0 -1692.9339
70400.0 -1674.4464
70600.0 -1654.7327
70800.0 -1647.4446
71000.0 -1651.2977
71200.0 -1655.3832
71400.0 -1657.1458
71600.0 -1659.2753
71800.0 -1662.0466
72000.0 -1668.9977
72200.0 -1677.1941
72400.0 -1686.8086
72600.0 -1697.8119
72800.0 -1708.2711
73000.0 -1718.1486
73200.0 -1721.7648
73400.0 -1710.521
73600.0 -1680.7003
73800.0 -1661.6652
74000.0 -1653.8436
74200.0 -1647.2557
74400.0 -1638.0006
74600.0 -1626.4631
74800.0 -1617.015
75000.0 -1613.4719
75200.0 -1616.2724
75400.0 -1629.9891
75600.0 -1647.8776
75800.0 -1656.3133
76000.0 -1658.6029
76200.0 -1655.2601
76400.0 -1651.8038
76600.0 -1644.8384
76800.0 -1624.9015
77000.0 -1590.4252
77200.0 -1575.7571
77400.0 -1574.6363
77600.0 -1580.1536
77800.0 -1590.3624
78000.0 -1600.2425
78200.0 -1606.8293
78400.0 -1613.0133
78600.0 -1623.6367
78800.0 -1644.0521
79000.0 -1658.7208
79200.0 -1663.0324
79400.0 -1661.153
79600.0 -1657.8497
79800.0 -1653.7464
80000.0 -1643.7118
80200.0 -1627.8618
80400.0 -1614.2049
80600.0 -1609.3759
80800.0 -1609.8312
81000.0 -1611.0213
81200.0 -1607.9962
81400.0 -1605.3173
81600.0 -1599.6477
81800.0 -1596.0195
82000.0 -1595.4533
82200.0 -1597.3526
82400.0 -1600.266
82600.0 -1598.8759
82800.0 -1592.2304
83000.0 -1584.553
83200.0 -1582.3886
83400.0 -1583.6734
83600.0 -1584.6352
83800.0 -1579.1866
84000.0 -1567.0135
84200.0 -1553.7582
84400.0 -1544.1156
84600.0 -1533.9676
84800.0 -1525.0536
85000.0 -1514.4469
85200.0 -1509.6046
85400.0 -1517.6888
85600.0 -1542.4272
85800.0 -1565.4426
86000.0 -1578.2165
86200.0 -1586.1051
86400.0 -1592.2085
86600.0 -1596.378
86800.0 -1592.7091
87000.0 -1581.5393
87200.0 -1564.9103
87400.0 -1548.803
87600.0 -1537.4417
87800.0 -1528.4582
88000.0 -1523.7639
88200.0 -1524.3662
88400.0 -1529.8418
88600.0 -1538.8339
88800.0 -1542.3647
89000.0 -1543.4641
89200.0 -1541.1338
89400.0 -1546.185
89600.0 -1561.0003
89800.0 -1578.6994
90000.0 -1596.7188
90200.0 -1611.879
90400.0 -1623.4279
90600.0 -1628.6448
90800.0 -1629.8557
91000.0 -1630.6131
91200.0 -1633.0698
91400.0 -1633.0292
91600.0 -1629.6045
91800.0 -1623.692
92000.0 -1619.8111
92200.0 -1624.5691
92400.0 -1635.0626
92600.0 -1645.8523
92800.0 -1651.2261
93000.0 -1647.2649
93200.0 -1637.8238
93400.0 -1621.3091
93600.0 -1604.6153
93800.0 -1592.6859
94000.0 -1586.4003
94200.0 -1584.2395
94400.0 -1583.6221
94600.0 -1582.1126
94800.0 -1577.5511
95000.0 -1572.6428
95200.0 -1575.2065
95400.0 -1581.5472
95600.0 -1587.9406
95800.0 -1591.0902
96000.0 -1592.6314
96200.0 -1590.9184
96400.0 -1588.1241
96600.0 -1584.0718
96800.0 -1581.0158
97000.0 -1587.6081
97200.0 -1600.894
97400.0 -1623.5192
97600.0 -1639.685
97800.0 -1648.7095
98000.0 -1652.0796
98200.0 -1647.4608
98400.0 -1634.2109
98600.0 -1617.6045
98800.0 -1607.813
99000.0 -1606.1737
99200.0 -1606.8775
99400.0 -1600.7374
99600.0 -1590.1148
99800.0 -1579.6867
100000.0 -1573.9525
