0.0 21.119878
200.0 12.752328
400.0 3.8513717
600.0 -20.941032
800.0 6.8171622
1000.0 -19.749583
1200.0 -6.8324965
1400.0 104.58817
1600.0 -89.510056
1800.0 -60.319834
2000.0 102.87083
2200.0 -17.964428
2400.0 -17.501536
2600.0 12.428011
2800.0 -6.8010924
3000.0 43.155372
3200.0 28.252603
3400.0 -76.37329
3600.0 14.541008
3800.0 52.342942
4000.0 -33.192576
4200.0 13.97407
4400.0 -1.0270951
4600.0 -34.322444
4800.0 82.054575
5000.0 -52.990064
5200.0 -17.082562
5400.0 -8.0126876
5600.0 38.212366
5800.0 18.470139
6000.0 -32.097948
6200.0 -29.187066
6400.0 4.6630605
6600.0 18.92687
6800.0 0.44900266
7000.0 24.915602
7200.0 -84.553388
7400.0 55.981845
7600.0 -14.77466
7800.0 21.497534
8000.0 -31.52375
8200.0 -15.162376
8400.0 53.589011
8600.0 -10.288588
8800.0 -14.368785
9000.0 -14.162467
9200.0 23.356877
9400.0 18.122189
9600.0 -15.607244
9800.0 20.080847
10000.0 -35.795538
10200.0 3.5639539
10400.0 -7.6508203
10600.0 33.621868
10800.0 -16.181884
11000.0 -10.110565
11200.0 -3.4383763
11400.0 23.472966
11600.0 -29.346321
11800.0 27.906568
12000.0 -8.8616198
12200.0 4.648792
12400.0 29.964527
12600.0 -55.639163
12800.0 -12.03621
13000.0 85.604536
13200.0 -24.186292
13400.0 -12.516325
13600.0 2.6767114
13800.0 3.3072582
14000.0 14.695901
14200.0 -71.278273
14400.0 -1.0884902
14600.0 65.615473
14800.0 12.361565
15000.0 -63.843652
15200.0 27.505081
15400.0 24.869285
15600.0 -9.2692508
15800.0 -25.712663
16000.0 24.755207
16200.0 12.064101
16400.0 -9.9937692
16600.0 17.880293
16800.0 -31.696648
17000.0 -8.1658237
17200.0 15.634987
17400.0 0.98705476
17600.0 20.17254
17800.0 -9.3742702
18000.0 -50.782386
18200.0 33.380093
18400.0 50.570091
18600.0 -40.592012
18800.0 0.47602027
19000.0 -17.264512
19200.0 -27.508982
19400.0 75.310484
19600.0 -30.532112
19800.0 -33.74657
20000.0 31.403566
20200.0 -28.814291
20400.0 8.01022
20600.0 -7.0087735
20800.0 52.13375
21000.0 -9.7781931
21200.0 12.512127
21400.0 -44.844913
21600.0 42.068185
21800.0 17.939744
22000.0 -36.764812
22200.0 32.651317
22400.0 -65.820487
22600.0 64.211359
22800.0 10.022907
23000.0 -16.447988
23200.0 -13.455421
23400.0 -30.522449
23600.0 30.944888
23800.0 8.6669369
24000.0 -33.012614
24200.0 56.439954
24400.0 -11.615496
24600.0 -47.462715
24800.0 19.673353
25000.0 36.451407
25200.0 -32.591384
25400.0 -33.737352
25600.0 27.875911
25800.0 -6.8598298
26000.0 1.7242376
26200.0 16.842804
26400.0 -61.391355
26600.0 26.561992
26800.0 36.598523
27000.0 6.2894319
27200.0 -13.351075
27400.0 -10.035455
27600.0 21.292973
27800.0 -8.8869803
28000.0 1.3129203
28200.0 -3.8211639
28400.0 16.579364
28600.0 -27.695962
28800.0 -4.0520625
29000.0 16.503062
29200.0 9.3395389
29400.0 12.278069
29600.0 -5.1738188
29800.0 -23.347811
30000.0 46.060741
30200.0 -25.688996
30400.0 -4.3683962
30600.0 16.708548
30800.0 -28.850244
31000.0 42.592801
31200.0 7.8884537
31400.0 -27.201522
31600.0 -51.734538
31800.0 62.611816
32000.0 45.595912
32200.0 -84.2906
32400.0 6.9875581
32600.0 8.9276014
32800.0 22.576247
33000.0 -32.026827
33200.0 -7.6290523
33400.0 16.447447
33600.0 18.129295
33800.0 -19.886928
34000.0 19.860693
34200.0 -15.16913
34400.0 -1.9153662
34600.0 39.579449
34800.0 -34.237306
35000.0 -9.0382727
35200.0 20.595815
35400.0 14.41144
35600.0 7.7522458
35800.0 -63.673498
36000.0 27.77354
36200.0 24.478464
36400.0 -59.982951
36600.0 42.243362
36800.0 2.0271758
37000.0 -24.916058
37200.0 -25.640145
37400.0 48.803628
37600.0 3.5209801
37800.0 -16.531295
38000.0 4.2364091
38200.0 -18.041816
38400.0 49.026415
38600.0 -14.954642
38800.0 14.538457
39000.0 -47.634881
39200.0 59.994475
39400.0 -11.196257
39600.0 -58.364209
39800.0 -4.0080605
40000.0 64.597983
40200.0 -36.768151
40400.0 16.410094
40600.0 -12.135653
40800.0 35.845603
41000.0 -13.357555
41200.0 -19.372451
41400.0 -12.220505
41600.0 45.302816
41800.0 -23.460123
42000.0 -46.904834
42200.0 88.86494
42400.0 25.707831
42600.0 -44.442306
42800.0 -2.5983103
43000.0 -2.7198558
43200.0 21.776023
43400.0 -31.780765
43600.0 26.144594
43800.0 25.251546
44000.0 -38.688234
44200.0 -9.5359807
44400.0 66.741629
44600.0 -36.511369
44800.0 -25.494647
45000.0 34.845075
45200.0 16.803529
45400.0 -2.1514422
45600.0 -41.844565
45800.0 -7.590779
46000.0 35.118825
46200.0 -0.98628664
46400.0 -69.167482
46600.0 0.0084801297
46800.0 55.893076
47000.0 -33.010651
47200.0 9.7201537
47400.0 4.0492598
47600.0 -16.566173
47800.0 -31.365197
48000.0 55.550081
48200.0 8.3822657
48400.0 -40.231823
48600.0 -1.2739701
48800.0 20.615895
49000.0 -5.4408462
49200.0 26.945235
49400.0 -35.674406
49600.0 -5.0318256
49800.0 36.18632
50000.0 -46.210804
50200.0 10.347299
50400.0 52.012068
50600.0 -52.03763
50800.0 -17.788257
51000.0 25.47857
51200.0 11.098776
51400.0 -31.799296
51600.0 0.3752046
51800.0 19.778025
52000.0 -41.87202
52200.0 6.466758
52400.0 28.468553
52600.0 -6.2722419
52800.0 4.0533606
53000.0 7.802595
53200.0 -9.5871797
53400.0 -14.863813
53600.0 21.538001
53800.0 0.22740025
54000.0 -21.783791
54200.0 34.775396
54400.0 -22.529222
54600.0 -11.036021
54800.0 -26.082397
55000.0 75.169223
55200.0 -20.320165
55400.0 -21.397573
55600.0 51.862034
55800.0 -1.0064078
56000.0 -38.970049
56200.0 8.4052811
56400.0 30.855111
56600.0 -25.234476
56800.0 -20.80054
57000.0 19.282372
57200.0 1.3766372
57400.0 9.4847334
57600.0 30.571173
57800.0 -40.464174
58000.0 8.1430287
58200.0 12.307523
58400.0 -47.354614
58600.0 29.628281
58800.0 11.324033
59000.0 -9.6587932
59200.0 22.74721
59400.0 -31.080581
59600.0 16.476092
59800.0 69.28467
60000.0 -58.099078
60200.0 -60.787032
60400.0 113.2396
60600.0 -28.035685
60800.0 -6.1295779
61000.0 -10.046524
61200.0 -10.957688
61400.0 30.528633
61600.0 -10.489365
61800.0 -22.966842
62000.0 31.737119
62200.0 21.615246
62400.0 -42.128693
62600.0 -34.999727
62800.0 87.032671
63000.0 -8.7892266
63200.0 -21.471685
63400.0 -16.708364
63600.0 26.121039
63800.0 6.4663705
64000.0 -23.114571
64200.0 -14.452828
64400.0 44.451106
64600.0 -3.3283831
64800.0 -62.606085
65000.0 35.943968
65200.0 -22.551178
65400.0 -14.689335
65600.0 43.192461
65800.0 17.572591
66000.0 -46.229104
66200.0 51.046272
66400.0 1.7098343
66600.0 -52.40501
66800.0 13.47583
67000.0 4.9369816
67200.0 18.704621
67400.0 9.2802518
67600.0 -1.0877363
67800.0 -18.037736
68000.0 -0.16609942
68200.0 -24.468227
68400.0 30.504209
68600.0 21.93059
68800.0 -22.315982
69000.0 8.3059444
69200.0 9.5671027
69400.0 5.4938815
69600.0 -7.6785427
69800.0 27.569514
70000.0 -98.133306
70200.0 71.751956
70400.0 59.300907
70600.0 -28.680894
70800.0 0.90511185
71000.0 -44.550482
71200.0 53.163629
71400.0 -28.102836
71600.0 -1.592923
71800.0 -14.433986
72000.0 23.238044
72200.0 -5.1943409
72400.0 10.829012
72600.0 15.791153
72800.0 -2.6463844
73000.0 -26.797682
73200.0 21.825758
73400.0 18.087638
73600.0 -37.274235
73800.0 39.606743
74000.0 11.188821
74200.0 -48.268947
74400.0 -20.544055
74600.0 54.147556
74800.0 -19.920345
75000.0 -53.05227
75200.0 61.781589
75400.0 -24.622175
75600.0 -25.034304
75800.0 35.719914
76000.0 -3.0588888
76200.0 -40.776289
76400.0 13.175217
76600.0 39.492462
76800.0 -32.040211
77000.0 6.4583414
77200.0 -9.4503363
77400.0 15.734234
77600.0 -1.4023521
77800.0 1.5972496
78000.0 -14.018698
78200.0 49.015572
78400.0 -43.446678
78600.0 -2.3573591
78800.0 -6.9532333
79000.0 45.408427
79200.0 -61.873765
79400.0 -58.525068
79600.0 100.53384
79800.0 43.213478
80000.0 -72.351775
80200.0 11.069748
80400.0 49.999102
80600.0 -48.480178
80800.0 -4.938897
81000.0 3.1350027
81200.0 41.517887
81400.0 -60.143847
81600.0 34.519692
81800.0 11.408082
82000.0 -55.009623
82200.0 45.907939
82400.0 28.241082
82600.0 -58.782932
82800.0 28.605823
83000.0 32.230461
83200.0 -4.8229127
83400.0 -20.423626
83600.0 20.630706
83800.0 5.0322047
84000.0 16.383145
84200.0 -5.2793575
84400.0 16.987258
84600.0 -38.11386
84800.0 -8.2238381
85000.0 51.327987
85200.0 17.744008
85400.0 -66.806927
85600.0 80.55107
85800.0 24.348846
86000.0 -61.630654
86200.0 -19.048424
86400.0 102.57607
86600.0 -39.838518
86800.0 -14.160378
87000.0 18.419374
87200.0 -12.088109
87400.0 28.330714
87600.0 9.7975859
87800.0 -35.17943
88000.0 -38.417296
88200.0 25.869677
88400.0 32.540032
88600.0 -20.899456
88800.0 -62.131997
89000.0 39.685679
89200.0 16.037813
89400.0 1.7077898
89600.0 -15.032039
89800.0 15.491335
90000.0 -23.175693
90200.0 5.6590536
90400.0 -3.4567817
90600.0 -2.5118082
90800.0 -3.8186971
91000.0 -6.0701983
91200.0 -24.68318
91400.0 28.603939
91600.0 36.294514
91800.0 -28.702103
92000.0 -26.042102
92200.0 31.488472
92400.0 3.8124247
92600.0 -21.824077
92800.0 26.632803
93000.0 27.598961
93200.0 -43.880407
93400.0 14.220807
93600.0 -11.260269
93800.0 46.119889
94000.0 2.6161205
94200.0 4.4581616
94400.0 -67.503591
94600.0 -5.6058913
94800.0 72.083169
95000.0 -27.308645
95200.0 4.9990733
95400.0 -24.192236
95600.0 37.981067
95800.0 -18.362945
96000.0 -25.030861
96200.0 26.291652
96400.0 44.999583
96600.0 -46.99771
96800.0 -22.606657
97000.0 -4.5290942
97200.0 53.665423
97400.0 -28.046405
97600.0 -36.284755
97800.0 76.707829
98000.0 -29.247853
98200.0 18.231119
98400.0 2.7913392
98600.0 -48.852185
98800.0 26.02634
99000.0 25.379423
99200.0 27.921541
99400.0 -37.639344
99600.0 19.693182
99800.0 -40.807875
100000.0 36.103779
