0.0 46.099853
200.0 46.148848
400.0 46.165483
600.0 46.12811
800.0 46.175335
1000.0 46.19813
1200.0 46.158253
1400.0 46.195817
1600.0 46.199261
1800.0 46.189805
2000.0 46.191871
2200.0 46.201746
2400.0 46.227128
2600.0 46.144822
2800.0 46.247928
3000.0 46.197387
3200.0 46.102012
3400.0 46.187041
3600.0 46.18694
3800.0 46.167541
4000.0 46.146091
4200.0 46.183248
4400.0 46.166913
4600.0 46.202547
4800.0 46.17216
5000.0 46.169953
5200.0 46.232257
5400.0 46.155464
5600.0 46.227619
5800.0 46.21795
6000.0 46.210465
6200.0 46.179795
6400.0 46.261364
6600.0 46.169511
6800.0 46.220422
7000.0 46.185638
7200.0 46.202257
7400.0 46.160889
7600.0 46.181752
7800.0 46.214445
8000.0 46.123494
8200.0 46.20612
8400.0 46.256101
8600.0 46.087329
8800.0 46.239564
9000.0 46.236968
9200.0 46.181015
9400.0 46.206357
9600.0 46.224683
9800.0 46.174656
10000.0 46.185326
10200.0 46.199842
10400.0 46.229086
10600.0 46.141765
10800.0 46.206688
11000.0 46.187673
11200.0 46.166276
11400.0 46.157726
11600.0 46.215006
11800.0 46.136179
12000.0 46.117855
12200.0 46.174691
12400.0 46.148668
12600.0 46.1218
12800.0 46.163476
13000.0 46.186851
13200.0 46.158509
13400.0 46.164275
13600.0 46.190364
13800.0 46.181002
14000.0 46.189212
14200.0 46.19955
14400.0 46.163167
14600.0 46.250664
14800.0 46.160883
15000.0 46.194883
15200.0 46.240965
15400.0 46.161238
15600.0 46.188505
15800.0 46.221994
16000.0 46.118137
16200.0 46.161312
16400.0 46.204673
16600.0 46.113844
16800.0 46.192944
17000.0 46.183365
17200.0 46.157405
17400.0 46.218339
17600.0 46.198571
17800.0 46.145633
18000.0 46.265645
18200.0 46.199338
18400.0 46.156783
18600.0 46.232974
18800.0 46.169584
19000.0 46.172701
19200.0 46.188252
19400.0 46.174871
19600.0 46.176908
19800.0 46.147602
20000.0 46.150063
20200.0 46.211944
20400.0 46.15349
20600.0 46.173299
20800.0 46.230909
21000.0 46.177669
21200.0 46.21054
21400.0 46.232873
21600.0 46.147848
21800.0 46.218283
22000.0 46.230076
22200.0 46.121428
22400.0 46.214506
22600.0 46.18746
22800.0 46.167477
23000.0 46.156777
23200.0 46.221435
23400.0 46.132968
23600.0 46.229711
23800.0 46.214123
24000.0 46.200107
24200.0 46.219724
24400.0 46.238451
24600.0 46.203433
24800.0 46.193547
25000.0 46.205784
25200.0 46.14734
25400.0 46.201852
25600.0 46.184881
25800.0 46.150984
26000.0 46.17057
26200.0 46.221621
26400.0 46.109535
26600.0 46.213461
26800.0 46.198558
27000.0 46.187419
27200.0 46.187675
27400.0 46.235407
27600.0 46.242408
27800.0 46.171813
28000.0 46.210812
28200.0 46.223956
28400.0 46.187836
28600.0 46.200355
28800.0 46.168129
29000.0 46.161381
29200.0 46.191382
29400.0 46.220228
29600.0 46.109634
29800.0 46.201457
30000.0 46.202694
30200.0 46.140279
30400.0 46.22997
30600.0 46.204874
30800.0 46.219634
31000.0 46.217185
31200.0 46.223766
31400.0 46.204706
31600.0 46.162866
31800.0 46.261487
32000.0 46.149709
32200.0 46.196642
32400.0 46.181912
32600.0 46.198868
32800.0 46.179114
33000.0 46.171736
33200.0 46.16174
33400.0 46.203823
33600.0 46.206061
33800.0 46.100428
34000.0 46.183201
34200.0 46.176132
34400.0 46.129847
34600.0 46.179567
34800.0 46.181717
35000.0 46.129036
35200.0 46.250621
35400.0 46.134221
35600.0 46.200453
35800.0 46.212803
36000.0 46.227495
36200.0 46.147414
36400.0 46.207387
36600.0 46.204875
36800.0 46.177835
37000.0 46.185965
37200.0 46.162299
37400.0 46.177035
37600.0 46.134144
37800.0 46.172958
38000.0 46.12894
38200.0 46.203556
38400.0 46.17556
38600.0 46.146584
38800.0 46.253631
39000.0 46.213377
39200.0 46.156544
39400.0 46.214884
39600.0 46.195397
39800.0 46.184219
40000.0 46.203401
40200.0 46.2321
40400.0 46.116145
40600.0 46.207404
40800.0 46.166691
41000.0 46.196844
41200.0 46.143319
41400.0 46.167904
41600.0 46.140849
41800.0 46.163911
42000.0 46.117291
42200.0 46.189907
42400.0 46.161061
42600.0 46.166144
42800.0 46.198672
43000.0 46.172373
43200.0 46.199664
43400.0 46.222478
43600.0 46.123261
43800.0 46.258427
44000.0 46.213442
44200.0 46.161212
44400.0 46.19806
44600.0 46.242714
44800.0 46.153246
45000.0 46.154706
45200.0 46.216974
45400.0 46.13688
45600.0 46.129124
45800.0 46.214629
46000.0 46.144569
46200.0 46.145218
46400.0 46.215771
46600.0 46.194374
46800.0 46.156415
47000.0 46.256492
47200.0 46.201048
47400.0 46.21115
47600.0 46.193359
47800.0 46.225776
48000.0 46.159001
48200.0 46.194311
48400.0 46.201979
48600.0 46.139114
48800.0 46.159939
49000.0 46.259441
49200.0 46.085247
49400.0 46.215179
49600.0 46.209512
49800.0 46.165157
50000.0 46.196878
50200.0 46.259198
50400.0 46.192516
50600.0 46.184565
50800.0 46.274205
51000.0 46.234848
51200.0 46.217973
51400.0 46.235173
51600.0 46.207975
51800.0 46.174326
52000.0 46.236932
52200.0 46.134802
52400.0 46.225031
52600.0 46.141009
52800.0 46.198233
53000.0 46.159926
53200.0 46.189675
53400.0 46.146539
53600.0 46.192634
53800.0 46.194169
54000.0 46.197388
54200.0 46.190721
54400.0 46.208314
54600.0 46.213001
54800.0 46.215172
55000.0 46.199482
55200.0 46.176599
55400.0 46.174826
55600.0 46.235569
55800.0 46.157943
56000.0 46.15483
56200.0 46.176258
56400.0 46.202069
56600.0 46.151909
56800.0 46.189183
57000.0 46.194027
57200.0 46.173578
57400.0 46.153261
57600.0 46.247944
57800.0 46.204711
58000.0 46.153091
58200.0 46.27731
58400.0 46.205336
58600.0 46.168437
58800.0 46.228034
59000.0 46.17989
59200.0 46.168999
59400.0 46.218352
59600.0 46.12845
59800.0 46.188295
60000.0 46.181776
60200.0 46.1497
60400.0 46.184017
60600.0 46.179758
60800.0 46.192647
61000.0 46.21087
61200.0 46.180634
61400.0 46.227989
61600.0 46.185327
61800.0 46.214366
62000.0 46.209355
62200.0 46.179304
62400.0 46.210469
62600.0 46.146383
62800.0 46.172372
63000.0 46.143325
63200.0 46.11222
63400.0 46.154184
63600.0 46.13102
63800.0 46.168064
64000.0 46.177433
64200.0 46.188274
64400.0 46.180565
64600.0 46.184142
64800.0 46.237301
65000.0 46.184243
65200.0 46.173051
65400.0 46.266404
65600.0 46.15634
65800.0 46.198666
66000.0 46.210542
66200.0 46.174947
66400.0 46.158356
66600.0 46.173488
66800.0 46.176076
67000.0 46.16727
67200.0 46.155561
67400.0 46.223116
67600.0 46.115532
67800.0 46.206145
68000.0 46.210633
68200.0 46.148772
68400.0 46.213941
68600.0 46.244657
68800.0 46.181272
69000.0 46.245498
69200.0 46.230083
69400.0 46.208262
69600.0 46.242336
69800.0 46.209197
70000.0 46.143977
70200.0 46.229204
70400.0 46.188682
70600.0 46.140211
70800.0 46.193672
71000.0 46.213536
71200.0 46.157743
71400.0 46.111451
71600.0 46.287245
71800.0 46.147491
72000.0 46.161655
72200.0 46.241837
72400.0 46.226262
72600.0 46.199546
72800.0 46.238365
73000.0 46.231478
73200.0 46.187508
73400.0 46.197955
73600.0 46.196192
73800.0 46.155028
74000.0 46.156032
74200.0 46.190552
74400.0 46.173644
74600.0 46.135236
74800.0 46.211527
75000.0 46.161997
75200.0 46.179308
75400.0 46.245161
75600.0 46.176982
75800.0 46.201895
76000.0 46.235219
76200.0 46.203821
76400.0 46.195581
76600.0 46.225571
76800.0 46.150738
77000.0 46.191129
77200.0 46.199338
77400.0 46.144383
77600.0 46.187529
77800.0 46.197713
78000.0 46.177367
78200.0 46.186296
78400.0 46.137796
78600.0 46.219437
78800.0 46.158142
79000.0 46.177697
79200.0 46.194865
79400.0 46.206668
79600.0 46.133588
79800.0 46.214985
80000.0 46.203222
80200.0 46.132642
80400.0 46.268048
80600.0 46.160799
80800.0 46.160346
81000.0 46.213668
81200.0 46.211403
81400.0 46.143201
81600.0 46.194562
81800.0 46.223901
82000.0 46.143141
82200.0 46.199459
82400.0 46.195367
82600.0 46.159602
82800.0 46.160969
83000.0 46.202047
83200.0 46.164086
83400.0 46.169603
83600.0 46.157689
83800.0 46.176631
84000.0 46.168274
84200.0 46.171783
84400.0 46.206873
84600.0 46.228065
84800.0 46.200231
85000.0 46.196397
85200.0 46.267778
85400.0 46.167879
85600.0 46.241858
85800.0 46.172053
86000.0 46.196471
86200.0 46.206025
86400.0 46.186294
86600.0 46.16396
86800.0 46.233329
87000.0 46.117026
87200.0 46.229891
87400.0 46.17405
87600.0 46.168568
87800.0 46.23495
88000.0 46.151962
88200.0 46.222164
88400.0 46.286076
88600.0 46.147973
88800.0 46.253823
89000.0 46.217346
89200.0 46.182002
89400.0 46.185676
89600.0 46.219266
89800.0 46.130705
90000.0 46.217512
90200.0 46.180392
90400.0 46.166891
90600.0 46.185874
90800.0 46.16574
91000.0 46.187618
91200.0 46.199997
91400.0 46.191496
91600.0 46.163872
91800.0 46.216371
92000.0 46.229438
92200.0 46.222781
92400.0 46.187367
92600.0 46.256381
92800.0 46.185109
93000.0 46.213732
93200.0 46.227878
93400.0 46.144975
93600.0 46.199452
93800.0 46.192158
94000.0 46.170738
94200.0 46.145996
94400.0 46.215603
94600.0 46.166774
94800.0 46.179163
95000.0 46.177688
95200.0 46.195292
95400.0 46.181762
95600.0 46.22682
95800.0 46.23261
96000.0 46.173671
96200.0 46.243795
96400.0 46.221005
96600.0 46.154415
96800.0 46.184568
97000.0 46.198892
97200.0 46.113826
97400.0 46.198221
97600.0 46.202618
97800.0 46.129184
98000.0 46.178801
98200.0 46.238222
98400.0 46.148188
98600.0 46.215136
98800.0 46.226112
99000.0 46.226594
99200.0 46.183773
99400.0 46.23369
99600.0 46.229063
99800.0 46.203118
100000.0 46.23857
