0.0 1325.9108
200.0 1308.3583
400.0 1298.0407
600.0 1298.8604
800.0 1310.1523
1000.0 1325.888
1200.0 1342.4174
1400.0 1357.2349
1600.0 1365.5783
1800.0 1360.0424
2000.0 1336.6127
2200.0 1313.8902
2400.0 1300.4124
2600.0 1299.922
2800.0 1310.7328
3000.0 1332.6788
3200.0 1353.4127
3400.0 1366.8475
3600.0 1362.7249
3800.0 1339.8667
4000.0 1308.7111
4200.0 1292.218
4400.0 1294.6969
4600.0 1307.7057
4800.0 1324.5496
5000.0 1340.2223
5200.0 1344.3826
5400.0 1341.3518
5600.0 1321.0937
5800.0 1295.7847
6000.0 1267.0727
6200.0 1252.5563
6400.0 1266.9744
6600.0 1310.6056
6800.0 1340.9538
7000.0 1357.8892
7200.0 1362.3356
7400.0 1352.0368
7600.0 1329.9723
7800.0 1310.794
8000.0 1298.2114
8200.0 1295.4085
8400.0 1301.9566
8600.0 1317.2841
8800.0 1334.8051
9000.0 1346.9262
9200.0 1345.6955
9400.0 1336.5883
9600.0 1318.946
9800.0 1302.8282
10000.0 1289.0047
10200.0 1288.093
10400.0 1303.2598
10600.0 1332.9446
10800.0 1360.1808
11000.0 1371.3728
11200.0 1361.5763
11400.0 1335.9325
11600.0 1310.7365
11800.0 1298.2655
12000.0 1297.5793
12200.0 1304.768
12400.0 1319.1507
12600.0 1334.2531
12800.0 1344.5689
13000.0 1346.6502
13200.0 1340.8857
13400.0 1322.5054
13600.0 1288.8268
13800.0 1264.9648
14000.0 1265.2266
14200.0 1287.3417
14400.0 1315.8738
14600.0 1334.5846
14800.0 1341.9134
15000.0 1339.1975
15200.0 1330.2499
15400.0 1319.8055
15600.0 1310.3804
15800.0 1306.783
16000.0 1311.3673
16200.0 1329.4552
16400.0 1356.3593
16600.0 1372.5659
16800.0 1367.6004
17000.0 1345.8044
17200.0 1317.5141
17400.0 1296.1159
17600.0 1292.6741
17800.0 1304.8149
18000.0 1325.3296
18200.0 1349.0578
18400.0 1359.7619
18600.0 1355.5173
18800.0 1344.2568
19000.0 1331.9066
19200.0 1320.0777
19400.0 1310.4678
19600.0 1306.1258
19800.0 1310.3653
20000.0 1318.4073
20200.0 1335.86
20400.0 1349.8386
20600.0 1356.5949
20800.0 1354.03
21000.0 1336.0405
21200.0 1304.0951
21400.0 1276.9622
21600.0 1274.8221
21800.0 1294.9126
22000.0 1324.3763
22200.0 1349.7574
22400.0 1354.067
22600.0 1344.2042
22800.0 1328.1308
23000.0 1314.0241
23200.0 1306.5135
23400.0 1305.9655
23600.0 1308.001
23800.0 1314.5367
24000.0 1321.4811
24200.0 1327.8161
24400.0 1331.5512
24600.0 1333.5757
24800.0 1332.4901
25000.0 1330.3323
25200.0 1325.1974
25400.0 1317.5548
25600.0 1312.099
25800.0 1311.6393
26000.0 1319.2907
26200.0 1330.183
26400.0 1339.6783
26600.0 1336.182
26800.0 1321.2927
27000.0 1301.1982
27200.0 1286.2453
27400.0 1280.3672
27600.0 1290.3239
27800.0 1310.7815
28000.0 1323.2595
28200.0 1324.0733
28400.0 1321.4421
28600.0 1320.4689
28800.0 1323.7773
29000.0 1328.2024
29200.0 1335.5548
29400.0 1341.6635
29600.0 1342.4795
29800.0 1336.9522
30000.0 1319.1089
30200.0 1301.2766
30400.0 1294.8103
30600.0 1299.4805
30800.0 1312.6961
31000.0 1328.2574
31200.0 1342.9991
31400.0 1350.6895
31600.0 1351.3939
31800.0 1342.3164
32000.0 1325.0113
32200.0 1309.1915
32400.0 1301.56
32600.0 1306.4079
32800.0 1324.94
33000.0 1345.8954
33200.0 1360.1668
33400.0 1362.2205
33600.0 1349.3539
33800.0 1326.1218
34000.0 1307.4786
34200.0 1303.1936
34400.0 1310.3553
34600.0 1322.5578
34800.0 1334.9758
35000.0 1343.2806
35200.0 1343.3254
35400.0 1329.8786
35600.0 1308.1484
35800.0 1283.2421
36000.0 1267.3404
36200.0 1269.8551
36400.0 1308.1662
36600.0 1328.6289
36800.0 1331.1279
37000.0 1331.7244
37200.0 1331.6324
37400.0 1331.9252
37600.0 1332.6382
37800.0 1332.0058
38000.0 1328.9712
38200.0 1324.8998
38400.0 1319.0289
38600.0 1313.0059
38800.0 1307.1806
39000.0 1307.0984
39200.0 1307.2839
39400.0 1312.2537
39600.0 1321.732
39800.0 1338.5796
40000.0 1346.687
40200.0 1336.0209
40400.0 1325.3428
40600.0 1321.3991
40800.0 1329.3062
41000.0 1340.1484
41200.0 1352.0962
41400.0 1358.0928
41600.0 1344.106
41800.0 1321.3835
42000.0 1307.3405
42200.0 1306.8152
42400.0 1312.784
42600.0 1320.607
42800.0 1326.3414
43000.0 1328.9203
43200.0 1326.5119
43400.0 1319.3272
43600.0 1313.6467
43800.0 1312.3754
44000.0 1319.9675
44200.0 1335.2489
44400.0 1348.0269
44600.0 1353.6088
44800.0 1348.6798
45000.0 1336.9413
45200.0 1318.6864
45400.0 1299.4804
45600.0 1288.5654
45800.0 1290.5609
46000.0 1304.3408
46200.0 1331.7655
46400.0 1375.0828
46600.0 1392.3681
46800.0 1378.6421
47000.0 1349.9726
47200.0 1321.7854
47400.0 1305.8282
47600.0 1301.5743
47800.0 1308.4863
48000.0 1324.8199
48200.0 1344.1037
48400.0 1356.3644
48600.0 1356.1813
48800.0 1332.7251
49000.0 1299.5262
49200.0 1283.8597
49400.0 1290.2113
49600.0 1305.6036
49800.0 1324.7585
50000.0 1341.0071
50200.0 1346.1076
50400.0 1340.0127
50600.0 1320.8291
50800.0 1295.343
51000.0 1270.0723
51200.0 1264.8617
51400.0 1291.3146
51600.0 1327.3315
51800.0 1350.4284
52000.0 1364.9248
52200.0 1364.195
52400.0 1347.5975
52600.0 1329.0554
52800.0 1315.9788
53000.0 1309.7671
53200.0 1310.9708
53400.0 1316.8847
53600.0 1323.6074
53800.0 1328.9361
54000.0 1329.3298
54200.0 1327.405
54400.0 1323.0189
54600.0 1322.4145
54800.0 1327.9336
55000.0 1336.57
55200.0 1345.1992
55400.0 1348.0973
55600.0 1349.69
55800.0 1342.9622
56000.0 1326.0515
56200.0 1310.9044
56400.0 1306.3661
56600.0 1311.6951
56800.0 1321.1797
57000.0 1323.7134
57200.0 1328.5186
57400.0 1325.708
57600.0 1321.0317
57800.0 1316.3877
58000.0 1315.3562
58200.0 1321.7178
58400.0 1338.2173
58600.0 1355.0828
58800.0 1360.3165
59000.0 1353.5061
59200.0 1335.1685
59400.0 1313.4603
59600.0 1297.2322
59800.0 1293.9792
60000.0 1305.6435
60200.0 1325.6452
60400.0 1345.749
60600.0 1356.3371
60800.0 1351.8286
61000.0 1331.7839
61200.0 1306.3883
61400.0 1288.456
61600.0 1284.0265
61800.0 1295.0289
62000.0 1318.3893
62200.0 1341.3114
62400.0 1351.5238
62600.0 1347.9128
62800.0 1334.878
63000.0 1318.98
63200.0 1306.294
63400.0 1302.205
63600.0 1308.8363
63800.0 1326.3491
64000.0 1352.1455
64200.0 1383.5941
64400.0 1412.987
64600.0 1416.4246
64800.0 1375.754
65000.0 1317.3942
65200.0 1287.2042
65400.0 1282.309
65600.0 1298.3368
65800.0 1328.8315
66000.0 1357.7405
66200.0 1371.8937
66400.0 1366.6388
66600.0 1342.7388
66800.0 1321.0401
67000.0 1308.302
67200.0 1307.0548
67400.0 1312.1321
67600.0 1322.0859
67800.0 1332.9038
68000.0 1341.8616
68200.0 1343.1089
68400.0 1331.9916
68600.0 1311.0103
68800.0 1284.9068
69000.0 1272.4031
69200.0 1279.3373
69400.0 1307.165
69600.0 1341.9195
69800.0 1362.67
70000.0 1364.8384
70200.0 1350.233
70400.0 1326.5049
70600.0 1304.4977
70800.0 1290.7329
71000.0 1289.9756
71200.0 1301.0476
71400.0 1317.1509
71600.0 1331.9335
71800.0 1338.6776
72000.0 1343.148
72200.0 1340.7176
72400.0 1335.3352
72600.0 1328.1415
72800.0 1323.105
73000.0 1321.553
73200.0 1320.9648
73400.0 1320.6223
73600.0 1317.1425
73800.0 1313.3413
74000.0 1307.2173
74200.0 1300.4776
74400.0 1296.932
74600.0 1300.9507
74800.0 1312.0743
75000.0 1326.3857
75200.0 1338.0893
75400.0 1344.3067
75600.0 1344.0028
75800.0 1336.7033
76000.0 1324.9991
76200.0 1308.6071
76400.0 1295.2572
76600.0 1292.9751
76800.0 1300.5902
77000.0 1312.034
77200.0 1312.6999
77400.0 1302.804
77600.0 1290.0966
77800.0 1282.9032
78000.0 1286.9233
78200.0 1302.7828
78400.0 1319.3264
78600.0 1325.2931
78800.0 1325.1859
79000.0 1321.4468
79200.0 1320.7339
79400.0 1322.1689
79600.0 1329.3164
79800.0 1337.7401
80000.0 1348.0354
80200.0 1353.3124
80400.0 1353.9168
80600.0 1337.7563
80800.0 1314.0142
81000.0 1300.0384
81200.0 1301.4813
81400.0 1313.3488
81600.0 1327.5911
81800.0 1336.4689
82000.0 1337.2595
82200.0 1325.6097
82400.0 1303.8851
82600.0 1279.6068
82800.0 1268.8528
83000.0 1277.0635
83200.0 1305.0423
83400.0 1331.3416
83600.0 1340.6306
83800.0 1338.7211
84000.0 1333.0547
84200.0 1322.4533
84400.0 1314.4941
84600.0 1309.5308
84800.0 1307.8654
85000.0 1316.8549
85200.0 1332.7879
85400.0 1350.5881
85600.0 1364.7764
85800.0 1361.4106
86000.0 1345.2794
86200.0 1316.9439
86400.0 1291.1895
86600.0 1285.476
86800.0 1293.4211
87000.0 1312.7166
87200.0 1331.3289
87400.0 1341.9658
87600.0 1342.8565
87800.0 1338.1678
88000.0 1329.673
88200.0 1322.321
88400.0 1316.4636
88600.0 1313.9657
88800.0 1317.1699
89000.0 1323.5995
89200.0 1334.3077
89400.0 1349.1749
89600.0 1358.4046
89800.0 1358.4895
90000.0 1344.8408
90200.0 1319.4849
90400.0 1291.7939
90600.0 1278.9429
90800.0 1285.2878
91000.0 1317.7717
91200.0 1366.1497
91400.0 1396.553
91600.0 1391.1755
91800.0 1365.7468
92000.0 1340.467
92200.0 1320.1434
92400.0 1304.511
92600.0 1297.5639
92800.0 1301.0506
93000.0 1316.2291
93200.0 1334.9811
93400.0 1349.2753
93600.0 1353.8538
93800.0 1347.8161
94000.0 1330.4192
94200.0 1310.7854
94400.0 1292.4804
94600.0 1287.194
94800.0 1297.0874
95000.0 1326.1902
95200.0 1369.8275
95400.0 1396.8308
95600.0 1387.2949
95800.0 1350.8817
96000.0 1311.9638
96200.0 1290.2179
96400.0 1286.6436
96600.0 1298.2498
96800.0 1319.6716
97000.0 1340.678
97200.0 1352.4971
97400.0 1353.3379
97600.0 1343.826
97800.0 1329.0418
98000.0 1314.2283
98200.0 1308.4931
98400.0 1306.3946
98600.0 1309.7451
98800.0 1317.0807
99000.0 1326.0303
99200.0 1335.0852
99400.0 1340.9599
99600.0 1338.6195
99800.0 1329.8873
100000.0 1307.4613
