0.0 1404.6871
200.0 1419.7605
400.0 1415.7093
600.0 1396.8409
800.0 1377.4002
1000.0 1362.443
1200.0 1355.2094
1400.0 1357.6485
1600.0 1367.0761
1800.0 1378.1482
2000.0 1388.9296
2200.0 1394.0159
2400.0 1393.5079
2600.0 1388.483
2800.0 1381.8828
3000.0 1376.0244
3200.0 1375.2543
3400.0 1377.4336
3600.0 1382.0452
3800.0 1387.6022
4000.0 1389.7916
4200.0 1387.6026
4400.0 1376.5472
4600.0 1362.8356
4800.0 1347.8657
5000.0 1337.9346
5200.0 1341.9344
5400.0 1368.8881
5600.0 1401.3998
5800.0 1413.2223
6000.0 1405.6454
6200.0 1385.0416
6400.0 1362.1827
6600.0 1350.8128
6800.0 1354.8052
7000.0 1376.147
7200.0 1413.3896
7400.0 1441.1084
7600.0 1445.4047
7800.0 1423.3624
8000.0 1392.0059
8200.0 1375.9535
8400.0 1370.8893
8600.0 1369.4753
8800.0 1374.0263
9000.0 1384.6983
9200.0 1396.5578
9400.0 1404.5289
9600.0 1400.1065
9800.0 1382.1454
10000.0 1361.3888
10200.0 1349.0706
10400.0 1345.8361
10600.0 1349.409
10800.0 1355.9402
11000.0 1363.3704
11200.0 1364.8024
11400.0 1364.7502
11600.0 1365.118
11800.0 1371.7561
12000.0 1379.9841
12200.0 1391.1149
12400.0 1399.9312
12600.0 1402.9625
12800.0 1396.8387
13000.0 1377.722
13200.0 1356.45
13400.0 1356.6182
13600.0 1369.5941
13800.0 1382.7934
14000.0 1390.0923
14200.0 1384.8114
14400.0 1371.685
14600.0 1356.8
14800.0 1348.8551
15000.0 1358.1571
15200.0 1388.2046
15400.0 1406.2183
15600.0 1406.0553
15800.0 1397.9068
16000.0 1384.5711
16200.0 1372.3424
16400.0 1362.6931
16600.0 1360.9511
16800.0 1365.582
17000.0 1378.1627
17200.0 1396.4252
17400.0 1414.2629
17600.0 1420.6674
17800.0 1406.491
18000.0 1378.5079
18200.0 1350.5858
18400.0 1336.8813
18600.0 1340.1316
18800.0 1359.5708
19000.0 1386.9904
19200.0 1407.8684
19400.0 1416.3404
19600.0 1411.139
19800.0 1396.7171
20000.0 1378.2455
20200.0 1362.0526
20400.0 1349.462
20600.0 1348.6514
20800.0 1360.1747
21000.0 1378.9547
21200.0 1388.4322
21400.0 1399.6363
21600.0 1398.7571
21800.0 1394.899
22000.0 1390.2474
22200.0 1389.0252
22400.0 1388.6273
22600.0 1389.5537
22800.0 1388.0664
23000.0 1387.4778
23200.0 1382.6761
23400.0 1376.0405
23600.0 1367.8344
23800.0 1358.9306
24000.0 1353.9623
24200.0 1354.1987
24400.0 1362.5437
24600.0 1372.8064
24800.0 1380.371
25000.0 1384.962
25200.0 1389.3555
25400.0 1392.58
25600.0 1394.0675
25800.0 1390.3845
26000.0 1382.5614
26200.0 1372.3426
26400.0 1365.6905
26600.0 1362.6967
26800.0 1366.3198
27000.0 1369.7848
27200.0 1372.0815
27400.0 1370.8212
27600.0 1368.374
27800.0 1364.1957
28000.0 1362.9869
28200.0 1366.9374
28400.0 1375.6051
28600.0 1385.5209
28800.0 1391.8065
29000.0 1395.5005
29200.0 1393.1324
29400.0 1388.9263
29600.0 1387.2422
29800.0 1387.0762
30000.0 1389.2554
30200.0 1392.046
30400.0 1392.985
30600.0 1389.2536
30800.0 1382.4703
31000.0 1373.4702
31200.0 1366.2888
31400.0 1362.4928
31600.0 1360.3116
31800.0 1362.4952
32000.0 1373.3784
32200.0 1406.3209
32400.0 1414.9573
32600.0 1398.7472
32800.0 1384.8544
33000.0 1373.9532
33200.0 1370.2413
33400.0 1374.272
33600.0 1384.9936
33800.0 1394.7307
34000.0 1396.0286
34200.0 1383.4443
34400.0 1363.1254
34600.0 1351.3661
34800.0 1350.5732
35000.0 1359.3489
35200.0 1372.8055
35400.0 1386.9088
35600.0 1395.963
35800.0 1402.1004
36000.0 1402.0173
36200.0 1410.8837
36400.0 1419.9242
36600.0 1422.311
36800.0 1414.1251
37000.0 1396.4671
37200.0 1372.9659
37400.0 1358.0842
37600.0 1357.6662
37800.0 1368.3213
38000.0 1381.3801
38200.0 1391.7615
38400.0 1394.5501
38600.0 1386.709
38800.0 1369.0541
39000.0 1337.1828
39200.0 1305.9345
39400.0 1302.1878
39600.0 1324.1637
39800.0 1357.6648
40000.0 1381.0569
40200.0 1389.1247
40400.0 1388.1742
40600.0 1378.1183
40800.0 1363.7309
41000.0 1356.4364
41200.0 1360.2462
41400.0 1378.0674
41600.0 1398.7112
41800.0 1408.8269
42000.0 1407.8559
42200.0 1397.0438
42400.0 1386.3573
42600.0 1377.1609
42800.0 1373.0597
43000.0 1376.3963
43200.0 1381.3714
43400.0 1386.3315
43600.0 1387.2247
43800.0 1386.5376
44000.0 1381.5062
44200.0 1374.3572
44400.0 1368.8599
44600.0 1362.3815
44800.0 1366.0702
45000.0 1378.8166
45200.0 1410.3393
45400.0 1423.0745
45600.0 1414.0247
45800.0 1396.4115
46000.0 1379.4245
46200.0 1370.2693
46400.0 1372.1043
46600.0 1379.9934
46800.0 1387.3205
47000.0 1383.2268
47200.0 1357.5435
47400.0 1341.3731
47600.0 1340.5015
47800.0 1351.0156
48000.0 1366.0911
48200.0 1377.5884
48400.0 1383.9592
48600.0 1384.1783
48800.0 1380.2818
49000.0 1370.6114
49200.0 1369.8846
49400.0 1376.4099
49600.0 1403.463
49800.0 1429.6138
50000.0 1435.4608
50200.0 1419.8037
50400.0 1397.4076
50600.0 1380.2718
50800.0 1374.3174
51000.0 1376.696
51200.0 1383.9134
51400.0 1389.7356
51600.0 1389.2801
51800.0 1380.1674
52000.0 1365.1473
52200.0 1345.2297
52400.0 1328.5684
52600.0 1323.9252
52800.0 1333.274
53000.0 1367.8625
53200.0 1403.309
53400.0 1417.735
53600.0 1406.3685
53800.0 1385.9052
54000.0 1362.8824
54200.0 1350.3916
54400.0 1351.0934
54600.0 1365.1334
54800.0 1391.6663
55000.0 1414.4748
55200.0 1423.1373
55400.0 1415.2473
55600.0 1393.1967
55800.0 1368.2961
56000.0 1354.1939
56200.0 1356.4898
56400.0 1369.0493
56600.0 1381.7364
56800.0 1392.0541
57000.0 1396.0632
57200.0 1389.7285
57400.0 1374.7854
57600.0 1357.6732
57800.0 1343.2197
58000.0 1339.7169
58200.0 1354.7586
58400.0 1388.9791
58600.0 1413.2592
58800.0 1415.7409
59000.0 1400.5936
59200.0 1377.7775
59400.0 1357.2335
59600.0 1351.4363
59800.0 1359.7334
60000.0 1385.0338
60200.0 1420.2717
60400.0 1447.885
60600.0 1449.6904
60800.0 1412.1202
61000.0 1366.1609
61200.0 1352.4118
61400.0 1347.7279
61600.0 1354.7819
61800.0 1374.8971
62000.0 1398.5223
62200.0 1417.8874
62400.0 1422.9125
62600.0 1410.0944
62800.0 1383.8697
63000.0 1362.0162
63200.0 1350.3241
63400.0 1351.8991
63600.0 1360.1035
63800.0 1373.8332
64000.0 1387.028
64200.0 1395.6032
64400.0 1396.1668
64600.0 1388.3736
64800.0 1376.1822
65000.0 1362.1558
65200.0 1346.8938
65400.0 1330.6393
65600.0 1329.6159
65800.0 1348.585
66000.0 1381.4844
66200.0 1410.58
66400.0 1423.1217
66600.0 1412.5669
66800.0 1384.5939
67000.0 1354.0746
67200.0 1335.0541
67400.0 1334.7315
67600.0 1350.5555
67800.0 1373.531
68000.0 1388.0876
68200.0 1392.7101
68400.0 1390.234
68600.0 1383.5299
68800.0 1374.9036
69000.0 1367.5614
69200.0 1365.0607
69400.0 1369.4144
69600.0 1382.4289
69800.0 1403.3789
70000.0 1422.745
70200.0 1428.581
70400.0 1413.7675
70600.0 1379.7724
70800.0 1348.0499
71000.0 1335.3889
71200.0 1343.8299
71400.0 1366.9124
71600.0 1393.1048
71800.0 1409.0476
72000.0 1411.3798
72200.0 1399.6664
72400.0 1382.9282
72600.0 1369.27
72800.0 1362.2987
73000.0 1361.6723
73200.0 1367.1111
73400.0 1373.0541
73600.0 1382.9042
73800.0 1389.9472
74000.0 1388.8531
74200.0 1388.2944
74400.0 1384.0148
74600.0 1372.4915
74800.0 1357.9777
75000.0 1349.5214
75200.0 1351.1568
75400.0 1363.6488
75600.0 1382.6532
75800.0 1398.2425
76000.0 1407.7297
76200.0 1403.4163
76400.0 1387.4695
76600.0 1364.251
76800.0 1345.003
77000.0 1335.8866
77200.0 1341.654
77400.0 1365.1121
77600.0 1400.4872
77800.0 1421.7303
78000.0 1420.1953
78200.0 1404.5256
78400.0 1384.3575
78600.0 1368.32
78800.0 1359.8083
79000.0 1359.7651
79200.0 1369.1018
79400.0 1382.8198
79600.0 1397.5613
79800.0 1410.1133
80000.0 1413.7878
80200.0 1396.7926
80400.0 1365.4849
80600.0 1343.9247
80800.0 1341.124
81000.0 1352.6273
81200.0 1375.8952
81400.0 1400.1545
81600.0 1413.9312
81800.0 1408.4609
82000.0 1384.5289
82200.0 1351.1619
82400.0 1324.6725
82600.0 1317.7092
82800.0 1342.6319
83000.0 1383.9626
83200.0 1405.5613
83400.0 1409.0177
83600.0 1398.9791
83800.0 1383.3272
84000.0 1365.5934
84200.0 1353.7739
84400.0 1352.2414
84600.0 1364.5221
84800.0 1389.086
85000.0 1419.0428
85200.0 1439.2143
85400.0 1432.3944
85600.0 1390.3964
85800.0 1351.4842
86000.0 1329.4691
86200.0 1327.2655
86400.0 1341.1869
86600.0 1364.1301
86800.0 1383.4769
87000.0 1397.7635
87200.0 1405.5281
87400.0 1404.9997
87600.0 1397.253
87800.0 1384.1764
88000.0 1372.9327
88200.0 1368.4366
88400.0 1370.2019
88600.0 1374.5487
88800.0 1376.8685
89000.0 1375.8793
89200.0 1371.0606
89400.0 1364.4626
89600.0 1360.0988
89800.0 1360.627
90000.0 1370.7784
90200.0 1384.5385
90400.0 1389.6005
90600.0 1387.7919
90800.0 1386.8546
91000.0 1386.1077
91200.0 1385.9006
91400.0 1383.8267
91600.0 1378.8745
91800.0 1371.9808
92000.0 1364.8077
92200.0 1359.4876
92400.0 1358.6752
92600.0 1362.4317
92800.0 1373.5564
93000.0 1393.75
93200.0 1413.9857
93400.0 1420.5245
93600.0 1411.3524
93800.0 1389.189
94000.0 1361.5212
94200.0 1339.0098
94400.0 1330.9416
94600.0 1342.1211
94800.0 1378.3459
95000.0 1425.5905
95200.0 1446.2036
95400.0 1437.1394
95600.0 1405.8868
95800.0 1375.1033
96000.0 1356.1716
96200.0 1350.4894
96400.0 1355.4161
96600.0 1371.8859
96800.0 1391.3629
97000.0 1405.8338
97200.0 1411.8391
97400.0 1403.9691
97600.0 1381.6203
97800.0 1351.9932
98000.0 1335.6835
98200.0 1340.8481
98400.0 1357.6
98600.0 1376.0674
98800.0 1392.3444
99000.0 1400.544
99200.0 1396.1635
99400.0 1379.8422
99600.0 1356.2865
99800.0 1335.3677
100000.0 1329.0026
