0.0 377.86923
200.0 377.56365
400.0 377.15878
600.0 376.87474
800.0 377.02972
1000.0 377.96709
1200.0 379.68738
1400.0 381.71581
1600.0 383.24576
1800.0 383.8685
2000.0 383.57632
2200.0 382.58266
2400.0 381.4503
2600.0 380.70359
2800.0 380.53543
3000.0 380.82243
3200.0 381.31638
3400.0 381.75398
3600.0 381.93568
3800.0 381.49747
4000.0 380.2381
4200.0 378.20875
4400.0 376.09063
4600.0 374.64984
4800.0 374.07903
5000.0 374.14601
5200.0 374.56554
5400.0 375.2023
5600.0 376.06187
5800.0 377.16903
6000.0 378.51659
6200.0 380.00773
6400.0 381.54055
6600.0 383.05054
6800.0 384.26069
7000.0 384.89651
7200.0 384.77388
7400.0 384.07177
7600.0 382.96868
7800.0 381.75611
8000.0 380.56031
8200.0 379.43947
8400.0 378.28904
8600.0 377.28468
8800.0 376.58939
9000.0 376.29307
9200.0 376.39936
9400.0 376.84814
9600.0 377.61122
9800.0 378.61237
10000.0 379.70394
10200.0 380.69152
10400.0 381.40966
10600.0 381.72766
10800.0 381.64217
11000.0 381.18263
11200.0 380.51501
11400.0 379.8839
11600.0 379.45127
11800.0 379.1943
12000.0 378.98515
12200.0 378.6929
12400.0 378.24215
12600.0 377.6979
12800.0 377.21971
13000.0 376.97749
13200.0 377.15538
13400.0 377.8589
13600.0 379.04764
13800.0 380.34275
14000.0 381.241
14200.0 381.28338
14400.0 380.44955
14600.0 379.05969
14800.0 377.61535
15000.0 376.66387
15200.0 376.49366
15400.0 376.9756
15600.0 377.92092
15800.0 378.92359
16000.0 379.62131
16200.0 379.89445
16400.0 379.70419
16600.0 379.14735
16800.0 378.68217
17000.0 378.76961
17200.0 379.45964
17400.0 380.58887
17600.0 381.70042
17800.0 382.36091
18000.0 382.42557
18200.0 381.85188
18400.0 380.75924
18600.0 379.5242
18800.0 378.46629
19000.0 377.8106
19200.0 377.64975
19400.0 377.85517
19600.0 378.27091
19800.0 378.80285
20000.0 379.53895
20200.0 380.4716
20400.0 381.50579
20600.0 382.51949
20800.0 383.36512
21000.0 383.90804
21200.0 384.14867
21400.0 384.13026
21600.0 383.85524
21800.0 383.17708
22000.0 381.81962
22200.0 379.67215
22400.0 377.37695
22600.0 375.73863
22800.0 374.99288
23000.0 375.0166
23200.0 375.56505
23400.0 376.39057
23600.0 377.29962
23800.0 378.19588
24000.0 378.9383
24200.0 379.5356
24400.0 380.08809
24600.0 380.70227
24800.0 381.41238
25000.0 382.15221
25200.0 382.65365
25400.0 382.91174
25600.0 382.61441
25800.0 381.47334
26000.0 379.25872
26200.0 376.30531
26400.0 373.99116
26600.0 373.15721
26800.0 373.55051
27000.0 374.62646
27200.0 375.78422
27400.0 376.64301
27600.0 377.16287
27800.0 377.46223
28000.0 377.74917
28200.0 378.27261
28400.0 379.08207
28600.0 380.07173
28800.0 380.94122
29000.0 381.52105
29200.0 381.71996
29400.0 381.52477
29600.0 381.0074
29800.0 380.37868
30000.0 379.9401
30200.0 380.00415
30400.0 380.73879
30600.0 382.24434
30800.0 384.06145
31000.0 385.22544
31200.0 385.13589
31400.0 383.91159
31600.0 382.24229
31800.0 380.6023
32000.0 379.31389
32200.0 378.50871
32400.0 378.36675
32600.0 378.59106
32800.0 378.85062
33000.0 379.01083
33200.0 378.95402
33400.0 378.75876
33600.0 378.66348
33800.0 378.72897
34000.0 379.08978
34200.0 380.0127
34400.0 381.48055
34600.0 383.10272
34800.0 384.51427
35000.0 385.29459
35200.0 385.2638
35400.0 384.49985
35600.0 383.07869
35800.0 381.40707
36000.0 380.09838
36200.0 379.34022
36400.0 378.84924
36600.0 378.34683
36800.0 377.68415
37000.0 376.94374
37200.0 376.34749
37400.0 376.10522
37600.0 376.32847
37800.0 377.06263
38000.0 378.27546
38200.0 379.86689
38400.0 381.61381
38600.0 383.0863
38800.0 384.07554
39000.0 384.62532
39200.0 384.75471
39400.0 384.50741
39600.0 383.82451
39800.0 382.57751
40000.0 380.67058
40200.0 378.37771
40400.0 376.31103
40600.0 374.98481
40800.0 374.54079
41000.0 374.81536
41200.0 375.58951
41400.0 376.46698
41600.0 377.18709
41800.0 377.69592
42000.0 378.20977
42200.0 378.91465
42400.0 379.81906
42600.0 380.74486
42800.0 381.41174
43000.0 381.66642
43200.0 381.51339
43400.0 381.1211
43600.0 380.60496
43800.0 379.9795
44000.0 379.39531
44200.0 378.87767
44400.0 378.38019
44600.0 377.97447
44800.0 377.42851
45000.0 376.5212
45200.0 375.28194
45400.0 373.97794
45600.0 373.08971
45800.0 372.97835
46000.0 373.8209
46200.0 375.61106
46400.0 377.78613
46600.0 379.56064
46800.0 380.59845
47000.0 380.96954
47200.0 380.98309
47400.0 380.97452
47600.0 380.94762
47800.0 380.74208
48000.0 380.38452
48200.0 380.01199
48400.0 379.66323
48600.0 379.31916
48800.0 378.93136
49000.0 378.45387
49200.0 377.8219
49400.0 376.91219
49600.0 375.79766
49800.0 374.83493
50000.0 374.29977
50200.0 374.53738
50400.0 375.83552
50600.0 378.31521
50800.0 381.05843
51000.0 382.69247
51200.0 383.1016
51400.0 382.77395
51600.0 382.28012
51800.0 381.96802
52000.0 381.84369
52200.0 381.81915
52400.0 381.71322
52600.0 381.39402
52800.0 380.69048
53000.0 379.52797
53200.0 378.20533
53400.0 377.03813
53600.0 376.20671
53800.0 375.92997
54000.0 376.26847
54200.0 376.91213
54400.0 377.36245
54600.0 377.14868
54800.0 376.17135
55000.0 374.54275
55200.0 372.86543
55400.0 371.92403
55600.0 372.00524
55800.0 373.23339
56000.0 375.62544
56200.0 378.43655
56400.0 380.45638
56600.0 381.41337
56800.0 381.70834
57000.0 381.73127
57200.0 381.75806
57400.0 381.81526
57600.0 381.81682
57800.0 381.56843
58000.0 380.92811
58200.0 379.88311
58400.0 378.5656
58600.0 377.22646
58800.0 375.99195
59000.0 375.00321
59200.0 374.20484
59400.0 373.54061
59600.0 373.17044
59800.0 373.31783
60000.0 374.07555
60200.0 375.59699
60400.0 377.68749
60600.0 379.61094
60800.0 380.82584
61000.0 381.28464
61200.0 381.26628
61400.0 381.06044
61600.0 380.89756
61800.0 380.99037
62000.0 381.46664
62200.0 382.26831
62400.0 383.12782
62600.0 383.62961
62800.0 383.43692
63000.0 382.45966
63200.0 380.82007
63400.0 379.01323
63600.0 377.58531
63800.0 376.9092
64000.0 377.00161
64200.0 377.31878
64400.0 377.56761
64600.0 377.59173
64800.0 377.3457
65000.0 376.99054
65200.0 376.7968
65400.0 376.91324
65600.0 377.38457
65800.0 378.13125
66000.0 378.82567
66200.0 379.34462
66400.0 379.5963
66600.0 379.69869
66800.0 379.86456
67000.0 380.24494
67200.0 380.77993
67400.0 381.48517
67600.0 382.41196
67800.0 383.07399
68000.0 383.1553
68200.0 382.47628
68400.0 381.13736
68600.0 379.65986
68800.0 378.56247
69000.0 378.11663
69200.0 378.22498
69400.0 378.66847
69600.0 379.23277
69800.0 379.50039
70000.0 379.28032
70200.0 378.62623
70400.0 377.71533
70600.0 376.91751
70800.0 376.6718
71000.0 377.0186
71200.0 377.94262
71400.0 379.27392
71600.0 380.59436
71800.0 381.55892
72000.0 381.87224
72200.0 381.61978
72400.0 381.10755
72600.0 380.63458
72800.0 380.42485
73000.0 380.56015
73200.0 380.8679
73400.0 381.13527
73600.0 381.00775
73800.0 380.34297
74000.0 379.13461
74200.0 377.71614
74400.0 376.5952
74600.0 376.18417
74800.0 376.50392
75000.0 377.23952
75200.0 377.96286
75400.0 378.30139
75600.0 378.11243
75800.0 377.54498
76000.0 376.95204
76200.0 376.59531
76400.0 376.70082
76600.0 377.46402
76800.0 378.82613
77000.0 380.36633
77200.0 381.62285
77400.0 382.38656
77600.0 382.60362
77800.0 382.53671
78000.0 382.43565
78200.0 382.35041
78400.0 382.25545
78600.0 382.01963
78800.0 381.55108
79000.0 380.65721
79200.0 379.47213
79400.0 378.33833
79600.0 377.357
79800.0 376.64947
80000.0 376.3501
80200.0 376.27675
80400.0 376.23338
80600.0 375.93662
80800.0 375.29871
81000.0 374.53599
81200.0 374.08215
81400.0 374.40518
81600.0 375.77069
81800.0 377.96971
82000.0 380.241
82200.0 381.90402
82400.0 382.76656
82600.0 382.981
82800.0 382.75888
83000.0 382.36048
83200.0 381.90886
83400.0 381.39877
83600.0 380.73498
83800.0 379.9472
84000.0 379.13099
84200.0 378.43291
84400.0 377.79258
84600.0 377.11137
84800.0 376.42632
85000.0 375.82519
85200.0 375.42516
85400.0 375.27571
85600.0 375.53665
85800.0 376.12131
86000.0 376.9222
86200.0 377.82529
86400.0 378.68314
86600.0 379.56094
86800.0 380.58293
87000.0 381.6186
87200.0 382.46178
87400.0 382.95499
87600.0 382.98296
87800.0 382.5335
88000.0 381.62297
88200.0 380.23979
88400.0 378.49211
88600.0 376.58751
88800.0 374.92387
89000.0 373.82304
89200.0 373.28538
89400.0 373.28447
89600.0 373.75039
89800.0 374.59977
90000.0 375.78084
90200.0 377.19726
90400.0 378.73927
90600.0 380.13515
90800.0 381.11981
91000.0 381.4398
91200.0 380.8821
91400.0 379.51298
91600.0 377.86858
91800.0 376.51029
92000.0 375.90751
92200.0 376.22556
92400.0 377.36962
92600.0 378.8168
92800.0 379.92855
93000.0 380.49523
93200.0 380.49798
93400.0 380.10634
93600.0 379.6438
93800.0 379.29506
94000.0 379.03071
94200.0 378.86898
94400.0 378.84032
94600.0 379.04113
94800.0 379.38417
95000.0 379.76927
95200.0 380.02355
95400.0 380.06739
95600.0 379.91533
95800.0 379.54978
96000.0 379.27691
96200.0 379.64676
96400.0 381.00147
96600.0 383.23527
96800.0 385.43331
97000.0 386.55654
97200.0 386.31372
97400.0 384.93689
97600.0 383.0272
97800.0 381.28113
98000.0 380.10882
98200.0 379.50994
98400.0 379.26014
98600.0 379.13205
98800.0 378.86627
99000.0 378.38202
99200.0 377.81209
99400.0 377.30736
99600.0 376.93699
99800.0 376.86016
100000.0 377.30929
