0.0 -15.620945
200.0 -29.918318
400.0 -14.584482
600.0 43.359961
800.0 -31.8208
1000.0 -9.2673356
1200.0 -62.697836
1400.0 119.01897
1600.0 -10.105669
1800.0 -87.6809
2000.0 56.471475
2200.0 32.486554
2400.0 -56.359333
2600.0 12.450478
2800.0 21.828781
3000.0 17.429272
3200.0 -43.825272
3400.0 0.70752035
3600.0 40.296484
3800.0 -24.350216
4000.0 -53.711344
4200.0 22.796666
4400.0 33.839448
4600.0 -11.363502
4800.0 -10.986608
5000.0 4.4090304
5200.0 20.733649
5400.0 -8.657245
5600.0 -18.669988
5800.0 42.485814
6000.0 -22.3945
6200.0 -25.935166
6400.0 51.54304
6600.0 6.1817594
6800.0 -61.727512
7000.0 2.598088
7200.0 4.7207438
7400.0 35.210399
7600.0 0.084340551
7800.0 -41.570087
8000.0 24.618143
8200.0 42.046782
8400.0 -71.144976
8600.0 63.068937
8800.0 -16.679609
9000.0 -23.643046
9200.0 31.922088
9400.0 22.192885
9600.0 -46.735894
9800.0 -6.5963586
10000.0 -0.31170835
10200.0 9.7651821
10400.0 -10.957301
10600.0 27.343571
10800.0 10.344989
11000.0 -5.2576857
11200.0 -5.143341
11400.0 4.1480552
11600.0 -0.026801718
11800.0 33.162276
12000.0 -56.710767
12200.0 36.333525
12400.0 -42.897558
12600.0 22.089126
12800.0 32.321457
13000.0 -18.203055
13200.0 9.0549365
13400.0 -10.426053
13600.0 28.995782
13800.0 -12.755258
14000.0 5.8630449
14200.0 21.16578
14400.0 51.521218
14600.0 -109.2928
14800.0 -10.811767
15000.0 94.429219
15200.0 -34.432851
15400.0 -35.952921
15600.0 53.708342
15800.0 -38.323706
16000.0 6.6062556
16200.0 2.3470496
16400.0 -6.9742685
16600.0 -4.1756363
16800.0 11.918423
17000.0 -27.170779
17200.0 -43.888566
17400.0 122.02288
17600.0 -63.309288
17800.0 0.19202761
18000.0 -24.539165
18200.0 39.526222
18400.0 -21.418948
18600.0 5.1181247
18800.0 -47.233549
19000.0 47.695858
19200.0 11.040689
19400.0 -38.451558
19600.0 -1.9290364
19800.0 23.892897
20000.0 -8.1175461
20200.0 -10.397579
20400.0 12.379458
20600.0 -12.387095
20800.0 26.772436
21000.0 -23.759345
21200.0 13.092079
21400.0 18.390341
21600.0 1.6672895
21800.0 -53.868295
22000.0 58.972578
22200.0 -5.9705505
22400.0 -31.969379
22600.0 24.794778
22800.0 39.184747
23000.0 -63.63307
23200.0 34.837184
23400.0 31.553292
23600.0 -15.245172
23800.0 -17.309294
24000.0 11.257628
24200.0 -7.5822779
24400.0 1.0694127
24600.0 -12.341804
24800.0 -8.0360552
25000.0 27.899307
25200.0 -30.779163
25400.0 56.547764
25600.0 -53.617369
25800.0 12.579951
26000.0 58.039749
26200.0 -72.131453
26400.0 -14.557212
26600.0 31.938612
26800.0 0.53186263
27000.0 -8.8016623
27200.0 -15.879296
27400.0 -14.859922
27600.0 51.726927
27800.0 -16.852843
28000.0 -1.4193269
28200.0 20.664111
28400.0 -23.28891
28600.0 31.086716
28800.0 -42.093257
29000.0 34.783528
29200.0 -20.356404
29400.0 -31.948146
29600.0 71.819579
29800.0 -27.231385
30000.0 -48.102597
30200.0 58.631725
30400.0 30.740695
30600.0 -33.847652
30800.0 -19.262273
31000.0 27.676185
31200.0 21.645221
31400.0 -69.454766
31600.0 50.973673
31800.0 32.620039
32000.0 -90.877512
32200.0 -18.137924
32400.0 77.978352
32600.0 -8.7122227
32800.0 -31.933801
33000.0 14.365647
33200.0 0.72654797
33400.0 -12.533864
33600.0 25.978039
33800.0 -3.1556742
34000.0 -10.366656
34200.0 18.142775
34400.0 15.580805
34600.0 -37.095632
34800.0 2.3318019
35000.0 23.32924
35200.0 -39.237248
35400.0 17.352394
35600.0 11.588697
35800.0 -24.875785
36000.0 -44.448689
36200.0 103.81402
36400.0 -3.9158307
36600.0 -19.935687
36800.0 0.69065074
37000.0 17.326261
37200.0 14.449702
37400.0 -16.70089
37600.0 -19.081473
37800.0 24.05093
38000.0 25.680488
38200.0 -40.395275
38400.0 2.1167986
38600.0 8.6600209
38800.0 -66.478628
39000.0 76.040253
39200.0 39.551714
39400.0 -41.387548
39600.0 -7.9137057
39800.0 -14.708852
40000.0 21.774454
40200.0 -26.739212
40400.0 21.691233
40600.0 35.625796
40800.0 -59.397801
41000.0 22.69751
41200.0 -16.23675
41400.0 56.617979
41600.0 -34.831519
41800.0 -37.460466
42000.0 63.435272
42200.0 -26.801362
42400.0 17.495777
42600.0 23.022611
42800.0 -39.34188
43000.0 16.404565
43200.0 51.305233
43400.0 -68.5357
43600.0 13.923211
43800.0 36.704847
44000.0 8.8981529
44200.0 -7.5964223
44400.0 37.767637
44600.0 -30.959429
44800.0 -17.190181
45000.0 27.124093
45200.0 47.899473
45400.0 -80.830239
45600.0 -17.981542
45800.0 103.95954
46000.0 -40.718547
46200.0 -11.03167
46400.0 47.325645
46600.0 -38.930723
46800.0 1.1524596
47000.0 31.27113
47200.0 -7.4048269
47400.0 -17.692767
47600.0 37.750088
47800.0 -56.593729
48000.0 62.822781
48200.0 -2.0599485
48400.0 -6.9729887
48600.0 13.632939
48800.0 -15.259624
49000.0 -20.066298
49200.0 48.733245
49400.0 -22.925349
49600.0 -57.937661
49800.0 90.671937
50000.0 -37.746201
50200.0 4.8618444
50400.0 11.775752
50600.0 -11.593776
50800.0 -27.649644
51000.0 61.667147
51200.0 -19.279509
51400.0 -23.582604
51600.0 52.501537
51800.0 -68.010975
52000.0 12.166967
52200.0 27.317055
52400.0 -2.338826
52600.0 -8.1723717
52800.0 -6.7549871
53000.0 0.64745331
53200.0 -8.1829744
53400.0 -36.272014
53600.0 83.969145
53800.0 -43.198732
54000.0 -11.884409
54200.0 -5.7000894
54400.0 14.091151
54600.0 72.507099
54800.0 -51.618148
55000.0 -46.938067
55200.0 100.30576
55400.0 -42.492897
55600.0 -24.306644
55800.0 25.12385
56000.0 -20.101794
56200.0 12.221559
56400.0 5.0015876
56600.0 9.1771703
56800.0 -3.0549099
57000.0 -21.1082
57200.0 50.474329
57400.0 -39.181924
57600.0 3.2411261
57800.0 35.850038
58000.0 -9.1519132
58200.0 -57.910862
58400.0 27.147138
58600.0 42.654394
58800.0 -40.578599
59000.0 -18.813641
59200.0 68.340338
59400.0 -3.1664888
59600.0 -81.733426
59800.0 28.151899
60000.0 56.549069
60200.0 -43.165767
60400.0 -6.611517
60600.0 49.64693
60800.0 -2.3101019
61000.0 -30.927633
61200.0 28.306834
61400.0 -19.73091
61600.0 27.5865
61800.0 -40.744155
62000.0 58.506571
62200.0 -50.246875
62400.0 22.505424
62600.0 2.9509974
62800.0 3.0724604
63000.0 0.17654333
63200.0 -34.962375
63400.0 18.608183
63600.0 25.890818
63800.0 -31.013893
64000.0 55.343227
64200.0 -22.765851
64400.0 -41.036806
64600.0 22.088161
64800.0 79.617128
65000.0 -71.116073
65200.0 -9.4165406
65400.0 60.706305
65600.0 -40.871697
65800.0 -9.0070465
66000.0 16.06037
66200.0 -5.1874258
66400.0 11.212852
66600.0 21.046564
66800.0 -67.579753
67000.0 58.353393
67200.0 34.757663
67400.0 -87.56429
67600.0 23.340751
67800.0 34.481495
68000.0 -56.514993
68200.0 13.039534
68400.0 32.194465
68600.0 -41.267388
68800.0 -10.838047
69000.0 6.7026516
69200.0 53.614612
69400.0 -45.125805
69600.0 15.741012
69800.0 19.359503
70000.0 -36.502034
70200.0 -3.1824194
70400.0 32.27747
70600.0 -17.442128
70800.0 38.665236
71000.0 -20.322922
71200.0 -20.561761
71400.0 34.602074
71600.0 -49.67194
71800.0 44.6597
72000.0 27.675017
72200.0 -18.607535
72400.0 3.1888217
72600.0 9.6224943
72800.0 8.7094452
73000.0 12.029617
73200.0 -24.422325
73400.0 17.042283
73600.0 30.663714
73800.0 -48.665175
74000.0 4.2651112
74200.0 1.4592378
74400.0 37.390718
74600.0 -44.646686
74800.0 -1.3423961
75000.0 50.863269
75200.0 -60.100975
75400.0 29.57178
75600.0 21.902189
75800.0 -56.568063
76000.0 35.131875
76200.0 10.401521
76400.0 -35.486106
76600.0 57.113742
76800.0 -16.550612
77000.0 -27.57415
77200.0 23.953881
77400.0 6.8565348
77600.0 -26.928404
77800.0 15.84432
78000.0 -3.2978511
78200.0 -6.6580863
78400.0 17.298679
78600.0 -22.75023
78800.0 16.44959
79000.0 0.56391784
79200.0 -12.355731
79400.0 9.0175678
79600.0 -27.296335
79800.0 -5.5044218
80000.0 42.893544
80200.0 -18.755032
80400.0 -20.770833
80600.0 41.694133
80800.0 -27.24784
81000.0 22.033967
81200.0 -4.4737831
81400.0 -4.5159125
81600.0 -28.739988
81800.0 55.752727
82000.0 4.4504964
82200.0 -5.1474639
82400.0 -31.647696
82600.0 -14.172385
82800.0 68.885698
83000.0 3.1402691
83200.0 -54.941126
83400.0 19.167817
83600.0 16.853887
83800.0 8.8449807
84000.0 -60.800631
84200.0 69.375704
84400.0 16.511434
84600.0 -75.918006
84800.0 17.727597
85000.0 -6.0420277
85200.0 62.112078
85400.0 -49.718446
85600.0 17.889282
85800.0 57.534205
86000.0 -43.511608
86200.0 -30.921111
86400.0 110.02441
86600.0 -66.230638
86800.0 -11.949159
87000.0 12.350485
87200.0 46.03961
87400.0 -47.23306
87600.0 -5.4807034
87800.0 16.769234
88000.0 -5.6119997
88200.0 -2.3957695
88400.0 40.404665
88600.0 -49.464251
88800.0 26.628987
89000.0 41.149278
89200.0 -48.550071
89400.0 23.964044
89600.0 10.032041
89800.0 -20.613069
90000.0 9.5217296
90200.0 10.089338
90400.0 3.9199467
90600.0 -42.918184
90800.0 50.921863
91000.0 -3.377211
91200.0 -51.23768
91400.0 61.591737
91600.0 11.171303
91800.0 -97.365285
92000.0 79.328522
92200.0 10.028578
92400.0 -34.740657
92600.0 -24.998703
92800.0 81.64481
93000.0 -59.252055
93200.0 -6.4049274
93400.0 29.779302
93600.0 34.033235
93800.0 -38.638717
94000.0 -9.6804993
94200.0 34.384205
94400.0 -40.683115
94600.0 34.662917
94800.0 3.9359144
95000.0 -22.744517
95200.0 -9.9010728
95400.0 62.511425
95600.0 -73.382853
95800.0 -19.617601
96000.0 66.391473
96200.0 -23.249292
96400.0 -16.436121
96600.0 -2.3603605
96800.0 36.706798
97000.0 -27.44353
97200.0 31.900694
97400.0 -19.705349
97600.0 11.387053
97800.0 5.4096491
98000.0 -50.48782
98200.0 51.814191
98400.0 -16.937149
98600.0 1.2107222
98800.0 23.67291
99000.0 -42.871232
99200.0 26.160373
99400.0 26.244256
99600.0 -55.897534
99800.0 21.488341
100000.0 12.420074
