0.0 50.93538
200.0 51.107735
400.0 50.82049
600.0 50.829625
800.0 50.950941
1000.0 50.830505
1200.0 50.862093
1400.0 50.841845
1600.0 50.958023
1800.0 50.923211
2000.0 50.824383
2200.0 50.909785
2400.0 50.9292
2600.0 50.890386
2800.0 50.962091
3000.0 50.889732
3200.0 50.952537
3400.0 51.058868
3600.0 50.884014
3800.0 50.921159
4000.0 50.954928
4200.0 50.795728
4400.0 50.878207
4600.0 50.869458
4800.0 50.711171
5000.0 50.721341
5200.0 50.822239
5400.0 50.571742
5600.0 50.71849
5800.0 50.756106
6000.0 50.717801
6200.0 50.719786
6400.0 50.634058
6600.0 50.737684
6800.0 50.529347
7000.0 50.646373
7200.0 50.800626
7400.0 50.577333
7600.0 50.618048
7800.0 50.695545
8000.0 50.648005
8200.0 50.697144
8400.0 50.663619
8600.0 50.786209
8800.0 50.773724
9000.0 50.74267
9200.0 50.826223
9400.0 50.731032
9600.0 50.861803
9800.0 50.841456
10000.0 50.692108
10200.0 50.90036
10400.0 50.931021
10600.0 50.850396
10800.0 50.825495
11000.0 50.75697
11200.0 50.923942
11400.0 50.739501
11600.0 50.714698
11800.0 50.811216
12000.0 50.661505
12200.0 50.758503
12400.0 50.807456
12600.0 50.675939
12800.0 50.814756
13000.0 50.784967
13200.0 50.721755
13400.0 50.753863
13600.0 50.658169
13800.0 50.763752
14000.0 50.724792
14200.0 50.737872
14400.0 50.682292
14600.0 50.704653
14800.0 50.698852
15000.0 50.710487
15200.0 50.644539
15400.0 50.812776
15600.0 50.78003
15800.0 50.672802
16000.0 50.802451
16200.0 50.803881
16400.0 50.726198
16600.0 50.821453
16800.0 50.916628
17000.0 50.815085
17200.0 50.891377
17400.0 50.870594
17600.0 50.752773
17800.0 50.902323
18000.0 50.854035
18200.0 50.903575
18400.0 50.879112
18600.0 50.971911
18800.0 50.834997
19000.0 50.822314
19200.0 51.060013
19400.0 50.726135
19600.0 50.772806
19800.0 50.853914
20000.0 50.690696
20200.0 50.854193
20400.0 50.817502
20600.0 50.685987
20800.0 50.785542
21000.0 50.81102
21200.0 50.855649
21400.0 50.874331
21600.0 50.932777
21800.0 50.927872
22000.0 50.913433
22200.0 51.024729
22400.0 51.007477
22600.0 50.988645
22800.0 50.924347
23000.0 50.945703
23200.0 51.031758
23400.0 50.850177
23600.0 50.84241
23800.0 50.904945
24000.0 50.840392
24200.0 50.862759
24400.0 50.838305
24600.0 50.67168
24800.0 50.861531
25000.0 50.696705
25200.0 50.70032
25400.0 50.836007
25600.0 50.650325
25800.0 50.754834
26000.0 50.772308
26200.0 50.686689
26400.0 50.749381
26600.0 50.77771
26800.0 50.882034
27000.0 50.8105
27200.0 50.725779
27400.0 50.834896
27600.0 50.987987
27800.0 50.907779
28000.0 50.972286
28200.0 51.02625
28400.0 51.01112
28600.0 51.031339
28800.0 51.061603
29000.0 50.955206
29200.0 50.913998
29400.0 51.027139
29600.0 50.882997
29800.0 50.845054
30000.0 50.826414
30200.0 50.786666
30400.0 50.727623
30600.0 50.816045
30800.0 50.897359
31000.0 50.836636
31200.0 50.788718
31400.0 50.868708
31600.0 51.046862
31800.0 50.858572
32000.0 50.925935
32200.0 50.990528
32400.0 50.944674
32600.0 50.908392
32800.0 50.982792
33000.0 50.997113
33200.0 50.765696
33400.0 50.872218
33600.0 51.031959
33800.0 50.908259
34000.0 50.875874
34200.0 50.983626
34400.0 50.91892
34600.0 50.910669
34800.0 50.901705
35000.0 50.922753
35200.0 50.851101
35400.0 50.84321
35600.0 50.767135
35800.0 50.762183
36000.0 50.738386
36200.0 50.806301
36400.0 50.637869
36600.0 50.789761
36800.0 50.869838
37000.0 50.60453
37200.0 50.836583
37400.0 50.789566
37600.0 50.750496
37800.0 50.814336
38000.0 50.912498
38200.0 50.733182
38400.0 50.688756
38600.0 50.83924
38800.0 50.697676
39000.0 50.772971
39200.0 50.654391
39400.0 50.615538
39600.0 50.781975
39800.0 50.805951
40000.0 50.860154
40200.0 50.793413
40400.0 50.779912
40600.0 50.738457
40800.0 50.872977
41000.0 50.864009
41200.0 50.847621
41400.0 50.758195
41600.0 50.767893
41800.0 50.866708
42000.0 50.711496
42200.0 50.779106
42400.0 50.824252
42600.0 50.778417
42800.0 50.780086
43000.0 50.900449
43200.0 50.935412
43400.0 50.92452
43600.0 50.844715
43800.0 50.887948
44000.0 50.962305
44200.0 50.972235
44400.0 50.746654
44600.0 50.884711
44800.0 50.91074
45000.0 50.798544
45200.0 50.692342
45400.0 50.847803
45600.0 50.849572
45800.0 50.72001
46000.0 50.754804
46200.0 50.810333
46400.0 50.829195
46600.0 50.812722
46800.0 50.793586
47000.0 50.773303
47200.0 50.957961
47400.0 50.821099
47600.0 50.801207
47800.0 50.850439
48000.0 50.832319
48200.0 50.843451
48400.0 50.770184
48600.0 50.68221
48800.0 50.696127
49000.0 50.737625
49200.0 50.793462
49400.0 50.808205
49600.0 50.820153
49800.0 50.714885
50000.0 50.86507
50200.0 50.931142
50400.0 50.851553
50600.0 50.915351
50800.0 50.884382
51000.0 50.793157
51200.0 50.910398
51400.0 50.863948
51600.0 50.768696
51800.0 50.856181
52000.0 50.693193
52200.0 50.742368
52400.0 50.723203
52600.0 50.688031
52800.0 50.637383
53000.0 50.722175
53200.0 50.722766
53400.0 50.86599
53600.0 50.72736
53800.0 50.769286
54000.0 50.901519
54200.0 50.712145
54400.0 50.799293
54600.0 50.818057
54800.0 50.874103
55000.0 50.798143
55200.0 50.741965
55400.0 50.842801
55600.0 50.790276
55800.0 50.854084
56000.0 50.966796
56200.0 50.815708
56400.0 50.770727
56600.0 50.931915
56800.0 50.801662
57000.0 50.89394
57200.0 50.902579
57400.0 50.901556
57600.0 50.771333
57800.0 50.880431
58000.0 50.817585
58200.0 50.850639
58400.0 50.803344
58600.0 50.961861
58800.0 50.803583
59000.0 50.653332
59200.0 50.83155
59400.0 50.587477
59600.0 50.605601
59800.0 50.71061
60000.0 50.517109
60200.0 50.390987
60400.0 50.570381
60600.0 50.64652
60800.0 50.49482
61000.0 50.696223
61200.0 50.666995
61400.0 50.722266
61600.0 50.765448
61800.0 50.680117
62000.0 50.760647
62200.0 50.738458
62400.0 50.843688
62600.0 50.597946
62800.0 50.667216
63000.0 50.790295
63200.0 50.624913
63400.0 50.772111
63600.0 50.68966
63800.0 50.720755
64000.0 50.660465
64200.0 50.76182
64400.0 50.706299
64600.0 50.638335
64800.0 50.844202
65000.0 50.69637
65200.0 50.637249
65400.0 50.825413
65600.0 50.708463
65800.0 50.765402
66000.0 50.893539
66200.0 50.740699
66400.0 50.851649
66600.0 50.861959
66800.0 51.008525
67000.0 50.975071
67200.0 50.802049
67400.0 50.992362
67600.0 51.014522
67800.0 50.919991
68000.0 50.91151
68200.0 51.022999
68400.0 50.81492
68600.0 50.964451
68800.0 50.922012
69000.0 50.739367
69200.0 50.880014
69400.0 50.770809
69600.0 50.798311
69800.0 50.781697
70000.0 50.718055
70200.0 50.686756
70400.0 50.690978
70600.0 50.701123
70800.0 50.731477
71000.0 50.577369
71200.0 50.623175
71400.0 50.683393
71600.0 50.631611
71800.0 50.567098
72000.0 50.615224
72200.0 50.759295
72400.0 50.726322
72600.0 50.718059
72800.0 50.832626
73000.0 50.755817
73200.0 50.724284
73400.0 50.784892
73600.0 50.81927
73800.0 50.920448
74000.0 50.814756
74200.0 50.948828
74400.0 50.933202
74600.0 50.867829
74800.0 50.89528
75000.0 50.961753
75200.0 50.922917
75400.0 50.997633
75600.0 50.968945
75800.0 50.928887
76000.0 50.939051
76200.0 50.807699
76400.0 50.834035
76600.0 50.828213
76800.0 50.848127
77000.0 50.921449
77200.0 50.783379
77400.0 50.836204
77600.0 50.741688
77800.0 50.692634
78000.0 50.880618
78200.0 50.818364
78400.0 50.902194
78600.0 50.841081
78800.0 50.714414
79000.0 50.888439
79200.0 50.884922
79400.0 50.719846
79600.0 50.786992
79800.0 50.664125
80000.0 50.619899
80200.0 50.696217
80400.0 50.630834
80600.0 50.758508
80800.0 50.787552
81000.0 50.547131
81200.0 50.851415
81400.0 50.9059
81600.0 50.698105
81800.0 50.943816
82000.0 50.959469
82200.0 50.856127
82400.0 51.030349
82600.0 50.939478
82800.0 51.067326
83000.0 50.918689
83200.0 50.886679
83400.0 50.938602
83600.0 50.88878
83800.0 50.923685
84000.0 50.836576
84200.0 50.860043
84400.0 50.819396
84600.0 50.731173
84800.0 50.841299
85000.0 50.742303
85200.0 50.749118
85400.0 50.67974
85600.0 50.666273
85800.0 50.678856
86000.0 50.586308
86200.0 50.768663
86400.0 50.540152
86600.0 50.670274
86800.0 50.825969
87000.0 50.623935
87200.0 50.733764
87400.0 50.743803
87600.0 50.69816
87800.0 50.779916
88000.0 50.768479
88200.0 50.796769
88400.0 50.905764
88600.0 50.885432
88800.0 50.961315
89000.0 50.952081
89200.0 50.918326
89400.0 50.963142
89600.0 50.930782
89800.0 50.900677
90000.0 50.902902
90200.0 50.963724
90400.0 50.749262
90600.0 50.85935
90800.0 50.900249
91000.0 50.937771
91200.0 50.817475
91400.0 50.70983
91600.0 50.875552
91800.0 50.876341
92000.0 50.72403
92200.0 50.897332
92400.0 50.652127
92600.0 50.619316
92800.0 50.810182
93000.0 50.774398
93200.0 50.760943
93400.0 50.841446
93600.0 50.802687
93800.0 50.852211
94000.0 50.966532
94200.0 50.876058
94400.0 50.907063
94600.0 51.041638
94800.0 50.897451
95000.0 50.86547
95200.0 50.923669
95400.0 50.842118
95600.0 50.735104
95800.0 50.779922
96000.0 50.762665
96200.0 50.717911
96400.0 50.741681
96600.0 50.698414
96800.0 50.936669
97000.0 50.829629
97200.0 50.871067
97400.0 50.936016
97600.0 50.949433
97800.0 51.001828
98000.0 50.926875
98200.0 50.955295
98400.0 51.028994
98600.0 50.942592
98800.0 51.026297
99000.0 50.926325
99200.0 50.971801
99400.0 50.888767
99600.0 50.802213
99800.0 50.777968
100000.0 50.790142
