0.0 -12.410616
200.0 -13.153
400.0 -13.228717
600.0 -12.569457
800.0 -12.083245
1000.0 -11.953912
1200.0 -12.283803
1400.0 -11.629022
1600.0 -11.700042
1800.0 -12.254477
2000.0 -11.58957
2200.0 -11.115582
2400.0 -11.012894
2600.0 -11.203952
2800.0 -11.326376
3000.0 -11.632934
3200.0 -12.055218
3400.0 -11.508743
3600.0 -12.671689
3800.0 -12.850771
4000.0 -12.269803
4200.0 -12.177068
4400.0 -12.344134
4600.0 -11.784071
4800.0 -12.020159
5000.0 -11.357681
5200.0 -11.548682
5400.0 -11.311377
5600.0 -11.822453
5800.0 -10.731088
6000.0 -10.623079
6200.0 -10.557286
6400.0 -10.250257
6600.0 -8.7006495
6800.0 -10.211034
7000.0 -10.166299
7200.0 -9.3146914
7400.0 -10.470665
7600.0 -10.342227
7800.0 -11.337487
8000.0 -12.146645
8200.0 -11.008094
8400.0 -13.282645
8600.0 -12.230215
8800.0 -12.924109
9000.0 -12.379149
9200.0 -12.490155
9400.0 -12.629368
9600.0 -12.628737
9800.0 -12.16071
10000.0 -12.385642
10200.0 -11.461349
10400.0 -11.743531
10600.0 -11.10056
10800.0 -10.755844
11000.0 -11.080508
11200.0 -10.254184
11400.0 -11.481346
11600.0 -11.950613
11800.0 -11.108286
12000.0 -11.094962
12200.0 -11.789861
12400.0 -10.44898
12600.0 -10.533352
12800.0 -10.259797
13000.0 -9.1443639
13200.0 -9.886681
13400.0 -9.870598
13600.0 -11.201951
13800.0 -8.7269832
14000.0 -10.936705
14200.0 -11.338577
14400.0 -11.678705
14600.0 -10.79108
14800.0 -10.850378
15000.0 -11.426488
15200.0 -10.928009
15400.0 -10.705864
15600.0 -10.713803
15800.0 -11.873844
16000.0 -12.221017
16200.0 -12.46322
16400.0 -13.144985
16600.0 -13.954425
16800.0 -14.240722
17000.0 -14.124134
17200.0 -13.635723
17400.0 -13.613183
17600.0 -13.293526
17800.0 -13.607707
18000.0 -12.285781
18200.0 -12.684827
18400.0 -11.655788
18600.0 -11.900193
18800.0 -12.072203
19000.0 -11.833649
19200.0 -10.845417
19400.0 -12.312767
19600.0 -12.296977
19800.0 -13.57019
20000.0 -13.424586
20200.0 -14.521884
20400.0 -15.226703
20600.0 -13.072062
20800.0 -13.721656
21000.0 -13.745067
21200.0 -13.125503
21400.0 -11.274051
21600.0 -13.232449
21800.0 -10.929833
22000.0 -10.691215
22200.0 -11.771838
22400.0 -11.156805
22600.0 -11.129533
22800.0 -10.509619
23000.0 -11.234409
23200.0 -8.5231381
23400.0 -11.195294
23600.0 -10.626695
23800.0 -9.7055092
24000.0 -11.113922
24200.0 -11.301834
24400.0 -9.3504887
24600.0 -12.207755
24800.0 -10.560877
25000.0 -12.466664
25200.0 -12.098148
25400.0 -11.687442
25600.0 -10.585473
25800.0 -12.029162
26000.0 -11.796853
26200.0 -11.4836
26400.0 -11.589501
26600.0 -10.881876
26800.0 -11.020558
27000.0 -11.300398
27200.0 -11.55408
27400.0 -11.699407
27600.0 -12.761027
27800.0 -12.136918
28000.0 -13.626578
28200.0 -12.898323
28400.0 -13.244123
28600.0 -13.032992
28800.0 -13.068957
29000.0 -11.922384
29200.0 -11.975548
29400.0 -11.858027
29600.0 -11.802749
29800.0 -11.257748
30000.0 -11.273602
30200.0 -11.961983
30400.0 -11.939321
30600.0 -13.110718
30800.0 -12.236544
31000.0 -12.522743
31200.0 -13.250266
31400.0 -12.263021
31600.0 -12.035057
31800.0 -11.850667
32000.0 -11.737713
32200.0 -11.928413
32400.0 -11.867248
32600.0 -11.550374
32800.0 -12.549586
33000.0 -11.608721
33200.0 -12.149562
33400.0 -12.389607
33600.0 -11.58373
33800.0 -11.977493
34000.0 -10.995892
34200.0 -12.223198
34400.0 -12.014162
34600.0 -11.158159
34800.0 -11.085399
35000.0 -11.22749
35200.0 -11.62397
35400.0 -11.728015
35600.0 -10.846803
35800.0 -10.181427
36000.0 -10.477331
36200.0 -10.183671
36400.0 -9.4269803
36600.0 -9.4527312
36800.0 -9.1790561
37000.0 -8.7967657
37200.0 -9.9931787
37400.0 -7.8020147
37600.0 -9.5010213
37800.0 -9.4334753
38000.0 -8.8169509
38200.0 -9.3810871
38400.0 -9.9405674
38600.0 -8.323647
38800.0 -11.216505
39000.0 -10.382056
39200.0 -10.121245
39400.0 -11.575118
39600.0 -10.251187
39800.0 -10.744825
40000.0 -9.9132562
40200.0 -9.7479814
40400.0 -9.6877066
40600.0 -9.781827
40800.0 -10.092441
41000.0 -10.29884
41200.0 -11.061626
41400.0 -11.445908
41600.0 -10.939148
41800.0 -11.631281
42000.0 -11.703164
42200.0 -11.342345
42400.0 -10.740333
42600.0 -10.959422
42800.0 -10.05272
43000.0 -10.410448
43200.0 -8.8682818
43400.0 -9.9796652
43600.0 -9.4960701
43800.0 -9.3537928
44000.0 -10.056625
44200.0 -10.257472
44400.0 -9.3175127
44600.0 -10.895738
44800.0 -11.265405
45000.0 -11.969935
45200.0 -12.192994
45400.0 -11.631258
45600.0 -12.120377
45800.0 -11.29307
46000.0 -11.238332
46200.0 -11.692409
46400.0 -10.601128
46600.0 -8.95031
46800.0 -10.88541
47000.0 -10.909996
47200.0 -10.45275
47400.0 -10.550839
47600.0 -11.179383
47800.0 -11.719479
48000.0 -11.831668
48200.0 -12.200027
48400.0 -11.473126
48600.0 -12.347225
48800.0 -12.005838
49000.0 -11.915129
49200.0 -11.963272
49400.0 -11.856914
49600.0 -12.09055
49800.0 -11.993705
50000.0 -13.710284
50200.0 -12.59531
50400.0 -12.793246
50600.0 -12.888269
50800.0 -12.616779
51000.0 -11.910328
51200.0 -12.823117
51400.0 -11.759775
51600.0 -11.160044
51800.0 -11.269337
52000.0 -11.123681
52200.0 -10.727145
52400.0 -10.1581
52600.0 -10.345088
52800.0 -10.492699
53000.0 -10.42813
53200.0 -9.4495209
53400.0 -11.628593
53600.0 -12.050368
53800.0 -11.114389
54000.0 -12.130085
54200.0 -10.977078
54400.0 -11.622016
54600.0 -11.732498
54800.0 -11.062116
55000.0 -10.107319
55200.0 -10.647294
55400.0 -9.7928065
55600.0 -10.591015
55800.0 -11.173118
56000.0 -10.323822
56200.0 -11.05867
56400.0 -11.307315
56600.0 -11.980282
56800.0 -10.599225
57000.0 -11.654677
57200.0 -11.21552
57400.0 -11.21033
57600.0 -11.348539
57800.0 -12.084315
58000.0 -11.680899
58200.0 -12.097077
58400.0 -12.277763
58600.0 -12.596821
58800.0 -11.316722
59000.0 -13.085892
59200.0 -13.02114
59400.0 -14.184588
59600.0 -13.829235
59800.0 -11.943944
60000.0 -12.745103
60200.0 -11.942699
60400.0 -11.234443
60600.0 -10.691394
60800.0 -10.785547
61000.0 -10.178487
61200.0 -11.466763
61400.0 -10.884146
61600.0 -10.74386
61800.0 -11.363027
62000.0 -9.4168847
62200.0 -10.733792
62400.0 -10.320091
62600.0 -9.4912659
62800.0 -9.0075362
63000.0 -9.779759
63200.0 -10.115538
63400.0 -10.008112
63600.0 -10.287128
63800.0 -11.427345
64000.0 -11.169037
64200.0 -11.638527
64400.0 -13.077583
64600.0 -13.112439
64800.0 -13.353201
65000.0 -14.062894
65200.0 -13.492737
65400.0 -13.326271
65600.0 -12.292632
65800.0 -12.644852
66000.0 -12.11527
66200.0 -11.490119
66400.0 -11.275895
66600.0 -11.718226
66800.0 -11.982228
67000.0 -11.101817
67200.0 -11.994511
67400.0 -11.194113
67600.0 -11.292945
67800.0 -11.046183
68000.0 -12.461174
68200.0 -12.281628
68400.0 -11.780236
68600.0 -13.476244
68800.0 -12.349232
69000.0 -12.318839
69200.0 -12.180221
69400.0 -11.277096
69600.0 -11.3857
69800.0 -10.852105
70000.0 -11.919349
70200.0 -11.151669
70400.0 -12.018996
70600.0 -11.483051
70800.0 -11.608146
71000.0 -10.943929
71200.0 -11.874601
71400.0 -11.73844
71600.0 -9.9308961
71800.0 -11.505416
72000.0 -11.487884
72200.0 -11.823629
72400.0 -11.240653
72600.0 -11.71635
72800.0 -10.715546
73000.0 -10.541811
73200.0 -10.951287
73400.0 -10.759586
73600.0 -10.013486
73800.0 -11.016777
74000.0 -10.537247
74200.0 -11.758552
74400.0 -11.729099
74600.0 -11.562944
74800.0 -11.022882
75000.0 -11.388319
75200.0 -12.300402
75400.0 -11.8094
75600.0 -11.500616
75800.0 -12.7043
76000.0 -13.231544
76200.0 -11.885223
76400.0 -11.380132
76600.0 -12.318769
76800.0 -11.585366
77000.0 -11.725323
77200.0 -11.676168
77400.0 -10.612243
77600.0 -11.472256
77800.0 -10.982601
78000.0 -10.80022
78200.0 -11.147586
78400.0 -11.927859
78600.0 -12.222104
78800.0 -12.360313
79000.0 -13.108558
79200.0 -12.624467
79400.0 -13.30863
79600.0 -11.825975
79800.0 -11.926958
80000.0 -12.825776
80200.0 -11.38378
80400.0 -11.944273
80600.0 -11.353706
80800.0 -11.076505
81000.0 -11.518446
81200.0 -10.740813
81400.0 -10.812378
81600.0 -11.275213
81800.0 -10.170773
82000.0 -10.9707
82200.0 -11.97159
82400.0 -11.012211
82600.0 -11.904467
82800.0 -11.866311
83000.0 -12.678578
83200.0 -12.400318
83400.0 -12.528468
83600.0 -12.197688
83800.0 -11.603336
84000.0 -12.594767
84200.0 -12.656555
84400.0 -11.782421
84600.0 -12.457649
84800.0 -12.061763
85000.0 -12.751246
85200.0 -12.404427
85400.0 -11.513471
85600.0 -12.640604
85800.0 -12.978361
86000.0 -10.932248
86200.0 -12.320563
86400.0 -12.281377
86600.0 -10.858421
86800.0 -12.205024
87000.0 -12.67965
87200.0 -11.891895
87400.0 -13.757834
87600.0 -13.53134
87800.0 -12.504173
88000.0 -13.233247
88200.0 -13.465618
88400.0 -12.524958
88600.0 -12.463141
88800.0 -12.416043
89000.0 -11.784274
89200.0 -11.877147
89400.0 -11.938295
89600.0 -11.586859
89800.0 -12.176208
90000.0 -11.75797
90200.0 -12.016938
90400.0 -12.475666
90600.0 -11.850617
90800.0 -12.161742
91000.0 -11.951739
91200.0 -12.578856
91400.0 -11.005366
91600.0 -11.689698
91800.0 -10.434008
92000.0 -10.784443
92200.0 -10.601993
92400.0 -10.775893
92600.0 -10.660998
92800.0 -10.04731
93000.0 -11.164254
93200.0 -9.8229747
93400.0 -10.227935
93600.0 -9.9012322
93800.0 -10.531659
94000.0 -9.2620488
94200.0 -9.5710088
94400.0 -10.688361
94600.0 -9.456106
94800.0 -10.506943
95000.0 -11.693788
95200.0 -11.882701
95400.0 -11.21178
95600.0 -11.971136
95800.0 -12.193526
96000.0 -11.420288
96200.0 -11.305547
96400.0 -11.380702
96600.0 -11.407292
96800.0 -11.967517
97000.0 -11.317427
97200.0 -11.855232
97400.0 -11.94724
97600.0 -11.786225
97800.0 -11.225003
98000.0 -11.824368
98200.0 -12.248722
98400.0 -11.148169
98600.0 -9.5692436
98800.0 -10.454717
99000.0 -11.470134
99200.0 -10.040292
99400.0 -9.8809274
99600.0 -8.3476134
99800.0 -9.5370015
100000.0 -9.1875294
