0.0 241.59095
200.0 248.25948
400.0 249.09112
600.0 255.93163
800.0 244.71646
1000.0 252.77246
1200.0 254.98723
1400.0 261.01255
1600.0 257.0517
1800.0 259.97991
2000.0 256.73944
2200.0 251.87941
2400.0 258.57983
2600.0 249.84473
2800.0 261.81543
3000.0 257.67669
3200.0 254.58281
3400.0 256.10513
3600.0 255.57104
3800.0 248.43399
4000.0 251.97045
4200.0 255.10741
4400.0 258.88112
4600.0 255.07937
4800.0 254.81427
5000.0 256.65142
5200.0 262.94777
5400.0 263.24947
5600.0 257.44354
5800.0 263.41472
6000.0 254.79735
6200.0 255.70335
6400.0 261.98022
6600.0 257.05334
6800.0 255.61296
7000.0 257.15749
7200.0 256.9973
7400.0 252.37781
7600.0 252.13034
7800.0 256.92784
8000.0 258.02964
8200.0 259.36066
8400.0 264.0243
8600.0 265.28553
8800.0 262.44788
9000.0 257.37025
9200.0 260.32682
9400.0 261.71645
9600.0 252.89259
9800.0 260.6781
10000.0 262.09945
10200.0 251.51396
10400.0 258.20759
10600.0 252.79318
10800.0 260.04753
11000.0 256.86855
11200.0 254.56753
11400.0 246.72979
11600.0 254.53067
11800.0 252.75905
12000.0 258.71747
12200.0 251.36551
12400.0 249.29621
12600.0 260.78434
12800.0 261.89765
13000.0 254.83547
13200.0 259.94503
13400.0 261.43928
13600.0 255.4711
13800.0 265.45583
14000.0 251.64385
14200.0 252.85861
14400.0 251.77865
14600.0 253.92443
14800.0 254.98837
15000.0 251.33001
15200.0 255.05265
15400.0 249.40123
15600.0 261.60116
15800.0 256.01138
16000.0 259.95488
16200.0 254.65902
16400.0 258.61493
16600.0 259.14763
16800.0 254.56657
17000.0 254.3364
17200.0 263.5126
17400.0 252.61094
17600.0 261.1931
17800.0 249.10898
18000.0 251.35365
18200.0 249.25634
18400.0 245.10569
18600.0 248.12401
18800.0 252.31617
19000.0 254.60678
19200.0 249.46975
19400.0 262.23163
19600.0 251.45989
19800.0 262.18108
20000.0 260.32632
20200.0 255.15755
20400.0 260.21145
20600.0 258.22806
20800.0 252.93132
21000.0 255.74436
21200.0 253.0429
21400.0 250.49816
21600.0 252.23496
21800.0 254.24897
22000.0 256.80173
22200.0 258.72327
22400.0 255.54718
22600.0 264.89165
22800.0 262.3087
23000.0 252.53299
23200.0 257.65627
23400.0 257.84003
23600.0 263.02281
23800.0 251.34577
24000.0 255.21829
24200.0 252.63473
24400.0 259.69281
24600.0 248.09184
24800.0 252.28647
25000.0 253.64463
25200.0 256.04218
25400.0 253.94691
25600.0 248.73772
25800.0 257.48246
26000.0 263.22446
26200.0 259.34338
26400.0 255.03235
26600.0 247.82591
26800.0 266.10179
27000.0 256.2103
27200.0 259.67224
27400.0 256.88899
27600.0 248.23823
27800.0 250.49605
28000.0 255.14421
28200.0 254.25701
28400.0 249.55639
28600.0 256.15765
28800.0 255.84639
29000.0 258.94963
29200.0 260.95019
29400.0 258.67376
29600.0 260.96917
29800.0 256.35736
30000.0 256.88674
30200.0 259.53138
30400.0 256.66387
30600.0 252.20026
30800.0 253.58117
31000.0 259.01732
31200.0 252.90281
31400.0 249.48285
31600.0 254.80736
31800.0 253.77742
32000.0 253.09004
32200.0 254.77261
32400.0 261.37151
32600.0 253.83699
32800.0 256.48983
33000.0 258.27932
33200.0 262.9143
33400.0 262.03093
33600.0 258.36143
33800.0 258.68866
34000.0 256.13445
34200.0 254.38378
34400.0 254.37867
34600.0 257.2805
34800.0 249.00861
35000.0 257.448
35200.0 251.12059
35400.0 257.71007
35600.0 253.40538
35800.0 258.56536
36000.0 256.53766
36200.0 255.78622
36400.0 255.83653
36600.0 261.50561
36800.0 260.99398
37000.0 254.12152
37200.0 259.44258
37400.0 253.61206
37600.0 255.07779
37800.0 253.95043
38000.0 259.22938
38200.0 248.49364
38400.0 252.96411
38600.0 252.21634
38800.0 249.85604
39000.0 249.7639
39200.0 256.8929
39400.0 252.24695
39600.0 254.70985
39800.0 264.18422
40000.0 252.82604
40200.0 258.76236
40400.0 259.68483
40600.0 255.53044
40800.0 260.35754
41000.0 258.20265
41200.0 250.36347
41400.0 249.1646
41600.0 254.15443
41800.0 248.7571
42000.0 252.60073
42200.0 253.87329
42400.0 257.6073
42600.0 250.31063
42800.0 255.14273
43000.0 255.47448
43200.0 256.35536
43400.0 260.80586
43600.0 253.63503
43800.0 257.10496
44000.0 259.28499
44200.0 257.89614
44400.0 252.60701
44600.0 256.01016
44800.0 247.45639
45000.0 245.13373
45200.0 252.79228
45400.0 254.26714
45600.0 248.68109
45800.0 256.43425
46000.0 252.17233
46200.0 259.71032
46400.0 249.09815
46600.0 260.32052
46800.0 258.15618
47000.0 260.83619
47200.0 255.94331
47400.0 253.45347
47600.0 260.14687
47800.0 247.95919
48000.0 254.71881
48200.0 252.91269
48400.0 249.74643
48600.0 249.94034
48800.0 247.77207
49000.0 254.64004
49200.0 244.95316
49400.0 255.38959
49600.0 254.29038
49800.0 259.43829
50000.0 252.79774
50200.0 263.19677
50400.0 256.14317
50600.0 254.24839
50800.0 260.76285
51000.0 253.5083
51200.0 254.32938
51400.0 254.05703
51600.0 252.04359
51800.0 255.90893
52000.0 242.7955
52200.0 254.85619
52400.0 253.37608
52600.0 245.95995
52800.0 260.73501
53000.0 259.28843
53200.0 261.02119
53400.0 252.36368
53600.0 258.58127
53800.0 265.20754
54000.0 248.23037
54200.0 254.4692
54400.0 256.53851
54600.0 253.9359
54800.0 251.27767
55000.0 258.1711
55200.0 243.18979
55400.0 255.67736
55600.0 254.00594
55800.0 249.08837
56000.0 254.51011
56200.0 249.83361
56400.0 258.61024
56600.0 253.03189
56800.0 255.92822
57000.0 266.66267
57200.0 257.55976
57400.0 257.22854
57600.0 256.50171
57800.0 248.31286
58000.0 267.11686
58200.0 250.49489
58400.0 249.2707
58600.0 252.57564
58800.0 250.5098
59000.0 250.71008
59200.0 250.84388
59400.0 258.34263
59600.0 253.51495
59800.0 254.3068
60000.0 259.12192
60200.0 253.19958
60400.0 263.37697
60600.0 256.97979
60800.0 259.70617
61000.0 258.46375
61200.0 257.72712
61400.0 255.63804
61600.0 254.83647
61800.0 254.31033
62000.0 251.82308
62200.0 250.68053
62400.0 253.83669
62600.0 254.56189
62800.0 251.76759
63000.0 257.86671
63200.0 258.58604
63400.0 252.88197
63600.0 257.1435
63800.0 254.20067
64000.0 261.47785
64200.0 256.20489
64400.0 258.14805
64600.0 255.65963
64800.0 257.33922
65000.0 252.17828
65200.0 255.71135
65400.0 249.70485
65600.0 252.63627
65800.0 243.65812
66000.0 250.89094
66200.0 254.1722
66400.0 250.61984
66600.0 254.61719
66800.0 258.7391
67000.0 257.27121
67200.0 254.68284
67400.0 257.87824
67600.0 257.08431
67800.0 258.41593
68000.0 263.22101
68200.0 257.94764
68400.0 254.982
68600.0 255.39295
68800.0 255.18761
69000.0 251.77853
69200.0 247.36131
69400.0 256.22489
69600.0 254.6383
69800.0 254.72228
70000.0 249.97636
70200.0 258.58351
70400.0 265.25696
70600.0 249.92795
70800.0 262.57563
71000.0 257.32232
71200.0 249.15913
71400.0 262.62916
71600.0 260.18629
71800.0 251.63491
72000.0 251.77101
72200.0 256.04661
72400.0 252.57727
72600.0 247.00268
72800.0 253.10925
73000.0 244.68989
73200.0 251.37156
73400.0 256.06347
73600.0 253.59719
73800.0 259.05153
74000.0 255.94114
74200.0 253.52396
74400.0 262.82202
74600.0 257.90438
74800.0 263.0079
75000.0 250.32926
75200.0 257.45602
75400.0 252.82933
75600.0 256.03305
75800.0 251.11793
76000.0 247.15874
76200.0 255.96182
76400.0 248.06308
76600.0 261.28413
76800.0 254.99138
77000.0 262.8908
77200.0 260.53993
77400.0 252.88438
77600.0 262.89212
77800.0 257.8386
78000.0 256.38297
78200.0 251.92166
78400.0 256.64715
78600.0 253.45942
78800.0 255.53068
79000.0 246.95539
79200.0 254.16713
79400.0 253.62192
79600.0 259.5281
79800.0 252.95651
80000.0 262.25904
80200.0 265.68601
80400.0 251.82368
80600.0 264.82879
80800.0 251.35245
81000.0 257.42501
81200.0 259.71072
81400.0 250.58547
81600.0 256.5731
81800.0 246.39939
82000.0 256.68318
82200.0 248.12951
82400.0 266.13084
82600.0 256.09337
82800.0 255.59138
83000.0 255.27627
83200.0 261.107
83400.0 259.45658
83600.0 261.26212
83800.0 249.71332
84000.0 257.46737
84200.0 255.7425
84400.0 252.52204
84600.0 256.49472
84800.0 255.31786
85000.0 252.18773
85200.0 253.67754
85400.0 248.87926
85600.0 252.55263
85800.0 257.3181
86000.0 247.54989
86200.0 262.05763
86400.0 261.52671
86600.0 254.29319
86800.0 262.83165
87000.0 256.83397
87200.0 257.23272
87400.0 259.86717
87600.0 250.34724
87800.0 246.96976
88000.0 251.45076
88200.0 258.99466
88400.0 253.97708
88600.0 252.76495
88800.0 258.44457
89000.0 259.71264
89200.0 253.74272
89400.0 261.14494
89600.0 267.23734
89800.0 260.47311
90000.0 253.64963
90200.0 264.89862
90400.0 254.85949
90600.0 254.85871
90800.0 257.30478
91000.0 251.62303
91200.0 251.97463
91400.0 260.23708
91600.0 255.89125
91800.0 253.12045
92000.0 258.15169
92200.0 256.50288
92400.0 263.3429
92600.0 261.59387
92800.0 264.77272
93000.0 260.60912
93200.0 263.00713
93400.0 252.54869
93600.0 268.63251
93800.0 256.52918
94000.0 256.5566
94200.0 259.97801
94400.0 248.91918
94600.0 260.60907
94800.0 260.56004
95000.0 254.23466
95200.0 257.43681
95400.0 243.49319
95600.0 251.77633
95800.0 256.35191
96000.0 258.89618
96200.0 252.51855
96400.0 259.03781
96600.0 260.37614
96800.0 260.27219
97000.0 257.96892
97200.0 267.81136
97400.0 251.41531
97600.0 257.3148
97800.0 257.87374
98000.0 258.36583
98200.0 258.54619
98400.0 248.27712
98600.0 253.33613
98800.0 254.79078
99000.0 253.57524
99200.0 257.88885
99400.0 254.57702
99600.0 253.94544
99800.0 256.95865
100000.0 259.46616
