0.0 108.20104
200.0 106.28843
400.0 109.26453
600.0 110.216
800.0 108.52634
1000.0 110.14436
1200.0 108.19892
1400.0 106.40335
1600.0 110.20597
1800.0 107.20654
2000.0 107.08416
2200.0 108.23104
2400.0 104.71863
2600.0 108.18507
2800.0 107.11022
3000.0 105.4802
3200.0 111.00398
3400.0 108.4709
3600.0 107.5145
3800.0 109.37078
4000.0 106.84224
4200.0 106.39347
4400.0 107.97507
4600.0 110.7399
4800.0 110.14283
5000.0 110.67125
5200.0 108.39954
5400.0 109.96369
5600.0 111.94754
5800.0 108.77555
6000.0 107.89535
6200.0 107.3627
6400.0 110.45216
6600.0 109.66066
6800.0 106.16376
7000.0 108.54065
7200.0 108.13554
7400.0 109.50707
7600.0 106.45592
7800.0 105.02985
8000.0 107.00206
8200.0 108.68777
8400.0 105.99971
8600.0 104.71921
8800.0 104.72754
9000.0 105.99303
9200.0 110.36447
9400.0 108.8414
9600.0 110.35439
9800.0 106.83567
10000.0 110.10797
10200.0 107.48903
10400.0 104.18749
10600.0 108.35803
10800.0 107.56987
11000.0 105.32309
11200.0 106.5069
11400.0 108.37852
11600.0 108.79267
11800.0 102.78064
12000.0 102.96611
12200.0 107.26223
12400.0 107.67075
12600.0 107.26425
12800.0 105.21031
13000.0 107.13391
13200.0 108.37165
13400.0 111.95636
13600.0 105.94913
13800.0 107.7211
14000.0 109.8732
14200.0 106.04366
14400.0 107.81483
14600.0 104.46548
14800.0 105.86391
15000.0 104.73413
15200.0 106.23517
15400.0 109.12453
15600.0 107.06079
15800.0 108.34191
16000.0 104.71638
16200.0 105.86847
16400.0 107.51408
16600.0 106.67947
16800.0 106.25507
17000.0 107.5527
17200.0 110.13166
17400.0 106.89516
17600.0 108.36061
17800.0 110.69117
18000.0 111.83587
18200.0 107.64719
18400.0 105.6912
18600.0 108.55314
18800.0 103.4874
19000.0 107.65273
19200.0 109.09059
19400.0 106.7038
19600.0 107.7066
19800.0 106.63439
20000.0 111.09004
20200.0 109.68487
20400.0 110.75011
20600.0 110.45837
20800.0 105.53483
21000.0 105.41934
21200.0 106.37998
21400.0 106.74022
21600.0 109.22363
21800.0 106.57376
22000.0 107.81648
22200.0 107.44682
22400.0 108.87813
22600.0 110.18403
22800.0 109.32865
23000.0 109.09173
23200.0 109.12339
23400.0 107.59568
23600.0 108.23697
23800.0 111.69402
24000.0 110.01678
24200.0 104.67775
24400.0 108.01183
24600.0 109.09466
24800.0 110.23184
25000.0 107.57257
25200.0 107.74099
25400.0 110.8893
25600.0 107.00068
25800.0 106.22015
26000.0 110.21955
26200.0 105.13776
26400.0 103.25184
26600.0 106.75866
26800.0 107.30143
27000.0 106.35031
27200.0 110.0171
27400.0 106.87977
27600.0 108.31138
27800.0 108.77744
28000.0 104.8342
28200.0 106.81458
28400.0 107.48651
28600.0 109.57868
28800.0 109.74448
29000.0 110.08062
29200.0 108.77526
29400.0 108.34989
29600.0 109.88029
29800.0 107.89975
30000.0 108.65833
30200.0 108.23135
30400.0 105.88983
30600.0 110.78304
30800.0 109.6513
31000.0 108.15733
31200.0 106.06317
31400.0 106.64008
31600.0 111.06288
31800.0 110.17883
32000.0 106.36651
32200.0 104.38038
32400.0 106.00905
32600.0 105.24966
32800.0 109.96693
33000.0 106.21852
33200.0 105.89919
33400.0 103.17153
33600.0 105.82411
33800.0 110.01924
34000.0 105.91776
34200.0 108.39056
34400.0 108.27521
34600.0 107.89677
34800.0 106.15604
35000.0 109.97705
35200.0 107.88674
35400.0 108.04534
35600.0 113.54942
35800.0 109.63993
36000.0 105.59607
36200.0 101.70531
36400.0 106.67123
36600.0 112.42604
36800.0 110.53464
37000.0 105.91852
37200.0 108.56896
37400.0 105.86006
37600.0 103.6403
37800.0 107.53069
38000.0 107.58074
38200.0 106.34777
38400.0 107.74846
38600.0 110.0211
38800.0 104.94099
39000.0 110.39178
39200.0 108.16131
39400.0 111.11879
39600.0 107.70271
39800.0 104.5211
40000.0 110.17362
40200.0 106.28521
40400.0 108.92761
40600.0 105.91718
40800.0 108.54611
41000.0 106.4408
41200.0 111.22835
41400.0 110.50634
41600.0 107.23899
41800.0 107.55593
42000.0 109.44921
42200.0 111.12033
42400.0 108.9984
42600.0 109.73623
42800.0 108.71677
43000.0 105.8094
43200.0 107.61113
43400.0 107.98677
43600.0 106.52921
43800.0 109.32551
44000.0 108.78236
44200.0 106.6277
44400.0 107.07106
44600.0 105.75204
44800.0 110.26869
45000.0 110.82381
45200.0 106.91735
45400.0 108.28029
45600.0 109.43207
45800.0 110.06165
46000.0 111.2532
46200.0 106.69035
46400.0 107.38078
46600.0 110.16837
46800.0 105.49256
47000.0 106.23053
47200.0 106.30136
47400.0 107.72273
47600.0 107.78013
47800.0 108.81051
48000.0 106.68122
48200.0 106.21295
48400.0 111.08646
48600.0 110.42547
48800.0 109.49403
49000.0 105.68665
49200.0 111.83773
49400.0 111.27831
49600.0 106.76004
49800.0 107.46663
50000.0 110.89433
50200.0 110.38426
50400.0 110.33946
50600.0 109.0184
50800.0 107.42102
51000.0 108.27911
51200.0 107.71996
51400.0 107.75235
51600.0 106.51951
51800.0 107.24001
52000.0 106.47048
52200.0 108.18212
52400.0 110.62637
52600.0 108.92527
52800.0 108.2843
53000.0 109.23341
53200.0 108.64611
53400.0 108.46765
53600.0 111.95502
53800.0 111.8295
54000.0 111.14011
54200.0 110.59514
54400.0 112.13713
54600.0 113.5864
54800.0 109.3571
55000.0 106.93876
55200.0 112.01166
55400.0 109.10047
55600.0 107.4712
55800.0 107.116
56000.0 107.14074
56200.0 105.9042
56400.0 105.81459
56600.0 111.06498
56800.0 105.55804
57000.0 106.85193
57200.0 107.18742
57400.0 108.32268
57600.0 110.31813
57800.0 111.63963
58000.0 111.75492
58200.0 107.69914
58400.0 104.71904
58600.0 105.6791
58800.0 110.8793
59000.0 110.01497
59200.0 110.47334
59400.0 107.86563
59600.0 108.00282
59800.0 107.16612
60000.0 106.58793
60200.0 107.29601
60400.0 106.61905
60600.0 107.75678
60800.0 105.54593
61000.0 107.37614
61200.0 106.36892
61400.0 106.98383
61600.0 107.36172
61800.0 109.12518
62000.0 108.44368
62200.0 109.30356
62400.0 109.27149
62600.0 107.25527
62800.0 107.14589
63000.0 110.7671
63200.0 108.50241
63400.0 107.16424
63600.0 104.66133
63800.0 105.76602
64000.0 109.27319
64200.0 107.25167
64400.0 104.82604
64600.0 106.33446
64800.0 106.99873
65000.0 107.50551
65200.0 107.54862
65400.0 108.72579
65600.0 108.40365
65800.0 106.94556
66000.0 107.83387
66200.0 108.99377
66400.0 109.55472
66600.0 105.72046
66800.0 109.33342
67000.0 106.79905
67200.0 107.60139
67400.0 106.65145
67600.0 108.96228
67800.0 108.64905
68000.0 106.8313
68200.0 107.57324
68400.0 106.35981
68600.0 105.62043
68800.0 108.39239
69000.0 110.74189
69200.0 108.91263
69400.0 111.03925
69600.0 106.48513
69800.0 109.50666
70000.0 104.54125
70200.0 104.98244
70400.0 109.6078
70600.0 105.35033
70800.0 106.56056
71000.0 107.30143
71200.0 104.38196
71400.0 105.57429
71600.0 107.94024
71800.0 108.68714
72000.0 111.28824
72200.0 107.12449
72400.0 107.82097
72600.0 109.42938
72800.0 107.98186
73000.0 107.39533
73200.0 107.56179
73400.0 110.66929
73600.0 108.68599
73800.0 106.52409
74000.0 110.08943
74200.0 110.21882
74400.0 109.3698
74600.0 107.55281
74800.0 106.40617
75000.0 105.14516
75200.0 109.40198
75400.0 110.05148
75600.0 106.6048
75800.0 105.24901
76000.0 104.52007
76200.0 105.66518
76400.0 104.18721
76600.0 104.4781
76800.0 108.83676
77000.0 108.51433
77200.0 106.31966
77400.0 108.56122
77600.0 108.65664
77800.0 111.00572
78000.0 109.87135
78200.0 107.11987
78400.0 108.38015
78600.0 107.75285
78800.0 104.12084
79000.0 107.29202
79200.0 107.106
79400.0 103.85175
79600.0 103.48504
79800.0 107.3588
80000.0 107.01201
80200.0 107.57735
80400.0 105.00097
80600.0 105.87422
80800.0 105.22338
81000.0 109.60206
81200.0 109.60967
81400.0 110.33034
81600.0 107.3809
81800.0 109.92867
82000.0 107.36693
82200.0 106.94675
82400.0 108.51097
82600.0 107.87821
82800.0 106.12183
83000.0 105.24737
83200.0 107.49225
83400.0 106.74837
83600.0 105.82588
83800.0 104.30019
84000.0 110.37859
84200.0 107.2558
84400.0 107.23709
84600.0 111.21408
84800.0 109.32324
85000.0 107.61823
85200.0 107.11246
85400.0 106.9706
85600.0 107.40334
85800.0 108.83778
86000.0 107.20265
86200.0 108.13722
86400.0 107.78047
86600.0 108.64078
86800.0 105.80875
87000.0 102.86617
87200.0 104.34329
87400.0 106.76865
87600.0 105.15426
87800.0 105.69174
88000.0 106.8142
88200.0 107.07992
88400.0 107.73837
88600.0 110.19789
88800.0 107.04744
89000.0 106.11691
89200.0 112.28976
89400.0 107.67834
89600.0 107.9767
89800.0 107.0708
90000.0 103.2955
90200.0 110.00378
90400.0 109.44058
90600.0 108.61214
90800.0 102.90292
91000.0 107.0722
91200.0 107.81327
91400.0 105.0132
91600.0 109.74566
91800.0 106.21176
92000.0 106.2277
92200.0 106.72989
92400.0 110.22462
92600.0 107.38254
92800.0 107.51543
93000.0 110.10392
93200.0 110.29408
93400.0 110.54695
93600.0 110.54672
93800.0 105.80913
94000.0 106.17592
94200.0 108.5248
94400.0 108.04406
94600.0 107.47658
94800.0 106.88324
95000.0 107.11063
95200.0 110.56153
95400.0 107.5092
95600.0 106.36322
95800.0 107.33975
96000.0 107.04556
96200.0 109.5217
96400.0 111.2411
96600.0 112.30867
96800.0 107.80024
97000.0 107.0293
97200.0 109.15382
97400.0 108.11504
97600.0 110.45335
97800.0 108.82338
98000.0 107.2922
98200.0 106.68297
98400.0 108.84789
98600.0 109.14444
98800.0 106.48213
99000.0 106.20691
99200.0 107.87979
99400.0 109.92685
99600.0 106.41061
99800.0 107.51352
100000.0 111.34664
