0.0 -5257.1724
200.0 -5258.0392
400.0 -5259.239
600.0 -5250.3881
800.0 -5253.8474
1000.0 -5249.2202
1200.0 -5244.2604
1400.0 -5241.8122
1600.0 -5247.5044
1800.0 -5238.0312
2000.0 -5253.6326
2200.0 -5238.8358
2400.0 -5249.6203
2600.0 -5243.6782
2800.0 -5249.827
3000.0 -5252.4333
3200.0 -5251.6475
3400.0 -5251.9689
3600.0 -5245.1597
3800.0 -5257.5185
4000.0 -5248.3519
4200.0 -5246.4843
4400.0 -5252.5478
4600.0 -5246.4096
4800.0 -5248.4099
5000.0 -5245.0853
5200.0 -5246.8692
5400.0 -5243.6486
5600.0 -5250.971
5800.0 -5236.8402
6000.0 -5245.0659
6200.0 -5237.2728
6400.0 -5237.8408
6600.0 -5245.3403
6800.0 -5246.6166
7000.0 -5247.3981
7200.0 -5252.6302
7400.0 -5249.3131
7600.0 -5252.8168
7800.0 -5246.946
8000.0 -5248.7767
8200.0 -5249.4982
8400.0 -5245.2523
8600.0 -5247.3748
8800.0 -5249.5269
9000.0 -5240.3384
9200.0 -5237.294
9400.0 -5246.7366
9600.0 -5242.9499
9800.0 -5242.5575
10000.0 -5249.0453
10200.0 -5252.3114
10400.0 -5248.4385
10600.0 -5253.2767
10800.0 -5253.8406
11000.0 -5249.8557
11200.0 -5252.5184
11400.0 -5242.5031
11600.0 -5245.7591
11800.0 -5248.0023
12000.0 -5241.7338
12200.0 -5239.5387
12400.0 -5249.8118
12600.0 -5242.8085
12800.0 -5245.7271
13000.0 -5248.242
13200.0 -5248.9006
13400.0 -5245.2978
13600.0 -5252.5964
13800.0 -5248.0148
14000.0 -5253.3144
14200.0 -5248.2133
14400.0 -5249.4263
14600.0 -5245.6699
14800.0 -5252.0247
15000.0 -5245.7294
15200.0 -5249.7549
15400.0 -5246.0925
15600.0 -5250.9772
15800.0 -5244.3213
16000.0 -5244.5117
16200.0 -5245.8785
16400.0 -5243.2348
16600.0 -5242.1827
16800.0 -5240.8585
17000.0 -5245.6143
17200.0 -5244.31
17400.0 -5246.4271
17600.0 -5245.5044
17800.0 -5248.1323
18000.0 -5253.7133
18200.0 -5250.4077
18400.0 -5247.8352
18600.0 -5251.4797
18800.0 -5249.724
19000.0 -5247.4249
19200.0 -5249.5115
19400.0 -5244.0056
19600.0 -5233.6327
19800.0 -5242.3145
20000.0 -5239.2736
20200.0 -5238.7418
20400.0 -5244.5261
20600.0 -5246.2814
20800.0 -5246.3785
21000.0 -5242.5972
21200.0 -5252.0656
21400.0 -5247.9007
21600.0 -5243.1773
21800.0 -5252.2726
22000.0 -5253.9711
22200.0 -5249.2576
22400.0 -5250.2642
22600.0 -5252.0126
22800.0 -5251.1478
23000.0 -5250.8232
23200.0 -5246.5291
23400.0 -5245.8109
23600.0 -5240.7238
23800.0 -5242.8005
24000.0 -5238.9339
24200.0 -5244.832
24400.0 -5243.5503
24600.0 -5246.1898
24800.0 -5245.5499
25000.0 -5254.7399
25200.0 -5250.4169
25400.0 -5250.7282
25600.0 -5247.766
25800.0 -5252.7826
26000.0 -5249.4168
26200.0 -5249.053
26400.0 -5241.9867
26600.0 -5244.3335
26800.0 -5246.2947
27000.0 -5241.064
27200.0 -5244.7154
27400.0 -5241.0342
27600.0 -5249.3633
27800.0 -5244.6401
28000.0 -5250.4205
28200.0 -5248.579
28400.0 -5253.3013
28600.0 -5249.1428
28800.0 -5251.9757
29000.0 -5247.0757
29200.0 -5252.2308
29400.0 -5241.3332
29600.0 -5243.794
29800.0 -5242.9782
30000.0 -5238.1199
30200.0 -5244.4887
30400.0 -5238.4041
30600.0 -5244.1088
30800.0 -5244.2242
31000.0 -5245.2867
31200.0 -5242.0913
31400.0 -5251.6332
31600.0 -5252.1457
31800.0 -5248.2069
32000.0 -5257.576
32200.0 -5246.7312
32400.0 -5251.4826
32600.0 -5250.9539
32800.0 -5242.6947
33000.0 -5247.6116
33200.0 -5244.2815
33400.0 -5240.0736
33600.0 -5245.6805
33800.0 -5242.7203
34000.0 -5242.7084
34200.0 -5243.0344
34400.0 -5250.6588
34600.0 -5249.0684
34800.0 -5248.8095
35000.0 -5248.768
35200.0 -5251.8929
35400.0 -5249.0362
35600.0 -5247.2151
35800.0 -5250.4044
36000.0 -5248.7806
36200.0 -5246.1695
36400.0 -5248.0191
36600.0 -5247.8209
36800.0 -5244.421
37000.0 -5247.4813
37200.0 -5244.9382
37400.0 -5239.5149
37600.0 -5238.9702
37800.0 -5244.0042
38000.0 -5241.9145
38200.0 -5240.3424
38400.0 -5247.9279
38600.0 -5245.5272
38800.0 -5255.7352
39000.0 -5246.5891
39200.0 -5254.8257
39400.0 -5247.0914
39600.0 -5254.9692
39800.0 -5245.702
40000.0 -5247.21
40200.0 -5247.6346
40400.0 -5237.8684
40600.0 -5240.1812
40800.0 -5244.4925
41000.0 -5242.9243
41200.0 -5242.2964
41400.0 -5242.011
41600.0 -5248.9804
41800.0 -5241.2041
42000.0 -5250.7744
42200.0 -5246.4873
42400.0 -5254.0867
42600.0 -5248.1976
42800.0 -5251.4496
43000.0 -5246.9583
43200.0 -5251.5165
43400.0 -5248.6811
43600.0 -5246.991
43800.0 -5244.2807
44000.0 -5245.9081
44200.0 -5243.5895
44400.0 -5242.896
44600.0 -5242.8513
44800.0 -5247.1967
45000.0 -5245.7543
45200.0 -5252.2204
45400.0 -5249.2158
45600.0 -5250.9738
45800.0 -5256.2546
46000.0 -5247.3962
46200.0 -5247.5245
46400.0 -5244.96
46600.0 -5247.3843
46800.0 -5239.189
47000.0 -5248.3309
47200.0 -5240.9007
47400.0 -5244.3438
47600.0 -5247.8355
47800.0 -5244.7965
48000.0 -5255.6897
48200.0 -5245.5064
48400.0 -5253.4263
48600.0 -5248.1279
48800.0 -5252.1085
49000.0 -5252.2448
49200.0 -5244.7619
49400.0 -5240.5351
49600.0 -5245.4282
49800.0 -5233.5159
50000.0 -5239.3656
50200.0 -5242.298
50400.0 -5239.1378
50600.0 -5244.7059
50800.0 -5245.0879
51000.0 -5247.2782
51200.0 -5249.5556
51400.0 -5251.0261
51600.0 -5245.604
51800.0 -5249.7
52000.0 -5248.1365
52200.0 -5246.6829
52400.0 -5254.2869
52600.0 -5244.382
52800.0 -5238.4729
53000.0 -5244.8722
53200.0 -5231.0144
53400.0 -5239.3352
53600.0 -5243.073
53800.0 -5239.1327
54000.0 -5241.5833
54200.0 -5247.7548
54400.0 -5249.273
54600.0 -5246.3371
54800.0 -5249.8543
55000.0 -5247.9446
55200.0 -5252.1976
55400.0 -5251.028
55600.0 -5249.9891
55800.0 -5254.2159
56000.0 -5252.0661
56200.0 -5247.2677
56400.0 -5250.0336
56600.0 -5246.2869
56800.0 -5239.165
57000.0 -5242.8789
57200.0 -5247.3098
57400.0 -5244.0292
57600.0 -5244.5082
57800.0 -5248.5502
58000.0 -5245.0414
58200.0 -5246.1733
58400.0 -5247.9752
58600.0 -5253.7445
58800.0 -5245.0565
59000.0 -5247.1802
59200.0 -5255.6816
59400.0 -5249.8785
59600.0 -5246.3501
59800.0 -5249.195
60000.0 -5246.0423
60200.0 -5246.4433
60400.0 -5249.6745
60600.0 -5240.8733
60800.0 -5244.1736
61000.0 -5243.5454
61200.0 -5237.8344
61400.0 -5246.8712
61600.0 -5247.2629
61800.0 -5242.6106
62000.0 -5252.5649
62200.0 -5250.5765
62400.0 -5248.0627
62600.0 -5251.8696
62800.0 -5254.3576
63000.0 -5247.5189
63200.0 -5243.9674
63400.0 -5250.6591
63600.0 -5246.7355
63800.0 -5238.8403
64000.0 -5243.7548
64200.0 -5240.3121
64400.0 -5237.2326
64600.0 -5227.3432
64800.0 -5241.311
65000.0 -5231.7793
65200.0 -5236.0239
65400.0 -5249.9083
65600.0 -5242.5987
65800.0 -5243.4954
66000.0 -5249.8701
66200.0 -5252.9513
66400.0 -5241.4358
66600.0 -5253.8345
66800.0 -5248.4369
67000.0 -5255.3229
67200.0 -5251.747
67400.0 -5245.5491
67600.0 -5244.7313
67800.0 -5252.6033
68000.0 -5245.3261
68200.0 -5242.6987
68400.0 -5238.1396
68600.0 -5249.1347
68800.0 -5243.4504
69000.0 -5247.1045
69200.0 -5250.319
69400.0 -5255.7873
69600.0 -5253.2672
69800.0 -5247.5522
70000.0 -5252.0801
70200.0 -5251.2618
70400.0 -5254.0706
70600.0 -5241.8873
70800.0 -5249.6138
71000.0 -5247.1531
71200.0 -5245.6999
71400.0 -5241.3889
71600.0 -5246.061
71800.0 -5246.2348
72000.0 -5241.806
72200.0 -5250.416
72400.0 -5242.7695
72600.0 -5244.4005
72800.0 -5252.9243
73000.0 -5251.1473
73200.0 -5246.9895
73400.0 -5254.9861
73600.0 -5256.0036
73800.0 -5245.7781
74000.0 -5252.1566
74200.0 -5246.7987
74400.0 -5241.5649
74600.0 -5247.799
74800.0 -5238.5594
75000.0 -5242.9187
75200.0 -5247.1422
75400.0 -5245.2781
75600.0 -5248.3599
75800.0 -5244.3194
76000.0 -5250.5477
76200.0 -5248.0637
76400.0 -5249.8197
76600.0 -5254.7084
76800.0 -5248.0585
77000.0 -5250.2469
77200.0 -5244.4356
77400.0 -5248.7862
77600.0 -5243.011
77800.0 -5234.0874
78000.0 -5244.6654
78200.0 -5241.887
78400.0 -5241.18
78600.0 -5245.7107
78800.0 -5246.8509
79000.0 -5248.3652
79200.0 -5251.3806
79400.0 -5252.6379
79600.0 -5244.9278
79800.0 -5249.149
80000.0 -5255.4308
80200.0 -5240.8995
80400.0 -5248.5151
80600.0 -5248.4434
80800.0 -5237.8046
81000.0 -5245.1785
81200.0 -5241.403
81400.0 -5244.9122
81600.0 -5243.8745
81800.0 -5243.2071
82000.0 -5244.0734
82200.0 -5256.3624
82400.0 -5243.7004
82600.0 -5250.7369
82800.0 -5244.7369
83000.0 -5253.299
83200.0 -5247.4239
83400.0 -5246.0311
83600.0 -5251.1802
83800.0 -5250.5765
84000.0 -5247.1513
84200.0 -5248.2033
84400.0 -5248.7507
84600.0 -5244.3542
84800.0 -5245.3552
85000.0 -5241.7048
85200.0 -5246.4388
85400.0 -5246.7758
85600.0 -5245.2705
85800.0 -5248.7745
86000.0 -5247.8178
86200.0 -5247.2047
86400.0 -5257.2901
86600.0 -5247.5368
86800.0 -5252.1903
87000.0 -5252.165
87200.0 -5245.0136
87400.0 -5246.0249
87600.0 -5242.6493
87800.0 -5239.1497
88000.0 -5244.1553
88200.0 -5236.4943
88400.0 -5241.3276
88600.0 -5249.505
88800.0 -5249.0807
89000.0 -5249.2053
89200.0 -5247.7382
89400.0 -5251.5905
89600.0 -5247.4265
89800.0 -5251.7397
90000.0 -5248.5623
90200.0 -5244.8591
90400.0 -5248.6382
90600.0 -5243.5052
90800.0 -5240.4614
91000.0 -5244.4947
91200.0 -5233.3077
91400.0 -5238.1675
91600.0 -5244.6887
91800.0 -5243.5005
92000.0 -5242.7359
92200.0 -5247.4764
92400.0 -5244.594
92600.0 -5250.7273
92800.0 -5248.0458
93000.0 -5249.1745
93200.0 -5248.5511
93400.0 -5245.8205
93600.0 -5252.4027
93800.0 -5251.9843
94000.0 -5247.9099
94200.0 -5249.0048
94400.0 -5250.9166
94600.0 -5243.1367
94800.0 -5244.873
95000.0 -5238.5221
95200.0 -5239.239
95400.0 -5245.7832
95600.0 -5243.0517
95800.0 -5238.7708
96000.0 -5246.3676
96200.0 -5243.9351
96400.0 -5253.7853
96600.0 -5248.5744
96800.0 -5248.0118
97000.0 -5249.9141
97200.0 -5255.3122
97400.0 -5243.786
97600.0 -5244.9899
97800.0 -5251.7775
98000.0 -5240.1129
98200.0 -5238.6292
98400.0 -5238.3213
98600.0 -5244.1743
98800.0 -5234.9559
99000.0 -5248.725
99200.0 -5248.0905
99400.0 -5245.1795
99600.0 -5241.3507
99800.0 -5249.3369
100000.0 -5246.914
