0.0 373.68904
200.0 373.42982
400.0 372.88283
600.0 372.25796
800.0 371.78861
1000.0 371.60465
1200.0 371.66032
1400.0 371.90234
1600.0 372.2196
1800.0 372.42157
2000.0 372.3308
2200.0 371.71464
2400.0 370.61093
2600.0 369.45197
2800.0 368.80661
3000.0 368.95579
3200.0 370.04284
3400.0 371.85613
3600.0 373.90503
3800.0 375.56088
4000.0 376.34961
4200.0 376.19659
4400.0 375.41207
4600.0 374.39766
4800.0 373.45684
5000.0 372.85758
5200.0 372.65688
5400.0 372.67255
5600.0 372.51904
5800.0 371.94873
6000.0 371.06087
6200.0 370.29319
6400.0 369.85176
6600.0 369.75859
6800.0 370.01709
7000.0 370.46471
7200.0 370.96818
7400.0 371.40717
7600.0 371.77698
7800.0 372.04964
8000.0 372.22713
8200.0 372.51008
8400.0 373.24166
8600.0 374.41209
8800.0 375.86558
9000.0 377.52308
9200.0 378.70967
9400.0 378.81945
9600.0 377.70429
9800.0 375.6218
10000.0 373.4178
10200.0 371.95575
10400.0 371.37911
10600.0 371.37534
10800.0 371.55785
11000.0 371.67731
11200.0 371.63742
11400.0 371.51453
11600.0 371.46975
11800.0 371.45959
12000.0 371.52632
12200.0 371.78473
12400.0 372.14807
12600.0 372.58975
12800.0 373.0369
13000.0 373.21345
13200.0 372.91762
13400.0 372.12971
13600.0 371.09312
13800.0 370.17241
14000.0 369.69273
14200.0 369.87026
14400.0 370.67295
14600.0 371.89645
14800.0 373.10269
15000.0 373.90341
15200.0 374.16723
15400.0 373.80466
15600.0 372.99665
15800.0 372.3037
16000.0 372.21674
16200.0 372.74299
16400.0 373.46409
16600.0 373.93236
16800.0 373.9251
17000.0 373.50797
17200.0 372.88485
17400.0 372.25346
17600.0 371.83947
17800.0 371.72491
18000.0 371.96207
18200.0 372.47776
18400.0 373.08577
18600.0 373.55697
18800.0 373.62411
19000.0 373.03706
19200.0 371.80089
19400.0 370.22149
19600.0 369.0133
19800.0 368.62874
20000.0 369.01846
20200.0 369.97781
20400.0 371.0608
20600.0 371.76741
20800.0 371.97036
21000.0 371.8935
21200.0 371.66066
21400.0 371.41825
21600.0 371.37073
21800.0 371.61413
22000.0 372.0277
22200.0 372.54263
22400.0 373.03468
22600.0 373.26716
22800.0 372.97394
23000.0 372.13069
23200.0 370.87448
23400.0 369.498
23600.0 368.43022
23800.0 368.14906
24000.0 368.8931
24200.0 370.47321
24400.0 372.52007
24600.0 374.3005
24800.0 375.13036
25000.0 374.89669
25200.0 373.85364
25400.0 372.39427
25600.0 371.10933
25800.0 370.40786
26000.0 370.4418
26200.0 371.05479
26400.0 371.71574
26600.0 372.10248
26800.0 372.09095
27000.0 371.77933
27200.0 371.31059
27400.0 371.06719
27600.0 371.30513
27800.0 372.13881
28000.0 373.71422
28200.0 375.53013
28400.0 377.03823
28600.0 377.82779
28800.0 377.70485
29000.0 376.71544
29200.0 375.05304
29400.0 373.12639
29600.0 371.51827
29800.0 370.58785
30000.0 370.24432
30200.0 370.23243
30400.0 370.45816
30600.0 370.78063
30800.0 370.99248
31000.0 371.06911
31200.0 371.06521
31400.0 371.17753
31600.0 371.6386
31800.0 372.47194
32000.0 373.35913
32200.0 373.99406
32400.0 374.22147
32600.0 373.89558
32800.0 373.05393
33000.0 371.84272
33200.0 370.60608
33400.0 369.91655
33600.0 369.98471
33800.0 370.59737
34000.0 371.41702
34200.0 372.07795
34400.0 372.2909
34600.0 371.94847
34800.0 371.19643
35000.0 370.30168
35200.0 369.52309
35400.0 369.02748
35600.0 368.93852
35800.0 369.22795
36000.0 369.81477
36200.0 370.56974
36400.0 371.27774
36600.0 371.8387
36800.0 372.09239
37000.0 371.97613
37200.0 371.74852
37400.0 371.75472
37600.0 372.42835
37800.0 373.7246
38000.0 375.18145
38200.0 376.28994
38400.0 376.60886
38600.0 376.03538
38800.0 374.8876
39000.0 373.54496
39200.0 372.46223
39400.0 371.99041
39600.0 372.0941
39800.0 372.54533
40000.0 373.08219
40200.0 373.43722
40400.0 373.45387
40600.0 372.97424
40800.0 372.02373
41000.0 370.84622
41200.0 369.87744
41400.0 369.38959
41600.0 369.36239
41800.0 369.63531
42000.0 369.99347
42200.0 370.25763
42400.0 370.25216
42600.0 369.9859
42800.0 369.7362
43000.0 369.73826
43200.0 370.09814
43400.0 370.95449
43600.0 372.02889
43800.0 373.00263
44000.0 373.82029
44200.0 374.40627
44400.0 374.66029
44600.0 374.81009
44800.0 375.15353
45000.0 375.8202
45200.0 376.75507
45400.0 377.63798
45600.0 377.91303
45800.0 377.10875
46000.0 375.04498
46200.0 372.31097
46400.0 370.05655
46600.0 368.8933
46800.0 368.72493
47000.0 369.04563
47200.0 369.44555
47400.0 369.76812
47600.0 369.9716
47800.0 370.07831
48000.0 370.2155
48200.0 370.65966
48400.0 371.68772
48600.0 373.03628
48800.0 374.26782
49000.0 375.13744
49200.0 375.59581
49400.0 375.61096
49600.0 375.12525
49800.0 374.15385
50000.0 372.79783
50200.0 371.25974
50400.0 369.77557
50600.0 368.22363
50800.0 366.5292
51000.0 364.99132
51200.0 364.05793
51400.0 363.97481
51600.0 364.86087
51800.0 367.05503
52000.0 370.02282
52200.0 372.4539
52400.0 373.8544
52600.0 374.53302
52800.0 374.82721
53000.0 374.88267
53200.0 374.71758
53400.0 374.39734
53600.0 373.84649
53800.0 373.08165
54000.0 372.09159
54200.0 370.98721
54400.0 369.83758
54600.0 368.63407
54800.0 367.52273
55000.0 366.74866
55200.0 366.42481
55400.0 366.59017
55600.0 367.39621
55800.0 368.91185
56000.0 370.82859
56200.0 372.57883
56400.0 373.79248
56600.0 374.50654
56800.0 374.87282
57000.0 375.08187
57200.0 375.22763
57400.0 375.31165
57600.0 375.28461
57800.0 374.98104
58000.0 374.15254
58200.0 372.74455
58400.0 371.06675
58600.0 369.67801
58800.0 368.8926
59000.0 368.68598
59200.0 368.88581
59400.0 369.43294
59600.0 370.00928
59800.0 370.40165
60000.0 370.60552
60200.0 370.64678
60400.0 370.67
60600.0 370.87919
60800.0 371.3318
61000.0 371.95266
61200.0 372.59447
61400.0 373.05327
61600.0 373.14599
61800.0 372.80599
62000.0 372.01085
62200.0 370.91471
62400.0 369.80916
62600.0 368.95761
62800.0 368.5116
63000.0 368.64087
63200.0 369.50283
63400.0 370.98289
63600.0 372.49139
63800.0 373.59981
64000.0 374.12988
64200.0 374.06718
64400.0 373.51982
64600.0 372.89692
64800.0 372.64631
65000.0 372.94903
65200.0 373.49966
65400.0 373.91255
65600.0 373.96859
65800.0 373.69078
66000.0 373.20539
66200.0 372.65077
66400.0 372.19958
66600.0 371.9186
66800.0 371.72537
67000.0 371.64597
67200.0 371.71262
67400.0 371.8386
67600.0 371.9108
67800.0 371.71888
68000.0 371.16846
68200.0 370.37935
68400.0 369.61126
68600.0 369.2467
68800.0 369.66677
69000.0 371.02649
69200.0 373.09674
69400.0 375.11755
69600.0 376.22791
69800.0 376.07677
70000.0 374.85324
70200.0 373.08801
70400.0 371.43132
70600.0 370.3079
70800.0 369.82405
71000.0 369.75758
71200.0 369.90672
71400.0 370.16791
71600.0 370.57468
71800.0 370.99845
72000.0 371.4785
72200.0 372.19098
72400.0 373.24796
72600.0 374.61748
72800.0 376.04
73000.0 377.15663
73200.0 377.57011
73400.0 377.25031
73600.0 376.30606
73800.0 374.86026
74000.0 373.27633
74200.0 372.04569
74400.0 371.42703
74600.0 371.31231
74800.0 371.36757
75000.0 371.33389
75200.0 371.08047
75400.0 370.62956
75600.0 370.06006
75800.0 369.68881
76000.0 369.76581
76200.0 370.42668
76400.0 371.72038
76600.0 373.39327
76800.0 374.91036
77000.0 375.75396
77200.0 375.6206
77400.0 374.56579
77600.0 373.19549
77800.0 372.1278
78000.0 371.70924
78200.0 371.95351
78400.0 372.47638
78600.0 372.90349
78800.0 372.99359
79000.0 372.69161
79200.0 371.92877
79400.0 370.93483
79600.0 370.04437
79800.0 369.42404
80000.0 369.50093
80200.0 370.12115
80400.0 370.74709
80600.0 371.01495
80800.0 370.80777
81000.0 370.194
81200.0 369.45461
81400.0 369.02287
81600.0 369.1633
81800.0 369.83208
82000.0 370.96094
82200.0 372.37831
82400.0 373.6694
82600.0 374.46543
82800.0 374.73621
83000.0 374.75426
83200.0 374.82509
83400.0 375.15605
83600.0 375.648
83800.0 376.16147
84000.0 376.38812
84200.0 375.81134
84400.0 374.13181
84600.0 371.80679
84800.0 369.74647
85000.0 368.50805
85200.0 368.03971
85400.0 367.94993
85600.0 367.93828
85800.0 367.8939
86000.0 368.00545
86200.0 368.44864
86400.0 369.41869
86600.0 370.83736
86800.0 372.57701
87000.0 374.30285
87200.0 375.57112
87400.0 376.16024
87600.0 376.17747
87800.0 375.99622
88000.0 375.8279
88200.0 375.80878
88400.0 375.88151
88600.0 375.89374
88800.0 375.62567
89000.0 374.89072
89200.0 373.72778
89400.0 372.53021
89600.0 371.66374
89800.0 371.15846
90000.0 371.03144
90200.0 371.20125
90400.0 371.65197
90600.0 372.22397
90800.0 372.47702
91000.0 372.18444
91200.0 371.51668
91400.0 370.66483
91600.0 369.94836
91800.0 369.76629
92000.0 370.30853
92200.0 371.57648
92400.0 373.22067
92600.0 374.57205
92800.0 375.17833
93000.0 374.97553
93200.0 374.12614
93400.0 372.92973
93600.0 371.71458
93800.0 370.84259
94000.0 370.36368
94200.0 370.18502
94400.0 370.24289
94600.0 370.40831
94800.0 370.4451
95000.0 370.31124
95200.0 370.23792
95400.0 370.4514
95600.0 371.51623
95800.0 373.68296
96000.0 376.35288
96200.0 378.32279
96400.0 379.04103
96600.0 378.61406
96800.0 377.37454
97000.0 375.85772
97200.0 374.47342
97400.0 373.4022
97600.0 372.62405
97800.0 371.91485
98000.0 371.12867
98200.0 370.24571
98400.0 369.41589
98600.0 368.89058
98800.0 368.70805
99000.0 369.01082
99200.0 369.86992
99400.0 371.19264
99600.0 372.69388
99800.0 373.98171
100000.0 374.70479
