0.0 809.37097
200.0 790.32954
400.0 829.523
600.0 825.65921
800.0 827.07152
1000.0 811.17396
1200.0 824.771
1400.0 801.2628
1600.0 785.61028
1800.0 789.57988
2000.0 820.97091
2200.0 822.37998
2400.0 819.18182
2600.0 827.81008
2800.0 821.83007
3000.0 836.08268
3200.0 820.55904
3400.0 809.04675
3600.0 826.77106
3800.0 819.88613
4000.0 828.24003
4200.0 826.57376
4400.0 800.3112
4600.0 781.97707
4800.0 808.31909
5000.0 817.607
5200.0 812.88423
5400.0 833.54413
5600.0 843.76627
5800.0 804.05286
6000.0 810.32363
6200.0 811.58688
6400.0 802.54862
6600.0 813.36278
6800.0 814.454
7000.0 796.84679
7200.0 771.00175
7400.0 804.03646
7600.0 825.15896
7800.0 819.17153
8000.0 822.58119
8200.0 831.64729
8400.0 817.44311
8600.0 817.29926
8800.0 814.03055
9000.0 814.12522
9200.0 815.12223
9400.0 818.34182
9600.0 828.42459
9800.0 832.64516
10000.0 851.60155
10200.0 825.90239
10400.0 798.65559
10600.0 805.90336
10800.0 826.18326
11000.0 822.06588
11200.0 814.1442
11400.0 823.01654
11600.0 829.17018
11800.0 808.52057
12000.0 796.40674
12200.0 797.53032
12400.0 781.79258
12600.0 798.85838
12800.0 812.93857
13000.0 817.12944
13200.0 844.85805
13400.0 846.16827
13600.0 831.19469
13800.0 820.07519
14000.0 803.79547
14200.0 813.88877
14400.0 803.46077
14600.0 814.65156
14800.0 814.8035
15000.0 840.02256
15200.0 818.70942
15400.0 789.33252
15600.0 776.65914
15800.0 816.93986
16000.0 810.70278
16200.0 807.31519
16400.0 849.77615
16600.0 833.56446
16800.0 804.07489
17000.0 820.26864
17200.0 804.64996
17400.0 807.31043
17600.0 823.61527
17800.0 820.36491
18000.0 810.56133
18200.0 830.40209
18400.0 826.36937
18600.0 837.66192
18800.0 839.32959
19000.0 832.67461
19200.0 811.36966
19400.0 826.40406
19600.0 823.1995
19800.0 798.48851
20000.0 807.08363
20200.0 797.97097
20400.0 810.74648
20600.0 831.26869
20800.0 826.14618
21000.0 816.45966
21200.0 821.09225
21400.0 808.74683
21600.0 806.48264
21800.0 811.55754
22000.0 822.08699
22200.0 829.5012
22400.0 826.46781
22600.0 845.2285
22800.0 847.8922
23000.0 812.8458
23200.0 800.95143
23400.0 820.05323
23600.0 823.92285
23800.0 820.74157
24000.0 815.58108
24200.0 802.98893
24400.0 812.26654
24600.0 802.8127
24800.0 796.41707
25000.0 781.55846
25200.0 785.9196
25400.0 783.64887
25600.0 819.00862
25800.0 820.17019
26000.0 808.04073
26200.0 832.90144
26400.0 832.87847
26600.0 812.25518
26800.0 797.45632
27000.0 807.72649
27200.0 839.0367
27400.0 819.49293
27600.0 807.598
27800.0 817.42839
28000.0 840.76919
28200.0 823.45021
28400.0 825.06536
28600.0 826.8546
28800.0 806.38854
29000.0 839.25628
29200.0 832.77017
29400.0 798.52345
29600.0 818.41211
29800.0 828.86732
30000.0 809.02935
30200.0 833.74934
30400.0 825.36934
30600.0 805.63514
30800.0 795.2623
31000.0 802.89531
31200.0 828.23613
31400.0 809.81258
31600.0 805.71285
31800.0 819.84098
32000.0 838.72487
32200.0 821.68692
32400.0 832.06461
32600.0 834.19295
32800.0 806.02248
33000.0 817.60848
33200.0 851.46684
33400.0 824.54279
33600.0 792.74884
33800.0 813.13789
34000.0 823.54169
34200.0 828.8659
34400.0 821.97428
34600.0 839.05254
34800.0 820.47786
35000.0 800.02379
35200.0 809.30487
35400.0 815.18058
35600.0 811.21239
35800.0 824.12072
36000.0 798.40744
36200.0 792.77097
36400.0 789.06199
36600.0 777.94947
36800.0 784.33019
37000.0 822.99216
37200.0 831.90228
37400.0 809.77505
37600.0 837.7726
37800.0 808.28185
38000.0 811.6951
38200.0 836.55347
38400.0 826.57811
38600.0 810.86554
38800.0 797.39143
39000.0 802.41969
39200.0 824.76258
39400.0 816.27831
39600.0 788.03669
39800.0 766.83029
40000.0 791.36726
40200.0 813.47776
40400.0 842.98522
40600.0 837.86921
40800.0 815.5094
41000.0 806.11518
41200.0 819.1902
41400.0 829.05846
41600.0 809.60167
41800.0 816.8915
42000.0 815.98696
42200.0 808.67162
42400.0 795.46223
42600.0 807.6833
42800.0 815.2814
43000.0 821.53096
43200.0 814.41512
43400.0 831.13437
43600.0 840.51592
43800.0 833.03571
44000.0 807.18792
44200.0 818.72705
44400.0 835.54288
44600.0 826.53184
44800.0 794.30723
45000.0 831.54603
45200.0 828.96067
45400.0 805.52259
45600.0 804.40199
45800.0 828.43757
46000.0 826.05526
46200.0 808.49418
46400.0 811.43379
46600.0 806.08185
46800.0 826.14276
47000.0 829.37626
47200.0 819.7264
47400.0 837.1174
47600.0 857.88405
47800.0 836.60021
48000.0 819.42665
48200.0 797.25268
48400.0 823.41092
48600.0 829.19578
48800.0 811.63742
49000.0 806.82016
49200.0 797.88579
49400.0 790.30577
49600.0 811.38783
49800.0 829.48675
50000.0 801.85509
50200.0 805.996
50400.0 820.37593
50600.0 818.82088
50800.0 828.13451
51000.0 833.27397
51200.0 824.40562
51400.0 822.60988
51600.0 807.58835
51800.0 814.08735
52000.0 809.04315
52200.0 808.81309
52400.0 791.69572
52600.0 809.38304
52800.0 807.22499
53000.0 810.8309
53200.0 802.8182
53400.0 813.10405
53600.0 838.10283
53800.0 825.22533
54000.0 821.01371
54200.0 831.76986
54400.0 841.85323
54600.0 805.14682
54800.0 797.49851
55000.0 809.0124
55200.0 810.2353
55400.0 806.0647
55600.0 808.49189
55800.0 814.69809
56000.0 819.57105
56200.0 850.38861
56400.0 846.84067
56600.0 835.71002
56800.0 814.12241
57000.0 813.91243
57200.0 783.0239
57400.0 815.76435
57600.0 820.22621
57800.0 831.85886
58000.0 819.80165
58200.0 835.15166
58400.0 809.90449
58600.0 801.60835
58800.0 804.22309
59000.0 821.16082
59200.0 815.08933
59400.0 822.39202
59600.0 826.16742
59800.0 793.7617
60000.0 830.52948
60200.0 849.49485
60400.0 788.89309
60600.0 792.63892
60800.0 799.39422
61000.0 804.09441
61200.0 791.86901
61400.0 798.46061
61600.0 808.58421
61800.0 808.41785
62000.0 834.38179
62200.0 804.31126
62400.0 822.33656
62600.0 856.72017
62800.0 829.95336
63000.0 809.39089
63200.0 802.39894
63400.0 810.43012
63600.0 792.32471
63800.0 814.09143
64000.0 812.86338
64200.0 803.98872
64400.0 815.76006
64600.0 817.22057
64800.0 803.2439
65000.0 826.70889
65200.0 834.65524
65400.0 809.48027
65600.0 826.31978
65800.0 811.19721
66000.0 804.97086
66200.0 821.84107
66400.0 845.99163
66600.0 833.17515
66800.0 806.96988
67000.0 830.72858
67200.0 837.49015
67400.0 810.38289
67600.0 813.30094
67800.0 837.36649
68000.0 827.188
68200.0 827.85874
68400.0 822.13662
68600.0 799.73537
68800.0 807.85744
69000.0 828.85597
69200.0 821.21454
69400.0 810.59903
69600.0 809.37536
69800.0 798.55112
70000.0 818.80017
70200.0 829.89985
70400.0 832.0106
70600.0 820.57069
70800.0 828.43182
71000.0 834.41898
71200.0 831.35688
71400.0 814.32658
71600.0 804.05714
71800.0 812.25805
72000.0 796.29002
72200.0 780.69949
72400.0 802.15941
72600.0 810.32851
72800.0 811.67102
73000.0 827.48998
73200.0 835.64146
73400.0 817.39959
73600.0 804.67208
73800.0 801.14134
74000.0 800.22154
74200.0 819.93228
74400.0 820.20356
74600.0 846.19265
74800.0 830.96132
75000.0 824.38843
75200.0 814.40846
75400.0 808.88039
75600.0 807.12134
75800.0 814.35658
76000.0 820.94025
76200.0 845.10217
76400.0 855.60349
76600.0 837.90298
76800.0 811.42779
77000.0 794.58121
77200.0 806.63202
77400.0 808.47078
77600.0 830.02008
77800.0 830.16407
78000.0 806.6056
78200.0 794.7512
78400.0 810.62948
78600.0 824.05891
78800.0 856.02573
79000.0 828.68461
79200.0 823.95562
79400.0 844.42869
79600.0 826.23635
79800.0 819.72011
80000.0 821.83726
80200.0 804.72421
80400.0 802.79333
80600.0 798.82178
80800.0 814.44767
81000.0 832.18023
81200.0 805.98444
81400.0 806.62599
81600.0 831.45294
81800.0 806.72457
82000.0 814.62588
82200.0 812.7901
82400.0 823.70091
82600.0 809.97651
82800.0 819.75335
83000.0 832.90601
83200.0 842.0931
83400.0 829.24192
83600.0 813.80813
83800.0 814.06055
84000.0 822.12678
84200.0 812.58102
84400.0 816.31694
84600.0 814.94357
84800.0 812.98138
85000.0 809.374
85200.0 815.58666
85400.0 812.33749
85600.0 797.53504
85800.0 790.72592
86000.0 783.77389
86200.0 809.63659
86400.0 825.76173
86600.0 813.85932
86800.0 804.67953
87000.0 812.75424
87200.0 816.06122
87400.0 817.42833
87600.0 821.07474
87800.0 815.49607
88000.0 810.60206
88200.0 807.56187
88400.0 798.94328
88600.0 803.86544
88800.0 808.50204
89000.0 800.3643
89200.0 819.853
89400.0 828.30585
89600.0 811.72442
89800.0 829.95322
90000.0 815.5473
90200.0 814.79036
90400.0 820.33922
90600.0 823.61672
90800.0 793.91631
91000.0 792.80108
91200.0 823.98581
91400.0 835.14116
91600.0 806.91044
91800.0 803.73053
92000.0 807.2308
92200.0 806.66965
92400.0 828.37898
92600.0 838.26693
92800.0 797.99883
93000.0 793.90891
93200.0 790.68881
93400.0 792.83484
93600.0 818.19965
93800.0 820.87675
94000.0 805.69308
94200.0 828.20443
94400.0 820.16826
94600.0 815.96723
94800.0 825.36647
95000.0 834.40009
95200.0 820.91088
95400.0 813.80515
95600.0 822.63062
95800.0 797.9826
96000.0 800.05958
96200.0 805.94578
96400.0 820.95281
96600.0 799.50387
96800.0 793.96734
97000.0 811.17143
97200.0 824.99233
97400.0 811.88283
97600.0 807.95826
97800.0 807.67118
98000.0 821.5257
98200.0 816.11169
98400.0 825.52338
98600.0 822.36069
98800.0 828.83033
99000.0 822.58464
99200.0 833.60562
99400.0 823.89384
99600.0 837.45663
99800.0 818.32142
100000.0 803.12438
