0.0 583.46911
200.0 591.18738
400.0 589.10564
600.0 584.5061
800.0 603.61364
1000.0 606.40893
1200.0 585.9974
1400.0 604.77122
1600.0 609.50526
1800.0 588.81662
2000.0 594.56518
2200.0 592.0826
2400.0 601.73001
2600.0 577.45387
2800.0 579.07901
3000.0 597.10367
3200.0 602.93307
3400.0 585.60237
3600.0 583.16579
3800.0 595.9771
4000.0 583.16416
4200.0 605.18145
4400.0 596.4591
4600.0 596.22387
4800.0 619.3129
5000.0 601.27975
5200.0 608.95105
5400.0 601.65008
5600.0 581.04967
5800.0 593.7586
6000.0 601.8521
6200.0 600.69936
6400.0 597.87983
6600.0 572.28017
6800.0 584.67875
7000.0 593.16534
7200.0 590.68049
7400.0 595.76893
7600.0 578.41223
7800.0 585.76634
8000.0 605.90725
8200.0 590.53646
8400.0 593.3855
8600.0 604.03557
8800.0 610.14347
9000.0 601.76755
9200.0 600.61059
9400.0 574.10054
9600.0 594.72211
9800.0 606.16375
10000.0 593.92349
10200.0 588.41663
10400.0 578.59232
10600.0 582.83399
10800.0 594.23339
11000.0 600.35617
11200.0 593.54977
11400.0 598.35983
11600.0 598.40052
11800.0 592.614
12000.0 575.71449
12200.0 580.888
12400.0 582.21038
12600.0 572.92951
12800.0 582.51012
13000.0 581.11665
13200.0 590.92105
13400.0 590.35684
13600.0 598.00643
13800.0 597.16652
14000.0 588.52614
14200.0 582.91762
14400.0 596.60024
14600.0 598.4772
14800.0 610.02271
15000.0 592.71139
15200.0 571.39433
15400.0 589.21967
15600.0 575.39479
15800.0 590.94328
16000.0 573.04687
16200.0 590.55863
16400.0 599.67185
16600.0 593.8375
16800.0 597.00686
17000.0 581.2067
17200.0 584.34574
17400.0 591.27437
17600.0 609.56361
17800.0 606.59495
18000.0 590.79219
18200.0 600.32452
18400.0 577.77183
18600.0 600.83776
18800.0 587.25426
19000.0 589.82501
19200.0 587.99655
19400.0 580.69364
19600.0 594.21409
19800.0 579.05236
20000.0 579.94272
20200.0 576.26022
20400.0 578.98046
20600.0 588.57401
20800.0 584.96052
21000.0 580.83106
21200.0 588.71022
21400.0 603.99752
21600.0 606.78865
21800.0 597.63182
22000.0 584.00921
22200.0 570.84919
22400.0 579.63686
22600.0 601.56682
22800.0 618.66233
23000.0 591.65384
23200.0 590.67952
23400.0 603.60347
23600.0 604.93325
23800.0 611.90429
24000.0 599.5264
24200.0 607.81412
24400.0 594.43773
24600.0 585.1262
24800.0 577.85927
25000.0 611.26896
25200.0 594.88598
25400.0 587.57938
25600.0 589.23133
25800.0 582.00177
26000.0 582.70991
26200.0 593.7812
26400.0 598.04061
26600.0 587.80112
26800.0 598.10247
27000.0 601.74384
27200.0 590.37198
27400.0 596.26589
27600.0 616.77466
27800.0 600.72544
28000.0 601.36721
28200.0 615.8584
28400.0 577.45611
28600.0 584.60994
28800.0 593.21597
29000.0 585.15236
29200.0 594.37404
29400.0 585.91277
29600.0 590.15628
29800.0 589.93718
30000.0 610.78404
30200.0 612.79222
30400.0 591.89685
30600.0 595.06711
30800.0 587.13689
31000.0 584.81033
31200.0 590.45156
31400.0 578.85429
31600.0 584.96629
31800.0 597.83667
32000.0 589.45976
32200.0 576.75223
32400.0 590.95261
32600.0 589.70602
32800.0 587.53772
33000.0 588.43017
33200.0 586.72414
33400.0 607.00107
33600.0 591.3259
33800.0 584.42637
34000.0 594.62697
34200.0 599.56643
34400.0 590.99345
34600.0 594.76131
34800.0 596.86614
35000.0 595.84005
35200.0 589.17473
35400.0 589.08519
35600.0 575.54377
35800.0 580.10316
36000.0 578.45572
36200.0 587.06751
36400.0 560.32313
36600.0 583.43864
36800.0 571.90537
37000.0 588.89953
37200.0 589.98818
37400.0 596.81299
37600.0 581.10805
37800.0 578.77322
38000.0 595.62366
38200.0 597.85698
38400.0 592.46672
38600.0 595.72539
38800.0 596.26894
39000.0 580.49114
39200.0 598.66653
39400.0 606.42008
39600.0 608.10066
39800.0 619.06101
40000.0 581.40553
40200.0 604.36956
40400.0 586.17345
40600.0 594.66348
40800.0 604.85177
41000.0 596.13426
41200.0 596.91581
41400.0 573.73622
41600.0 580.18204
41800.0 592.79149
42000.0 595.13975
42200.0 597.50919
42400.0 591.70631
42600.0 598.73239
42800.0 590.61826
43000.0 584.1323
43200.0 595.71907
43400.0 610.682
43600.0 597.49183
43800.0 614.62985
44000.0 587.18228
44200.0 589.69776
44400.0 601.6088
44600.0 586.39266
44800.0 587.32164
45000.0 592.31175
45200.0 580.90087
45400.0 584.36905
45600.0 594.94839
45800.0 584.39303
46000.0 579.35789
46200.0 583.62524
46400.0 600.44304
46600.0 597.85607
46800.0 588.94263
47000.0 588.42131
47200.0 590.06759
47400.0 574.67032
47600.0 622.97101
47800.0 605.00139
48000.0 573.41818
48200.0 591.1858
48400.0 576.5086
48600.0 591.16289
48800.0 597.12736
49000.0 597.98075
49200.0 601.4067
49400.0 592.06366
49600.0 593.41674
49800.0 608.27841
50000.0 607.83901
50200.0 604.3259
50400.0 601.91687
50600.0 597.20508
50800.0 595.42643
51000.0 586.06367
51200.0 599.78665
51400.0 587.74918
51600.0 601.3901
51800.0 589.67697
52000.0 590.73178
52200.0 594.50129
52400.0 587.45922
52600.0 581.26692
52800.0 597.76718
53000.0 574.61496
53200.0 556.64478
53400.0 573.72741
53600.0 594.06465
53800.0 570.01036
54000.0 578.23909
54200.0 593.66921
54400.0 601.72529
54600.0 581.2502
54800.0 578.44545
55000.0 596.33914
55200.0 610.29971
55400.0 588.46518
55600.0 587.35705
55800.0 597.5095
56000.0 587.07087
56200.0 606.56607
56400.0 601.35642
56600.0 606.88361
56800.0 588.77055
57000.0 594.71813
57200.0 617.0514
57400.0 597.92963
57600.0 596.74963
57800.0 584.76764
58000.0 598.36235
58200.0 590.44573
58400.0 581.40402
58600.0 600.96813
58800.0 591.96168
59000.0 569.45272
59200.0 586.38691
59400.0 600.34848
59600.0 604.25751
59800.0 586.33909
60000.0 581.8076
60200.0 604.58954
60400.0 607.73957
60600.0 613.21603
60800.0 598.0913
61000.0 586.98318
61200.0 597.27008
61400.0 612.20211
61600.0 590.63922
61800.0 572.33609
62000.0 591.39946
62200.0 589.32835
62400.0 605.57528
62600.0 591.60344
62800.0 578.74649
63000.0 594.95435
63200.0 573.70459
63400.0 600.26824
63600.0 607.02082
63800.0 596.17294
64000.0 592.23722
64200.0 612.44799
64400.0 593.38896
64600.0 595.12681
64800.0 607.99109
65000.0 580.25
65200.0 596.52494
65400.0 592.84369
65600.0 591.01953
65800.0 586.15033
66000.0 578.81747
66200.0 591.19454
66400.0 590.22937
66600.0 588.68269
66800.0 582.33739
67000.0 589.56923
67200.0 601.31854
67400.0 607.69339
67600.0 597.7159
67800.0 600.17364
68000.0 590.29773
68200.0 572.09378
68400.0 580.12728
68600.0 590.35843
68800.0 594.63989
69000.0 560.4053
69200.0 574.47679
69400.0 584.80789
69600.0 595.13915
69800.0 584.18462
70000.0 575.79948
70200.0 600.20687
70400.0 603.7336
70600.0 608.2806
70800.0 590.31009
71000.0 567.27349
71200.0 582.86279
71400.0 609.87678
71600.0 606.26742
71800.0 597.70638
72000.0 585.49412
72200.0 592.99613
72400.0 596.07965
72600.0 613.05551
72800.0 582.3648
73000.0 582.34823
73200.0 595.37183
73400.0 586.74762
73600.0 586.11542
73800.0 588.68574
74000.0 594.36988
74200.0 597.25184
74400.0 594.32551
74600.0 586.98136
74800.0 585.77961
75000.0 585.70045
75200.0 594.94337
75400.0 591.46169
75600.0 582.77847
75800.0 596.32527
76000.0 596.15422
76200.0 596.57583
76400.0 610.36187
76600.0 598.15338
76800.0 598.11252
77000.0 594.25692
77200.0 588.60619
77400.0 569.94518
77600.0 606.60239
77800.0 600.40851
78000.0 593.5984
78200.0 566.58622
78400.0 577.49754
78600.0 572.29785
78800.0 583.21695
79000.0 600.89933
79200.0 608.46975
79400.0 602.446
79600.0 604.77488
79800.0 593.04929
80000.0 575.24606
80200.0 578.84898
80400.0 584.72456
80600.0 584.27307
80800.0 587.80188
81000.0 587.37854
81200.0 595.65303
81400.0 600.46318
81600.0 597.32074
81800.0 599.87039
82000.0 580.83902
82200.0 600.44138
82400.0 597.92258
82600.0 604.69121
82800.0 597.22203
83000.0 579.91588
83200.0 573.00176
83400.0 589.95152
83600.0 587.1952
83800.0 586.03122
84000.0 591.36377
84200.0 585.75762
84400.0 584.02513
84600.0 584.71147
84800.0 593.62966
85000.0 603.86462
85200.0 581.92885
85400.0 597.44868
85600.0 607.53995
85800.0 607.28274
86000.0 594.06665
86200.0 583.50101
86400.0 593.10973
86600.0 600.36261
86800.0 590.26887
87000.0 582.72323
87200.0 576.78297
87400.0 588.2847
87600.0 593.12981
87800.0 584.48517
88000.0 590.70691
88200.0 597.23343
88400.0 602.51172
88600.0 590.30103
88800.0 593.14579
89000.0 612.13303
89200.0 588.07761
89400.0 586.21913
89600.0 615.83279
89800.0 601.69046
90000.0 600.05477
90200.0 582.9248
90400.0 573.18145
90600.0 596.41905
90800.0 599.60596
91000.0 596.73609
91200.0 588.41689
91400.0 576.67872
91600.0 603.40482
91800.0 588.16161
92000.0 584.83441
92200.0 588.49268
92400.0 598.67705
92600.0 595.16696
92800.0 593.28722
93000.0 584.16858
93200.0 593.72802
93400.0 569.58111
93600.0 568.72637
93800.0 613.4545
94000.0 586.19751
94200.0 583.74627
94400.0 601.20071
94600.0 611.40556
94800.0 600.31463
95000.0 602.44397
95200.0 593.59739
95400.0 582.028
95600.0 575.06812
95800.0 595.23586
96000.0 608.45685
96200.0 578.10658
96400.0 598.66178
96600.0 596.67369
96800.0 591.10624
97000.0 586.25685
97200.0 576.88173
97400.0 581.31012
97600.0 582.87671
97800.0 578.45715
98000.0 577.80197
98200.0 588.05062
98400.0 593.72511
98600.0 583.50172
98800.0 599.53837
99000.0 581.96914
99200.0 586.08753
99400.0 609.01961
99600.0 592.26936
99800.0 593.67589
100000.0 606.05025
