0.0 56.250844
200.0 56.403079
400.0 56.713621
600.0 56.817095
800.0 56.505959
1000.0 56.422885
1200.0 56.700254
1400.0 56.675668
1600.0 56.489921
1800.0 56.342585
2000.0 56.393851
2200.0 56.459243
2400.0 56.491573
2600.0 56.45628
2800.0 56.49133
3000.0 56.528333
3200.0 56.727715
3400.0 56.88646
3600.0 56.879007
3800.0 56.948862
4000.0 56.985612
4200.0 56.926059
4400.0 56.86971
4600.0 56.902717
4800.0 56.930027
5000.0 57.209016
5200.0 57.324459
5400.0 57.128587
5600.0 57.041201
5800.0 57.172155
6000.0 57.213321
6200.0 57.24561
6400.0 57.230237
6600.0 57.186208
6800.0 57.131632
7000.0 57.165175
7200.0 57.083236
7400.0 57.159526
7600.0 57.337862
7800.0 57.201341
8000.0 57.079422
8200.0 57.253506
8400.0 57.466321
8600.0 57.56479
8800.0 57.491375
9000.0 57.453992
9200.0 57.366273
9400.0 57.473458
9600.0 57.616437
9800.0 57.569232
10000.0 57.525038
10200.0 57.479188
10400.0 57.483988
10600.0 57.54636
10800.0 57.568615
11000.0 57.617472
11200.0 57.732188
11400.0 57.549694
11600.0 57.456924
11800.0 57.586072
12000.0 57.593191
12200.0 57.587171
12400.0 57.711761
12600.0 57.750928
12800.0 57.622054
13000.0 57.730163
13200.0 57.853416
13400.0 57.614976
13600.0 57.523507
13800.0 57.737028
14000.0 57.856324
14200.0 57.88939
14400.0 57.776356
14600.0 57.345762
14800.0 57.19383
15000.0 57.329756
15200.0 57.115522
15400.0 57.00234
15600.0 57.159672
15800.0 57.212586
16000.0 56.958469
16200.0 56.82545
16400.0 57.117
16600.0 57.170221
16800.0 57.015517
17000.0 56.846141
17200.0 56.966624
17400.0 57.241303
17600.0 57.233075
17800.0 57.168057
18000.0 57.172888
18200.0 57.191808
18400.0 57.294228
18600.0 57.296363
18800.0 57.132023
19000.0 57.110053
19200.0 57.239438
19400.0 57.231229
19600.0 57.105304
19800.0 57.022873
20000.0 57.095991
20200.0 57.033042
20400.0 56.730712
20600.0 56.791789
20800.0 56.771126
21000.0 56.696153
21200.0 56.701028
21400.0 56.810037
21600.0 56.845935
21800.0 56.821707
22000.0 56.753472
22200.0 56.664482
22400.0 56.760644
22600.0 57.009146
22800.0 56.955471
23000.0 56.773131
23200.0 56.961409
23400.0 57.085565
23600.0 57.006295
23800.0 57.127178
24000.0 57.328172
24200.0 57.281734
24400.0 57.080417
24600.0 57.052791
24800.0 57.183955
25000.0 57.193725
25200.0 57.153321
25400.0 57.002729
25600.0 57.064384
25800.0 57.220709
26000.0 57.386367
26200.0 57.370222
26400.0 57.245413
26600.0 57.223892
26800.0 57.508084
27000.0 57.588966
27200.0 57.342886
27400.0 57.273989
27600.0 57.228292
27800.0 57.209662
28000.0 57.271829
28200.0 57.220708
28400.0 57.327477
28600.0 57.352532
28800.0 57.258287
29000.0 57.331444
29200.0 57.450467
29400.0 57.460447
29600.0 57.371551
29800.0 57.48279
30000.0 57.611483
30200.0 57.482932
30400.0 57.344229
30600.0 57.372494
30800.0 57.584397
31000.0 57.461943
31200.0 57.339548
31400.0 57.396103
31600.0 57.363236
31800.0 57.237483
32000.0 57.306782
32200.0 57.383783
32400.0 57.354244
32600.0 57.338617
32800.0 57.366431
33000.0 57.417689
33200.0 57.338446
33400.0 57.383694
33600.0 57.298183
33800.0 57.132992
34000.0 57.141504
34200.0 57.223868
34400.0 57.24229
34600.0 57.180682
34800.0 57.183781
35000.0 57.197976
35200.0 57.254823
35400.0 57.231019
35600.0 57.064567
35800.0 57.00414
36000.0 57.172101
36200.0 57.362106
36400.0 57.325347
36600.0 57.025663
36800.0 56.926924
37000.0 57.102402
37200.0 56.99581
37400.0 56.651294
37600.0 56.544674
37800.0 56.55289
38000.0 56.597734
38200.0 56.750384
38400.0 56.733031
38600.0 56.60509
38800.0 56.609598
39000.0 56.721646
39200.0 57.146343
39400.0 57.151664
39600.0 56.886327
39800.0 57.009002
40000.0 57.164226
40200.0 57.04003
40400.0 57.05349
40600.0 57.11305
40800.0 57.073152
41000.0 57.095492
41200.0 57.19042
41400.0 57.19892
41600.0 57.136067
41800.0 57.169099
42000.0 57.283
42200.0 57.196559
42400.0 57.09024
42600.0 56.956076
42800.0 57.114288
43000.0 57.373271
43200.0 57.151422
43400.0 56.887755
43600.0 56.906198
43800.0 56.996743
44000.0 57.057908
44200.0 57.074482
44400.0 57.091235
44600.0 56.902741
44800.0 56.939272
45000.0 56.9374
45200.0 56.796803
45400.0 56.711905
45600.0 56.997038
45800.0 56.954889
46000.0 56.288356
46200.0 56.19555
46400.0 56.417004
46600.0 56.549349
46800.0 56.197789
47000.0 56.192169
47200.0 56.491272
47400.0 56.423328
47600.0 56.263036
47800.0 56.322098
48000.0 56.450158
48200.0 56.262507
48400.0 56.173474
48600.0 56.366852
48800.0 56.242438
49000.0 55.934424
49200.0 56.136445
49400.0 56.247131
49600.0 56.047754
49800.0 56.041615
50000.0 56.109833
50200.0 56.110575
50400.0 56.195786
50600.0 56.308357
50800.0 56.442836
51000.0 56.514589
51200.0 56.563273
51400.0 56.464563
51600.0 56.430412
51800.0 56.76176
52000.0 56.963144
52200.0 56.92238
52400.0 56.969651
52600.0 57.012004
52800.0 57.056315
53000.0 57.188347
53200.0 57.278874
53400.0 57.177517
53600.0 57.205385
53800.0 57.371884
54000.0 57.554335
54200.0 57.551604
54400.0 57.536563
54600.0 57.547386
54800.0 57.686762
55000.0 57.74735
55200.0 57.630935
55400.0 57.531454
55600.0 57.643541
55800.0 57.949862
56000.0 57.869313
56200.0 57.81726
56400.0 57.830683
56600.0 57.792617
56800.0 57.525483
57000.0 57.519133
57200.0 57.629877
57400.0 57.432719
57600.0 57.183289
57800.0 57.209707
58000.0 57.300744
58200.0 57.157792
58400.0 56.905299
58600.0 56.990026
58800.0 57.218152
59000.0 57.044421
59200.0 56.824478
59400.0 56.870681
59600.0 56.911042
59800.0 57.010349
60000.0 57.081642
60200.0 56.999278
60400.0 56.928953
60600.0 57.128223
60800.0 57.365848
61000.0 57.452461
61200.0 57.466759
61400.0 57.514561
61600.0 57.500044
61800.0 57.364536
62000.0 57.107739
62200.0 57.160336
62400.0 57.468102
62600.0 57.500453
62800.0 57.176591
63000.0 57.321037
63200.0 57.561347
63400.0 57.528368
63600.0 57.456808
63800.0 57.580364
64000.0 57.465866
64200.0 57.467498
64400.0 57.615334
64600.0 57.484532
64800.0 57.295383
65000.0 57.240455
65200.0 57.251003
65400.0 56.984799
65600.0 56.862181
65800.0 56.949252
66000.0 56.894126
66200.0 56.875876
66400.0 56.862562
66600.0 56.65405
66800.0 56.698139
67000.0 56.9109
67200.0 56.79205
67400.0 56.483067
67600.0 56.444163
67800.0 56.446218
68000.0 56.356062
68200.0 56.4183
68400.0 56.546761
68600.0 56.432504
68800.0 56.334559
69000.0 56.43628
69200.0 56.494919
69400.0 56.488234
69600.0 56.50524
69800.0 56.421216
70000.0 56.53822
70200.0 56.512318
70400.0 56.36857
70600.0 56.311278
70800.0 56.603796
71000.0 56.696641
71200.0 56.559448
71400.0 56.664001
71600.0 56.867142
71800.0 57.00499
72000.0 56.930255
72200.0 56.801947
72400.0 56.791882
72600.0 57.02193
72800.0 57.261614
73000.0 57.120704
73200.0 56.891391
73400.0 57.013532
73600.0 57.057553
73800.0 56.858527
74000.0 56.993593
74200.0 57.172152
74400.0 57.016766
74600.0 56.829205
74800.0 56.805668
75000.0 56.945299
75200.0 57.210558
75400.0 57.302017
75600.0 57.294502
75800.0 57.315123
76000.0 57.224992
76200.0 57.203555
76400.0 57.241456
76600.0 57.2316
76800.0 57.072465
77000.0 56.828019
77200.0 56.678873
77400.0 56.639669
77600.0 56.695336
77800.0 56.687466
78000.0 56.702898
78200.0 56.757545
78400.0 56.741296
78600.0 56.663094
78800.0 56.616153
79000.0 56.763576
79200.0 56.827097
79400.0 56.816261
79600.0 56.829685
79800.0 56.862765
80000.0 56.79612
80200.0 56.853504
80400.0 56.915967
80600.0 56.868316
80800.0 56.881433
81000.0 56.9126
81200.0 56.750733
81400.0 56.702297
81600.0 56.756007
81800.0 56.612547
82000.0 56.642474
82200.0 56.801164
82400.0 56.712602
82600.0 56.406961
82800.0 56.367944
83000.0 56.504677
83200.0 56.699604
83400.0 56.723717
83600.0 56.641799
83800.0 56.6913
84000.0 56.621986
84200.0 56.352743
84400.0 56.323934
84600.0 56.492604
84800.0 56.460269
85000.0 56.264299
85200.0 56.290662
85400.0 56.340249
85600.0 56.347013
85800.0 56.548551
86000.0 56.540871
86200.0 56.394672
86400.0 56.459735
86600.0 56.683528
86800.0 56.769744
87000.0 56.750562
87200.0 56.58214
87400.0 56.75109
87600.0 57.059834
87800.0 56.939353
88000.0 56.902444
88200.0 56.964226
88400.0 57.027821
88600.0 56.931627
88800.0 56.774816
89000.0 56.651638
89200.0 56.500292
89400.0 56.461951
89600.0 56.437083
89800.0 56.344039
90000.0 56.334806
90200.0 56.351571
90400.0 56.337976
90600.0 56.390164
90800.0 56.295106
91000.0 56.081936
91200.0 56.273492
91400.0 56.489961
91600.0 56.500942
91800.0 56.410301
92000.0 56.404988
92200.0 56.575871
92400.0 56.506882
92600.0 56.533988
92800.0 56.700773
93000.0 56.591679
93200.0 56.613509
93400.0 56.704055
93600.0 56.444989
93800.0 56.258994
94000.0 56.346081
94200.0 56.255479
94400.0 56.190297
94600.0 56.183682
94800.0 56.181249
95000.0 56.162661
95200.0 56.157021
95400.0 56.178314
95600.0 56.183837
95800.0 56.024395
96000.0 56.128723
96200.0 56.408421
96400.0 56.393675
96600.0 56.274244
96800.0 56.296043
97000.0 56.408316
97200.0 56.566169
97400.0 56.733858
97600.0 56.628453
97800.0 56.557482
98000.0 56.508886
98200.0 56.372531
98400.0 56.473662
98600.0 56.5974
98800.0 56.496497
99000.0 56.508565
99200.0 56.47921
99400.0 56.358884
99600.0 56.378579
99800.0 56.327943
100000.0 56.308454
