0.0 -3001.661
200.0 -3022.3796
400.0 -3009.9178
600.0 -3006.3495
800.0 -3003.3835
1000.0 -3009.0678
1200.0 -3002.4547
1400.0 -3030.5195
1600.0 -3038.739
1800.0 -3015.9134
2000.0 -2986.1108
2200.0 -3019.708
2400.0 -3044.6393
2600.0 -3047.719
2800.0 -3018.0923
3000.0 -3038.15
3200.0 -3056.0514
3400.0 -3055.6807
3600.0 -3057.7644
3800.0 -3055.7008
4000.0 -3051.8701
4200.0 -3062.2594
4400.0 -3064.0337
4600.0 -3050.5937
4800.0 -3034.3412
5000.0 -3069.6155
5200.0 -3062.9474
5400.0 -3059.7924
5600.0 -3031.6249
5800.0 -3037.0614
6000.0 -3035.5079
6200.0 -3040.9683
6400.0 -3046.6015
6600.0 -3027.6206
6800.0 -3041.2953
7000.0 -3042.9261
7200.0 -3053.8855
7400.0 -3031.5674
7600.0 -3031.723
7800.0 -3035.9331
8000.0 -3029.4903
8200.0 -3007.9323
8400.0 -3001.6887
8600.0 -2999.0623
8800.0 -3009.3231
9000.0 -3009.0023
9200.0 -2980.7768
9400.0 -2981.8314
9600.0 -2991.9669
9800.0 -3013.1477
10000.0 -3006.0881
10200.0 -3020.7108
10400.0 -3023.0703
10600.0 -3032.1563
10800.0 -3034.1487
11000.0 -3040.5473
11200.0 -3036.9928
11400.0 -3047.1812
11600.0 -3036.397
11800.0 -3014.9845
12000.0 -3013.0959
12200.0 -3039.3373
12400.0 -3019.5937
12600.0 -3019.91
12800.0 -3019.4291
13000.0 -3033.4617
13200.0 -3030.224
13400.0 -3039.6989
13600.0 -3032.2683
13800.0 -3019.5441
14000.0 -3021.9227
14200.0 -3020.0007
14400.0 -3002.2158
14600.0 -2993.7469
14800.0 -3006.9508
15000.0 -2994.7049
15200.0 -2972.2985
15400.0 -2965.5543
15600.0 -2989.4609
15800.0 -2986.422
16000.0 -2994.9089
16200.0 -2974.9843
16400.0 -2979.315
16600.0 -3007.2488
16800.0 -3032.9893
17000.0 -3036.6314
17200.0 -3046.9792
17400.0 -3039.5273
17600.0 -3034.2409
17800.0 -3038.2059
18000.0 -3050.0599
18200.0 -3048.9436
18400.0 -3035.5453
18600.0 -3034.1509
18800.0 -3023.8544
19000.0 -3028.4369
19200.0 -3013.947
19400.0 -3020.1732
19600.0 -3018.6642
19800.0 -3027.5095
20000.0 -3032.0003
20200.0 -3042.6197
20400.0 -3046.23
20600.0 -3025.2805
20800.0 -2990.7939
21000.0 -3004.6554
21200.0 -3008.5386
21400.0 -3021.6638
21600.0 -3012.5846
21800.0 -3024.7841
22000.0 -3036.6302
22200.0 -3019.0827
22400.0 -3018.6815
22600.0 -3014.9467
22800.0 -3036.5499
23000.0 -3039.7561
23200.0 -3038.2721
23400.0 -3035.024
23600.0 -3042.2045
23800.0 -3066.0273
24000.0 -3046.2465
24200.0 -3054.0148
24400.0 -3058.5642
24600.0 -3074.8848
24800.0 -3059.0993
25000.0 -3059.3673
25200.0 -3067.5071
25400.0 -3053.9524
25600.0 -3018.0661
25800.0 -3010.648
26000.0 -3042.6575
26200.0 -3004.564
26400.0 -3002.0726
26600.0 -2996.8732
26800.0 -3001.4135
27000.0 -2990.6886
27200.0 -2979.7832
27400.0 -2989.141
27600.0 -2979.0022
27800.0 -2976.3319
28000.0 -2995.3597
28200.0 -2997.8327
28400.0 -2980.345
28600.0 -2984.1157
28800.0 -2984.2863
29000.0 -3006.5043
29200.0 -3013.278
29400.0 -3030.846
29600.0 -3034.1607
29800.0 -3024.6127
30000.0 -3015.7628
30200.0 -3014.7275
30400.0 -3012.3439
30600.0 -3006.9996
30800.0 -3013.9576
31000.0 -3023.209
31200.0 -3019.3395
31400.0 -2998.8222
31600.0 -3030.1187
31800.0 -3031.0614
32000.0 -3025.5717
32200.0 -3019.7018
32400.0 -3051.6104
32600.0 -3052.1551
32800.0 -3053.9183
33000.0 -3068.5793
33200.0 -3052.2836
33400.0 -3024.7274
33600.0 -3018.4913
33800.0 -3054.1433
34000.0 -3062.2319
34200.0 -3053.8036
34400.0 -3042.2588
34600.0 -3076.059
34800.0 -3072.5211
35000.0 -3065.9342
35200.0 -3052.6272
35400.0 -3058.1095
35600.0 -3046.2239
35800.0 -3044.1523
36000.0 -3055.1784
36200.0 -3046.2141
36400.0 -3018.4152
36600.0 -3036.1922
36800.0 -3022.4967
37000.0 -3016.4701
37200.0 -3006.1594
37400.0 -3022.8489
37600.0 -3010.2961
37800.0 -3000.4812
38000.0 -3014.3504
38200.0 -3041.0898
38400.0 -3033.5687
38600.0 -3029.4377
38800.0 -3035.9464
39000.0 -3056.3834
39200.0 -3059.377
39400.0 -3041.0907
39600.0 -3041.9407
39800.0 -3037.0565
40000.0 -3033.9506
40200.0 -3020.8403
40400.0 -3051.2725
40600.0 -3046.3393
40800.0 -3050.2108
41000.0 -3054.6143
41200.0 -3068.454
41400.0 -3072.4654
41600.0 -3062.8973
41800.0 -3061.8776
42000.0 -3077.0122
42200.0 -3096.0466
42400.0 -3101.8538
42600.0 -3095.682
42800.0 -3087.7372
43000.0 -3078.915
43200.0 -3075.0668
43400.0 -3088.1955
43600.0 -3110.8254
43800.0 -3095.0741
44000.0 -3068.9493
44200.0 -3046.0271
44400.0 -3057.914
44600.0 -3062.0239
44800.0 -3080.095
45000.0 -3094.4759
45200.0 -3073.4485
45400.0 -3053.7241
45600.0 -3056.3257
45800.0 -3074.1484
46000.0 -3065.9541
46200.0 -3050.7751
46400.0 -3018.0121
46600.0 -3003.5533
46800.0 -3011.886
47000.0 -2994.5813
47200.0 -3005.7351
47400.0 -2997.9172
47600.0 -2987.8439
47800.0 -2983.75
48000.0 -3000.1124
48200.0 -2996.6882
48400.0 -2965.6625
48600.0 -2979.7206
48800.0 -2999.9107
49000.0 -2973.4166
49200.0 -2969.0067
49400.0 -2978.3473
49600.0 -2991.0138
49800.0 -3001.1615
50000.0 -3012.2171
50200.0 -3026.9622
50400.0 -3023.1509
50600.0 -3032.2599
50800.0 -3011.6261
51000.0 -3030.5394
51200.0 -3023.2365
51400.0 -3011.5447
51600.0 -2983.9216
51800.0 -2977.9068
52000.0 -2990.7058
52200.0 -3013.375
52400.0 -2995.8336
52600.0 -2974.6873
52800.0 -3022.5837
53000.0 -3038.9119
53200.0 -3041.2732
53400.0 -3049.7769
53600.0 -3048.5557
53800.0 -3058.3223
54000.0 -3053.8632
54200.0 -3068.8011
54400.0 -3063.4154
54600.0 -3055.6823
54800.0 -3038.7268
55000.0 -3056.9851
55200.0 -3046.4368
55400.0 -3021.9677
55600.0 -3022.4468
55800.0 -3034.894
56000.0 -3020.3292
56200.0 -3015.3633
56400.0 -3013.1578
56600.0 -3020.493
56800.0 -3025.0634
57000.0 -3026.8399
57200.0 -3015.1484
57400.0 -3019.7151
57600.0 -3006.4506
57800.0 -3002.0106
58000.0 -2974.0271
58200.0 -2985.0137
58400.0 -2969.0872
58600.0 -2978.7057
58800.0 -2971.5605
59000.0 -2964.7329
59200.0 -2965.5405
59400.0 -2966.5151
59600.0 -2959.5069
59800.0 -2952.5813
60000.0 -2957.136
60200.0 -2972.5431
60400.0 -2984.969
60600.0 -3001.8843
60800.0 -3013.8464
61000.0 -3014.2214
61200.0 -3042.2077
61400.0 -3052.649
61600.0 -3036.8095
61800.0 -3027.32
62000.0 -3059.594
62200.0 -3049.7099
62400.0 -3033.1429
62600.0 -3046.6576
62800.0 -3040.9191
63000.0 -3022.2581
63200.0 -3015.0611
63400.0 -3021.048
63600.0 -3032.6287
63800.0 -3039.469
64000.0 -3030.4175
64200.0 -3021.5239
64400.0 -3033.2697
64600.0 -3017.963
64800.0 -3022.0561
65000.0 -3009.4196
65200.0 -3046.0034
65400.0 -3030.1603
65600.0 -3022.8329
65800.0 -2994.3612
66000.0 -3005.1512
66200.0 -3015.1329
66400.0 -3023.4992
66600.0 -3036.0737
66800.0 -3066.2728
67000.0 -3062.5353
67200.0 -3065.2382
67400.0 -3054.6447
67600.0 -3033.9851
67800.0 -3038.5549
68000.0 -3040.5966
68200.0 -3033.4711
68400.0 -3001.6899
68600.0 -3006.04
68800.0 -3018.0228
69000.0 -3024.8245
69200.0 -3011.6535
69400.0 -3022.2506
69600.0 -3023.1125
69800.0 -3031.5486
70000.0 -3021.1939
70200.0 -3048.2841
70400.0 -3046.1856
70600.0 -3047.8494
70800.0 -3040.8099
71000.0 -3039.9618
71200.0 -3052.0104
71400.0 -3033.4043
71600.0 -3009.3145
71800.0 -3027.0941
72000.0 -3056.8356
72200.0 -3045.6981
72400.0 -3023.173
72600.0 -3023.0044
72800.0 -3022.0371
73000.0 -3049.8803
73200.0 -3061.2709
73400.0 -3053.1775
73600.0 -3056.2779
73800.0 -3066.8672
74000.0 -3084.8667
74200.0 -3077.9714
74400.0 -3069.4899
74600.0 -3063.2511
74800.0 -3056.5894
75000.0 -3041.687
75200.0 -3048.8083
75400.0 -3049.7214
75600.0 -3057.0689
75800.0 -3059.6829
76000.0 -3038.2581
76200.0 -3034.9565
76400.0 -3027.4005
76600.0 -3019.6544
76800.0 -3028.9734
77000.0 -3041.8184
77200.0 -3025.7155
77400.0 -3001.0158
77600.0 -3006.9474
77800.0 -3016.7875
78000.0 -3009.9184
78200.0 -3001.3777
78400.0 -3022.0573
78600.0 -2988.962
78800.0 -3000.5564
79000.0 -2997.786
79200.0 -3002.8498
79400.0 -3014.2432
79600.0 -3022.8809
79800.0 -3013.5242
80000.0 -3036.9861
80200.0 -3038.6167
80400.0 -3071.1159
80600.0 -3078.4381
80800.0 -3083.1529
81000.0 -3068.4277
81200.0 -3063.0402
81400.0 -3049.7682
81600.0 -3077.4985
81800.0 -3063.6259
82000.0 -3018.2646
82200.0 -3006.8446
82400.0 -2988.1047
82600.0 -2998.2441
82800.0 -3038.0586
83000.0 -3031.9518
83200.0 -3028.0696
83400.0 -3017.0098
83600.0 -3016.0886
83800.0 -3043.4825
84000.0 -3056.476
84200.0 -3067.2737
84400.0 -3060.311
84600.0 -3066.4708
84800.0 -3082.3398
85000.0 -3070.5754
85200.0 -3071.392
85400.0 -3056.9622
85600.0 -3054.3761
85800.0 -3044.6897
86000.0 -3038.0741
86200.0 -3021.3719
86400.0 -3015.2892
86600.0 -3017.8964
86800.0 -3014.9346
87000.0 -3042.0088
87200.0 -3042.9016
87400.0 -3036.5262
87600.0 -3013.2921
87800.0 -3033.7862
88000.0 -3043.6926
88200.0 -3061.9706
88400.0 -3064.5716
88600.0 -3073.7683
88800.0 -3057.0208
89000.0 -3060.6859
89200.0 -3069.5926
89400.0 -3072.9194
89600.0 -3058.2548
89800.0 -3064.0049
90000.0 -3052.5426
90200.0 -3040.0146
90400.0 -3030.7641
90600.0 -3017.9837
90800.0 -2999.1333
91000.0 -3007.3388
91200.0 -3007.516
91400.0 -3000.6591
91600.0 -2982.8586
91800.0 -2990.2377
92000.0 -2975.2553
92200.0 -2994.5999
92400.0 -2996.6235
92600.0 -3029.6854
92800.0 -3054.9273
93000.0 -3035.986
93200.0 -3043.6991
93400.0 -3061.4019
93600.0 -3070.6245
93800.0 -3049.8323
94000.0 -3042.205
94200.0 -3035.2409
94400.0 -3015.8772
94600.0 -3023.7129
94800.0 -3015.7349
95000.0 -3005.9293
95200.0 -2992.599
95400.0 -3005.6948
95600.0 -3022.2705
95800.0 -3034.8153
96000.0 -3039.5168
96200.0 -3044.6927
96400.0 -3039.3985
96600.0 -3053.5009
96800.0 -3064.1239
97000.0 -3069.5675
97200.0 -3073.831
97400.0 -3059.6306
97600.0 -3054.195
97800.0 -3068.0603
98000.0 -3062.4906
98200.0 -3051.5805
98400.0 -3040.8867
98600.0 -3068.6498
98800.0 -3039.633
99000.0 -3013.592
99200.0 -3010.6516
99400.0 -3027.4593
99600.0 -3015.5008
99800.0 -3009.0494
100000.0 -3015.6533
