0.0 26.311177
200.0 27.342545
400.0 26.705098
600.0 27.081209
800.0 26.895246
1000.0 28.096851
1200.0 27.19148
1400.0 28.050404
1600.0 28.089748
1800.0 28.197543
2000.0 27.797649
2200.0 28.757309
2400.0 28.577849
2600.0 28.295149
2800.0 27.804707
3000.0 28.24251
3200.0 27.598755
3400.0 28.090101
3600.0 26.947807
3800.0 27.750432
4000.0 27.578046
4200.0 27.669012
4400.0 26.8303
4600.0 28.586715
4800.0 27.462655
5000.0 28.178061
5200.0 27.742652
5400.0 28.373887
5600.0 28.09157
5800.0 28.270741
6000.0 28.403738
6200.0 27.874902
6400.0 27.428676
6600.0 27.840335
6800.0 27.530259
7000.0 28.09831
7200.0 26.948054
7400.0 27.507689
7600.0 27.624699
7800.0 27.503128
8000.0 28.107913
8200.0 27.928097
8400.0 28.245411
8600.0 28.291772
8800.0 28.451989
9000.0 28.566222
9200.0 27.352665
9400.0 27.880924
9600.0 27.89878
9800.0 27.920229
10000.0 27.077238
10200.0 28.238777
10400.0 27.482292
10600.0 27.195186
10800.0 27.722839
11000.0 27.791614
11200.0 27.322078
11400.0 28.724971
11600.0 27.906001
11800.0 28.581472
12000.0 28.216451
12200.0 28.318635
12400.0 28.593885
12600.0 27.759669
12800.0 27.604855
13000.0 27.681197
13200.0 27.637062
13400.0 27.590029
13600.0 27.772949
13800.0 27.675878
14000.0 28.196377
14200.0 28.046665
14400.0 27.720457
14600.0 27.332382
14800.0 28.267692
15000.0 28.389014
15200.0 27.985716
15400.0 27.288308
15600.0 29.5218
15800.0 28.499587
16000.0 28.142887
16200.0 27.9392
16400.0 29.425067
16600.0 27.763253
16800.0 28.481455
17000.0 27.689512
17200.0 27.997325
17400.0 27.685614
17600.0 27.597732
17800.0 27.893569
18000.0 27.921714
18200.0 27.625061
18400.0 27.459903
18600.0 28.050863
18800.0 28.962493
19000.0 27.979131
19200.0 27.851039
19400.0 28.960119
19600.0 28.41473
19800.0 28.290103
20000.0 28.210155
20200.0 28.075555
20400.0 27.295649
20600.0 27.71999
20800.0 28.177181
21000.0 27.380306
21200.0 27.884504
21400.0 28.307086
21600.0 27.864484
21800.0 27.872531
22000.0 28.651529
22200.0 28.945424
22400.0 28.175122
22600.0 28.471596
22800.0 28.106016
23000.0 28.854888
23200.0 27.848034
23400.0 28.572395
23600.0 27.731725
23800.0 27.998321
24000.0 27.175082
24200.0 28.170139
24400.0 27.529737
24600.0 27.801922
24800.0 27.81859
25000.0 27.525167
25200.0 28.392973
25400.0 28.670032
25600.0 28.659681
25800.0 28.068935
26000.0 28.314826
26200.0 28.643574
26400.0 27.856896
26600.0 27.729947
26800.0 27.706339
27000.0 28.295733
27200.0 27.869694
27400.0 27.684267
27600.0 27.368239
27800.0 28.299223
28000.0 28.130121
28200.0 28.055622
28400.0 29.324803
28600.0 28.598465
28800.0 28.716968
29000.0 28.382494
29200.0 29.127045
29400.0 28.152086
29600.0 28.006927
29800.0 28.117563
30000.0 27.820018
30200.0 28.15159
30400.0 28.039198
30600.0 27.483324
30800.0 27.729354
31000.0 27.096985
31200.0 28.845046
31400.0 27.866436
31600.0 28.223661
31800.0 28.682538
32000.0 29.02176
32200.0 27.271543
32400.0 29.437054
32600.0 27.9075
32800.0 28.614566
33000.0 27.956359
33200.0 28.027374
33400.0 27.701072
33600.0 28.433347
33800.0 27.75576
34000.0 27.653342
34200.0 28.22142
34400.0 27.920493
34600.0 28.414068
34800.0 28.033023
35000.0 27.800485
35200.0 28.301306
35400.0 28.086123
35600.0 28.130216
35800.0 28.797566
36000.0 28.032779
36200.0 28.541939
36400.0 27.403632
36600.0 28.193624
36800.0 27.843197
37000.0 27.510825
37200.0 27.306132
37400.0 27.960201
37600.0 26.879662
37800.0 28.626948
38000.0 28.184701
38200.0 28.212593
38400.0 28.377031
38600.0 28.745709
38800.0 27.76313
39000.0 28.23084
39200.0 27.944829
39400.0 28.004069
39600.0 27.580638
39800.0 27.413291
40000.0 27.549259
40200.0 28.163934
40400.0 28.20011
40600.0 28.686549
40800.0 28.344439
41000.0 28.806252
41200.0 28.187526
41400.0 28.430164
41600.0 28.457297
41800.0 28.380782
42000.0 28.092054
42200.0 28.145854
42400.0 27.683054
42600.0 27.38749
42800.0 27.938599
43000.0 28.1833
43200.0 27.980226
43400.0 28.076647
43600.0 27.777889
43800.0 28.617791
44000.0 28.889352
44200.0 27.690257
44400.0 29.13773
44600.0 29.019302
44800.0 28.275806
45000.0 28.705189
45200.0 28.452503
45400.0 27.521333
45600.0 28.622272
45800.0 27.317934
46000.0 28.205948
46200.0 27.448914
46400.0 28.32714
46600.0 27.625595
46800.0 27.828512
47000.0 28.395812
47200.0 27.658799
47400.0 28.402769
47600.0 28.109892
47800.0 29.211579
48000.0 28.561952
48200.0 28.647513
48400.0 28.333951
48600.0 28.087995
48800.0 28.087748
49000.0 27.612868
49200.0 28.637565
49400.0 27.642763
49600.0 28.206614
49800.0 28.141876
50000.0 27.750638
50200.0 27.266936
50400.0 28.116651
50600.0 27.5652
50800.0 27.156693
51000.0 28.121691
51200.0 27.958684
51400.0 27.557465
51600.0 27.935433
51800.0 28.617887
52000.0 29.351906
52200.0 27.572373
52400.0 28.024147
52600.0 28.686263
52800.0 27.786809
53000.0 27.709011
53200.0 27.646002
53400.0 28.380858
53600.0 27.26462
53800.0 27.961902
54000.0 27.450985
54200.0 28.442781
54400.0 28.544362
54600.0 28.194433
54800.0 28.697285
55000.0 28.569943
55200.0 28.458581
55400.0 28.198369
55600.0 28.033391
55800.0 28.300462
56000.0 27.587797
56200.0 27.606003
56400.0 27.759905
56600.0 27.500533
56800.0 28.23672
57000.0 27.731529
57200.0 28.418828
57400.0 28.332491
57600.0 28.860534
57800.0 28.730335
58000.0 28.396402
58200.0 28.443558
58400.0 28.64067
58600.0 28.263366
58800.0 27.844125
59000.0 28.867446
59200.0 27.699563
59400.0 28.099761
59600.0 28.146798
59800.0 27.295286
60000.0 27.442136
60200.0 28.195913
60400.0 27.511423
60600.0 27.75063
60800.0 27.901624
61000.0 28.49362
61200.0 28.151895
61400.0 28.650444
61600.0 28.962389
61800.0 28.506174
62000.0 27.270779
62200.0 28.574051
62400.0 28.246648
62600.0 28.117412
62800.0 27.854345
63000.0 27.577508
63200.0 28.027104
63400.0 27.613851
63600.0 28.307837
63800.0 27.610831
64000.0 27.868615
64200.0 28.197153
64400.0 28.27679
64600.0 27.395245
64800.0 28.442636
65000.0 27.781496
65200.0 28.154508
65400.0 27.696746
65600.0 28.530631
65800.0 28.299638
66000.0 27.436897
66200.0 27.627053
66400.0 27.089787
66600.0 27.408701
66800.0 26.94397
67000.0 27.301533
67200.0 28.24437
67400.0 27.545085
67600.0 27.635243
67800.0 27.960359
68000.0 28.195254
68200.0 27.945099
68400.0 28.400004
68600.0 27.991381
68800.0 28.410426
69000.0 27.751293
69200.0 27.561252
69400.0 27.367009
69600.0 27.613503
69800.0 27.677181
70000.0 28.194011
70200.0 26.572731
70400.0 27.796927
70600.0 27.557646
70800.0 27.683287
71000.0 28.024743
71200.0 28.187995
71400.0 28.521129
71600.0 27.892892
71800.0 28.107868
72000.0 28.511993
72200.0 27.906111
72400.0 27.678232
72600.0 28.032698
72800.0 27.630901
73000.0 27.123151
73200.0 27.753183
73400.0 27.082137
73600.0 27.68024
73800.0 26.801483
74000.0 28.415218
74200.0 27.705728
74400.0 27.751976
74600.0 28.11984
74800.0 27.872969
75000.0 28.026296
75200.0 27.5119
75400.0 29.024331
75600.0 28.399019
75800.0 28.54391
76000.0 28.705198
76200.0 27.28211
76400.0 28.413691
76600.0 27.251495
76800.0 28.278854
77000.0 27.556182
77200.0 27.389424
77400.0 27.279183
77600.0 28.513794
77800.0 27.497222
78000.0 27.870366
78200.0 28.416116
78400.0 28.286395
78600.0 28.228674
78800.0 28.083275
79000.0 28.577255
79200.0 28.263282
79400.0 27.387011
79600.0 28.366565
79800.0 27.505724
80000.0 28.063888
80200.0 27.66945
80400.0 27.951952
80600.0 26.863924
80800.0 28.214343
81000.0 27.243689
81200.0 27.833843
81400.0 27.854184
81600.0 28.315879
81800.0 28.170087
82000.0 28.442859
82200.0 28.604271
82400.0 27.845016
82600.0 28.073314
82800.0 27.51017
83000.0 28.651684
83200.0 27.326215
83400.0 27.406315
83600.0 27.421188
83800.0 27.236309
84000.0 27.438394
84200.0 27.972686
84400.0 27.39817
84600.0 28.070152
84800.0 28.029046
85000.0 27.921932
85200.0 27.9286
85400.0 28.428916
85600.0 27.852645
85800.0 28.453616
86000.0 27.717025
86200.0 27.789993
86400.0 28.373824
86600.0 27.457972
86800.0 26.891495
87000.0 27.933053
87200.0 27.220378
87400.0 27.79264
87600.0 27.755448
87800.0 27.395855
88000.0 28.386882
88200.0 28.059318
88400.0 28.304185
88600.0 28.270137
88800.0 27.752369
89000.0 27.589066
89200.0 28.525265
89400.0 28.079968
89600.0 28.140646
89800.0 27.202517
90000.0 27.447661
90200.0 27.71196
90400.0 27.602134
90600.0 26.750509
90800.0 27.656539
91000.0 27.964572
91200.0 27.774053
91400.0 28.890054
91600.0 27.454725
91800.0 27.773797
92000.0 28.344318
92200.0 28.546905
92400.0 28.262316
92600.0 27.997494
92800.0 27.265655
93000.0 27.484317
93200.0 27.826158
93400.0 27.640677
93600.0 27.878043
93800.0 27.825912
94000.0 26.41108
94200.0 28.693473
94400.0 28.105799
94600.0 27.865726
94800.0 28.37349
95000.0 28.302316
95200.0 27.960912
95400.0 28.702424
95600.0 28.731776
95800.0 27.877123
96000.0 27.407046
96200.0 27.669085
96400.0 27.945608
96600.0 27.475363
96800.0 28.134927
97000.0 27.342798
97200.0 28.206626
97400.0 27.799104
97600.0 28.066681
97800.0 28.516518
98000.0 28.33675
98200.0 28.637957
98400.0 29.140991
98600.0 29.006431
98800.0 29.288165
99000.0 28.903134
99200.0 28.910371
99400.0 27.497909
99600.0 29.162342
99800.0 28.524624
100000.0 27.89952
