0.0 196.00328
200.0 197.65203
400.0 199.46761
600.0 200.80124
800.0 201.02465
1000.0 200.05945
1200.0 197.59748
1400.0 194.15825
1600.0 191.77388
1800.0 191.41096
2000.0 193.21095
2200.0 195.58474
2400.0 196.98661
2600.0 196.7649
2800.0 194.41429
3000.0 190.6907
3200.0 188.72591
3400.0 188.65141
3600.0 190.62132
3800.0 193.61132
4000.0 195.84907
4200.0 196.39557
4400.0 195.29971
4600.0 193.97589
4800.0 192.704
5000.0 192.84927
5200.0 193.97673
5400.0 195.98017
5600.0 198.44194
5800.0 200.03015
6000.0 200.28666
6200.0 197.58267
6400.0 193.0033
6600.0 191.70883
6800.0 193.88565
7000.0 195.67615
7200.0 196.45754
7400.0 195.33622
7600.0 193.3172
7800.0 191.07041
8000.0 189.75055
8200.0 190.79494
8400.0 194.20613
8600.0 196.91645
8800.0 197.55424
9000.0 197.07846
9200.0 195.66515
9400.0 194.69079
9600.0 193.86745
9800.0 193.59071
10000.0 194.15314
10200.0 195.26345
10400.0 196.36012
10600.0 196.57478
10800.0 195.99788
11000.0 194.46051
11200.0 192.58726
11400.0 191.53279
11600.0 191.43886
11800.0 192.72237
12000.0 195.29476
12200.0 198.45386
12400.0 200.34278
12600.0 200.10323
12800.0 197.74408
13000.0 193.33892
13200.0 188.67674
13400.0 186.5116
13600.0 187.7623
13800.0 192.33059
14000.0 197.88216
14200.0 200.52185
14400.0 200.43014
14600.0 198.45613
14800.0 195.67832
15000.0 192.61752
15200.0 191.28231
15400.0 191.08125
15600.0 192.58804
15800.0 195.57672
16000.0 198.67569
16200.0 200.31647
16400.0 199.99591
16600.0 197.2656
16800.0 192.98344
17000.0 188.47329
17200.0 187.34433
17400.0 189.08027
17600.0 192.40464
17800.0 195.85947
18000.0 198.15825
18200.0 198.50704
18400.0 196.7422
18600.0 193.65106
18800.0 190.76672
19000.0 189.31784
19200.0 189.88656
19400.0 192.97283
19600.0 196.42302
19800.0 197.58321
20000.0 196.68362
20200.0 195.76667
20400.0 194.46384
20600.0 193.90234
20800.0 193.98664
21000.0 194.74801
21200.0 196.24159
21400.0 198.12524
21600.0 199.59521
21800.0 199.66819
22000.0 197.47024
22200.0 194.03356
22400.0 190.89499
22600.0 190.03588
22800.0 190.95633
23000.0 193.56502
23200.0 196.95506
23400.0 199.85403
23600.0 200.72485
23800.0 198.65021
24000.0 192.70016
24200.0 186.18562
24400.0 184.22003
24600.0 185.49014
24800.0 189.05573
25000.0 193.3427
25200.0 197.41909
25400.0 200.06572
25600.0 200.20548
25800.0 198.02237
26000.0 193.84437
26200.0 190.77865
26400.0 189.13016
26600.0 189.7053
26800.0 192.106
27000.0 195.06031
27200.0 196.72563
27400.0 197.18807
27600.0 196.90755
27800.0 195.87159
28000.0 194.65155
28200.0 193.69838
28400.0 193.33293
28600.0 193.73717
28800.0 195.01139
29000.0 196.96201
29200.0 199.16748
29400.0 199.66895
29600.0 197.83324
29800.0 194.43807
30000.0 190.79469
30200.0 188.53814
30400.0 188.75984
30600.0 192.07609
30800.0 196.28489
31000.0 199.22638
31200.0 200.24735
31400.0 199.13058
31600.0 197.03422
31800.0 194.22715
32000.0 192.25401
32200.0 191.19905
32400.0 192.0348
32600.0 194.07761
32800.0 196.51547
33000.0 198.78131
33200.0 199.30431
33400.0 198.05066
33600.0 193.86808
33800.0 187.34768
34000.0 185.56575
34200.0 188.07164
34400.0 192.35068
34600.0 196.42666
34800.0 198.90351
35000.0 198.9968
35200.0 197.01212
35400.0 193.71465
35600.0 190.23808
35800.0 188.60293
36000.0 189.90153
36200.0 194.25908
36400.0 198.5396
36600.0 199.7282
36800.0 198.78005
37000.0 197.07966
37200.0 194.83843
37400.0 193.32339
37600.0 192.40453
37800.0 192.51185
38000.0 193.88492
38200.0 195.79711
38400.0 198.79263
38600.0 201.49052
38800.0 201.95829
39000.0 199.66165
39200.0 194.94538
39400.0 190.64383
39600.0 188.8454
39800.0 189.77661
40000.0 193.12555
40200.0 197.01566
40400.0 199.65146
40600.0 200.0104
40800.0 198.73195
41000.0 196.67609
41200.0 195.0958
41400.0 194.07954
41600.0 193.6748
41800.0 194.0533
42000.0 194.40608
42200.0 195.46747
42400.0 196.36347
42600.0 197.13199
42800.0 198.12114
43000.0 198.66791
43200.0 198.56722
43400.0 197.43462
43600.0 195.6276
43800.0 193.97857
44000.0 192.9778
44200.0 193.15569
44400.0 194.80854
44600.0 196.07464
44800.0 196.09933
45000.0 194.19727
45200.0 191.95211
45400.0 190.77939
45600.0 190.75127
45800.0 191.82699
46000.0 194.03112
46200.0 196.33652
46400.0 197.80737
46600.0 197.77632
46800.0 196.25414
47000.0 194.90285
47200.0 193.98391
47400.0 193.80018
47600.0 194.61559
47800.0 195.80619
48000.0 196.92518
48200.0 197.72732
48400.0 197.22274
48600.0 195.14871
48800.0 192.27887
49000.0 190.42366
49200.0 190.02071
49400.0 191.26032
49600.0 193.61293
49800.0 196.35661
50000.0 198.42275
50200.0 198.93024
50400.0 197.70621
50600.0 195.67574
50800.0 193.76014
51000.0 192.8588
51200.0 192.99659
51400.0 193.84346
51600.0 195.08298
51800.0 196.44745
52000.0 197.58094
52200.0 197.5649
52400.0 196.1165
52600.0 194.44511
52800.0 192.33007
53000.0 191.18637
53200.0 191.49272
53400.0 193.72068
53600.0 196.96694
53800.0 200.35621
54000.0 201.9056
54200.0 200.29923
54400.0 195.5114
54600.0 189.68742
54800.0 186.55324
55000.0 187.01243
55200.0 190.73343
55400.0 195.37974
55600.0 198.05523
55800.0 198.82146
56000.0 198.13282
56200.0 196.28533
56400.0 194.08617
56600.0 192.4288
56800.0 191.59566
57000.0 192.21468
57200.0 193.95401
57400.0 197.78471
57600.0 201.53815
57800.0 202.74868
58000.0 199.9688
58200.0 194.56083
58400.0 189.52959
58600.0 187.22784
58800.0 188.16988
59000.0 193.46376
59200.0 201.05926
59400.0 204.87231
59600.0 204.0381
59800.0 200.30432
60000.0 195.97203
60200.0 193.08548
60400.0 191.98028
60600.0 192.2556
60800.0 193.98607
61000.0 196.43649
61200.0 198.77466
61400.0 199.38537
61600.0 197.75143
61800.0 193.56592
62000.0 189.28883
62200.0 187.54718
62400.0 188.58923
62600.0 191.90523
62800.0 195.54305
63000.0 198.27355
63200.0 199.00912
63400.0 198.21965
63600.0 195.71992
63800.0 193.28292
64000.0 190.68269
64200.0 189.74563
64400.0 191.02075
64600.0 194.16552
64800.0 196.75378
65000.0 197.34726
65200.0 196.93751
65400.0 195.90149
65600.0 195.25844
65800.0 194.68725
66000.0 194.94967
66200.0 195.51995
66400.0 195.63307
66600.0 194.4967
66800.0 192.49507
67000.0 190.82684
67200.0 190.72678
67400.0 191.22568
67600.0 192.42192
67800.0 192.75925
68000.0 192.43609
68200.0 191.14056
68400.0 190.25523
68600.0 191.08573
68800.0 192.83709
69000.0 195.35132
69200.0 197.3368
69400.0 198.48468
69600.0 198.41106
69800.0 197.27505
70000.0 194.96671
70200.0 192.62231
70400.0 191.64411
70600.0 192.11686
70800.0 193.31255
71000.0 194.9243
71200.0 195.85257
71400.0 195.83198
71600.0 195.42364
71800.0 194.43811
72000.0 193.39532
72200.0 193.05556
72400.0 193.53991
72600.0 195.12769
72800.0 197.72652
73000.0 199.42749
73200.0 200.31551
73400.0 198.79579
73600.0 195.69203
73800.0 190.36762
74000.0 187.31861
74200.0 188.45035
74400.0 191.96975
74600.0 196.03721
74800.0 198.23635
75000.0 198.5227
75200.0 196.46482
75400.0 194.28823
75600.0 192.22706
75800.0 191.34216
76000.0 191.92783
76200.0 194.5681
76400.0 199.43384
76600.0 203.86988
76800.0 203.56799
77000.0 200.66872
77200.0 197.11227
77400.0 194.38039
77600.0 192.74369
77800.0 192.80546
78000.0 194.22329
78200.0 195.80573
78400.0 197.2253
78600.0 196.93217
78800.0 194.92228
79000.0 191.9649
79200.0 189.86653
79400.0 189.43163
79600.0 191.00359
79800.0 193.93278
80000.0 197.92265
80200.0 200.10646
80400.0 199.66541
80600.0 197.39629
80800.0 194.8691
81000.0 193.21165
81200.0 192.63929
81400.0 193.51057
81600.0 194.93938
81800.0 196.67785
82000.0 198.15236
82200.0 197.89022
82400.0 196.52649
82600.0 192.53574
82800.0 189.18933
83000.0 188.56992
83200.0 190.21371
83400.0 192.87405
83600.0 195.31375
83800.0 196.43542
84000.0 196.64526
84200.0 195.92074
84400.0 194.64723
84600.0 193.38003
84800.0 192.93353
85000.0 193.26833
85200.0 194.23972
85400.0 196.00552
85600.0 198.3755
85800.0 201.58889
86000.0 205.69262
86200.0 206.94083
86400.0 203.60378
86600.0 196.74606
86800.0 191.53386
87000.0 190.34435
87200.0 192.28755
87400.0 195.84935
87600.0 198.9482
87800.0 200.07898
88000.0 198.63524
88200.0 195.24446
88400.0 192.81188
88600.0 192.27514
88800.0 193.03465
89000.0 194.13569
89200.0 195.47453
89400.0 196.08475
89600.0 196.01259
89800.0 195.29354
90000.0 194.15227
90200.0 192.51374
90400.0 191.6286
90600.0 191.97596
90800.0 194.28768
91000.0 197.03905
91200.0 199.02711
91400.0 199.72074
91600.0 198.32049
91800.0 195.80357
92000.0 192.91079
92200.0 191.17898
92400.0 191.17317
92600.0 193.27571
92800.0 196.00265
93000.0 199.40171
93200.0 202.022
93400.0 201.58421
93600.0 198.36775
93800.0 193.19162
94000.0 189.43116
94200.0 188.49772
94400.0 190.30668
94600.0 194.19615
94800.0 197.99481
95000.0 199.71301
95200.0 199.55888
95400.0 197.43941
95600.0 195.31648
95800.0 193.47026
96000.0 192.68918
96200.0 192.85031
96400.0 193.78211
96600.0 194.93817
96800.0 195.94671
97000.0 196.6996
97200.0 196.88821
97400.0 196.59306
97600.0 196.19848
97800.0 195.78322
98000.0 195.53955
98200.0 195.27293
98400.0 194.8729
98600.0 194.31411
98800.0 193.75759
99000.0 193.32438
99200.0 193.57315
99400.0 194.85136
99600.0 197.166
99800.0 199.29926
100000.0 200.08374
