0.0 0.0051957424
200.0 0.0052308733
400.0 0.0052601505
600.0 0.0052771354
800.0 0.0052838777
1000.0 0.0052805304
1200.0 0.0052704672
1400.0 0.0052564068
1600.0 0.0052437056
1800.0 0.0052330362
2000.0 0.0052178216
2200.0 0.0051982037
2400.0 0.0051778296
2600.0 0.0051576272
2800.0 0.0051400235
3000.0 0.0051289777
3200.0 0.005133724
3400.0 0.0051599683
3600.0 0.0052084566
3800.0 0.0052691637
4000.0 0.0053191738
4200.0 0.0053375517
4400.0 0.0053154078
4600.0 0.0052566203
4800.0 0.0051802147
5000.0 0.0051196317
5200.0 0.0050954394
5400.0 0.0051090961
5600.0 0.0051486215
5800.0 0.005196534
6000.0 0.0052358537
6200.0 0.0052571715
6400.0 0.005257598
6600.0 0.005243604
6800.0 0.0052281802
7000.0 0.0052210034
7200.0 0.0052259013
7400.0 0.0052405745
7600.0 0.0052568685
7800.0 0.0052603441
8000.0 0.0052387409
8200.0 0.0051964849
8400.0 0.0051473931
8600.0 0.0051067254
8800.0 0.0050824211
9000.0 0.0050762529
9200.0 0.0050917474
9400.0 0.0051277659
9600.0 0.00517245
9800.0 0.005213047
10000.0 0.0052386545
10200.0 0.0052474033
10400.0 0.0052520956
10600.0 0.005264605
10800.0 0.0052902299
11000.0 0.0053226535
11200.0 0.0053548316
11400.0 0.0053803372
11600.0 0.0053848196
11800.0 0.0053553018
12000.0 0.005287808
12200.0 0.0051943193
12400.0 0.005105465
12600.0 0.0050481262
12800.0 0.0050332338
13000.0 0.0050507866
13200.0 0.0050826624
13400.0 0.0051189451
13600.0 0.0051477825
13800.0 0.0051666404
14000.0 0.0051787957
14200.0 0.0051890559
14400.0 0.005203526
14600.0 0.0052251901
14800.0 0.0052518854
15000.0 0.0052761814
15200.0 0.0052898962
15400.0 0.0052770775
15600.0 0.0052322623
15800.0 0.0051722034
16000.0 0.0051227579
16200.0 0.0050970088
16400.0 0.0050959132
16600.0 0.0051150263
16800.0 0.0051445571
17000.0 0.0051750863
17200.0 0.0052024272
17400.0 0.0052236291
17600.0 0.0052350277
17800.0 0.0052351658
18000.0 0.0052284177
18200.0 0.0052289215
18400.0 0.0052455008
18600.0 0.0052815432
18800.0 0.0053307372
19000.0 0.0053742442
19200.0 0.0053896507
19400.0 0.0053706777
19600.0 0.0053088845
19800.0 0.0052115687
20000.0 0.0051193529
20200.0 0.0050668618
20400.0 0.0050612908
20600.0 0.005084349
20800.0 0.0051107386
21000.0 0.0051254625
21200.0 0.0051296198
21400.0 0.0051338699
21600.0 0.0051482923
21800.0 0.0051735493
22000.0 0.0052060454
22200.0 0.005241661
22400.0 0.0052729217
22600.0 0.0052924992
22800.0 0.0052902006
23000.0 0.0052707876
23200.0 0.0052390117
23400.0 0.0051991161
23600.0 0.005163199
23800.0 0.0051451665
24000.0 0.0051537771
24200.0 0.0051857398
24400.0 0.0052247905
24600.0 0.0052546701
24800.0 0.0052657389
25000.0 0.0052536252
25200.0 0.0052248825
25400.0 0.0051955112
25600.0 0.0051806679
25800.0 0.0051834876
26000.0 0.0051962152
26200.0 0.005215652
26400.0 0.0052361506
26600.0 0.0052487287
26800.0 0.0052522209
27000.0 0.0052481657
27200.0 0.0052390596
27400.0 0.0052243821
27600.0 0.0052052837
27800.0 0.0051938204
28000.0 0.0051970645
28200.0 0.0052126375
28400.0 0.0052360069
28600.0 0.0052680454
28800.0 0.0052998477
29000.0 0.0053128648
29200.0 0.0052978092
29400.0 0.0052537194
29600.0 0.0051993172
29800.0 0.0051566897
30000.0 0.0051366265
30200.0 0.0051368553
30400.0 0.0051535528
30600.0 0.0051825063
30800.0 0.0052168906
31000.0 0.0052499722
31200.0 0.00527673
31400.0 0.0052967624
31600.0 0.0053092484
31800.0 0.005317851
32000.0 0.0053277106
32200.0 0.005339991
32400.0 0.0053521018
32600.0 0.0053514862
32800.0 0.0053191675
33000.0 0.0052414995
33200.0 0.0051392268
33400.0 0.005055548
33600.0 0.0050111445
33800.0 0.0050067803
34000.0 0.0050348117
34200.0 0.0050844579
34400.0 0.0051385489
34600.0 0.0051786133
34800.0 0.0051917823
35000.0 0.0051818052
35200.0 0.0051630321
35400.0 0.0051514001
35600.0 0.0051527968
35800.0 0.0051717354
36000.0 0.0052066295
36200.0 0.0052465901
36400.0 0.0052731722
36600.0 0.0052817474
36800.0 0.0052713685
37000.0 0.0052398611
37200.0 0.0051955722
37400.0 0.0051560003
37600.0 0.0051399696
37800.0 0.0051562779
38000.0 0.0051953089
38200.0 0.0052397201
38400.0 0.0052750048
38600.0 0.0052929561
38800.0 0.0052903116
39000.0 0.0052787238
39200.0 0.0052649594
39400.0 0.0052553809
39600.0 0.0052539487
39800.0 0.0052589252
40000.0 0.0052662735
40200.0 0.0052611989
40400.0 0.0052247151
40600.0 0.0051556674
40800.0 0.0050808735
41000.0 0.0050271009
41200.0 0.0050083819
41400.0 0.0050286598
41600.0 0.0050805588
41800.0 0.0051485317
42000.0 0.0052101626
42200.0 0.0052520054
42400.0 0.0052760358
42600.0 0.0052901714
42800.0 0.005300707
43000.0 0.0053128895
43200.0 0.0053255449
43400.0 0.0053345786
43600.0 0.0053330277
43800.0 0.0053138404
44000.0 0.0052659683
44200.0 0.0051798755
44400.0 0.0050700624
44600.0 0.0049786215
44800.0 0.0049403053
45000.0 0.0049547077
45200.0 0.0050090442
45400.0 0.0050824899
45600.0 0.0051539402
45800.0 0.0052097961
46000.0 0.0052415536
46200.0 0.0052465221
46400.0 0.0052349174
46600.0 0.0052189225
46800.0 0.0052090866
47000.0 0.0052102917
47200.0 0.0052253261
47400.0 0.0052532618
47600.0 0.0052851707
47800.0 0.0053061368
48000.0 0.0053087609
48200.0 0.0052882943
48400.0 0.0052455757
48600.0 0.0051842523
48800.0 0.0051176385
49000.0 0.0050619435
49200.0 0.0050257747
49400.0 0.0050129677
49600.0 0.0050250045
49800.0 0.0050568945
50000.0 0.0051069233
50200.0 0.005170493
50400.0 0.0052404681
50600.0 0.0053047667
50800.0 0.0053616439
51000.0 0.005400197
51200.0 0.0054130973
51400.0 0.005402619
51600.0 0.0053764323
51800.0 0.0053407681
52000.0 0.0053005238
52200.0 0.0052591496
52400.0 0.0052177973
52600.0 0.0051789482
52800.0 0.005137309
53000.0 0.0050968665
53200.0 0.005069041
53400.0 0.0050612775
53600.0 0.0050745852
53800.0 0.005107329
54000.0 0.005151422
54200.0 0.0052085491
54400.0 0.0052768924
54600.0 0.0053490346
54800.0 0.005413707
55000.0 0.0054582813
55200.0 0.005478076
55400.0 0.005474828
55600.0 0.0054486272
55800.0 0.0054005523
56000.0 0.0053438106
56200.0 0.0052849776
56400.0 0.0052290574
56600.0 0.005178242
56800.0 0.005127898
57000.0 0.0050825967
57200.0 0.0050470449
57400.0 0.0050279328
57600.0 0.0050322435
57800.0 0.0050679212
58000.0 0.0051343059
58200.0 0.0052107047
58400.0 0.005278252
58600.0 0.0053252728
58800.0 0.00534529
59000.0 0.0053408369
59200.0 0.0053285635
59400.0 0.0053212847
59600.0 0.0053246426
59800.0 0.005338859
60000.0 0.0053545638
60200.0 0.0053577954
60400.0 0.0053362934
60600.0 0.0052833568
60800.0 0.0052101921
61000.0 0.0051352426
61200.0 0.0050801914
61400.0 0.0050559964
61600.0 0.0050590914
61800.0 0.0050759105
62000.0 0.0050927972
62200.0 0.0051020983
62400.0 0.0051038789
62600.0 0.0051036136
62800.0 0.0051069128
63000.0 0.0051194801
63200.0 0.0051511203
63400.0 0.0052089369
63600.0 0.0052872339
63800.0 0.0053655139
64000.0 0.0054266961
64200.0 0.0054643391
64400.0 0.0054746512
64600.0 0.0054586645
64800.0 0.0054317403
65000.0 0.0054012694
65200.0 0.0053631655
65400.0 0.0053152802
65600.0 0.0052590199
65800.0 0.0051951157
66000.0 0.0051360753
66200.0 0.0050905911
66400.0 0.0050577893
66600.0 0.0050310904
66800.0 0.0050104993
67000.0 0.0050037159
67200.0 0.0050163461
67400.0 0.0050568526
67600.0 0.0051335293
67800.0 0.0052379447
68000.0 0.0053413985
68200.0 0.0054203563
68400.0 0.0054634595
68600.0 0.005474927
68800.0 0.0054602658
69000.0 0.0054238283
69200.0 0.0053732643
69400.0 0.0053155474
69600.0 0.0052609286
69800.0 0.0052020312
70000.0 0.0051352573
70200.0 0.0050793843
70400.0 0.0050417017
70600.0 0.0050235083
70800.0 0.005032861
71000.0 0.0050662049
71200.0 0.005116164
71400.0 0.0051764137
71600.0 0.0052377105
71800.0 0.0052918694
72000.0 0.0053421942
72200.0 0.0053850505
72400.0 0.0054170277
72600.0 0.0054320859
72800.0 0.0054217227
73000.0 0.0053820777
73200.0 0.0053166994
73400.0 0.0052355788
73600.0 0.0051632328
73800.0 0.0051147312
74000.0 0.0050885739
74200.0 0.0050751521
74400.0 0.0050647075
74600.0 0.0050502309
74800.0 0.0050342875
75000.0 0.0050263609
75200.0 0.0050396063
75400.0 0.0050814449
75600.0 0.005147757
75800.0 0.0052236216
76000.0 0.0052870217
76200.0 0.005324015
76400.0 0.005338618
76600.0 0.005341255
76800.0 0.005340779
77000.0 0.0053439984
77200.0 0.0053548386
77400.0 0.0053648769
77600.0 0.0053634477
77800.0 0.0053386635
78000.0 0.0052949002
78200.0 0.0052444219
78400.0 0.0051970426
78600.0 0.0051619072
78800.0 0.0051436704
79000.0 0.0051416343
79200.0 0.0051552751
79400.0 0.0051829237
79600.0 0.0052113823
79800.0 0.0052244178
80000.0 0.0052142157
80200.0 0.0051862223
80400.0 0.0051560777
80600.0 0.0051406783
80800.0 0.0051475439
81000.0 0.0051808348
81200.0 0.0052394926
81400.0 0.0053087745
81600.0 0.0053711371
81800.0 0.0054104927
82000.0 0.0054158187
82200.0 0.0053956219
82400.0 0.0053648939
82600.0 0.0053320254
82800.0 0.0052992652
83000.0 0.0052697815
83200.0 0.0052446262
83400.0 0.0052213791
83600.0 0.005195489
83800.0 0.0051671148
84000.0 0.0051423634
84200.0 0.0051217442
84400.0 0.0051099259
84600.0 0.0051103904
84800.0 0.0051218055
85000.0 0.005139659
85200.0 0.0051591533
85400.0 0.0051756468
85600.0 0.0051845689
85800.0 0.005191825
86000.0 0.0052055044
86200.0 0.0052338344
86400.0 0.0052781965
86600.0 0.0053330326
86800.0 0.005383519
87000.0 0.005413317
87200.0 0.005407905
87400.0 0.0053687567
87600.0 0.0053079919
87800.0 0.0052471737
88000.0 0.0052067061
88200.0 0.0051919419
88400.0 0.005190657
88600.0 0.0051914948
88800.0 0.0051945661
89000.0 0.0051896123
89200.0 0.0051691927
89400.0 0.0051428387
89600.0 0.0051192147
89800.0 0.005109268
90000.0 0.0051269699
90200.0 0.0051752793
90400.0 0.0052479047
90600.0 0.0053198963
90800.0 0.0053568429
91000.0 0.0053463024
91200.0 0.0053016926
91400.0 0.0052432825
91600.0 0.0051922611
91800.0 0.0051653557
92000.0 0.0051597497
92200.0 0.0051684228
92400.0 0.0051778927
92600.0 0.0051822169
92800.0 0.0051777493
93000.0 0.0051655559
93200.0 0.005152573
93400.0 0.0051509618
93600.0 0.0051696888
93800.0 0.0052162309
94000.0 0.0052863107
94200.0 0.005363498
94400.0 0.0054174801
94600.0 0.0054250232
94800.0 0.0053837069
95000.0 0.0053060616
95200.0 0.0052273084
95400.0 0.0051740973
95600.0 0.0051511228
95800.0 0.0051584074
96000.0 0.0051804035
96200.0 0.0052003319
96400.0 0.0052157056
96600.0 0.0052220257
96800.0 0.005215207
97000.0 0.0052024645
97200.0 0.0051941231
97400.0 0.0051973188
97600.0 0.0052142129
97800.0 0.0052391573
98000.0 0.0052729938
98200.0 0.0053011385
98400.0 0.0052904547
98600.0 0.0052218234
98800.0 0.0051222702
99000.0 0.0050396724
99200.0 0.0049995234
99400.0 0.0050034261
99600.0 0.0050415529
99800.0 0.00509707
100000.0 0.0051499072
