0.0 -2223.9294
200.0 -2230.7623
400.0 -2237.555
600.0 -2246.5746
800.0 -2253.7255
1000.0 -2257.1658
1200.0 -2252.5349
1400.0 -2240.9213
1600.0 -2219.9593
1800.0 -2201.9517
2000.0 -2194.8728
2200.0 -2191.4217
2400.0 -2189.5925
2600.0 -2188.5912
2800.0 -2193.2593
3000.0 -2201.9127
3200.0 -2211.065
3400.0 -2221.3815
3600.0 -2233.8477
3800.0 -2248.8678
4000.0 -2263.3676
4200.0 -2274.3907
4400.0 -2277.3346
4600.0 -2272.8251
4800.0 -2262.1738
5000.0 -2248.5684
5200.0 -2232.6893
5400.0 -2213.145
5600.0 -2195.9774
5800.0 -2184.4033
6000.0 -2181.4248
6200.0 -2183.2724
6400.0 -2184.7502
6600.0 -2189.4293
6800.0 -2199.8281
7000.0 -2213.3167
7200.0 -2223.7307
7400.0 -2228.8149
7600.0 -2230.1094
7800.0 -2230.8196
8000.0 -2231.7861
8200.0 -2237.4782
8400.0 -2250.9612
8600.0 -2270.8674
8800.0 -2284.751
9000.0 -2289.6
9200.0 -2289.1513
9400.0 -2280.9543
9600.0 -2267.2819
9800.0 -2251.5274
10000.0 -2243.3002
10200.0 -2240.4953
10400.0 -2240.7801
10600.0 -2239.7292
10800.0 -2239.0694
11000.0 -2238.3895
11200.0 -2232.5334
11400.0 -2225.1976
11600.0 -2209.4083
11800.0 -2194.0298
12000.0 -2185.7634
12200.0 -2179.7063
12400.0 -2174.9804
12600.0 -2171.6295
12800.0 -2164.9474
13000.0 -2161.1106
13200.0 -2161.3607
13400.0 -2171.3795
13600.0 -2185.0747
13800.0 -2193.3625
14000.0 -2199.5049
14200.0 -2205.1234
14400.0 -2209.9893
14600.0 -2211.0888
14800.0 -2207.4875
15000.0 -2211.7439
15200.0 -2232.937
15400.0 -2254.2591
15600.0 -2264.8491
15800.0 -2266.5221
16000.0 -2260.8668
16200.0 -2249.6691
16400.0 -2239.013
16600.0 -2231.8213
16800.0 -2225.6896
17000.0 -2221.3205
17200.0 -2217.2335
17400.0 -2215.2428
17600.0 -2218.4458
17800.0 -2228.9272
18000.0 -2244.8306
18200.0 -2258.0082
18400.0 -2264.301
18600.0 -2268.4338
18800.0 -2266.0811
19000.0 -2253.4108
19200.0 -2233.591
19400.0 -2222.5267
19600.0 -2223.813
19800.0 -2230.1184
20000.0 -2235.6411
20200.0 -2239.1709
20400.0 -2241.4036
20600.0 -2243.979
20800.0 -2239.3566
21000.0 -2220.0206
21200.0 -2194.3103
21400.0 -2184.9381
21600.0 -2184.8217
21800.0 -2185.8011
22000.0 -2187.2485
22200.0 -2186.5208
22400.0 -2190.4243
22600.0 -2195.2738
22800.0 -2195.265
23000.0 -2190.0433
23200.0 -2183.2896
23400.0 -2180.7392
23600.0 -2180.4471
23800.0 -2180.949
24000.0 -2186.4906
24200.0 -2199.9567
24400.0 -2218.4371
24600.0 -2230.0261
24800.0 -2231.0499
25000.0 -2223.1282
25200.0 -2214.212
25400.0 -2210.26
25600.0 -2205.0288
25800.0 -2199.0571
26000.0 -2198.8725
26200.0 -2209.6071
26400.0 -2237.2054
26600.0 -2259.6709
26800.0 -2266.822
27000.0 -2265.6491
27200.0 -2259.6391
27400.0 -2249.8177
27600.0 -2237.6772
27800.0 -2221.9489
28000.0 -2207.9308
28200.0 -2195.6348
28400.0 -2188.5627
28600.0 -2183.5729
28800.0 -2179.0775
29000.0 -2178.9917
29200.0 -2181.5643
29400.0 -2184.0451
29600.0 -2188.5318
29800.0 -2193.1159
30000.0 -2203.6319
30200.0 -2219.2272
30400.0 -2232.6337
30600.0 -2243.0271
30800.0 -2247.8768
31000.0 -2246.956
31200.0 -2236.7038
31400.0 -2223.1335
31600.0 -2214.6245
31800.0 -2215.9067
32000.0 -2220.9266
32200.0 -2223.0996
32400.0 -2222.6282
32600.0 -2221.0345
32800.0 -2228.8282
33000.0 -2246.0696
33200.0 -2261.8716
33400.0 -2273.135
33600.0 -2278.3718
33800.0 -2281.4541
34000.0 -2278.8013
34200.0 -2275.243
34400.0 -2270.628
34600.0 -2259.9576
34800.0 -2243.5105
35000.0 -2222.8697
35200.0 -2209.4311
35400.0 -2203.3547
35600.0 -2196.9629
35800.0 -2194.4878
36000.0 -2192.5591
36200.0 -2195.425
36400.0 -2204.2976
36600.0 -2219.8258
36800.0 -2235.8648
37000.0 -2242.7395
37200.0 -2241.5835
37400.0 -2237.3826
37600.0 -2232.2519
37800.0 -2228.5594
38000.0 -2228.3204
38200.0 -2231.6082
38400.0 -2234.92
38600.0 -2234.1468
38800.0 -2233.2151
39000.0 -2231.0179
39200.0 -2229.8328
39400.0 -2229.9005
39600.0 -2222.59
39800.0 -2212.878
40000.0 -2200.8713
40200.0 -2196.165
40400.0 -2197.4329
40600.0 -2197.5572
40800.0 -2195.6755
41000.0 -2185.5824
41200.0 -2160.8408
41400.0 -2139.5097
41600.0 -2136.9719
41800.0 -2148.1992
42000.0 -2163.3061
42200.0 -2178.0055
42400.0 -2189.5376
42600.0 -2197.2811
42800.0 -2204.5926
43000.0 -2209.9201
43200.0 -2214.6755
43400.0 -2215.0001
43600.0 -2206.7393
43800.0 -2187.2343
44000.0 -2166.4365
44200.0 -2156.3847
44400.0 -2154.3924
44600.0 -2159.0684
44800.0 -2168.8196
45000.0 -2176.3598
45200.0 -2179.3468
45400.0 -2176.2957
45600.0 -2167.3257
45800.0 -2158.3778
46000.0 -2155.4824
46200.0 -2158.2753
46400.0 -2170.5611
46600.0 -2186.4696
46800.0 -2204.5521
47000.0 -2219.7987
47200.0 -2230.5743
47400.0 -2234.9387
47600.0 -2234.4246
47800.0 -2226.7225
48000.0 -2217.385
48200.0 -2205.5346
48400.0 -2195.4917
48600.0 -2192.1288
48800.0 -2196.1906
49000.0 -2215.5116
49200.0 -2238.2487
49400.0 -2247.4334
49600.0 -2246.2676
49800.0 -2242.5672
50000.0 -2240.6787
50200.0 -2237.7069
50400.0 -2229.1673
50600.0 -2216.5883
50800.0 -2205.8693
51000.0 -2197.298
51200.0 -2185.6454
51400.0 -2167.2624
51600.0 -2147.6377
51800.0 -2138.7461
52000.0 -2138.9559
52200.0 -2149.629
52400.0 -2166.7877
52600.0 -2177.6753
52800.0 -2179.824
53000.0 -2177.0125
53200.0 -2172.8122
53400.0 -2169.9122
53600.0 -2163.3372
53800.0 -2159.207
54000.0 -2156.8271
54200.0 -2158.5105
54400.0 -2166.3118
54600.0 -2176.5442
54800.0 -2190.4359
55000.0 -2197.1316
55200.0 -2193.3679
55400.0 -2185.7857
55600.0 -2175.5792
55800.0 -2167.1285
56000.0 -2164.0899
56200.0 -2163.6082
56400.0 -2168.5512
56600.0 -2179.4556
56800.0 -2192.5407
57000.0 -2206.7368
57200.0 -2215.5682
57400.0 -2219.4763
57600.0 -2218.3342
57800.0 -2202.268
58000.0 -2177.0083
58200.0 -2164.527
58400.0 -2162.7321
58600.0 -2165.3858
58800.0 -2169.931
59000.0 -2178.7612
59200.0 -2188.0573
59400.0 -2197.348
59600.0 -2202.8508
59800.0 -2207.1486
60000.0 -2213.695
60200.0 -2226.4631
60400.0 -2241.5936
60600.0 -2252.1635
60800.0 -2249.3623
61000.0 -2233.5301
61200.0 -2214.9334
61400.0 -2201.7493
61600.0 -2192.6785
61800.0 -2183.1756
62000.0 -2173.956
62200.0 -2166.5521
62400.0 -2161.7695
62600.0 -2160.3092
62800.0 -2157.5947
63000.0 -2149.5042
63200.0 -2137.7546
63400.0 -2130.223
63600.0 -2122.7553
63800.0 -2120.3307
64000.0 -2117.3138
64200.0 -2120.6011
64400.0 -2134.5232
64600.0 -2153.9294
64800.0 -2167.5713
65000.0 -2174.0857
65200.0 -2173.85
65400.0 -2172.1777
65600.0 -2170.8077
65800.0 -2171.4408
66000.0 -2183.0948
66200.0 -2201.1639
66400.0 -2214.331
66600.0 -2215.6416
66800.0 -2210.3722
67000.0 -2199.8956
67200.0 -2186.9078
67400.0 -2178.7636
67600.0 -2177.0088
67800.0 -2181.9411
68000.0 -2188.9494
68200.0 -2195.7317
68400.0 -2199.9327
68600.0 -2204.0527
68800.0 -2206.0598
69000.0 -2205.8418
69200.0 -2204.5664
69400.0 -2202.52
69600.0 -2197.4656
69800.0 -2191.2592
70000.0 -2189.8884
70200.0 -2192.6403
70400.0 -2190.3092
70600.0 -2181.574
70800.0 -2170.2149
71000.0 -2165.17
71200.0 -2164.7334
71400.0 -2166.1739
71600.0 -2167.3308
71800.0 -2170.419
72000.0 -2183.849
72200.0 -2198.5958
72400.0 -2212.9072
72600.0 -2223.5835
72800.0 -2229.427
73000.0 -2228.9755
73200.0 -2223.4391
73400.0 -2214.65
73600.0 -2211.0821
73800.0 -2205.3833
74000.0 -2199.0412
74200.0 -2191.2554
74400.0 -2186.6057
74600.0 -2183.439
74800.0 -2176.7759
75000.0 -2168.6671
75200.0 -2163.5482
75400.0 -2171.7753
75600.0 -2192.5651
75800.0 -2205.9799
76000.0 -2210.6167
76200.0 -2206.5355
76400.0 -2198.7076
76600.0 -2191.2918
76800.0 -2188.1334
77000.0 -2183.6647
77200.0 -2176.0005
77400.0 -2159.2233
77600.0 -2141.484
77800.0 -2128.0139
78000.0 -2121.5259
78200.0 -2119.0693
78400.0 -2120.8505
78600.0 -2124.0677
78800.0 -2124.4341
79000.0 -2121.6954
79200.0 -2118.7374
79400.0 -2123.9656
79600.0 -2140.4536
79800.0 -2156.9653
80000.0 -2162.3347
80200.0 -2161.9597
80400.0 -2161.5796
80600.0 -2165.3654
80800.0 -2170.7213
81000.0 -2176.671
81200.0 -2181.5156
81400.0 -2185.2165
81600.0 -2182.6207
81800.0 -2171.0006
82000.0 -2149.3834
82200.0 -2129.3616
82400.0 -2121.214
82600.0 -2124.7225
82800.0 -2136.7754
83000.0 -2148.2345
83200.0 -2156.4946
83400.0 -2161.7952
83600.0 -2171.2798
83800.0 -2179.7937
84000.0 -2183.6762
84200.0 -2181.9575
84400.0 -2177.4472
84600.0 -2172.9186
84800.0 -2167.7146
85000.0 -2159.0881
85200.0 -2149.4652
85400.0 -2142.9004
85600.0 -2148.5846
85800.0 -2167.6471
86000.0 -2186.2183
86200.0 -2195.2876
86400.0 -2201.8409
86600.0 -2207.0764
86800.0 -2210.9994
87000.0 -2213.3047
87200.0 -2210.2332
87400.0 -2206.4052
87600.0 -2203.6497
87800.0 -2193.9746
88000.0 -2179.8479
88200.0 -2165.909
88400.0 -2158.1152
88600.0 -2153.2512
88800.0 -2150.1936
89000.0 -2150.6757
89200.0 -2155.3449
89400.0 -2169.0528
89600.0 -2192.5331
89800.0 -2209.1208
90000.0 -2215.739
90200.0 -2217.4245
90400.0 -2218.8162
90600.0 -2220.6121
90800.0 -2225.8188
91000.0 -2231.9903
91200.0 -2238.8445
91400.0 -2245.5262
91600.0 -2247.4042
91800.0 -2245.9889
92000.0 -2241.772
92200.0 -2240.8506
92400.0 -2241.6773
92600.0 -2239.7901
92800.0 -2232.0229
93000.0 -2218.773
93200.0 -2208.5063
93400.0 -2205.0463
93600.0 -2203.5444
93800.0 -2202.9512
94000.0 -2199.5906
94200.0 -2197.5335
94400.0 -2196.6415
94600.0 -2202.451
94800.0 -2207.5095
95000.0 -2207.9771
95200.0 -2203.0084
95400.0 -2187.1234
95600.0 -2168.6884
95800.0 -2156.639
96000.0 -2155.5821
96200.0 -2169.131
96400.0 -2185.8798
96600.0 -2196.8813
96800.0 -2201.9061
97000.0 -2202.2276
97200.0 -2198.7944
97400.0 -2190.2016
97600.0 -2181.1583
97800.0 -2175.2067
98000.0 -2174.4172
98200.0 -2181.6669
98400.0 -2198.1319
98600.0 -2216.2171
98800.0 -2223.5627
99000.0 -2219.3104
99200.0 -2209.8548
99400.0 -2202.3196
99600.0 -2194.2049
99800.0 -2184.1596
100000.0 -2177.5813
