0.0 47.5532
200.0 45.913894
400.0 47.160603
600.0 45.959355
800.0 47.439122
1000.0 48.044171
1200.0 47.3871
1400.0 47.847871
1600.0 47.900881
1800.0 46.152129
2000.0 47.795722
2200.0 47.41014
2400.0 47.08729
2600.0 45.711448
2800.0 46.910649
3000.0 45.951376
3200.0 45.73159
3400.0 45.594782
3600.0 47.622329
3800.0 46.937213
4000.0 47.222739
4200.0 48.006469
4400.0 46.684031
4600.0 46.63071
4800.0 47.38752
5000.0 46.758817
5200.0 47.973713
5400.0 45.572107
5600.0 45.952867
5800.0 46.572329
6000.0 47.128641
6200.0 44.99499
6400.0 46.087866
6600.0 47.991901
6800.0 46.146484
7000.0 47.140841
7200.0 46.283116
7400.0 47.395551
7600.0 48.610327
7800.0 47.964697
8000.0 46.398555
8200.0 47.430551
8400.0 47.134321
8600.0 46.893341
8800.0 46.983542
9000.0 46.304936
9200.0 45.591737
9400.0 46.81959
9600.0 46.255741
9800.0 46.48366
10000.0 45.205264
10200.0 45.658999
10400.0 46.744747
10600.0 46.321868
10800.0 47.249404
11000.0 47.258839
11200.0 46.931961
11400.0 46.231448
11600.0 47.80568
11800.0 47.815937
12000.0 47.697015
12200.0 47.071985
12400.0 47.762857
12600.0 46.538707
12800.0 46.498688
13000.0 45.972878
13200.0 45.874717
13400.0 47.752507
13600.0 45.431959
13800.0 46.193902
14000.0 47.714154
14200.0 46.634099
14400.0 47.023665
14600.0 46.258689
14800.0 47.949719
15000.0 48.555734
15200.0 47.239447
15400.0 46.151242
15600.0 47.47438
15800.0 47.60807
16000.0 47.102176
16200.0 46.366217
16400.0 46.533662
16600.0 46.70014
16800.0 47.456861
17000.0 47.074884
17200.0 47.479945
17400.0 46.799322
17600.0 46.875257
17800.0 46.7847
18000.0 45.588198
18200.0 47.109745
18400.0 46.567345
18600.0 44.474435
18800.0 46.320922
19000.0 47.368205
19200.0 46.122562
19400.0 46.896364
19600.0 46.567893
19800.0 46.539828
20000.0 47.149171
20200.0 48.235824
20400.0 47.461052
20600.0 45.905145
20800.0 48.29498
21000.0 46.311946
21200.0 46.970516
21400.0 46.472595
21600.0 46.159462
21800.0 45.504346
22000.0 45.928396
22200.0 45.805308
22400.0 44.864884
22600.0 45.389271
22800.0 47.836753
23000.0 45.413464
23200.0 47.038911
23400.0 46.517769
23600.0 46.127141
23800.0 47.919159
24000.0 47.840658
24200.0 47.937876
24400.0 46.509779
24600.0 46.774316
24800.0 47.217752
25000.0 48.65973
25200.0 45.838499
25400.0 46.328539
25600.0 45.710807
25800.0 46.648267
26000.0 45.440057
26200.0 46.680002
26400.0 45.880356
26600.0 47.8145
26800.0 46.16724
27000.0 48.612467
27200.0 46.129803
27400.0 47.858094
27600.0 46.685672
27800.0 47.179279
28000.0 46.548817
28200.0 46.454852
28400.0 47.142238
28600.0 46.111464
28800.0 45.824062
29000.0 45.683264
29200.0 44.764557
29400.0 48.01771
29600.0 46.718733
29800.0 44.441916
30000.0 47.489496
30200.0 46.3631
30400.0 48.414193
30600.0 46.539885
30800.0 46.508373
31000.0 47.300243
31200.0 48.081053
31400.0 46.746965
31600.0 46.746015
31800.0 46.033001
32000.0 47.71967
32200.0 45.454609
32400.0 46.009384
32600.0 45.713904
32800.0 46.716396
33000.0 46.386873
33200.0 46.892709
33400.0 48.014512
33600.0 46.126618
33800.0 47.660768
34000.0 48.168282
34200.0 46.204285
34400.0 47.399916
34600.0 47.492084
34800.0 46.379097
35000.0 48.064387
35200.0 46.92268
35400.0 45.871029
35600.0 45.090456
35800.0 47.037605
36000.0 46.796233
36200.0 45.663298
36400.0 46.057457
36600.0 46.843719
36800.0 47.368816
37000.0 46.60939
37200.0 47.519069
37400.0 47.586955
37600.0 47.208861
37800.0 47.100173
38000.0 46.678361
38200.0 46.461065
38400.0 47.003551
38600.0 46.067523
38800.0 45.383051
39000.0 46.420203
39200.0 45.051094
39400.0 46.307416
39600.0 46.438087
39800.0 46.9176
40000.0 46.141848
40200.0 47.522289
40400.0 45.888306
40600.0 47.752601
40800.0 47.044147
41000.0 48.652737
41200.0 46.873225
41400.0 47.188228
41600.0 46.467152
41800.0 47.005928
42000.0 46.972355
42200.0 45.261488
42400.0 46.303643
42600.0 46.577857
42800.0 45.811129
43000.0 45.771125
43200.0 46.460659
43400.0 47.35317
43600.0 46.510623
43800.0 46.780714
44000.0 47.260426
44200.0 46.675166
44400.0 47.638378
44600.0 47.550782
44800.0 47.18905
45000.0 48.521193
45200.0 47.000945
45400.0 47.784861
45600.0 47.819653
45800.0 46.864114
46000.0 47.160418
46200.0 46.740879
46400.0 46.075788
46600.0 46.837183
46800.0 46.234803
47000.0 47.019672
47200.0 45.449079
47400.0 48.502946
47600.0 46.86271
47800.0 46.649277
48000.0 48.533793
48200.0 48.157668
48400.0 47.623986
48600.0 47.110894
48800.0 47.078469
49000.0 47.43795
49200.0 47.566338
49400.0 46.861068
49600.0 46.603145
49800.0 46.300902
50000.0 46.426285
50200.0 47.261061
50400.0 46.407064
50600.0 46.398917
50800.0 48.042571
51000.0 46.247562
51200.0 46.506001
51400.0 47.364639
51600.0 46.332787
51800.0 47.274393
52000.0 47.4644
52200.0 47.498823
52400.0 47.234035
52600.0 47.189764
52800.0 49.178215
53000.0 46.648706
53200.0 48.065364
53400.0 46.935404
53600.0 47.383381
53800.0 47.141372
54000.0 45.681213
54200.0 47.003854
54400.0 46.38726
54600.0 45.305306
54800.0 48.204918
55000.0 46.383481
55200.0 46.556459
55400.0 47.230874
55600.0 48.067971
55800.0 48.247097
56000.0 47.995001
56200.0 47.748863
56400.0 46.103002
56600.0 47.603658
56800.0 47.685947
57000.0 47.294595
57200.0 46.801361
57400.0 46.529475
57600.0 46.635708
57800.0 44.821511
58000.0 48.152209
58200.0 45.860501
58400.0 46.585977
58600.0 48.174961
58800.0 47.659053
59000.0 47.217054
59200.0 47.630562
59400.0 48.537104
59600.0 46.601004
59800.0 47.37406
60000.0 46.56269
60200.0 46.268917
60400.0 48.235692
60600.0 45.984313
60800.0 46.440818
61000.0 46.02758
61200.0 46.604729
61400.0 46.232675
61600.0 46.44603
61800.0 46.893159
62000.0 46.865363
62200.0 48.10129
62400.0 46.928067
62600.0 47.333327
62800.0 47.985922
63000.0 48.540457
63200.0 46.429577
63400.0 47.116764
63600.0 45.554484
63800.0 48.055408
64000.0 47.006589
64200.0 45.439749
64400.0 46.569539
64600.0 46.232024
64800.0 47.046254
65000.0 47.255566
65200.0 45.655075
65400.0 46.655552
65600.0 47.562243
65800.0 47.28626
66000.0 47.403094
66200.0 47.735321
66400.0 46.145176
66600.0 46.53591
66800.0 48.020951
67000.0 47.037514
67200.0 46.084585
67400.0 46.52267
67600.0 46.328376
67800.0 45.879816
68000.0 46.054936
68200.0 45.978149
68400.0 46.945698
68600.0 45.926225
68800.0 47.544005
69000.0 47.018841
69200.0 46.672681
69400.0 47.964028
69600.0 46.553148
69800.0 48.169609
70000.0 47.14542
70200.0 47.05333
70400.0 47.497976
70600.0 45.593843
70800.0 46.280589
71000.0 46.732817
71200.0 45.715227
71400.0 46.05109
71600.0 45.927215
71800.0 47.137919
72000.0 46.53277
72200.0 46.99191
72400.0 47.226037
72600.0 47.573525
72800.0 46.467289
73000.0 46.744994
73200.0 47.103456
73400.0 49.387552
73600.0 45.58991
73800.0 46.757092
74000.0 46.526012
74200.0 46.033298
74400.0 46.803519
74600.0 45.052591
74800.0 47.262176
75000.0 44.471516
75200.0 46.559847
75400.0 47.681033
75600.0 47.091154
75800.0 46.035411
76000.0 47.942024
76200.0 47.468152
76400.0 47.065412
76600.0 46.722385
76800.0 47.564899
77000.0 47.50334
77200.0 45.866528
77400.0 45.763983
77600.0 47.242575
77800.0 46.8639
78000.0 44.881159
78200.0 46.061643
78400.0 47.784218
78600.0 46.370654
78800.0 45.064956
79000.0 48.296849
79200.0 47.712846
79400.0 47.313264
79600.0 47.379633
79800.0 47.479873
80000.0 46.808603
80200.0 47.08472
80400.0 46.944494
80600.0 45.79852
80800.0 47.614461
81000.0 45.824596
81200.0 46.503613
81400.0 46.700704
81600.0 45.80257
81800.0 45.358786
82000.0 47.098211
82200.0 47.223261
82400.0 47.683825
82600.0 46.660622
82800.0 46.730741
83000.0 48.202717
83200.0 47.951787
83400.0 46.743523
83600.0 47.831498
83800.0 46.227973
84000.0 47.174425
84200.0 45.184023
84400.0 47.389494
84600.0 46.869086
84800.0 45.625186
85000.0 46.159798
85200.0 46.240177
85400.0 46.670355
85600.0 47.01278
85800.0 47.041874
86000.0 46.234573
86200.0 47.409655
86400.0 46.989158
86600.0 46.732272
86800.0 47.385826
87000.0 47.868968
87200.0 47.162504
87400.0 46.695743
87600.0 48.108292
87800.0 46.61877
88000.0 48.036897
88200.0 47.329118
88400.0 46.887845
88600.0 47.87425
88800.0 46.466423
89000.0 45.292194
89200.0 46.206738
89400.0 46.854606
89600.0 46.137603
89800.0 47.469955
90000.0 46.955803
90200.0 46.592485
90400.0 47.822446
90600.0 48.007543
90800.0 47.409026
91000.0 47.741596
91200.0 46.84203
91400.0 46.848507
91600.0 47.908581
91800.0 47.519445
92000.0 46.840846
92200.0 46.792896
92400.0 46.107897
92600.0 47.586066
92800.0 46.690776
93000.0 46.765407
93200.0 44.88719
93400.0 45.795286
93600.0 47.954308
93800.0 47.30357
94000.0 47.602185
94200.0 46.767282
94400.0 47.93711
94600.0 47.359259
94800.0 48.084319
95000.0 46.608666
95200.0 47.597765
95400.0 46.604002
95600.0 45.193473
95800.0 46.560406
96000.0 46.269298
96200.0 45.582228
96400.0 46.692902
96600.0 46.114191
96800.0 47.666323
97000.0 47.083896
97200.0 47.116832
97400.0 46.9831
97600.0 48.074475
97800.0 47.396724
98000.0 46.84919
98200.0 46.303736
98400.0 46.589243
98600.0 45.346941
98800.0 46.691733
99000.0 45.84309
99200.0 46.550547
99400.0 46.456876
99600.0 45.494882
99800.0 47.419759
100000.0 46.468023
