0.0 108.83955
200.0 -72.415858
400.0 -38.334343
600.0 133.28417
800.0 -128.80218
1000.0 91.356517
1200.0 -37.541372
1400.0 -0.94398029
1600.0 7.511816
1800.0 -6.3509861
2000.0 23.941417
2200.0 -48.254913
2400.0 84.169905
2600.0 -79.59016
2800.0 33.425026
3000.0 33.847515
3200.0 -54.277655
3400.0 11.952183
3600.0 58.082306
3800.0 -74.759424
4000.0 47.367172
4200.0 55.991805
4400.0 -89.803982
4600.0 72.873889
4800.0 -1.0414971
5000.0 -73.718204
5200.0 78.801531
5400.0 -67.086897
5600.0 21.600963
5800.0 40.996741
6000.0 -75.372717
6200.0 93.222896
6400.0 -55.415071
6600.0 27.266341
6800.0 0.10484478
7000.0 16.796681
7200.0 -36.892992
7400.0 26.035762
7600.0 13.745359
7800.0 -47.373896
8000.0 59.099134
8200.0 -46.556274
8400.0 8.7401798
8600.0 26.864705
8800.0 -41.494688
9000.0 23.68647
9200.0 -2.9189181
9400.0 -4.0396969
9600.0 11.42308
9800.0 -13.621535
10000.0 25.483211
10200.0 26.220156
10400.0 -64.832159
10600.0 39.81939
10800.0 -2.7508474
11000.0 -45.59649
11200.0 104.22968
11400.0 -95.406111
11600.0 28.117264
11800.0 91.196345
12000.0 -107.12976
12200.0 57.782839
12400.0 -11.923738
12600.0 -5.5062847
12800.0 7.2703324
13000.0 -52.726848
13200.0 88.359296
13400.0 -35.850764
13600.0 -11.628781
13800.0 32.281837
14000.0 -46.028535
14200.0 40.995006
14400.0 -6.7747726
14600.0 -16.310054
14800.0 50.030203
15000.0 -34.818849
15200.0 -20.614675
15400.0 44.538315
15600.0 -38.558828
15800.0 11.821287
16000.0 13.321706
16200.0 -3.7779793
16400.0 35.510035
16600.0 -20.981982
16800.0 5.6518608
17000.0 29.476645
17200.0 -48.929276
17400.0 42.261866
17600.0 -8.2512965
17800.0 -35.330044
18000.0 71.543646
18200.0 -56.778918
18400.0 9.3680945
18600.0 57.745109
18800.0 -81.141167
19000.0 69.52215
19200.0 -22.238493
19400.0 -1.6517156
19600.0 23.705221
19800.0 -52.472721
20000.0 74.494588
20200.0 -38.198489
20400.0 -51.237176
20600.0 143.67973
20800.0 -156.98664
21000.0 68.991692
21200.0 48.516372
21400.0 -45.9218
21600.0 14.536971
21800.0 -32.960435
22000.0 -3.9377247
22200.0 53.862308
22400.0 -70.601651
22600.0 78.667285
22800.0 -24.001321
23000.0 -53.419356
23200.0 72.716635
23400.0 -46.156467
23600.0 12.33701
23800.0 38.209364
24000.0 -40.14695
24200.0 65.211794
24400.0 -32.382704
24600.0 8.6343319
24800.0 5.3828656
25000.0 -43.928107
25200.0 35.381518
25400.0 28.432916
25600.0 -52.28652
25800.0 66.861941
26000.0 -47.862965
26200.0 34.17388
26400.0 -4.0924325
26600.0 -26.275527
26800.0 70.118929
27000.0 -63.905866
27200.0 25.083533
27400.0 28.373409
27600.0 -75.688437
27800.0 60.370999
28000.0 14.574951
28200.0 -65.266637
28400.0 94.51523
28600.0 -85.193155
28800.0 49.574493
29000.0 52.408843
29200.0 -94.295975
29400.0 113.56452
29600.0 -69.525509
29800.0 -4.6400394
30000.0 86.899195
30200.0 -114.08684
30400.0 86.753219
30600.0 -27.594567
30800.0 -5.6325826
31000.0 20.35825
31200.0 1.1953491
31400.0 -12.043421
31600.0 -35.033269
31800.0 69.721913
32000.0 -64.223745
32200.0 38.232905
32400.0 -12.827096
32600.0 8.412435
32800.0 42.633566
33000.0 -63.67926
33200.0 50.541893
33400.0 9.132381
33600.0 -68.106399
33800.0 75.388518
34000.0 -19.022986
34200.0 -39.25727
34400.0 68.374267
34600.0 -67.177532
34800.0 26.262165
35000.0 10.791027
35200.0 10.224252
35400.0 -10.590854
35600.0 7.0323767
35800.0 -37.610856
36000.0 54.097017
36200.0 -26.280165
36400.0 26.585809
36600.0 -16.298717
36800.0 -34.664775
37000.0 65.449038
37200.0 -58.978548
37400.0 56.394518
37600.0 -26.875062
37800.0 8.3648064
38000.0 22.617727
38200.0 -45.293814
38400.0 24.227664
38600.0 -15.527763
38800.0 36.737296
39000.0 -64.917193
39200.0 68.99212
39400.0 -5.1764676
39600.0 -37.450869
39800.0 46.529666
40000.0 -28.903013
40200.0 -29.649907
40400.0 115.33894
40600.0 -98.567957
40800.0 39.354811
41000.0 31.034317
41200.0 -82.555636
41400.0 52.109794
41600.0 10.601051
41800.0 -39.718033
42000.0 18.500383
42200.0 31.662966
42400.0 -38.780632
42600.0 29.588468
42800.0 3.0841834
43000.0 -6.5933523
43200.0 -21.708273
43400.0 54.898566
43600.0 -42.317097
43800.0 -16.22564
44000.0 99.349149
44200.0 -139.24224
44400.0 163.96481
44600.0 -75.218671
44800.0 -22.425954
45000.0 48.639793
45200.0 -52.256292
45400.0 78.386704
45600.0 -82.954135
45800.0 80.957975
46000.0 -48.408679
46200.0 2.3056018
46400.0 36.253311
46600.0 -40.683606
46800.0 44.503134
47000.0 11.792942
47200.0 -98.766341
47400.0 132.53425
47600.0 -58.056026
47800.0 -10.89658
48000.0 63.753997
48200.0 -83.628837
48400.0 55.369185
48600.0 -31.06852
48800.0 62.871427
49000.0 -43.615287
49200.0 -18.176225
49400.0 57.070635
49600.0 -15.693655
49800.0 -12.388919
50000.0 9.6647803
50200.0 32.854863
50400.0 -59.975455
50600.0 72.919635
50800.0 -62.191019
51000.0 31.063129
51200.0 -5.981929
51400.0 11.772215
51600.0 -26.506101
51800.0 -3.8094168
52000.0 50.295239
52200.0 -65.184714
52400.0 69.9709
52600.0 -38.379451
52800.0 -37.311311
53000.0 72.849921
53200.0 -61.234481
53400.0 39.185504
53600.0 52.892671
53800.0 -121.65168
54000.0 121.29646
54200.0 10.816396
54400.0 -123.87547
54600.0 130.31798
54800.0 -80.021214
55000.0 50.263292
55200.0 -33.048784
55400.0 15.311768
55600.0 0.89284332
55800.0 -18.218289
56000.0 47.359237
56200.0 -66.570385
56400.0 56.597318
56600.0 -20.133447
56800.0 45.598818
57000.0 -76.666588
57200.0 67.518795
57400.0 -44.405577
57600.0 33.402935
57800.0 -11.456339
58000.0 -8.6446322
58200.0 10.954234
58400.0 30.127714
58600.0 -46.747978
58800.0 61.394209
59000.0 -33.713161
59200.0 -0.53663405
59400.0 -3.2929696
59600.0 50.995208
59800.0 -64.615308
60000.0 43.730979
60200.0 -37.561305
60400.0 49.757737
60600.0 -48.670798
60800.0 -37.553619
61000.0 138.0759
61200.0 -134.12844
61400.0 47.742733
61600.0 43.159821
61800.0 -90.041637
62000.0 90.750099
62200.0 -44.611439
62400.0 -11.743863
62600.0 42.104784
62800.0 -31.023219
63000.0 54.445814
63200.0 -83.57436
63400.0 74.057543
63600.0 -24.150369
63800.0 -13.345064
64000.0 48.806198
64200.0 -61.640893
64400.0 52.276778
64600.0 15.420003
64800.0 -45.3964
65000.0 -10.014632
65200.0 60.029256
65400.0 -11.602115
65600.0 -24.409746
65800.0 23.349072
66000.0 13.421408
66200.0 -43.086378
66400.0 54.741831
66600.0 -61.424744
66800.0 56.135521
67000.0 -45.704614
67200.0 15.231013
67400.0 15.337846
67600.0 -14.246043
67800.0 17.24991
68000.0 -17.503521
68200.0 -8.3773154
68400.0 12.412204
68600.0 -22.946374
68800.0 21.087687
69000.0 -21.698152
69200.0 39.063061
69400.0 -48.266323
69600.0 40.029301
69800.0 -22.226127
70000.0 -12.57643
70200.0 60.073013
70400.0 -80.934883
70600.0 -6.3743905
70800.0 106.33253
71000.0 -101.23979
71200.0 26.136606
71400.0 51.410628
71600.0 -87.93786
71800.0 84.963617
72000.0 -75.634694
72200.0 49.371774
72400.0 24.97889
72600.0 -85.56562
72800.0 85.01848
73000.0 -53.78535
73200.0 38.170512
73400.0 0.49473004
73600.0 -28.470415
73800.0 31.299209
74000.0 -19.267078
74200.0 15.617598
74400.0 -11.866248
74600.0 -19.137099
74800.0 29.900946
75000.0 -47.322766
75200.0 35.609242
75400.0 -45.462894
75600.0 42.066251
75800.0 -11.572885
76000.0 -1.1624185
76200.0 43.671631
76400.0 -90.646914
76600.0 126.79042
76800.0 -74.333184
77000.0 -66.132378
77200.0 151.03252
77400.0 -102.15862
77600.0 32.032865
77800.0 45.150508
78000.0 -121.72254
78200.0 107.5457
78400.0 -23.240549
78600.0 -47.589479
78800.0 83.124055
79000.0 -50.284047
79200.0 1.3469398
79400.0 54.123381
79600.0 -55.789482
79800.0 3.4602958
80000.0 24.596505
80200.0 -13.431231
80400.0 -12.073004
80600.0 66.138054
80800.0 -73.182178
81000.0 32.965771
81200.0 13.845657
81400.0 -29.149646
81600.0 54.61181
81800.0 -35.853353
82000.0 -8.0462092
82200.0 51.959067
82400.0 -102.63803
82600.0 130.10246
82800.0 -111.63521
83000.0 65.173856
83200.0 -36.00192
83400.0 21.713235
83600.0 -14.19008
83800.0 17.710394
84000.0 -17.068366
84200.0 21.996416
84400.0 -13.914893
84600.0 -1.4380729
84800.0 -6.2235723
85000.0 20.767785
85200.0 -27.799466
85400.0 63.190078
85600.0 -78.764186
85800.0 64.875578
86000.0 -4.6122973
86200.0 -50.625973
86400.0 47.691254
86600.0 -81.110824
86800.0 106.61896
87000.0 -90.87861
87200.0 40.599095
87400.0 46.609874
87600.0 -83.505667
87800.0 85.16488
88000.0 -82.17967
88200.0 64.962576
88400.0 4.4843989
88600.0 -52.954767
88800.0 40.602854
89000.0 24.64052
89200.0 -47.589602
89400.0 42.041033
89600.0 -7.3702926
89800.0 -13.018065
90000.0 1.6781644
90200.0 18.020988
90400.0 -7.0004506
90600.0 10.981784
90800.0 -5.1641242
91000.0 -23.482362
91200.0 51.486256
91400.0 -46.43177
91600.0 3.871697
91800.0 51.058371
92000.0 -47.444173
92200.0 -12.331211
92400.0 64.812896
92600.0 -67.764345
92800.0 66.025861
93000.0 -37.973841
93200.0 -20.606179
93400.0 51.100488
93600.0 -59.245517
93800.0 32.011674
94000.0 18.899541
94200.0 -33.92117
94400.0 49.093564
94600.0 -57.974877
94800.0 28.346931
95000.0 -6.6627776
95200.0 8.601042
95400.0 -8.1666071
95600.0 -8.0809437
95800.0 -2.7926319
96000.0 11.89411
96200.0 -45.218248
96400.0 65.499684
96600.0 -29.391035
96800.0 -30.73711
97000.0 90.131353
97200.0 -69.925335
97400.0 7.933727
97600.0 54.701611
97800.0 -92.431535
98000.0 90.627021
98200.0 -58.264002
98400.0 -10.538291
98600.0 53.359838
98800.0 -69.068567
99000.0 50.009265
99200.0 19.771879
99400.0 -74.293897
99600.0 79.423052
99800.0 -10.99035
100000.0 -55.292203
