0.0 186.53685
200.0 189.86449
400.0 193.04332
600.0 195.08422
800.0 194.66535
1000.0 191.95648
1200.0 187.65506
1400.0 182.37726
1600.0 178.91416
1800.0 179.29004
2000.0 184.84513
2200.0 193.12448
2400.0 196.02559
2600.0 195.32118
2800.0 192.49257
3000.0 188.6661
3200.0 185.74473
3400.0 184.42886
3600.0 185.29297
3800.0 188.17277
4000.0 191.56885
4200.0 193.57291
4400.0 193.81973
4600.0 192.59438
4800.0 190.36758
5000.0 188.04397
5200.0 186.36319
5400.0 186.42336
5600.0 188.44687
5800.0 193.93698
6000.0 198.71962
6200.0 199.52969
6400.0 196.66366
6600.0 192.10506
6800.0 188.3623
7000.0 186.44495
7200.0 186.22541
7400.0 187.8676
7600.0 190.98187
7800.0 194.35145
8000.0 196.29568
8200.0 195.59908
8400.0 191.39385
8600.0 187.6041
8800.0 186.36337
9000.0 186.63576
9200.0 187.72579
9400.0 189.14682
9600.0 190.27216
9800.0 190.88482
10000.0 190.80242
10200.0 190.51848
10400.0 190.79318
10600.0 191.84303
10800.0 193.59009
11000.0 196.1344
11200.0 198.19175
11400.0 197.66883
11600.0 194.03604
11800.0 190.53022
12000.0 189.22885
12200.0 189.48725
12400.0 190.03758
12600.0 190.51702
12800.0 190.08238
13000.0 188.91262
13200.0 187.41062
13400.0 185.96751
13600.0 185.63319
13800.0 186.92646
14000.0 190.07092
14200.0 192.35135
14400.0 191.37987
14600.0 189.64627
14800.0 188.69826
15000.0 188.96211
15200.0 190.76521
15400.0 193.19074
15600.0 195.15783
15800.0 195.35981
16000.0 191.77377
16200.0 187.86023
16400.0 186.52793
16600.0 187.4677
16800.0 188.9954
17000.0 190.39204
17200.0 191.75356
17400.0 192.16702
17600.0 191.23283
17800.0 189.30323
18000.0 187.00381
18200.0 184.96905
18400.0 184.63225
18600.0 186.72058
18800.0 190.50153
19000.0 193.9208
19200.0 195.02238
19400.0 194.0397
19600.0 191.61461
19800.0 188.80771
20000.0 186.99535
20200.0 186.82224
20400.0 187.71399
20600.0 190.61216
20800.0 194.67096
21000.0 199.77069
21200.0 202.13127
21400.0 199.3156
21600.0 192.6975
21800.0 187.51424
22000.0 185.57636
22200.0 186.30018
22400.0 188.75445
22600.0 191.5917
22800.0 193.97505
23000.0 194.61167
23200.0 193.01911
23400.0 189.85855
23600.0 186.34263
23800.0 185.36932
24000.0 186.11155
24200.0 188.11014
24400.0 190.09635
24600.0 191.33568
24800.0 191.61679
25000.0 190.97134
25200.0 189.57764
25400.0 188.25064
25600.0 187.43375
25800.0 187.6772
26000.0 190.50268
26200.0 195.15359
26400.0 196.47177
26600.0 194.99429
26800.0 192.26896
27000.0 189.77006
27200.0 188.05642
27400.0 187.96818
27600.0 189.79729
27800.0 191.89686
28000.0 193.34221
28200.0 191.30711
28400.0 186.67284
28600.0 184.21565
28800.0 184.56536
29000.0 186.18463
29200.0 188.64232
29400.0 190.81467
29600.0 191.94236
29800.0 191.74016
30000.0 190.63813
30200.0 189.5062
30400.0 188.63899
30600.0 189.16307
30800.0 191.92461
31000.0 195.76525
31200.0 197.74581
31400.0 196.89728
31600.0 193.72754
31800.0 189.90266
32000.0 188.16175
32200.0 188.0387
32400.0 189.75781
32600.0 192.08099
32800.0 193.65343
33000.0 193.0506
33200.0 190.23773
33400.0 187.33833
33600.0 185.34361
33800.0 185.16952
34000.0 185.75644
34200.0 186.79069
34400.0 187.66736
34600.0 188.56903
34800.0 188.94419
35000.0 189.19514
35200.0 189.44559
35400.0 190.03919
35600.0 190.82695
35800.0 191.86271
36000.0 193.00409
36200.0 193.82931
36400.0 193.02898
36600.0 189.38744
36800.0 188.02837
37000.0 188.61714
37200.0 189.0061
37400.0 189.18159
37600.0 189.09272
37800.0 188.79318
38000.0 189.19303
38200.0 189.95157
38400.0 191.25713
38600.0 192.35482
38800.0 192.55494
39000.0 192.47685
39200.0 191.62192
39400.0 190.60393
39600.0 188.85568
39800.0 187.0101
40000.0 186.12185
40200.0 186.76221
40400.0 188.39328
40600.0 189.96563
40800.0 191.24141
41000.0 191.42
41200.0 190.54088
41400.0 188.76373
41600.0 186.69976
41800.0 185.85168
42000.0 186.61017
42200.0 189.43128
42400.0 192.56826
42600.0 194.25297
42800.0 194.33342
43000.0 192.7771
43200.0 190.19106
43400.0 187.69426
43600.0 186.06082
43800.0 186.13461
44000.0 188.55281
44200.0 194.27451
44400.0 201.21941
44600.0 202.78815
44800.0 199.10213
45000.0 193.04432
45200.0 188.19705
45400.0 185.73407
45600.0 185.20888
45800.0 187.60974
46000.0 190.82032
46200.0 193.60403
46400.0 194.87619
46600.0 194.24507
46800.0 192.07294
47000.0 188.9189
47200.0 186.67773
47400.0 186.74722
47600.0 187.88463
47800.0 189.6582
48000.0 190.88721
48200.0 191.27537
48400.0 190.92058
48600.0 189.80126
48800.0 188.5828
49000.0 187.85188
49200.0 188.0842
49400.0 190.33333
49600.0 193.92721
49800.0 196.2214
50000.0 195.27129
50200.0 192.57386
50400.0 189.40156
50600.0 187.22061
50800.0 186.94961
51000.0 188.34242
51200.0 191.81918
51400.0 196.10884
51600.0 199.40656
51800.0 198.64972
52000.0 194.22288
52200.0 189.56416
52400.0 186.72675
52600.0 185.81876
52800.0 186.64381
53000.0 188.79162
53200.0 191.5933
53400.0 193.96281
53600.0 194.75711
53800.0 193.49207
54000.0 190.12432
54200.0 185.82444
54400.0 182.78018
54600.0 182.74937
54800.0 185.49703
55000.0 189.57424
55200.0 193.00203
55400.0 194.82256
55600.0 194.59449
55800.0 192.41139
56000.0 189.14334
56200.0 186.20091
56400.0 184.49301
56600.0 184.53743
56800.0 186.74041
57000.0 189.30001
57200.0 190.72992
57400.0 190.81787
57600.0 190.59067
57800.0 190.28954
58000.0 190.19513
58200.0 190.14596
58400.0 190.77558
58600.0 190.4174
58800.0 189.97026
59000.0 188.0276
59200.0 186.55448
59400.0 185.67408
59600.0 186.24771
59800.0 188.27651
60000.0 190.45085
60200.0 193.26512
60400.0 194.77372
60600.0 194.46092
60800.0 192.01551
61000.0 188.38717
61200.0 185.76513
61400.0 185.02473
61600.0 186.64448
61800.0 190.6271
62000.0 194.36668
62200.0 196.26834
62400.0 195.62489
62600.0 192.99543
62800.0 189.64928
63000.0 187.69707
63200.0 187.7231
63400.0 188.71547
63600.0 190.29181
63800.0 191.61873
64000.0 192.07432
64200.0 191.30727
64400.0 188.77459
64600.0 185.27078
64800.0 181.28302
65000.0 179.48089
65200.0 181.60967
65400.0 187.99249
65600.0 193.09102
65800.0 195.68174
66000.0 195.34441
66200.0 192.50121
66400.0 188.28361
66600.0 185.03126
66800.0 183.55712
67000.0 184.57008
67200.0 187.74565
67400.0 190.84911
67600.0 192.38234
67800.0 192.75373
68000.0 191.98207
68200.0 190.12097
68400.0 187.99626
68600.0 186.3753
68800.0 186.08204
69000.0 188.63385
69200.0 193.80636
69400.0 197.56125
69600.0 198.11789
69800.0 196.56251
70000.0 193.7261
70200.0 191.54757
70400.0 189.90441
70600.0 189.18743
70800.0 188.82205
71000.0 189.09753
71200.0 189.43922
71400.0 189.96151
71600.0 190.25918
71800.0 190.16023
72000.0 189.53495
72200.0 188.74353
72400.0 187.70074
72600.0 187.34363
72800.0 187.82062
73000.0 189.51347
73200.0 191.55963
73400.0 192.733
73600.0 193.19232
73800.0 192.39157
74000.0 191.10726
74200.0 189.4701
74400.0 187.38315
74600.0 185.39405
74800.0 184.37983
75000.0 185.25076
75200.0 187.12279
75400.0 189.46853
75600.0 192.80796
75800.0 196.29739
76000.0 197.48015
76200.0 195.41798
76400.0 191.29016
76600.0 186.80358
76800.0 183.80654
77000.0 183.49461
77200.0 186.04091
77400.0 191.95474
77600.0 196.92922
77800.0 197.58508
78000.0 195.56721
78200.0 192.16242
78400.0 189.07666
78600.0 187.01697
78800.0 186.32921
79000.0 187.52165
79200.0 190.01778
79400.0 193.26502
79600.0 195.98096
79800.0 196.53365
80000.0 193.86408
80200.0 188.19654
80400.0 185.01277
80600.0 184.20919
80800.0 185.73183
81000.0 188.36225
81200.0 191.17137
81400.0 192.86228
81600.0 193.04177
81800.0 191.74549
82000.0 189.49533
82200.0 187.16505
82400.0 185.57989
82600.0 185.85659
82800.0 188.70659
83000.0 193.38095
83200.0 197.29642
83400.0 198.23824
83600.0 195.68531
83800.0 191.26686
84000.0 187.93786
84200.0 186.14638
84400.0 185.81958
84600.0 186.97747
84800.0 189.42389
85000.0 192.23423
85200.0 194.13669
85400.0 194.4954
85600.0 192.75225
85800.0 190.50777
86000.0 187.84027
86200.0 186.659
86400.0 186.98055
86600.0 188.36133
86800.0 190.06469
87000.0 191.63293
87200.0 192.60776
87400.0 192.26625
87600.0 190.39575
87800.0 187.73362
88000.0 185.0411
88200.0 183.63346
88400.0 184.46384
88600.0 189.00473
88800.0 193.41617
89000.0 194.03299
89200.0 192.66623
89400.0 190.49182
89600.0 188.19192
89800.0 186.9246
90000.0 187.46917
90200.0 189.59808
90400.0 193.0572
90600.0 196.17176
90800.0 197.56213
91000.0 195.48192
91200.0 190.34442
91400.0 186.76241
91600.0 186.1203
91800.0 187.08251
92000.0 189.71831
92200.0 192.50771
92400.0 194.47929
92600.0 194.52025
92800.0 191.27703
93000.0 186.34517
93200.0 182.72556
93400.0 181.72681
93600.0 182.9099
93800.0 185.15864
94000.0 187.52511
94200.0 189.61553
94400.0 191.25651
94600.0 192.00989
94800.0 192.27389
95000.0 191.47401
95200.0 190.23148
95400.0 188.45991
95600.0 186.94403
95800.0 186.17047
96000.0 186.48451
96200.0 188.408
96400.0 191.049
96600.0 192.63011
96800.0 193.08839
97000.0 191.06067
97200.0 187.44248
97400.0 184.35
97600.0 183.26173
97800.0 184.9936
98000.0 188.98946
98200.0 192.03335
98400.0 192.96053
98600.0 192.58731
98800.0 191.35447
99000.0 189.8505
99200.0 188.46362
99400.0 187.63623
99600.0 187.53619
99800.0 188.33311
100000.0 190.49514
