0.0 1261.0745
200.0 1270.1721
400.0 1284.3775
600.0 1297.9611
800.0 1299.098
1000.0 1288.078
1200.0 1274.7537
1400.0 1265.9505
1600.0 1262.5607
1800.0 1262.7096
2000.0 1264.5382
2200.0 1266.2146
2400.0 1266.0021
2600.0 1263.7209
2800.0 1259.9682
3000.0 1255.5019
3200.0 1251.1657
3400.0 1248.1075
3600.0 1247.9554
3800.0 1251.724
4000.0 1261.17
4200.0 1276.5946
4400.0 1289.1876
4600.0 1289.758
4800.0 1280.9989
5000.0 1270.6257
5200.0 1263.5264
5400.0 1260.6216
5600.0 1260.557
5800.0 1261.221
6000.0 1260.9738
6200.0 1259.4166
6400.0 1257.5617
6600.0 1255.914
6800.0 1254.4399
7000.0 1252.8633
7200.0 1251.4087
7400.0 1251.2636
7600.0 1254.9723
7800.0 1264.9695
8000.0 1279.1334
8200.0 1289.2965
8400.0 1290.0907
8600.0 1282.5492
8800.0 1271.0198
9000.0 1260.2149
9200.0 1253.0475
9400.0 1251.8267
9600.0 1258.4421
9800.0 1270.7043
10000.0 1281.644
10200.0 1283.9841
10400.0 1274.9154
10600.0 1258.4325
10800.0 1243.0424
11000.0 1235.7639
11200.0 1239.1901
11400.0 1253.3027
11600.0 1275.5383
11800.0 1295.4456
12000.0 1301.2382
12200.0 1291.5846
12400.0 1272.947
12600.0 1253.8657
12800.0 1239.7199
13000.0 1227.9805
13200.0 1210.3563
13400.0 1200.4013
13600.0 1209.4598
13800.0 1234.8852
14000.0 1265.4937
14200.0 1284.9979
14400.0 1288.6799
14600.0 1279.4897
14800.0 1263.2787
15000.0 1247.3448
15200.0 1238.7235
15400.0 1243.5605
15600.0 1267.0527
15800.0 1296.7933
16000.0 1309.4089
16200.0 1303.6113
16400.0 1286.6205
16600.0 1267.3346
16800.0 1254.5176
17000.0 1251.7934
17200.0 1258.3082
17400.0 1270.3499
17600.0 1281.9685
17800.0 1287.1592
18000.0 1281.8095
18200.0 1262.9823
18400.0 1232.2112
18600.0 1209.8353
18800.0 1210.5807
19000.0 1225.1123
19200.0 1244.4588
19400.0 1264.5503
19600.0 1280.0017
19800.0 1284.72
20000.0 1275.9429
20200.0 1257.3999
20400.0 1240.2688
20600.0 1236.7998
20800.0 1252.2994
21000.0 1276.7028
21200.0 1292.2048
21400.0 1295.3522
21600.0 1289.141
21800.0 1277.6956
22000.0 1266.4662
22200.0 1259.9783
22400.0 1259.4851
22600.0 1263.6304
22800.0 1269.986
23000.0 1275.29
23200.0 1276.637
23400.0 1272.9416
23600.0 1265.8785
23800.0 1258.4387
24000.0 1250.2131
24200.0 1240.0968
24400.0 1233.8557
24600.0 1239.1962
24800.0 1254.9431
25000.0 1272.8981
25200.0 1287.7878
25400.0 1297.0108
25600.0 1297.957
25800.0 1288.6267
26000.0 1273.7819
26200.0 1263.7096
26400.0 1260.5619
26600.0 1260.9015
26800.0 1261.7711
27000.0 1262.0809
27200.0 1261.9602
27400.0 1262.0563
27600.0 1264.2662
27800.0 1272.6066
28000.0 1287.9919
28200.0 1301.1317
28400.0 1303.2049
28600.0 1293.1771
28800.0 1272.8758
29000.0 1249.4308
29200.0 1234.2589
29400.0 1233.7547
29600.0 1247.5064
29800.0 1273.5138
30000.0 1308.6002
30200.0 1332.8396
30400.0 1329.4718
30600.0 1299.9256
30800.0 1262.9964
31000.0 1243.0939
31200.0 1239.5716
31400.0 1247.957
31600.0 1264.9702
31800.0 1284.1005
32000.0 1297.3315
32200.0 1298.4546
32400.0 1284.6964
32600.0 1261.5368
32800.0 1244.209
33000.0 1240.2853
33200.0 1246.692
33400.0 1258.3015
33600.0 1269.7688
33800.0 1276.7984
34000.0 1276.5446
34200.0 1268.7313
34400.0 1256.0842
34600.0 1243.9833
34800.0 1242.536
35000.0 1267.2196
35200.0 1294.5586
35400.0 1301.1941
35600.0 1295.2176
35800.0 1282.7004
36000.0 1269.0687
36200.0 1260.2759
36400.0 1259.6367
36600.0 1265.1733
36800.0 1270.5896
37000.0 1269.4793
37200.0 1258.4843
37400.0 1238.4087
37600.0 1219.5001
37800.0 1213.2992
38000.0 1224.8566
38200.0 1258.8946
38400.0 1287.1157
38600.0 1287.039
38800.0 1274.0254
39000.0 1258.8807
39200.0 1249.5719
39400.0 1250.4427
39600.0 1261.9036
39800.0 1279.8155
40000.0 1295.8563
40200.0 1302.6639
40400.0 1296.6443
40600.0 1276.7992
40800.0 1250.1265
41000.0 1235.9701
41200.0 1240.4736
41400.0 1256.5501
41600.0 1276.6756
41800.0 1291.2831
42000.0 1292.1991
42200.0 1278.0265
42400.0 1255.6678
42600.0 1235.8316
42800.0 1225.6113
43000.0 1227.606
43200.0 1238.2415
43400.0 1247.3724
43600.0 1254.968
43800.0 1264.478
44000.0 1275.0266
44200.0 1283.352
44400.0 1286.1374
44600.0 1281.1395
44800.0 1268.5485
45000.0 1252.2394
45200.0 1239.3397
45400.0 1236.0898
45600.0 1245.4683
45800.0 1269.1355
46000.0 1303.3609
46200.0 1326.4769
46400.0 1322.3169
46600.0 1290.4046
46800.0 1248.2874
47000.0 1224.3274
47200.0 1223.5548
47400.0 1237.4994
47600.0 1257.5349
47800.0 1276.7285
48000.0 1289.6763
48200.0 1292.7197
48400.0 1284.6983
48600.0 1267.9672
48800.0 1250.0593
49000.0 1239.4545
49200.0 1239.1891
49400.0 1247.109
49600.0 1258.5443
49800.0 1267.3416
50000.0 1268.6451
50200.0 1264.453
50400.0 1258.8112
50600.0 1255.1446
50800.0 1255.7538
51000.0 1261.5967
51200.0 1272.3558
51400.0 1284.8692
51600.0 1295.0624
51800.0 1299.2029
52000.0 1291.3269
52200.0 1264.6797
52400.0 1240.8318
52600.0 1238.7015
52800.0 1250.3078
53000.0 1265.9797
53200.0 1277.9647
53400.0 1281.5898
53600.0 1275.0596
53800.0 1258.5736
54000.0 1236.2309
54200.0 1217.6306
54400.0 1214.1304
54600.0 1233.7433
54800.0 1265.856
55000.0 1285.0546
55200.0 1289.8425
55400.0 1284.227
55600.0 1271.4866
55800.0 1256.379
56000.0 1244.4695
56200.0 1241.2417
56400.0 1252.5847
56600.0 1281.0461
56800.0 1311.1975
57000.0 1325.2623
57200.0 1319.7603
57400.0 1301.3001
57600.0 1283.5104
57800.0 1270.231
58000.0 1259.8511
58200.0 1252.8216
58400.0 1250.611
58600.0 1254.8682
58800.0 1266.4152
59000.0 1282.6245
59200.0 1296.7967
59400.0 1302.1984
59600.0 1295.4973
59800.0 1272.8975
60000.0 1239.6017
60200.0 1223.2835
60400.0 1231.0046
60600.0 1253.0999
60800.0 1276.7455
61000.0 1290.9201
61200.0 1291.2845
61400.0 1279.5405
61600.0 1261.6397
61800.0 1245.6352
62000.0 1237.7995
62200.0 1241.0989
62400.0 1258.822
62600.0 1292.4089
62800.0 1307.3558
63000.0 1298.2177
63200.0 1282.2462
63400.0 1266.6296
63600.0 1256.3315
63800.0 1254.1276
64000.0 1259.5751
64200.0 1269.0702
64400.0 1277.952
64600.0 1282.2642
64800.0 1279.5593
65000.0 1268.4893
65200.0 1252.1366
65400.0 1238.8002
65600.0 1235.0463
65800.0 1242.4439
66000.0 1260.5958
66200.0 1286.0952
66400.0 1305.8965
66600.0 1307.5188
66800.0 1291.1911
67000.0 1265.0753
67200.0 1239.1241
67400.0 1219.7238
67600.0 1208.06
67800.0 1206.6016
68000.0 1223.3019
68200.0 1256.4796
68400.0 1286.3287
68600.0 1300.1064
68800.0 1298.1586
69000.0 1282.9422
69200.0 1261.0199
69400.0 1242.4928
69600.0 1235.1362
69800.0 1242.1802
70000.0 1264.4848
70200.0 1295.4442
70400.0 1316.2266
70600.0 1315.3405
70800.0 1295.3115
71000.0 1269.9732
71200.0 1252.8114
71400.0 1245.2271
71600.0 1247.0028
71800.0 1257.7375
72000.0 1275.7779
72200.0 1296.3515
72400.0 1311.9589
72600.0 1311.0774
72800.0 1291.0659
73000.0 1273.7939
73200.0 1264.1162
73400.0 1256.2617
73600.0 1249.291
73800.0 1245.5831
74000.0 1248.3091
74200.0 1257.8283
74400.0 1269.0992
74600.0 1275.7106
74800.0 1276.2296
75000.0 1273.3554
75200.0 1270.1003
75400.0 1269.0459
75600.0 1272.1739
75800.0 1279.4042
76000.0 1282.4497
76200.0 1266.2336
76400.0 1250.5139
76600.0 1246.5351
76800.0 1246.9564
77000.0 1249.6195
77200.0 1255.2118
77400.0 1263.8066
77600.0 1272.8442
77800.0 1278.5487
78000.0 1279.2304
78200.0 1276.8715
78400.0 1274.5991
78600.0 1274.6313
78800.0 1278.4982
79000.0 1284.5855
79200.0 1288.111
79400.0 1286.0801
79600.0 1277.8881
79800.0 1266.053
80000.0 1256.1234
80200.0 1252.6793
80400.0 1256.3366
80600.0 1263.3944
80800.0 1267.8485
81000.0 1264.4577
81200.0 1250.8591
81400.0 1231.2151
81600.0 1216.6619
81800.0 1216.0048
82000.0 1234.0657
82200.0 1262.4632
82400.0 1277.542
82600.0 1277.014
82800.0 1268.9462
83000.0 1259.8245
83200.0 1254.0592
83400.0 1254.4288
83600.0 1262.6402
83800.0 1278.9417
84000.0 1298.4723
84200.0 1311.5047
84400.0 1310.1502
84600.0 1289.1268
84800.0 1254.4984
85000.0 1235.22
85200.0 1237.1911
85400.0 1252.4413
85600.0 1273.2603
85800.0 1289.92
86000.0 1294.7181
86200.0 1284.2835
86400.0 1260.6641
86600.0 1235.1131
86800.0 1221.4082
87000.0 1223.543
87200.0 1238.1996
87400.0 1253.902
87600.0 1261.1551
87800.0 1263.72
88000.0 1264.7358
88200.0 1265.3266
88400.0 1265.8794
88600.0 1266.6118
88800.0 1268.7148
89000.0 1273.4744
89200.0 1280.5692
89400.0 1288.5967
89600.0 1294.3842
89800.0 1294.1846
90000.0 1282.3635
90200.0 1260.8843
90400.0 1250.6121
90600.0 1255.3554
90800.0 1264.4589
91000.0 1270.3441
91200.0 1270.4169
91400.0 1264.5829
91600.0 1254.0225
91800.0 1241.4201
92000.0 1231.4318
92200.0 1231.8728
92400.0 1249.0998
92600.0 1272.7578
92800.0 1285.8969
93000.0 1287.0967
93200.0 1280.0518
93400.0 1268.8788
93600.0 1258.0061
93800.0 1251.8374
94000.0 1253.6702
94200.0 1265.3125
94400.0 1285.1712
94600.0 1305.979
94800.0 1316.1365
95000.0 1306.1118
95200.0 1281.7237
95400.0 1263.8577
95600.0 1255.2944
95800.0 1251.7037
96000.0 1250.7492
96200.0 1252.1827
96400.0 1256.8207
96600.0 1263.9244
96800.0 1270.9268
97000.0 1274.6901
97200.0 1275.1145
97400.0 1273.9449
97600.0 1272.8345
97800.0 1272.5655
98000.0 1273.4556
98200.0 1275.9617
98400.0 1279.2083
98600.0 1281.1853
98800.0 1280.3516
99000.0 1276.629
99200.0 1270.9358
99400.0 1264.8862
99600.0 1260.2026
99800.0 1257.9284
100000.0 1258.0744
