0.0 -24.83381
200.0 43.567978
400.0 -57.554066
600.0 13.333765
800.0 53.808774
1000.0 -70.019352
1200.0 34.164628
1400.0 0.82209711
1600.0 2.847238
1800.0 -57.687073
2000.0 69.201751
2200.0 11.598293
2400.0 -60.01888
2600.0 67.480129
2800.0 -12.682558
3000.0 -50.40763
3200.0 52.581007
3400.0 -9.7625153
3600.0 -45.773736
3800.0 67.927978
4000.0 -3.1196784
4200.0 22.531473
4400.0 -87.812202
4600.0 94.577511
4800.0 -53.736265
5000.0 39.509308
5200.0 -63.091454
5400.0 60.634121
5600.0 -16.364791
5800.0 -1.0493705
6000.0 -2.8864892
6200.0 7.180719
6400.0 0.71474838
6600.0 -15.427901
6800.0 6.3708274
7000.0 42.368513
7200.0 -37.130062
7400.0 6.8548817
7600.0 50.637945
7800.0 -38.072028
8000.0 -19.270744
8200.0 34.270827
8400.0 -15.316205
8600.0 27.80528
8800.0 -36.744325
9000.0 16.114432
9200.0 41.779545
9400.0 -36.883085
9600.0 33.942419
9800.0 -27.093947
10000.0 -54.992161
10200.0 64.909657
10400.0 7.2699499
10600.0 -75.395269
10800.0 53.771697
11000.0 0.65604918
11200.0 -18.75887
11400.0 13.287608
11600.0 -10.019954
11800.0 10.911037
12000.0 -28.543365
12200.0 48.993889
12400.0 -41.865332
12600.0 19.232514
12800.0 13.239646
13000.0 -12.284593
13200.0 10.691649
13400.0 21.485547
13600.0 -31.224854
13800.0 11.274569
14000.0 5.7885779
14200.0 -21.034693
14400.0 26.016159
14600.0 -27.875246
14800.0 17.425301
15000.0 15.078794
15200.0 -15.519666
15400.0 -70.821618
15600.0 128.00935
15800.0 -51.225803
16000.0 -30.671558
16200.0 118.03018
16400.0 -55.253599
16600.0 0.86973035
16800.0 19.984195
17000.0 -8.192055
17200.0 -9.6743507
17400.0 2.576379
17600.0 16.484369
17800.0 30.975663
18000.0 -36.398534
18200.0 -21.221901
18400.0 25.726438
18600.0 -41.659422
18800.0 -7.180953
19000.0 90.516063
19200.0 -89.919738
19400.0 19.712633
19600.0 4.211092
19800.0 -10.889484
20000.0 11.665325
20200.0 32.571133
20400.0 -73.814651
20600.0 62.312775
20800.0 5.1306929
21000.0 -49.621419
21200.0 27.466036
21400.0 20.128712
21600.0 6.2054001
21800.0 -62.989075
22000.0 80.503404
22200.0 -65.47365
22400.0 62.022867
22600.0 -20.527249
22800.0 -12.080089
23000.0 -0.83973908
23200.0 32.758126
23400.0 -24.579889
23600.0 -22.207575
23800.0 43.744203
24000.0 -22.136278
24200.0 36.676788
24400.0 -64.43919
24600.0 11.897891
24800.0 40.876431
25000.0 -8.816666
25200.0 -9.4517138
25400.0 5.1203373
25600.0 23.035581
25800.0 -23.995092
26000.0 -46.193064
26200.0 86.793259
26400.0 -52.772615
26600.0 16.0066
26800.0 -54.755802
27000.0 91.553339
27200.0 -44.958748
27400.0 -15.199128
27600.0 31.776158
27800.0 24.219069
28000.0 -44.923089
28200.0 10.773483
28400.0 22.83466
28600.0 -32.956451
28800.0 24.854527
29000.0 32.424472
29200.0 -61.46057
29400.0 36.637961
29600.0 18.5531
29800.0 -40.152189
30000.0 15.686488
30200.0 -12.625919
30400.0 27.564018
30600.0 -38.26144
30800.0 44.248683
31000.0 -54.414123
31200.0 54.497521
31400.0 -31.372928
31600.0 -19.206768
31800.0 4.3601692
32000.0 25.19531
32200.0 -26.622449
32400.0 21.028566
32600.0 -5.4395971
32800.0 -17.912429
33000.0 27.438212
33200.0 -29.944293
33400.0 39.334014
33600.0 -13.612728
33800.0 -15.228929
34000.0 9.4814278
34200.0 57.03073
34400.0 -96.878538
34600.0 32.608603
34800.0 40.939537
35000.0 -18.293119
35200.0 -11.409488
35400.0 -3.523101
35600.0 17.594729
35800.0 -9.5189719
36000.0 15.244872
36200.0 -10.57949
36400.0 -9.5379343
36600.0 11.74298
36800.0 -26.002267
37000.0 33.171503
37200.0 2.5652035
37400.0 -31.953212
37600.0 9.4893748
37800.0 11.756271
38000.0 21.942321
38200.0 -21.716805
38400.0 -5.4730812
38600.0 53.103311
38800.0 -47.906881
39000.0 9.0359163
39200.0 6.3479359
39400.0 -50.910951
39600.0 52.487737
39800.0 -43.514374
40000.0 29.365142
40200.0 -3.5474214
40400.0 9.727532
40600.0 -37.697831
40800.0 43.875131
41000.0 26.424341
41200.0 -67.756103
41400.0 75.854342
41600.0 -60.616722
41800.0 10.195022
42000.0 38.981468
42200.0 -53.702497
42400.0 24.528627
42600.0 -33.079183
42800.0 1.0227526
43000.0 50.182842
43200.0 -46.947796
43400.0 22.319119
43600.0 11.95515
43800.0 -14.848843
44000.0 23.511716
44200.0 1.8441376
44400.0 5.1975047
44600.0 -48.362575
44800.0 47.1004
45000.0 4.1279291
45200.0 -55.838014
45400.0 53.171344
45600.0 11.895051
45800.0 -58.077311
46000.0 45.875089
46200.0 10.516603
46400.0 -38.230931
46600.0 62.190779
46800.0 -63.110254
47000.0 57.849767
47200.0 -24.218541
47400.0 5.9781483
47600.0 7.1987163
47800.0 38.170985
48000.0 -30.687869
48200.0 22.321537
48400.0 12.224696
48600.0 -33.08976
48800.0 84.838107
49000.0 -94.430798
49200.0 19.587884
49400.0 23.98705
49600.0 -11.906331
49800.0 17.241833
50000.0 -23.417959
50200.0 -4.9284752
50400.0 73.076679
50600.0 -27.710121
50800.0 -28.668631
51000.0 48.005798
51200.0 8.6421068
51400.0 -71.836132
51600.0 75.016867
51800.0 -44.922585
52000.0 24.898011
52200.0 7.6211338
52400.0 -18.241153
52600.0 15.559131
52800.0 -36.113901
53000.0 36.108064
53200.0 -26.924228
53400.0 31.656204
53600.0 20.832318
53800.0 -58.08386
54000.0 51.153007
54200.0 -10.850063
54400.0 -46.00894
54600.0 104.8402
54800.0 -61.546465
55000.0 15.17035
55200.0 13.574988
55400.0 -0.36715646
55600.0 23.810392
55800.0 -67.402435
56000.0 37.078077
56200.0 -36.72729
56400.0 43.083917
56600.0 -25.791645
56800.0 -9.4333155
57000.0 56.022486
57200.0 -7.5856722
57400.0 -23.483498
57600.0 37.168907
57800.0 -46.978351
58000.0 67.629202
58200.0 -26.643905
58400.0 -5.1985239
58600.0 10.697679
58800.0 39.044176
59000.0 -48.741605
59200.0 -17.728714
59400.0 49.921179
59600.0 -38.868236
59800.0 8.249498
60000.0 7.548888
60200.0 -2.7791724
60400.0 -5.8663921
60600.0 10.497938
60800.0 6.0434522
61000.0 -17.452604
61200.0 -22.99099
61400.0 51.340906
61600.0 -5.0355225
61800.0 -16.183245
62000.0 19.663192
62200.0 9.1921818
62400.0 -3.794887
62600.0 14.197302
62800.0 -82.602762
63000.0 86.795798
63200.0 9.0419244
63400.0 -65.969143
63600.0 42.704592
63800.0 -27.380064
64000.0 8.5352441
64200.0 18.53114
64400.0 -24.00179
64600.0 -45.149836
64800.0 57.629751
65000.0 33.842284
65200.0 -47.01211
65400.0 -1.8537492
65600.0 4.8154468
65800.0 -22.382157
66000.0 48.530297
66200.0 -7.0778819
66400.0 -50.127369
66600.0 33.723952
66800.0 18.545293
67000.0 -18.313587
67200.0 5.6783536
67400.0 14.813527
67600.0 -23.196876
67800.0 3.9507452
68000.0 -7.7732064
68200.0 26.115149
68400.0 -3.5910113
68600.0 -28.951302
68800.0 51.260382
69000.0 -45.745025
69200.0 -6.6893119
69400.0 6.7611813
69600.0 23.617768
69800.0 -54.858129
70000.0 26.937598
70200.0 16.674807
70400.0 -0.90984328
70600.0 -40.654634
70800.0 35.122255
71000.0 -6.9445557
71200.0 -34.518956
71400.0 98.170412
71600.0 -58.907275
71800.0 12.887267
72000.0 39.073241
72200.0 -63.063006
72400.0 47.310536
72600.0 13.489332
72800.0 -39.666095
73000.0 19.472147
73200.0 52.80611
73400.0 -38.862333
73600.0 -56.402508
73800.0 97.220241
74000.0 -64.710798
74200.0 15.384404
74400.0 -12.492333
74600.0 35.139992
74800.0 -30.306452
75000.0 16.742336
75200.0 -6.8355273
75400.0 -19.224918
75600.0 43.936919
75800.0 -25.579859
76000.0 29.20662
76200.0 10.536207
76400.0 -74.127483
76600.0 45.204162
76800.0 -19.782075
77000.0 -30.298168
77200.0 86.581645
77400.0 -68.921658
77600.0 9.295286
77800.0 24.67654
78000.0 -44.628031
78200.0 10.389862
78400.0 52.347179
78600.0 -53.156592
78800.0 7.4294084
79000.0 34.677297
79200.0 -13.284749
79400.0 7.2634881
79600.0 -40.712654
79800.0 39.290856
80000.0 -13.002896
80200.0 -5.8422359
80400.0 7.2026358
80600.0 6.5493472
80800.0 5.0136319
81000.0 -32.811567
81200.0 37.069589
81400.0 47.064302
81600.0 -93.79203
81800.0 25.395626
82000.0 32.471954
82200.0 -13.41203
82400.0 -18.006544
82600.0 -20.026319
82800.0 59.515878
83000.0 -32.526135
83200.0 -10.246193
83400.0 9.7411015
83600.0 11.873794
83800.0 6.8445965
84000.0 -46.370517
84200.0 19.694394
84400.0 6.2292422
84600.0 -4.3252741
84800.0 0.013829978
85000.0 -11.311433
85200.0 41.955546
85400.0 -8.0860056
85600.0 -63.343848
85800.0 75.974218
86000.0 6.5559167
86200.0 -64.766012
86400.0 70.494238
86600.0 -13.251183
86800.0 -45.939042
87000.0 30.871826
87200.0 4.719827
87400.0 -19.097927
87600.0 5.2644349
87800.0 51.648089
88000.0 -40.903037
88200.0 -18.756347
88400.0 35.603624
88600.0 39.233649
88800.0 -68.840507
89000.0 58.165135
89200.0 4.3007843
89400.0 2.7617901
89600.0 -23.173995
89800.0 16.602933
90000.0 42.388359
90200.0 -74.509464
90400.0 89.654153
90600.0 -28.524984
90800.0 -34.713888
91000.0 18.80058
91200.0 24.176359
91400.0 -26.732351
91600.0 3.5958748
91800.0 10.532758
92000.0 12.601779
92200.0 -46.046256
92400.0 54.891378
92600.0 -23.124455
92800.0 -21.893086
93000.0 52.57086
93200.0 9.4169445
93400.0 -70.483784
93600.0 44.012369
93800.0 29.251801
94000.0 -70.190302
94200.0 78.597998
94400.0 -41.679248
94600.0 -68.295444
94800.0 81.806836
95000.0 -20.842349
95200.0 -34.68933
95400.0 50.235363
95600.0 -12.211643
95800.0 -29.528167
96000.0 50.274009
96200.0 -45.008257
96400.0 35.778688
96600.0 11.864086
96800.0 -34.175847
97000.0 26.496849
97200.0 -11.982642
97400.0 -0.97411899
97600.0 9.4863435
97800.0 -0.23379761
98000.0 3.9602864
98200.0 -60.692971
98400.0 61.172215
98600.0 -22.968237
98800.0 -19.423994
99000.0 28.710552
99200.0 5.6640958
99400.0 1.0225087
99600.0 -3.9705234
99800.0 2.8805486
100000.0 25.040513
