0.0 45.561946
200.0 45.574926
400.0 45.564676
600.0 45.568249
800.0 45.591108
1000.0 45.572468
1200.0 45.589684
1400.0 45.577314
1600.0 45.590963
1800.0 45.589613
2000.0 45.582774
2200.0 45.589569
2400.0 45.592265
2600.0 45.582631
2800.0 45.598516
3000.0 45.580164
3200.0 45.589871
3400.0 45.56949
3600.0 45.586173
3800.0 45.57005
4000.0 45.57869
4200.0 45.575328
4400.0 45.589465
4600.0 45.584375
4800.0 45.588786
5000.0 45.587468
5200.0 45.588225
5400.0 45.583596
5600.0 45.582642
5800.0 45.583985
6000.0 45.584682
6200.0 45.568864
6400.0 45.579624
6600.0 45.575627
6800.0 45.574495
7000.0 45.562242
7200.0 45.564064
7400.0 45.570249
7600.0 45.569615
7800.0 45.574233
8000.0 45.56525
8200.0 45.597525
8400.0 45.582691
8600.0 45.58838
8800.0 45.584551
9000.0 45.602484
9200.0 45.586359
9400.0 45.596725
9600.0 45.588872
9800.0 45.598801
10000.0 45.59206
10200.0 45.600824
10400.0 45.602657
10600.0 45.599902
10800.0 45.606527
11000.0 45.604255
11200.0 45.614464
11400.0 45.598387
11600.0 45.6197
11800.0 45.61145
12000.0 45.605202
12200.0 45.596236
12400.0 45.607947
12600.0 45.59198
12800.0 45.583159
13000.0 45.590172
13200.0 45.562995
13400.0 45.56811
13600.0 45.559767
13800.0 45.571542
14000.0 45.565087
14200.0 45.571225
14400.0 45.571637
14600.0 45.569319
14800.0 45.58568
15000.0 45.582522
15200.0 45.588432
15400.0 45.582061
15600.0 45.58145
15800.0 45.599472
16000.0 45.579339
16200.0 45.576269
16400.0 45.590135
16600.0 45.583705
16800.0 45.577819
17000.0 45.589408
17200.0 45.584928
17400.0 45.604367
17600.0 45.601077
17800.0 45.604592
18000.0 45.607346
18200.0 45.607746
18400.0 45.607536
18600.0 45.618673
18800.0 45.628217
19000.0 45.613746
19200.0 45.612069
19400.0 45.626663
19600.0 45.611344
19800.0 45.597675
20000.0 45.608858
20200.0 45.60897
20400.0 45.584602
20600.0 45.596424
20800.0 45.575277
21000.0 45.579153
21200.0 45.597008
21400.0 45.578656
21600.0 45.573748
21800.0 45.581383
22000.0 45.581524
22200.0 45.568762
22400.0 45.589402
22600.0 45.572352
22800.0 45.576314
23000.0 45.56347
23200.0 45.568234
23400.0 45.56872
23600.0 45.557792
23800.0 45.567611
24000.0 45.561835
24200.0 45.566606
24400.0 45.561949
24600.0 45.581205
24800.0 45.576903
25000.0 45.600058
25200.0 45.591553
25400.0 45.622135
25600.0 45.606076
25800.0 45.633989
26000.0 45.616943
26200.0 45.624968
26400.0 45.612979
26600.0 45.614556
26800.0 45.607688
27000.0 45.608677
27200.0 45.598956
27400.0 45.607109
27600.0 45.596019
27800.0 45.605838
28000.0 45.601297
28200.0 45.586463
28400.0 45.594365
28600.0 45.601385
28800.0 45.580247
29000.0 45.584627
29200.0 45.577763
29400.0 45.578368
29600.0 45.56969
29800.0 45.555347
30000.0 45.55195
30200.0 45.546472
30400.0 45.5381
30600.0 45.542467
30800.0 45.536553
31000.0 45.538411
31200.0 45.554852
31400.0 45.551833
31600.0 45.562979
31800.0 45.568837
32000.0 45.582823
32200.0 45.581777
32400.0 45.588063
32600.0 45.587071
32800.0 45.585677
33000.0 45.575038
33200.0 45.591206
33400.0 45.579972
33600.0 45.594421
33800.0 45.585132
34000.0 45.604694
34200.0 45.595302
34400.0 45.603057
34600.0 45.609641
34800.0 45.593983
35000.0 45.606518
35200.0 45.60785
35400.0 45.595616
35600.0 45.607606
35800.0 45.602172
36000.0 45.584226
36200.0 45.593435
36400.0 45.565694
36600.0 45.556331
36800.0 45.559491
37000.0 45.557906
37200.0 45.541305
37400.0 45.561802
37600.0 45.561949
37800.0 45.561042
38000.0 45.56009
38200.0 45.577869
38400.0 45.560097
38600.0 45.563346
38800.0 45.571671
39000.0 45.560847
39200.0 45.569345
39400.0 45.559081
39600.0 45.567525
39800.0 45.570012
40000.0 45.56801
40200.0 45.572621
40400.0 45.576782
40600.0 45.595152
40800.0 45.583592
41000.0 45.59452
41200.0 45.605517
41400.0 45.600934
41600.0 45.628443
41800.0 45.618962
42000.0 45.632463
42200.0 45.635492
42400.0 45.638504
42600.0 45.624747
42800.0 45.614659
43000.0 45.603003
43200.0 45.608082
43400.0 45.583393
43600.0 45.588962
43800.0 45.588431
44000.0 45.59593
44200.0 45.585745
44400.0 45.59524
44600.0 45.574961
44800.0 45.590533
45000.0 45.577213
45200.0 45.568336
45400.0 45.574136
45600.0 45.568469
45800.0 45.565068
46000.0 45.564194
46200.0 45.553037
46400.0 45.559042
46600.0 45.560895
46800.0 45.559698
47000.0 45.570458
47200.0 45.575796
47400.0 45.575413
47600.0 45.586231
47800.0 45.581532
48000.0 45.595889
48200.0 45.582421
48400.0 45.600122
48600.0 45.591673
48800.0 45.615802
49000.0 45.625894
49200.0 45.644724
49400.0 45.644874
49600.0 45.631661
49800.0 45.638448
50000.0 45.622235
50200.0 45.620012
50400.0 45.616719
50600.0 45.613884
50800.0 45.607604
51000.0 45.611319
51200.0 45.604977
51400.0 45.599951
51600.0 45.5973
51800.0 45.59059
52000.0 45.58813
52200.0 45.579318
52400.0 45.564169
52600.0 45.566625
52800.0 45.560256
53000.0 45.561405
53200.0 45.559006
53400.0 45.553699
53600.0 45.55704
53800.0 45.557217
54000.0 45.562582
54200.0 45.572842
54400.0 45.55856
54600.0 45.569632
54800.0 45.57117
55000.0 45.559823
55200.0 45.563108
55400.0 45.571398
55600.0 45.570321
55800.0 45.571244
56000.0 45.591163
56200.0 45.589935
56400.0 45.598458
56600.0 45.599891
56800.0 45.59995
57000.0 45.607372
57200.0 45.605743
57400.0 45.603365
57600.0 45.610983
57800.0 45.60134
58000.0 45.598023
58200.0 45.605219
58400.0 45.595059
58600.0 45.594505
58800.0 45.598177
59000.0 45.58593
59200.0 45.582422
59400.0 45.584758
59600.0 45.578383
59800.0 45.564231
60000.0 45.55914
60200.0 45.54871
60400.0 45.545025
60600.0 45.539124
60800.0 45.538605
61000.0 45.534686
61200.0 45.544787
61400.0 45.541217
61600.0 45.554775
61800.0 45.549276
62000.0 45.5692
62200.0 45.560267
62400.0 45.566715
62600.0 45.583631
62800.0 45.561055
63000.0 45.578836
63200.0 45.573569
63400.0 45.563458
63600.0 45.584444
63800.0 45.586896
64000.0 45.591621
64200.0 45.597165
64400.0 45.592925
64600.0 45.614228
64800.0 45.608284
65000.0 45.616502
65200.0 45.617183
65400.0 45.617992
65600.0 45.621578
65800.0 45.617292
66000.0 45.616406
66200.0 45.604651
66400.0 45.602877
66600.0 45.579966
66800.0 45.596224
67000.0 45.572944
67200.0 45.575935
67400.0 45.580089
67600.0 45.565195
67800.0 45.566904
68000.0 45.577156
68200.0 45.559202
68400.0 45.588786
68600.0 45.56249
68800.0 45.566783
69000.0 45.579658
69200.0 45.569328
69400.0 45.570516
69600.0 45.573147
69800.0 45.575804
70000.0 45.572011
70200.0 45.578877
70400.0 45.573219
70600.0 45.583728
70800.0 45.583847
71000.0 45.582562
71200.0 45.579124
71400.0 45.600056
71600.0 45.591272
71800.0 45.600534
72000.0 45.59432
72200.0 45.611639
72400.0 45.598856
72600.0 45.606331
72800.0 45.607706
73000.0 45.600054
73200.0 45.614033
73400.0 45.594066
73600.0 45.608694
73800.0 45.616171
74000.0 45.595592
74200.0 45.602752
74400.0 45.612217
74600.0 45.605102
74800.0 45.579853
75000.0 45.595944
75200.0 45.578959
75400.0 45.578127
75600.0 45.567039
75800.0 45.574957
76000.0 45.566562
76200.0 45.562172
76400.0 45.560639
76600.0 45.559997
76800.0 45.570395
77000.0 45.553815
77200.0 45.555087
77400.0 45.557798
77600.0 45.568349
77800.0 45.562596
78000.0 45.580032
78200.0 45.582004
78400.0 45.586531
78600.0 45.601067
78800.0 45.589834
79000.0 45.594557
79200.0 45.600479
79400.0 45.601956
79600.0 45.59842
79800.0 45.605987
80000.0 45.615408
80200.0 45.614997
80400.0 45.622821
80600.0 45.637704
80800.0 45.636604
81000.0 45.639014
81200.0 45.630173
81400.0 45.613075
81600.0 45.604588
81800.0 45.609574
82000.0 45.592134
82200.0 45.589705
82400.0 45.603919
82600.0 45.587442
82800.0 45.586565
83000.0 45.592311
83200.0 45.573144
83400.0 45.576311
83600.0 45.571554
83800.0 45.554805
84000.0 45.571805
84200.0 45.558759
84400.0 45.556647
84600.0 45.554307
84800.0 45.562795
85000.0 45.565799
85200.0 45.565361
85400.0 45.579312
85600.0 45.585054
85800.0 45.598039
86000.0 45.610299
86200.0 45.593549
86400.0 45.619746
86600.0 45.612872
86800.0 45.604342
87000.0 45.609674
87200.0 45.608551
87400.0 45.597373
87600.0 45.590794
87800.0 45.601149
88000.0 45.594539
88200.0 45.583309
88400.0 45.604002
88600.0 45.582931
88800.0 45.601853
89000.0 45.588238
89200.0 45.590879
89400.0 45.600152
89600.0 45.603056
89800.0 45.589578
90000.0 45.593655
90200.0 45.58364
90400.0 45.580565
90600.0 45.57745
90800.0 45.561399
91000.0 45.55189
91200.0 45.547344
91400.0 45.550091
91600.0 45.545743
91800.0 45.546626
92000.0 45.543085
92200.0 45.549161
92400.0 45.555101
92600.0 45.552062
92800.0 45.567498
93000.0 45.575987
93200.0 45.565912
93400.0 45.592344
93600.0 45.573105
93800.0 45.581244
94000.0 45.592422
94200.0 45.580992
94400.0 45.585485
94600.0 45.580844
94800.0 45.587372
95000.0 45.583731
95200.0 45.599177
95400.0 45.611851
95600.0 45.611664
95800.0 45.630691
96000.0 45.629633
96200.0 45.636728
96400.0 45.636878
96600.0 45.633262
96800.0 45.618925
97000.0 45.604886
97200.0 45.603533
97400.0 45.584213
97600.0 45.586361
97800.0 45.573865
98000.0 45.579272
98200.0 45.568862
98400.0 45.581853
98600.0 45.585747
98800.0 45.584914
99000.0 45.577234
99200.0 45.578698
99400.0 45.580257
99600.0 45.561705
99800.0 45.570371
100000.0 45.561003
