0.0 1.029296
200.0 1.0471212
400.0 1.0459873
600.0 1.0424204
800.0 1.0140388
1000.0 0.99002744
1200.0 0.98040315
1400.0 0.97633358
1600.0 0.98266897
1800.0 1.0010156
2000.0 1.0027842
2200.0 1.0011903
2400.0 0.99982597
2600.0 1.000713
2800.0 0.99701742
3000.0 0.9932971
3200.0 0.98490487
3400.0 0.98905857
3600.0 1.0010646
3800.0 1.0104106
4000.0 1.0206328
4200.0 1.0221304
4400.0 1.031841
4600.0 1.0153545
4800.0 0.99372514
5000.0 0.97910456
5200.0 0.97659827
5400.0 0.99494052
5600.0 1.0279182
5800.0 1.0422661
6000.0 1.020463
6200.0 0.98445639
6400.0 0.95697461
6600.0 0.93396149
6800.0 0.93801889
7000.0 0.97059185
7200.0 0.99567802
7400.0 1.0261711
7600.0 1.0386862
7800.0 1.0249126
8000.0 1.0070475
8200.0 0.99514326
8400.0 0.97717078
8600.0 0.98030464
8800.0 0.99068106
9000.0 1.000174
9200.0 1.0211643
9400.0 1.0431004
9600.0 1.0557304
9800.0 1.0451964
10000.0 1.0291857
10200.0 1.0171123
10400.0 1.0095392
10600.0 1.0085619
10800.0 1.0139931
11000.0 0.99951932
11200.0 0.98599824
11400.0 0.97082148
11600.0 0.97118833
11800.0 0.96483065
12000.0 0.97613583
12200.0 0.98103391
12400.0 0.98755799
12600.0 0.99855181
12800.0 1.0005503
13000.0 0.98935044
13200.0 0.98984847
13400.0 1.0017926
13600.0 1.0408202
13800.0 1.0752046
14000.0 1.0679362
14200.0 1.0576952
14400.0 1.0427831
14600.0 1.0219696
14800.0 1.0005457
15000.0 1.002696
15200.0 1.0152331
15400.0 1.0208963
15600.0 1.0127876
15800.0 0.99287343
16000.0 0.98584106
16200.0 0.97793567
16400.0 0.97701584
16600.0 0.96857486
16800.0 0.97523396
17000.0 0.99230324
17200.0 1.0176453
17400.0 1.0352957
17600.0 1.0398459
17800.0 1.0370751
18000.0 1.0056726
18200.0 0.97653355
18400.0 0.95943934
18600.0 0.96254523
18800.0 0.98073673
19000.0 1.0097633
19200.0 1.0406106
19400.0 1.0469391
19600.0 1.0408501
19800.0 1.0338057
20000.0 1.0222101
20200.0 0.99062843
20400.0 0.96838343
20600.0 0.95071508
20800.0 0.95336804
21000.0 0.97301042
21200.0 1.0201731
21400.0 0.99157683
21600.0 0.98792515
21800.0 0.99060864
22000.0 0.99865397
22200.0 0.99616202
22400.0 1.0089515
22600.0 1.028117
22800.0 1.049738
23000.0 1.0418736
23200.0 1.0391374
23400.0 1.0338183
23600.0 1.0238577
23800.0 1.0108842
24000.0 0.9848647
24200.0 0.97099863
24400.0 0.96508357
24600.0 0.96363967
24800.0 0.96246366
25000.0 0.97257367
25200.0 0.98520882
25400.0 0.99117972
25600.0 0.98528389
25800.0 0.99142143
26000.0 1.0005446
26200.0 1.0093479
26400.0 1.0108906
26600.0 1.0229099
26800.0 1.0200007
27000.0 1.0275193
27200.0 1.0322075
27400.0 1.0305008
27600.0 1.0145019
27800.0 1.0061643
28000.0 0.99365083
28200.0 0.9815601
28400.0 0.97826898
28600.0 0.9842175
28800.0 0.99326131
29000.0 0.98586931
29200.0 0.99001741
29400.0 0.99070662
29600.0 0.97924088
29800.0 0.98287974
30000.0 0.9981647
30200.0 1.0141609
30400.0 1.0221377
30600.0 1.0288659
30800.0 1.026552
31000.0 1.0262231
31200.0 1.0249645
31400.0 1.0239127
31600.0 1.0300212
31800.0 1.0209855
32000.0 1.0206549
32200.0 1.0231583
32400.0 1.0141096
32600.0 1.0041347
32800.0 0.96302144
33000.0 0.94575298
33200.0 0.94851378
33400.0 0.9618436
33600.0 0.97172688
33800.0 0.98967882
34000.0 1.0069015
34200.0 1.0103162
34400.0 1.0022339
34600.0 0.98568803
34800.0 0.98868022
35000.0 1.0056565
35200.0 1.0288109
35400.0 1.0424157
35600.0 1.0471061
35800.0 1.0294692
36000.0 1.037944
36200.0 1.0187943
36400.0 1.0037789
36600.0 0.99441644
36800.0 0.99346406
37000.0 0.97895936
37200.0 0.96158114
37400.0 0.95277566
37600.0 0.96181895
37800.0 0.98090915
38000.0 1.0086467
38200.0 1.0221621
38400.0 1.0257186
38600.0 1.0284646
38800.0 1.0116086
39000.0 0.98240298
39200.0 0.95904146
39400.0 0.956365
39600.0 0.98318883
39800.0 1.0200271
40000.0 1.0454625
40200.0 1.0633861
40400.0 1.0508729
40600.0 1.0311632
40800.0 1.0159167
41000.0 0.99371161
41200.0 0.98818022
41400.0 0.99140756
41600.0 0.99889635
41800.0 1.0050869
42000.0 1.001308
42200.0 1.0018244
42400.0 0.98205221
42600.0 0.97318413
42800.0 0.98182408
43000.0 0.9876162
43200.0 0.99940145
43400.0 1.0081354
43600.0 1.0244417
43800.0 1.0222292
44000.0 1.0150211
44200.0 1.0043353
44400.0 0.99104103
44600.0 1.0011654
44800.0 0.98065115
45000.0 0.98727026
45200.0 0.9960006
45400.0 1.0016872
45600.0 0.98457006
45800.0 0.95775988
46000.0 0.93803915
46200.0 0.93254817
46400.0 0.94324441
46600.0 0.97417117
46800.0 0.99354348
47000.0 0.98733897
47200.0 0.99326042
47400.0 0.97971098
47600.0 0.99910452
47800.0 1.0178749
48000.0 1.0211583
48200.0 1.0285922
48400.0 1.029182
48600.0 1.0226489
48800.0 1.0095051
49000.0 1.0156379
49200.0 0.98287152
49400.0 0.97613903
49600.0 0.99132761
49800.0 1.0304839
50000.0 1.0116228
50200.0 0.98727959
50400.0 0.9675995
50600.0 0.95444638
50800.0 0.95048787
51000.0 0.96287842
51200.0 0.97912861
51400.0 0.99461907
51600.0 1.0043658
51800.0 1.0059685
52000.0 0.99242768
52200.0 0.9891073
52400.0 0.98788291
52600.0 0.97790447
52800.0 0.98910997
53000.0 1.0249915
53200.0 1.0674924
53400.0 1.0576267
53600.0 1.0482202
53800.0 1.0062279
54000.0 0.97957144
54200.0 0.95891918
54400.0 0.96047181
54600.0 0.98773068
54800.0 1.0043466
55000.0 1.0204234
55200.0 1.0233898
55400.0 1.0101399
55600.0 0.99246841
55800.0 0.96998558
56000.0 0.96240802
56200.0 0.97013322
56400.0 0.98232228
56600.0 1.0127723
56800.0 1.0352772
57000.0 1.0344743
57200.0 1.0256863
57400.0 1.0143707
57600.0 0.99565833
57800.0 0.98834931
58000.0 0.98447965
58200.0 0.98430173
58400.0 1.0073852
58600.0 1.0386169
58800.0 1.0335291
59000.0 1.0051616
59200.0 0.97054318
59400.0 0.95240363
59600.0 0.93583026
59800.0 0.94929115
60000.0 0.97791785
60200.0 1.0172808
60400.0 1.0462985
60600.0 1.0531995
60800.0 1.0297367
61000.0 1.0073588
61200.0 0.96426679
61400.0 0.95684679
61600.0 0.96689083
61800.0 0.97659985
62000.0 1.002212
62200.0 1.0265277
62400.0 1.0473946
62600.0 1.0403709
62800.0 1.0166037
63000.0 0.99684347
63200.0 0.99446286
63400.0 0.98127837
63600.0 0.98479849
63800.0 0.99384386
64000.0 1.0094154
64200.0 1.0158694
64400.0 1.0113875
64600.0 1.0027374
64800.0 0.98618567
65000.0 0.97085975
65200.0 0.95593742
65400.0 0.95102172
65600.0 0.95020353
65800.0 0.97452917
66000.0 1.0195137
66200.0 1.061299
66400.0 1.0710556
66600.0 1.0623068
66800.0 1.0319022
67000.0 0.99523555
67200.0 0.97695042
67400.0 0.96842224
67600.0 0.97523986
67800.0 0.99309914
68000.0 1.0150195
68200.0 1.0185498
68400.0 1.0100995
68600.0 0.99863795
68800.0 0.99267583
69000.0 0.9890658
69200.0 0.98248269
69400.0 0.98130891
69600.0 0.99257614
69800.0 1.0134252
70000.0 1.0315564
70200.0 1.0336667
70400.0 1.0188357
70600.0 0.98722065
70800.0 0.95024361
71000.0 0.94006896
71200.0 0.94830687
71400.0 0.97208212
71600.0 1.0081585
71800.0 1.0458062
72000.0 1.0507331
72200.0 1.0394828
72400.0 1.0203832
72600.0 1.003171
72800.0 0.99209178
73000.0 0.9904268
73200.0 0.99139795
73400.0 1.0128738
73600.0 1.0068793
73800.0 1.0019054
74000.0 1.0256747
74200.0 1.0111946
74400.0 0.98886519
74600.0 0.98086105
74800.0 0.97357119
75000.0 0.96989951
75200.0 0.97652026
75400.0 0.98883277
75600.0 1.010474
75800.0 1.0424308
76000.0 1.040583
76200.0 1.0296778
76400.0 1.0094158
76600.0 0.98803211
76800.0 0.96447407
77000.0 0.96310149
77200.0 0.97527345
77400.0 0.99738267
77600.0 1.0251133
77800.0 1.0342849
78000.0 1.0279874
78200.0 1.0125461
78400.0 0.99217586
78600.0 0.9749895
78800.0 0.97332958
79000.0 0.9821393
79200.0 0.98184446
79400.0 0.98675872
79600.0 1.0017513
79800.0 1.018301
80000.0 1.0310239
80200.0 1.0199465
80400.0 0.99419908
80600.0 0.98882019
80800.0 0.98493802
81000.0 1.0012572
81200.0 1.0302062
81400.0 1.0623533
81600.0 1.0727441
81800.0 1.0628388
82000.0 1.0323848
82200.0 0.99282097
82400.0 0.95930079
82600.0 0.94738421
82800.0 0.96053398
83000.0 1.0046006
83200.0 1.0162712
83400.0 1.0179342
83600.0 1.0213585
83800.0 1.0019762
84000.0 0.98034899
84200.0 0.96507643
84400.0 0.96727218
84600.0 0.98080521
84800.0 1.0101482
85000.0 1.0465656
85200.0 1.0756656
85400.0 1.0783795
85600.0 1.0468257
85800.0 0.99498701
86000.0 0.9720644
86200.0 0.94902326
86400.0 0.95298716
86600.0 0.97173477
86800.0 0.99293948
87000.0 0.99903633
87200.0 1.0022783
87400.0 1.0119586
87600.0 1.0171727
87800.0 1.0142643
88000.0 1.008583
88200.0 1.0164132
88400.0 1.031214
88600.0 1.038371
88800.0 1.0391228
89000.0 1.0333382
89200.0 1.0277675
89400.0 1.0156249
89600.0 0.99511261
89800.0 0.98689332
90000.0 0.98440694
90200.0 0.98421754
90400.0 0.97826022
90600.0 0.97278323
90800.0 0.96704502
91000.0 0.97180082
91200.0 0.9766019
91400.0 0.98415506
91600.0 0.99140222
91800.0 0.99355272
92000.0 0.99465593
92200.0 0.99777296
92400.0 0.99906707
92600.0 1.0067762
92800.0 1.0163598
93000.0 1.0238414
93200.0 1.0304642
93400.0 1.0322661
93600.0 1.0161377
93800.0 0.9906181
94000.0 0.96181426
94200.0 0.94005548
94400.0 0.93416467
94600.0 0.95224755
94800.0 0.9958353
95000.0 1.0497615
95200.0 1.0746891
95400.0 1.0542739
95600.0 1.0268863
95800.0 0.99312303
96000.0 0.9713619
96200.0 0.96594096
96400.0 0.977251
96600.0 0.97870412
96800.0 0.99043471
97000.0 1.0130347
97200.0 1.021057
97400.0 1.0199151
97600.0 1.0009485
97800.0 0.97574173
98000.0 0.97683802
98200.0 0.98890489
98400.0 0.99922009
98600.0 1.024022
98800.0 1.0466889
99000.0 1.0571022
99200.0 1.0546216
99400.0 1.0345242
99600.0 1.0053335
99800.0 0.98140099
100000.0 0.96933553
