0.0 46.476814
200.0 46.449472
400.0 46.486598
600.0 46.447577
800.0 46.471531
1000.0 46.471566
1200.0 46.426472
1400.0 46.529935
1600.0 46.412702
1800.0 46.411058
2000.0 46.557306
2200.0 46.35622
2400.0 46.453725
2600.0 46.426691
2800.0 46.422624
3000.0 46.455986
3200.0 46.400459
3400.0 46.487678
3600.0 46.459562
3800.0 46.488568
4000.0 46.526298
4200.0 46.432498
4400.0 46.475893
4600.0 46.511374
4800.0 46.440448
5000.0 46.484006
5200.0 46.432549
5400.0 46.464918
5600.0 46.470684
5800.0 46.410844
6000.0 46.45431
6200.0 46.444285
6400.0 46.405539
6600.0 46.460651
6800.0 46.372743
7000.0 46.392865
7200.0 46.404747
7400.0 46.358076
7600.0 46.44497
7800.0 46.374912
8000.0 46.410428
8200.0 46.496387
8400.0 46.418757
8600.0 46.439885
8800.0 46.437676
9000.0 46.423333
9200.0 46.470665
9400.0 46.455182
9600.0 46.429447
9800.0 46.448437
10000.0 46.463227
10200.0 46.436233
10400.0 46.467527
10600.0 46.459202
10800.0 46.489973
11000.0 46.45608
11200.0 46.494744
11400.0 46.47133
11600.0 46.47238
11800.0 46.461108
12000.0 46.416174
12200.0 46.421276
12400.0 46.427192
12600.0 46.424667
12800.0 46.410765
13000.0 46.429013
13200.0 46.43031
13400.0 46.412578
13600.0 46.450573
13800.0 46.470387
14000.0 46.47517
14200.0 46.475086
14400.0 46.523781
14600.0 46.461608
14800.0 46.484877
15000.0 46.483552
15200.0 46.487194
15400.0 46.45298
15600.0 46.414596
15800.0 46.454491
16000.0 46.442441
16200.0 46.431024
16400.0 46.423798
16600.0 46.420428
16800.0 46.401118
17000.0 46.488623
17200.0 46.428827
17400.0 46.429591
17600.0 46.475246
17800.0 46.467163
18000.0 46.436065
18200.0 46.452072
18400.0 46.472936
18600.0 46.432938
18800.0 46.446844
19000.0 46.436244
19200.0 46.491736
19400.0 46.372494
19600.0 46.460503
19800.0 46.424798
20000.0 46.427897
20200.0 46.419721
20400.0 46.383217
20600.0 46.455372
20800.0 46.34709
21000.0 46.466624
21200.0 46.470879
21400.0 46.408242
21600.0 46.541055
21800.0 46.418177
22000.0 46.471133
22200.0 46.459893
22400.0 46.44731
22600.0 46.486088
22800.0 46.420604
23000.0 46.434044
23200.0 46.446781
23400.0 46.420751
23600.0 46.420838
23800.0 46.43615
24000.0 46.393317
24200.0 46.429545
24400.0 46.343036
24600.0 46.452019
24800.0 46.423147
25000.0 46.404319
25200.0 46.453031
25400.0 46.445757
25600.0 46.446517
25800.0 46.53757
26000.0 46.368785
26200.0 46.551568
26400.0 46.390507
26600.0 46.502817
26800.0 46.478661
27000.0 46.440904
27200.0 46.402031
27400.0 46.438255
27600.0 46.355972
27800.0 46.471605
28000.0 46.367721
28200.0 46.425173
28400.0 46.42056
28600.0 46.429885
28800.0 46.443474
29000.0 46.438806
29200.0 46.463138
29400.0 46.453806
29600.0 46.422948
29800.0 46.460421
30000.0 46.518329
30200.0 46.430361
30400.0 46.435355
30600.0 46.453476
30800.0 46.379403
31000.0 46.451126
31200.0 46.40843
31400.0 46.424401
31600.0 46.422584
31800.0 46.403823
32000.0 46.426075
32200.0 46.492597
32400.0 46.395547
32600.0 46.516669
32800.0 46.446835
33000.0 46.478624
33200.0 46.510124
33400.0 46.400577
33600.0 46.583602
33800.0 46.410175
34000.0 46.468691
34200.0 46.456748
34400.0 46.385053
34600.0 46.482241
34800.0 46.399719
35000.0 46.427984
35200.0 46.440132
35400.0 46.412008
35600.0 46.472137
35800.0 46.450103
36000.0 46.485888
36200.0 46.502534
36400.0 46.479805
36600.0 46.481406
36800.0 46.429812
37000.0 46.525564
37200.0 46.444268
37400.0 46.438432
37600.0 46.505523
37800.0 46.406283
38000.0 46.51387
38200.0 46.419414
38400.0 46.462008
38600.0 46.447395
38800.0 46.408021
39000.0 46.488192
39200.0 46.437719
39400.0 46.426912
39600.0 46.408233
39800.0 46.413571
40000.0 46.441564
40200.0 46.397493
40400.0 46.450827
40600.0 46.378139
40800.0 46.458754
41000.0 46.482332
41200.0 46.447688
41400.0 46.499704
41600.0 46.413638
41800.0 46.526135
42000.0 46.440621
42200.0 46.456876
42400.0 46.439269
42600.0 46.466036
42800.0 46.415987
43000.0 46.436673
43200.0 46.424868
43400.0 46.44155
43600.0 46.389825
43800.0 46.447621
44000.0 46.410136
44200.0 46.461628
44400.0 46.453762
44600.0 46.408064
44800.0 46.467562
45000.0 46.473821
45200.0 46.469485
45400.0 46.485385
45600.0 46.447189
45800.0 46.49233
46000.0 46.482363
46200.0 46.461981
46400.0 46.427685
46600.0 46.43497
46800.0 46.378705
47000.0 46.43402
47200.0 46.428722
47400.0 46.459943
47600.0 46.403465
47800.0 46.463564
48000.0 46.411896
48200.0 46.493855
48400.0 46.359335
48600.0 46.508572
48800.0 46.418689
49000.0 46.424654
49200.0 46.437051
49400.0 46.414742
49600.0 46.421939
49800.0 46.439097
50000.0 46.370502
50200.0 46.463252
50400.0 46.397554
50600.0 46.447847
50800.0 46.470146
51000.0 46.473308
51200.0 46.458312
51400.0 46.4609
51600.0 46.455387
51800.0 46.456235
52000.0 46.480539
52200.0 46.442656
52400.0 46.429765
52600.0 46.389618
52800.0 46.46003
53000.0 46.341442
53200.0 46.426372
53400.0 46.378232
53600.0 46.423757
53800.0 46.451108
54000.0 46.396906
54200.0 46.487617
54400.0 46.397463
54600.0 46.481666
54800.0 46.485566
55000.0 46.403394
55200.0 46.469234
55400.0 46.442577
55600.0 46.482427
55800.0 46.40475
56000.0 46.469057
56200.0 46.389049
56400.0 46.404045
56600.0 46.419769
56800.0 46.371403
57000.0 46.410833
57200.0 46.412518
57400.0 46.396378
57600.0 46.47141
57800.0 46.430321
58000.0 46.403194
58200.0 46.516392
58400.0 46.401972
58600.0 46.494881
58800.0 46.429091
59000.0 46.496117
59200.0 46.420452
59400.0 46.486745
59600.0 46.414306
59800.0 46.4414
60000.0 46.481557
60200.0 46.365608
60400.0 46.46699
60600.0 46.413231
60800.0 46.38434
61000.0 46.489193
61200.0 46.427234
61400.0 46.418956
61600.0 46.509237
61800.0 46.418824
62000.0 46.506944
62200.0 46.524776
62400.0 46.450501
62600.0 46.557624
62800.0 46.467847
63000.0 46.576326
63200.0 46.492505
63400.0 46.546991
63600.0 46.5036
63800.0 46.439928
64000.0 46.441898
64200.0 46.398652
64400.0 46.489665
64600.0 46.410804
64800.0 46.460273
65000.0 46.406228
65200.0 46.460938
65400.0 46.449802
65600.0 46.491373
65800.0 46.427412
66000.0 46.447783
66200.0 46.500339
66400.0 46.464767
66600.0 46.464282
66800.0 46.436021
67000.0 46.447299
67200.0 46.449721
67400.0 46.406621
67600.0 46.418634
67800.0 46.438054
68000.0 46.380659
68200.0 46.4629
68400.0 46.365154
68600.0 46.475397
68800.0 46.43718
69000.0 46.423818
69200.0 46.511554
69400.0 46.405308
69600.0 46.563616
69800.0 46.416713
70000.0 46.482731
70200.0 46.49611
70400.0 46.460357
70600.0 46.458577
70800.0 46.444598
71000.0 46.462627
71200.0 46.416829
71400.0 46.437182
71600.0 46.437923
71800.0 46.444643
72000.0 46.431912
72200.0 46.41709
72400.0 46.447334
72600.0 46.435664
72800.0 46.412461
73000.0 46.494267
73200.0 46.415499
73400.0 46.494774
73600.0 46.418187
73800.0 46.528571
74000.0 46.441997
74200.0 46.486382
74400.0 46.476884
74600.0 46.49527
74800.0 46.443639
75000.0 46.448165
75200.0 46.449158
75400.0 46.496828
75600.0 46.386431
75800.0 46.499718
76000.0 46.384595
76200.0 46.460371
76400.0 46.405039
76600.0 46.433308
76800.0 46.375336
77000.0 46.483738
77200.0 46.382793
77400.0 46.432083
77600.0 46.469968
77800.0 46.414667
78000.0 46.499546
78200.0 46.47344
78400.0 46.399803
78600.0 46.494826
78800.0 46.456887
79000.0 46.430244
79200.0 46.447684
79400.0 46.421377
79600.0 46.47128
79800.0 46.412096
80000.0 46.456094
80200.0 46.426906
80400.0 46.481368
80600.0 46.468561
80800.0 46.517733
81000.0 46.465068
81200.0 46.529549
81400.0 46.50326
81600.0 46.401133
81800.0 46.541955
82000.0 46.368618
82200.0 46.478383
82400.0 46.475001
82600.0 46.380883
82800.0 46.477272
83000.0 46.419646
83200.0 46.414183
83400.0 46.464862
83600.0 46.43656
83800.0 46.419709
84000.0 46.466586
84200.0 46.429875
84400.0 46.441624
84600.0 46.492362
84800.0 46.493879
85000.0 46.4332
85200.0 46.558204
85400.0 46.428696
85600.0 46.521727
85800.0 46.48836
86000.0 46.433312
86200.0 46.462722
86400.0 46.41018
86600.0 46.396934
86800.0 46.459857
87000.0 46.430144
87200.0 46.407184
87400.0 46.457052
87600.0 46.440719
87800.0 46.463223
88000.0 46.436092
88200.0 46.496769
88400.0 46.471385
88600.0 46.478528
88800.0 46.472756
89000.0 46.394315
89200.0 46.528758
89400.0 46.400174
89600.0 46.467089
89800.0 46.432184
90000.0 46.408316
90200.0 46.474422
90400.0 46.426495
90600.0 46.454283
90800.0 46.426479
91000.0 46.467708
91200.0 46.447987
91400.0 46.459063
91600.0 46.459149
91800.0 46.486544
92000.0 46.512348
92200.0 46.44621
92400.0 46.522572
92600.0 46.424537
92800.0 46.524602
93000.0 46.418351
93200.0 46.464435
93400.0 46.412714
93600.0 46.451647
93800.0 46.452303
94000.0 46.430208
94200.0 46.41085
94400.0 46.459025
94600.0 46.489756
94800.0 46.417244
95000.0 46.539957
95200.0 46.470488
95400.0 46.491849
95600.0 46.502875
95800.0 46.428132
96000.0 46.539095
96200.0 46.459278
96400.0 46.460552
96600.0 46.448741
96800.0 46.434199
97000.0 46.486484
97200.0 46.36795
97400.0 46.512018
97600.0 46.384083
97800.0 46.459836
98000.0 46.455679
98200.0 46.375991
98400.0 46.498648
98600.0 46.382842
98800.0 46.523808
99000.0 46.451726
99200.0 46.434228
99400.0 46.564703
99600.0 46.450677
99800.0 46.436748
100000.0 46.53038
