0.0 175.61034
200.0 172.92637
400.0 179.1352
600.0 178.15801
800.0 180.64699
1000.0 179.34299
1200.0 185.60918
1400.0 180.40867
1600.0 185.48676
1800.0 184.29864
2000.0 182.63125
2200.0 185.1791
2400.0 186.42791
2600.0 187.63689
2800.0 186.35205
3000.0 179.88411
3200.0 180.17156
3400.0 183.54934
3600.0 179.65094
3800.0 180.82414
4000.0 184.40254
4200.0 181.18848
4400.0 182.86417
4600.0 181.96426
4800.0 189.94459
5000.0 184.09213
5200.0 182.74221
5400.0 190.22894
5600.0 191.86033
5800.0 183.95127
6000.0 188.71048
6200.0 185.40384
6400.0 182.63856
6600.0 183.41232
6800.0 181.34112
7000.0 182.30474
7200.0 183.88321
7400.0 176.58472
7600.0 181.14155
7800.0 187.55052
8000.0 176.88998
8200.0 190.38647
8400.0 185.07993
8600.0 188.55719
8800.0 183.40316
9000.0 191.09419
9200.0 182.00562
9400.0 181.80415
9600.0 187.10973
9800.0 183.22172
10000.0 179.78057
10200.0 181.39158
10400.0 187.9065
10600.0 181.87076
10800.0 184.29109
11000.0 181.71532
11200.0 179.66806
11400.0 180.45738
11600.0 177.68246
11800.0 179.23021
12000.0 176.46815
12200.0 181.1418
12400.0 182.30813
12600.0 180.46778
12800.0 180.11426
13000.0 183.23051
13200.0 184.67243
13400.0 180.84403
13600.0 187.22478
13800.0 186.53077
14000.0 184.03576
14200.0 181.61924
14400.0 184.76947
14600.0 181.83027
14800.0 177.03864
15000.0 176.56566
15200.0 183.13004
15400.0 179.31514
15600.0 182.35859
15800.0 181.92118
16000.0 179.57513
16200.0 179.54406
16400.0 187.78105
16600.0 181.77338
16800.0 182.35081
17000.0 187.98333
17200.0 185.20792
17400.0 179.85157
17600.0 187.95408
17800.0 176.31781
18000.0 182.79136
18200.0 180.9161
18400.0 174.50374
18600.0 181.44307
18800.0 181.66884
19000.0 184.31427
19200.0 179.00901
19400.0 181.03415
19600.0 186.6743
19800.0 183.47283
20000.0 182.06564
20200.0 186.58853
20400.0 184.78626
20600.0 181.7174
20800.0 182.19189
21000.0 182.48837
21200.0 183.36962
21400.0 175.89385
21600.0 179.08579
21800.0 179.18236
22000.0 176.03682
22200.0 178.55527
22400.0 181.5442
22600.0 180.19607
22800.0 183.49976
23000.0 180.57601
23200.0 184.24656
23400.0 182.96167
23600.0 184.71092
23800.0 183.24519
24000.0 184.60637
24200.0 185.58381
24400.0 185.37879
24600.0 179.89731
24800.0 179.42893
25000.0 181.47635
25200.0 187.1569
25400.0 177.58483
25600.0 180.96988
25800.0 179.20633
26000.0 178.21016
26200.0 179.55655
26400.0 182.65066
26600.0 182.57837
26800.0 186.14724
27000.0 183.24057
27200.0 185.30963
27400.0 187.15488
27600.0 180.49836
27800.0 179.11352
28000.0 184.08
28200.0 185.04633
28400.0 181.54554
28600.0 177.97522
28800.0 182.25514
29000.0 178.20688
29200.0 174.87071
29400.0 178.42698
29600.0 179.68555
29800.0 181.70253
30000.0 183.33298
30200.0 182.37512
30400.0 182.62533
30600.0 181.66031
30800.0 186.81899
31000.0 182.389
31200.0 185.5547
31400.0 183.15722
31600.0 185.10481
31800.0 177.7824
32000.0 185.32463
32200.0 183.61073
32400.0 176.0673
32600.0 179.69585
32800.0 176.76785
33000.0 184.69086
33200.0 183.26493
33400.0 181.45658
33600.0 185.53261
33800.0 182.38608
34000.0 184.51389
34200.0 187.37061
34400.0 184.94626
34600.0 182.73298
34800.0 182.88206
35000.0 184.39224
35200.0 183.22946
35400.0 184.4418
35600.0 178.45003
35800.0 178.05948
36000.0 181.42678
36200.0 179.70282
36400.0 185.8843
36600.0 183.75008
36800.0 187.25341
37000.0 186.36986
37200.0 184.83508
37400.0 184.82652
37600.0 182.50769
37800.0 182.89806
38000.0 184.98361
38200.0 180.63972
38400.0 177.10696
38600.0 185.28583
38800.0 178.68294
39000.0 183.91494
39200.0 185.48396
39400.0 183.52435
39600.0 182.52719
39800.0 189.91481
40000.0 187.64863
40200.0 186.14216
40400.0 186.37551
40600.0 187.81267
40800.0 183.75398
41000.0 182.9516
41200.0 180.22541
41400.0 186.66167
41600.0 178.98944
41800.0 182.32052
42000.0 179.22378
42200.0 185.82027
42400.0 179.58673
42600.0 189.15986
42800.0 181.27906
43000.0 186.83244
43200.0 190.9429
43400.0 185.16763
43600.0 183.90767
43800.0 185.06213
44000.0 182.57124
44200.0 188.89784
44400.0 179.79944
44600.0 183.55764
44800.0 184.74411
45000.0 184.74533
45200.0 179.68536
45400.0 182.50032
45600.0 184.46735
45800.0 181.30259
46000.0 176.62445
46200.0 185.75232
46400.0 178.42914
46600.0 182.78509
46800.0 183.643
47000.0 185.87941
47200.0 181.66162
47400.0 189.76674
47600.0 181.54343
47800.0 188.24016
48000.0 182.1834
48200.0 188.34433
48400.0 178.92435
48600.0 180.76145
48800.0 180.49036
49000.0 180.25796
49200.0 181.94643
49400.0 180.15478
49600.0 184.93509
49800.0 181.81789
50000.0 182.48147
50200.0 184.03748
50400.0 186.25152
50600.0 184.4638
50800.0 188.26753
51000.0 183.81868
51200.0 180.36656
51400.0 190.53382
51600.0 180.22961
51800.0 182.214
52000.0 187.40942
52200.0 182.57105
52400.0 177.32576
52600.0 177.33104
52800.0 188.0011
53000.0 180.64004
53200.0 180.50398
53400.0 181.61349
53600.0 191.57803
53800.0 182.96906
54000.0 190.16806
54200.0 178.83254
54400.0 188.53874
54600.0 189.01357
54800.0 177.88926
55000.0 180.17095
55200.0 183.00433
55400.0 184.66118
55600.0 175.6054
55800.0 189.85996
56000.0 181.31397
56200.0 182.38574
56400.0 183.09287
56600.0 181.78194
56800.0 185.90779
57000.0 189.73032
57200.0 186.51067
57400.0 187.07232
57600.0 188.66274
57800.0 184.52445
58000.0 184.12282
58200.0 181.92246
58400.0 181.64759
58600.0 186.31527
58800.0 180.29574
59000.0 182.992
59200.0 181.04679
59400.0 185.12529
59600.0 181.0657
59800.0 184.89498
60000.0 182.25134
60200.0 187.49415
60400.0 185.77896
60600.0 185.25896
60800.0 190.05584
61000.0 184.36258
61200.0 183.86007
61400.0 181.73022
61600.0 184.50777
61800.0 181.76263
62000.0 183.07088
62200.0 180.76714
62400.0 180.68274
62600.0 181.83495
62800.0 185.51459
63000.0 184.09129
63200.0 184.44011
63400.0 187.09495
63600.0 187.55148
63800.0 186.91434
64000.0 190.64278
64200.0 190.00953
64400.0 187.22353
64600.0 185.51026
64800.0 188.1378
65000.0 178.94287
65200.0 187.28176
65400.0 184.22844
65600.0 178.33852
65800.0 182.5365
66000.0 184.72191
66200.0 180.99663
66400.0 181.53186
66600.0 179.45743
66800.0 181.19501
67000.0 181.98007
67200.0 183.85779
67400.0 185.58331
67600.0 186.73068
67800.0 183.22291
68000.0 189.02003
68200.0 184.98593
68400.0 184.19576
68600.0 182.75007
68800.0 181.36751
69000.0 179.80753
69200.0 182.7782
69400.0 180.60783
69600.0 183.39632
69800.0 181.29516
70000.0 184.82534
70200.0 183.19175
70400.0 181.34506
70600.0 183.13372
70800.0 190.58596
71000.0 185.84253
71200.0 188.86487
71400.0 184.427
71600.0 183.27917
71800.0 183.2416
72000.0 180.50148
72200.0 183.52017
72400.0 176.17971
72600.0 182.97498
72800.0 183.91899
73000.0 181.51655
73200.0 180.31157
73400.0 188.16052
73600.0 181.35063
73800.0 188.90766
74000.0 184.18234
74200.0 189.24261
74400.0 184.51938
74600.0 181.31085
74800.0 180.61435
75000.0 182.44185
75200.0 180.3303
75400.0 180.98541
75600.0 182.60282
75800.0 184.07769
76000.0 185.47431
76200.0 182.10138
76400.0 183.98845
76600.0 184.46273
76800.0 183.86285
77000.0 180.07271
77200.0 189.68451
77400.0 184.81159
77600.0 185.18243
77800.0 182.32187
78000.0 182.81587
78200.0 176.66639
78400.0 183.6644
78600.0 177.78694
78800.0 183.14273
79000.0 182.52997
79200.0 186.54874
79400.0 182.77786
79600.0 187.16902
79800.0 188.17326
80000.0 186.6128
80200.0 184.49239
80400.0 186.86229
80600.0 185.13565
80800.0 187.935
81000.0 182.7661
81200.0 179.98123
81400.0 180.9702
81600.0 186.63739
81800.0 179.48998
82000.0 187.6892
82200.0 181.13658
82400.0 185.70793
82600.0 180.93849
82800.0 179.63088
83000.0 176.82978
83200.0 179.58509
83400.0 176.99751
83600.0 181.0459
83800.0 180.98206
84000.0 181.29377
84200.0 182.76827
84400.0 187.49562
84600.0 182.35517
84800.0 182.76602
85000.0 182.14518
85200.0 185.80607
85400.0 183.32856
85600.0 180.7885
85800.0 180.01057
86000.0 182.34015
86200.0 179.42723
86400.0 178.37879
86600.0 178.31411
86800.0 181.37477
87000.0 176.91898
87200.0 180.88875
87400.0 187.68267
87600.0 181.97813
87800.0 183.22155
88000.0 187.10067
88200.0 182.14977
88400.0 183.78383
88600.0 183.57565
88800.0 182.9522
89000.0 180.14209
89200.0 181.90958
89400.0 178.86502
89600.0 177.69284
89800.0 182.60808
90000.0 180.3145
90200.0 185.14371
90400.0 180.78426
90600.0 186.64635
90800.0 184.46252
91000.0 185.61517
91200.0 183.30458
91400.0 187.01671
91600.0 185.94593
91800.0 182.06726
92000.0 180.48369
92200.0 185.22398
92400.0 176.80999
92600.0 181.24104
92800.0 179.4073
93000.0 185.95299
93200.0 180.03598
93400.0 178.59772
93600.0 186.73723
93800.0 183.90769
94000.0 183.91508
94200.0 182.02597
94400.0 190.35659
94600.0 183.48254
94800.0 181.86228
95000.0 182.63462
95200.0 179.02934
95400.0 176.1066
95600.0 180.50156
95800.0 184.17945
96000.0 181.34242
96200.0 181.27639
96400.0 185.22869
96600.0 181.99334
96800.0 184.35545
97000.0 185.87221
97200.0 186.30987
97400.0 181.39695
97600.0 188.93682
97800.0 180.97221
98000.0 182.56767
98200.0 186.05692
98400.0 178.13477
98600.0 184.37622
98800.0 181.08182
99000.0 185.83447
99200.0 178.67935
99400.0 185.71234
99600.0 183.79223
99800.0 187.81824
100000.0 179.68537
