0.0 408.38428
200.0 393.80815
400.0 406.62426
600.0 405.78834
800.0 402.40034
1000.0 406.54615
1200.0 392.61986
1400.0 428.41094
1600.0 407.64108
1800.0 410.60235
2000.0 414.12114
2200.0 417.36507
2400.0 395.23092
2600.0 393.52837
2800.0 421.75687
3000.0 419.87988
3200.0 398.98229
3400.0 398.43329
3600.0 401.65444
3800.0 402.58507
4000.0 404.56812
4200.0 413.21049
4400.0 395.80785
4600.0 399.42762
4800.0 419.28445
5000.0 410.99013
5200.0 413.70262
5400.0 413.30344
5600.0 413.83668
5800.0 414.96796
6000.0 400.82513
6200.0 407.87784
6400.0 411.02422
6600.0 401.35651
6800.0 399.45684
7000.0 407.29696
7200.0 397.95441
7400.0 396.86534
7600.0 402.33764
7800.0 398.052
8000.0 398.2864
8200.0 401.3842
8400.0 411.81575
8600.0 405.65218
8800.0 410.27989
9000.0 407.24693
9200.0 417.68039
9400.0 411.50426
9600.0 412.06663
9800.0 404.24121
10000.0 425.27273
10200.0 406.50718
10400.0 401.27392
10600.0 412.05311
10800.0 408.57382
11000.0 409.5192
11200.0 393.57428
11400.0 399.54273
11600.0 409.68694
11800.0 410.23367
12000.0 403.38229
12200.0 406.29928
12400.0 409.12639
12600.0 407.15787
12800.0 412.84731
13000.0 409.29182
13200.0 417.35347
13400.0 401.83169
13600.0 400.11837
13800.0 407.34033
14000.0 413.16884
14200.0 393.74855
14400.0 396.25787
14600.0 402.18651
14800.0 413.61053
15000.0 398.88307
15200.0 411.27368
15400.0 408.04176
15600.0 402.96514
15800.0 408.18932
16000.0 417.83341
16200.0 416.00038
16400.0 422.53768
16600.0 400.04941
16800.0 418.28116
17000.0 406.97372
17200.0 402.34697
17400.0 409.61242
17600.0 397.15591
17800.0 402.37589
18000.0 419.47732
18200.0 405.6374
18400.0 421.89206
18600.0 422.82569
18800.0 420.29504
19000.0 414.62619
19200.0 431.02694
19400.0 419.72799
19600.0 409.02647
19800.0 422.36785
20000.0 408.35492
20200.0 418.32252
20400.0 402.97023
20600.0 412.96378
20800.0 410.3285
21000.0 403.10351
21200.0 404.38852
21400.0 400.7616
21600.0 409.48465
21800.0 417.19305
22000.0 405.60569
22200.0 406.15965
22400.0 424.66959
22600.0 414.5527
22800.0 423.27013
23000.0 395.22285
23200.0 427.04663
23400.0 406.00395
23600.0 410.49778
23800.0 418.9465
24000.0 408.53256
24200.0 396.20882
24400.0 407.47459
24600.0 405.36731
24800.0 404.29022
25000.0 407.63259
25200.0 409.61049
25400.0 411.4702
25600.0 401.57481
25800.0 418.32933
26000.0 421.6931
26200.0 422.27084
26400.0 405.8068
26600.0 408.28362
26800.0 408.39156
27000.0 412.21225
27200.0 412.99003
27400.0 400.61634
27600.0 414.35175
27800.0 409.18842
28000.0 407.60143
28200.0 406.21158
28400.0 412.86008
28600.0 408.52703
28800.0 400.9804
29000.0 403.99398
29200.0 405.43385
29400.0 401.99576
29600.0 401.99274
29800.0 396.28653
30000.0 403.03469
30200.0 420.96317
30400.0 406.43912
30600.0 411.88555
30800.0 410.26839
31000.0 410.86436
31200.0 414.31902
31400.0 414.2606
31600.0 423.0463
31800.0 392.11842
32000.0 406.88294
32200.0 410.66101
32400.0 397.82266
32600.0 395.55269
32800.0 407.7528
33000.0 398.73415
33200.0 409.93767
33400.0 411.33465
33600.0 406.72906
33800.0 406.46613
34000.0 407.61859
34200.0 413.32793
34400.0 411.50814
34600.0 407.5318
34800.0 412.58671
35000.0 412.70841
35200.0 405.92937
35400.0 410.21968
35600.0 398.35089
35800.0 409.8911
36000.0 410.65584
36200.0 407.23948
36400.0 410.45939
36600.0 406.39773
36800.0 406.18177
37000.0 400.52018
37200.0 405.32288
37400.0 415.93285
37600.0 414.58067
37800.0 403.17344
38000.0 420.0142
38200.0 408.31709
38400.0 411.66824
38600.0 415.16335
38800.0 418.08713
39000.0 411.83616
39200.0 420.05662
39400.0 405.11281
39600.0 405.52712
39800.0 402.71776
40000.0 413.32268
40200.0 403.97595
40400.0 405.07706
40600.0 406.56855
40800.0 402.75352
41000.0 404.64448
41200.0 416.4421
41400.0 420.54539
41600.0 401.02198
41800.0 411.77314
42000.0 429.24394
42200.0 417.62739
42400.0 403.78441
42600.0 411.16056
42800.0 423.89689
43000.0 402.66225
43200.0 413.55102
43400.0 403.69954
43600.0 409.10652
43800.0 396.16005
44000.0 409.29489
44200.0 408.41075
44400.0 417.06023
44600.0 400.45776
44800.0 419.76437
45000.0 417.89015
45200.0 423.40593
45400.0 406.88803
45600.0 434.05992
45800.0 414.97657
46000.0 409.79748
46200.0 416.18424
46400.0 412.47851
46600.0 408.82174
46800.0 411.96111
47000.0 407.68357
47200.0 409.19979
47400.0 409.55272
47600.0 399.22251
47800.0 403.42398
48000.0 407.80883
48200.0 405.69145
48400.0 402.18507
48600.0 415.10159
48800.0 421.06729
49000.0 411.40079
49200.0 420.23327
49400.0 411.74207
49600.0 406.525
49800.0 411.59381
50000.0 405.30223
50200.0 405.88014
50400.0 399.33701
50600.0 410.78871
50800.0 406.51365
51000.0 409.48204
51200.0 395.26587
51400.0 424.8735
51600.0 414.14182
51800.0 410.68034
52000.0 414.32192
52200.0 417.9553
52400.0 416.14946
52600.0 414.81535
52800.0 405.59204
53000.0 409.69389
53200.0 399.60841
53400.0 412.34679
53600.0 398.69756
53800.0 406.03578
54000.0 410.67812
54200.0 408.15252
54400.0 418.86776
54600.0 413.59613
54800.0 411.56921
55000.0 415.29495
55200.0 429.59026
55400.0 416.6561
55600.0 415.95031
55800.0 425.48311
56000.0 415.10684
56200.0 417.41828
56400.0 410.84013
56600.0 415.28291
56800.0 404.38339
57000.0 402.18397
57200.0 396.64832
57400.0 417.94526
57600.0 405.19555
57800.0 405.11276
58000.0 416.53154
58200.0 420.22812
58400.0 420.46759
58600.0 417.35795
58800.0 398.99005
59000.0 408.42067
59200.0 422.2795
59400.0 412.17999
59600.0 390.73581
59800.0 407.86274
60000.0 404.74124
60200.0 405.68481
60400.0 402.7275
60600.0 407.28571
60800.0 421.76398
61000.0 413.35452
61200.0 404.59251
61400.0 414.33718
61600.0 413.71879
61800.0 407.51912
62000.0 418.97155
62200.0 414.43174
62400.0 414.91659
62600.0 407.17524
62800.0 415.76924
63000.0 396.17533
63200.0 408.41007
63400.0 405.0269
63600.0 400.72596
63800.0 412.73054
64000.0 403.71745
64200.0 413.70567
64400.0 411.02383
64600.0 414.57586
64800.0 411.19739
65000.0 422.11042
65200.0 421.57094
65400.0 409.04576
65600.0 408.79837
65800.0 406.8592
66000.0 411.86849
66200.0 412.20592
66400.0 409.50014
66600.0 406.56061
66800.0 416.61302
67000.0 399.28287
67200.0 410.63866
67400.0 408.57454
67600.0 407.40955
67800.0 405.11946
68000.0 415.75782
68200.0 403.12191
68400.0 415.61088
68600.0 422.60326
68800.0 423.93373
69000.0 414.46428
69200.0 410.59183
69400.0 405.76023
69600.0 407.33803
69800.0 404.25669
70000.0 406.16314
70200.0 416.62037
70400.0 410.70726
70600.0 409.49366
70800.0 407.64892
71000.0 395.34522
71200.0 404.78043
71400.0 415.88685
71600.0 412.00926
71800.0 418.45235
72000.0 415.2406
72200.0 410.97562
72400.0 419.76074
72600.0 415.35908
72800.0 406.72868
73000.0 409.53885
73200.0 410.42056
73400.0 410.74082
73600.0 406.30617
73800.0 409.11909
74000.0 406.21526
74200.0 408.41361
74400.0 409.9966
74600.0 407.75474
74800.0 406.75787
75000.0 422.52451
75200.0 411.11541
75400.0 412.62314
75600.0 411.57211
75800.0 427.54736
76000.0 411.79885
76200.0 427.28133
76400.0 411.79305
76600.0 413.60628
76800.0 402.02587
77000.0 416.66115
77200.0 408.25742
77400.0 410.36144
77600.0 400.92122
77800.0 401.44958
78000.0 417.84648
78200.0 409.24518
78400.0 408.89799
78600.0 414.56552
78800.0 402.52671
79000.0 407.43632
79200.0 419.13754
79400.0 431.0996
79600.0 404.88907
79800.0 405.31641
80000.0 419.92866
80200.0 412.08155
80400.0 397.65149
80600.0 409.87823
80800.0 405.22017
81000.0 400.40079
81200.0 413.69221
81400.0 408.97124
81600.0 404.22375
81800.0 408.85486
82000.0 414.31455
82200.0 416.02721
82400.0 407.70565
82600.0 422.73775
82800.0 422.20313
83000.0 422.70184
83200.0 418.5712
83400.0 415.78008
83600.0 419.8009
83800.0 398.91839
84000.0 413.57202
84200.0 409.1198
84400.0 415.19823
84600.0 399.5288
84800.0 400.62806
85000.0 417.71471
85200.0 409.69029
85400.0 397.54007
85600.0 408.02228
85800.0 410.25971
86000.0 410.33652
86200.0 398.94149
86400.0 414.45762
86600.0 407.31233
86800.0 408.89049
87000.0 417.41894
87200.0 410.77191
87400.0 417.04564
87600.0 416.35278
87800.0 413.08631
88000.0 415.48686
88200.0 410.82947
88400.0 400.83108
88600.0 405.67386
88800.0 406.12846
89000.0 403.82302
89200.0 411.08664
89400.0 403.19753
89600.0 408.07094
89800.0 404.64784
90000.0 406.51425
90200.0 415.58661
90400.0 431.55898
90600.0 417.14589
90800.0 404.42405
91000.0 407.42913
91200.0 418.45206
91400.0 406.79102
91600.0 407.53049
91800.0 410.18831
92000.0 405.42282
92200.0 407.08077
92400.0 404.19182
92600.0 396.01693
92800.0 390.28414
93000.0 400.69803
93200.0 394.9055
93400.0 400.12207
93600.0 409.00482
93800.0 409.07662
94000.0 404.96489
94200.0 409.44164
94400.0 410.06393
94600.0 413.29686
94800.0 416.9971
95000.0 414.16711
95200.0 402.30537
95400.0 416.01741
95600.0 411.34767
95800.0 405.7508
96000.0 403.03152
96200.0 403.77218
96400.0 396.70199
96600.0 410.86582
96800.0 401.24632
97000.0 401.958
97200.0 412.2896
97400.0 408.6801
97600.0 412.22376
97800.0 405.32967
98000.0 410.72765
98200.0 411.0974
98400.0 404.81427
98600.0 408.81319
98800.0 404.89251
99000.0 423.82068
99200.0 400.76414
99400.0 400.41578
99600.0 397.04975
99800.0 394.24838
100000.0 402.13794
