0.0 -4936.3052
200.0 -4939.4872
400.0 -4940.436
600.0 -4937.9081
800.0 -4931.6298
1000.0 -4926.1537
1200.0 -4923.4186
1400.0 -4921.7982
1600.0 -4920.5558
1800.0 -4919.4685
2000.0 -4919.0183
2200.0 -4918.6711
2400.0 -4918.7084
2600.0 -4919.1599
2800.0 -4921.4551
3000.0 -4926.5986
3200.0 -4931.9437
3400.0 -4934.1305
3600.0 -4933.8784
3800.0 -4932.3007
4000.0 -4929.6602
4200.0 -4926.7404
4400.0 -4922.6176
4600.0 -4917.1116
4800.0 -4912.6056
5000.0 -4911.09
5200.0 -4911.2929
5400.0 -4912.7367
5600.0 -4915.2693
5800.0 -4918.0095
6000.0 -4921.0019
6200.0 -4924.0257
6400.0 -4926.668
6600.0 -4928.1476
6800.0 -4928.4962
7000.0 -4927.0244
7200.0 -4925.0546
7400.0 -4923.8286
7600.0 -4920.6841
7800.0 -4913.0515
8000.0 -4905.6172
8200.0 -4903.738
8400.0 -4905.7388
8600.0 -4909.0076
8800.0 -4912.4108
9000.0 -4916.9489
9200.0 -4920.9648
9400.0 -4923.3135
9600.0 -4925.2134
9800.0 -4926.9773
10000.0 -4927.6458
10200.0 -4926.9292
10400.0 -4924.1303
10600.0 -4920.7587
10800.0 -4917.6756
11000.0 -4914.1534
11200.0 -4909.8377
11400.0 -4905.4532
11600.0 -4901.7524
11800.0 -4901.4452
12000.0 -4904.7987
12200.0 -4908.36
12400.0 -4913.3103
12600.0 -4917.6236
12800.0 -4920.1472
13000.0 -4920.7299
13200.0 -4921.0637
13400.0 -4922.9483
13600.0 -4925.683
13800.0 -4928.4768
14000.0 -4930.5912
14200.0 -4932.2155
14400.0 -4933.0203
14600.0 -4932.9955
14800.0 -4931.2491
15000.0 -4927.1112
15200.0 -4922.2165
15400.0 -4918.1426
15600.0 -4915.5026
15800.0 -4914.2109
16000.0 -4914.2631
16200.0 -4914.8931
16400.0 -4916.9857
16600.0 -4921.9321
16800.0 -4927.411
17000.0 -4930.4877
17200.0 -4931.9134
17400.0 -4931.0667
17600.0 -4929.4608
17800.0 -4927.5107
18000.0 -4925.4778
18200.0 -4922.5148
18400.0 -4919.5995
18600.0 -4916.5178
18800.0 -4913.42
19000.0 -4910.0018
19200.0 -4903.4406
19400.0 -4898.2984
19600.0 -4897.8275
19800.0 -4900.0902
20000.0 -4905.1189
20200.0 -4911.5474
20400.0 -4915.1792
20600.0 -4917.3206
20800.0 -4919.7118
21000.0 -4922.1605
21200.0 -4924.9435
21400.0 -4927.0343
21600.0 -4927.9
21800.0 -4929.112
22000.0 -4930.7239
22200.0 -4932.4569
22400.0 -4933.1506
22600.0 -4932.0935
22800.0 -4929.7727
23000.0 -4925.3308
23200.0 -4920.6848
23400.0 -4917.1035
23600.0 -4914.221
23800.0 -4912.6144
24000.0 -4913.497
24200.0 -4917.1762
24400.0 -4920.8942
24600.0 -4924.4468
24800.0 -4927.6395
25000.0 -4929.5355
25200.0 -4929.8501
25400.0 -4928.4654
25600.0 -4926.1718
25800.0 -4925.0116
26000.0 -4924.3102
26200.0 -4922.437
26400.0 -4919.5832
26600.0 -4916.1465
26800.0 -4913.1251
27000.0 -4910.9925
27200.0 -4910.0547
27400.0 -4911.3169
27600.0 -4917.7224
27800.0 -4925.0942
28000.0 -4927.8671
28200.0 -4929.8507
28400.0 -4931.5927
28600.0 -4931.502
28800.0 -4929.5811
29000.0 -4925.7575
29200.0 -4921.7746
29400.0 -4919.259
29600.0 -4917.0234
29800.0 -4914.3179
30000.0 -4913.4949
30200.0 -4915.0289
30400.0 -4919.7862
30600.0 -4927.5215
30800.0 -4933.0657
31000.0 -4935.786
31200.0 -4936.5051
31400.0 -4934.528
31600.0 -4930.701
31800.0 -4926.7673
32000.0 -4923.8509
32200.0 -4921.23
32400.0 -4919.2906
32600.0 -4918.1054
32800.0 -4917.6803
33000.0 -4918.0626
33200.0 -4919.4383
33400.0 -4921.2047
33600.0 -4925.263
33800.0 -4933.0364
34000.0 -4938.8559
34200.0 -4939.8229
34400.0 -4938.2682
34600.0 -4936.2001
34800.0 -4933.405
35000.0 -4928.6444
35200.0 -4924.0091
35400.0 -4922.3393
35600.0 -4921.8949
35800.0 -4920.6827
36000.0 -4919.4313
36200.0 -4918.5179
36400.0 -4918.1503
36600.0 -4919.0239
36800.0 -4921.3657
37000.0 -4924.9159
37200.0 -4928.7156
37400.0 -4932.3676
37600.0 -4934.3354
37800.0 -4934.0687
38000.0 -4932.0536
38200.0 -4928.8306
38400.0 -4924.4515
38600.0 -4920.2651
38800.0 -4917.1155
39000.0 -4915.3478
39200.0 -4914.919
39400.0 -4915.0787
39600.0 -4916.2639
39800.0 -4917.5666
40000.0 -4919.1052
40200.0 -4921.6399
40400.0 -4924.1472
40600.0 -4925.3509
40800.0 -4925.6949
41000.0 -4926.0709
41200.0 -4927.2294
41400.0 -4929.6909
41600.0 -4934.3631
41800.0 -4937.5618
42000.0 -4937.4883
42200.0 -4936.3478
42400.0 -4934.4581
42600.0 -4930.0162
42800.0 -4925.2475
43000.0 -4921.8003
43200.0 -4919.0222
43400.0 -4917.377
43600.0 -4916.7184
43800.0 -4917.5412
44000.0 -4919.9619
44200.0 -4922.4424
44400.0 -4925.3646
44600.0 -4930.1366
44800.0 -4936.4991
45000.0 -4941.9596
45200.0 -4943.151
45400.0 -4940.5938
45600.0 -4938.1373
45800.0 -4935.529
46000.0 -4932.5465
46200.0 -4928.6121
46400.0 -4924.7127
46600.0 -4922.0746
46800.0 -4920.1754
47000.0 -4917.9334
47200.0 -4915.7989
47400.0 -4914.5202
47600.0 -4915.2494
47800.0 -4918.1719
48000.0 -4923.7644
48200.0 -4930.8221
48400.0 -4935.2815
48600.0 -4936.1365
48800.0 -4933.8129
49000.0 -4930.8288
49200.0 -4929.081
49400.0 -4926.3175
49600.0 -4922.982
49800.0 -4921.0843
50000.0 -4919.2664
50200.0 -4917.9591
50400.0 -4917.4617
50600.0 -4917.7142
50800.0 -4920.1987
51000.0 -4927.3272
51200.0 -4934.1018
51400.0 -4937.8058
51600.0 -4938.6029
51800.0 -4936.2564
52000.0 -4932.794
52200.0 -4930.1419
52400.0 -4926.8057
52600.0 -4922.4941
52800.0 -4920.2197
53000.0 -4920.6312
53200.0 -4921.7538
53400.0 -4922.3846
53600.0 -4923.5751
53800.0 -4924.0638
54000.0 -4923.2772
54200.0 -4922.243
54400.0 -4922.3643
54600.0 -4923.4507
54800.0 -4924.5105
55000.0 -4924.4201
55200.0 -4923.7603
55400.0 -4922.7139
55600.0 -4922.6954
55800.0 -4923.3803
56000.0 -4922.6084
56200.0 -4921.8814
56400.0 -4921.4118
56600.0 -4922.3836
56800.0 -4924.2724
57000.0 -4924.8194
57200.0 -4923.759
57400.0 -4922.225
57600.0 -4919.6953
57800.0 -4919.0205
58000.0 -4918.7605
58200.0 -4918.3818
58400.0 -4918.8861
58600.0 -4919.4851
58800.0 -4920.5748
59000.0 -4922.5038
59200.0 -4925.5657
59400.0 -4929.0105
59600.0 -4931.6695
59800.0 -4933.7836
60000.0 -4935.9449
60200.0 -4936.968
60400.0 -4934.3577
60600.0 -4927.9357
60800.0 -4922.4799
61000.0 -4918.1527
61200.0 -4915.6819
61400.0 -4915.7795
61600.0 -4916.5495
61800.0 -4917.3958
62000.0 -4918.8565
62200.0 -4922.7152
62400.0 -4927.0698
62600.0 -4928.7309
62800.0 -4928.5327
63000.0 -4928.184
63200.0 -4928.4235
63400.0 -4927.4813
63600.0 -4922.1993
63800.0 -4912.5417
64000.0 -4909.3126
64200.0 -4909.1639
64400.0 -4909.6888
64600.0 -4912.8482
64800.0 -4918.2777
65000.0 -4922.7954
65200.0 -4924.2762
65400.0 -4925.0403
65600.0 -4926.7057
65800.0 -4928.6626
66000.0 -4929.2261
66200.0 -4928.3401
66400.0 -4926.9348
66600.0 -4923.8948
66800.0 -4918.0255
67000.0 -4914.4585
67200.0 -4914.2031
67400.0 -4913.0697
67600.0 -4912.2067
67800.0 -4914.1878
68000.0 -4918.2994
68200.0 -4924.5605
68400.0 -4929.1526
68600.0 -4930.2428
68800.0 -4930.832
69000.0 -4931.3659
69200.0 -4929.8875
69400.0 -4926.8935
69600.0 -4923.7253
69800.0 -4922.0189
70000.0 -4921.1255
70200.0 -4918.2074
70400.0 -4914.303
70600.0 -4910.7999
70800.0 -4905.5523
71000.0 -4899.5128
71200.0 -4897.0394
71400.0 -4898.2158
71600.0 -4902.6034
71800.0 -4908.6873
72000.0 -4912.8018
72200.0 -4915.4328
72400.0 -4918.6591
72600.0 -4922.0924
72800.0 -4924.4532
73000.0 -4927.1587
73200.0 -4928.988
73400.0 -4930.2095
73600.0 -4931.5423
73800.0 -4930.9614
74000.0 -4928.4438
74200.0 -4923.9935
74400.0 -4916.8051
74600.0 -4911.5212
74800.0 -4909.8735
75000.0 -4910.128
75200.0 -4912.3915
75400.0 -4915.6723
75600.0 -4919.2222
75800.0 -4922.0091
76000.0 -4923.7616
76200.0 -4924.7627
76400.0 -4925.4359
76600.0 -4925.2242
76800.0 -4925.1506
77000.0 -4925.6168
77200.0 -4926.6123
77400.0 -4926.4061
77600.0 -4924.8678
77800.0 -4923.3529
78000.0 -4922.4895
78200.0 -4921.2469
78400.0 -4919.1843
78600.0 -4917.5077
78800.0 -4916.9725
79000.0 -4915.8931
79200.0 -4914.8408
79400.0 -4916.2745
79600.0 -4920.5663
79800.0 -4925.0114
80000.0 -4928.798
80200.0 -4931.9897
80400.0 -4933.5051
80600.0 -4933.261
80800.0 -4932.0903
81000.0 -4929.6514
81200.0 -4926.2838
81400.0 -4922.6758
81600.0 -4920.7939
81800.0 -4920.0675
82000.0 -4920.9222
82200.0 -4922.4335
82400.0 -4923.2275
82600.0 -4923.6592
82800.0 -4924.2106
83000.0 -4923.7413
83200.0 -4922.4421
83400.0 -4920.8903
83600.0 -4918.5511
83800.0 -4916.6306
84000.0 -4914.4238
84200.0 -4912.4221
84400.0 -4912.4527
84600.0 -4915.117
84800.0 -4918.7718
85000.0 -4923.4761
85200.0 -4928.2692
85400.0 -4931.2323
85600.0 -4931.5096
85800.0 -4930.1827
86000.0 -4928.8186
86200.0 -4926.6407
86400.0 -4924.199
86600.0 -4923.0373
86800.0 -4922.7394
87000.0 -4922.6284
87200.0 -4922.4554
87400.0 -4922.6134
87600.0 -4923.5807
87800.0 -4923.8703
88000.0 -4923.463
88200.0 -4922.8512
88400.0 -4922.2014
88600.0 -4923.406
88800.0 -4924.1977
89000.0 -4923.4841
89200.0 -4920.2222
89400.0 -4914.8845
89600.0 -4910.4714
89800.0 -4908.0797
90000.0 -4907.1266
90200.0 -4909.0587
90400.0 -4914.0156
90600.0 -4918.1571
90800.0 -4921.715
91000.0 -4924.6147
91200.0 -4926.5013
91400.0 -4927.3719
91600.0 -4926.807
91800.0 -4925.442
92000.0 -4923.9213
92200.0 -4920.8443
92400.0 -4915.1519
92600.0 -4909.111
92800.0 -4905.2088
93000.0 -4905.4646
93200.0 -4908.7973
93400.0 -4911.6516
93600.0 -4913.6102
93800.0 -4915.4732
94000.0 -4917.7318
94200.0 -4920.8001
94400.0 -4924.7194
94600.0 -4927.5675
94800.0 -4928.2398
95000.0 -4927.6921
95200.0 -4928.213
95400.0 -4927.3036
95600.0 -4921.3305
95800.0 -4914.6379
96000.0 -4911.7025
96200.0 -4910.7981
96400.0 -4911.0798
96600.0 -4914.1134
96800.0 -4918.2307
97000.0 -4920.2152
97200.0 -4921.526
97400.0 -4923.0538
97600.0 -4924.2561
97800.0 -4924.2631
98000.0 -4924.5572
98200.0 -4924.9793
98400.0 -4925.6516
98600.0 -4925.7286
98800.0 -4924.7066
99000.0 -4922.1459
99200.0 -4918.5086
99400.0 -4915.7659
99600.0 -4913.8901
99800.0 -4913.1436
100000.0 -4913.6979
