0.0 2.2529443
200.0 2.2466663
400.0 2.2480557
600.0 2.2476163
800.0 2.2539638
1000.0 2.2406982
1200.0 2.2460081
1400.0 2.2460096
1600.0 2.223785
1800.0 2.2494584
2000.0 2.241473
2200.0 2.245486
2400.0 2.2339552
2600.0 2.229544
2800.0 2.2345587
3000.0 2.2149464
3200.0 2.2179281
3400.0 2.2208493
3600.0 2.221441
3800.0 2.2221341
4000.0 2.2088577
4200.0 2.2327145
4400.0 2.23858
4600.0 2.2243348
4800.0 2.2389995
5000.0 2.2423015
5200.0 2.2269361
5400.0 2.2220396
5600.0 2.2243102
5800.0 2.2358692
6000.0 2.2296201
6200.0 2.2288623
6400.0 2.2394787
6600.0 2.2299259
6800.0 2.215833
7000.0 2.2476511
7200.0 2.2301276
7400.0 2.2232961
7600.0 2.2332515
7800.0 2.2239566
8000.0 2.2238922
8200.0 2.227342
8400.0 2.2168162
8600.0 2.2217611
8800.0 2.2017991
9000.0 2.2081564
9200.0 2.2264634
9400.0 2.2055569
9600.0 2.2109732
9800.0 2.2334442
10000.0 2.2223007
10200.0 2.240131
10400.0 2.2485836
10600.0 2.2365031
10800.0 2.2496477
11000.0 2.242346
11200.0 2.2630137
11400.0 2.2572357
11600.0 2.2476633
11800.0 2.2544375
12000.0 2.2548666
12200.0 2.2602268
12400.0 2.2666872
12600.0 2.2607475
12800.0 2.25906
13000.0 2.2499555
13200.0 2.2389072
13400.0 2.2610875
13600.0 2.2602562
13800.0 2.235668
14000.0 2.2605043
14200.0 2.2577331
14400.0 2.2483786
14600.0 2.2590877
14800.0 2.2549872
15000.0 2.2499586
15200.0 2.26017
15400.0 2.239569
15600.0 2.2581398
15800.0 2.2476911
16000.0 2.2188369
16200.0 2.2541385
16400.0 2.2541609
16600.0 2.2343949
16800.0 2.2480429
17000.0 2.2501213
17200.0 2.2416406
17400.0 2.2409464
17600.0 2.2475678
17800.0 2.235736
18000.0 2.2373777
18200.0 2.2408762
18400.0 2.2287719
18600.0 2.2420464
18800.0 2.222562
19000.0 2.2380867
19200.0 2.2630843
19400.0 2.2391166
19600.0 2.2544205
19800.0 2.2659633
20000.0 2.2445131
20200.0 2.2655862
20400.0 2.2690727
20600.0 2.2555648
20800.0 2.2698285
21000.0 2.2699207
21200.0 2.2474515
21400.0 2.2675935
21600.0 2.2698255
21800.0 2.2389279
22000.0 2.2454068
22200.0 2.2383826
22400.0 2.2451467
22600.0 2.2311643
22800.0 2.2273737
23000.0 2.2355464
23200.0 2.2244075
23400.0 2.2204715
23600.0 2.2191853
23800.0 2.2099519
24000.0 2.2223023
24200.0 2.21516
24400.0 2.2120935
24600.0 2.2020749
24800.0 2.2245861
25000.0 2.2316487
25200.0 2.216591
25400.0 2.2312165
25600.0 2.2158144
25800.0 2.2138175
26000.0 2.2154823
26200.0 2.223808
26400.0 2.2063999
26600.0 2.2036889
26800.0 2.2193226
27000.0 2.2130308
27200.0 2.1981132
27400.0 2.2137612
27600.0 2.2264664
27800.0 2.2185542
28000.0 2.2217992
28200.0 2.2386347
28400.0 2.2404702
28600.0 2.2423478
28800.0 2.2508322
29000.0 2.2348546
29200.0 2.2517947
29400.0 2.2561802
29600.0 2.2421814
29800.0 2.2571375
30000.0 2.2471668
30200.0 2.2450613
30400.0 2.2783362
30600.0 2.2577256
30800.0 2.2583191
31000.0 2.2617459
31200.0 2.2546321
31400.0 2.2426211
31600.0 2.2400241
31800.0 2.2468399
32000.0 2.2479992
32200.0 2.252597
32400.0 2.2518029
32600.0 2.2361821
32800.0 2.2495875
33000.0 2.2506891
33200.0 2.2426636
33400.0 2.2377834
33600.0 2.2341957
33800.0 2.2360585
34000.0 2.250487
34200.0 2.2319934
34400.0 2.2293437
34600.0 2.2582066
34800.0 2.2421924
35000.0 2.2510757
35200.0 2.2492081
35400.0 2.2310834
35600.0 2.263287
35800.0 2.2542408
36000.0 2.246718
36200.0 2.2435528
36400.0 2.2467226
36600.0 2.2466022
36800.0 2.2344209
37000.0 2.2403776
37200.0 2.2309078
37400.0 2.2249947
37600.0 2.2359653
37800.0 2.2379457
38000.0 2.2483549
38200.0 2.2265875
38400.0 2.2468037
38600.0 2.2500689
38800.0 2.2570313
39000.0 2.2557897
39200.0 2.2573684
39400.0 2.2483296
39600.0 2.2633571
39800.0 2.2577247
40000.0 2.2444645
40200.0 2.2604508
40400.0 2.2599795
40600.0 2.2547703
40800.0 2.2615204
41000.0 2.2454636
41200.0 2.2382687
41400.0 2.2318433
41600.0 2.2256872
41800.0 2.2443689
42000.0 2.2423438
42200.0 2.2211131
42400.0 2.2427306
42600.0 2.2374228
42800.0 2.2290948
43000.0 2.2278234
43200.0 2.2365373
43400.0 2.2288312
43600.0 2.23002
43800.0 2.2187666
44000.0 2.234177
44200.0 2.2288834
44400.0 2.213254
44600.0 2.2177979
44800.0 2.2287848
45000.0 2.2405815
45200.0 2.2444644
45400.0 2.2510614
45600.0 2.2571793
45800.0 2.2450768
46000.0 2.2668248
46200.0 2.2776319
46400.0 2.2463396
46600.0 2.269594
46800.0 2.26026
47000.0 2.2553606
47200.0 2.2724678
47400.0 2.2799987
47600.0 2.2456009
47800.0 2.2648419
48000.0 2.2524708
48200.0 2.2475032
48400.0 2.2671381
48600.0 2.2449754
48800.0 2.2195001
49000.0 2.23775
49200.0 2.2286687
49400.0 2.2373684
49600.0 2.2183238
49800.0 2.2242106
50000.0 2.242956
50200.0 2.2243228
50400.0 2.2221578
50600.0 2.2467172
50800.0 2.2463258
51000.0 2.2399204
51200.0 2.2535826
51400.0 2.2487684
51600.0 2.2503744
51800.0 2.2622354
52000.0 2.2560679
52200.0 2.2503899
52400.0 2.2614318
52600.0 2.2578716
52800.0 2.2464972
53000.0 2.2452658
53200.0 2.244329
53400.0 2.2248743
53600.0 2.2223669
53800.0 2.239807
54000.0 2.2249284
54200.0 2.2208184
54400.0 2.2321136
54600.0 2.2214038
54800.0 2.2236982
55000.0 2.2311863
55200.0 2.2145562
55400.0 2.2228564
55600.0 2.2076732
55800.0 2.2056441
56000.0 2.2172406
56200.0 2.2274535
56400.0 2.2130548
56600.0 2.2121451
56800.0 2.2174373
57000.0 2.2173601
57200.0 2.2211686
57400.0 2.2226778
57600.0 2.2359622
57800.0 2.2344781
58000.0 2.2388949
58200.0 2.2471353
58400.0 2.2670869
58600.0 2.2587375
58800.0 2.244899
59000.0 2.2795781
59200.0 2.2556832
59400.0 2.2584356
59600.0 2.2645911
59800.0 2.2499702
60000.0 2.2603337
60200.0 2.2491342
60400.0 2.2544736
60600.0 2.2535025
60800.0 2.2400912
61000.0 2.2415032
61200.0 2.2642154
61400.0 2.2625791
61600.0 2.2401102
61800.0 2.2520648
62000.0 2.2553417
62200.0 2.2483181
62400.0 2.2635859
62600.0 2.2386309
62800.0 2.2576611
63000.0 2.2524621
63200.0 2.247047
63400.0 2.25638
63600.0 2.2428864
63800.0 2.2448415
64000.0 2.2618505
64200.0 2.2287578
64400.0 2.2239454
64600.0 2.2277142
64800.0 2.2190806
65000.0 2.2156131
65200.0 2.2286541
65400.0 2.219946
65600.0 2.200422
65800.0 2.2327688
66000.0 2.214548
66200.0 2.215571
66400.0 2.2263124
66600.0 2.2366536
66800.0 2.2381357
67000.0 2.2443224
67200.0 2.2447203
67400.0 2.2459631
67600.0 2.2436069
67800.0 2.2431176
68000.0 2.2514657
68200.0 2.2453189
68400.0 2.2354903
68600.0 2.2248558
68800.0 2.2482128
69000.0 2.2339163
69200.0 2.2311983
69400.0 2.225597
69600.0 2.2089623
69800.0 2.2399956
70000.0 2.2230923
70200.0 2.2123649
70400.0 2.2259398
70600.0 2.2028961
70800.0 2.2272107
71000.0 2.2217452
71200.0 2.2230968
71400.0 2.2066603
71600.0 2.2131029
71800.0 2.2210323
72000.0 2.22721
72200.0 2.2304388
72400.0 2.2252449
72600.0 2.226821
72800.0 2.2276769
73000.0 2.2460379
73200.0 2.2458257
73400.0 2.2272373
73600.0 2.2475968
73800.0 2.256256
74000.0 2.2338283
74200.0 2.255105
74400.0 2.2461703
74600.0 2.2522949
74800.0 2.2732907
75000.0 2.2430078
75200.0 2.2411158
75400.0 2.2476676
75600.0 2.2601548
75800.0 2.2436855
76000.0 2.2478265
76200.0 2.2530595
76400.0 2.235164
76600.0 2.2421915
76800.0 2.2380577
77000.0 2.2377941
77200.0 2.2338799
77400.0 2.2151906
77600.0 2.1966307
77800.0 2.2117809
78000.0 2.2301302
78200.0 2.2079092
78400.0 2.2097326
78600.0 2.2340481
78800.0 2.2098357
79000.0 2.238602
79200.0 2.2350922
79400.0 2.2240712
79600.0 2.2440173
79800.0 2.2383735
80000.0 2.2347816
80200.0 2.2539057
80400.0 2.2331267
80600.0 2.2395235
80800.0 2.2550246
81000.0 2.2399678
81200.0 2.2476427
81400.0 2.2402667
81600.0 2.2443076
81800.0 2.2524336
82000.0 2.2345334
82200.0 2.2482008
82400.0 2.2289856
82600.0 2.231845
82800.0 2.2554009
83000.0 2.2405037
83200.0 2.2474351
83400.0 2.2496029
83600.0 2.2469489
83800.0 2.2568205
84000.0 2.2414174
84200.0 2.247662
84400.0 2.2449853
84600.0 2.2514533
84800.0 2.2515031
85000.0 2.2435941
85200.0 2.2565947
85400.0 2.2438434
85600.0 2.2516819
85800.0 2.255541
86000.0 2.2557239
86200.0 2.255045
86400.0 2.2590686
86600.0 2.2581396
86800.0 2.2529258
87000.0 2.2751457
87200.0 2.2577586
87400.0 2.2517575
87600.0 2.278356
87800.0 2.2535348
88000.0 2.2501905
88200.0 2.2555597
88400.0 2.2616279
88600.0 2.2531271
88800.0 2.2427908
89000.0 2.2559191
89200.0 2.2626059
89400.0 2.2496023
89600.0 2.2397249
89800.0 2.2648459
90000.0 2.2591971
90200.0 2.2731177
90400.0 2.2829446
90600.0 2.2636389
90800.0 2.2626483
91000.0 2.2743562
91200.0 2.2526482
91400.0 2.2476853
91600.0 2.2439239
91800.0 2.2524819
92000.0 2.2227846
92200.0 2.2404612
92400.0 2.2409408
92600.0 2.235447
92800.0 2.2316146
93000.0 2.2168769
93200.0 2.2405944
93400.0 2.2596873
93600.0 2.2280323
93800.0 2.251625
94000.0 2.2355564
94200.0 2.2287391
94400.0 2.265805
94600.0 2.2280862
94800.0 2.2356724
95000.0 2.2423651
95200.0 2.2288186
95400.0 2.2278698
95600.0 2.2289872
95800.0 2.2275281
96000.0 2.2267092
96200.0 2.2204786
96400.0 2.2270152
96600.0 2.2267384
96800.0 2.2399607
97000.0 2.2385111
97200.0 2.2574174
97400.0 2.2563154
97600.0 2.2413994
97800.0 2.2469514
98000.0 2.2510233
98200.0 2.254766
98400.0 2.2426466
98600.0 2.2501156
98800.0 2.2337119
99000.0 2.2328398
99200.0 2.2371438
99400.0 2.21853
99600.0 2.2494786
99800.0 2.2335693
100000.0 2.2180061
