0.0 -2343.1676
200.0 -2339.7091
400.0 -2341.8587
600.0 -2346.6165
800.0 -2352.5716
1000.0 -2359.8425
1200.0 -2364.0536
1400.0 -2365.2494
1600.0 -2361.8742
1800.0 -2353.6496
2000.0 -2342.4114
2200.0 -2328.8686
2400.0 -2319.4259
2600.0 -2312.9715
2800.0 -2313.5657
3000.0 -2319.0051
3200.0 -2330.8874
3400.0 -2345.4752
3600.0 -2357.0954
3800.0 -2360.1287
4000.0 -2354.6584
4200.0 -2343.229
4400.0 -2333.8891
4600.0 -2322.8663
4800.0 -2309.6459
5000.0 -2300.6272
5200.0 -2295.2058
5400.0 -2294.3202
5600.0 -2291.0455
5800.0 -2287.701
6000.0 -2283.9107
6200.0 -2286.8389
6400.0 -2295.3154
6600.0 -2308.5204
6800.0 -2329.3622
7000.0 -2344.0875
7200.0 -2348.0854
7400.0 -2345.0529
7600.0 -2339.1431
7800.0 -2333.9321
8000.0 -2333.1747
8200.0 -2339.2625
8400.0 -2353.6351
8600.0 -2369.3605
8800.0 -2378.5612
9000.0 -2381.215
9200.0 -2380.8004
9400.0 -2378.6452
9600.0 -2377.7838
9800.0 -2378.5925
10000.0 -2381.2183
10200.0 -2378.1761
10400.0 -2376.931
10600.0 -2375.26
10800.0 -2378.52
11000.0 -2379.5113
11200.0 -2380.2428
11400.0 -2378.2651
11600.0 -2375.2441
11800.0 -2372.4195
12000.0 -2370.8641
12200.0 -2366.603
12400.0 -2361.8125
12600.0 -2352.5817
12800.0 -2345.1777
13000.0 -2337.4095
13200.0 -2333.8364
13400.0 -2329.8352
13600.0 -2322.1405
13800.0 -2311.3959
14000.0 -2301.5647
14200.0 -2301.4603
14400.0 -2304.3924
14600.0 -2307.2046
14800.0 -2308.4107
15000.0 -2311.053
15200.0 -2316.0556
15400.0 -2320.3897
15600.0 -2320.1038
15800.0 -2314.3238
16000.0 -2303.1932
16200.0 -2288.6745
16400.0 -2275.1204
16600.0 -2269.1094
16800.0 -2273.753
17000.0 -2284.0542
17200.0 -2296.4141
17400.0 -2305.3149
17600.0 -2307.7297
17800.0 -2306.2024
18000.0 -2298.2942
18200.0 -2295.5684
18400.0 -2298.2227
18600.0 -2301.0172
18800.0 -2298.4869
19000.0 -2291.8716
19200.0 -2288.8959
19400.0 -2294.1066
19600.0 -2311.5462
19800.0 -2329.3437
20000.0 -2339.0595
20200.0 -2346.5352
20400.0 -2353.7175
20600.0 -2361.3186
20800.0 -2364.4287
21000.0 -2360.4672
21200.0 -2354.5924
21400.0 -2346.372
21600.0 -2322.712
21800.0 -2300.1875
22000.0 -2287.7462
22200.0 -2280.6939
22400.0 -2273.948
22600.0 -2269.4859
22800.0 -2270.1864
23000.0 -2272.8611
23200.0 -2285.0076
23400.0 -2299.6143
23600.0 -2313.4692
23800.0 -2320.6602
24000.0 -2325.28
24200.0 -2330.8686
24400.0 -2334.0405
24600.0 -2339.9816
24800.0 -2346.3851
25000.0 -2360.6427
25200.0 -2380.8445
25400.0 -2393.3817
25600.0 -2394.231
25800.0 -2384.6283
26000.0 -2372.718
26200.0 -2362.4733
26400.0 -2355.971
26600.0 -2350.5409
26800.0 -2349.4264
27000.0 -2355.0607
27200.0 -2363.6904
27400.0 -2373.019
27600.0 -2375.233
27800.0 -2367.7684
28000.0 -2351.4883
28200.0 -2331.2902
28400.0 -2319.7912
28600.0 -2315.3155
28800.0 -2316.2467
29000.0 -2321.8883
29200.0 -2326.4043
29400.0 -2328.2576
29600.0 -2325.997
29800.0 -2321.5631
30000.0 -2315.4463
30200.0 -2307.3699
30400.0 -2296.1954
30600.0 -2285.0336
30800.0 -2278.9202
31000.0 -2280.2635
31200.0 -2290.2889
31400.0 -2305.1465
31600.0 -2317.493
31800.0 -2325.7931
32000.0 -2330.487
32200.0 -2333.2302
32400.0 -2335.4426
32600.0 -2339.2843
32800.0 -2348.8847
33000.0 -2365.1435
33200.0 -2378.8291
33400.0 -2388.3775
33600.0 -2389.5498
33800.0 -2383.5773
34000.0 -2367.1708
34200.0 -2350.6386
34400.0 -2343.6629
34600.0 -2342.5805
34800.0 -2343.0959
35000.0 -2343.4334
35200.0 -2346.87
35400.0 -2352.1204
35600.0 -2358.4561
35800.0 -2363.6193
36000.0 -2364.7891
36200.0 -2355.8501
36400.0 -2336.12
36600.0 -2319.4923
36800.0 -2312.9461
37000.0 -2311.4394
37200.0 -2312.5663
37400.0 -2317.037
37600.0 -2324.002
37800.0 -2331.3914
38000.0 -2335.8807
38200.0 -2330.2626
38400.0 -2318.7134
38600.0 -2301.8519
38800.0 -2288.8024
39000.0 -2278.5975
39200.0 -2269.7014
39400.0 -2268.5144
39600.0 -2278.0042
39800.0 -2292.4167
40000.0 -2304.2639
40200.0 -2312.7802
40400.0 -2318.1491
40600.0 -2327.2409
40800.0 -2336.9548
41000.0 -2347.9572
41200.0 -2356.8649
41400.0 -2360.4097
41600.0 -2358.6386
41800.0 -2349.7803
42000.0 -2336.8216
42200.0 -2321.4698
42400.0 -2310.5239
42600.0 -2304.7005
42800.0 -2304.0666
43000.0 -2305.5845
43200.0 -2306.6641
43400.0 -2305.7798
43600.0 -2306.1836
43800.0 -2305.908
44000.0 -2310.3177
44200.0 -2320.3296
44400.0 -2333.7545
44600.0 -2346.9116
44800.0 -2352.7436
45000.0 -2348.631
45200.0 -2335.1139
45400.0 -2312.3607
45600.0 -2296.6964
45800.0 -2294.4366
46000.0 -2298.5319
46200.0 -2306.5354
46400.0 -2312.8876
46600.0 -2313.2184
46800.0 -2306.7387
47000.0 -2297.4597
47200.0 -2292.3702
47400.0 -2296.109
47600.0 -2308.0284
47800.0 -2327.0684
48000.0 -2345.3098
48200.0 -2354.5902
48400.0 -2356.4291
48600.0 -2356.6017
48800.0 -2358.0598
49000.0 -2354.2447
49200.0 -2347.6975
49400.0 -2335.4208
49600.0 -2316.5009
49800.0 -2298.4146
50000.0 -2290.7638
50200.0 -2290.8449
50400.0 -2293.2023
50600.0 -2302.1423
50800.0 -2313.7528
51000.0 -2326.7314
51200.0 -2334.6166
51400.0 -2339.0916
51600.0 -2344.5908
51800.0 -2350.5098
52000.0 -2353.9361
52200.0 -2348.7215
52400.0 -2330.7859
52600.0 -2311.517
52800.0 -2300.8807
53000.0 -2296.5288
53200.0 -2294.3888
53400.0 -2297.7671
53600.0 -2302.833
53800.0 -2307.0921
54000.0 -2309.3009
54200.0 -2313.3978
54400.0 -2321.2829
54600.0 -2343.5878
54800.0 -2365.0487
55000.0 -2375.7015
55200.0 -2377.7273
55400.0 -2376.9971
55600.0 -2376.91
55800.0 -2375.9965
56000.0 -2372.6872
56200.0 -2363.7072
56400.0 -2350.8034
56600.0 -2334.2283
56800.0 -2320.8553
57000.0 -2313.4615
57200.0 -2307.2179
57400.0 -2303.6512
57600.0 -2301.7951
57800.0 -2304.6177
58000.0 -2309.6462
58200.0 -2318.8078
58400.0 -2335.1254
58600.0 -2354.886
58800.0 -2369.6959
59000.0 -2380.0264
59200.0 -2385.6221
59400.0 -2383.6832
59600.0 -2379.6577
59800.0 -2370.3174
60000.0 -2358.1678
60200.0 -2344.9451
60400.0 -2329.4136
60600.0 -2319.9793
60800.0 -2310.7784
61000.0 -2307.0832
61200.0 -2307.218
61400.0 -2317.7281
61600.0 -2325.7753
61800.0 -2330.705
62000.0 -2329.1939
62200.0 -2320.6221
62400.0 -2309.6801
62600.0 -2297.9899
62800.0 -2296.9357
63000.0 -2300.714
63200.0 -2308.252
63400.0 -2317.6262
63600.0 -2326.2905
63800.0 -2333.3136
64000.0 -2336.6019
64200.0 -2339.681
64400.0 -2340.2262
64600.0 -2330.2462
64800.0 -2310.1316
65000.0 -2293.6257
65200.0 -2288.1133
65400.0 -2284.9115
65600.0 -2284.2932
65800.0 -2282.8835
66000.0 -2288.442
66200.0 -2298.3085
66400.0 -2313.8381
66600.0 -2327.4392
66800.0 -2337.0078
67000.0 -2342.0987
67200.0 -2344.9016
67400.0 -2341.2973
67600.0 -2330.7711
67800.0 -2319.8864
68000.0 -2314.8085
68200.0 -2314.5764
68400.0 -2315.3352
68600.0 -2318.5361
68800.0 -2329.369
69000.0 -2338.5853
69200.0 -2345.884
69400.0 -2349.0245
69600.0 -2350.0631
69800.0 -2351.3896
70000.0 -2354.2909
70200.0 -2357.3587
70400.0 -2358.7294
70600.0 -2356.7291
70800.0 -2355.525
71000.0 -2358.601
71200.0 -2365.7009
71400.0 -2377.873
71600.0 -2388.7427
71800.0 -2400.1542
72000.0 -2407.9703
72200.0 -2409.5754
72400.0 -2406.1416
72600.0 -2398.5701
72800.0 -2388.8712
73000.0 -2383.5845
73200.0 -2377.5672
73400.0 -2371.3263
73600.0 -2365.3732
73800.0 -2356.8483
74000.0 -2351.9876
74200.0 -2347.248
74400.0 -2346.258
74600.0 -2342.7775
74800.0 -2336.1728
75000.0 -2322.3648
75200.0 -2306.0352
75400.0 -2288.2977
75600.0 -2276.7237
75800.0 -2268.8866
76000.0 -2266.967
76200.0 -2269.0085
76400.0 -2271.3875
76600.0 -2274.7424
76800.0 -2274.6602
77000.0 -2277.9549
77200.0 -2293.9184
77400.0 -2318.0791
77600.0 -2332.9498
77800.0 -2337.3154
78000.0 -2337.21
78200.0 -2336.8889
78400.0 -2338.3807
78600.0 -2337.5263
78800.0 -2337.8046
79000.0 -2336.6311
79200.0 -2334.5078
79400.0 -2332.4059
79600.0 -2325.289
79800.0 -2316.1885
80000.0 -2301.5263
80200.0 -2290.6603
80400.0 -2288.8894
80600.0 -2297.3302
80800.0 -2313.6633
81000.0 -2326.5892
81200.0 -2332.6559
81400.0 -2332.6415
81600.0 -2331.7787
81800.0 -2333.0075
82000.0 -2337.8912
82200.0 -2347.9817
82400.0 -2359.5817
82600.0 -2367.918
82800.0 -2376.4538
83000.0 -2379.0674
83200.0 -2379.928
83400.0 -2377.2557
83600.0 -2373.8419
83800.0 -2372.8949
84000.0 -2371.9747
84200.0 -2374.1263
84400.0 -2374.9816
84600.0 -2374.5826
84800.0 -2368.4435
85000.0 -2357.4341
85200.0 -2344.1091
85400.0 -2331.8953
85600.0 -2321.9568
85800.0 -2316.7736
86000.0 -2315.4872
86200.0 -2324.9055
86400.0 -2345.8427
86600.0 -2363.1695
86800.0 -2369.109
87000.0 -2369.0898
87200.0 -2368.427
87400.0 -2366.2834
87600.0 -2362.8612
87800.0 -2359.6195
88000.0 -2350.5757
88200.0 -2332.5745
88400.0 -2307.1849
88600.0 -2300.4765
88800.0 -2302.6014
89000.0 -2309.3578
89200.0 -2319.1519
89400.0 -2333.8965
89600.0 -2346.4807
89800.0 -2356.7056
90000.0 -2364.7629
90200.0 -2371.9198
90400.0 -2371.3335
90600.0 -2362.9882
90800.0 -2350.5602
91000.0 -2342.2128
91200.0 -2336.5044
91400.0 -2332.8097
91600.0 -2329.178
91800.0 -2325.5368
92000.0 -2321.3744
92200.0 -2316.3079
92400.0 -2314.4441
92600.0 -2311.8467
92800.0 -2310.7442
93000.0 -2308.9169
93200.0 -2306.9367
93400.0 -2306.9246
93600.0 -2308.4515
93800.0 -2315.1318
94000.0 -2321.0868
94200.0 -2323.5162
94400.0 -2321.7362
94600.0 -2319.4021
94800.0 -2311.7453
95000.0 -2297.3445
95200.0 -2283.3011
95400.0 -2277.8906
95600.0 -2281.5667
95800.0 -2291.0881
96000.0 -2303.6427
96200.0 -2314.8707
96400.0 -2319.4971
96600.0 -2320.6766
96800.0 -2317.3168
97000.0 -2312.1137
97200.0 -2304.4957
97400.0 -2301.0087
97600.0 -2304.8598
97800.0 -2308.6265
98000.0 -2313.261
98200.0 -2318.8873
98400.0 -2334.3204
98600.0 -2356.8528
98800.0 -2374.2863
99000.0 -2379.3121
99200.0 -2377.181
99400.0 -2369.2133
99600.0 -2363.0745
99800.0 -2357.6931
100000.0 -2350.9102
