0.0 46.322221
200.0 46.290736
400.0 46.297371
600.0 46.303525
800.0 46.312096
1000.0 46.369833
1200.0 46.285529
1400.0 46.335905
1600.0 46.403802
1800.0 46.253281
2000.0 46.421259
2200.0 46.330938
2400.0 46.308785
2600.0 46.401917
2800.0 46.256413
3000.0 46.328087
3200.0 46.352142
3400.0 46.233562
3600.0 46.357985
3800.0 46.274533
4000.0 46.287961
4200.0 46.329056
4400.0 46.306672
4600.0 46.297543
4800.0 46.359673
5000.0 46.348254
5200.0 46.308919
5400.0 46.366312
5600.0 46.376241
5800.0 46.285733
6000.0 46.387755
6200.0 46.310722
6400.0 46.29763
6600.0 46.331297
6800.0 46.349289
7000.0 46.256027
7200.0 46.392688
7400.0 46.26863
7600.0 46.347892
7800.0 46.309003
8000.0 46.371497
8200.0 46.309905
8400.0 46.378475
8600.0 46.350475
8800.0 46.403025
9000.0 46.345815
9200.0 46.363756
9400.0 46.358305
9600.0 46.334593
9800.0 46.316445
10000.0 46.336368
10200.0 46.319676
10400.0 46.319897
10600.0 46.33827
10800.0 46.276811
11000.0 46.345986
11200.0 46.268651
11400.0 46.316364
11600.0 46.36082
11800.0 46.224945
12000.0 46.319593
12200.0 46.374347
12400.0 46.23468
12600.0 46.387379
12800.0 46.3399
13000.0 46.296228
13200.0 46.388878
13400.0 46.30213
13600.0 46.352807
13800.0 46.344957
14000.0 46.315426
14200.0 46.312057
14400.0 46.331299
14600.0 46.28687
14800.0 46.300007
15000.0 46.290975
15200.0 46.278276
15400.0 46.284241
15600.0 46.27147
15800.0 46.259213
16000.0 46.345507
16200.0 46.274007
16400.0 46.309746
16600.0 46.325699
16800.0 46.28081
17000.0 46.376103
17200.0 46.309945
17400.0 46.34735
17600.0 46.347013
17800.0 46.330347
18000.0 46.334578
18200.0 46.369776
18400.0 46.279989
18600.0 46.357418
18800.0 46.298629
19000.0 46.266645
19200.0 46.307856
19400.0 46.279825
19600.0 46.310608
19800.0 46.342188
20000.0 46.259135
20200.0 46.347554
20400.0 46.361301
20600.0 46.299592
20800.0 46.338712
21000.0 46.349112
21200.0 46.310029
21400.0 46.365613
21600.0 46.314039
21800.0 46.272622
22000.0 46.391418
22200.0 46.235137
22400.0 46.279689
22600.0 46.296892
22800.0 46.253309
23000.0 46.335808
23200.0 46.286293
23400.0 46.286345
23600.0 46.375317
23800.0 46.28391
24000.0 46.296772
24200.0 46.413472
24400.0 46.289442
24600.0 46.331903
24800.0 46.368334
25000.0 46.294252
25200.0 46.375717
25400.0 46.337404
25600.0 46.262244
25800.0 46.387017
26000.0 46.242718
26200.0 46.322461
26400.0 46.327912
26600.0 46.254647
26800.0 46.33523
27000.0 46.277782
27200.0 46.331624
27400.0 46.348348
27600.0 46.313765
27800.0 46.340196
28000.0 46.305821
28200.0 46.343471
28400.0 46.331602
28600.0 46.336508
28800.0 46.326778
29000.0 46.303906
29200.0 46.330969
29400.0 46.367032
29600.0 46.256603
29800.0 46.351939
30000.0 46.324162
30200.0 46.246005
30400.0 46.340997
30600.0 46.260451
30800.0 46.270746
31000.0 46.323302
31200.0 46.285111
31400.0 46.297282
31600.0 46.374845
31800.0 46.235653
32000.0 46.350609
32200.0 46.347542
32400.0 46.269108
32600.0 46.356574
32800.0 46.332046
33000.0 46.285242
33200.0 46.354848
33400.0 46.352927
33600.0 46.286374
33800.0 46.37062
34000.0 46.278881
34200.0 46.34779
34400.0 46.345282
34600.0 46.281354
34800.0 46.297078
35000.0 46.359669
35200.0 46.232932
35400.0 46.353667
35600.0 46.291538
35800.0 46.277842
36000.0 46.375395
36200.0 46.29412
36400.0 46.358225
36600.0 46.320816
36800.0 46.364947
37000.0 46.316934
37200.0 46.298204
37400.0 46.373355
37600.0 46.285582
37800.0 46.326289
38000.0 46.296042
38200.0 46.32211
38400.0 46.326052
38600.0 46.303088
38800.0 46.343408
39000.0 46.315909
39200.0 46.333325
39400.0 46.35002
39600.0 46.303222
39800.0 46.346285
40000.0 46.346019
40200.0 46.326449
40400.0 46.280384
40600.0 46.362022
40800.0 46.280238
41000.0 46.254025
41200.0 46.325377
41400.0 46.264884
41600.0 46.300575
41800.0 46.347605
42000.0 46.265139
42200.0 46.354644
42400.0 46.380689
42600.0 46.277464
42800.0 46.393499
43000.0 46.288486
43200.0 46.349204
43400.0 46.292136
43600.0 46.360777
43800.0 46.287798
44000.0 46.284988
44200.0 46.335906
44400.0 46.280245
44600.0 46.308507
44800.0 46.326134
45000.0 46.272654
45200.0 46.371797
45400.0 46.295897
45600.0 46.291002
45800.0 46.369382
46000.0 46.268576
46200.0 46.327211
46400.0 46.389278
46600.0 46.270603
46800.0 46.379369
47000.0 46.303158
47200.0 46.352157
47400.0 46.355498
47600.0 46.351379
47800.0 46.341559
48000.0 46.365795
48200.0 46.23717
48400.0 46.353764
48600.0 46.279007
48800.0 46.272334
49000.0 46.321596
49200.0 46.298096
49400.0 46.29345
49600.0 46.338425
49800.0 46.297515
50000.0 46.354161
50200.0 46.330787
50400.0 46.340625
50600.0 46.326805
50800.0 46.331739
51000.0 46.354408
51200.0 46.331362
51400.0 46.317392
51600.0 46.314952
51800.0 46.339204
52000.0 46.268138
52200.0 46.358763
52400.0 46.266338
52600.0 46.315235
52800.0 46.300607
53000.0 46.267025
53200.0 46.340935
53400.0 46.321223
53600.0 46.345204
53800.0 46.328763
54000.0 46.365717
54200.0 46.330242
54400.0 46.396966
54600.0 46.309756
54800.0 46.367472
55000.0 46.326563
55200.0 46.319874
55400.0 46.330509
55600.0 46.277228
55800.0 46.305509
56000.0 46.310077
56200.0 46.293449
56400.0 46.296289
56600.0 46.31292
56800.0 46.336784
57000.0 46.275152
57200.0 46.350607
57400.0 46.362311
57600.0 46.245741
57800.0 46.388553
58000.0 46.309577
58200.0 46.316252
58400.0 46.326742
58600.0 46.344937
58800.0 46.287884
59000.0 46.378392
59200.0 46.303138
59400.0 46.326656
59600.0 46.360003
59800.0 46.297557
60000.0 46.369917
60200.0 46.330181
60400.0 46.318582
60600.0 46.348322
60800.0 46.304322
61000.0 46.313707
61200.0 46.277639
61400.0 46.326301
61600.0 46.281517
61800.0 46.298422
62000.0 46.330174
62200.0 46.291878
62400.0 46.379546
62600.0 46.2935
62800.0 46.394302
63000.0 46.296036
63200.0 46.353992
63400.0 46.361951
63600.0 46.291511
63800.0 46.35701
64000.0 46.302323
64200.0 46.27253
64400.0 46.350766
64600.0 46.262651
64800.0 46.283225
65000.0 46.3017
65200.0 46.293075
65400.0 46.239507
65600.0 46.282105
65800.0 46.304325
66000.0 46.280744
66200.0 46.34428
66400.0 46.29675
66600.0 46.328767
66800.0 46.333827
67000.0 46.337052
67200.0 46.313727
67400.0 46.357635
67600.0 46.30566
67800.0 46.326594
68000.0 46.347445
68200.0 46.300703
68400.0 46.286324
68600.0 46.316582
68800.0 46.281419
69000.0 46.315577
69200.0 46.30598
69400.0 46.338401
69600.0 46.301743
69800.0 46.374672
70000.0 46.351332
70200.0 46.326277
70400.0 46.343628
70600.0 46.324721
70800.0 46.33229
71000.0 46.3187
71200.0 46.258614
71400.0 46.376473
71600.0 46.248302
71800.0 46.321437
72000.0 46.334246
72200.0 46.283061
72400.0 46.343368
72600.0 46.336291
72800.0 46.318913
73000.0 46.339495
73200.0 46.291179
73400.0 46.361586
73600.0 46.312755
73800.0 46.311506
74000.0 46.33048
74200.0 46.30574
74400.0 46.310935
74600.0 46.311592
74800.0 46.22263
75000.0 46.411307
75200.0 46.205104
75400.0 46.309957
75600.0 46.294656
75800.0 46.28018
76000.0 46.325134
76200.0 46.371203
76400.0 46.339207
76600.0 46.309172
76800.0 46.385961
77000.0 46.33818
77200.0 46.297761
77400.0 46.385808
77600.0 46.296498
77800.0 46.323566
78000.0 46.303003
78200.0 46.300883
78400.0 46.288695
78600.0 46.313934
78800.0 46.270813
79000.0 46.254998
79200.0 46.250654
79400.0 46.266079
79600.0 46.274255
79800.0 46.278198
80000.0 46.284321
80200.0 46.328195
80400.0 46.257956
80600.0 46.351111
80800.0 46.351937
81000.0 46.234736
81200.0 46.425298
81400.0 46.298826
81600.0 46.354255
81800.0 46.326218
82000.0 46.308632
82200.0 46.346755
82400.0 46.289766
82600.0 46.326132
82800.0 46.302333
83000.0 46.291647
83200.0 46.329315
83400.0 46.280786
83600.0 46.319074
83800.0 46.389547
84000.0 46.277194
84200.0 46.368223
84400.0 46.324189
84600.0 46.340441
84800.0 46.378078
85000.0 46.330996
85200.0 46.335105
85400.0 46.338869
85600.0 46.308643
85800.0 46.329248
86000.0 46.311812
86200.0 46.308105
86400.0 46.285043
86600.0 46.326529
86800.0 46.268964
87000.0 46.34141
87200.0 46.311811
87400.0 46.281886
87600.0 46.37075
87800.0 46.293131
88000.0 46.367841
88200.0 46.338889
88400.0 46.336323
88600.0 46.389711
88800.0 46.366795
89000.0 46.342541
89200.0 46.388117
89400.0 46.291795
89600.0 46.349451
89800.0 46.326175
90000.0 46.300225
90200.0 46.321229
90400.0 46.328174
90600.0 46.280702
90800.0 46.357418
91000.0 46.297058
91200.0 46.29717
91400.0 46.341808
91600.0 46.350777
91800.0 46.309432
92000.0 46.355154
92200.0 46.356385
92400.0 46.343185
92600.0 46.353307
92800.0 46.340897
93000.0 46.350816
93200.0 46.255536
93400.0 46.406437
93600.0 46.203571
93800.0 46.334877
94000.0 46.355486
94200.0 46.236575
94400.0 46.332961
94600.0 46.294173
94800.0 46.313175
95000.0 46.32689
95200.0 46.326579
95400.0 46.307908
95600.0 46.365565
95800.0 46.323596
96000.0 46.363594
96200.0 46.371454
96400.0 46.33994
96600.0 46.37744
96800.0 46.336893
97000.0 46.304421
97200.0 46.338156
97400.0 46.257642
97600.0 46.317428
97800.0 46.308836
98000.0 46.288081
98200.0 46.360572
98400.0 46.277337
98600.0 46.316085
98800.0 46.369287
99000.0 46.30162
99200.0 46.365081
99400.0 46.317232
99600.0 46.377924
99800.0 46.316743
100000.0 46.349683
