0.0 25.587095
200.0 21.807602
400.0 5.3191598
600.0 0.015806322
800.0 -13.259708
1000.0 -19.497319
1200.0 -34.624408
1400.0 -34.447597
1600.0 -35.948557
1800.0 -28.685438
2000.0 -18.963906
2200.0 -2.4732438
2400.0 15.845538
2600.0 44.105654
2800.0 65.655455
3000.0 88.281855
3200.0 103.90458
3400.0 110.58359
3600.0 80.175304
3800.0 37.924904
4000.0 -15.231058
4200.0 -45.366134
4400.0 -54.563031
4600.0 -47.178575
4800.0 -51.690833
5000.0 -38.222721
5200.0 -29.447767
5400.0 -13.077817
5600.0 0.91386248
5800.0 13.346792
6000.0 23.782407
6200.0 34.408888
6400.0 33.581506
6600.0 34.204785
6800.0 25.58586
7000.0 18.051234
7200.0 2.6594585
7400.0 -7.0937697
7600.0 -22.805942
7800.0 -35.519813
8000.0 -42.137411
8200.0 -49.842449
8400.0 -45.879642
8600.0 -37.522096
8800.0 -14.453424
9000.0 17.066173
9200.0 43.118962
9400.0 75.239226
9600.0 86.842697
9800.0 85.031143
10000.0 62.56436
10200.0 44.621832
10400.0 18.277099
10600.0 0.5211798
10800.0 -10.130578
11000.0 -16.073795
11200.0 -24.374439
11400.0 -20.293547
11600.0 -24.648876
11800.0 -16.947132
12000.0 -10.9007
12200.0 -1.6390875
12400.0 10.954943
12600.0 19.261985
12800.0 27.208743
13000.0 30.928789
13200.0 35.254798
13400.0 33.813741
13600.0 23.924951
13800.0 8.8462049
14000.0 -7.151601
14200.0 -30.279631
14400.0 -51.026943
14600.0 -70.397333
14800.0 -74.627304
15000.0 -67.789444
15200.0 -47.590727
15400.0 -28.634894
15600.0 4.5424381
15800.0 24.955799
16000.0 44.858617
16200.0 50.736685
16400.0 62.522827
16600.0 51.859494
16800.0 47.631253
17000.0 28.378166
17200.0 13.238523
17400.0 -9.486574
17600.0 -27.642445
17800.0 -38.34837
18000.0 -45.148946
18200.0 -45.221809
18400.0 -38.625554
18600.0 -28.759719
18800.0 -11.757514
19000.0 2.9062548
19200.0 18.424337
19400.0 36.562291
19600.0 41.751664
19800.0 43.377482
20000.0 40.753287
20200.0 33.668382
20400.0 17.559914
20600.0 4.8376265
20800.0 -9.3167547
21000.0 -25.232495
21200.0 -33.944772
21400.0 -37.679704
21600.0 -42.380858
21800.0 -41.758935
22000.0 -26.214254
22200.0 -10.225599
22400.0 6.7192737
22600.0 33.917329
22800.0 55.189424
23000.0 78.823441
23200.0 81.442268
23400.0 78.736012
23600.0 54.525755
23800.0 31.489863
24000.0 -1.3104094
24200.0 -20.785345
24400.0 -36.777923
24600.0 -33.682968
24800.0 -33.233374
25000.0 -30.967424
25200.0 -20.316669
25400.0 -12.16593
25600.0 -2.6669842
25800.0 3.7954016
26000.0 14.030291
26200.0 23.809776
26400.0 26.56333
26600.0 28.128328
26800.0 24.998889
27000.0 18.671709
27200.0 6.3300536
27400.0 -1.2160799
27600.0 -20.259885
27800.0 -31.498699
28000.0 -43.779691
28200.0 -54.962069
28400.0 -56.353437
28600.0 -54.505611
28800.0 -33.090898
29000.0 -1.2607622
29200.0 36.409995
29400.0 72.476249
29600.0 92.589078
29800.0 86.326457
30000.0 60.456714
30200.0 39.143663
30400.0 19.923423
30600.0 7.2139844
30800.0 0.23757979
31000.0 -14.427944
31200.0 -14.91222
31400.0 -24.114774
31600.0 -20.35895
31800.0 -18.3842
32000.0 -9.5122918
32200.0 -10.161757
32400.0 8.6857923
32600.0 6.4228039
32800.0 21.494948
33000.0 24.857873
33200.0 28.346021
33400.0 26.759665
33600.0 24.785293
33800.0 10.658541
34000.0 -3.0486845
34200.0 -20.337443
34400.0 -41.772188
34600.0 -60.509043
34800.0 -71.389366
35000.0 -70.00152
35200.0 -52.42879
35400.0 -30.797998
35600.0 -5.9310658
35800.0 19.900928
36000.0 34.926193
36200.0 50.884563
36400.0 49.978811
36600.0 49.929797
36800.0 36.036193
37000.0 23.578944
37200.0 9.6131253
37400.0 4.8072375
37600.0 -9.3638346
37800.0 -8.9290041
38000.0 -16.290642
38200.0 -16.264356
38400.0 -16.97888
38600.0 -14.516732
38800.0 -13.242086
39000.0 -7.9982304
39200.0 -5.121924
39400.0 4.6491773
39600.0 11.613188
39800.0 17.756204
40000.0 17.622265
40200.0 22.728461
40400.0 22.862964
40600.0 20.234921
40800.0 9.4036561
41000.0 -1.1445659
41200.0 -16.132879
41400.0 -30.986752
41600.0 -47.412214
41800.0 -53.842887
42000.0 -58.880227
42200.0 -48.613478
42400.0 -33.641784
42600.0 -13.062353
42800.0 13.770008
43000.0 37.581351
43200.0 51.842022
43400.0 59.824529
43600.0 56.27873
43800.0 43.488521
44000.0 27.62337
44200.0 7.9018309
44400.0 -2.3274311
44600.0 -12.967879
44800.0 -16.495468
45000.0 -17.295769
45200.0 -10.372917
45400.0 -10.736774
45600.0 -5.6332237
45800.0 -6.599087
46000.0 3.4376818
46200.0 2.7825026
46400.0 11.557013
46600.0 10.972736
46800.0 13.854222
47000.0 15.324694
47200.0 9.949651
47400.0 10.210912
47600.0 -1.1898187
47800.0 -3.9120369
48000.0 -15.801905
48200.0 -20.162992
48400.0 -27.478845
48600.0 -33.476711
48800.0 -28.957239
49000.0 -23.756589
49200.0 -7.982242
49400.0 4.1087236
49600.0 25.252388
49800.0 37.202792
50000.0 47.369019
50200.0 51.137557
50400.0 49.941682
50600.0 37.746931
50800.0 20.968013
51000.0 2.5639841
51200.0 -18.436118
51400.0 -41.249224
51600.0 -54.955231
51800.0 -61.52053
52000.0 -57.937103
52200.0 -53.703796
52400.0 -31.697627
52600.0 -8.27142
52800.0 9.9844981
53000.0 29.519756
53200.0 36.796191
53400.0 44.263841
53600.0 36.426038
53800.0 32.533148
54000.0 17.758119
54200.0 11.230629
54400.0 -1.6350422
54600.0 -12.359495
54800.0 -15.487708
55000.0 -22.692364
55200.0 -20.762747
55400.0 -19.698548
55600.0 -15.467524
55800.0 -4.053953
56000.0 0.76474362
56200.0 9.5322472
56400.0 18.023654
56600.0 23.48864
56800.0 34.662984
57000.0 33.699276
57200.0 36.416414
57400.0 26.012083
57600.0 8.1555174
57800.0 -17.753224
58000.0 -41.4151
58200.0 -62.929846
58400.0 -74.533057
58600.0 -73.071911
58800.0 -63.183941
59000.0 -37.35105
59200.0 -19.10071
59400.0 3.3689749
59600.0 21.18641
59800.0 30.53854
60000.0 33.345197
60200.0 34.93581
60400.0 26.396696
60600.0 19.341174
60800.0 7.5356404
61000.0 1.0082032
61200.0 -8.0201746
61400.0 -13.491271
61600.0 -15.640293
61800.0 -11.452616
62000.0 -12.736101
62200.0 -4.9392451
62400.0 -2.9204827
62600.0 1.7085007
62800.0 2.7659167
63000.0 1.4288626
63200.0 2.4479825
63400.0 0.57387036
63600.0 4.7818199
63800.0 0.91887291
64000.0 1.9650959
64200.0 1.3495192
64400.0 1.8760181
64600.0 -4.4994136
64800.0 0.374928
65000.0 -4.4526747
65200.0 -4.4233956
65400.0 -5.281063
65600.0 0.38414757
65800.0 -0.6628766
66000.0 2.1165359
66200.0 8.3238094
66400.0 10.757612
66600.0 13.645893
66800.0 8.0029105
67000.0 9.1187199
67200.0 11.966706
67400.0 2.3591909
67600.0 -2.8981721
67800.0 -7.8946085
68000.0 -15.55155
68200.0 -23.496411
68400.0 -23.889764
68600.0 -28.033268
68800.0 -21.162814
69000.0 -16.992942
69200.0 -2.5666479
69400.0 14.760426
69600.0 34.253446
69800.0 46.79915
70000.0 62.769566
70200.0 56.270741
70400.0 56.621486
70600.0 36.446398
70800.0 13.246381
71000.0 -8.437075
71200.0 -30.619022
71400.0 -44.861004
71600.0 -53.387983
71800.0 -49.993888
72000.0 -40.089389
72200.0 -23.70962
72400.0 -14.013142
72600.0 -1.6910607
72800.0 6.3134262
73000.0 8.281212
73200.0 16.218549
73400.0 10.444972
73600.0 14.689494
73800.0 8.0321545
74000.0 10.337009
74200.0 0.5448761
74400.0 -4.0604916
74600.0 -6.7026089
74800.0 -13.161969
75000.0 -15.541637
75200.0 -24.427775
75400.0 -19.787267
75600.0 -19.647236
75800.0 -10.033208
76000.0 6.3696919
76200.0 20.860138
76400.0 43.749594
76600.0 50.797514
76800.0 65.507689
77000.0 56.731697
77200.0 47.978637
77400.0 27.130766
77600.0 7.3308265
77800.0 -15.380042
78000.0 -34.349553
78200.0 -47.243007
78400.0 -50.913104
78600.0 -48.275815
78800.0 -41.723053
79000.0 -26.428781
79200.0 -8.856327
79400.0 3.9735731
79600.0 22.00039
79800.0 20.198834
80000.0 25.508026
80200.0 19.040623
80400.0 19.082408
80600.0 6.3658021
80800.0 6.1530987
81000.0 -0.18403697
81200.0 0.97975884
81400.0 -7.8868526
81600.0 -10.406872
81800.0 -10.443478
82000.0 -10.664398
82200.0 -9.9827003
82400.0 -7.5364827
82600.0 1.997825
82800.0 1.632794
83000.0 12.06017
83200.0 11.955146
83400.0 17.505209
83600.0 22.2136
83800.0 21.54372
84000.0 15.19923
84200.0 11.539766
84400.0 -0.075385118
84600.0 -9.0022602
84800.0 -19.775557
85000.0 -28.441236
85200.0 -36.775127
85400.0 -38.109222
85600.0 -33.053971
85800.0 -18.914392
86000.0 -6.6382271
86200.0 16.109639
86400.0 40.253154
86600.0 59.334234
86800.0 68.669055
87000.0 75.629687
87200.0 62.363465
87400.0 48.687323
87600.0 24.124559
87800.0 -5.7301165
88000.0 -22.000014
88200.0 -33.423551
88400.0 -33.759443
88600.0 -34.144121
88800.0 -26.361772
89000.0 -20.146871
89200.0 -12.801418
89400.0 -5.4596675
89600.0 5.7511667
89800.0 8.6226371
90000.0 14.586407
90200.0 18.237494
90400.0 22.16186
90600.0 14.869447
90800.0 10.17043
91000.0 5.3025976
91200.0 -4.0522763
91400.0 -11.530316
91600.0 -30.014281
91800.0 -41.150573
92000.0 -50.826197
92200.0 -48.686508
92400.0 -40.923005
92600.0 -22.103847
92800.0 5.858289
93000.0 34.934647
93200.0 53.82683
93400.0 68.764051
93600.0 69.15127
93800.0 60.26002
94000.0 40.179931
94200.0 27.337186
94400.0 1.4070319
94600.0 -12.653178
94800.0 -24.408131
95000.0 -32.085091
95200.0 -32.100118
95400.0 -29.457181
95600.0 -24.20962
95800.0 -13.732048
96000.0 -3.1560998
96200.0 7.9004977
96400.0 14.184356
96600.0 14.200077
96800.0 16.83193
97000.0 10.087577
97200.0 9.630135
97400.0 1.0401607
97600.0 0.051224905
97800.0 -3.224767
98000.0 -3.3598705
98200.0 -4.2898078
98400.0 -5.3054478
98600.0 -4.6332213
98800.0 -2.6319445
99000.0 -3.026347
99200.0 4.4471259
99400.0 3.2989599
99600.0 16.78234
99800.0 19.420228
100000.0 22.333619
