0.0 -2122.1413
200.0 -2106.4271
400.0 -2087.376
600.0 -2077.0702
800.0 -2074.8059
1000.0 -2072.9236
1200.0 -2074.6919
1400.0 -2081.355
1600.0 -2094.8515
1800.0 -2110.7299
2000.0 -2118.8662
2200.0 -2120.8901
2400.0 -2120.8174
2600.0 -2121.6343
2800.0 -2122.8241
3000.0 -2124.7474
3200.0 -2127.2964
3400.0 -2131.0558
3600.0 -2133.055
3800.0 -2131.1943
4000.0 -2119.6974
4200.0 -2101.4047
4400.0 -2089.5382
4600.0 -2088.5411
4800.0 -2091.2772
5000.0 -2096.0474
5200.0 -2104.3019
5400.0 -2116.0361
5600.0 -2132.4734
5800.0 -2145.7208
6000.0 -2156.242
6200.0 -2162.1022
6400.0 -2163.8017
6600.0 -2161.364
6800.0 -2157.2047
7000.0 -2152.4937
7200.0 -2148.3539
7400.0 -2144.6975
7600.0 -2141.9761
7800.0 -2138.3133
8000.0 -2131.7691
8200.0 -2125.5401
8400.0 -2122.1646
8600.0 -2122.4629
8800.0 -2129.2227
9000.0 -2139.1245
9200.0 -2147.317
9400.0 -2147.3753
9600.0 -2140.8857
9800.0 -2129.5111
10000.0 -2120.2192
10200.0 -2110.7092
10400.0 -2100.1661
10600.0 -2087.0218
10800.0 -2068.7183
11000.0 -2049.7507
11200.0 -2040.5455
11400.0 -2039.6419
11600.0 -2046.0734
11800.0 -2055.3709
12000.0 -2067.2855
12200.0 -2073.4304
12400.0 -2076.9935
12600.0 -2078.2376
12800.0 -2078.2261
13000.0 -2076.8989
13200.0 -2073.0508
13400.0 -2065.8983
13600.0 -2062.0158
13800.0 -2065.2933
14000.0 -2087.6844
14200.0 -2108.4822
14400.0 -2118.9758
14600.0 -2127.0605
14800.0 -2133.4268
15000.0 -2133.5202
15200.0 -2128.5711
15400.0 -2121.8614
15600.0 -2118.0025
15800.0 -2119.6484
16000.0 -2129.8082
16200.0 -2147.3032
16400.0 -2161.0415
16600.0 -2164.3196
16800.0 -2152.8895
17000.0 -2136.0611
17200.0 -2125.0257
17400.0 -2124.8392
17600.0 -2126.6726
17800.0 -2128.82
18000.0 -2128.4726
18200.0 -2126.4037
18400.0 -2120.4042
18600.0 -2110.3868
18800.0 -2099.2421
19000.0 -2089.4507
19200.0 -2075.1956
19400.0 -2061.258
19600.0 -2052.2107
19800.0 -2050.8754
20000.0 -2059.0892
20200.0 -2072.527
20400.0 -2094.5612
20600.0 -2116.0121
20800.0 -2129.0682
21000.0 -2133.3437
21200.0 -2131.8508
21400.0 -2128.2935
21600.0 -2131.5671
21800.0 -2142.839
22000.0 -2153.7513
22200.0 -2158.2682
22400.0 -2159.2065
22600.0 -2155.3169
22800.0 -2140.6566
23000.0 -2115.149
23200.0 -2100.9671
23400.0 -2094.5508
23600.0 -2093.3526
23800.0 -2095.3299
24000.0 -2102.7278
24200.0 -2108.94
24400.0 -2113.954
24600.0 -2113.4002
24800.0 -2106.1104
25000.0 -2088.6585
25200.0 -2064.4643
25400.0 -2048.7913
25600.0 -2043.769
25800.0 -2045.8094
26000.0 -2051.8008
26200.0 -2059.0499
26400.0 -2066.1498
26600.0 -2072.7444
26800.0 -2081.6622
27000.0 -2097.2797
27200.0 -2126.8122
27400.0 -2144.6258
27600.0 -2148.9148
27800.0 -2148.9603
28000.0 -2147.6774
28200.0 -2139.4165
28400.0 -2125.4594
28600.0 -2112.4503
28800.0 -2108.2373
29000.0 -2111.5298
29200.0 -2118.3593
29400.0 -2131.452
29600.0 -2147.9627
29800.0 -2160.6
30000.0 -2163.4472
30200.0 -2162.6368
30400.0 -2156.3601
30600.0 -2148.6762
30800.0 -2143.2354
31000.0 -2141.0531
31200.0 -2139.8876
31400.0 -2133.5627
31600.0 -2121.6127
31800.0 -2108.5483
32000.0 -2099.6247
32200.0 -2097.3833
32400.0 -2102.115
32600.0 -2108.9931
32800.0 -2112.6059
33000.0 -2112.6548
33200.0 -2112.0195
33400.0 -2111.4675
33600.0 -2109.773
33800.0 -2112.8095
34000.0 -2122.9746
34200.0 -2133.8204
34400.0 -2142.0994
34600.0 -2138.9986
34800.0 -2130.8945
35000.0 -2119.5555
35200.0 -2102.7405
35400.0 -2081.9408
35600.0 -2073.1958
35800.0 -2076.0079
36000.0 -2088.6552
36200.0 -2097.3261
36400.0 -2102.0201
36600.0 -2104.2577
36800.0 -2104.3635
37000.0 -2105.4724
37200.0 -2106.3784
37400.0 -2111.9711
37600.0 -2123.2865
37800.0 -2134.3774
38000.0 -2140.8911
38200.0 -2142.2974
38400.0 -2137.6867
38600.0 -2128.4916
38800.0 -2119.9858
39000.0 -2119.1071
39200.0 -2122.7076
39400.0 -2130.69
39600.0 -2147.9652
39800.0 -2166.6065
40000.0 -2179.3807
40200.0 -2185.4633
40400.0 -2183.5157
40600.0 -2177.2442
40800.0 -2163.8593
41000.0 -2149.0642
41200.0 -2139.274
41400.0 -2130.9924
41600.0 -2127.7168
41800.0 -2128.1136
42000.0 -2130.3237
42200.0 -2130.265
42400.0 -2125.1709
42600.0 -2111.5917
42800.0 -2091.2582
43000.0 -2075.0259
43200.0 -2072.9161
43400.0 -2079.6026
43600.0 -2088.2546
43800.0 -2096.7909
44000.0 -2101.407
44200.0 -2099.8858
44400.0 -2094.7727
44600.0 -2084.8579
44800.0 -2079.0248
45000.0 -2082.8128
45200.0 -2093.7235
45400.0 -2118.8728
45600.0 -2139.7162
45800.0 -2152.6045
46000.0 -2155.4589
46200.0 -2153.8267
46400.0 -2146.1659
46600.0 -2134.4286
46800.0 -2125.8248
47000.0 -2122.1885
47200.0 -2121.3156
47400.0 -2122.3892
47600.0 -2121.4796
47800.0 -2122.9576
48000.0 -2126.7529
48200.0 -2132.5194
48400.0 -2142.4388
48600.0 -2153.0301
48800.0 -2160.4633
49000.0 -2165.3194
49200.0 -2169.7842
49400.0 -2165.8335
49600.0 -2153.7699
49800.0 -2129.075
50000.0 -2110.8083
50200.0 -2100.9634
50400.0 -2092.215
50600.0 -2084.8358
50800.0 -2083.7644
51000.0 -2090.6444
51200.0 -2101.5162
51400.0 -2111.2329
51600.0 -2115.3671
51800.0 -2117.8608
52000.0 -2116.2659
52200.0 -2107.2927
52400.0 -2091.0332
52600.0 -2074.618
52800.0 -2059.2401
53000.0 -2049.6722
53200.0 -2041.9304
53400.0 -2040.5528
53600.0 -2042.1053
53800.0 -2047.0514
54000.0 -2050.452
54200.0 -2049.7144
54400.0 -2049.063
54600.0 -2051.0917
54800.0 -2056.8276
55000.0 -2066.9986
55200.0 -2079.3399
55400.0 -2092.7966
55600.0 -2100.4978
55800.0 -2104.5734
56000.0 -2109.5649
56200.0 -2115.1795
56400.0 -2118.0017
56600.0 -2114.781
56800.0 -2110.0512
57000.0 -2106.6192
57200.0 -2103.7425
57400.0 -2099.5059
57600.0 -2099.0198
57800.0 -2106.9032
58000.0 -2121.0198
58200.0 -2131.7917
58400.0 -2134.9902
58600.0 -2132.0951
58800.0 -2123.836
59000.0 -2111.917
59200.0 -2096.377
59400.0 -2075.9979
59600.0 -2064.2982
59800.0 -2062.3481
60000.0 -2060.6407
60200.0 -2058.1591
60400.0 -2055.2263
60600.0 -2056.751
60800.0 -2066.997
61000.0 -2081.1865
61200.0 -2092.9882
61400.0 -2095.9322
61600.0 -2096.1605
61800.0 -2097.4739
62000.0 -2102.4062
62200.0 -2113.2487
62400.0 -2125.155
62600.0 -2131.9355
62800.0 -2132.4444
63000.0 -2131.2629
63200.0 -2133.7782
63400.0 -2136.4517
63600.0 -2136.1203
63800.0 -2131.3192
64000.0 -2115.2919
64200.0 -2095.0235
64400.0 -2079.8777
64600.0 -2073.8227
64800.0 -2076.1051
65000.0 -2087.5914
65200.0 -2100.589
65400.0 -2112.0046
65600.0 -2118.3928
65800.0 -2121.193
66000.0 -2122.5004
66200.0 -2121.767
66400.0 -2117.0285
66600.0 -2111.2872
66800.0 -2108.2966
67000.0 -2109.5189
67200.0 -2113.2581
67400.0 -2117.6902
67600.0 -2125.9577
67800.0 -2135.4284
68000.0 -2146.7689
68200.0 -2151.089
68400.0 -2145.4037
68600.0 -2131.8199
68800.0 -2120.4413
69000.0 -2114.8349
69200.0 -2111.358
69400.0 -2109.0829
69600.0 -2107.9844
69800.0 -2109.0748
70000.0 -2112.8642
70200.0 -2120.6466
70400.0 -2128.0269
70600.0 -2138.6196
70800.0 -2149.5929
71000.0 -2162.7987
71200.0 -2168.2871
71400.0 -2160.1394
71600.0 -2138.6954
71800.0 -2122.441
72000.0 -2115.5725
72200.0 -2110.6991
72400.0 -2105.9613
72600.0 -2101.8753
72800.0 -2101.9215
73000.0 -2109.9259
73200.0 -2123.1316
73400.0 -2130.0389
73600.0 -2134.4893
73800.0 -2137.4443
74000.0 -2145.6881
74200.0 -2156.4106
74400.0 -2164.7153
74600.0 -2169.2276
74800.0 -2168.6572
75000.0 -2157.4262
75200.0 -2141.0403
75400.0 -2128.8058
75600.0 -2124.5125
75800.0 -2125.3905
76000.0 -2128.052
76200.0 -2129.1333
76400.0 -2133.8771
76600.0 -2145.7099
76800.0 -2167.534
77000.0 -2184.619
77200.0 -2191.7249
77400.0 -2192.5143
77600.0 -2190.5646
77800.0 -2183.726
78000.0 -2171.4668
78200.0 -2152.4046
78400.0 -2134.6928
78600.0 -2124.392
78800.0 -2125.1151
79000.0 -2125.9276
79200.0 -2125.1103
79400.0 -2119.2566
79600.0 -2111.2523
79800.0 -2106.6478
80000.0 -2108.7594
80200.0 -2118.1035
80400.0 -2130.05
80600.0 -2140.8358
80800.0 -2152.0917
81000.0 -2164.9343
81200.0 -2182.2904
81400.0 -2195.7411
81600.0 -2200.834
81800.0 -2198.5194
82000.0 -2194.58
82200.0 -2190.5084
82400.0 -2187.1511
82600.0 -2184.8496
82800.0 -2181.5957
83000.0 -2176.0915
83200.0 -2168.1983
83400.0 -2158.3421
83600.0 -2149.2198
83800.0 -2147.0401
84000.0 -2145.8904
84200.0 -2142.2614
84400.0 -2132.6463
84600.0 -2122.8668
84800.0 -2119.8784
85000.0 -2120.1394
85200.0 -2121.0758
85400.0 -2122.4436
85600.0 -2123.9276
85800.0 -2127.6642
86000.0 -2138.0778
86200.0 -2165.876
86400.0 -2183.8394
86600.0 -2190.014
86800.0 -2186.6876
87000.0 -2172.9667
87200.0 -2156.016
87400.0 -2144.8484
87600.0 -2141.572
87800.0 -2135.575
88000.0 -2125.0011
88200.0 -2111.2371
88400.0 -2100.1164
88600.0 -2092.9381
88800.0 -2090.5142
89000.0 -2095.0413
89200.0 -2104.0826
89400.0 -2109.2498
89600.0 -2109.9931
89800.0 -2111.2733
90000.0 -2118.4946
90200.0 -2130.3999
90400.0 -2140.3716
90600.0 -2143.9304
90800.0 -2143.0859
91000.0 -2141.7865
91200.0 -2142.5153
91400.0 -2146.2178
91600.0 -2152.1086
91800.0 -2161.0418
92000.0 -2172.179
92200.0 -2184.9401
92400.0 -2189.9751
92600.0 -2188.305
92800.0 -2176.6507
93000.0 -2159.1427
93200.0 -2137.2888
93400.0 -2123.5026
93600.0 -2114.2275
93800.0 -2108.7484
94000.0 -2105.544
94200.0 -2105.5755
94400.0 -2110.1368
94600.0 -2123.7186
94800.0 -2139.7604
95000.0 -2152.0408
95200.0 -2157.3532
95400.0 -2158.4406
95600.0 -2156.5224
95800.0 -2154.2214
96000.0 -2150.1143
96200.0 -2143.7498
96400.0 -2131.5577
96600.0 -2108.1245
96800.0 -2085.2046
97000.0 -2077.7504
97200.0 -2080.8405
97400.0 -2090.1175
97600.0 -2101.2962
97800.0 -2108.9606
98000.0 -2116.2699
98200.0 -2124.3137
98400.0 -2130.3424
98600.0 -2134.62
98800.0 -2131.5965
99000.0 -2125.7975
99200.0 -2115.7687
99400.0 -2109.2041
99600.0 -2109.5078
99800.0 -2115.1695
100000.0 -2121.7868
