0.0 386.40714
200.0 386.61648
400.0 386.75557
600.0 386.98306
800.0 387.53403
1000.0 388.5314
1200.0 389.97075
1400.0 391.56563
1600.0 392.70158
1800.0 393.09015
2000.0 392.75113
2200.0 391.85256
2400.0 390.73157
2600.0 389.60707
2800.0 388.7334
3000.0 388.13793
3200.0 387.67395
3400.0 387.22713
3600.0 386.6917
3800.0 385.88564
4000.0 384.99159
4200.0 384.37178
4400.0 384.3039
4600.0 385.13489
4800.0 386.91145
5000.0 389.16636
5200.0 390.95113
5400.0 391.6678
5600.0 391.55031
5800.0 391.02164
6000.0 390.26068
6200.0 389.56193
6400.0 389.13623
6600.0 388.85961
6800.0 388.66442
7000.0 388.24645
7200.0 387.38844
7400.0 386.1024
7600.0 384.66688
7800.0 383.59988
8000.0 383.20213
8200.0 383.64494
8400.0 384.82314
8600.0 386.42912
8800.0 387.84321
9000.0 388.58712
9200.0 388.65306
9400.0 388.24489
9600.0 387.8668
9800.0 387.96406
10000.0 388.43502
10200.0 389.03798
10400.0 389.51076
10600.0 389.56997
10800.0 389.12509
11000.0 388.34771
11200.0 387.54034
11400.0 386.83869
11600.0 386.49281
11800.0 386.79418
12000.0 387.73684
12200.0 388.989
12400.0 390.0518
12600.0 390.5112
12800.0 390.27306
13000.0 389.47357
13200.0 388.39409
13400.0 387.26436
13600.0 386.4063
13800.0 386.07304
14000.0 386.26732
14200.0 386.8037
14400.0 387.30624
14600.0 387.36492
14800.0 386.7503
15000.0 385.57128
15200.0 384.20472
15400.0 383.11799
15600.0 382.64997
15800.0 382.8897
16000.0 383.90402
16200.0 385.52189
16400.0 387.25408
16600.0 388.68032
16800.0 389.55331
17000.0 389.98562
17200.0 390.24968
17400.0 390.46616
17600.0 390.5893
17800.0 390.55667
18000.0 390.3416
18200.0 389.88564
18400.0 389.2712
18600.0 388.46109
18800.0 387.57096
19000.0 386.69043
19200.0 385.92371
19400.0 385.39682
19600.0 385.09712
19800.0 384.89037
20000.0 384.77548
20200.0 384.87533
20400.0 385.38213
20600.0 386.35501
20800.0 387.82351
21000.0 389.56674
21200.0 391.23447
21400.0 392.47318
21600.0 393.15498
21800.0 393.25739
22000.0 392.93945
22200.0 392.47152
22400.0 392.002
22600.0 391.534
22800.0 390.93647
23000.0 389.986
23200.0 388.64126
23400.0 387.13184
23600.0 385.85808
23800.0 385.03347
24000.0 384.65339
24200.0 384.67403
24400.0 384.95963
24600.0 385.24493
24800.0 385.29058
25000.0 385.14517
25200.0 385.03721
25400.0 385.31443
25600.0 386.14695
25800.0 387.42923
26000.0 388.90468
26200.0 390.1155
26400.0 390.72524
26600.0 390.68812
26800.0 390.14036
27000.0 389.37112
27200.0 388.78941
27400.0 388.76771
27600.0 389.37568
27800.0 390.20035
28000.0 390.84274
28200.0 391.12413
28400.0 390.86624
28600.0 389.99138
28800.0 388.57561
29000.0 386.83129
29200.0 385.15106
29400.0 383.85895
29600.0 382.99729
29800.0 382.51616
30000.0 382.38615
30200.0 382.6293
30400.0 383.26979
30600.0 384.58637
30800.0 386.68295
31000.0 389.12498
31200.0 391.32405
31400.0 392.78247
31600.0 393.37458
31800.0 393.23978
32000.0 392.63972
32200.0 391.86401
32400.0 391.09028
32600.0 390.39764
32800.0 389.78335
33000.0 389.14639
33200.0 388.2734
33400.0 387.15003
33600.0 385.9045
33800.0 384.62805
34000.0 383.55383
34200.0 382.95526
34400.0 383.16316
34600.0 384.3913
34800.0 386.33458
35000.0 388.25026
35200.0 389.45142
35400.0 389.78829
35600.0 389.54092
35800.0 388.99568
36000.0 388.49983
36200.0 388.25954
36400.0 388.33217
36600.0 388.83353
36800.0 389.47374
37000.0 389.86023
37200.0 389.93545
37400.0 389.8347
37600.0 389.46914
37800.0 388.60633
38000.0 387.02691
38200.0 384.82597
38400.0 382.46872
38600.0 380.66014
38800.0 379.63254
39000.0 379.32767
39200.0 379.71562
39400.0 380.90006
39600.0 382.76384
39800.0 384.96071
40000.0 386.87802
40200.0 388.19743
40400.0 389.07238
40600.0 389.63521
40800.0 389.8915
41000.0 389.89524
41200.0 389.76344
41400.0 389.55163
41600.0 389.18343
41800.0 388.54301
42000.0 387.44531
42200.0 385.77831
42400.0 383.87758
42600.0 382.38353
42800.0 381.70204
43000.0 382.02575
43200.0 383.2713
43400.0 385.05196
43600.0 386.7699
43800.0 387.90554
44000.0 388.18491
44200.0 387.64573
44400.0 386.6628
44600.0 385.70202
44800.0 385.18856
45000.0 385.17542
45200.0 385.54395
45400.0 386.27836
45600.0 387.28551
45800.0 388.24069
46000.0 388.82521
46200.0 388.90555
46400.0 388.70271
46600.0 388.70059
46800.0 389.19391
47000.0 390.17661
47200.0 391.42509
47400.0 392.63209
47600.0 393.47398
47800.0 393.73432
48000.0 393.01307
48200.0 391.07535
48400.0 388.52506
48600.0 386.39432
48800.0 385.11145
49000.0 384.61695
49200.0 384.76231
49400.0 385.38081
49600.0 386.20703
49800.0 387.03739
50000.0 387.76731
50200.0 388.30077
50400.0 388.70175
50600.0 389.14203
50800.0 389.6849
51000.0 390.35917
51200.0 391.2194
51400.0 392.19825
51600.0 392.849
51800.0 392.64879
52000.0 390.92928
52200.0 387.74248
52400.0 384.72482
52600.0 383.11143
52800.0 382.7917
53000.0 383.53815
53200.0 385.08708
53400.0 386.90184
53600.0 388.40165
53800.0 389.40393
54000.0 389.76077
54200.0 389.63553
54400.0 389.27413
54600.0 388.72109
54800.0 388.21122
55000.0 387.88205
55200.0 387.77507
55400.0 387.82011
55600.0 387.75335
55800.0 387.29215
56000.0 386.15485
56200.0 384.33555
56400.0 382.31176
56600.0 380.83095
56800.0 380.52286
57000.0 381.731
57200.0 384.26564
57400.0 386.97022
57600.0 388.49481
57800.0 388.92904
58000.0 388.85668
58200.0 388.60388
58400.0 388.22764
58600.0 387.79011
58800.0 387.405
59000.0 387.15146
59200.0 387.08775
59400.0 387.14847
59600.0 387.23898
59800.0 387.21352
60000.0 386.98601
60200.0 386.57113
60400.0 386.02738
60600.0 385.55221
60800.0 385.45486
61000.0 386.03243
61200.0 387.36351
61400.0 389.10126
61600.0 390.62062
61800.0 391.47573
62000.0 391.35407
62200.0 390.46329
62400.0 389.30772
62600.0 388.37945
62800.0 387.86667
63000.0 387.84417
63200.0 388.10327
63400.0 388.36299
63600.0 388.52902
63800.0 388.62236
64000.0 388.475
64200.0 387.97751
64400.0 387.08438
64600.0 386.00865
64800.0 385.24988
65000.0 385.14334
65200.0 385.74037
65400.0 386.58268
65600.0 387.1624
65800.0 387.27347
66000.0 386.98105
66200.0 386.51541
66400.0 386.09193
66600.0 386.01165
66800.0 386.43644
67000.0 387.4065
67200.0 388.72
67400.0 389.955
67600.0 390.77866
67800.0 391.06338
68000.0 390.89099
68200.0 390.54646
68400.0 390.37875
68600.0 390.49386
68800.0 390.92574
69000.0 391.27336
69200.0 391.06382
69400.0 390.0736
69600.0 388.40264
69800.0 386.52973
70000.0 385.00983
70200.0 384.07239
70400.0 383.6156
70600.0 383.50782
70800.0 383.58857
71000.0 383.67185
71200.0 383.86594
71400.0 384.34321
71600.0 385.18731
71800.0 386.34543
72000.0 387.72989
72200.0 389.25327
72400.0 390.64761
72600.0 391.62153
72800.0 392.18662
73000.0 392.44685
73200.0 392.32986
73400.0 391.65526
73600.0 390.22912
73800.0 388.10473
74000.0 385.67276
74200.0 383.49755
74400.0 382.0952
74600.0 381.50378
74800.0 381.55807
75000.0 382.23754
75200.0 383.3638
75400.0 384.74705
75600.0 386.16363
75800.0 387.416
76000.0 388.45716
76200.0 389.37534
76400.0 390.18286
76600.0 390.70772
76800.0 390.89963
77000.0 390.69213
77200.0 389.98529
77400.0 388.74119
77600.0 387.01192
77800.0 385.1765
78000.0 383.80138
78200.0 383.19114
78400.0 383.28366
78600.0 383.9648
78800.0 384.97759
79000.0 386.21369
79200.0 387.43706
79400.0 388.47751
79600.0 389.18864
79800.0 389.54311
80000.0 389.70223
80200.0 389.87116
80400.0 390.03159
80600.0 390.13636
80800.0 390.14467
81000.0 389.96547
81200.0 389.07879
81400.0 387.20872
81600.0 384.76716
81800.0 382.62144
82000.0 381.56571
82200.0 381.7188
82400.0 382.6954
82600.0 384.02239
82800.0 385.16529
83000.0 385.86252
83200.0 386.09348
83400.0 386.11517
83600.0 386.1826
83800.0 386.45858
84000.0 386.93255
84200.0 387.49499
84400.0 387.99074
84600.0 388.42029
84800.0 388.6639
85000.0 388.67723
85200.0 388.59806
85400.0 388.52074
85600.0 388.59512
85800.0 388.81817
86000.0 389.13798
86200.0 389.14285
86400.0 388.5299
86600.0 387.36635
86800.0 385.87885
87000.0 384.43384
87200.0 383.62471
87400.0 383.90383
87600.0 385.29623
87800.0 387.24236
88000.0 388.78919
88200.0 389.36609
88400.0 389.03314
88600.0 388.12684
88800.0 387.12618
89000.0 386.3845
89200.0 386.0701
89400.0 386.15988
89600.0 386.53127
89800.0 386.97274
90000.0 387.31687
90200.0 387.42766
90400.0 387.24831
90600.0 386.78683
90800.0 386.3678
91000.0 386.40128
91200.0 387.10801
91400.0 388.55036
91600.0 390.52134
91800.0 392.36389
92000.0 393.51245
92200.0 393.59824
92400.0 392.52539
92600.0 390.60977
92800.0 388.62332
93000.0 387.28557
93200.0 386.78921
93400.0 386.77737
93600.0 387.01356
93800.0 387.35946
94000.0 387.58683
94200.0 387.56798
94400.0 387.39388
94600.0 387.0211
94800.0 386.5923
95000.0 386.30925
95200.0 386.46633
95400.0 387.31674
95600.0 388.70324
95800.0 390.01875
96000.0 390.55639
96200.0 390.00002
96400.0 388.49913
96600.0 386.53369
96800.0 384.88077
97000.0 383.91812
97200.0 383.74778
97400.0 384.30985
97600.0 385.29808
97800.0 386.26364
98000.0 386.91742
98200.0 387.22526
98400.0 387.41384
98600.0 387.76986
98800.0 388.30114
99000.0 388.99261
99200.0 389.86327
99400.0 390.80591
99600.0 391.64537
99800.0 392.20284
100000.0 392.26577
