0.0 -67.196239
200.0 47.301431
400.0 -8.9225912
600.0 -6.4372582
800.0 26.456988
1000.0 -70.829508
1200.0 83.609534
1400.0 -14.808166
1600.0 -93.762581
1800.0 162.9786
2000.0 -116.90863
2200.0 4.8633031
2400.0 73.022559
2600.0 -99.795613
2800.0 109.51597
3000.0 -62.286928
3200.0 -49.278241
3400.0 135.03029
3600.0 -107.09801
3800.0 34.6719
4000.0 28.252183
4200.0 -25.026933
4400.0 14.468177
4600.0 32.267119
4800.0 -42.407107
5000.0 0.8755029
5200.0 42.875833
5400.0 -33.503514
5600.0 -22.028999
5800.0 79.849412
6000.0 -83.82339
6200.0 -1.9062729
6400.0 63.14749
6600.0 -23.514163
6800.0 -46.634098
7000.0 107.41142
7200.0 -90.457328
7400.0 44.987115
7600.0 -7.2574261
7800.0 14.772413
8000.0 -24.611562
8200.0 38.62567
8400.0 -41.317028
8600.0 17.204622
8800.0 -15.171789
9000.0 42.091668
9200.0 -4.5203876
9400.0 -13.217379
9600.0 -2.8783305
9800.0 3.6491275
10000.0 -16.699599
10200.0 24.146451
10400.0 -27.7629
10600.0 -18.86161
10800.0 63.146036
11000.0 -88.89315
11200.0 72.838174
11400.0 21.427922
11600.0 -114.18943
11800.0 128.68341
12000.0 -22.230921
12200.0 -129.01332
12400.0 179.49894
12600.0 -90.899471
12800.0 -22.948587
13000.0 99.202959
13200.0 -95.160181
13400.0 35.377489
13600.0 10.5118
13800.0 -30.707635
14000.0 14.986412
14200.0 13.16101
14400.0 -25.427021
14600.0 28.606023
14800.0 -9.279781
15000.0 -22.284424
15200.0 22.165114
15400.0 -15.34625
15600.0 -14.44048
15800.0 44.212023
16000.0 -55.90558
16200.0 67.159299
16400.0 -31.538468
16600.0 -33.262005
16800.0 80.127802
17000.0 -72.3288
17200.0 37.650045
17400.0 -4.5675275
17600.0 -20.744919
17800.0 28.703262
18000.0 -6.5586445
18200.0 -47.111474
18400.0 95.699015
18600.0 -61.714473
18800.0 -15.256422
19000.0 43.318387
19200.0 -33.70197
19400.0 21.246075
19600.0 4.8661533
19800.0 -49.375715
20000.0 62.617694
20200.0 -0.64177976
20400.0 -48.024531
20600.0 50.476291
20800.0 -0.97848658
21000.0 -38.987404
21200.0 55.0682
21400.0 -51.921141
21600.0 9.2476154
21800.0 45.516011
22000.0 -118.65472
22200.0 110.69977
22400.0 -33.205187
22600.0 -23.914694
22800.0 64.880189
23000.0 -75.074043
23200.0 40.187117
23400.0 35.326989
23600.0 -96.925751
23800.0 74.078482
24000.0 40.680802
24200.0 -105.39484
24400.0 96.049071
24600.0 -32.153569
24800.0 -53.483748
25000.0 92.459138
25200.0 -63.216889
25400.0 -23.856847
25600.0 105.2462
25800.0 -91.750012
26000.0 63.514114
26200.0 -25.29862
26400.0 -41.891747
26600.0 76.480618
26800.0 -56.221636
27000.0 48.128547
27200.0 -36.255334
27400.0 -22.341307
27600.0 56.512105
27800.0 -37.806587
28000.0 34.646134
28200.0 -10.360839
28400.0 6.4577536
28600.0 3.1305658
28800.0 -22.068367
29000.0 52.991752
29200.0 -12.339299
29400.0 -55.445908
29600.0 109.39013
29800.0 -87.407723
30000.0 -16.537417
30200.0 94.467999
30400.0 -77.006996
30600.0 19.21349
30800.0 36.239196
31000.0 -58.493617
31200.0 21.739324
31400.0 44.909362
31600.0 -97.726506
31800.0 94.083506
32000.0 -31.133506
32200.0 -40.80087
32400.0 92.573963
32600.0 -57.09039
32800.0 -30.88
33000.0 83.378243
33200.0 -40.19662
33400.0 -29.029883
33600.0 97.475931
33800.0 -92.611546
34000.0 71.216151
34200.0 0.75474025
34400.0 -62.361784
34600.0 61.305287
34800.0 -8.2701348
35000.0 -71.109597
35200.0 121.81604
35400.0 -83.577254
35600.0 14.24966
35800.0 48.010945
36000.0 -57.75449
36200.0 30.487233
36400.0 -13.119239
36600.0 41.244087
36800.0 -53.938054
37000.0 29.568497
37200.0 25.449292
37400.0 -65.850152
37600.0 71.910481
37800.0 -26.554361
38000.0 7.61469
38200.0 -14.101029
38400.0 -5.281176
38600.0 28.014748
38800.0 -31.287914
39000.0 32.780848
39200.0 3.0928296
39400.0 -45.941806
39600.0 40.161086
39800.0 -9.2504601
40000.0 -16.837973
40200.0 9.4399886
40400.0 35.048622
40600.0 -71.002528
40800.0 42.007547
41000.0 38.822287
41200.0 -81.323366
41400.0 53.796644
41600.0 14.525264
41800.0 -56.799711
42000.0 95.090207
42200.0 -43.644927
42400.0 -56.214386
42600.0 89.018696
42800.0 -96.013419
43000.0 64.159207
43200.0 -15.229208
43400.0 21.273084
43600.0 -54.054562
43800.0 45.408858
44000.0 20.266885
44200.0 -61.111037
44400.0 41.097777
44600.0 -16.496124
44800.0 -22.830911
45000.0 80.91157
45200.0 -75.574309
45400.0 12.426537
45600.0 64.132128
45800.0 -85.224006
46000.0 55.219636
46200.0 23.085786
46400.0 -79.414835
46600.0 94.968399
46800.0 -67.254263
47000.0 36.21251
47200.0 16.922765
47400.0 -37.874186
47600.0 21.925934
47800.0 11.493072
48000.0 -62.557996
48200.0 99.701625
48400.0 -73.102435
48600.0 31.733808
48800.0 37.291576
49000.0 -47.440085
49200.0 30.141178
49400.0 5.3085609
49600.0 -50.148297
49800.0 74.824183
50000.0 -27.677851
50200.0 -14.591541
50400.0 6.5310204
50600.0 1.7456591
50800.0 5.5146753
51000.0 -8.6736485
51200.0 -3.1747798
51400.0 19.449045
51600.0 9.5124312
51800.0 -35.262768
52000.0 55.844754
52200.0 -66.215684
52400.0 53.053325
52600.0 -22.738933
52800.0 -14.36373
53000.0 44.362627
53200.0 -47.911356
53400.0 27.831738
53600.0 1.5258004
53800.0 4.9879832
54000.0 -21.288403
54200.0 39.344611
54400.0 -47.088889
54600.0 45.429063
54800.0 -44.345346
55000.0 3.9728141
55200.0 24.583766
55400.0 -35.060432
55600.0 38.12633
55800.0 2.5349285
56000.0 -29.730521
56200.0 20.243412
56400.0 22.579868
56600.0 -19.599265
56800.0 -10.663339
57000.0 57.15933
57200.0 -33.684871
57400.0 -31.460094
57600.0 104.46431
57800.0 -82.176078
58000.0 17.887568
58200.0 27.083624
58400.0 -6.7656327
58600.0 -37.197657
58800.0 50.742224
59000.0 -62.852214
59200.0 29.684562
59400.0 32.538679
59600.0 -37.905826
59800.0 38.864399
60000.0 -24.588303
60200.0 7.0846656
60400.0 0.48188522
60600.0 -12.561441
60800.0 20.844672
61000.0 -2.9261793
61200.0 8.3155942
61400.0 -63.894958
61600.0 44.176803
61800.0 8.052005
62000.0 -45.773172
62200.0 41.570117
62400.0 -31.281536
62600.0 50.085709
62800.0 -75.570015
63000.0 77.116364
63200.0 -18.11999
63400.0 -30.132594
63600.0 64.215997
63800.0 -70.242355
64000.0 20.799327
64200.0 38.893932
64400.0 -87.220833
64600.0 66.423872
64800.0 5.1367225
65000.0 -48.084393
65200.0 23.666765
65400.0 36.812703
65600.0 -53.055566
65800.0 14.961547
66000.0 32.015651
66200.0 -67.377023
66400.0 45.656848
66600.0 20.718345
66800.0 -36.877864
67000.0 -0.91989571
67200.0 54.764172
67400.0 -55.675572
67600.0 40.871395
67800.0 14.622477
68000.0 -57.507189
68200.0 20.233918
68400.0 39.674138
68600.0 -33.745593
68800.0 4.7101051
69000.0 11.39695
69200.0 18.880548
69400.0 -23.969284
69600.0 40.007633
69800.0 -34.91283
70000.0 1.3172256
70200.0 26.930113
70400.0 -15.362786
70600.0 15.307094
70800.0 -21.656814
71000.0 6.769705
71200.0 76.193262
71400.0 -123.03551
71600.0 106.75936
71800.0 -21.121026
72000.0 -46.083269
72200.0 46.430603
72400.0 -17.650519
72600.0 -4.3766533
72800.0 13.24485
73000.0 -13.083166
73200.0 42.941785
73400.0 -47.388805
73600.0 22.28995
73800.0 1.8624713
74000.0 -22.100875
74200.0 37.481405
74400.0 -49.821635
74600.0 -0.28443569
74800.0 121.2769
75000.0 -169.57458
75200.0 109.90219
75400.0 -20.348286
75600.0 -30.537332
75800.0 41.33482
76000.0 5.7298619
76200.0 -41.8958
76400.0 3.7546452
76600.0 43.34314
76800.0 -43.251011
77000.0 1.9839876
77200.0 41.799048
77400.0 -64.615926
77600.0 51.527775
77800.0 -13.015074
78000.0 -7.5181603
78200.0 0.48707659
78400.0 21.192407
78600.0 -20.354989
78800.0 -5.1819201
79000.0 15.355982
79200.0 19.621975
79400.0 -21.529611
79600.0 -1.687533
79800.0 35.300484
80000.0 -8.6558084
80200.0 -49.649847
80400.0 105.39932
80600.0 -61.800456
80800.0 -46.410493
81000.0 142.63773
81200.0 -123.7325
81400.0 48.467956
81600.0 -18.545403
81800.0 19.54577
82000.0 22.994089
82200.0 -40.595053
82400.0 41.359808
82600.0 -26.616261
82800.0 19.330152
83000.0 11.617555
83200.0 -60.110795
83400.0 61.608636
83600.0 -2.0077486
83800.0 -72.680404
84000.0 109.69511
84200.0 -54.412446
84400.0 4.8132728
84600.0 10.242198
84800.0 -14.923226
85000.0 37.972389
85200.0 1.2341538
85400.0 -23.674038
85600.0 0.20325808
85800.0 -0.17747173
86000.0 -1.292746
86200.0 -17.844268
86400.0 24.085674
86600.0 -8.9875737
86800.0 30.910749
87000.0 -60.429216
87200.0 33.300075
87400.0 47.036955
87600.0 -104.88786
87800.0 81.679358
88000.0 -12.567635
88200.0 -16.664677
88400.0 32.558079
88600.0 -38.251136
88800.0 15.963199
89000.0 34.34903
89200.0 -55.146926
89400.0 56.477507
89600.0 -36.610015
89800.0 -12.969225
90000.0 63.15392
90200.0 -31.661806
90400.0 -25.563325
90600.0 66.269513
90800.0 -57.927723
91000.0 2.0948211
91200.0 14.743635
91400.0 -5.2375364
91600.0 -18.79252
91800.0 36.501097
92000.0 -22.228515
92200.0 -9.1323461
92400.0 10.354904
92600.0 -4.8195079
92800.0 3.7198958
93000.0 -23.519259
93200.0 86.212652
93400.0 -135.99508
93600.0 151.72387
93800.0 -42.093205
94000.0 -76.577841
94200.0 128.24125
94400.0 -59.579378
94600.0 -3.9979062
94800.0 29.277377
95000.0 -34.052052
95200.0 -1.271606
95400.0 41.839597
95600.0 -50.712012
95800.0 54.120371
96000.0 -23.403869
96200.0 -21.03715
96400.0 26.797798
96600.0 -36.817122
96800.0 19.63884
97000.0 5.2280183
97200.0 -41.078018
97400.0 62.157768
97600.0 -32.786811
97800.0 0.55110582
98000.0 31.236669
98200.0 -58.52872
98400.0 41.004171
98600.0 -6.6791653
98800.0 -29.386569
99000.0 60.39793
99200.0 -53.375156
99400.0 21.22603
99600.0 -18.504327
99800.0 18.220812
100000.0 1.1291775
