0.0 373.75293
200.0 373.23155
400.0 373.20645
600.0 373.91904
800.0 375.33368
1000.0 377.02237
1200.0 378.41028
1400.0 379.04934
1600.0 378.79919
1800.0 377.65375
2000.0 376.09749
2200.0 374.82485
2400.0 374.25348
2600.0 374.38068
2800.0 375.05181
3000.0 375.98549
3200.0 376.76792
3400.0 377.25642
3600.0 377.30878
3800.0 376.83577
4000.0 376.03943
4200.0 375.19597
4400.0 374.53048
4600.0 374.16189
4800.0 373.99757
5000.0 373.96078
5200.0 373.82763
5400.0 373.3572
5600.0 372.64259
5800.0 371.93731
6000.0 371.53696
6200.0 371.77391
6400.0 372.82246
6600.0 374.46875
6800.0 376.13259
7000.0 377.22648
7200.0 377.46317
7400.0 376.84982
7600.0 375.78184
7800.0 374.86444
8000.0 374.45807
8200.0 374.52363
8400.0 374.91186
8600.0 375.41996
8800.0 375.84949
9000.0 376.00497
9200.0 375.68884
9400.0 374.8502
9600.0 373.62097
9800.0 372.32855
10000.0 371.45992
10200.0 371.39801
10400.0 372.05865
10600.0 372.99394
10800.0 373.84782
11000.0 374.49834
11200.0 374.92525
11400.0 375.21303
11600.0 375.52218
11800.0 376.02749
12000.0 376.71083
12200.0 377.51681
12400.0 378.3823
12600.0 379.03452
12800.0 379.13922
13000.0 378.46956
13200.0 377.11596
13400.0 375.49268
13600.0 374.11613
13800.0 373.28687
14000.0 373.03717
14200.0 373.31756
14400.0 373.84135
14600.0 374.25235
14800.0 374.39673
15000.0 374.43814
15200.0 374.41669
15400.0 374.39059
15600.0 374.48738
15800.0 374.81725
16000.0 375.42039
16200.0 376.12349
16400.0 376.75901
16600.0 377.21826
16800.0 377.35498
17000.0 377.09183
17200.0 376.53882
17400.0 375.87571
17600.0 375.29148
17800.0 374.91629
18000.0 374.75861
18200.0 374.64085
18400.0 374.0268
18600.0 372.58264
18800.0 370.58712
19000.0 368.77588
19200.0 367.84892
19400.0 368.09861
19600.0 369.40736
19800.0 371.28715
20000.0 373.17939
20200.0 374.63208
20400.0 375.55025
20600.0 376.25922
20800.0 376.95575
21000.0 377.83316
21200.0 378.71495
21400.0 379.32944
21600.0 379.4989
21800.0 379.13311
22000.0 378.2003
22200.0 376.81244
22400.0 375.28785
22600.0 373.92109
22800.0 372.71604
23000.0 371.61591
23200.0 370.66318
23400.0 370.03142
23600.0 369.85975
23800.0 370.25109
24000.0 371.26367
24200.0 372.67162
24400.0 374.02339
24600.0 375.02779
24800.0 375.69365
25000.0 376.12229
25200.0 376.32762
25400.0 376.44844
25600.0 376.48685
25800.0 376.37361
26000.0 376.05036
26200.0 375.59251
26400.0 375.15114
26600.0 374.89891
26800.0 374.75837
27000.0 374.38459
27200.0 373.61325
27400.0 372.55229
27600.0 371.29804
27800.0 370.11582
28000.0 369.55401
28200.0 370.12453
28400.0 371.84837
28600.0 374.11239
28800.0 375.98375
29000.0 376.73315
29200.0 376.22474
29400.0 374.97309
29600.0 373.85102
29800.0 373.30265
30000.0 373.34041
30200.0 373.72204
30400.0 374.13064
30600.0 374.5685
30800.0 375.08223
31000.0 375.43431
31200.0 375.54934
31400.0 375.47791
31600.0 375.29176
31800.0 375.29625
32000.0 375.59505
32200.0 376.22518
32400.0 377.0844
32600.0 377.781
32800.0 377.93185
33000.0 377.14945
33200.0 375.3387
33400.0 373.02273
33600.0 371.25267
33800.0 370.75015
34000.0 371.56435
34200.0 373.33253
34400.0 375.10891
34600.0 376.2648
34800.0 376.67903
35000.0 376.49534
35200.0 376.00358
35400.0 375.5632
35600.0 375.30754
35800.0 375.27779
36000.0 375.62511
36200.0 376.34777
36400.0 376.90562
36600.0 376.82067
36800.0 375.93807
37000.0 374.43723
37200.0 372.85368
37400.0 371.80202
37600.0 371.40283
37800.0 371.6082
38000.0 372.3518
38200.0 373.4827
38400.0 374.70193
38600.0 375.70167
38800.0 376.28796
39000.0 376.56677
39200.0 376.88578
39400.0 377.37904
39600.0 377.93728
39800.0 378.48695
40000.0 378.88909
40200.0 378.87599
40400.0 378.22416
40600.0 376.9529
40800.0 375.15143
41000.0 373.13321
41200.0 371.47148
41400.0 370.33439
41600.0 369.66469
41800.0 369.32058
42000.0 369.22649
42200.0 369.48711
42400.0 370.23546
42600.0 371.492
42800.0 373.12474
43000.0 374.81775
43200.0 376.30331
43400.0 377.31554
43600.0 377.80387
43800.0 377.83316
44000.0 377.67871
44200.0 377.33559
44400.0 376.75063
44600.0 376.03554
44800.0 375.36065
45000.0 374.80076
45200.0 374.43994
45400.0 374.11371
45600.0 373.66035
45800.0 373.11717
46000.0 372.50017
46200.0 371.62305
46400.0 370.36809
46600.0 368.97352
46800.0 367.91566
47000.0 367.64822
47200.0 368.89458
47400.0 371.93524
47600.0 375.08758
47800.0 376.87439
48000.0 377.43547
48200.0 377.25799
48400.0 376.7062
48600.0 376.15011
48800.0 375.72482
49000.0 375.33424
49200.0 374.93028
49400.0 374.57596
49600.0 374.20981
49800.0 373.7049
50000.0 373.05815
50200.0 372.39401
50400.0 371.82767
50600.0 371.46506
50800.0 371.56407
51000.0 372.5903
51200.0 374.81679
51400.0 377.56628
51600.0 379.64843
51800.0 380.57435
52000.0 380.48173
52200.0 379.81604
52400.0 379.07198
52600.0 378.34114
52800.0 377.84467
53000.0 377.57058
53200.0 377.25729
53400.0 376.66375
53600.0 375.71123
53800.0 374.51737
54000.0 373.28149
54200.0 372.28853
54400.0 371.70527
54600.0 371.55433
54800.0 371.84676
55000.0 372.5374
55200.0 373.47247
55400.0 374.55001
55600.0 375.71893
55800.0 377.07742
56000.0 378.51702
56200.0 379.71937
56400.0 380.43192
56600.0 380.56169
56800.0 380.12325
57000.0 379.3342
57200.0 378.39378
57400.0 377.29263
57600.0 375.90996
57800.0 374.23779
58000.0 372.53966
58200.0 371.20123
58400.0 370.4373
58600.0 370.24765
58800.0 370.5352
59000.0 371.14367
59200.0 371.96861
59400.0 372.89515
59600.0 373.86845
59800.0 374.91711
60000.0 375.96859
60200.0 376.88519
60400.0 377.615
60600.0 378.07935
60800.0 378.02795
61000.0 377.34604
61200.0 376.20894
61400.0 375.01449
61600.0 374.14177
61800.0 373.8517
62000.0 374.33222
62200.0 375.5454
62400.0 377.02743
62600.0 378.12359
62800.0 378.51239
63000.0 378.14652
63200.0 377.23435
63400.0 376.11792
63600.0 375.16743
63800.0 374.59958
64000.0 374.49577
64200.0 374.72242
64400.0 374.94312
64600.0 374.96071
64800.0 374.66457
65000.0 374.27904
65200.0 373.98441
65400.0 373.79825
65600.0 373.6866
65800.0 373.73821
66000.0 373.99718
66200.0 374.40842
66400.0 374.95919
66600.0 375.55244
66800.0 376.12898
67000.0 376.63834
67200.0 377.25207
67400.0 378.18652
67600.0 379.45292
67800.0 380.95156
68000.0 382.40174
68200.0 383.39804
68400.0 383.4604
68600.0 382.43623
68800.0 380.51485
69000.0 378.21759
69200.0 376.22394
69400.0 374.81628
69600.0 373.88137
69800.0 373.26979
70000.0 372.91078
70200.0 372.75419
70400.0 372.79142
70600.0 372.93226
70800.0 373.19265
71000.0 373.7206
71200.0 374.72687
71400.0 376.20628
71600.0 377.91401
71800.0 379.51711
72000.0 380.66361
72200.0 381.08647
72400.0 380.92897
72600.0 380.348
72800.0 379.51315
73000.0 378.343
73200.0 376.85389
73400.0 375.28971
73600.0 373.93024
73800.0 372.89096
74000.0 372.0817
74200.0 371.48807
74400.0 371.2661
74600.0 371.42327
74800.0 372.08263
75000.0 373.36221
75200.0 375.22856
75400.0 377.32104
75600.0 378.96443
75800.0 379.79679
76000.0 379.99861
76200.0 379.63235
76400.0 378.81825
76600.0 377.70151
76800.0 376.42964
77000.0 375.32851
77200.0 374.70042
77400.0 374.60321
77600.0 374.89777
77800.0 375.24821
78000.0 375.43422
78200.0 375.32436
78400.0 374.97583
78600.0 374.39925
78800.0 373.7676
79000.0 373.34029
79200.0 373.33128
79400.0 373.81509
79600.0 374.71815
79800.0 375.74264
80000.0 376.6569
80200.0 377.43567
80400.0 377.93046
80600.0 377.99106
80800.0 377.61531
81000.0 376.8854
81200.0 375.92463
81400.0 374.93168
81600.0 374.12267
81800.0 373.67778
82000.0 373.57346
82200.0 373.55584
82400.0 373.3662
82600.0 372.85204
82800.0 372.15682
83000.0 371.67976
83200.0 371.67277
83400.0 372.47443
83600.0 373.948
83800.0 375.75461
84000.0 377.3401
84200.0 378.28407
84400.0 378.67508
84600.0 379.03042
84800.0 379.58533
85000.0 380.13208
85200.0 380.37086
85400.0 380.14024
85600.0 379.43681
85800.0 378.09005
86000.0 375.93223
86200.0 373.45554
86400.0 371.50232
86600.0 370.51105
86800.0 370.25635
87000.0 370.39845
87200.0 370.69211
87400.0 370.98136
87600.0 371.30026
87800.0 371.73617
88000.0 372.32854
88200.0 373.07379
88400.0 373.96731
88600.0 375.05499
88800.0 376.1797
89000.0 377.25742
89200.0 378.18599
89400.0 378.87168
89600.0 379.38189
89800.0 379.87381
90000.0 380.41949
90200.0 380.91435
90400.0 381.15357
90600.0 380.69402
90800.0 379.15486
91000.0 376.50333
91200.0 373.54312
91400.0 371.59549
91600.0 370.97387
91800.0 371.17529
92000.0 371.68005
92200.0 372.14807
92400.0 372.4455
92600.0 372.61894
92800.0 372.85339
93000.0 373.27296
93200.0 373.88553
93400.0 374.62508
93600.0 375.43025
93800.0 376.26425
94000.0 377.02873
94200.0 377.72649
94400.0 378.43293
94600.0 379.13906
94800.0 379.97552
95000.0 381.13678
95200.0 382.56128
95400.0 383.76217
95600.0 384.19217
95800.0 383.5208
96000.0 381.65324
96200.0 378.98341
96400.0 376.55924
96600.0 374.87938
96800.0 373.782
97000.0 373.0537
97200.0 372.54519
97400.0 372.22577
97600.0 372.08593
97800.0 372.22822
98000.0 372.67472
98200.0 373.58409
98400.0 375.03603
98600.0 376.88548
98800.0 378.81454
99000.0 380.30304
99200.0 381.06404
99400.0 381.10177
99600.0 380.41537
99800.0 379.13036
100000.0 377.42626
