0.0 -4318.2716
200.0 -4313.7002
400.0 -4301.7481
600.0 -4291.2274
800.0 -4287.0201
1000.0 -4282.8694
1200.0 -4279.7208
1400.0 -4276.2567
1600.0 -4275.4802
1800.0 -4276.0886
2000.0 -4279.7897
2200.0 -4286.4642
2400.0 -4294.4618
2600.0 -4306.1342
2800.0 -4315.2695
3000.0 -4319.1132
3200.0 -4319.7296
3400.0 -4316.102
3600.0 -4310.4274
3800.0 -4303.8037
4000.0 -4298.7689
4200.0 -4296.239
4400.0 -4295.7849
4600.0 -4294.3308
4800.0 -4290.5763
5000.0 -4283.2394
5200.0 -4273.7795
5400.0 -4268.7447
5600.0 -4269.4666
5800.0 -4271.6974
6000.0 -4272.7496
6200.0 -4275.1597
6400.0 -4276.2529
6600.0 -4279.6625
6800.0 -4281.1237
7000.0 -4280.5527
7200.0 -4283.2346
7400.0 -4286.2914
7600.0 -4289.3999
7800.0 -4291.584
8000.0 -4293.7101
8200.0 -4297.8657
8400.0 -4304.0176
8600.0 -4306.4671
8800.0 -4306.62
9000.0 -4302.8998
9200.0 -4295.8191
9400.0 -4288.8705
9600.0 -4281.0473
9800.0 -4273.6943
10000.0 -4268.425
10200.0 -4265.0048
10400.0 -4264.5145
10600.0 -4265.5111
10800.0 -4269.554
11000.0 -4281.067
11200.0 -4297.7953
11400.0 -4302.4175
11600.0 -4303.018
11800.0 -4300.6038
12000.0 -4297.0578
12200.0 -4290.1096
12400.0 -4283.1178
12600.0 -4276.1338
12800.0 -4269.4113
13000.0 -4266.4606
13200.0 -4266.2269
13400.0 -4269.7974
13600.0 -4276.7661
13800.0 -4286.142
14000.0 -4292.9997
14200.0 -4295.6057
14400.0 -4294.6676
14600.0 -4294.6482
14800.0 -4292.4389
15000.0 -4289.1874
15200.0 -4287.963
15400.0 -4287.8001
15600.0 -4288.9103
15800.0 -4287.1643
16000.0 -4279.0339
16200.0 -4268.0965
16400.0 -4264.0599
16600.0 -4263.1132
16800.0 -4261.7465
17000.0 -4259.8111
17200.0 -4262.9288
17400.0 -4274.4415
17600.0 -4288.0386
17800.0 -4296.0841
18000.0 -4300.3285
18200.0 -4302.9891
18400.0 -4303.1218
18600.0 -4298.9681
18800.0 -4292.3311
19000.0 -4286.4025
19200.0 -4276.7123
19400.0 -4269.3418
19600.0 -4266.4941
19800.0 -4266.7383
20000.0 -4267.9307
20200.0 -4272.8102
20400.0 -4280.3002
20600.0 -4286.3747
20800.0 -4291.1713
21000.0 -4293.3679
21200.0 -4293.9326
21400.0 -4290.3271
21600.0 -4291.5287
21800.0 -4290.357
22000.0 -4286.7262
22200.0 -4281.5974
22400.0 -4268.1843
22600.0 -4254.7368
22800.0 -4250.0373
23000.0 -4253.0052
23200.0 -4259.1382
23400.0 -4265.2986
23600.0 -4270.7702
23800.0 -4277.6531
24000.0 -4284.4106
24200.0 -4287.8452
24400.0 -4290.9325
24600.0 -4294.2716
24800.0 -4294.6307
25000.0 -4293.7833
25200.0 -4288.9554
25400.0 -4286.1769
25600.0 -4284.9198
25800.0 -4281.2226
26000.0 -4272.2759
26200.0 -4260.699
26400.0 -4254.8297
26600.0 -4252.2021
26800.0 -4251.332
27000.0 -4254.7592
27200.0 -4263.2007
27400.0 -4273.7241
27600.0 -4282.0222
27800.0 -4288.05
28000.0 -4289.9494
28200.0 -4293.1589
28400.0 -4294.0772
28600.0 -4293.4843
28800.0 -4290.6198
29000.0 -4288.448
29200.0 -4283.9515
29400.0 -4275.5281
29600.0 -4265.7977
29800.0 -4258.5454
30000.0 -4254.7438
30200.0 -4257.4667
30400.0 -4264.0866
30600.0 -4272.7006
30800.0 -4282.5484
31000.0 -4291.4025
31200.0 -4301.4208
31400.0 -4306.9181
31600.0 -4307.7653
31800.0 -4305.9157
32000.0 -4299.8393
32200.0 -4295.4429
32400.0 -4288.6659
32600.0 -4281.7886
32800.0 -4277.2908
33000.0 -4273.8925
33200.0 -4271.7716
33400.0 -4269.7355
33600.0 -4268.5544
33800.0 -4274.1338
34000.0 -4290.0144
34200.0 -4301.3148
34400.0 -4305.151
34600.0 -4303.1613
34800.0 -4296.9732
35000.0 -4290.5319
35200.0 -4286.4655
35400.0 -4283.3507
35600.0 -4277.4905
35800.0 -4271.5949
36000.0 -4266.9199
36200.0 -4263.894
36400.0 -4266.3644
36600.0 -4272.9528
36800.0 -4283.2753
37000.0 -4294.3869
37200.0 -4302.1359
37400.0 -4309.21
37600.0 -4311.0541
37800.0 -4308.2593
38000.0 -4301.7692
38200.0 -4293.9128
38400.0 -4290.0186
38600.0 -4287.3514
38800.0 -4285.0302
39000.0 -4282.4413
39200.0 -4280.5345
39400.0 -4281.3012
39600.0 -4282.631
39800.0 -4282.3496
40000.0 -4279.1856
40200.0 -4276.3292
40400.0 -4276.7233
40600.0 -4278.8871
40800.0 -4281.6839
41000.0 -4283.3165
41200.0 -4283.8213
41400.0 -4286.5799
41600.0 -4291.2487
41800.0 -4299.6438
42000.0 -4311.2541
42200.0 -4319.5532
42400.0 -4323.1805
42600.0 -4321.2658
42800.0 -4315.715
43000.0 -4308.0349
43200.0 -4303.3419
43400.0 -4302.6745
43600.0 -4300.8494
43800.0 -4295.7907
44000.0 -4288.3465
44200.0 -4281.0552
44400.0 -4276.3999
44600.0 -4272.5885
44800.0 -4270.3242
45000.0 -4269.1907
45200.0 -4270.3585
45400.0 -4275.4312
45600.0 -4284.3589
45800.0 -4297.7652
46000.0 -4306.2166
46200.0 -4310.4763
46400.0 -4310.1935
46600.0 -4306.3847
46800.0 -4304.272
47000.0 -4299.12
47200.0 -4291.9472
47400.0 -4284.2459
47600.0 -4280.3558
47800.0 -4280.8155
48000.0 -4278.3871
48200.0 -4277.9789
48400.0 -4277.8499
48600.0 -4277.2308
48800.0 -4277.2264
49000.0 -4279.6464
49200.0 -4287.2935
49400.0 -4296.0891
49600.0 -4304.1436
49800.0 -4313.0126
50000.0 -4319.2137
50200.0 -4322.029
50400.0 -4316.6608
50600.0 -4308.5604
50800.0 -4302.9866
51000.0 -4298.3892
51200.0 -4295.9108
51400.0 -4292.6412
51600.0 -4288.284
51800.0 -4284.7334
52000.0 -4282.1718
52200.0 -4280.7338
52400.0 -4277.8586
52600.0 -4277.5729
52800.0 -4271.5123
53000.0 -4261.1601
53200.0 -4254.7775
53400.0 -4252.7919
53600.0 -4251.7855
53800.0 -4253.1514
54000.0 -4260.1131
54200.0 -4275.3993
54400.0 -4286.4771
54600.0 -4290.4293
54800.0 -4289.8811
55000.0 -4288.8311
55200.0 -4286.8893
55400.0 -4284.124
55600.0 -4281.9965
55800.0 -4278.4901
56000.0 -4274.0459
56200.0 -4268.9547
56400.0 -4264.8797
56600.0 -4258.7621
56800.0 -4253.1273
57000.0 -4250.8303
57200.0 -4254.7335
57400.0 -4266.3315
57600.0 -4280.5979
57800.0 -4286.0457
58000.0 -4288.4269
58200.0 -4291.2704
58400.0 -4293.6656
58600.0 -4295.294
58800.0 -4293.3489
59000.0 -4293.4315
59200.0 -4293.2612
59400.0 -4289.2714
59600.0 -4282.8826
59800.0 -4274.4969
60000.0 -4267.9959
60200.0 -4263.7792
60400.0 -4262.4271
60600.0 -4259.9279
60800.0 -4253.2364
61000.0 -4248.5204
61200.0 -4249.9482
61400.0 -4260.5132
61600.0 -4272.1876
61800.0 -4282.1121
62000.0 -4287.2748
62200.0 -4290.0508
62400.0 -4293.1125
62600.0 -4294.3627
62800.0 -4293.0467
63000.0 -4286.5178
63200.0 -4283.653
63400.0 -4282.4059
63600.0 -4279.8473
63800.0 -4274.3819
64000.0 -4265.2859
64200.0 -4259.779
64400.0 -4257.2747
64600.0 -4259.6028
64800.0 -4265.7198
65000.0 -4275.2655
65200.0 -4284.7281
65400.0 -4291.9686
65600.0 -4293.5788
65800.0 -4291.9267
66000.0 -4291.2482
66200.0 -4291.2982
66400.0 -4292.9353
66600.0 -4294.4583
66800.0 -4295.6814
67000.0 -4294.564
67200.0 -4291.2049
67400.0 -4285.7123
67600.0 -4276.5949
67800.0 -4267.6474
68000.0 -4261.2907
68200.0 -4259.8654
68400.0 -4262.0614
68600.0 -4270.0846
68800.0 -4278.7331
69000.0 -4283.8355
69200.0 -4287.0102
69400.0 -4290.6437
69600.0 -4290.58
69800.0 -4286.5323
70000.0 -4284.4037
70200.0 -4283.7169
70400.0 -4286.0841
70600.0 -4286.8177
70800.0 -4287.651
71000.0 -4288.9156
71200.0 -4288.9827
71400.0 -4290.0862
71600.0 -4290.2197
71800.0 -4288.4639
72000.0 -4287.6942
72200.0 -4288.3201
72400.0 -4288.7584
72600.0 -4288.4297
72800.0 -4286.8551
73000.0 -4286.934
73200.0 -4288.4615
73400.0 -4289.9773
73600.0 -4289.0355
73800.0 -4288.1537
74000.0 -4289.2925
74200.0 -4288.4349
74400.0 -4286.7428
74600.0 -4281.9546
74800.0 -4277.6433
75000.0 -4274.5788
75200.0 -4273.4455
75400.0 -4279.1275
75600.0 -4287.6186
75800.0 -4292.8198
76000.0 -4293.217
76200.0 -4294.7023
76400.0 -4296.4659
76600.0 -4299.0372
76800.0 -4299.1755
77000.0 -4295.664
77200.0 -4289.9384
77400.0 -4283.2118
77600.0 -4275.9023
77800.0 -4269.2616
78000.0 -4266.6724
78200.0 -4265.2973
78400.0 -4264.94
78600.0 -4268.5428
78800.0 -4277.77
79000.0 -4290.6889
79200.0 -4300.4833
79400.0 -4302.8542
79600.0 -4302.3163
79800.0 -4303.3726
80000.0 -4301.329
80200.0 -4298.2152
80400.0 -4291.1141
80600.0 -4283.0176
80800.0 -4275.4741
81000.0 -4271.3477
81200.0 -4269.6381
81400.0 -4267.6374
81600.0 -4268.1429
81800.0 -4271.8188
82000.0 -4277.3101
82200.0 -4285.0019
82400.0 -4292.879
82600.0 -4296.4366
82800.0 -4295.8917
83000.0 -4293.379
83200.0 -4288.3353
83400.0 -4284.1309
83600.0 -4280.847
83800.0 -4279.4782
84000.0 -4276.0858
84200.0 -4268.265
84400.0 -4262.2316
84600.0 -4260.4228
84800.0 -4259.7162
85000.0 -4258.6279
85200.0 -4264.2698
85400.0 -4275.0707
85600.0 -4284.5883
85800.0 -4288.6826
86000.0 -4291.4182
86200.0 -4292.7043
86400.0 -4292.3545
86600.0 -4289.7029
86800.0 -4290.3462
87000.0 -4292.7406
87200.0 -4293.8484
87400.0 -4293.267
87600.0 -4291.2157
87800.0 -4288.3978
88000.0 -4284.0447
88200.0 -4278.929
88400.0 -4272.9994
88600.0 -4266.0713
88800.0 -4262.2977
89000.0 -4261.7892
89200.0 -4267.274
89400.0 -4276.043
89600.0 -4285.9867
89800.0 -4293.5756
90000.0 -4296.3997
90200.0 -4299.2874
90400.0 -4300.3656
90600.0 -4301.2426
90800.0 -4301.583
91000.0 -4300.5701
91200.0 -4297.9727
91400.0 -4291.7079
91600.0 -4283.286
91800.0 -4277.3471
92000.0 -4274.3446
92200.0 -4274.9907
92400.0 -4276.3945
92600.0 -4277.4691
92800.0 -4279.8018
93000.0 -4284.0084
93200.0 -4288.9036
93400.0 -4289.0053
93600.0 -4288.7232
93800.0 -4289.232
94000.0 -4289.4789
94200.0 -4294.9135
94400.0 -4299.2829
94600.0 -4302.1118
94800.0 -4301.0108
95000.0 -4299.8225
95200.0 -4298.2573
95400.0 -4295.6927
95600.0 -4290.6424
95800.0 -4282.4997
96000.0 -4274.9619
96200.0 -4270.2357
96400.0 -4267.3756
96600.0 -4265.8584
96800.0 -4266.1341
97000.0 -4270.9379
97200.0 -4284.9958
97400.0 -4298.4771
97600.0 -4304.7252
97800.0 -4305.9081
98000.0 -4303.2679
98200.0 -4300.101
98400.0 -4294.4877
98600.0 -4286.1038
98800.0 -4278.2095
99000.0 -4274.4378
99200.0 -4272.2287
99400.0 -4273.4631
99600.0 -4275.914
99800.0 -4280.129
100000.0 -4284.9219
