0.0 231.99886
200.0 231.27826
400.0 228.9612
600.0 224.82867
800.0 220.1196
1000.0 218.50594
1200.0 220.17558
1400.0 225.15099
1600.0 230.95292
1800.0 233.8583
2000.0 233.41645
2200.0 231.22702
2400.0 228.54014
2600.0 226.46391
2800.0 225.22048
3000.0 225.21944
3200.0 226.26476
3400.0 228.50966
3600.0 231.58353
3800.0 234.85877
4000.0 236.60201
4200.0 236.14412
4400.0 232.2048
4600.0 225.08222
4800.0 220.91073
5000.0 220.79127
5200.0 224.15822
5400.0 229.1006
5600.0 233.10484
5800.0 234.44742
6000.0 232.63376
6200.0 228.26481
6400.0 223.81258
6600.0 221.9016
6800.0 222.42892
7000.0 224.22371
7200.0 226.30485
7400.0 228.38619
7600.0 229.78543
7800.0 230.11747
8000.0 229.24417
8200.0 227.61655
8400.0 225.31609
8600.0 223.461
8800.0 223.40902
9000.0 226.05307
9200.0 230.52048
9400.0 234.36791
9600.0 235.7931
9800.0 234.49608
10000.0 230.78549
10200.0 227.00484
10400.0 225.10649
10600.0 224.64799
10800.0 225.73537
11000.0 227.41984
11200.0 228.8401
11400.0 230.56752
11600.0 230.51321
11800.0 229.17339
12000.0 226.20025
12200.0 222.56376
12400.0 220.14938
12600.0 221.49495
12800.0 225.87986
13000.0 231.74579
13200.0 235.47783
13400.0 236.03181
13600.0 233.28825
13800.0 228.65944
14000.0 225.14296
14200.0 223.69156
14400.0 224.10332
14600.0 225.99009
14800.0 228.68233
15000.0 231.43207
15200.0 232.85657
15400.0 231.66902
15600.0 227.91586
15800.0 221.87004
16000.0 217.53977
16200.0 217.51077
16400.0 220.77627
16600.0 224.66388
16800.0 228.10759
17000.0 230.48053
17200.0 231.27564
17400.0 229.40425
17600.0 226.45559
17800.0 222.93013
18000.0 221.21764
18200.0 222.97903
18400.0 228.12174
18600.0 231.29135
18800.0 232.6054
19000.0 231.79103
19200.0 229.86819
19400.0 228.00289
19600.0 226.30449
19800.0 225.88339
20000.0 226.43369
20200.0 227.461
20400.0 228.06781
20600.0 226.05517
20800.0 222.92967
21000.0 221.00246
21200.0 221.44972
21400.0 222.98448
21600.0 225.65819
21800.0 227.4708
22000.0 227.4214
22200.0 226.2204
22400.0 225.61886
22600.0 226.11849
22800.0 227.57036
23000.0 229.3793
23200.0 230.77421
23400.0 231.30222
23600.0 230.55552
23800.0 227.86976
24000.0 223.17408
24200.0 220.04631
24400.0 220.66752
24600.0 223.69497
24800.0 227.49805
25000.0 230.17811
25200.0 230.76952
25400.0 229.64977
25600.0 227.67116
25800.0 226.16122
26000.0 225.38757
26200.0 225.81018
26400.0 226.59053
26600.0 227.50707
26800.0 228.28158
27000.0 228.54403
27200.0 228.70648
27400.0 228.47449
27600.0 228.0506
27800.0 227.4589
28000.0 227.26339
28200.0 227.00627
28400.0 228.42833
28600.0 231.76281
28800.0 234.55118
29000.0 235.0478
29200.0 232.89173
29400.0 228.84132
29600.0 224.78594
29800.0 223.0389
30000.0 223.89325
30200.0 227.02283
30400.0 231.25609
30600.0 234.5927
30800.0 235.163
31000.0 231.03044
31200.0 224.83802
31400.0 221.37445
31600.0 220.53355
31800.0 222.75184
32000.0 225.96489
32200.0 229.37723
32400.0 231.27154
32600.0 231.35394
32800.0 229.93619
33000.0 227.42658
33200.0 224.74124
33400.0 222.98357
33600.0 224.07543
33800.0 229.43694
34000.0 234.87156
34200.0 236.7425
34400.0 235.49439
34600.0 232.37038
34800.0 228.90926
35000.0 227.06274
35200.0 226.82859
35400.0 227.49251
35600.0 228.65708
35800.0 229.41094
36000.0 228.52256
36200.0 226.63435
36400.0 222.84883
36600.0 219.43978
36800.0 218.00034
37000.0 219.99573
37200.0 226.77301
37400.0 231.86758
37600.0 232.63895
37800.0 230.54049
38000.0 226.06094
38200.0 222.90933
38400.0 222.14654
38600.0 224.86611
38800.0 229.6892
39000.0 233.22556
39200.0 234.51084
39400.0 233.96914
39600.0 231.19599
39800.0 229.29079
40000.0 227.63573
40200.0 227.08994
40400.0 227.45051
40600.0 228.04261
40800.0 228.66497
41000.0 228.92528
41200.0 228.3666
41400.0 226.46542
41600.0 222.69568
41800.0 219.01467
42000.0 217.95025
42200.0 220.43807
42400.0 226.04568
42600.0 230.89949
42800.0 232.17056
43000.0 230.86574
43200.0 227.83482
43400.0 224.88285
43600.0 223.44285
43800.0 224.44492
44000.0 228.07082
44200.0 232.44207
44400.0 234.60199
44600.0 234.19974
44800.0 232.03193
45000.0 229.83241
45200.0 227.91341
45400.0 227.43121
45600.0 227.67606
45800.0 228.79227
46000.0 230.38082
46200.0 231.34663
46400.0 229.62874
46600.0 225.91204
46800.0 223.46637
47000.0 222.93472
47200.0 223.33992
47400.0 224.24524
47600.0 225.23058
47800.0 225.86162
48000.0 226.42631
48200.0 226.66486
48400.0 227.04851
48600.0 227.83492
48800.0 228.34029
49000.0 229.44699
49200.0 229.88561
49400.0 230.16154
49600.0 229.89706
49800.0 228.23719
50000.0 225.28388
50200.0 220.6048
50400.0 219.46753
50600.0 222.00356
50800.0 225.16427
51000.0 227.77352
51200.0 228.93774
51400.0 228.91175
51600.0 227.95824
51800.0 227.05591
52000.0 226.94325
52200.0 228.69615
52400.0 232.10298
52600.0 235.5329
52800.0 235.37266
53000.0 232.88234
53200.0 229.35909
53400.0 226.31233
53600.0 225.20854
53800.0 226.00703
54000.0 227.98923
54200.0 229.84907
54400.0 231.05491
54600.0 230.85893
54800.0 229.76999
55000.0 227.79306
55200.0 225.79455
55400.0 224.25322
55600.0 223.94823
55800.0 224.96282
56000.0 229.07775
56200.0 233.9964
56400.0 234.99569
56600.0 232.66592
56800.0 229.25739
57000.0 226.73891
57200.0 225.64237
57400.0 226.38651
57600.0 228.56474
57800.0 230.79444
58000.0 232.26322
58200.0 229.91746
58400.0 225.87082
58600.0 223.18758
58800.0 222.61122
59000.0 223.83805
59200.0 226.26407
59400.0 228.73053
59600.0 230.9501
59800.0 231.27747
60000.0 230.0232
60200.0 227.80603
60400.0 226.19842
60600.0 226.60271
60800.0 229.71392
61000.0 233.36649
61200.0 235.3001
61400.0 234.81857
61600.0 232.04138
61800.0 228.40894
62000.0 226.13322
62200.0 225.71612
62400.0 226.70641
62600.0 227.86059
62800.0 228.73649
63000.0 229.12229
63200.0 228.41955
63400.0 226.55113
63600.0 223.3983
63800.0 220.53516
64000.0 219.80741
64200.0 222.06609
64400.0 226.84539
64600.0 231.69081
64800.0 233.82688
65000.0 232.72981
65200.0 228.74548
65400.0 223.81906
65600.0 220.91716
65800.0 221.71841
66000.0 226.01784
66200.0 230.28241
66400.0 232.19239
66600.0 232.63327
66800.0 231.4682
67000.0 229.80066
67200.0 227.59224
67400.0 226.0908
67600.0 225.65031
67800.0 226.02629
68000.0 226.87997
68200.0 227.75509
68400.0 228.26656
68600.0 228.33942
68800.0 227.93453
69000.0 227.12228
69200.0 226.8716
69400.0 226.91286
69600.0 227.93525
69800.0 229.37223
70000.0 230.59122
70200.0 231.18774
70400.0 231.3193
70600.0 230.84405
70800.0 229.51983
71000.0 227.16775
71200.0 224.87711
71400.0 224.83253
71600.0 226.38793
71800.0 227.35453
72000.0 227.67642
72200.0 227.75303
72400.0 226.95704
72600.0 226.68658
72800.0 227.18164
73000.0 230.18826
73200.0 233.7651
73400.0 234.4541
73600.0 232.79019
73800.0 229.93952
74000.0 227.2642
74200.0 225.61195
74400.0 225.22034
74600.0 225.84168
74800.0 226.43367
75000.0 225.87156
75200.0 224.26015
75400.0 223.07956
75600.0 222.96003
75800.0 224.28244
76000.0 226.49679
76200.0 229.45264
76400.0 230.73772
76600.0 231.36884
76800.0 229.94508
77000.0 228.66847
77200.0 228.30931
77400.0 230.09101
77600.0 233.33856
77800.0 236.52294
78000.0 236.61334
78200.0 233.9238
78400.0 229.34169
78600.0 226.22957
78800.0 226.021
79000.0 227.52992
79200.0 229.59058
79400.0 230.55261
79600.0 229.75074
79800.0 227.6505
80000.0 224.82063
80200.0 222.34079
80400.0 221.10736
80600.0 221.73386
80800.0 226.24808
81000.0 231.69826
81200.0 233.84056
81400.0 232.98821
81600.0 229.83685
81800.0 226.63644
82000.0 224.07899
82200.0 223.46927
82400.0 225.09139
82600.0 228.92925
82800.0 234.04037
83000.0 237.26334
83200.0 236.77713
83400.0 232.12756
83600.0 225.5593
83800.0 222.28633
84000.0 222.57067
84200.0 224.86442
84400.0 228.23326
84600.0 231.51509
84800.0 233.31733
85000.0 232.60886
85200.0 229.16347
85400.0 224.51748
85600.0 220.73393
85800.0 219.47915
86000.0 221.0872
86200.0 223.65888
86400.0 225.74613
86600.0 227.5861
86800.0 229.38373
87000.0 230.89948
87200.0 231.16958
87400.0 230.07489
87600.0 227.31553
87800.0 224.18166
88000.0 222.08101
88200.0 221.96682
88400.0 224.63949
88600.0 230.02819
88800.0 234.90196
89000.0 235.39714
89200.0 232.72456
89400.0 228.59175
89600.0 225.09604
89800.0 223.39862
90000.0 224.38901
90200.0 227.27583
90400.0 231.02577
90600.0 233.86433
90800.0 234.61387
91000.0 232.37562
91200.0 227.48155
91400.0 224.86943
91600.0 224.91374
91800.0 225.85074
92000.0 227.32795
92200.0 228.63558
92400.0 229.55157
92600.0 229.70862
92800.0 229.55369
93000.0 228.62999
93200.0 227.53972
93400.0 226.69941
93600.0 226.37433
93800.0 227.02015
94000.0 228.71621
94200.0 231.05127
94400.0 232.92892
94600.0 232.99092
94800.0 231.22335
95000.0 227.12537
95200.0 223.3652
95400.0 221.68656
95600.0 222.79255
95800.0 226.74507
96000.0 232.2101
96200.0 236.59569
96400.0 237.38992
96600.0 231.51703
96800.0 222.76923
97000.0 218.39552
97200.0 217.96035
97400.0 221.22856
97600.0 225.75693
97800.0 229.40549
98000.0 231.28452
98200.0 231.82029
98400.0 230.76518
98600.0 228.50426
98800.0 226.08212
99000.0 224.04277
99200.0 223.24423
99400.0 224.0329
99600.0 227.10731
99800.0 231.73684
100000.0 235.61563
