0.0 29.448323
200.0 30.968834
400.0 29.880678
600.0 31.042147
800.0 31.245608
1000.0 31.30321
1200.0 31.382959
1400.0 30.239674
1600.0 31.631576
1800.0 31.076619
2000.0 31.394032
2200.0 30.641506
2400.0 31.711322
2600.0 30.899852
2800.0 31.425
3000.0 29.763325
3200.0 30.445519
3400.0 31.227874
3600.0 30.370964
3800.0 30.0513
4000.0 31.585285
4200.0 30.383176
4400.0 31.421766
4600.0 30.997602
4800.0 31.448084
5000.0 31.556564
5200.0 30.741114
5400.0 31.468637
5600.0 31.536553
5800.0 30.253217
6000.0 30.279383
6200.0 30.94435
6400.0 30.970123
6600.0 30.644093
6800.0 30.25111
7000.0 31.628396
7200.0 31.817079
7400.0 31.122474
7600.0 32.116525
7800.0 31.062608
8000.0 31.705774
8200.0 30.900215
8400.0 31.39153
8600.0 30.732444
8800.0 30.722272
9000.0 30.38855
9200.0 31.137242
9400.0 30.571926
9600.0 31.404984
9800.0 30.969643
10000.0 30.442563
10200.0 31.527906
10400.0 31.992467
10600.0 31.898167
10800.0 31.302878
11000.0 31.521275
11200.0 32.030149
11400.0 31.221162
11600.0 30.435755
11800.0 31.512539
12000.0 30.938996
12200.0 30.962121
12400.0 30.438641
12600.0 31.014324
12800.0 30.525794
13000.0 31.409877
13200.0 30.929491
13400.0 31.671493
13600.0 31.79684
13800.0 31.7364
14000.0 31.727325
14200.0 30.9577
14400.0 31.053053
14600.0 31.96172
14800.0 30.048949
15000.0 30.90344
15200.0 31.062763
15400.0 30.203686
15600.0 31.183123
15800.0 30.359368
16000.0 31.245481
16200.0 30.581173
16400.0 31.751697
16600.0 31.358438
16800.0 31.795319
17000.0 31.061681
17200.0 30.779307
17400.0 30.6592
17600.0 31.100659
17800.0 30.006112
18000.0 30.511156
18200.0 30.214036
18400.0 30.727574
18600.0 30.514916
18800.0 31.480946
19000.0 30.667838
19200.0 31.22147
19400.0 31.330345
19600.0 31.019851
19800.0 31.579775
20000.0 30.543458
20200.0 31.677341
20400.0 30.311886
20600.0 30.834114
20800.0 30.327827
21000.0 29.818511
21200.0 30.700736
21400.0 29.806077
21600.0 30.513812
21800.0 30.598036
22000.0 31.375742
22200.0 31.138176
22400.0 30.324133
22600.0 30.927426
22800.0 31.522134
23000.0 30.715799
23200.0 31.338393
23400.0 31.510397
23600.0 30.92534
23800.0 31.043935
24000.0 31.889655
24200.0 31.25534
24400.0 30.755267
24600.0 31.24064
24800.0 31.162992
25000.0 30.420499
25200.0 30.167695
25400.0 31.322903
25600.0 30.274811
25800.0 30.416287
26000.0 31.023287
26200.0 31.809446
26400.0 30.893743
26600.0 31.143203
26800.0 31.437413
27000.0 31.39631
27200.0 31.602992
27400.0 31.232664
27600.0 31.054808
27800.0 30.724768
28000.0 30.845045
28200.0 31.072502
28400.0 30.9439
28600.0 30.506153
28800.0 31.060955
29000.0 31.347991
29200.0 30.386451
29400.0 31.018042
29600.0 31.500678
29800.0 30.980356
30000.0 31.022435
30200.0 32.7586
30400.0 31.64995
30600.0 31.725528
30800.0 31.383046
31000.0 31.61597
31200.0 31.493133
31400.0 30.704129
31600.0 31.261763
31800.0 30.994217
32000.0 31.066814
32200.0 31.382492
32400.0 30.281014
32600.0 30.743733
32800.0 30.76537
33000.0 30.772809
33200.0 30.963503
33400.0 30.641088
33600.0 31.385378
33800.0 32.171253
34000.0 31.0321
34200.0 31.499276
34400.0 31.330624
34600.0 31.206453
34800.0 31.236749
35000.0 31.147888
35200.0 30.848378
35400.0 30.502094
35600.0 30.374664
35800.0 30.871399
36000.0 30.174976
36200.0 31.632012
36400.0 30.560448
36600.0 31.164876
36800.0 31.52162
37000.0 30.990145
37200.0 30.680789
37400.0 32.437375
37600.0 31.58278
37800.0 30.957288
38000.0 32.156733
38200.0 30.405588
38400.0 30.997581
38600.0 30.984887
38800.0 30.079799
39000.0 30.875891
39200.0 30.542986
39400.0 30.594484
39600.0 30.73187
39800.0 31.484878
40000.0 31.33713
40200.0 31.657941
40400.0 30.813774
40600.0 31.471338
40800.0 31.847423
41000.0 30.687818
41200.0 31.03231
41400.0 31.521163
41600.0 30.497325
41800.0 31.046659
42000.0 31.058781
42200.0 30.866615
42400.0 30.318045
42600.0 31.438684
42800.0 31.25176
43000.0 30.578379
43200.0 31.602362
43400.0 31.488222
43600.0 31.095362
43800.0 31.970634
44000.0 31.730893
44200.0 32.357893
44400.0 31.010599
44600.0 31.032778
44800.0 30.732458
45000.0 32.013472
45200.0 30.044463
45400.0 31.20786
45600.0 30.395152
45800.0 30.841761
46000.0 31.232439
46200.0 31.183311
46400.0 29.818605
46600.0 32.409841
46800.0 31.514515
47000.0 30.778693
47200.0 32.443181
47400.0 31.982834
47600.0 31.216713
47800.0 31.112599
48000.0 31.745613
48200.0 30.909271
48400.0 31.092763
48600.0 30.676446
48800.0 31.104484
49000.0 30.258689
49200.0 31.22137
49400.0 31.08259
49600.0 31.222234
49800.0 31.417335
50000.0 31.120392
50200.0 32.059919
50400.0 31.814722
50600.0 31.667294
50800.0 32.372442
51000.0 30.521623
51200.0 30.647265
51400.0 31.636355
51600.0 30.641345
51800.0 30.485176
52000.0 31.227966
52200.0 30.985002
52400.0 30.860784
52600.0 30.577066
52800.0 31.548424
53000.0 30.517132
53200.0 30.873481
53400.0 32.545514
53600.0 31.409252
53800.0 31.514947
54000.0 31.229066
54200.0 31.684199
54400.0 30.569403
54600.0 31.197195
54800.0 31.043533
55000.0 30.470428
55200.0 30.040786
55400.0 31.703471
55600.0 30.707098
55800.0 30.836416
56000.0 31.54708
56200.0 31.081063
56400.0 31.074387
56600.0 31.593072
56800.0 30.748878
57000.0 30.976481
57200.0 30.747656
57400.0 30.35393
57600.0 30.980286
57800.0 30.133756
58000.0 30.307837
58200.0 31.035365
58400.0 30.924257
58600.0 31.50166
58800.0 30.80291
59000.0 31.811034
59200.0 30.586875
59400.0 30.952008
59600.0 32.009979
59800.0 31.376948
60000.0 31.127706
60200.0 31.244351
60400.0 30.832655
60600.0 31.299718
60800.0 30.093243
61000.0 31.162193
61200.0 31.607164
61400.0 30.647688
61600.0 30.488319
61800.0 31.706025
62000.0 30.90501
62200.0 31.31622
62400.0 31.959866
62600.0 31.54424
62800.0 31.897804
63000.0 31.186983
63200.0 31.819949
63400.0 31.203441
63600.0 30.863556
63800.0 31.014207
64000.0 30.203847
64200.0 31.219373
64400.0 31.093408
64600.0 30.518477
64800.0 30.654488
65000.0 31.115119
65200.0 31.971819
65400.0 31.548637
65600.0 31.597907
65800.0 31.249889
66000.0 31.734486
66200.0 30.748381
66400.0 31.531055
66600.0 30.121159
66800.0 30.732903
67000.0 31.057285
67200.0 30.275264
67400.0 30.435715
67600.0 29.914088
67800.0 31.974179
68000.0 31.475541
68200.0 30.817931
68400.0 31.308343
68600.0 31.118435
68800.0 31.398393
69000.0 30.956865
69200.0 30.974207
69400.0 30.968375
69600.0 30.081807
69800.0 30.316803
70000.0 30.503637
70200.0 30.188381
70400.0 30.504533
70600.0 30.334559
70800.0 30.795071
71000.0 31.191584
71200.0 30.784821
71400.0 31.238685
71600.0 31.240812
71800.0 31.104009
72000.0 31.128714
72200.0 31.508804
72400.0 30.341705
72600.0 30.393759
72800.0 30.771759
73000.0 30.387108
73200.0 30.312562
73400.0 30.185753
73600.0 30.746823
73800.0 31.236223
74000.0 29.505804
74200.0 31.82142
74400.0 31.012985
74600.0 31.063425
74800.0 31.752363
75000.0 31.04579
75200.0 30.889633
75400.0 30.760104
75600.0 30.611119
75800.0 30.233243
76000.0 30.911694
76200.0 31.634035
76400.0 30.528535
76600.0 30.777139
76800.0 31.15552
77000.0 31.264597
77200.0 31.971008
77400.0 31.183767
77600.0 31.284796
77800.0 31.407689
78000.0 31.031365
78200.0 31.387507
78400.0 30.457604
78600.0 31.019433
78800.0 30.431288
79000.0 30.302187
79200.0 30.585163
79400.0 31.458797
79600.0 30.296608
79800.0 31.468811
80000.0 30.534304
80200.0 31.514081
80400.0 31.414571
80600.0 30.476679
80800.0 32.701298
81000.0 31.845138
81200.0 32.317991
81400.0 31.851401
81600.0 31.493815
81800.0 31.56847
82000.0 31.9986
82200.0 30.90616
82400.0 30.955426
82600.0 30.951924
82800.0 30.765078
83000.0 30.915801
83200.0 30.526678
83400.0 31.290198
83600.0 31.359726
83800.0 30.51029
84000.0 31.052389
84200.0 31.004675
84400.0 31.419179
84600.0 30.810793
84800.0 31.701367
85000.0 31.804556
85200.0 32.114917
85400.0 30.696409
85600.0 30.801149
85800.0 30.863972
86000.0 31.421297
86200.0 30.413243
86400.0 30.414279
86600.0 30.697316
86800.0 31.098093
87000.0 30.535437
87200.0 30.541511
87400.0 30.894179
87600.0 30.739418
87800.0 31.75228
88000.0 31.137851
88200.0 30.084677
88400.0 32.425413
88600.0 30.699946
88800.0 30.632269
89000.0 31.272235
89200.0 31.065107
89400.0 30.94032
89600.0 31.256804
89800.0 30.682911
90000.0 31.297488
90200.0 30.678343
90400.0 30.084079
90600.0 31.597228
90800.0 31.47854
91000.0 31.154597
91200.0 31.179874
91400.0 31.406992
91600.0 32.405126
91800.0 30.968735
92000.0 31.320694
92200.0 31.353756
92400.0 30.598939
92600.0 31.195477
92800.0 29.967711
93000.0 30.601866
93200.0 30.919167
93400.0 30.635199
93600.0 31.828649
93800.0 30.355871
94000.0 30.713695
94200.0 31.808463
94400.0 31.124075
94600.0 30.226039
94800.0 32.133339
95000.0 31.21926
95200.0 31.135927
95400.0 30.517607
95600.0 31.814146
95800.0 31.017747
96000.0 31.541773
96200.0 30.552019
96400.0 31.208555
96600.0 31.028193
96800.0 30.204755
97000.0 30.727715
97200.0 30.673667
97400.0 30.045199
97600.0 30.588634
97800.0 31.670783
98000.0 30.911644
98200.0 31.390466
98400.0 31.782686
98600.0 30.881368
98800.0 31.582398
99000.0 30.961957
99200.0 30.945591
99400.0 31.219084
99600.0 30.421574
99800.0 30.514759
100000.0 30.70578
