0.0 0.0056755238
200.0 0.0057005996
400.0 0.0057433923
600.0 0.0057871157
800.0 0.0058174398
1000.0 0.0058228955
1200.0 0.0058075191
1400.0 0.0057946738
1600.0 0.005808813
1800.0 0.005853335
2000.0 0.0059166847
2200.0 0.0059779113
2400.0 0.0060155771
2600.0 0.0060171457
2800.0 0.0059837456
3000.0 0.0059315418
3200.0 0.0058794185
3400.0 0.0058461557
3600.0 0.005836219
3800.0 0.0058424731
4000.0 0.0058561909
4200.0 0.0058731937
4400.0 0.0058905824
4600.0 0.0059065889
4800.0 0.0059208753
5000.0 0.0059353435
5200.0 0.0059477688
5400.0 0.0059542028
5600.0 0.0059607306
5800.0 0.0059679625
6000.0 0.0059696565
6200.0 0.0059610158
6400.0 0.0059241701
6600.0 0.0058505654
6800.0 0.0057481909
7000.0 0.0056524592
7200.0 0.0055978987
7400.0 0.0055927673
7600.0 0.0056308917
7800.0 0.0057033767
8000.0 0.0057894848
8200.0 0.0058648512
8400.0 0.0059143289
8600.0 0.0059332183
8800.0 0.0059290333
9000.0 0.0059100026
9200.0 0.005883831
9400.0 0.005858541
9600.0 0.0058453434
9800.0 0.0058462919
10000.0 0.0058625407
10200.0 0.0058875985
10400.0 0.0059015113
10600.0 0.0058914347
10800.0 0.0058523135
11000.0 0.0057934323
11200.0 0.0057332714
11400.0 0.0056941382
11600.0 0.0056961322
11800.0 0.0057444634
12000.0 0.0058307322
12200.0 0.0059273137
12400.0 0.006002486
12600.0 0.006037542
12800.0 0.0060359778
13000.0 0.0060153813
13200.0 0.0059931515
13400.0 0.0059740465
13600.0 0.0059609088
13800.0 0.0059539091
14000.0 0.0059445834
14200.0 0.0059274625
14400.0 0.00589856
14600.0 0.0058566098
14800.0 0.005813855
15000.0 0.0057849372
15200.0 0.005775373
15400.0 0.0057843142
15600.0 0.0058075442
15800.0 0.0058396224
16000.0 0.0058694816
16200.0 0.005894965
16400.0 0.0059152173
16600.0 0.0059248758
16800.0 0.0059204451
17000.0 0.0059122091
17200.0 0.0059031923
17400.0 0.0058916392
17600.0 0.0058767491
17800.0 0.0058623314
18000.0 0.0058360307
18200.0 0.0057847329
18400.0 0.0057090699
18600.0 0.005635593
18800.0 0.0055912016
19000.0 0.0055880723
19200.0 0.0056232814
19400.0 0.0056969362
19600.0 0.0057890386
19800.0 0.0058655833
20000.0 0.0059001861
20200.0 0.0058935214
20400.0 0.0058610654
20600.0 0.0058227086
20800.0 0.0058008166
21000.0 0.005805119
21200.0 0.0058318859
21400.0 0.0058719889
21600.0 0.0059095962
21800.0 0.0059287619
22000.0 0.0059236658
22200.0 0.0059027254
22400.0 0.005879056
22600.0 0.0058679851
22800.0 0.0058769554
23000.0 0.0059076881
23200.0 0.0059649206
23400.0 0.0060395569
23600.0 0.0061073154
23800.0 0.0061336688
24000.0 0.0061013971
24200.0 0.0060253133
24400.0 0.0059437316
24600.0 0.0058781622
24800.0 0.0058393182
25000.0 0.005814197
25200.0 0.0057926264
25400.0 0.0057770903
25600.0 0.0057630662
25800.0 0.0057435925
26000.0 0.0057150373
26200.0 0.0056914411
26400.0 0.0056876832
26600.0 0.005718224
26800.0 0.0057890327
27000.0 0.0058879684
27200.0 0.0059835239
27400.0 0.0060453235
27600.0 0.0060677597
27800.0 0.0060678684
28000.0 0.0060572148
28200.0 0.0060404332
28400.0 0.0060227402
28600.0 0.0060082065
28800.0 0.0059897712
29000.0 0.0059556734
29200.0 0.0059053891
29400.0 0.0058483969
29600.0 0.0057870404
29800.0 0.0057281688
30000.0 0.0056876861
30200.0 0.0056710346
30400.0 0.0056791069
30600.0 0.0057064091
30800.0 0.0057425589
31000.0 0.0057950198
31200.0 0.0058868958
31400.0 0.0060173173
31600.0 0.0061372965
31800.0 0.0062016731
32000.0 0.0062105626
32200.0 0.0061796843
32400.0 0.0061297563
32600.0 0.0060744059
32800.0 0.0060207583
33000.0 0.005970217
33200.0 0.0059147242
33400.0 0.0058583172
33600.0 0.0058084447
33800.0 0.0057696384
34000.0 0.0057487798
34200.0 0.0057476063
34400.0 0.0057605834
34600.0 0.0057854685
34800.0 0.005814197
35000.0 0.0058430169
35200.0 0.0058687422
35400.0 0.0058954692
35600.0 0.005917231
35800.0 0.0059338354
36000.0 0.0059462771
36200.0 0.0059541665
36400.0 0.0059552406
36600.0 0.0059427133
36800.0 0.0059167289
37000.0 0.0058813272
37200.0 0.0058373472
37400.0 0.0057958401
37600.0 0.0057759952
37800.0 0.0057904009
38000.0 0.0058367333
38200.0 0.0059077126
38400.0 0.0059748117
38600.0 0.0060071778
38800.0 0.0059938327
39000.0 0.0059510456
39200.0 0.0059021395
39400.0 0.0058657156
39600.0 0.0058491018
39800.0 0.0058476244
40000.0 0.0058552538
40200.0 0.0058629186
40400.0 0.0058650305
40600.0 0.0058556547
40800.0 0.0058322096
41000.0 0.0057977505
41200.0 0.005757937
41400.0 0.0057206745
41600.0 0.0056923979
41800.0 0.0056862516
42000.0 0.0057149671
42200.0 0.0057825177
42400.0 0.0058771313
42600.0 0.0059675369
42800.0 0.0060210863
43000.0 0.0060330945
43200.0 0.0060161833
43400.0 0.0059888406
43600.0 0.0059676735
43800.0 0.0059621863
44000.0 0.0059687672
44200.0 0.0059770533
44400.0 0.0059784508
44600.0 0.0059670524
44800.0 0.0059432619
45000.0 0.0059069932
45200.0 0.0058668457
45400.0 0.0058350568
45600.0 0.0058136847
45800.0 0.0057993614
46000.0 0.005793117
46200.0 0.0057913821
46400.0 0.0057738103
46600.0 0.0057209282
46800.0 0.0056160084
47000.0 0.0054536637
47200.0 0.0053144882
47400.0 0.005277365
47600.0 0.0053306199
47800.0 0.005423952
48000.0 0.0055089863
48200.0 0.0055821663
48400.0 0.0056422566
48600.0 0.0056947929
48800.0 0.0057441789
49000.0 0.0057927692
49200.0 0.0058456497
49400.0 0.0058976909
49600.0 0.0059440118
49800.0 0.0059805334
50000.0 0.0060027704
50200.0 0.0060108833
50400.0 0.0060082052
50600.0 0.0060030101
50800.0 0.0059982042
51000.0 0.0059931314
51200.0 0.0059825164
51400.0 0.005961181
51600.0 0.0059197801
51800.0 0.0058601761
52000.0 0.0057931933
52200.0 0.0057268837
52400.0 0.005672426
52600.0 0.0056371185
52800.0 0.0056318834
53000.0 0.0056499282
53200.0 0.0056832388
53400.0 0.0057271399
53600.0 0.0057758341
53800.0 0.0058285581
54000.0 0.0058943329
54200.0 0.0059751955
54400.0 0.0060611897
54600.0 0.0061312448
54800.0 0.0061646794
55000.0 0.0061623632
55200.0 0.0061373926
55400.0 0.0060893956
55600.0 0.006019936
55800.0 0.0059367757
56000.0 0.005852744
56200.0 0.0057775733
56400.0 0.0057180792
56600.0 0.0056729404
56800.0 0.0056520096
57000.0 0.0056577172
57200.0 0.0056836386
57400.0 0.0057187195
57600.0 0.0057525681
57800.0 0.0057900026
58000.0 0.0058386886
58200.0 0.0058940374
58400.0 0.0059532563
58600.0 0.0060067075
58800.0 0.0060432931
59000.0 0.0060575053
59200.0 0.0060442365
59400.0 0.0059985583
59600.0 0.0059225584
59800.0 0.0058337431
60000.0 0.0057575098
60200.0 0.0057048418
60400.0 0.0056856829
60600.0 0.0057127578
60800.0 0.005778567
61000.0 0.0058593727
61200.0 0.0059286634
61400.0 0.0059677023
61600.0 0.0059751868
61800.0 0.0059584142
62000.0 0.00592765
62200.0 0.0058901034
62400.0 0.0058522812
62600.0 0.0058219236
62800.0 0.0058071267
63000.0 0.0057996859
63200.0 0.0057900645
63400.0 0.0057783176
63600.0 0.005764673
63800.0 0.0057527373
64000.0 0.005744846
64200.0 0.005751956
64400.0 0.0057982808
64600.0 0.005888411
64800.0 0.0059962907
65000.0 0.0060810517
65200.0 0.0061225962
65400.0 0.006116785
65600.0 0.0060705674
65800.0 0.0060020331
66000.0 0.0059373376
66200.0 0.0058970564
66400.0 0.005888142
66600.0 0.0058965432
66800.0 0.0059042387
67000.0 0.0059030478
67200.0 0.0058910209
67400.0 0.0058707278
67600.0 0.0058438908
67800.0 0.0058158943
68000.0 0.005798532
68200.0 0.0057997788
68400.0 0.0058223796
68600.0 0.0058680929
68800.0 0.0059237644
69000.0 0.0059656075
69200.0 0.0059799592
69400.0 0.0059626022
69600.0 0.0059217911
69800.0 0.0058785999
70000.0 0.0058505931
70200.0 0.0058387702
70400.0 0.0058370884
70600.0 0.0058404805
70800.0 0.005841033
71000.0 0.0058313312
71200.0 0.0058097935
71400.0 0.0057868579
71600.0 0.0057715212
71800.0 0.0057745944
72000.0 0.0058117961
72200.0 0.00588687
72400.0 0.0059838016
72600.0 0.0060709144
72800.0 0.0061223565
73000.0 0.0061259065
73200.0 0.0060793906
73400.0 0.006000876
73600.0 0.0059197234
73800.0 0.0058624819
74000.0 0.0058365437
74200.0 0.0058355092
74400.0 0.0058493914
74600.0 0.0058645095
74800.0 0.0058719712
75000.0 0.005870006
75200.0 0.0058602515
75400.0 0.0058473454
75600.0 0.0058400669
75800.0 0.0058474808
76000.0 0.0058690016
76200.0 0.0058963486
76400.0 0.0059245168
76600.0 0.0059367341
76800.0 0.0059141742
77000.0 0.0058565651
77200.0 0.0057796882
77400.0 0.0057145348
77600.0 0.0056854151
77800.0 0.0057020022
78000.0 0.0057563437
78200.0 0.0058325546
78400.0 0.0059038087
78600.0 0.0059477337
78800.0 0.0059589474
79000.0 0.0059460678
79200.0 0.0059183874
79400.0 0.0058862066
79600.0 0.0058602259
79800.0 0.0058428423
80000.0 0.005837086
80200.0 0.0058401632
80400.0 0.0058454449
80600.0 0.00583946
80800.0 0.0058173178
81000.0 0.0057854969
81200.0 0.0057587732
81400.0 0.0057541957
81600.0 0.0057783247
81800.0 0.0058252692
82000.0 0.0058770178
82200.0 0.0059186657
82400.0 0.0059429955
82600.0 0.0059455462
82800.0 0.0059243232
83000.0 0.0058873671
83200.0 0.0058527883
83400.0 0.0058341185
83600.0 0.0058397487
83800.0 0.0058717495
84000.0 0.0059248342
84200.0 0.0059744579
84400.0 0.0059908788
84600.0 0.0059631212
84800.0 0.0058956009
85000.0 0.0057984389
85200.0 0.0057005108
85400.0 0.0056358926
85600.0 0.0056181361
85800.0 0.0056459305
86000.0 0.0057072364
86200.0 0.0057858718
86400.0 0.0058587226
86600.0 0.0059053161
86800.0 0.005925676
87000.0 0.0059363096
87200.0 0.0059421601
87400.0 0.0059488903
87600.0 0.0059590511
87800.0 0.005959914
88000.0 0.005943222
88200.0 0.0058997134
88400.0 0.0058242231
88600.0 0.0057260682
88800.0 0.0056284995
89000.0 0.0055493698
89200.0 0.0055022721
89400.0 0.0054908572
89600.0 0.0055161295
89800.0 0.0055716586
90000.0 0.0056467492
90200.0 0.0057349801
90400.0 0.0058219778
90600.0 0.0058898497
90800.0 0.0059310958
91000.0 0.0059528577
91200.0 0.0059630576
91400.0 0.005963435
91600.0 0.0059529186
91800.0 0.005930511
92000.0 0.0058996819
92200.0 0.0058677895
92400.0 0.0058369425
92600.0 0.0058080997
92800.0 0.0057797324
93000.0 0.0057431201
93200.0 0.0056920265
93400.0 0.0056331366
93600.0 0.0055837352
93800.0 0.0055633403
94000.0 0.0055887574
94200.0 0.0056742091
94400.0 0.0058125597
94600.0 0.0059382798
94800.0 0.0059984289
95000.0 0.0059980519
95200.0 0.005958773
95400.0 0.0059026354
95600.0 0.0058518405
95800.0 0.0058189698
96000.0 0.0058125211
96200.0 0.005827372
96400.0 0.0058520997
96600.0 0.0058679523
96800.0 0.0058677129
97000.0 0.0058506106
97200.0 0.0058211074
97400.0 0.0057878907
97600.0 0.0057639003
97800.0 0.0057653842
98000.0 0.0058030504
98200.0 0.0058815113
98400.0 0.0059822103
98600.0 0.0060580296
98800.0 0.0060804524
99000.0 0.00604765
99200.0 0.005973133
99400.0 0.0058933082
99600.0 0.005830034
99800.0 0.0057941192
100000.0 0.0057877483
