0.0 46.40606
200.0 46.373319
400.0 46.461125
600.0 46.304964
800.0 46.380902
1000.0 46.417467
1200.0 46.320443
1400.0 46.399267
1600.0 46.36678
1800.0 46.317068
2000.0 46.432314
2200.0 46.358319
2400.0 46.429285
2600.0 46.449167
2800.0 46.385174
3000.0 46.475477
3200.0 46.407652
3400.0 46.433552
3600.0 46.419526
3800.0 46.377141
4000.0 46.386676
4200.0 46.414443
4400.0 46.397424
4600.0 46.31546
4800.0 46.420103
5000.0 46.327584
5200.0 46.405792
5400.0 46.383016
5600.0 46.284836
5800.0 46.46652
6000.0 46.346953
6200.0 46.396895
6400.0 46.448226
6600.0 46.408471
6800.0 46.39795
7000.0 46.414457
7200.0 46.387605
7400.0 46.419551
7600.0 46.354583
7800.0 46.403303
8000.0 46.353328
8200.0 46.394516
8400.0 46.348092
8600.0 46.39288
8800.0 46.390671
9000.0 46.317736
9200.0 46.441358
9400.0 46.368127
9600.0 46.387563
9800.0 46.490358
10000.0 46.320494
10200.0 46.508949
10400.0 46.395293
10600.0 46.398633
10800.0 46.466322
11000.0 46.317198
11200.0 46.397062
11400.0 46.382644
11600.0 46.367967
11800.0 46.395305
12000.0 46.357531
12200.0 46.379797
12400.0 46.385978
12600.0 46.393514
12800.0 46.389938
13000.0 46.391638
13200.0 46.42317
13400.0 46.42154
13600.0 46.424497
13800.0 46.432576
14000.0 46.430608
14200.0 46.404892
14400.0 46.387463
14600.0 46.385132
14800.0 46.417223
15000.0 46.34541
15200.0 46.381433
15400.0 46.381978
15600.0 46.33534
15800.0 46.417521
16000.0 46.342897
16200.0 46.365104
16400.0 46.418864
16600.0 46.338977
16800.0 46.390035
17000.0 46.412801
17200.0 46.404493
17400.0 46.430379
17600.0 46.409649
17800.0 46.374773
18000.0 46.39162
18200.0 46.395094
18400.0 46.387657
18600.0 46.393842
18800.0 46.325475
19000.0 46.400787
19200.0 46.383903
19400.0 46.338931
19600.0 46.382065
19800.0 46.370248
20000.0 46.401783
20200.0 46.398115
20400.0 46.408817
20600.0 46.345826
20800.0 46.476082
21000.0 46.366804
21200.0 46.41957
21400.0 46.444038
21600.0 46.364072
21800.0 46.343494
22000.0 46.376581
22200.0 46.346631
22400.0 46.322351
22600.0 46.387075
22800.0 46.352231
23000.0 46.375566
23200.0 46.395372
23400.0 46.329337
23600.0 46.449872
23800.0 46.362869
24000.0 46.421944
24200.0 46.399802
24400.0 46.38223
24600.0 46.391416
24800.0 46.408144
25000.0 46.360007
25200.0 46.385328
25400.0 46.348642
25600.0 46.325652
25800.0 46.338511
26000.0 46.402247
26200.0 46.308609
26400.0 46.414042
26600.0 46.374609
26800.0 46.367376
27000.0 46.385038
27200.0 46.395482
27400.0 46.378004
27600.0 46.404867
27800.0 46.357755
28000.0 46.415333
28200.0 46.393012
28400.0 46.35784
28600.0 46.438572
28800.0 46.385628
29000.0 46.400177
29200.0 46.432782
29400.0 46.395324
29600.0 46.421844
29800.0 46.388428
30000.0 46.404686
30200.0 46.390705
30400.0 46.360438
30600.0 46.370818
30800.0 46.36336
31000.0 46.398339
31200.0 46.350176
31400.0 46.374538
31600.0 46.41166
31800.0 46.382746
32000.0 46.447084
32200.0 46.390759
32400.0 46.402077
32600.0 46.46986
32800.0 46.377012
33000.0 46.43732
33200.0 46.388062
33400.0 46.363446
33600.0 46.455219
33800.0 46.336069
34000.0 46.346489
34200.0 46.398706
34400.0 46.350844
34600.0 46.376178
34800.0 46.35754
35000.0 46.351687
35200.0 46.395273
35400.0 46.386825
35600.0 46.385451
35800.0 46.457033
36000.0 46.372329
36200.0 46.44914
36400.0 46.433613
36600.0 46.361865
36800.0 46.410681
37000.0 46.379101
37200.0 46.324842
37400.0 46.385689
37600.0 46.358593
37800.0 46.373047
38000.0 46.391409
38200.0 46.333735
38400.0 46.432959
38600.0 46.351145
38800.0 46.387454
39000.0 46.443961
39200.0 46.309628
39400.0 46.470229
39600.0 46.391795
39800.0 46.306785
40000.0 46.458973
40200.0 46.291491
40400.0 46.358717
40600.0 46.374503
40800.0 46.319166
41000.0 46.396781
41200.0 46.347655
41400.0 46.34552
41600.0 46.45751
41800.0 46.338497
42000.0 46.438194
42200.0 46.365907
42400.0 46.41175
42600.0 46.381404
42800.0 46.395464
43000.0 46.403129
43200.0 46.327419
43400.0 46.429235
43600.0 46.338443
43800.0 46.347159
44000.0 46.372211
44200.0 46.337628
44400.0 46.377804
44600.0 46.379527
44800.0 46.357547
45000.0 46.415674
45200.0 46.427425
45400.0 46.356845
45600.0 46.401549
45800.0 46.41823
46000.0 46.385536
46200.0 46.383904
46400.0 46.359766
46600.0 46.437167
46800.0 46.313781
47000.0 46.378748
47200.0 46.394998
47400.0 46.291474
47600.0 46.350277
47800.0 46.313155
48000.0 46.341453
48200.0 46.356188
48400.0 46.352036
48600.0 46.348534
48800.0 46.429858
49000.0 46.327479
49200.0 46.411409
49400.0 46.367743
49600.0 46.375823
49800.0 46.430581
50000.0 46.387108
50200.0 46.383771
50400.0 46.416532
50600.0 46.385453
50800.0 46.425645
51000.0 46.427567
51200.0 46.399181
51400.0 46.344619
51600.0 46.445328
51800.0 46.303545
52000.0 46.402901
52200.0 46.364975
52400.0 46.352221
52600.0 46.385353
52800.0 46.335968
53000.0 46.440942
53200.0 46.370447
53400.0 46.416822
53600.0 46.376914
53800.0 46.445761
54000.0 46.408376
54200.0 46.405969
54400.0 46.442929
54600.0 46.353358
54800.0 46.359988
55000.0 46.44948
55200.0 46.30887
55400.0 46.406277
55600.0 46.376244
55800.0 46.347734
56000.0 46.391857
56200.0 46.391574
56400.0 46.347809
56600.0 46.414548
56800.0 46.38635
57000.0 46.364317
57200.0 46.443731
57400.0 46.431423
57600.0 46.40648
57800.0 46.455806
58000.0 46.4364
58200.0 46.408523
58400.0 46.44354
58600.0 46.37358
58800.0 46.386509
59000.0 46.363199
59200.0 46.356588
59400.0 46.38761
59600.0 46.382195
59800.0 46.381298
60000.0 46.337079
60200.0 46.363796
60400.0 46.454975
60600.0 46.314087
60800.0 46.431753
61000.0 46.430238
61200.0 46.391736
61400.0 46.486887
61600.0 46.395258
61800.0 46.444262
62000.0 46.443574
62200.0 46.395476
62400.0 46.416597
62600.0 46.408876
62800.0 46.398829
63000.0 46.345587
63200.0 46.414767
63400.0 46.367596
63600.0 46.4047
63800.0 46.353875
64000.0 46.378628
64200.0 46.396122
64400.0 46.342453
64600.0 46.398442
64800.0 46.422075
65000.0 46.350506
65200.0 46.470922
65400.0 46.414895
65600.0 46.397991
65800.0 46.475652
66000.0 46.302966
66200.0 46.498959
66400.0 46.363685
66600.0 46.400118
66800.0 46.371194
67000.0 46.369891
67200.0 46.372912
67400.0 46.364288
67600.0 46.39958
67800.0 46.349965
68000.0 46.398704
68200.0 46.380929
68400.0 46.366069
68600.0 46.415902
68800.0 46.378075
69000.0 46.442772
69200.0 46.408418
69400.0 46.37142
69600.0 46.417369
69800.0 46.341434
70000.0 46.437469
70200.0 46.358461
70400.0 46.362926
70600.0 46.365333
70800.0 46.344047
71000.0 46.385071
71200.0 46.314106
71400.0 46.309987
71600.0 46.400262
71800.0 46.226651
72000.0 46.40687
72200.0 46.348275
72400.0 46.377804
72600.0 46.369961
72800.0 46.399137
73000.0 46.365883
73200.0 46.40693
73400.0 46.352723
73600.0 46.400526
73800.0 46.417905
74000.0 46.377627
74200.0 46.3701
74400.0 46.442836
74600.0 46.315988
74800.0 46.420976
75000.0 46.35971
75200.0 46.349529
75400.0 46.382442
75600.0 46.331012
75800.0 46.348387
76000.0 46.423865
76200.0 46.337708
76400.0 46.378146
76600.0 46.426185
76800.0 46.402165
77000.0 46.396469
77200.0 46.409828
77400.0 46.440189
77600.0 46.352175
77800.0 46.427293
78000.0 46.347504
78200.0 46.374944
78400.0 46.352062
78600.0 46.369127
78800.0 46.338355
79000.0 46.396932
79200.0 46.37743
79400.0 46.332951
79600.0 46.416549
79800.0 46.409
80000.0 46.383782
80200.0 46.403431
80400.0 46.341383
80600.0 46.450501
80800.0 46.347743
81000.0 46.370048
81200.0 46.364474
81400.0 46.297629
81600.0 46.394206
81800.0 46.357891
82000.0 46.349425
82200.0 46.366425
82400.0 46.373056
82600.0 46.379992
82800.0 46.404221
83000.0 46.359929
83200.0 46.438347
83400.0 46.333021
83600.0 46.427467
83800.0 46.378199
84000.0 46.41307
84200.0 46.317365
84400.0 46.372617
84600.0 46.302765
84800.0 46.355176
85000.0 46.368934
85200.0 46.316813
85400.0 46.373604
85600.0 46.349622
85800.0 46.409842
86000.0 46.378352
86200.0 46.361687
86400.0 46.399357
86600.0 46.371742
86800.0 46.403998
87000.0 46.379535
87200.0 46.357601
87400.0 46.41501
87600.0 46.353145
87800.0 46.347401
88000.0 46.400268
88200.0 46.278142
88400.0 46.389657
88600.0 46.360641
88800.0 46.408932
89000.0 46.386049
89200.0 46.375285
89400.0 46.366544
89600.0 46.436725
89800.0 46.384259
90000.0 46.378189
90200.0 46.396394
90400.0 46.345185
90600.0 46.403795
90800.0 46.352267
91000.0 46.353874
91200.0 46.373503
91400.0 46.325407
91600.0 46.375367
91800.0 46.35472
92000.0 46.375079
92200.0 46.432721
92400.0 46.409438
92600.0 46.354852
92800.0 46.470267
93000.0 46.361522
93200.0 46.402445
93400.0 46.383162
93600.0 46.365119
93800.0 46.360147
94000.0 46.397784
94200.0 46.328509
94400.0 46.390785
94600.0 46.367657
94800.0 46.358262
95000.0 46.420826
95200.0 46.349807
95400.0 46.417171
95600.0 46.436497
95800.0 46.366744
96000.0 46.501695
96200.0 46.429224
96400.0 46.43684
96600.0 46.491484
96800.0 46.33793
97000.0 46.434352
97200.0 46.420243
97400.0 46.346867
97600.0 46.40426
97800.0 46.365666
98000.0 46.36356
98200.0 46.373255
98400.0 46.343417
98600.0 46.38571
98800.0 46.359815
99000.0 46.373121
99200.0 46.405045
99400.0 46.382448
99600.0 46.403587
99800.0 46.427543
100000.0 46.350811
