0.0 -4817.2101
200.0 -4819.2089
400.0 -4812.9463
600.0 -4808.5634
800.0 -4808.4538
1000.0 -4815.3969
1200.0 -4803.5438
1400.0 -4779.595
1600.0 -4791.3675
1800.0 -4783.9039
2000.0 -4786.6377
2200.0 -4800.1632
2400.0 -4792.0166
2600.0 -4801.5408
2800.0 -4816.7818
3000.0 -4816.9302
3200.0 -4824.5592
3400.0 -4832.506
3600.0 -4819.7575
3800.0 -4806.6031
4000.0 -4809.0645
4200.0 -4821.0632
4400.0 -4804.819
4600.0 -4786.7492
4800.0 -4814.2644
5000.0 -4794.9536
5200.0 -4801.7714
5400.0 -4796.6084
5600.0 -4802.0958
5800.0 -4797.2587
6000.0 -4797.3831
6200.0 -4810.1208
6400.0 -4806.9984
6600.0 -4821.2065
6800.0 -4810.2411
7000.0 -4817.0295
7200.0 -4836.7029
7400.0 -4815.8064
7600.0 -4832.7806
7800.0 -4836.0222
8000.0 -4817.0995
8200.0 -4805.6225
8400.0 -4798.7685
8600.0 -4789.3372
8800.0 -4785.9912
9000.0 -4792.5462
9200.0 -4798.1343
9400.0 -4782.5012
9600.0 -4796.5254
9800.0 -4806.2752
10000.0 -4803.9163
10200.0 -4813.2502
10400.0 -4810.7591
10600.0 -4816.8531
10800.0 -4825.963
11000.0 -4805.54
11200.0 -4820.7067
11400.0 -4817.9211
11600.0 -4812.2431
11800.0 -4790.5905
12000.0 -4805.9668
12200.0 -4811.3206
12400.0 -4801.8191
12600.0 -4795.8475
12800.0 -4823.8258
13000.0 -4802.3205
13200.0 -4806.5725
13400.0 -4803.7732
13600.0 -4801.3534
13800.0 -4813.8817
14000.0 -4804.5611
14200.0 -4800.7175
14400.0 -4811.5214
14600.0 -4774.972
14800.0 -4780.607
15000.0 -4779.5075
15200.0 -4787.885
15400.0 -4778.1196
15600.0 -4778.238
15800.0 -4805.4864
16000.0 -4796.454
16200.0 -4799.1025
16400.0 -4798.7537
16600.0 -4814.5705
16800.0 -4821.6026
17000.0 -4806.2357
17200.0 -4807.8863
17400.0 -4822.1117
17600.0 -4822.1399
17800.0 -4813.326
18000.0 -4811.4922
18200.0 -4820.0567
18400.0 -4815.5485
18600.0 -4797.966
18800.0 -4797.9588
19000.0 -4788.6616
19200.0 -4788.4117
19400.0 -4793.2318
19600.0 -4804.3991
19800.0 -4791.9539
20000.0 -4818.589
20200.0 -4812.9947
20400.0 -4808.1685
20600.0 -4814.62
20800.0 -4807.2256
21000.0 -4809.5492
21200.0 -4814.9644
21400.0 -4808.1505
21600.0 -4802.7919
21800.0 -4801.2898
22000.0 -4794.1655
22200.0 -4785.203
22400.0 -4801.3168
22600.0 -4794.8942
22800.0 -4775.1513
23000.0 -4774.5646
23200.0 -4783.448
23400.0 -4785.4841
23600.0 -4792.1795
23800.0 -4812.1043
24000.0 -4822.9197
24200.0 -4829.8696
24400.0 -4811.6238
24600.0 -4814.2616
24800.0 -4824.3035
25000.0 -4806.9281
25200.0 -4802.9062
25400.0 -4813.3015
25600.0 -4799.4427
25800.0 -4801.0653
26000.0 -4787.8355
26200.0 -4803.3843
26400.0 -4800.3908
26600.0 -4800.4253
26800.0 -4797.1356
27000.0 -4816.6672
27200.0 -4800.7377
27400.0 -4812.3347
27600.0 -4825.2245
27800.0 -4839.8509
28000.0 -4831.9676
28200.0 -4823.6294
28400.0 -4819.6182
28600.0 -4834.2527
28800.0 -4841.2234
29000.0 -4816.2239
29200.0 -4795.3197
29400.0 -4814.2015
29600.0 -4804.4741
29800.0 -4795.6114
30000.0 -4813.7992
30200.0 -4785.6349
30400.0 -4795.1591
30600.0 -4792.8507
30800.0 -4803.5091
31000.0 -4804.5069
31200.0 -4798.1496
31400.0 -4812.0083
31600.0 -4813.8983
31800.0 -4826.8385
32000.0 -4814.3852
32200.0 -4809.2842
32400.0 -4808.8182
32600.0 -4818.5502
32800.0 -4807.2682
33000.0 -4809.5607
33200.0 -4807.3764
33400.0 -4796.2592
33600.0 -4811.9094
33800.0 -4811.7679
34000.0 -4790.7298
34200.0 -4798.5124
34400.0 -4816.4867
34600.0 -4792.8842
34800.0 -4788.4706
35000.0 -4792.7253
35200.0 -4797.865
35400.0 -4782.088
35600.0 -4789.2056
35800.0 -4796.8361
36000.0 -4803.1279
36200.0 -4806.7069
36400.0 -4822.0249
36600.0 -4810.0296
36800.0 -4824.2618
37000.0 -4798.9087
37200.0 -4821.9238
37400.0 -4799.1662
37600.0 -4801.8389
37800.0 -4806.7467
38000.0 -4801.7873
38200.0 -4806.2857
38400.0 -4800.3295
38600.0 -4793.757
38800.0 -4807.3004
39000.0 -4810.9411
39200.0 -4808.895
39400.0 -4811.1351
39600.0 -4828.6555
39800.0 -4826.2742
40000.0 -4833.9193
40200.0 -4824.9264
40400.0 -4819.3069
40600.0 -4813.0876
40800.0 -4811.3995
41000.0 -4803.5071
41200.0 -4795.5804
41400.0 -4801.5495
41600.0 -4809.2811
41800.0 -4805.8314
42000.0 -4798.8921
42200.0 -4808.8338
42400.0 -4793.7294
42600.0 -4801.1348
42800.0 -4819.9823
43000.0 -4815.8477
43200.0 -4810.0443
43400.0 -4824.1233
43600.0 -4808.3106
43800.0 -4820.3802
44000.0 -4796.2389
44200.0 -4821.4272
44400.0 -4806.4235
44600.0 -4797.3439
44800.0 -4801.2821
45000.0 -4794.81
45200.0 -4795.6227
45400.0 -4796.0682
45600.0 -4812.0991
45800.0 -4783.8826
46000.0 -4806.9731
46200.0 -4814.2827
46400.0 -4817.6143
46600.0 -4803.0891
46800.0 -4807.4725
47000.0 -4820.6046
47200.0 -4803.3981
47400.0 -4815.6195
47600.0 -4802.1698
47800.0 -4809.0607
48000.0 -4793.985
48200.0 -4789.8613
48400.0 -4798.2568
48600.0 -4800.6587
48800.0 -4800.9448
49000.0 -4790.2151
49200.0 -4811.1888
49400.0 -4825.3735
49600.0 -4818.309
49800.0 -4821.4442
50000.0 -4829.3803
50200.0 -4833.7434
50400.0 -4806.9691
50600.0 -4806.7431
50800.0 -4814.248
51000.0 -4808.5131
51200.0 -4809.5264
51400.0 -4800.8212
51600.0 -4797.849
51800.0 -4799.061
52000.0 -4795.8257
52200.0 -4808.8681
52400.0 -4797.1762
52600.0 -4799.6116
52800.0 -4788.4877
53000.0 -4791.2627
53200.0 -4787.4133
53400.0 -4792.2614
53600.0 -4784.6661
53800.0 -4781.5051
54000.0 -4790.9788
54200.0 -4799.3736
54400.0 -4784.4454
54600.0 -4797.4764
54800.0 -4813.0397
55000.0 -4813.6757
55200.0 -4815.2402
55400.0 -4809.7407
55600.0 -4825.9388
55800.0 -4829.4665
56000.0 -4810.283
56200.0 -4813.6022
56400.0 -4809.7704
56600.0 -4807.5241
56800.0 -4797.4185
57000.0 -4792.9053
57200.0 -4778.6178
57400.0 -4791.975
57600.0 -4789.789
57800.0 -4781.9454
58000.0 -4805.841
58200.0 -4800.9396
58400.0 -4806.4761
58600.0 -4809.0418
58800.0 -4808.9153
59000.0 -4813.4493
59200.0 -4811.5481
59400.0 -4817.5134
59600.0 -4809.3538
59800.0 -4813.1688
60000.0 -4790.1803
60200.0 -4797.1317
60400.0 -4792.8045
60600.0 -4776.3891
60800.0 -4797.3579
61000.0 -4794.3272
61200.0 -4783.2229
61400.0 -4793.0498
61600.0 -4811.2054
61800.0 -4812.0005
62000.0 -4812.1558
62200.0 -4811.8868
62400.0 -4818.163
62600.0 -4811.5049
62800.0 -4824.2137
63000.0 -4814.4342
63200.0 -4810.9346
63400.0 -4786.8618
63600.0 -4791.9223
63800.0 -4801.5638
64000.0 -4810.3283
64200.0 -4815.6997
64400.0 -4796.9307
64600.0 -4801.4252
64800.0 -4820.9149
65000.0 -4808.9556
65200.0 -4807.459
65400.0 -4825.9234
65600.0 -4810.5914
65800.0 -4818.7315
66000.0 -4817.1173
66200.0 -4813.9441
66400.0 -4807.2214
66600.0 -4815.3302
66800.0 -4822.5274
67000.0 -4788.4776
67200.0 -4805.3678
67400.0 -4809.6028
67600.0 -4816.2872
67800.0 -4793.3354
68000.0 -4808.1357
68200.0 -4815.022
68400.0 -4802.7965
68600.0 -4819.3751
68800.0 -4822.561
69000.0 -4829.2234
69200.0 -4801.9807
69400.0 -4809.2458
69600.0 -4783.7918
69800.0 -4790.7581
70000.0 -4790.7259
70200.0 -4797.7604
70400.0 -4773.6074
70600.0 -4778.8261
70800.0 -4790.261
71000.0 -4785.7966
71200.0 -4809.6184
71400.0 -4813.2011
71600.0 -4801.575
71800.0 -4823.5261
72000.0 -4831.3737
72200.0 -4816.5037
72400.0 -4816.3105
72600.0 -4832.0717
72800.0 -4812.074
73000.0 -4793.1599
73200.0 -4806.2656
73400.0 -4801.7269
73600.0 -4794.8281
73800.0 -4791.68
74000.0 -4785.6227
74200.0 -4808.8937
74400.0 -4790.5634
74600.0 -4803.7553
74800.0 -4813.4063
75000.0 -4814.2203
75200.0 -4808.0654
75400.0 -4822.1668
75600.0 -4833.2947
75800.0 -4828.8686
76000.0 -4799.8059
76200.0 -4822.7337
76400.0 -4829.7046
76600.0 -4800.6009
76800.0 -4804.3895
77000.0 -4813.8136
77200.0 -4785.5136
77400.0 -4807.4123
77600.0 -4811.5375
77800.0 -4797.1567
78000.0 -4788.1905
78200.0 -4798.488
78400.0 -4801.4357
78600.0 -4798.7582
78800.0 -4817.5648
79000.0 -4814.8611
79200.0 -4839.1076
79400.0 -4812.5909
79600.0 -4820.6027
79800.0 -4830.4453
80000.0 -4828.7286
80200.0 -4817.6739
80400.0 -4805.3285
80600.0 -4789.3056
80800.0 -4802.6013
81000.0 -4800.2221
81200.0 -4796.4901
81400.0 -4805.0235
81600.0 -4805.6022
81800.0 -4793.9677
82000.0 -4793.7633
82200.0 -4802.1505
82400.0 -4808.7504
82600.0 -4812.2634
82800.0 -4794.8919
83000.0 -4817.3297
83200.0 -4815.63
83400.0 -4824.3917
83600.0 -4822.9144
83800.0 -4802.6016
84000.0 -4821.2505
84200.0 -4828.4089
84400.0 -4812.1789
84600.0 -4801.6167
84800.0 -4793.0871
85000.0 -4800.9626
85200.0 -4809.6447
85400.0 -4788.7904
85600.0 -4805.6344
85800.0 -4798.3993
86000.0 -4804.0893
86200.0 -4804.4677
86400.0 -4801.3345
86600.0 -4808.7039
86800.0 -4842.4029
87000.0 -4820.7221
87200.0 -4836.0248
87400.0 -4821.0749
87600.0 -4834.525
87800.0 -4821.2185
88000.0 -4807.7786
88200.0 -4822.4686
88400.0 -4796.4102
88600.0 -4813.2847
88800.0 -4803.9631
89000.0 -4803.3952
89200.0 -4792.5588
89400.0 -4802.1914
89600.0 -4802.8985
89800.0 -4802.7648
90000.0 -4803.162
90200.0 -4804.2482
90400.0 -4808.9146
90600.0 -4819.1616
90800.0 -4815.9429
91000.0 -4820.0301
91200.0 -4816.8191
91400.0 -4821.1588
91600.0 -4810.3149
91800.0 -4811.366
92000.0 -4792.647
92200.0 -4786.5443
92400.0 -4783.9736
92600.0 -4784.4524
92800.0 -4784.0998
93000.0 -4769.3663
93200.0 -4802.5413
93400.0 -4796.6834
93600.0 -4786.5247
93800.0 -4792.4374
94000.0 -4803.8419
94200.0 -4806.1611
94400.0 -4817.6774
94600.0 -4811.6266
94800.0 -4805.0019
95000.0 -4803.7831
95200.0 -4823.2259
95400.0 -4807.6018
95600.0 -4810.2265
95800.0 -4787.9259
96000.0 -4799.5465
96200.0 -4798.2871
96400.0 -4780.5681
96600.0 -4793.3601
96800.0 -4801.0553
97000.0 -4795.7598
97200.0 -4791.3803
97400.0 -4783.1305
97600.0 -4800.2375
97800.0 -4794.0715
98000.0 -4822.4571
98200.0 -4807.2596
98400.0 -4809.1435
98600.0 -4812.4543
98800.0 -4810.5457
99000.0 -4815.8516
99200.0 -4815.8134
99400.0 -4804.99
99600.0 -4815.3934
99800.0 -4802.1996
100000.0 -4794.7388
