0.0 -5313.2861
200.0 -5322.2035
400.0 -5312.6248
600.0 -5314.9326
800.0 -5313.0764
1000.0 -5312.1177
1200.0 -5312.2231
1400.0 -5305.1793
1600.0 -5313.1768
1800.0 -5309.2023
2000.0 -5311.2159
2200.0 -5307.1159
2400.0 -5314.6221
2600.0 -5312.1737
2800.0 -5318.989
3000.0 -5311.789
3200.0 -5316.7109
3400.0 -5321.0913
3600.0 -5315.2532
3800.0 -5311.4046
4000.0 -5317.668
4200.0 -5307.1971
4400.0 -5311.2758
4600.0 -5307.7877
4800.0 -5310.3718
5000.0 -5311.7265
5200.0 -5307.9245
5400.0 -5313.4483
5600.0 -5315.9013
5800.0 -5310.7324
6000.0 -5312.2789
6200.0 -5316.2867
6400.0 -5316.1806
6600.0 -5313.7707
6800.0 -5308.9289
7000.0 -5311.5429
7200.0 -5308.9802
7400.0 -5303.6463
7600.0 -5309.7346
7800.0 -5304.4124
8000.0 -5310.7212
8200.0 -5308.9321
8400.0 -5314.4153
8600.0 -5312.2292
8800.0 -5313.579
9000.0 -5311.6948
9200.0 -5316.1305
9400.0 -5311.8848
9600.0 -5315.9483
9800.0 -5312.3731
10000.0 -5307.7352
10200.0 -5309.5238
10400.0 -5307.7906
10600.0 -5306.2281
10800.0 -5302.9603
11000.0 -5305.5848
11200.0 -5310.9039
11400.0 -5309.3067
11600.0 -5306.9439
11800.0 -5314.5036
12000.0 -5311.5381
12200.0 -5312.7466
12400.0 -5310.1118
12600.0 -5313.4799
12800.0 -5309.9952
13000.0 -5314.202
13200.0 -5309.1049
13400.0 -5310.4703
13600.0 -5308.1647
13800.0 -5306.5753
14000.0 -5306.7476
14200.0 -5303.5152
14400.0 -5306.4911
14600.0 -5315.9446
14800.0 -5309.0946
15000.0 -5315.8602
15200.0 -5316.9845
15400.0 -5311.5957
15600.0 -5316.9369
15800.0 -5310.8174
16000.0 -5314.5333
16200.0 -5308.0026
16400.0 -5312.565
16600.0 -5308.5201
16800.0 -5310.7017
17000.0 -5306.9267
17200.0 -5306.941
17400.0 -5309.2162
17600.0 -5316.6712
17800.0 -5313.6007
18000.0 -5317.6373
18200.0 -5315.2992
18400.0 -5317.0165
18600.0 -5313.1324
18800.0 -5316.2763
19000.0 -5309.7454
19200.0 -5311.591
19400.0 -5311.3231
19600.0 -5309.29
19800.0 -5313.0076
20000.0 -5307.4493
20200.0 -5315.2405
20400.0 -5308.1017
20600.0 -5314.3753
20800.0 -5316.112
21000.0 -5316.0583
21200.0 -5322.2972
21400.0 -5316.0866
21600.0 -5318.1471
21800.0 -5314.9374
22000.0 -5317.106
22200.0 -5314.7187
22400.0 -5309.0396
22600.0 -5311.3101
22800.0 -5313.8092
23000.0 -5308.1909
23200.0 -5311.2967
23400.0 -5311.6368
23600.0 -5307.9253
23800.0 -5308.3916
24000.0 -5313.1432
24200.0 -5310.3379
24400.0 -5309.253
24600.0 -5314.1217
24800.0 -5315.96
25000.0 -5313.7204
25200.0 -5313.2312
25400.0 -5320.574
25600.0 -5313.8596
25800.0 -5313.0485
26000.0 -5312.927
26200.0 -5314.0327
26400.0 -5306.6144
26600.0 -5307.1867
26800.0 -5308.8076
27000.0 -5308.9627
27200.0 -5311.4322
27400.0 -5311.1497
27600.0 -5312.1448
27800.0 -5311.5098
28000.0 -5313.007
28200.0 -5314.5128
28400.0 -5313.8345
28600.0 -5311.0739
28800.0 -5313.9715
29000.0 -5315.3792
29200.0 -5309.2643
29400.0 -5312.5464
29600.0 -5314.0388
29800.0 -5308.6734
30000.0 -5305.0982
30200.0 -5311.8588
30400.0 -5304.1058
30600.0 -5305.78
30800.0 -5305.5075
31000.0 -5309.7728
31200.0 -5311.9512
31400.0 -5309.3298
31600.0 -5313.5437
31800.0 -5312.5749
32000.0 -5313.6097
32200.0 -5316.4099
32400.0 -5310.9221
32600.0 -5314.5409
32800.0 -5314.6062
33000.0 -5314.1323
33200.0 -5313.8919
33400.0 -5308.9246
33600.0 -5309.4677
33800.0 -5312.1863
34000.0 -5304.7837
34200.0 -5307.8623
34400.0 -5307.8959
34600.0 -5309.3775
34800.0 -5312.7153
35000.0 -5315.414
35200.0 -5316.274
35400.0 -5314.9815
35600.0 -5313.876
35800.0 -5315.9862
36000.0 -5309.9101
36200.0 -5317.0496
36400.0 -5308.7112
36600.0 -5310.7959
36800.0 -5311.5971
37000.0 -5307.6757
37200.0 -5304.9549
37400.0 -5314.22
37600.0 -5308.3665
37800.0 -5305.1109
38000.0 -5314.9121
38200.0 -5307.6141
38400.0 -5313.8888
38600.0 -5315.9664
38800.0 -5311.9373
39000.0 -5316.8402
39200.0 -5314.306
39400.0 -5313.0114
39600.0 -5310.9487
39800.0 -5312.0576
40000.0 -5308.7974
40200.0 -5310.2264
40400.0 -5305.3016
40600.0 -5309.5411
40800.0 -5312.83
41000.0 -5307.7698
41200.0 -5310.9231
41400.0 -5314.8106
41600.0 -5309.4669
41800.0 -5312.9373
42000.0 -5312.8204
42200.0 -5311.8662
42400.0 -5308.1573
42600.0 -5313.7843
42800.0 -5311.9881
43000.0 -5307.3506
43200.0 -5312.1681
43400.0 -5309.3924
43600.0 -5304.2515
43800.0 -5306.9896
44000.0 -5304.3309
44200.0 -5309.2805
44400.0 -5304.5179
44600.0 -5308.006
44800.0 -5308.2561
45000.0 -5318.1128
45200.0 -5307.9436
45400.0 -5315.7963
45600.0 -5310.992
45800.0 -5313.5628
46000.0 -5314.8691
46200.0 -5314.0165
46400.0 -5304.3739
46600.0 -5316.2647
46800.0 -5306.8486
47000.0 -5300.1971
47200.0 -5309.2369
47400.0 -5307.5509
47600.0 -5305.6307
47800.0 -5307.7061
48000.0 -5313.4974
48200.0 -5310.0601
48400.0 -5312.2095
48600.0 -5310.1993
48800.0 -5313.1468
49000.0 -5307.9582
49200.0 -5313.0269
49400.0 -5311.1064
49600.0 -5310.5288
49800.0 -5309.8277
50000.0 -5305.4545
50200.0 -5308.4231
50400.0 -5305.6129
50600.0 -5305.0789
50800.0 -5312.0979
51000.0 -5305.7863
51200.0 -5308.9911
51400.0 -5316.0403
51600.0 -5311.3612
51800.0 -5311.0682
52000.0 -5315.3848
52200.0 -5314.1129
52400.0 -5313.543
52600.0 -5311.3786
52800.0 -5316.0324
53000.0 -5307.89
53200.0 -5306.6104
53400.0 -5313.7677
53600.0 -5305.9225
53800.0 -5307.2029
54000.0 -5306.9396
54200.0 -5312.8493
54400.0 -5309.4344
54600.0 -5315.3297
54800.0 -5315.6386
55000.0 -5312.6738
55200.0 -5309.2513
55400.0 -5317.8054
55600.0 -5310.9185
55800.0 -5310.7507
56000.0 -5313.572
56200.0 -5310.1629
56400.0 -5309.9491
56600.0 -5313.4315
56800.0 -5309.6073
57000.0 -5313.5566
57200.0 -5314.4501
57400.0 -5314.1416
57600.0 -5319.1556
57800.0 -5314.4632
58000.0 -5314.8759
58200.0 -5316.7577
58400.0 -5312.8656
58600.0 -5313.6578
58800.0 -5307.8493
59000.0 -5313.198
59200.0 -5305.6812
59400.0 -5307.5568
59600.0 -5314.2586
59800.0 -5311.5287
60000.0 -5311.53
60200.0 -5313.4613
60400.0 -5311.7415
60600.0 -5315.1783
60800.0 -5307.8247
61000.0 -5313.5143
61200.0 -5315.6522
61400.0 -5310.1342
61600.0 -5308.9552
61800.0 -5315.5361
62000.0 -5309.3512
62200.0 -5309.4361
62400.0 -5310.171
62600.0 -5305.9323
62800.0 -5308.0502
63000.0 -5304.9488
63200.0 -5311.6218
63400.0 -5311.6157
63600.0 -5312.7361
63800.0 -5315.4765
64000.0 -5311.2403
64200.0 -5316.997
64400.0 -5315.5696
64600.0 -5311.7993
64800.0 -5311.2867
65000.0 -5311.4697
65200.0 -5313.3543
65400.0 -5308.8448
65600.0 -5308.2745
65800.0 -5305.7832
66000.0 -5310.0397
66200.0 -5308.1341
66400.0 -5318.0901
66600.0 -5311.9569
66800.0 -5316.8216
67000.0 -5319.126
67200.0 -5313.9545
67400.0 -5313.8749
67600.0 -5307.6245
67800.0 -5316.5783
68000.0 -5311.7762
68200.0 -5307.2449
68400.0 -5309.9831
68600.0 -5309.1511
68800.0 -5311.8226
69000.0 -5310.7455
69200.0 -5313.7151
69400.0 -5317.6028
69600.0 -5315.6536
69800.0 -5318.0461
70000.0 -5318.587
70200.0 -5315.7305
70400.0 -5315.8717
70600.0 -5312.3463
70800.0 -5312.9771
71000.0 -5313.5474
71200.0 -5309.9578
71400.0 -5311.7847
71600.0 -5311.175
71800.0 -5310.213
72000.0 -5310.5341
72200.0 -5313.9245
72400.0 -5308.9815
72600.0 -5312.4648
72800.0 -5317.7889
73000.0 -5317.4119
73200.0 -5317.9319
73400.0 -5316.673
73600.0 -5317.8541
73800.0 -5317.4995
74000.0 -5302.8432
74200.0 -5314.2131
74400.0 -5308.3465
74600.0 -5308.5156
74800.0 -5313.0082
75000.0 -5309.7247
75200.0 -5311.1307
75400.0 -5312.3601
75600.0 -5312.5343
75800.0 -5311.2295
76000.0 -5315.2138
76200.0 -5318.6796
76400.0 -5311.301
76600.0 -5311.4669
76800.0 -5310.8787
77000.0 -5308.391
77200.0 -5310.5934
77400.0 -5304.7739
77600.0 -5305.6739
77800.0 -5307.5144
78000.0 -5307.3441
78200.0 -5313.2042
78400.0 -5311.2163
78600.0 -5316.8419
78800.0 -5313.9799
79000.0 -5312.6633
79200.0 -5313.0504
79400.0 -5317.1784
79600.0 -5308.8596
79800.0 -5314.8757
80000.0 -5307.431
80200.0 -5311.7598
80400.0 -5310.0347
80600.0 -5302.669
80800.0 -5313.1658
81000.0 -5303.9266
81200.0 -5304.7098
81400.0 -5301.8044
81600.0 -5301.6517
81800.0 -5306.0341
82000.0 -5313.169
82200.0 -5309.597
82400.0 -5311.3287
82600.0 -5312.2644
82800.0 -5311.5159
83000.0 -5312.6701
83200.0 -5310.1985
83400.0 -5314.1942
83600.0 -5314.1634
83800.0 -5308.8991
84000.0 -5311.7273
84200.0 -5310.2151
84400.0 -5311.1845
84600.0 -5305.6407
84800.0 -5309.2536
85000.0 -5308.3486
85200.0 -5310.4823
85400.0 -5304.4282
85600.0 -5308.378
85800.0 -5311.47
86000.0 -5317.1997
86200.0 -5312.8285
86400.0 -5313.3859
86600.0 -5314.3104
86800.0 -5316.2089
87000.0 -5312.2171
87200.0 -5311.2799
87400.0 -5312.1149
87600.0 -5309.5711
87800.0 -5314.7146
88000.0 -5310.9608
88200.0 -5304.5911
88400.0 -5318.7395
88600.0 -5308.8646
88800.0 -5309.0597
89000.0 -5312.8199
89200.0 -5311.7105
89400.0 -5311.1998
89600.0 -5313.7096
89800.0 -5310.4094
90000.0 -5314.5999
90200.0 -5311.6063
90400.0 -5308.3234
90600.0 -5316.1203
90800.0 -5312.7514
91000.0 -5308.8955
91200.0 -5307.2924
91400.0 -5307.0
91600.0 -5312.3339
91800.0 -5304.7627
92000.0 -5309.3883
92200.0 -5312.509
92400.0 -5310.9033
92600.0 -5316.9707
92800.0 -5310.5207
93000.0 -5314.0606
93200.0 -5314.8629
93400.0 -5311.9018
93600.0 -5318.2883
93800.0 -5309.0339
94000.0 -5310.6066
94200.0 -5316.0363
94400.0 -5311.5741
94600.0 -5306.2084
94800.0 -5316.8976
95000.0 -5310.3028
95200.0 -5310.1687
95400.0 -5306.2052
95600.0 -5313.758
95800.0 -5308.9799
96000.0 -5313.667
96200.0 -5309.3703
96400.0 -5315.2722
96600.0 -5316.2687
96800.0 -5313.1512
97000.0 -5317.4478
97200.0 -5317.3627
97400.0 -5313.1113
97600.0 -5313.4019
97800.0 -5314.9305
98000.0 -5307.0801
98200.0 -5309.0308
98400.0 -5311.2174
98600.0 -5306.4752
98800.0 -5312.0487
99000.0 -5310.0063
99200.0 -5312.4323
99400.0 -5316.736
99600.0 -5314.2772
99800.0 -5316.4296
100000.0 -5318.3103
