0.0 -5160.9814
200.0 -5162.0798
400.0 -5161.3373
600.0 -5159.2503
800.0 -5156.2858
1000.0 -5153.4209
1200.0 -5150.8352
1400.0 -5149.0608
1600.0 -5148.0247
1800.0 -5146.9839
2000.0 -5145.8137
2200.0 -5145.1736
2400.0 -5145.3368
2600.0 -5146.0877
2800.0 -5147.1565
3000.0 -5148.5858
3200.0 -5151.8035
3400.0 -5155.0158
3600.0 -5156.8943
3800.0 -5157.5925
4000.0 -5157.6376
4200.0 -5157.1432
4400.0 -5153.9041
4600.0 -5149.8754
4800.0 -5147.7412
5000.0 -5146.9474
5200.0 -5146.9168
5400.0 -5146.7037
5600.0 -5147.3329
5800.0 -5148.6391
6000.0 -5150.248
6200.0 -5151.7086
6400.0 -5152.9932
6600.0 -5154.6148
6800.0 -5156.248
7000.0 -5157.9477
7200.0 -5159.1626
7400.0 -5159.623
7600.0 -5157.8859
7800.0 -5153.3744
8000.0 -5150.3634
8200.0 -5148.8275
8400.0 -5147.5295
8600.0 -5146.7361
8800.0 -5146.7068
9000.0 -5146.9792
9200.0 -5148.3064
9400.0 -5149.6355
9600.0 -5151.0143
9800.0 -5153.6652
10000.0 -5156.4251
10200.0 -5157.7809
10400.0 -5158.351
10600.0 -5158.348
10800.0 -5156.5846
11000.0 -5152.0734
11200.0 -5147.6921
11400.0 -5145.6787
11600.0 -5145.1637
11800.0 -5145.3626
12000.0 -5146.1654
12200.0 -5146.9976
12400.0 -5147.9165
12600.0 -5149.4528
12800.0 -5151.4374
13000.0 -5153.0531
13200.0 -5154.5988
13400.0 -5156.1475
13600.0 -5157.6166
13800.0 -5158.4032
14000.0 -5157.6697
14200.0 -5155.1901
14400.0 -5151.6237
14600.0 -5148.6217
14800.0 -5146.5475
15000.0 -5145.3005
15200.0 -5145.0659
15400.0 -5145.4892
15600.0 -5146.0982
15800.0 -5147.3022
16000.0 -5150.0544
16200.0 -5152.9435
16400.0 -5154.9318
16600.0 -5156.2486
16800.0 -5157.1883
17000.0 -5157.16
17200.0 -5155.7964
17400.0 -5153.5657
17600.0 -5152.3107
17800.0 -5151.8634
18000.0 -5150.772
18200.0 -5149.4599
18400.0 -5148.1322
18600.0 -5146.8579
18800.0 -5146.2945
19000.0 -5146.7442
19200.0 -5147.2139
19400.0 -5148.5795
19600.0 -5150.3301
19800.0 -5152.6607
20000.0 -5155.3448
20200.0 -5157.3774
20400.0 -5157.4186
20600.0 -5156.021
20800.0 -5153.91
21000.0 -5151.0024
21200.0 -5147.0663
21400.0 -5143.9531
21600.0 -5142.8909
21800.0 -5143.1286
22000.0 -5144.4215
22200.0 -5146.3663
22400.0 -5147.8393
22600.0 -5149.6969
22800.0 -5151.5071
23000.0 -5153.388
23200.0 -5154.7863
23400.0 -5154.5819
23600.0 -5153.0683
23800.0 -5149.7215
24000.0 -5145.1672
24200.0 -5142.7048
24400.0 -5142.1399
24600.0 -5142.1172
24800.0 -5143.0374
25000.0 -5145.5808
25200.0 -5147.9579
25400.0 -5149.4565
25600.0 -5150.1897
25800.0 -5150.3626
26000.0 -5150.3318
26200.0 -5150.6877
26400.0 -5151.0631
26600.0 -5150.9282
26800.0 -5149.3991
27000.0 -5145.7535
27200.0 -5141.3888
27400.0 -5138.8731
27600.0 -5137.995
27800.0 -5138.9865
28000.0 -5141.1392
28200.0 -5143.5457
28400.0 -5146.0192
28600.0 -5147.7568
28800.0 -5149.0214
29000.0 -5150.2708
29200.0 -5150.8261
29400.0 -5151.0646
29600.0 -5151.4089
29800.0 -5151.793
30000.0 -5151.6934
30200.0 -5150.5229
30400.0 -5148.3016
30600.0 -5144.9064
30800.0 -5142.1273
31000.0 -5139.726
31200.0 -5138.79
31400.0 -5139.4894
31600.0 -5141.4643
31800.0 -5144.6589
32000.0 -5147.9762
32200.0 -5150.4664
32400.0 -5151.6117
32600.0 -5151.8595
32800.0 -5151.7578
33000.0 -5151.7083
33200.0 -5151.161
33400.0 -5149.8125
33600.0 -5147.3244
33800.0 -5145.0522
34000.0 -5143.0122
34200.0 -5141.4431
34400.0 -5141.0116
34600.0 -5142.0265
34800.0 -5145.8664
35000.0 -5150.2867
35200.0 -5152.9622
35400.0 -5154.0561
35600.0 -5154.3051
35800.0 -5153.8501
36000.0 -5152.0097
36200.0 -5149.6778
36400.0 -5148.1536
36600.0 -5145.9099
36800.0 -5143.0411
37000.0 -5141.9611
37200.0 -5142.0884
37400.0 -5143.1849
37600.0 -5144.7385
37800.0 -5146.386
38000.0 -5147.2904
38200.0 -5147.7395
38400.0 -5148.382
38600.0 -5149.5471
38800.0 -5150.5249
39000.0 -5151.3665
39200.0 -5151.9023
39400.0 -5152.1423
39600.0 -5151.4343
39800.0 -5149.6205
40000.0 -5146.3597
40200.0 -5142.6388
40400.0 -5141.0847
40600.0 -5141.2248
40800.0 -5141.779
41000.0 -5143.6933
41200.0 -5146.9467
41400.0 -5149.0221
41600.0 -5150.082
41800.0 -5150.1686
42000.0 -5150.2502
42200.0 -5150.769
42400.0 -5150.93
42600.0 -5150.2699
42800.0 -5149.4274
43000.0 -5147.8171
43200.0 -5144.5562
43400.0 -5141.1534
43600.0 -5138.743
43800.0 -5137.6214
44000.0 -5138.3552
44200.0 -5140.9535
44400.0 -5144.8254
44600.0 -5146.9607
44800.0 -5147.5332
45000.0 -5147.666
45200.0 -5148.3768
45400.0 -5149.4314
45600.0 -5150.4148
45800.0 -5151.2149
46000.0 -5152.256
46200.0 -5152.6972
46400.0 -5152.579
46600.0 -5152.1757
46800.0 -5150.8639
47000.0 -5147.946
47200.0 -5144.6069
47400.0 -5142.9158
47600.0 -5142.3747
47800.0 -5142.4345
48000.0 -5144.2171
48200.0 -5146.8832
48400.0 -5149.1644
48600.0 -5150.9506
48800.0 -5152.2411
49000.0 -5152.7884
49200.0 -5152.3283
49400.0 -5151.4153
49600.0 -5150.4046
49800.0 -5149.3489
50000.0 -5148.1706
50200.0 -5146.5479
50400.0 -5145.0602
50600.0 -5143.4408
50800.0 -5141.2572
51000.0 -5138.8836
51200.0 -5136.306
51400.0 -5135.3705
51600.0 -5137.2118
51800.0 -5141.0721
52000.0 -5144.7558
52200.0 -5147.1318
52400.0 -5149.0123
52600.0 -5150.0867
52800.0 -5150.9478
53000.0 -5151.2433
53200.0 -5151.3998
53400.0 -5150.7918
53600.0 -5149.7404
53800.0 -5148.7587
54000.0 -5146.3368
54200.0 -5143.002
54400.0 -5141.5898
54600.0 -5141.8305
54800.0 -5142.9114
55000.0 -5145.1497
55200.0 -5148.1328
55400.0 -5152.2603
55600.0 -5154.2771
55800.0 -5154.1382
56000.0 -5153.4518
56200.0 -5152.5212
56400.0 -5151.3849
56600.0 -5149.4408
56800.0 -5147.6368
57000.0 -5146.231
57200.0 -5145.4219
57400.0 -5144.1798
57600.0 -5142.3291
57800.0 -5141.4685
58000.0 -5141.3795
58200.0 -5141.7997
58400.0 -5143.4558
58600.0 -5146.8067
58800.0 -5149.8098
59000.0 -5152.1214
59200.0 -5153.5336
59400.0 -5154.1301
59600.0 -5153.5798
59800.0 -5152.4934
60000.0 -5150.7576
60200.0 -5147.9821
60400.0 -5145.1988
60600.0 -5142.8912
60800.0 -5140.8286
61000.0 -5139.01
61200.0 -5137.8771
61400.0 -5139.5372
61600.0 -5143.9713
61800.0 -5148.6873
62000.0 -5152.0134
62200.0 -5153.5459
62400.0 -5153.5607
62600.0 -5153.7181
62800.0 -5153.8211
63000.0 -5152.9691
63200.0 -5150.544
63400.0 -5147.5567
63600.0 -5145.3827
63800.0 -5144.2628
64000.0 -5144.3505
64200.0 -5144.7381
64400.0 -5145.2029
64600.0 -5146.458
64800.0 -5149.8023
65000.0 -5154.0631
65200.0 -5156.9054
65400.0 -5157.8
65600.0 -5156.9057
65800.0 -5155.3422
66000.0 -5153.0339
66200.0 -5150.5802
66400.0 -5149.1859
66600.0 -5148.1805
66800.0 -5147.4769
67000.0 -5146.7291
67200.0 -5146.1532
67400.0 -5145.7695
67600.0 -5145.261
67800.0 -5143.9944
68000.0 -5142.6139
68200.0 -5142.498
68400.0 -5143.6543
68600.0 -5145.7643
68800.0 -5148.6951
69000.0 -5151.3403
69200.0 -5153.0582
69400.0 -5153.9262
69600.0 -5154.0483
69800.0 -5153.5511
70000.0 -5152.0649
70200.0 -5148.9963
70400.0 -5145.346
70600.0 -5143.5485
70800.0 -5143.3764
71000.0 -5143.4972
71200.0 -5143.9897
71400.0 -5145.5027
71600.0 -5147.3379
71800.0 -5149.0914
72000.0 -5150.3764
72200.0 -5150.9667
72400.0 -5151.1637
72600.0 -5151.5287
72800.0 -5151.4195
73000.0 -5150.7053
73200.0 -5148.5474
73400.0 -5144.4843
73600.0 -5140.3931
73800.0 -5138.4052
74000.0 -5138.2133
74200.0 -5139.5098
74400.0 -5142.108
74600.0 -5145.1776
74800.0 -5147.3504
75000.0 -5148.8687
75200.0 -5149.7126
75400.0 -5150.4351
75600.0 -5151.297
75800.0 -5151.2863
76000.0 -5150.8284
76200.0 -5150.327
76400.0 -5148.3126
76600.0 -5144.0291
76800.0 -5141.3569
77000.0 -5140.6833
77200.0 -5141.3787
77400.0 -5143.0614
77600.0 -5145.2813
77800.0 -5147.3571
78000.0 -5148.9906
78200.0 -5149.9403
78400.0 -5150.4694
78600.0 -5150.5671
78800.0 -5150.7273
79000.0 -5151.2111
79200.0 -5151.381
79400.0 -5151.2612
79600.0 -5150.5112
79800.0 -5147.899
80000.0 -5144.2345
80200.0 -5141.2516
80400.0 -5138.657
80600.0 -5137.2103
80800.0 -5137.4403
81000.0 -5139.5028
81200.0 -5141.6282
81400.0 -5143.3651
81600.0 -5145.4676
81800.0 -5147.5365
82000.0 -5148.428
82200.0 -5149.5463
82400.0 -5151.1914
82600.0 -5152.251
82800.0 -5152.4312
83000.0 -5152.4992
83200.0 -5152.7394
83400.0 -5151.9942
83600.0 -5150.5838
83800.0 -5148.5812
84000.0 -5145.7382
84200.0 -5143.4704
84400.0 -5141.9458
84600.0 -5141.179
84800.0 -5140.9259
85000.0 -5141.4319
85200.0 -5145.2793
85400.0 -5149.77
85600.0 -5152.0672
85800.0 -5152.9505
86000.0 -5153.011
86200.0 -5152.3337
86400.0 -5151.7272
86600.0 -5150.1293
86800.0 -5147.5598
87000.0 -5145.6342
87200.0 -5144.3071
87400.0 -5142.5092
87600.0 -5140.4708
87800.0 -5138.7399
88000.0 -5136.631
88200.0 -5135.5455
88400.0 -5137.5342
88600.0 -5141.2783
88800.0 -5144.8463
89000.0 -5147.2014
89200.0 -5148.7772
89400.0 -5149.991
89600.0 -5151.0495
89800.0 -5152.1687
90000.0 -5152.9961
90200.0 -5152.6706
90400.0 -5151.769
90600.0 -5150.1374
90800.0 -5147.2835
91000.0 -5143.6328
91200.0 -5141.51
91400.0 -5140.6732
91600.0 -5141.0744
91800.0 -5142.8882
92000.0 -5145.5134
92200.0 -5147.7134
92400.0 -5149.1688
92600.0 -5149.8161
92800.0 -5150.4066
93000.0 -5150.4751
93200.0 -5150.0859
93400.0 -5149.6909
93600.0 -5149.4623
93800.0 -5148.6212
94000.0 -5147.6336
94200.0 -5146.2483
94400.0 -5144.2546
94600.0 -5142.3329
94800.0 -5141.2685
95000.0 -5141.2887
95200.0 -5141.8173
95400.0 -5143.5839
95600.0 -5147.092
95800.0 -5150.5249
96000.0 -5152.5389
96200.0 -5153.7001
96400.0 -5154.1097
96600.0 -5153.9279
96800.0 -5153.0247
97000.0 -5151.1509
97200.0 -5148.5372
97400.0 -5146.562
97600.0 -5145.1805
97800.0 -5143.9066
98000.0 -5143.5526
98200.0 -5143.9908
98400.0 -5144.7404
98600.0 -5145.4149
98800.0 -5146.2499
99000.0 -5147.8755
99200.0 -5148.675
99400.0 -5148.8424
99600.0 -5149.6577
99800.0 -5151.3917
100000.0 -5153.004
