0.0 385.56397
200.0 384.672
400.0 384.21423
600.0 384.06043
800.0 384.03016
1000.0 383.96446
1200.0 383.83441
1400.0 383.66529
1600.0 383.44948
1800.0 383.34389
2000.0 383.38352
2200.0 383.60827
2400.0 384.03813
2600.0 384.63633
2800.0 385.34321
3000.0 386.10053
3200.0 386.77905
3400.0 387.38649
3600.0 387.87544
3800.0 388.18371
4000.0 388.42497
4200.0 388.63527
4400.0 388.51813
4600.0 387.78952
4800.0 386.21196
5000.0 383.98411
5200.0 381.94254
5400.0 380.5801
5600.0 379.85661
5800.0 379.63575
6000.0 379.72483
6200.0 379.86287
6400.0 379.89511
6600.0 379.80228
6800.0 379.71054
7000.0 379.90195
7200.0 380.67941
7400.0 382.29926
7600.0 384.47882
7800.0 386.47075
8000.0 387.72703
8200.0 388.17869
8400.0 388.11043
8600.0 387.92576
8800.0 387.81293
9000.0 387.80778
9200.0 387.65973
9400.0 387.14555
9600.0 386.19558
9800.0 384.97882
10000.0 383.72863
10200.0 382.69507
10400.0 382.09176
10600.0 381.92853
10800.0 382.19969
11000.0 382.79153
11200.0 383.3709
11400.0 383.76199
11600.0 383.98739
11800.0 384.22624
12000.0 384.62474
12200.0 385.58335
12400.0 387.28403
12600.0 389.50764
12800.0 391.44032
13000.0 392.34565
13200.0 392.02172
13400.0 390.61067
13600.0 388.75297
13800.0 387.24555
14000.0 386.38442
14200.0 386.06112
14400.0 386.08014
14600.0 386.13409
14800.0 385.97689
15000.0 385.50429
15200.0 384.75072
15400.0 383.91486
15600.0 383.19897
15800.0 382.73615
16000.0 382.56396
16200.0 382.75796
16400.0 383.46081
16600.0 384.62415
16800.0 385.98789
17000.0 387.19175
17200.0 388.03765
17400.0 388.47682
17600.0 388.61195
17800.0 388.61862
18000.0 388.49981
18200.0 388.21937
18400.0 387.56759
18600.0 386.32528
18800.0 384.53742
19000.0 382.63973
19200.0 381.12905
19400.0 380.22813
19600.0 379.94552
19800.0 380.24678
20000.0 381.11512
20200.0 382.35365
20400.0 383.64043
20600.0 384.70853
20800.0 385.56224
21000.0 386.35856
21200.0 387.29858
21400.0 388.16935
21600.0 388.6685
21800.0 388.6596
22000.0 388.01907
22200.0 386.82878
22400.0 385.39536
22600.0 384.16875
22800.0 383.1993
23000.0 382.33283
23200.0 381.52238
23400.0 380.73896
23600.0 380.03181
23800.0 379.63624
24000.0 379.85101
24200.0 380.79643
24400.0 382.29807
24600.0 383.97473
24800.0 385.39565
25000.0 386.2743
25200.0 386.56802
25400.0 386.38602
25600.0 385.94043
25800.0 385.51106
26000.0 385.2623
26200.0 385.23246
26400.0 385.46796
26600.0 385.74941
26800.0 385.76396
27000.0 385.28058
27200.0 384.18504
27400.0 382.58399
27600.0 380.93925
27800.0 379.89843
28000.0 379.87342
28200.0 380.94871
28400.0 383.20934
28600.0 385.9429
28800.0 387.93815
29000.0 388.78495
29200.0 388.60398
29400.0 387.64236
29600.0 386.33649
29800.0 385.05561
30000.0 384.10748
30200.0 383.84167
30400.0 384.12245
30600.0 384.41577
30800.0 384.47179
31000.0 384.26577
31200.0 383.91638
31400.0 383.57179
31600.0 383.39756
31800.0 383.4945
32000.0 383.9008
32200.0 384.54214
32400.0 385.22026
32600.0 385.5199
32800.0 385.12434
33000.0 384.06639
33200.0 382.70386
33400.0 381.62266
33600.0 381.15306
33800.0 381.32864
34000.0 381.96363
34200.0 382.78862
34400.0 383.54106
34600.0 384.00497
34800.0 384.15807
35000.0 384.16575
35200.0 384.1336
35400.0 384.31169
35600.0 384.91938
35800.0 385.85434
36000.0 386.82313
36200.0 387.50722
36400.0 387.67999
36600.0 387.31183
36800.0 386.60253
37000.0 385.90267
37200.0 385.34825
37400.0 385.11088
37600.0 385.11781
37800.0 385.35467
38000.0 385.81505
38200.0 386.19785
38400.0 386.23228
38600.0 385.83275
38800.0 385.03105
39000.0 383.96718
39200.0 382.94951
39400.0 382.40259
39600.0 382.54425
39800.0 383.37237
40000.0 384.6883
40200.0 385.8656
40400.0 386.43728
40600.0 386.30812
40800.0 385.55829
41000.0 384.4854
41200.0 383.4203
41400.0 382.62369
41600.0 382.35394
41800.0 382.62398
42000.0 383.41595
42200.0 384.5693
42400.0 385.69604
42600.0 386.57101
42800.0 387.08686
43000.0 387.35465
43200.0 387.35865
43400.0 387.15754
43600.0 386.84814
43800.0 386.49267
44000.0 385.97807
44200.0 385.28328
44400.0 384.38672
44600.0 383.3069
44800.0 382.26459
45000.0 381.38636
45200.0 380.70532
45400.0 380.17222
45600.0 379.59898
45800.0 378.88608
46000.0 378.10949
46200.0 377.63652
46400.0 377.92424
46600.0 379.21908
46800.0 381.35707
47000.0 383.67518
47200.0 385.48034
47400.0 386.62085
47600.0 387.25317
47800.0 387.54094
48000.0 387.64716
48200.0 387.72746
48400.0 387.69708
48600.0 387.50643
48800.0 387.09233
49000.0 386.40117
49200.0 385.44505
49400.0 384.26414
49600.0 383.00507
49800.0 381.83311
50000.0 380.81437
50200.0 379.99015
50400.0 379.28459
50600.0 378.58153
50800.0 377.90432
51000.0 377.38098
51200.0 377.04912
51400.0 377.11518
51600.0 378.22224
51800.0 380.59938
52000.0 383.49546
52200.0 385.80134
52400.0 387.16616
52600.0 387.75947
52800.0 387.90231
53000.0 387.81976
53200.0 387.63125
53400.0 387.4109
53600.0 387.21735
53800.0 386.80227
54000.0 385.79316
54200.0 384.15462
54400.0 382.27953
54600.0 380.72032
54800.0 379.84373
55000.0 379.69698
55200.0 380.20338
55400.0 381.17329
55600.0 382.18732
55800.0 382.92615
56000.0 383.38159
56200.0 383.69193
56400.0 384.22027
56600.0 385.02698
56800.0 386.07828
57000.0 387.02309
57200.0 387.51797
57400.0 387.49298
57600.0 387.11534
57800.0 386.50528
58000.0 385.70191
58200.0 385.02864
58400.0 384.86057
58600.0 385.23677
58800.0 385.96677
59000.0 386.6867
59200.0 387.13968
59400.0 387.07984
59600.0 386.50744
59800.0 385.5355
60000.0 384.44641
60200.0 383.5085
60400.0 382.94007
60600.0 382.79462
60800.0 382.94251
61000.0 383.12174
61200.0 383.15092
61400.0 382.80489
61600.0 381.96192
61800.0 380.86885
62000.0 380.03934
62200.0 379.81944
62400.0 380.45658
62600.0 382.06929
62800.0 384.30146
63000.0 386.34894
63200.0 387.62671
63400.0 388.14701
63600.0 388.23925
63800.0 388.26235
64000.0 388.28841
64200.0 388.17614
64400.0 387.83128
64600.0 386.98722
64800.0 385.57803
65000.0 383.86284
65200.0 382.29986
65400.0 381.18221
65600.0 380.53809
65800.0 380.23067
66000.0 380.15124
66200.0 380.13973
66400.0 379.97059
66600.0 379.78711
66800.0 380.05529
67000.0 381.01405
67200.0 382.6808
67400.0 384.65485
67600.0 386.35333
67800.0 387.47056
68000.0 387.91217
68200.0 387.84499
68400.0 387.68679
68600.0 387.64892
68800.0 387.58999
69000.0 387.40329
69200.0 386.86085
69400.0 385.62894
69600.0 383.5749
69800.0 380.87374
70000.0 378.30521
70200.0 376.82136
70400.0 376.60959
70600.0 377.38356
70800.0 378.65106
71000.0 379.92557
71200.0 380.92106
71400.0 381.6619
71600.0 382.31963
71800.0 383.05905
72000.0 383.87336
72200.0 384.64572
72400.0 385.2439
72600.0 385.62616
72800.0 385.77586
73000.0 385.77961
73200.0 385.72957
73400.0 385.71449
73600.0 385.79007
73800.0 385.90532
74000.0 386.02428
74200.0 386.1094
74400.0 385.85202
74600.0 384.85298
74800.0 382.99139
75000.0 380.65708
75200.0 378.68952
75400.0 377.69241
75600.0 377.81823
75800.0 378.85503
76000.0 380.2519
76200.0 381.55297
76400.0 382.56876
76600.0 383.25712
76800.0 383.71485
77000.0 384.10574
77200.0 384.5656
77400.0 385.02529
77600.0 385.51653
77800.0 386.00468
78000.0 386.45297
78200.0 386.8868
78400.0 387.37502
78600.0 387.92478
78800.0 388.2934
79000.0 388.18074
79200.0 387.65844
79400.0 386.80032
79600.0 385.69618
79800.0 384.65514
80000.0 383.84018
80200.0 383.10499
80400.0 382.36195
80600.0 381.60294
80800.0 380.8842
81000.0 380.34143
81200.0 380.14182
81400.0 380.52309
81600.0 381.74233
81800.0 383.74203
82000.0 386.04501
82200.0 388.12357
82400.0 389.63505
82600.0 390.49382
82800.0 390.87879
83000.0 390.81651
83200.0 390.17873
83400.0 388.92263
83600.0 387.18294
83800.0 385.28443
84000.0 383.54635
84200.0 382.23751
84400.0 381.48269
84600.0 381.22375
84800.0 381.39188
85000.0 381.94095
85200.0 382.7627
85400.0 383.66009
85600.0 384.58408
85800.0 385.48725
86000.0 386.31575
86200.0 387.04708
86400.0 387.70831
86600.0 388.35643
86800.0 388.98699
87000.0 389.41525
87200.0 389.24015
87400.0 387.96923
87600.0 385.28686
87800.0 382.0485
88000.0 379.8982
88200.0 379.11923
88400.0 379.2713
88600.0 379.98931
88800.0 380.94193
89000.0 381.75533
89200.0 382.15805
89400.0 382.05654
89600.0 381.63593
89800.0 381.31622
90000.0 381.45128
90200.0 382.2478
90400.0 383.69433
90600.0 385.4123
90800.0 386.93828
91000.0 387.93707
91200.0 388.34477
91400.0 388.32993
91600.0 388.07197
91800.0 387.75323
92000.0 387.31622
92200.0 386.65349
92400.0 385.58524
92600.0 384.02756
92800.0 382.02442
93000.0 380.09436
93200.0 378.75728
93400.0 378.33439
93600.0 379.05174
93800.0 380.63921
94000.0 382.365
94200.0 383.72145
94400.0 384.58773
94600.0 385.12215
94800.0 385.43677
95000.0 385.60556
95200.0 385.66614
95400.0 385.69833
95600.0 385.70036
95800.0 385.63257
96000.0 385.41742
96200.0 385.0185
96400.0 384.52283
96600.0 383.95632
96800.0 383.39955
97000.0 382.93028
97200.0 382.6358
97400.0 382.47702
97600.0 382.56183
97800.0 383.03047
98000.0 383.7932
98200.0 384.78342
98400.0 385.8191
98600.0 386.6127
98800.0 387.06518
99000.0 387.26945
99200.0 387.34009
99400.0 387.30584
99600.0 387.2032
99800.0 387.02355
100000.0 386.58047
