0.0 2.6726381
200.0 2.6897508
400.0 2.6742228
600.0 2.6833631
800.0 2.6623563
1000.0 2.6740827
1200.0 2.673635
1400.0 2.6685078
1600.0 2.6707667
1800.0 2.6644609
2000.0 2.6656527
2200.0 2.6539605
2400.0 2.6492303
2600.0 2.6674435
2800.0 2.6462497
3000.0 2.6520921
3200.0 2.6636827
3400.0 2.6560945
3600.0 2.6592856
3800.0 2.6641418
4000.0 2.6635165
4200.0 2.6737484
4400.0 2.6690383
4600.0 2.6695448
4800.0 2.6654855
5000.0 2.6865726
5200.0 2.6682267
5400.0 2.6854042
5600.0 2.6822772
5800.0 2.6745293
6000.0 2.6883263
6200.0 2.6605981
6400.0 2.6934295
6600.0 2.6709593
6800.0 2.6792839
7000.0 2.6764628
7200.0 2.6534098
7400.0 2.6803972
7600.0 2.6693365
7800.0 2.6479925
8000.0 2.6697018
8200.0 2.6529822
8400.0 2.6498364
8600.0 2.6443558
8800.0 2.6464065
9000.0 2.647494
9200.0 2.6462793
9400.0 2.6496449
9600.0 2.6447676
9800.0 2.6448318
10000.0 2.661317
10200.0 2.6464783
10400.0 2.651501
10600.0 2.6449421
10800.0 2.662238
11000.0 2.6586538
11200.0 2.647978
11400.0 2.6683713
11600.0 2.6598082
11800.0 2.6620918
12000.0 2.6742096
12200.0 2.6468506
12400.0 2.6806727
12600.0 2.6574814
12800.0 2.6727826
13000.0 2.6542647
13200.0 2.6636956
13400.0 2.6207722
13600.0 2.6336271
13800.0 2.64441
14000.0 2.6346899
14200.0 2.6457174
14400.0 2.6428587
14600.0 2.6604889
14800.0 2.6660076
15000.0 2.6462495
15200.0 2.6513573
15400.0 2.6678859
15600.0 2.6738763
15800.0 2.6702518
16000.0 2.6744333
16200.0 2.6707891
16400.0 2.6722339
16600.0 2.6731071
16800.0 2.6685331
17000.0 2.6717077
17200.0 2.6714275
17400.0 2.6524676
17600.0 2.6658577
17800.0 2.6617167
18000.0 2.6616689
18200.0 2.6485103
18400.0 2.6546128
18600.0 2.669342
18800.0 2.6544079
19000.0 2.6711779
19200.0 2.6529269
19400.0 2.6679082
19600.0 2.6599979
19800.0 2.6836725
20000.0 2.6508663
20200.0 2.6833461
20400.0 2.668583
20600.0 2.6767522
20800.0 2.6886702
21000.0 2.6887306
21200.0 2.6729872
21400.0 2.6863346
21600.0 2.6663025
21800.0 2.6808445
22000.0 2.6566848
22200.0 2.6734045
22400.0 2.6511853
22600.0 2.6836652
22800.0 2.6610056
23000.0 2.6535711
23200.0 2.6589737
23400.0 2.672098
23600.0 2.6637796
23800.0 2.6549461
24000.0 2.6772001
24200.0 2.6655717
24400.0 2.6627111
24600.0 2.6742069
24800.0 2.654338
25000.0 2.6574143
25200.0 2.6773782
25400.0 2.6647428
25600.0 2.6721018
25800.0 2.6643575
26000.0 2.6535525
26200.0 2.6676462
26400.0 2.657576
26600.0 2.6537633
26800.0 2.6597749
27000.0 2.6446358
27200.0 2.6573553
27400.0 2.6287397
27600.0 2.6544614
27800.0 2.6369118
28000.0 2.6426375
28200.0 2.6483542
28400.0 2.6447198
28600.0 2.6643728
28800.0 2.6473354
29000.0 2.6597783
29200.0 2.6625611
29400.0 2.6614587
29600.0 2.6794499
29800.0 2.6692458
30000.0 2.6630517
30200.0 2.6661071
30400.0 2.6883817
30600.0 2.6674628
30800.0 2.6816503
31000.0 2.6804489
31200.0 2.6578581
31400.0 2.6716767
31600.0 2.6685167
31800.0 2.6437344
32000.0 2.6525692
32200.0 2.6571814
32400.0 2.6504481
32600.0 2.6412572
32800.0 2.6373844
33000.0 2.6297725
33200.0 2.6362049
33400.0 2.642557
33600.0 2.6120011
33800.0 2.6090029
34000.0 2.6137462
34200.0 2.6122516
34400.0 2.6127196
34600.0 2.6397744
34800.0 2.6046552
35000.0 2.6146566
35200.0 2.6209499
35400.0 2.6055136
35600.0 2.6209401
35800.0 2.591679
36000.0 2.6241486
36200.0 2.6120931
36400.0 2.6080694
36600.0 2.61757
36800.0 2.6172473
37000.0 2.6192171
37200.0 2.6166411
37400.0 2.6299886
37600.0 2.6307557
37800.0 2.6112709
38000.0 2.6372167
38200.0 2.6330625
38400.0 2.6201662
38600.0 2.6343963
38800.0 2.6272139
39000.0 2.629038
39200.0 2.6264365
39400.0 2.6387584
39600.0 2.619613
39800.0 2.6311469
40000.0 2.6383509
40200.0 2.6275969
40400.0 2.6207949
40600.0 2.641772
40800.0 2.6275963
41000.0 2.6256447
41200.0 2.6302877
41400.0 2.6347237
41600.0 2.654054
41800.0 2.6373466
42000.0 2.6543196
42200.0 2.6604241
42400.0 2.6519851
42600.0 2.6647265
42800.0 2.6438491
43000.0 2.6540084
43200.0 2.6461455
43400.0 2.641116
43600.0 2.6472804
43800.0 2.6328522
44000.0 2.6460477
44200.0 2.6491684
44400.0 2.6300934
44600.0 2.6420956
44800.0 2.6307541
45000.0 2.6519695
45200.0 2.6236126
45400.0 2.6421247
45600.0 2.6315087
45800.0 2.6260998
46000.0 2.6457044
46200.0 2.6226291
46400.0 2.6242707
46600.0 2.6349386
46800.0 2.613733
47000.0 2.6476396
47200.0 2.6120282
47400.0 2.6321316
47600.0 2.630189
47800.0 2.6492166
48000.0 2.6493176
48200.0 2.6529703
48400.0 2.6342096
48600.0 2.6349759
48800.0 2.655495
49000.0 2.6359743
49200.0 2.6522378
49400.0 2.6555854
49600.0 2.6359376
49800.0 2.6500763
50000.0 2.640537
50200.0 2.6506126
50400.0 2.651091
50600.0 2.6404988
50800.0 2.6378259
51000.0 2.6491183
51200.0 2.6473457
51400.0 2.6514707
51600.0 2.6485315
51800.0 2.6456437
52000.0 2.6733621
52200.0 2.6625511
52400.0 2.6665307
52600.0 2.6657144
52800.0 2.6650504
53000.0 2.670505
53200.0 2.6622628
53400.0 2.6679012
53600.0 2.6589349
53800.0 2.6391773
54000.0 2.6572785
54200.0 2.6390795
54400.0 2.6419009
54600.0 2.6335268
54800.0 2.6517461
55000.0 2.6398013
55200.0 2.6592839
55400.0 2.6423821
55600.0 2.6374129
55800.0 2.6626474
56000.0 2.6635446
56200.0 2.6494542
56400.0 2.6613677
56600.0 2.6469441
56800.0 2.6531151
57000.0 2.6526532
57200.0 2.6535336
57400.0 2.6383772
57600.0 2.6604093
57800.0 2.6458228
58000.0 2.6581401
58200.0 2.6520012
58400.0 2.6598259
58600.0 2.6649796
58800.0 2.6638273
59000.0 2.6684957
59200.0 2.6618227
59400.0 2.6797769
59600.0 2.6617008
59800.0 2.6793361
60000.0 2.674424
60200.0 2.6766479
60400.0 2.6665091
60600.0 2.6819998
60800.0 2.6920247
61000.0 2.679436
61200.0 2.6952671
61400.0 2.688327
61600.0 2.6970048
61800.0 2.6965265
62000.0 2.6909219
62200.0 2.6951207
62400.0 2.7012452
62600.0 2.6901663
62800.0 2.6741345
63000.0 2.684124
63200.0 2.6679005
63400.0 2.6948752
63600.0 2.6540014
63800.0 2.6802208
64000.0 2.6542554
64200.0 2.6715134
64400.0 2.6720989
64600.0 2.6539046
64800.0 2.6776384
65000.0 2.6546817
65200.0 2.6653214
65400.0 2.6653212
65600.0 2.6619872
65800.0 2.6970816
66000.0 2.6697489
66200.0 2.685992
66400.0 2.6803439
66600.0 2.6795839
66800.0 2.6793534
67000.0 2.6846511
67200.0 2.6814719
67400.0 2.6660651
67600.0 2.6857612
67800.0 2.6834656
68000.0 2.671116
68200.0 2.6779801
68400.0 2.6557223
68600.0 2.6869022
68800.0 2.6818441
69000.0 2.683054
69200.0 2.6837708
69400.0 2.69521
69600.0 2.6992973
69800.0 2.681766
70000.0 2.7090008
70200.0 2.6818963
70400.0 2.7060093
70600.0 2.6743858
70800.0 2.6701151
71000.0 2.6905973
71200.0 2.6596247
71400.0 2.6688138
71600.0 2.6504293
71800.0 2.6648481
72000.0 2.6548618
72200.0 2.664723
72400.0 2.6592265
72600.0 2.6468565
72800.0 2.6779334
73000.0 2.6535299
73200.0 2.6663323
73400.0 2.6835907
73600.0 2.6911532
73800.0 2.664394
74000.0 2.7035575
74200.0 2.6739952
74400.0 2.6828581
74600.0 2.6694072
74800.0 2.6932979
75000.0 2.6734819
75200.0 2.6790067
75400.0 2.6594575
75600.0 2.6890819
75800.0 2.6753138
76000.0 2.6694289
76200.0 2.6666063
76400.0 2.7002811
76600.0 2.6749452
76800.0 2.6910247
77000.0 2.6820631
77200.0 2.675603
77400.0 2.6975787
77600.0 2.6709343
77800.0 2.6712187
78000.0 2.6720149
78200.0 2.6716139
78400.0 2.6778176
78600.0 2.653752
78800.0 2.6628447
79000.0 2.6669254
79200.0 2.6694491
79400.0 2.6723279
79600.0 2.6767141
79800.0 2.697438
80000.0 2.6882966
80200.0 2.6913593
80400.0 2.6682628
80600.0 2.6957401
80800.0 2.6818166
81000.0 2.6811141
81200.0 2.6657959
81400.0 2.6765857
81600.0 2.6784456
81800.0 2.6639173
82000.0 2.6704825
82200.0 2.669664
82400.0 2.6714855
82600.0 2.6534044
82800.0 2.6678455
83000.0 2.6766974
83200.0 2.6538461
83400.0 2.6355251
83600.0 2.6491707
83800.0 2.6390417
84000.0 2.6263778
84200.0 2.6499753
84400.0 2.639018
84600.0 2.6515346
84800.0 2.6446447
85000.0 2.6592663
85200.0 2.6554684
85400.0 2.6470067
85600.0 2.6639551
85800.0 2.6527849
86000.0 2.6677283
86200.0 2.6678585
86400.0 2.6724067
86600.0 2.6646777
86800.0 2.6849208
87000.0 2.6623838
87200.0 2.6937814
87400.0 2.6756856
87600.0 2.6792687
87800.0 2.6902383
88000.0 2.6823722
88200.0 2.6858115
88400.0 2.6885202
88600.0 2.6865037
88800.0 2.6770069
89000.0 2.706863
89200.0 2.6839426
89400.0 2.6813816
89600.0 2.6809441
89800.0 2.6797526
90000.0 2.6709766
90200.0 2.6713925
90400.0 2.6873196
90600.0 2.6610498
90800.0 2.685603
91000.0 2.676992
91200.0 2.6675412
91400.0 2.6853834
91600.0 2.6784772
91800.0 2.6805104
92000.0 2.6877302
92200.0 2.6850639
92400.0 2.6998746
92600.0 2.6927829
92800.0 2.6945364
93000.0 2.6934718
93200.0 2.6973915
93400.0 2.7019513
93600.0 2.6854664
93800.0 2.6894546
94000.0 2.6894217
94200.0 2.6731382
94400.0 2.6839232
94600.0 2.676651
94800.0 2.682623
95000.0 2.6756339
95200.0 2.6649748
95400.0 2.6837371
95600.0 2.6696386
95800.0 2.6767014
96000.0 2.6806668
96200.0 2.6584861
96400.0 2.6840542
96600.0 2.6541308
96800.0 2.6644485
97000.0 2.6752092
97200.0 2.6751202
97400.0 2.6809547
97600.0 2.6763861
97800.0 2.6656406
98000.0 2.6855714
98200.0 2.6905899
98400.0 2.6419195
98600.0 2.6687848
98800.0 2.6609292
99000.0 2.6608767
99200.0 2.6732739
99400.0 2.6719898
99600.0 2.6518828
99800.0 2.6658963
100000.0 2.6612957
