0.0 -8.9099484
200.0 -9.8764485
400.0 -8.4416085
600.0 -9.2789446
800.0 -8.5669382
1000.0 -6.9200056
1200.0 -7.1260256
1400.0 -7.1693222
1600.0 -7.0377851
1800.0 -6.9717883
2000.0 -8.3346592
2200.0 -7.2161985
2400.0 -8.0398075
2600.0 -9.1491817
2800.0 -8.3654763
3000.0 -8.1038827
3200.0 -8.274575
3400.0 -8.7971886
3600.0 -9.0254989
3800.0 -7.1772586
4000.0 -7.6093798
4200.0 -7.8340336
4400.0 -7.9795882
4600.0 -7.921645
4800.0 -7.585957
5000.0 -6.8993754
5200.0 -7.2754596
5400.0 -6.647035
5600.0 -6.7922681
5800.0 -7.6061425
6000.0 -7.7310755
6200.0 -8.6339553
6400.0 -6.6313914
6600.0 -8.4405444
6800.0 -8.2279258
7000.0 -8.568405
7200.0 -8.4747485
7400.0 -8.9015246
7600.0 -8.0971107
7800.0 -8.7913007
8000.0 -9.3505528
8200.0 -8.0410803
8400.0 -8.5641957
8600.0 -8.1119892
8800.0 -7.0208271
9000.0 -6.5200219
9200.0 -7.7914918
9400.0 -7.0686091
9600.0 -7.0950008
9800.0 -7.6888508
10000.0 -6.8556944
10200.0 -6.8528922
10400.0 -6.9234258
10600.0 -7.2874176
10800.0 -7.290024
11000.0 -7.2179988
11200.0 -6.9000194
11400.0 -7.9496255
11600.0 -8.6359003
11800.0 -7.5754571
12000.0 -9.2210614
12200.0 -8.7519513
12400.0 -8.9731406
12600.0 -9.5068131
12800.0 -9.0301422
13000.0 -9.301158
13200.0 -6.7706915
13400.0 -9.0975964
13600.0 -8.0539417
13800.0 -6.8985543
14000.0 -7.0839667
14200.0 -7.1052729
14400.0 -6.7187236
14600.0 -5.3422338
14800.0 -6.9759432
15000.0 -6.8758678
15200.0 -6.2139384
15400.0 -5.8473429
15600.0 -6.4293385
15800.0 -6.1827763
16000.0 -6.3735701
16200.0 -6.5655528
16400.0 -6.299896
16600.0 -6.4502648
16800.0 -6.3799252
17000.0 -5.3567537
17200.0 -6.6143672
17400.0 -6.6205787
17600.0 -6.2409937
17800.0 -6.6685851
18000.0 -5.5863784
18200.0 -6.9624389
18400.0 -6.7624083
18600.0 -7.3097097
18800.0 -6.4861923
19000.0 -7.7903568
19200.0 -6.3362181
19400.0 -7.8059981
19600.0 -6.369012
19800.0 -6.9482893
20000.0 -6.6324341
20200.0 -6.9108606
20400.0 -6.8338538
20600.0 -6.4854703
20800.0 -6.4376999
21000.0 -6.3356631
21200.0 -6.3758301
21400.0 -6.8169747
21600.0 -6.4648738
21800.0 -6.5680465
22000.0 -7.352159
22200.0 -6.9068782
22400.0 -6.946841
22600.0 -7.0556415
22800.0 -7.4914531
23000.0 -6.5270476
23200.0 -7.3860879
23400.0 -6.3593021
23600.0 -7.2100482
23800.0 -6.8540525
24000.0 -7.1557679
24200.0 -7.2425188
24400.0 -6.5308824
24600.0 -6.2927631
24800.0 -7.5044527
25000.0 -7.4129496
25200.0 -7.8793739
25400.0 -7.6548754
25600.0 -7.8402308
25800.0 -8.6917897
26000.0 -8.5261745
26200.0 -7.9733408
26400.0 -7.6286532
26600.0 -8.1178765
26800.0 -8.2186098
27000.0 -8.4408833
27200.0 -7.5473786
27400.0 -7.2041931
27600.0 -8.6744758
27800.0 -8.0013059
28000.0 -8.6569791
28200.0 -7.5226959
28400.0 -8.4743247
28600.0 -8.3282929
28800.0 -8.3031963
29000.0 -8.5545214
29200.0 -7.767279
29400.0 -5.9789935
29600.0 -6.91333
29800.0 -6.0213165
30000.0 -6.3640308
30200.0 -5.9377782
30400.0 -6.1631201
30600.0 -5.8547585
30800.0 -6.186703
31000.0 -6.4563643
31200.0 -6.5284848
31400.0 -6.751075
31600.0 -6.8932658
31800.0 -6.9228785
32000.0 -8.4745108
32200.0 -7.6386467
32400.0 -7.9957559
32600.0 -7.6629629
32800.0 -8.9707329
33000.0 -6.9511562
33200.0 -8.660509
33400.0 -8.4260975
33600.0 -7.3758117
33800.0 -7.953081
34000.0 -8.7181452
34200.0 -8.0496203
34400.0 -8.3041414
34600.0 -9.4513105
34800.0 -9.9380869
35000.0 -8.4889981
35200.0 -10.270458
35400.0 -8.2422669
35600.0 -9.1605809
35800.0 -7.909547
36000.0 -5.444817
36200.0 -6.7721717
36400.0 -6.5885927
36600.0 -6.5799724
36800.0 -6.3069304
37000.0 -5.8977827
37200.0 -5.9915143
37400.0 -6.2594539
37600.0 -6.1671832
37800.0 -5.1313717
38000.0 -6.8019667
38200.0 -7.4009622
38400.0 -6.6587866
38600.0 -7.3535147
38800.0 -6.6841873
39000.0 -6.3059462
39200.0 -6.1921825
39400.0 -5.8124863
39600.0 -6.5241291
39800.0 -6.0738166
40000.0 -6.5450651
40200.0 -5.999263
40400.0 -7.4957946
40600.0 -6.6368251
40800.0 -7.1325469
41000.0 -7.5229472
41200.0 -7.6703003
41400.0 -7.0247165
41600.0 -7.414347
41800.0 -6.4691402
42000.0 -6.5712058
42200.0 -6.5290548
42400.0 -6.7790409
42600.0 -7.1216671
42800.0 -6.5185498
43000.0 -7.1890818
43200.0 -7.4307571
43400.0 -7.2599592
43600.0 -6.6100801
43800.0 -6.5831205
44000.0 -6.6193615
44200.0 -7.0709365
44400.0 -6.7299473
44600.0 -7.8131011
44800.0 -6.8221994
45000.0 -7.5707854
45200.0 -7.4251869
45400.0 -6.5769028
45600.0 -7.6015156
45800.0 -6.973377
46000.0 -7.0434496
46200.0 -6.515507
46400.0 -6.405417
46600.0 -6.3587032
46800.0 -6.0624692
47000.0 -6.1677761
47200.0 -6.3663219
47400.0 -4.9847256
47600.0 -6.9619074
47800.0 -6.5089463
48000.0 -6.0649259
48200.0 -6.5755453
48400.0 -7.2353961
48600.0 -7.0328708
48800.0 -7.5898794
49000.0 -7.6273754
49200.0 -7.4286777
49400.0 -8.6703166
49600.0 -8.7999421
49800.0 -8.1487895
50000.0 -8.0610744
50200.0 -9.252352
50400.0 -7.5214189
50600.0 -7.5483075
50800.0 -7.3373326
51000.0 -6.386994
51200.0 -7.297208
51400.0 -7.2450066
51600.0 -6.7641037
51800.0 -6.9779465
52000.0 -6.7635877
52200.0 -7.737205
52400.0 -7.5937814
52600.0 -7.3535233
52800.0 -6.213796
53000.0 -7.6373193
53200.0 -7.6071086
53400.0 -8.2640406
53600.0 -7.2935599
53800.0 -7.6486484
54000.0 -6.9750659
54200.0 -7.4010755
54400.0 -7.2361431
54600.0 -6.7967824
54800.0 -6.5102361
55000.0 -6.6264298
55200.0 -3.2993717
55400.0 -6.4839924
55600.0 -6.6926525
55800.0 -6.320181
56000.0 -6.3149544
56200.0 -5.2697713
56400.0 -5.3715269
56600.0 -5.6684163
56800.0 -5.096021
57000.0 -4.3150495
57200.0 -4.5928756
57400.0 -3.9818061
57600.0 -4.4207932
57800.0 -4.703559
58000.0 -5.0205589
58200.0 -4.308509
58400.0 -5.2575104
58600.0 -5.7070888
58800.0 -6.0069091
59000.0 -6.7018017
59200.0 -5.6741557
59400.0 -6.2228339
59600.0 -7.747216
59800.0 -7.8393616
60000.0 -7.5594665
60200.0 -7.5270875
60400.0 -8.1901417
60600.0 -8.1600161
60800.0 -8.6655426
61000.0 -8.4657633
61200.0 -8.5473153
61400.0 -8.5805317
61600.0 -7.4698946
61800.0 -8.2601373
62000.0 -8.7437313
62200.0 -7.9552165
62400.0 -7.9979233
62600.0 -7.3496438
62800.0 -7.7006607
63000.0 -5.1531869
63200.0 -7.5762367
63400.0 -6.8830584
63600.0 -8.2094684
63800.0 -5.6651573
64000.0 -7.4031363
64200.0 -6.2785637
64400.0 -6.6729362
64600.0 -6.2454308
64800.0 -6.4850009
65000.0 -5.9021458
65200.0 -7.3958936
65400.0 -6.7905686
65600.0 -7.1419588
65800.0 -8.9839427
66000.0 -8.4748604
66200.0 -7.3238001
66400.0 -8.7024936
66600.0 -8.4579682
66800.0 -8.1280514
67000.0 -7.9879948
67200.0 -7.9391699
67400.0 -7.9549443
67600.0 -7.799623
67800.0 -8.2963504
68000.0 -7.3693349
68200.0 -7.8615291
68400.0 -8.5227678
68600.0 -6.8895631
68800.0 -7.8580897
69000.0 -7.9206302
69200.0 -8.654576
69400.0 -8.3641142
69600.0 -8.5804062
69800.0 -9.2771107
70000.0 -9.4475113
70200.0 -8.8889799
70400.0 -9.7700758
70600.0 -8.8315331
70800.0 -8.7499381
71000.0 -8.7728059
71200.0 -9.427015
71400.0 -8.5701811
71600.0 -8.4181438
71800.0 -7.7068916
72000.0 -8.960253
72200.0 -9.03535
72400.0 -8.8570565
72600.0 -8.6645649
72800.0 -9.6619639
73000.0 -7.2645877
73200.0 -8.9538541
73400.0 -9.145055
73600.0 -6.6435005
73800.0 -7.1492953
74000.0 -8.8004909
74200.0 -8.563704
74400.0 -7.1499873
74600.0 -7.1677903
74800.0 -7.6642887
75000.0 -6.4149214
75200.0 -7.8907
75400.0 -7.5955853
75600.0 -6.9612484
75800.0 -8.1446721
76000.0 -8.3677573
76200.0 -8.5144144
76400.0 -7.0105274
76600.0 -8.6848004
76800.0 -8.351896
77000.0 -8.484022
77200.0 -7.6504687
77400.0 -7.8959738
77600.0 -7.1208772
77800.0 -7.6036306
78000.0 -7.9657492
78200.0 -8.2649261
78400.0 -8.7323789
78600.0 -7.710247
78800.0 -8.5317117
79000.0 -8.3443027
79200.0 -7.9347334
79400.0 -7.1586084
79600.0 -7.900367
79800.0 -8.1132144
80000.0 -7.2012068
80200.0 -7.9380123
80400.0 -8.0483759
80600.0 -7.5929449
80800.0 -9.0610903
81000.0 -9.2476383
81200.0 -8.3024108
81400.0 -10.289294
81600.0 -10.348315
81800.0 -9.9097456
82000.0 -10.018171
82200.0 -10.26333
82400.0 -10.587145
82600.0 -9.4330136
82800.0 -10.06693
83000.0 -8.4523417
83200.0 -9.1196398
83400.0 -9.3654378
83600.0 -9.6975171
83800.0 -10.136361
84000.0 -10.81108
84200.0 -10.190465
84400.0 -11.864317
84600.0 -11.637804
84800.0 -11.322668
85000.0 -12.364839
85200.0 -12.426401
85400.0 -11.248653
85600.0 -11.487366
85800.0 -11.350197
86000.0 -9.8728996
86200.0 -10.449633
86400.0 -8.9545618
86600.0 -8.7477649
86800.0 -8.8542165
87000.0 -6.827985
87200.0 -8.2818202
87400.0 -6.8542485
87600.0 -7.6671103
87800.0 -7.694058
88000.0 -7.3766543
88200.0 -7.6404264
88400.0 -7.0604644
88600.0 -7.4351983
88800.0 -7.2528544
89000.0 -7.6299643
89200.0 -7.3284586
89400.0 -6.9347261
89600.0 -5.9049973
89800.0 -6.0638435
90000.0 -6.8177011
90200.0 -6.5422017
90400.0 -6.4805666
90600.0 -6.212336
90800.0 -6.6593341
91000.0 -6.7540124
91200.0 -7.1544048
91400.0 -6.3597773
91600.0 -7.3072244
91800.0 -7.1231583
92000.0 -7.284346
92200.0 -8.0525984
92400.0 -6.6317504
92600.0 -8.279435
92800.0 -6.1695246
93000.0 -8.3369554
93200.0 -8.8587618
93400.0 -8.615012
93600.0 -8.770386
93800.0 -8.8597075
94000.0 -9.2566428
94200.0 -9.7031696
94400.0 -9.1034904
94600.0 -8.0894731
94800.0 -8.5636647
95000.0 -8.1614233
95200.0 -7.9080271
95400.0 -7.7308317
95600.0 -6.9284624
95800.0 -8.6294457
96000.0 -7.7083841
96200.0 -8.9105059
96400.0 -9.6279511
96600.0 -9.4833979
96800.0 -9.5751034
97000.0 -5.6336033
97200.0 -10.314853
97400.0 -8.8633723
97600.0 -8.9031704
97800.0 -8.6906996
98000.0 -8.8963934
98200.0 -7.4136354
98400.0 -8.5226699
98600.0 -7.2392755
98800.0 -7.7044451
99000.0 -7.50873
99200.0 -6.6705839
99400.0 -7.1573319
99600.0 -6.3139384
99800.0 -6.4160394
100000.0 -6.2144425
