0.0 -10.468852
200.0 -11.157018
400.0 -11.966147
600.0 -12.400685
800.0 -12.898635
1000.0 -11.63889
1200.0 -11.43989
1400.0 -11.593161
1600.0 -11.063604
1800.0 -9.9204565
2000.0 -10.965879
2200.0 -9.5674009
2400.0 -8.8490376
2600.0 -8.8252105
2800.0 -9.012347
3000.0 -8.2865738
3200.0 -8.1273436
3400.0 -7.5687927
3600.0 -8.1798843
3800.0 -7.3278891
4000.0 -8.8643367
4200.0 -8.1241425
4400.0 -8.8722996
4600.0 -9.101207
4800.0 -9.3641869
5000.0 -8.8925151
5200.0 -9.0711261
5400.0 -9.1847329
5600.0 -9.9266321
5800.0 -10.815628
6000.0 -9.4247523
6200.0 -8.7071344
6400.0 -8.4755893
6600.0 -10.247785
6800.0 -9.7860724
7000.0 -8.1555655
7200.0 -9.6232466
7400.0 -8.619105
7600.0 -8.9005649
7800.0 -9.2126835
8000.0 -7.0195782
8200.0 -8.6076866
8400.0 -8.498032
8600.0 -8.7791746
8800.0 -8.666108
9000.0 -7.8960147
9200.0 -9.5083785
9400.0 -10.069364
9600.0 -9.2471504
9800.0 -9.4577148
10000.0 -9.0573558
10200.0 -8.6085319
10400.0 -8.8430007
10600.0 -7.9381679
10800.0 -8.8707025
11000.0 -8.1243963
11200.0 -8.6094017
11400.0 -8.7386253
11600.0 -8.590132
11800.0 -8.1424925
12000.0 -8.234422
12200.0 -8.9133125
12400.0 -8.5975782
12600.0 -7.6462533
12800.0 -9.988628
13000.0 -8.0045562
13200.0 -8.0166842
13400.0 -8.4910802
13600.0 -7.6600725
13800.0 -7.4320376
14000.0 -7.1066719
14200.0 -7.5933192
14400.0 -7.6324406
14600.0 -7.19461
14800.0 -6.7024811
15000.0 -8.3016913
15200.0 -8.1370753
15400.0 -8.226021
15600.0 -8.5293443
15800.0 -9.6680616
16000.0 -9.422624
16200.0 -9.9992679
16400.0 -10.213399
16600.0 -10.511617
16800.0 -8.2659715
17000.0 -9.685267
17200.0 -9.2801708
17400.0 -8.4542016
17600.0 -9.0637172
17800.0 -8.2894134
18000.0 -8.157048
18200.0 -8.5387113
18400.0 -9.2331149
18600.0 -9.0613297
18800.0 -9.6112323
19000.0 -8.4302751
19200.0 -10.41464
19400.0 -10.330845
19600.0 -9.0389058
19800.0 -9.533424
20000.0 -9.355802
20200.0 -8.6740059
20400.0 -9.2677566
20600.0 -8.8787609
20800.0 -9.3238871
21000.0 -9.2125061
21200.0 -7.3510948
21400.0 -9.1291524
21600.0 -8.5430486
21800.0 -6.6728235
22000.0 -7.6849652
22200.0 -8.4017796
22400.0 -7.2390309
22600.0 -7.6814593
22800.0 -8.3264273
23000.0 -8.4176779
23200.0 -8.7936486
23400.0 -8.6230672
23600.0 -8.601485
23800.0 -8.2070011
24000.0 -7.4104048
24200.0 -8.3917686
24400.0 -7.4586421
24600.0 -8.1402686
24800.0 -8.6009675
25000.0 -8.0091027
25200.0 -7.8238613
25400.0 -8.8455823
25600.0 -9.299821
25800.0 -9.6463074
26000.0 -8.7644477
26200.0 -9.2348567
26400.0 -8.4794593
26600.0 -9.5491433
26800.0 -7.5025848
27000.0 -8.7733965
27200.0 -8.3461293
27400.0 -7.3223651
27600.0 -8.1911738
27800.0 -7.7770216
28000.0 -7.3497244
28200.0 -7.6860377
28400.0 -6.8086211
28600.0 -7.6775422
28800.0 -7.5778589
29000.0 -7.7321731
29200.0 -7.1078864
29400.0 -8.2017717
29600.0 -8.3401242
29800.0 -6.6997408
30000.0 -8.138891
30200.0 -8.2915578
30400.0 -8.2550385
30600.0 -8.2968068
30800.0 -9.3099324
31000.0 -9.289415
31200.0 -9.2939343
31400.0 -9.2297853
31600.0 -9.0659761
31800.0 -7.5263017
32000.0 -8.3745884
32200.0 -8.0750199
32400.0 -7.4963708
32600.0 -7.6639781
32800.0 -8.0801565
33000.0 -7.7861704
33200.0 -7.5949802
33400.0 -7.4614761
33600.0 -7.6490273
33800.0 -8.463579
34000.0 -7.7960196
34200.0 -10.499353
34400.0 -9.8882973
34600.0 -11.501305
34800.0 -11.015781
35000.0 -11.433464
35200.0 -11.574509
35400.0 -11.546122
35600.0 -11.134674
35800.0 -10.580976
36000.0 -12.407968
36200.0 -10.734142
36400.0 -11.04248
36600.0 -10.640647
36800.0 -10.347371
37000.0 -10.280775
37200.0 -8.8817042
37400.0 -10.139347
37600.0 -10.022916
37800.0 -9.8089428
38000.0 -8.2380405
38200.0 -10.153308
38400.0 -9.4257843
38600.0 -9.6424698
38800.0 -9.0553428
39000.0 -9.3413635
39200.0 -9.3564529
39400.0 -9.3869049
39600.0 -10.315365
39800.0 -9.5911447
40000.0 -8.1088574
40200.0 -9.660378
40400.0 -9.4404248
40600.0 -9.1805138
40800.0 -6.5253306
41000.0 -7.9686115
41200.0 -9.3324452
41400.0 -9.2706932
41600.0 -7.0236061
41800.0 -10.522423
42000.0 -9.6315956
42200.0 -9.3579878
42400.0 -9.5548296
42600.0 -7.2329953
42800.0 -8.7941689
43000.0 -6.8377498
43200.0 -6.4823359
43400.0 -6.8783872
43600.0 -6.4916586
43800.0 -6.0229979
44000.0 -5.7091268
44200.0 -6.2916739
44400.0 -6.7446417
44600.0 -7.0647149
44800.0 -7.4848466
45000.0 -7.1524208
45200.0 -9.1061789
45400.0 -7.4346045
45600.0 -7.8447159
45800.0 -8.7348128
46000.0 -8.5734696
46200.0 -8.6849417
46400.0 -7.7534893
46600.0 -8.6310656
46800.0 -8.7168544
47000.0 -8.7151207
47200.0 -7.3728854
47400.0 -8.2987047
47600.0 -7.8733306
47800.0 -7.3449815
48000.0 -6.0720992
48200.0 -7.2994759
48400.0 -6.1690605
48600.0 -6.7844353
48800.0 -6.8098578
49000.0 -7.1520499
49200.0 -6.9196816
49400.0 -6.2666997
49600.0 -7.856598
49800.0 -7.8824476
50000.0 -7.9978095
50200.0 -7.7364149
50400.0 -7.6203449
50600.0 -7.8945193
50800.0 -8.5716729
51000.0 -7.3502966
51200.0 -7.2948048
51400.0 -7.8752582
51600.0 -7.4160651
51800.0 -6.9700697
52000.0 -6.3534417
52200.0 -7.3257982
52400.0 -7.0005823
52600.0 -7.6794096
52800.0 -7.6423074
53000.0 -8.2532835
53200.0 -7.8840796
53400.0 -8.4215814
53600.0 -7.6815606
53800.0 -8.4400298
54000.0 -8.19901
54200.0 -8.2207906
54400.0 -8.6744869
54600.0 -7.7779537
54800.0 -8.4371361
55000.0 -8.1414792
55200.0 -8.2169787
55400.0 -8.8697936
55600.0 -8.5047521
55800.0 -8.3466752
56000.0 -9.2378448
56200.0 -8.9741948
56400.0 -8.7918856
56600.0 -7.9325021
56800.0 -9.1672728
57000.0 -8.3405811
57200.0 -8.2534313
57400.0 -7.7344839
57600.0 -7.8848057
57800.0 -6.9929573
58000.0 -8.1814168
58200.0 -9.1625105
58400.0 -9.0089634
58600.0 -8.1795025
58800.0 -9.3773525
59000.0 -9.6128094
59200.0 -9.6504449
59400.0 -8.6841267
59600.0 -9.7667464
59800.0 -10.077183
60000.0 -8.4590594
60200.0 -10.060029
60400.0 -9.2152022
60600.0 -9.7273945
60800.0 -8.8236559
61000.0 -9.4371747
61200.0 -9.5840886
61400.0 -9.8709831
61600.0 -10.389055
61800.0 -10.686218
62000.0 -9.2827643
62200.0 -11.626987
62400.0 -10.958806
62600.0 -8.8968018
62800.0 -10.566147
63000.0 -10.547239
63200.0 -9.5650045
63400.0 -10.040979
63600.0 -9.3023226
63800.0 -10.131449
64000.0 -8.6184795
64200.0 -9.7201341
64400.0 -9.364932
64600.0 -8.9536147
64800.0 -8.8756564
65000.0 -9.3234701
65200.0 -9.6185111
65400.0 -9.0116421
65600.0 -8.214489
65800.0 -9.243478
66000.0 -8.6962555
66200.0 -8.6224297
66400.0 -9.3589065
66600.0 -9.952632
66800.0 -9.9358882
67000.0 -10.563937
67200.0 -9.6109693
67400.0 -11.334618
67600.0 -10.063545
67800.0 -10.458905
68000.0 -9.8548014
68200.0 -10.23652
68400.0 -10.231576
68600.0 -10.643208
68800.0 -9.2608533
69000.0 -10.915507
69200.0 -9.6975592
69400.0 -9.2740397
69600.0 -8.6296243
69800.0 -8.7870758
70000.0 -8.3128534
70200.0 -7.2566869
70400.0 -7.6968157
70600.0 -7.959804
70800.0 -7.2139584
71000.0 -6.8890185
71200.0 -8.1035429
71400.0 -7.7696151
71600.0 -8.0107724
71800.0 -8.5988227
72000.0 -9.2231169
72200.0 -9.8493283
72400.0 -8.8825662
72600.0 -10.541579
72800.0 -8.7963503
73000.0 -9.1446852
73200.0 -7.6525307
73400.0 -7.7323989
73600.0 -7.3588348
73800.0 -6.7965619
74000.0 -7.0779679
74200.0 -5.4533113
74400.0 -7.222913
74600.0 -7.1903049
74800.0 -7.1292762
75000.0 -8.0354902
75200.0 -6.8313642
75400.0 -7.5941868
75600.0 -8.9836883
75800.0 -8.6660673
76000.0 -8.5786532
76200.0 -9.1660922
76400.0 -8.975275
76600.0 -8.8397714
76800.0 -8.7012681
77000.0 -8.7127594
77200.0 -8.5847628
77400.0 -8.6731703
77600.0 -9.1073241
77800.0 -9.9705216
78000.0 -8.5088032
78200.0 -8.9211665
78400.0 -10.061762
78600.0 -9.0152776
78800.0 -7.9459303
79000.0 -9.6191876
79200.0 -8.4813491
79400.0 -8.7266208
79600.0 -9.7436333
79800.0 -9.9535364
80000.0 -8.9449103
80200.0 -10.222417
80400.0 -9.7469762
80600.0 -9.3120227
80800.0 -10.03274
81000.0 -10.115125
81200.0 -9.7230927
81400.0 -10.717012
81600.0 -11.13431
81800.0 -10.564627
82000.0 -10.865153
82200.0 -10.996159
82400.0 -10.848122
82600.0 -10.075442
82800.0 -9.4803229
83000.0 -10.375237
83200.0 -9.7514348
83400.0 -9.5224689
83600.0 -9.8678488
83800.0 -9.6531056
84000.0 -10.04651
84200.0 -9.7223009
84400.0 -8.0323117
84600.0 -10.031822
84800.0 -9.9376589
85000.0 -8.9419343
85200.0 -9.1008225
85400.0 -8.4257464
85600.0 -8.7086514
85800.0 -7.9529917
86000.0 -7.8327164
86200.0 -8.2010257
86400.0 -7.4831827
86600.0 -7.0395642
86800.0 -7.3566511
87000.0 -7.3019583
87200.0 -7.3313582
87400.0 -7.6310384
87600.0 -8.05516
87800.0 -8.7065772
88000.0 -8.676607
88200.0 -8.5385432
88400.0 -7.6776341
88600.0 -8.7864146
88800.0 -8.5453918
89000.0 -8.7943088
89200.0 -8.9681474
89400.0 -8.3702512
89600.0 -7.1038842
89800.0 -9.2000279
90000.0 -7.1356691
90200.0 -8.038938
90400.0 -6.6682787
90600.0 -7.6181001
90800.0 -7.0831614
91000.0 -8.2168062
91200.0 -7.0184665
91400.0 -7.5786928
91600.0 -8.0234446
91800.0 -7.4554828
92000.0 -6.9319931
92200.0 -7.5486339
92400.0 -7.7154959
92600.0 -8.1693748
92800.0 -6.8490223
93000.0 -8.3444398
93200.0 -7.6428529
93400.0 -8.2821002
93600.0 -7.6198852
93800.0 -8.6166205
94000.0 -7.7976275
94200.0 -8.8998502
94400.0 -8.8629624
94600.0 -9.1285775
94800.0 -9.2238155
95000.0 -8.7982066
95200.0 -9.0818747
95400.0 -9.4242587
95600.0 -9.7869668
95800.0 -8.4196668
96000.0 -9.1801963
96200.0 -9.3753064
96400.0 -8.6218708
96600.0 -9.1523153
96800.0 -8.7293581
97000.0 -8.6932425
97200.0 -9.8750009
97400.0 -8.7615579
97600.0 -8.4913112
97800.0 -9.5192014
98000.0 -8.4868844
98200.0 -6.6975435
98400.0 -8.4746456
98600.0 -6.8669593
98800.0 -7.582136
99000.0 -7.4352582
99200.0 -7.37545
99400.0 -7.4225369
99600.0 -8.7295536
99800.0 -8.2916701
100000.0 -8.2423327
