0.0 0.0055497749
200.0 0.005493065
400.0 0.0054641432
600.0 0.0054836688
800.0 0.0055514194
1000.0 0.0056492163
1200.0 0.0057373173
1400.0 0.0057856949
1600.0 0.0057971119
1800.0 0.0057800471
2000.0 0.0057456578
2200.0 0.0057098671
2400.0 0.0056839453
2600.0 0.0056694008
2800.0 0.0056610276
3000.0 0.0056506886
3200.0 0.0056280215
3400.0 0.0055896834
3600.0 0.0055403205
3800.0 0.0054960322
4000.0 0.0054725044
4200.0 0.0054781261
4400.0 0.0055143984
4600.0 0.0055783526
4800.0 0.0056616287
5000.0 0.0057444754
5200.0 0.0057987869
5400.0 0.0058048478
5600.0 0.0057674772
5800.0 0.0057060154
6000.0 0.0056375659
6200.0 0.0055790019
6400.0 0.0055437535
6600.0 0.0055347588
6800.0 0.0055446044
7000.0 0.0055637287
7200.0 0.0055853371
7400.0 0.0056093921
7600.0 0.0056286986
7800.0 0.0056525109
8000.0 0.0056903014
8200.0 0.0057412539
8400.0 0.0057876822
8600.0 0.0058156984
8800.0 0.005825052
9000.0 0.0058118442
9200.0 0.005777877
9400.0 0.0057259938
9600.0 0.0056624851
9800.0 0.0055919008
10000.0 0.0055161508
10200.0 0.0054465904
10400.0 0.0053942526
10600.0 0.005369721
10800.0 0.0053793706
11000.0 0.0054167386
11200.0 0.0054743595
11400.0 0.0055386761
11600.0 0.0055955556
11800.0 0.0056402625
12000.0 0.0056766023
12200.0 0.0057117044
12400.0 0.0057482248
12600.0 0.0057840553
12800.0 0.0058172216
13000.0 0.0058415498
13200.0 0.0058418591
13400.0 0.0058008149
13600.0 0.0057215944
13800.0 0.0056317037
14000.0 0.005556578
14200.0 0.0055141887
14400.0 0.00550399
14600.0 0.0055147612
14800.0 0.0055319971
15000.0 0.005546077
15200.0 0.0055486056
15400.0 0.0055404776
15600.0 0.0055306518
15800.0 0.0055325219
16000.0 0.0055562245
16200.0 0.0056001859
16400.0 0.0056571956
16600.0 0.0057197426
16800.0 0.0057766545
17000.0 0.0058185972
17200.0 0.0058398102
17400.0 0.005842502
17600.0 0.0058350593
17800.0 0.0058251565
18000.0 0.0058041217
18200.0 0.0057662305
18400.0 0.0057209459
18600.0 0.005672632
18800.0 0.0056230609
19000.0 0.0055743131
19200.0 0.0055296168
19400.0 0.0054954382
19600.0 0.0054727976
19800.0 0.0054644113
20000.0 0.005476017
20200.0 0.0055092822
20400.0 0.0055664952
20600.0 0.0056472808
20800.0 0.0057388371
21000.0 0.0058237616
21200.0 0.005884072
21400.0 0.0059112897
21600.0 0.0059052946
21800.0 0.0058738452
22000.0 0.0058235208
22200.0 0.005766629
22400.0 0.0057147259
22600.0 0.0056685837
22800.0 0.0056234094
23000.0 0.0055801454
23200.0 0.0055441301
23400.0 0.0055185675
23600.0 0.0055093757
23800.0 0.0055268274
24000.0 0.0055701074
24200.0 0.0056199082
24400.0 0.0056568355
24600.0 0.0056656806
24800.0 0.0056328713
25000.0 0.0055603233
25200.0 0.0054765348
25400.0 0.0054222467
25600.0 0.0054127524
25800.0 0.0054392748
26000.0 0.005485442
26200.0 0.0055346374
26400.0 0.0055711778
26600.0 0.0055947331
26800.0 0.0056023368
27000.0 0.0056045434
27200.0 0.0056160951
27400.0 0.0056439102
27600.0 0.00568341
27800.0 0.0057184718
28000.0 0.0057425795
28200.0 0.0057490057
28400.0 0.005737577
28600.0 0.0057096519
28800.0 0.0056701254
29000.0 0.0056239742
29200.0 0.0055817856
29400.0 0.0055507595
29600.0 0.0055225149
29800.0 0.0054734869
30000.0 0.0053977796
30200.0 0.0053152431
30400.0 0.0052617986
30600.0 0.0052584324
30800.0 0.0053133648
31000.0 0.0054152501
31200.0 0.0055244835
31400.0 0.0056029279
31600.0 0.005647905
31800.0 0.0056752511
32000.0 0.0057014185
32200.0 0.0057335547
32400.0 0.0057669443
32600.0 0.0057913245
32800.0 0.0058003332
33000.0 0.0057829345
33200.0 0.0057380792
33400.0 0.0056759818
33600.0 0.0056098667
33800.0 0.0055653263
34000.0 0.0055596407
34200.0 0.0055930209
34400.0 0.0056464384
34600.0 0.0056943499
34800.0 0.0057166302
35000.0 0.0057124181
35200.0 0.0056872308
35400.0 0.0056563114
35600.0 0.0056325888
35800.0 0.0056193046
36000.0 0.0056225141
36200.0 0.0056404638
36400.0 0.0056620464
36600.0 0.0056709856
36800.0 0.0056513545
37000.0 0.0056045504
37200.0 0.0055468939
37400.0 0.0055048938
37600.0 0.0054941222
37800.0 0.0055117681
38000.0 0.0055439459
38200.0 0.0055739721
38400.0 0.0055952438
38600.0 0.0056095305
38800.0 0.0056205048
39000.0 0.005630578
39200.0 0.005644296
39400.0 0.0056671331
39600.0 0.0057002594
39800.0 0.0057380372
40000.0 0.0057751217
40200.0 0.0058056926
40400.0 0.005818043
40600.0 0.0057957455
40800.0 0.0057267566
41000.0 0.0056201337
41200.0 0.0055183816
41400.0 0.0054630195
41600.0 0.005460144
41800.0 0.0054954052
42000.0 0.0055476253
42200.0 0.005595579
42400.0 0.0056272236
42600.0 0.0056393326
42800.0 0.0056361445
43000.0 0.005625808
43200.0 0.005614886
43400.0 0.0056092436
43600.0 0.0056149377
43800.0 0.0056294612
44000.0 0.0056506142
44200.0 0.0056792391
44400.0 0.005705177
44600.0 0.0057143257
44800.0 0.0056957797
45000.0 0.0056462962
45200.0 0.0055782997
45400.0 0.0055198985
45600.0 0.005495216
45800.0 0.0055106583
46000.0 0.0055634274
46200.0 0.005637277
46400.0 0.0057033221
46600.0 0.0057414315
46800.0 0.005749446
47000.0 0.0057315376
47200.0 0.0056980626
47400.0 0.0056587171
47600.0 0.0056208063
47800.0 0.0055909971
48000.0 0.0055679087
48200.0 0.0055494615
48400.0 0.0055246314
48600.0 0.0054973382
48800.0 0.0054758694
49000.0 0.0054650229
49200.0 0.0054756913
49400.0 0.0055165147
49600.0 0.0055844573
49800.0 0.0056622404
50000.0 0.0057282018
50200.0 0.0057762366
50400.0 0.0058029617
50600.0 0.0058117539
50800.0 0.0058095759
51000.0 0.0057976755
51200.0 0.0057717053
51400.0 0.0057246505
51600.0 0.005658408
51800.0 0.0055797941
52000.0 0.0055031267
52200.0 0.0054442218
52400.0 0.0054101945
52600.0 0.005402355
52800.0 0.0054185058
53000.0 0.0054542818
53200.0 0.0055046689
53400.0 0.0055609283
53600.0 0.0056272585
53800.0 0.0056943554
54000.0 0.0057549717
54200.0 0.005806951
54400.0 0.005842924
54600.0 0.0058556739
54800.0 0.0058452211
55000.0 0.0058122656
55200.0 0.0057639685
55400.0 0.0057061445
55600.0 0.0056421945
55800.0 0.0055806497
56000.0 0.0055301165
56200.0 0.0054937061
56400.0 0.0054734887
56600.0 0.0054683042
56800.0 0.0054779856
57000.0 0.0055041554
57200.0 0.0055511076
57400.0 0.005616899
57600.0 0.0056938844
57800.0 0.005770099
58000.0 0.0058339125
58200.0 0.005880521
58400.0 0.0058986089
58600.0 0.0058901729
58800.0 0.0058635834
59000.0 0.0058177472
59200.0 0.0057504661
59400.0 0.0056702102
59600.0 0.0055935037
59800.0 0.0055400765
60000.0 0.0055152369
60200.0 0.005512542
60400.0 0.0055254228
60600.0 0.0055470733
60800.0 0.0055666246
61000.0 0.005576792
61200.0 0.0055845968
61400.0 0.0055982302
61600.0 0.0056233806
61800.0 0.0056578267
62000.0 0.0056985952
62200.0 0.0057420623
62400.0 0.0057787241
62600.0 0.0058081785
62800.0 0.0058311224
63000.0 0.0058399338
63200.0 0.0058238235
63400.0 0.0057771757
63600.0 0.0057175478
63800.0 0.0056635108
64000.0 0.005626385
64200.0 0.0056088757
64400.0 0.0056092934
64600.0 0.0056212781
64800.0 0.0056379761
65000.0 0.0056485436
65200.0 0.0056435542
65400.0 0.0056227222
65600.0 0.0055894328
65800.0 0.0055536648
66000.0 0.005531167
66200.0 0.0055343346
66400.0 0.0055675466
66600.0 0.0056293168
66800.0 0.0057055608
67000.0 0.005771905
67200.0 0.0058094133
67400.0 0.0057980867
67600.0 0.0057490377
67800.0 0.0056764888
68000.0 0.0055945673
68200.0 0.0055251053
68400.0 0.0054786465
68600.0 0.0054509581
68800.0 0.0054414753
69000.0 0.0054467526
69200.0 0.0054653604
69400.0 0.0054979287
69600.0 0.0055449013
69800.0 0.0056025386
70000.0 0.0056692875
70200.0 0.0057332738
70400.0 0.0057902697
70600.0 0.005834524
70800.0 0.0058597257
71000.0 0.0058586425
71200.0 0.0058304015
71400.0 0.0057800185
71600.0 0.005710545
71800.0 0.0056166927
72000.0 0.0055035194
72200.0 0.0053988631
72400.0 0.005330778
72600.0 0.0053070197
72800.0 0.0053212406
73000.0 0.0053583508
73200.0 0.0054018882
73400.0 0.0054431172
73600.0 0.0054922762
73800.0 0.0055536674
74000.0 0.0056150058
74200.0 0.0056730392
74400.0 0.0057204911
74600.0 0.0057499868
74800.0 0.0057610464
75000.0 0.005754284
75200.0 0.0057348229
75400.0 0.0057071717
75600.0 0.0056817037
75800.0 0.0056706091
76000.0 0.0056780199
76200.0 0.005705014
76400.0 0.0057472458
76600.0 0.0057878126
76800.0 0.005807075
77000.0 0.0057889683
77200.0 0.0057246283
77400.0 0.005625317
77600.0 0.0055239203
77800.0 0.0054577907
78000.0 0.0054410132
78200.0 0.0054662422
78400.0 0.005518573
78600.0 0.0055869921
78800.0 0.0056615988
79000.0 0.0057308955
79200.0 0.0057839658
79400.0 0.0058187883
79600.0 0.0058343294
79800.0 0.0058380986
80000.0 0.0058314122
80200.0 0.0058111595
80400.0 0.0057716327
80600.0 0.0057063514
80800.0 0.0056165999
81000.0 0.005519673
81200.0 0.0054428032
81400.0 0.0054004826
81600.0 0.0053904909
81800.0 0.0054090621
82000.0 0.0054448251
82200.0 0.0054907979
82400.0 0.0055397069
82600.0 0.005588353
82800.0 0.0056296136
83000.0 0.0056618517
83200.0 0.0056923219
83400.0 0.0057188678
83600.0 0.0057347325
83800.0 0.0057458383
84000.0 0.0057459578
84200.0 0.0057205639
84400.0 0.0056686274
84600.0 0.005604879
84800.0 0.0055478413
85000.0 0.0055127267
85200.0 0.0055095416
85400.0 0.0055413916
85600.0 0.0055992581
85800.0 0.0056638001
86000.0 0.0057111906
86200.0 0.005729459
86400.0 0.0057175673
86600.0 0.0056863841
86800.0 0.005655276
87000.0 0.0056408818
87200.0 0.005647823
87400.0 0.0056762453
87600.0 0.0057151079
87800.0 0.0057491217
88000.0 0.0057616201
88200.0 0.0057423401
88400.0 0.0056862312
88600.0 0.0056076316
88800.0 0.005535295
89000.0 0.0054946105
89200.0 0.0054888083
89400.0 0.0055065682
89600.0 0.0055355332
89800.0 0.0055698858
90000.0 0.0056024295
90200.0 0.005628486
90400.0 0.0056530287
90600.0 0.0056788654
90800.0 0.0057141659
91000.0 0.0057597632
91200.0 0.0058056959
91400.0 0.0058328938
91600.0 0.0058324059
91800.0 0.0058013943
92000.0 0.0057394646
92200.0 0.0056608664
92400.0 0.0055857424
92600.0 0.0055286112
92800.0 0.005492818
93000.0 0.0054737728
93200.0 0.005467751
93400.0 0.0054728694
93600.0 0.0054865519
93800.0 0.0055092432
94000.0 0.0055472756
94200.0 0.0055988488
94400.0 0.0056626421
94600.0 0.0057261908
94800.0 0.0057721316
95000.0 0.0057920162
95200.0 0.0057893221
95400.0 0.0057729809
95600.0 0.0057482027
95800.0 0.0057214356
96000.0 0.0056951344
96200.0 0.005673651
96400.0 0.0056523474
96600.0 0.0056172539
96800.0 0.0055651172
97000.0 0.0055112619
97200.0 0.0054704739
97400.0 0.0054514115
97600.0 0.0054635076
97800.0 0.0055068537
98000.0 0.005567728
98200.0 0.0056248283
98400.0 0.0056607598
98600.0 0.005666898
98800.0 0.005651157
99000.0 0.0056227838
99200.0 0.0055953309
99400.0 0.0055811906
99600.0 0.0055875358
99800.0 0.0056112032
100000.0 0.0056440882
