0.0 831.97086
200.0 866.59352
400.0 841.34955
600.0 815.21885
800.0 795.2512
1000.0 815.93156
1200.0 833.62061
1400.0 835.67466
1600.0 835.96139
1800.0 823.82396
2000.0 842.6344
2200.0 859.89514
2400.0 857.15462
2600.0 832.08369
2800.0 823.4272
3000.0 836.7387
3200.0 831.44025
3400.0 823.82616
3600.0 837.01849
3800.0 852.47702
4000.0 851.29858
4200.0 843.98276
4400.0 855.81191
4600.0 851.61113
4800.0 846.14615
5000.0 832.79754
5200.0 830.07784
5400.0 823.13624
5600.0 831.65773
5800.0 829.30784
6000.0 834.17259
6200.0 819.94348
6400.0 821.73482
6600.0 830.29767
6800.0 825.77111
7000.0 839.13608
7200.0 854.72938
7400.0 872.54978
7600.0 862.79034
7800.0 859.4394
8000.0 854.69116
8200.0 834.89886
8400.0 829.75623
8600.0 831.29239
8800.0 826.54368
9000.0 813.46553
9200.0 837.07175
9400.0 833.28369
9600.0 838.54617
9800.0 859.45218
10000.0 842.48716
10200.0 817.47972
10400.0 835.47937
10600.0 853.58393
10800.0 836.8048
11000.0 838.83571
11200.0 838.74809
11400.0 846.48212
11600.0 825.22024
11800.0 816.7364
12000.0 825.74543
12200.0 828.12242
12400.0 825.5146
12600.0 836.01527
12800.0 845.45557
13000.0 837.64135
13200.0 851.9755
13400.0 830.08716
13600.0 809.75092
13800.0 817.43291
14000.0 847.24718
14200.0 831.27401
14400.0 843.5013
14600.0 874.81476
14800.0 875.40262
15000.0 839.2136
15200.0 841.90168
15400.0 837.54937
15600.0 820.20703
15800.0 827.65146
16000.0 842.69966
16200.0 828.45043
16400.0 823.12954
16600.0 829.39325
16800.0 814.6059
17000.0 817.71712
17200.0 843.72052
17400.0 847.37982
17600.0 842.49756
17800.0 842.57837
18000.0 875.81463
18200.0 838.03131
18400.0 806.18431
18600.0 835.10364
18800.0 856.42915
19000.0 829.87856
19200.0 838.12281
19400.0 836.52626
19600.0 818.95174
19800.0 797.85162
20000.0 812.52866
20200.0 848.76233
20400.0 844.89403
20600.0 837.32055
20800.0 826.70621
21000.0 834.4875
21200.0 845.94126
21400.0 851.54698
21600.0 864.45619
21800.0 855.27156
22000.0 822.40664
22200.0 822.23311
22400.0 834.5303
22600.0 832.48104
22800.0 815.22455
23000.0 827.33278
23200.0 854.55735
23400.0 845.98825
23600.0 836.38891
23800.0 842.69315
24000.0 854.68557
24200.0 840.40077
24400.0 816.45864
24600.0 820.59271
24800.0 817.45128
25000.0 823.30013
25200.0 819.14672
25400.0 836.91637
25600.0 858.48752
25800.0 854.12799
26000.0 835.3579
26200.0 844.30758
26400.0 836.64106
26600.0 816.84441
26800.0 829.57704
27000.0 833.16392
27200.0 861.27207
27400.0 866.3882
27600.0 856.57472
27800.0 854.71715
28000.0 847.07909
28200.0 842.94921
28400.0 851.95127
28600.0 845.15264
28800.0 847.38259
29000.0 822.54502
29200.0 827.845
29400.0 837.06501
29600.0 842.17718
29800.0 837.27005
30000.0 829.34987
30200.0 841.11061
30400.0 846.45639
30600.0 831.98721
30800.0 823.57411
31000.0 824.35368
31200.0 824.07585
31400.0 829.18339
31600.0 837.15138
31800.0 811.96212
32000.0 826.402
32200.0 817.39451
32400.0 817.73271
32600.0 829.46493
32800.0 860.97082
33000.0 851.45257
33200.0 826.91561
33400.0 830.32375
33600.0 824.88738
33800.0 836.90346
34000.0 861.81706
34200.0 846.95596
34400.0 841.89435
34600.0 850.20034
34800.0 850.48873
35000.0 841.85373
35200.0 829.45999
35400.0 841.69881
35600.0 812.00188
35800.0 822.90041
36000.0 847.10822
36200.0 827.42803
36400.0 802.9825
36600.0 844.85758
36800.0 833.55995
37000.0 823.6374
37200.0 857.77758
37400.0 870.49105
37600.0 834.53675
37800.0 817.21266
38000.0 840.64697
38200.0 834.07203
38400.0 844.46246
38600.0 851.82128
38800.0 827.71696
39000.0 811.60577
39200.0 818.73775
39400.0 814.19766
39600.0 837.59256
39800.0 845.37469
40000.0 823.34675
40200.0 811.75515
40400.0 821.06211
40600.0 873.0305
40800.0 856.31919
41000.0 836.76679
41200.0 840.91752
41400.0 827.26436
41600.0 826.78948
41800.0 836.21757
42000.0 830.74756
42200.0 842.20236
42400.0 852.02528
42600.0 833.09278
42800.0 815.34031
43000.0 812.70118
43200.0 834.1762
43400.0 840.72843
43600.0 846.46198
43800.0 847.9077
44000.0 845.8191
44200.0 839.74329
44400.0 833.35944
44600.0 828.24613
44800.0 835.80814
45000.0 837.64094
45200.0 822.0579
45400.0 814.16856
45600.0 826.04603
45800.0 828.67154
46000.0 810.01944
46200.0 819.72782
46400.0 833.04956
46600.0 855.63212
46800.0 852.73966
47000.0 817.99283
47200.0 819.9684
47400.0 849.73536
47600.0 859.64215
47800.0 838.00093
48000.0 804.07603
48200.0 819.58226
48400.0 826.41304
48600.0 825.745
48800.0 814.49122
49000.0 814.62549
49200.0 858.36559
49400.0 860.43715
49600.0 834.5228
49800.0 832.60021
50000.0 854.48853
50200.0 845.79307
50400.0 841.66804
50600.0 815.54127
50800.0 831.0996
51000.0 818.43963
51200.0 823.46898
51400.0 839.135
51600.0 864.38945
51800.0 870.73532
52000.0 848.59307
52200.0 832.38726
52400.0 834.10594
52600.0 827.65663
52800.0 837.51068
53000.0 845.53794
53200.0 842.82228
53400.0 840.7232
53600.0 825.74039
53800.0 808.48233
54000.0 804.9218
54200.0 806.4158
54400.0 829.02315
54600.0 849.33418
54800.0 854.14056
55000.0 840.69672
55200.0 831.80598
55400.0 819.58851
55600.0 810.1787
55800.0 821.56206
56000.0 852.5172
56200.0 842.17088
56400.0 831.33441
56600.0 836.20884
56800.0 837.99116
57000.0 842.63108
57200.0 847.4183
57400.0 832.16135
57600.0 823.33244
57800.0 807.43477
58000.0 796.57405
58200.0 814.95951
58400.0 833.94229
58600.0 845.59801
58800.0 842.56058
59000.0 831.91322
59200.0 831.98261
59400.0 853.60655
59600.0 859.19908
59800.0 830.61115
60000.0 839.39984
60200.0 831.11851
60400.0 844.56985
60600.0 847.36735
60800.0 837.02747
61000.0 831.09479
61200.0 834.54972
61400.0 839.74834
61600.0 829.35948
61800.0 842.07596
62000.0 847.87479
62200.0 830.60986
62400.0 829.55745
62600.0 858.68109
62800.0 840.33894
63000.0 807.63834
63200.0 818.81957
63400.0 825.91553
63600.0 827.12679
63800.0 841.54149
64000.0 836.95393
64200.0 838.11661
64400.0 815.70111
64600.0 846.55828
64800.0 877.36848
65000.0 834.14473
65200.0 817.77016
65400.0 827.57017
65600.0 861.58954
65800.0 868.94189
66000.0 876.24563
66200.0 863.91196
66400.0 850.33706
66600.0 820.51169
66800.0 809.68913
67000.0 813.02832
67200.0 828.88215
67400.0 825.26355
67600.0 866.835
67800.0 857.93309
68000.0 842.65373
68200.0 842.0282
68400.0 851.52833
68600.0 836.9422
68800.0 824.61064
69000.0 808.71842
69200.0 819.0722
69400.0 835.43388
69600.0 822.05932
69800.0 830.28297
70000.0 818.1641
70200.0 837.89094
70400.0 856.31516
70600.0 838.61496
70800.0 827.47243
71000.0 830.89428
71200.0 843.27292
71400.0 830.3136
71600.0 835.77302
71800.0 866.98967
72000.0 868.58902
72200.0 875.84772
72400.0 846.50088
72600.0 851.54681
72800.0 844.37483
73000.0 836.33269
73200.0 830.84889
73400.0 842.60041
73600.0 823.5465
73800.0 804.79593
74000.0 827.06924
74200.0 841.25303
74400.0 874.93909
74600.0 836.23771
74800.0 830.71251
75000.0 837.00468
75200.0 800.71028
75400.0 806.76612
75600.0 811.17225
75800.0 824.14418
76000.0 816.13649
76200.0 834.63716
76400.0 843.50788
76600.0 846.48609
76800.0 836.25089
77000.0 844.79212
77200.0 834.87955
77400.0 851.18832
77600.0 863.4611
77800.0 830.13927
78000.0 811.14037
78200.0 829.5995
78400.0 823.30418
78600.0 841.41447
78800.0 838.89605
79000.0 815.59766
79200.0 822.15916
79400.0 857.64478
79600.0 854.96428
79800.0 842.6718
80000.0 848.65969
80200.0 832.49869
80400.0 865.72175
80600.0 859.04847
80800.0 840.21413
81000.0 840.40636
81200.0 845.74541
81400.0 842.40421
81600.0 838.91042
81800.0 828.01634
82000.0 843.34467
82200.0 834.86018
82400.0 842.63598
82600.0 810.99276
82800.0 831.64196
83000.0 855.5437
83200.0 831.91039
83400.0 829.08596
83600.0 829.96565
83800.0 830.16569
84000.0 849.33302
84200.0 853.37646
84400.0 834.48217
84600.0 840.95441
84800.0 861.97551
85000.0 863.1962
85200.0 830.76887
85400.0 841.94544
85600.0 822.33391
85800.0 839.73642
86000.0 833.84031
86200.0 828.14615
86400.0 816.68133
86600.0 819.29934
86800.0 842.18126
87000.0 823.41394
87200.0 807.12906
87400.0 822.34738
87600.0 835.69856
87800.0 836.95234
88000.0 825.37928
88200.0 838.5992
88400.0 832.86845
88600.0 846.56101
88800.0 841.10166
89000.0 834.93155
89200.0 813.31268
89400.0 840.3689
89600.0 853.16834
89800.0 864.33724
90000.0 831.35397
90200.0 832.30324
90400.0 840.42221
90600.0 859.49545
90800.0 844.23306
91000.0 816.13126
91200.0 830.43204
91400.0 829.38711
91600.0 829.92091
91800.0 822.44384
92000.0 815.78676
92200.0 833.29639
92400.0 835.74953
92600.0 847.52675
92800.0 848.05847
93000.0 853.00485
93200.0 846.3893
93400.0 840.88125
93600.0 831.31453
93800.0 823.6166
94000.0 828.3042
94200.0 825.24398
94400.0 837.04918
94600.0 823.73363
94800.0 837.33645
95000.0 862.51432
95200.0 854.62381
95400.0 835.96424
95600.0 838.23358
95800.0 856.7188
96000.0 833.37797
96200.0 829.7975
96400.0 840.98532
96600.0 829.6276
96800.0 815.2325
97000.0 806.72693
97200.0 833.77681
97400.0 856.5256
97600.0 842.67846
97800.0 823.63748
98000.0 825.64297
98200.0 842.08104
98400.0 863.86364
98600.0 852.80151
98800.0 818.85744
99000.0 804.23259
99200.0 809.25287
99400.0 812.6328
99600.0 827.88922
99800.0 856.20462
100000.0 830.3785
