0.0 460.00356
200.0 463.11828
400.0 472.52788
600.0 463.27324
800.0 480.12448
1000.0 453.31584
1200.0 448.97021
1400.0 461.33795
1600.0 462.73136
1800.0 466.7657
2000.0 467.56864
2200.0 472.13558
2400.0 463.05199
2600.0 465.02259
2800.0 479.39335
3000.0 487.8602
3200.0 465.16977
3400.0 463.60951
3600.0 464.84794
3800.0 476.0177
4000.0 460.95502
4200.0 460.9089
4400.0 459.17295
4600.0 461.39613
4800.0 454.13775
5000.0 454.81402
5200.0 466.21528
5400.0 466.41627
5600.0 471.62814
5800.0 465.09716
6000.0 466.38432
6200.0 472.05875
6400.0 475.21401
6600.0 468.84222
6800.0 462.54632
7000.0 476.16942
7200.0 478.76243
7400.0 478.69393
7600.0 479.60583
7800.0 481.46782
8000.0 479.24724
8200.0 464.6658
8400.0 471.75794
8600.0 474.1354
8800.0 465.35983
9000.0 454.10787
9200.0 467.06269
9400.0 472.87584
9600.0 468.0906
9800.0 463.76554
10000.0 472.3115
10200.0 489.89709
10400.0 478.44547
10600.0 457.95788
10800.0 478.52847
11000.0 483.34812
11200.0 472.67107
11400.0 456.11717
11600.0 478.09365
11800.0 475.22611
12000.0 473.47843
12200.0 464.63342
12400.0 479.61991
12600.0 456.57612
12800.0 470.51912
13000.0 468.77524
13200.0 457.86699
13400.0 461.40173
13600.0 474.40256
13800.0 469.94437
14000.0 457.54486
14200.0 480.86448
14400.0 468.38313
14600.0 466.4408
14800.0 470.61742
15000.0 477.30307
15200.0 467.39852
15400.0 492.529
15600.0 478.01424
15800.0 460.91247
16000.0 469.11251
16200.0 468.42483
16400.0 455.73825
16600.0 473.47941
16800.0 472.87474
17000.0 464.97817
17200.0 469.89286
17400.0 462.7427
17600.0 469.83386
17800.0 461.75855
18000.0 466.44263
18200.0 468.32368
18400.0 477.97847
18600.0 481.389
18800.0 474.79439
19000.0 450.5097
19200.0 474.29773
19400.0 476.96628
19600.0 464.55171
19800.0 476.43899
20000.0 474.01361
20200.0 465.44278
20400.0 474.86537
20600.0 462.2816
20800.0 463.81239
21000.0 467.36871
21200.0 468.10177
21400.0 453.09858
21600.0 467.13029
21800.0 458.64113
22000.0 455.61609
22200.0 470.0637
22400.0 469.62141
22600.0 472.44905
22800.0 478.70645
23000.0 483.28691
23200.0 458.37919
23400.0 475.07919
23600.0 466.38826
23800.0 470.79943
24000.0 468.65207
24200.0 470.16469
24400.0 446.99621
24600.0 457.23438
24800.0 469.88978
25000.0 462.48058
25200.0 467.9065
25400.0 470.40312
25600.0 466.58458
25800.0 482.62734
26000.0 477.08974
26200.0 459.60217
26400.0 473.06229
26600.0 472.89109
26800.0 470.40735
27000.0 457.49746
27200.0 465.08356
27400.0 473.89082
27600.0 454.86443
27800.0 474.12837
28000.0 469.80756
28200.0 471.25442
28400.0 488.83701
28600.0 475.81162
28800.0 467.42917
29000.0 471.08578
29200.0 475.54702
29400.0 471.7446
29600.0 468.52068
29800.0 465.47147
30000.0 470.24936
30200.0 469.62035
30400.0 447.96642
30600.0 468.91003
30800.0 453.13975
31000.0 471.43324
31200.0 470.64437
31400.0 484.9422
31600.0 467.55038
31800.0 463.1967
32000.0 464.03132
32200.0 484.7038
32400.0 473.99403
32600.0 466.98517
32800.0 455.10791
33000.0 473.29313
33200.0 473.55012
33400.0 462.89025
33600.0 462.33
33800.0 463.03408
34000.0 457.7608
34200.0 465.34234
34400.0 468.63571
34600.0 470.69967
34800.0 461.36886
35000.0 468.65719
35200.0 475.84891
35400.0 472.45886
35600.0 468.69159
35800.0 480.72696
36000.0 468.30353
36200.0 471.55968
36400.0 472.26192
36600.0 464.78362
36800.0 458.49027
37000.0 466.2079
37200.0 472.08002
37400.0 463.14945
37600.0 463.07071
37800.0 457.3653
38000.0 470.01264
38200.0 474.39081
38400.0 467.47303
38600.0 475.12334
38800.0 479.42401
39000.0 476.03492
39200.0 479.72145
39400.0 467.64014
39600.0 471.92197
39800.0 463.32629
40000.0 475.75481
40200.0 457.01751
40400.0 463.75584
40600.0 470.29349
40800.0 460.52769
41000.0 466.5312
41200.0 481.14127
41400.0 474.65271
41600.0 465.77312
41800.0 470.53971
42000.0 486.65479
42200.0 481.85361
42400.0 460.64103
42600.0 478.52367
42800.0 471.64051
43000.0 467.67211
43200.0 474.89969
43400.0 474.08974
43600.0 454.74049
43800.0 473.14336
44000.0 464.36557
44200.0 466.24365
44400.0 460.81134
44600.0 483.59783
44800.0 466.7782
45000.0 477.16379
45200.0 464.827
45400.0 478.39391
45600.0 460.06268
45800.0 456.62521
46000.0 473.57326
46200.0 456.17479
46400.0 459.17534
46600.0 461.94619
46800.0 465.18313
47000.0 464.99117
47200.0 459.42614
47400.0 463.53719
47600.0 480.75044
47800.0 475.31718
48000.0 465.06695
48200.0 457.74097
48400.0 472.54666
48600.0 480.25536
48800.0 463.02116
49000.0 473.75202
49200.0 479.3719
49400.0 485.45892
49600.0 470.55428
49800.0 469.58105
50000.0 463.78096
50200.0 458.97618
50400.0 470.29948
50600.0 471.39818
50800.0 455.10683
51000.0 460.75884
51200.0 472.94351
51400.0 478.78633
51600.0 479.09162
51800.0 480.61721
52000.0 464.34096
52200.0 468.95472
52400.0 474.08403
52600.0 482.15394
52800.0 471.62024
53000.0 476.38147
53200.0 464.99031
53400.0 473.41367
53600.0 468.82877
53800.0 477.05837
54000.0 460.82953
54200.0 474.05414
54400.0 463.95101
54600.0 462.19364
54800.0 485.15721
55000.0 476.48605
55200.0 474.42906
55400.0 465.78639
55600.0 476.22972
55800.0 477.99597
56000.0 487.57615
56200.0 488.92434
56400.0 471.79013
56600.0 492.45572
56800.0 459.04991
57000.0 477.81008
57200.0 470.9544
57400.0 466.09319
57600.0 477.65786
57800.0 463.53175
58000.0 464.79377
58200.0 469.23728
58400.0 456.41654
58600.0 476.83259
58800.0 465.40202
59000.0 460.03511
59200.0 463.67129
59400.0 480.83986
59600.0 475.0654
59800.0 479.82383
60000.0 474.96637
60200.0 476.32916
60400.0 464.30153
60600.0 472.23242
60800.0 473.95558
61000.0 457.83453
61200.0 460.88225
61400.0 460.5994
61600.0 474.18008
61800.0 464.13395
62000.0 457.69609
62200.0 458.76852
62400.0 475.97334
62600.0 473.0173
62800.0 469.52104
63000.0 469.81266
63200.0 470.68923
63400.0 467.68269
63600.0 466.54586
63800.0 469.37988
64000.0 484.86193
64200.0 477.01367
64400.0 485.00843
64600.0 477.48361
64800.0 469.84196
65000.0 476.5369
65200.0 470.41317
65400.0 467.87954
65600.0 470.43716
65800.0 464.28803
66000.0 461.27505
66200.0 467.34396
66400.0 458.97408
66600.0 475.01986
66800.0 474.27283
67000.0 467.26746
67200.0 477.93356
67400.0 476.80046
67600.0 477.1692
67800.0 484.34292
68000.0 472.76789
68200.0 474.15091
68400.0 479.51829
68600.0 480.7071
68800.0 470.0347
69000.0 466.0976
69200.0 467.93886
69400.0 473.76495
69600.0 463.94094
69800.0 466.37505
70000.0 462.65327
70200.0 465.32113
70400.0 467.3176
70600.0 485.85945
70800.0 470.70732
71000.0 472.00642
71200.0 484.98225
71400.0 477.93383
71600.0 477.5483
71800.0 461.88956
72000.0 473.64839
72200.0 468.70449
72400.0 476.08269
72600.0 471.54775
72800.0 466.15569
73000.0 468.04571
73200.0 467.60437
73400.0 459.80161
73600.0 467.80966
73800.0 483.44824
74000.0 468.48259
74200.0 481.15848
74400.0 474.42945
74600.0 486.1222
74800.0 479.48732
75000.0 473.71051
75200.0 472.20984
75400.0 484.74383
75600.0 471.61428
75800.0 469.31846
76000.0 465.02801
76200.0 465.0065
76400.0 463.74379
76600.0 463.62001
76800.0 475.9731
77000.0 486.72372
77200.0 469.32656
77400.0 462.53861
77600.0 481.15483
77800.0 485.43454
78000.0 481.84158
78200.0 481.56349
78400.0 472.41161
78600.0 466.14072
78800.0 475.83495
79000.0 469.63855
79200.0 476.43294
79400.0 470.16141
79600.0 459.59542
79800.0 474.64542
80000.0 468.13024
80200.0 452.04415
80400.0 471.7844
80600.0 471.00107
80800.0 470.76502
81000.0 471.29735
81200.0 466.24694
81400.0 495.56011
81600.0 484.11721
81800.0 467.62102
82000.0 476.47361
82200.0 476.92535
82400.0 479.50095
82600.0 470.8534
82800.0 463.44175
83000.0 471.87642
83200.0 471.73508
83400.0 466.64966
83600.0 459.10392
83800.0 469.18503
84000.0 456.92901
84200.0 474.01991
84400.0 466.29807
84600.0 485.35189
84800.0 467.16352
85000.0 480.13796
85200.0 474.72295
85400.0 481.50617
85600.0 477.56238
85800.0 468.27751
86000.0 461.85203
86200.0 468.39472
86400.0 471.20489
86600.0 461.5718
86800.0 461.55638
87000.0 476.87148
87200.0 471.54959
87400.0 473.32412
87600.0 470.14629
87800.0 466.75178
88000.0 466.70667
88200.0 469.63519
88400.0 478.7688
88600.0 472.85852
88800.0 472.52319
89000.0 479.71201
89200.0 471.16225
89400.0 478.63594
89600.0 472.51742
89800.0 473.79808
90000.0 465.31921
90200.0 464.00501
90400.0 468.22889
90600.0 472.48729
90800.0 461.99268
91000.0 447.41503
91200.0 467.7005
91400.0 474.59499
91600.0 474.8751
91800.0 462.00807
92000.0 483.61988
92200.0 484.63111
92400.0 465.7317
92600.0 472.42263
92800.0 466.68676
93000.0 475.46644
93200.0 462.42448
93400.0 458.96837
93600.0 460.11376
93800.0 471.07249
94000.0 460.26036
94200.0 466.91412
94400.0 477.4062
94600.0 483.42738
94800.0 476.41692
95000.0 479.82968
95200.0 475.65909
95400.0 464.45032
95600.0 470.84888
95800.0 456.05133
96000.0 479.97068
96200.0 476.24832
96400.0 448.52213
96600.0 468.81435
96800.0 464.94683
97000.0 465.31845
97200.0 460.85677
97400.0 466.43014
97600.0 462.06805
97800.0 490.98721
98000.0 464.29628
98200.0 474.20122
98400.0 475.35768
98600.0 465.93308
98800.0 478.75331
99000.0 477.03468
99200.0 471.36516
99400.0 468.72347
99600.0 455.98838
99800.0 471.72016
100000.0 466.67938
