0.0 383.72316
200.0 383.66073
400.0 384.0491
600.0 385.21675
800.0 387.41367
1000.0 390.09797
1200.0 392.22496
1400.0 393.26385
1600.0 393.32455
1800.0 392.75326
2000.0 391.75781
2200.0 390.50402
2400.0 389.20164
2600.0 387.83781
2800.0 386.45425
3000.0 385.21262
3200.0 384.27157
3400.0 383.65538
3600.0 383.19434
3800.0 382.93145
4000.0 383.04147
4200.0 383.62562
4400.0 384.81741
4600.0 386.7234
4800.0 388.83114
5000.0 390.4653
5200.0 391.27568
5400.0 391.3136
5600.0 390.75661
5800.0 389.83742
6000.0 388.79598
6200.0 387.77753
6400.0 386.7149
6600.0 385.67707
6800.0 384.77061
7000.0 384.12346
7200.0 383.79246
7400.0 383.78901
7600.0 384.04966
7800.0 384.50892
8000.0 385.21715
8200.0 386.32175
8400.0 387.79917
8600.0 389.45055
8800.0 390.99998
9000.0 392.06321
9200.0 392.39268
9400.0 391.90223
9600.0 390.61485
9800.0 388.84332
10000.0 387.17265
10200.0 386.03298
10400.0 385.4701
10600.0 385.29695
10800.0 385.35734
11000.0 385.34943
11200.0 385.10504
11400.0 384.7647
11600.0 384.50857
11800.0 384.6103
12000.0 385.27332
12200.0 386.45404
12400.0 387.79553
12600.0 388.77932
12800.0 389.07121
13000.0 388.70896
13200.0 387.7395
13400.0 386.29889
13600.0 384.73612
13800.0 383.33732
14000.0 382.32977
14200.0 381.97693
14400.0 382.40836
14600.0 383.53147
14800.0 385.00776
15000.0 386.43042
15200.0 387.45417
15400.0 387.89256
15600.0 387.85553
15800.0 387.71344
16000.0 387.84904
16200.0 388.38319
16400.0 389.14186
16600.0 389.92256
16800.0 390.34099
17000.0 390.17442
17200.0 389.35706
17400.0 388.02335
17600.0 386.54453
17800.0 385.30522
18000.0 384.52061
18200.0 384.23411
18400.0 384.30847
18600.0 384.39383
18800.0 384.13126
19000.0 383.37833
19200.0 382.3117
19400.0 381.29146
19600.0 380.69516
19800.0 380.96775
20000.0 382.38368
20200.0 384.77189
20400.0 387.27087
20600.0 389.00757
20800.0 389.83346
21000.0 390.08314
21200.0 390.06172
21400.0 390.01378
21600.0 390.04895
21800.0 390.04999
22000.0 389.77822
22200.0 389.12629
22400.0 388.18575
22600.0 387.03657
22800.0 385.75414
23000.0 384.53313
23200.0 383.59184
23400.0 383.09349
23600.0 383.10169
23800.0 383.68575
24000.0 384.9759
24200.0 387.13486
24400.0 389.68559
24600.0 391.70491
24800.0 392.74943
25000.0 392.89567
25200.0 392.40078
25400.0 391.49263
25600.0 390.30951
25800.0 389.03328
26000.0 387.78499
26200.0 386.6424
26400.0 385.66794
26600.0 384.88738
26800.0 384.41214
27000.0 384.24041
27200.0 384.31361
27400.0 384.60028
27600.0 385.06315
27800.0 385.57063
28000.0 386.13258
28200.0 386.92039
28400.0 387.95886
28600.0 389.0321
28800.0 390.08046
29000.0 390.80979
29200.0 390.7668
29400.0 389.85306
29600.0 388.32198
29800.0 386.74486
30000.0 385.61138
30200.0 385.27977
30400.0 385.87385
30600.0 387.24499
30800.0 388.91329
31000.0 390.29095
31200.0 390.93749
31400.0 390.76883
31600.0 389.89795
31800.0 388.6888
32000.0 387.57089
32200.0 386.84368
32400.0 386.53618
32600.0 386.40753
32800.0 386.26291
33000.0 385.93487
33200.0 385.34251
33400.0 384.56091
33600.0 383.80805
33800.0 383.31848
34000.0 383.37962
34200.0 384.138
34400.0 385.51364
34600.0 387.24087
34800.0 388.83616
35000.0 389.96421
35200.0 390.78251
35400.0 391.57093
35600.0 392.28395
35800.0 392.68046
36000.0 392.54314
36200.0 391.68666
36400.0 390.05878
36600.0 387.91775
36800.0 385.88035
37000.0 384.4408
37200.0 383.5975
37400.0 383.22425
37600.0 383.0532
37800.0 382.79784
38000.0 382.44989
38200.0 382.18968
38400.0 382.5192
38600.0 383.72712
38800.0 385.57754
39000.0 387.50864
39200.0 388.96187
39400.0 389.73577
39600.0 389.96314
39800.0 389.8211
40000.0 389.49367
40200.0 389.25836
40400.0 389.26256
40600.0 389.34958
40800.0 389.27832
41000.0 388.82214
41200.0 387.74438
41400.0 385.96474
41600.0 383.64291
41800.0 381.57518
42000.0 380.48078
42200.0 380.54363
42400.0 381.54456
42600.0 383.07693
42800.0 384.75316
43000.0 386.33534
43200.0 387.51898
43400.0 388.28194
43600.0 388.5876
43800.0 388.48587
44000.0 388.12416
44200.0 387.72133
44400.0 387.43718
44600.0 387.3649
44800.0 387.43468
45000.0 387.48968
45200.0 387.3676
45400.0 386.81072
45600.0 385.73347
45800.0 384.31023
46000.0 382.89668
46200.0 382.29762
46400.0 382.94319
46600.0 384.93671
46800.0 387.69877
47000.0 389.84928
47200.0 390.64117
47400.0 390.3558
47600.0 389.43634
47800.0 388.25321
48000.0 387.18113
48200.0 386.46314
48400.0 386.10129
48600.0 386.01095
48800.0 386.09556
49000.0 386.15257
49200.0 385.99095
49400.0 385.71665
49600.0 385.42044
49800.0 385.24881
50000.0 385.60388
50200.0 386.39046
50400.0 387.4038
50600.0 388.39768
50800.0 389.23915
51000.0 389.90096
51200.0 390.25439
51400.0 390.36225
51600.0 390.29037
51800.0 390.07669
52000.0 389.81178
52200.0 389.40242
52400.0 388.5696
52600.0 387.09725
52800.0 385.22182
53000.0 383.48723
53200.0 382.38514
53400.0 382.05905
53600.0 382.45566
53800.0 383.42225
54000.0 384.60666
54200.0 385.68549
54400.0 386.38613
54600.0 386.51977
54800.0 386.31594
55000.0 386.18479
55200.0 386.34649
55400.0 386.91376
55600.0 387.8171
55800.0 388.846
56000.0 389.79154
56200.0 390.43978
56400.0 390.58368
56600.0 390.03767
56800.0 388.92533
57000.0 387.70571
57200.0 386.80939
57400.0 386.36259
57600.0 386.34832
57800.0 386.63353
58000.0 387.07568
58200.0 387.56631
58400.0 388.05004
58600.0 388.45872
58800.0 388.68901
59000.0 388.73117
59200.0 388.70675
59400.0 388.90263
59600.0 389.32249
59800.0 389.86854
60000.0 390.1814
60200.0 389.78385
60400.0 388.39465
60600.0 386.28553
60800.0 384.19769
61000.0 382.8263
61200.0 382.3988
61400.0 382.7925
61600.0 383.72594
61800.0 384.83899
62000.0 385.79415
62200.0 386.46015
62400.0 387.03265
62600.0 387.64968
62800.0 388.59638
63000.0 389.86653
63200.0 391.09976
63400.0 391.90298
63600.0 392.07347
63800.0 391.552
64000.0 390.48034
64200.0 389.25753
64400.0 388.2555
64600.0 387.63076
64800.0 387.25353
65000.0 387.02426
65200.0 386.83894
65400.0 386.55353
65600.0 386.00014
65800.0 385.21882
66000.0 384.45207
66200.0 384.01589
66400.0 384.17458
66600.0 385.15787
66800.0 386.89468
67000.0 388.83101
67200.0 390.19506
67400.0 390.62182
67600.0 390.11273
67800.0 388.96258
68000.0 387.43375
68200.0 386.09973
68400.0 385.35715
68600.0 385.14889
68800.0 385.46047
69000.0 386.30637
69200.0 387.41311
69400.0 388.35355
69600.0 388.75297
69800.0 388.50502
70000.0 387.73791
70200.0 386.81606
70400.0 386.1693
70600.0 386.1803
70800.0 386.99649
71000.0 388.43991
71200.0 390.00075
71400.0 391.1803
71600.0 391.76752
71800.0 391.7841
72000.0 390.98283
72200.0 389.33861
72400.0 387.05885
72600.0 384.8505
72800.0 383.23457
73000.0 382.38739
73200.0 382.21939
73400.0 382.51436
73600.0 383.299
73800.0 384.43631
74000.0 385.71094
74200.0 387.05575
74400.0 388.44013
74600.0 389.74158
74800.0 390.96389
75000.0 391.97999
75200.0 392.67725
75400.0 392.87722
75600.0 392.30823
75800.0 390.7339
76000.0 388.29691
76200.0 385.64979
76400.0 383.51788
76600.0 382.17699
76800.0 381.58251
77000.0 381.60691
77200.0 382.04741
77400.0 382.7388
77600.0 383.6995
77800.0 384.96651
78000.0 386.47592
78200.0 387.9405
78400.0 389.06443
78600.0 389.78919
78800.0 390.23207
79000.0 390.49351
79200.0 390.66971
79400.0 390.66211
79600.0 390.40561
79800.0 389.84799
80000.0 388.9225
80200.0 387.55605
80400.0 385.77878
80600.0 383.92103
80800.0 382.48146
81000.0 381.76474
81200.0 381.73982
81400.0 382.09415
81600.0 382.44052
81800.0 382.63259
82000.0 382.70546
82200.0 382.89659
82400.0 383.4876
82600.0 384.605
82800.0 385.99679
83000.0 387.278
83200.0 388.22162
83400.0 388.78231
83600.0 388.99596
83800.0 388.94994
84000.0 388.81558
84200.0 388.77549
84400.0 389.00073
84600.0 389.47662
84800.0 389.86482
85000.0 389.78739
85200.0 388.98583
85400.0 387.46807
85600.0 385.57178
85800.0 383.95307
86000.0 383.04338
86200.0 382.93446
86400.0 383.4428
86600.0 384.24235
86800.0 384.90943
87000.0 385.28823
87200.0 385.51597
87400.0 385.68105
87600.0 385.83626
87800.0 386.18325
88000.0 386.72661
88200.0 387.43123
88400.0 388.31189
88600.0 389.42649
88800.0 390.65145
89000.0 391.72137
89200.0 392.53672
89400.0 392.91058
89600.0 392.94869
89800.0 392.67988
90000.0 391.94818
90200.0 390.65765
90400.0 388.72679
90600.0 386.39418
90800.0 384.35818
91000.0 383.01884
91200.0 382.38408
91400.0 382.32629
91600.0 382.73333
91800.0 383.41623
92000.0 384.17999
92200.0 384.89111
92400.0 385.48303
92600.0 386.07827
92800.0 386.80179
93000.0 387.73744
93200.0 388.85484
93400.0 389.96963
93600.0 390.85505
93800.0 391.23789
94000.0 390.92281
94200.0 389.92202
94400.0 388.5217
94600.0 386.8934
94800.0 385.31577
95000.0 384.0245
95200.0 383.1496
95400.0 382.56763
95600.0 382.17811
95800.0 382.01383
96000.0 382.26429
96200.0 382.99814
96400.0 384.15662
96600.0 385.77808
96800.0 387.64917
97000.0 389.38673
97200.0 390.69094
97400.0 391.47413
97600.0 391.75825
97800.0 391.63419
98000.0 391.15813
98200.0 390.24841
98400.0 389.04331
98600.0 387.83929
98800.0 386.88992
99000.0 386.26993
99200.0 386.01023
99400.0 386.00368
99600.0 386.10419
99800.0 386.2171
100000.0 386.40714
