0.0 51.486819
200.0 51.43602
400.0 51.553795
600.0 51.411914
800.0 51.351745
1000.0 51.542095
1200.0 51.466243
1400.0 51.475631
1600.0 51.539717
1800.0 51.609415
2000.0 51.408048
2200.0 51.445591
2400.0 51.591672
2600.0 51.426231
2800.0 51.543877
3000.0 51.643907
3200.0 51.501525
3400.0 51.594893
3600.0 51.628861
3800.0 51.501791
4000.0 51.58446
4200.0 51.688829
4400.0 51.813751
4600.0 51.632521
4800.0 51.826738
5000.0 51.830239
5200.0 51.886311
5400.0 51.724709
5600.0 51.812665
5800.0 51.856992
6000.0 51.833728
6200.0 51.819114
6400.0 51.783515
6600.0 51.795787
6800.0 51.766209
7000.0 51.729189
7200.0 51.830665
7400.0 51.77232
7600.0 51.735708
7800.0 51.882179
8000.0 51.897476
8200.0 51.800384
8400.0 51.80783
8600.0 51.788768
8800.0 51.844958
9000.0 51.74038
9200.0 51.697031
9400.0 51.816071
9600.0 51.787068
9800.0 51.975995
10000.0 52.036406
10200.0 51.781104
10400.0 51.922201
10600.0 52.096649
10800.0 51.861419
11000.0 51.906654
11200.0 51.953986
11400.0 51.852408
11600.0 51.822473
11800.0 51.808716
12000.0 51.851828
12200.0 51.765581
12400.0 51.8213
12600.0 51.729235
12800.0 51.698326
13000.0 51.725821
13200.0 51.632279
13400.0 51.659647
13600.0 51.79942
13800.0 51.775376
14000.0 51.794869
14200.0 51.833432
14400.0 51.813894
14600.0 51.855628
14800.0 51.83091
15000.0 51.85281
15200.0 51.902674
15400.0 51.838544
15600.0 51.454803
15800.0 51.61099
16000.0 51.536306
16200.0 51.359696
16400.0 51.643467
16600.0 51.602832
16800.0 51.504105
17000.0 51.568423
17200.0 51.626474
17400.0 51.59135
17600.0 51.55002
17800.0 51.580651
18000.0 51.707427
18200.0 51.714138
18400.0 51.62305
18600.0 51.66802
18800.0 51.565597
19000.0 51.421119
19200.0 51.703032
19400.0 51.645865
19600.0 51.636127
19800.0 51.702142
20000.0 51.67821
20200.0 51.693126
20400.0 51.778764
20600.0 51.564384
20800.0 51.617645
21000.0 51.70287
21200.0 51.539306
21400.0 51.491273
21600.0 51.570222
21800.0 51.618433
22000.0 51.424801
22200.0 51.521712
22400.0 51.474506
22600.0 51.646052
22800.0 51.741952
23000.0 51.737211
23200.0 51.738573
23400.0 51.864525
23600.0 51.813148
23800.0 51.677683
24000.0 51.711949
24200.0 51.747278
24400.0 51.8901
24600.0 51.709053
24800.0 51.61561
25000.0 51.706913
25200.0 51.696779
25400.0 51.591293
25600.0 51.589115
25800.0 51.732419
26000.0 51.593364
26200.0 51.41353
26400.0 51.611638
26600.0 51.563587
26800.0 51.504881
27000.0 51.308348
27200.0 51.501924
27400.0 51.538222
27600.0 51.479884
27800.0 51.557724
28000.0 51.690713
28200.0 51.626404
28400.0 51.611811
28600.0 51.671729
28800.0 51.598342
29000.0 51.671979
29200.0 51.883256
29400.0 51.777442
29600.0 51.750604
29800.0 51.874506
30000.0 51.814431
30200.0 51.800463
30400.0 51.783801
30600.0 51.839436
30800.0 51.781687
31000.0 51.765238
31200.0 51.580352
31400.0 51.693913
31600.0 51.687945
31800.0 51.606375
32000.0 51.59609
32200.0 51.641897
32400.0 51.615611
32600.0 51.692148
32800.0 51.689963
33000.0 51.64445
33200.0 51.719642
33400.0 51.649455
33600.0 51.710899
33800.0 51.787375
34000.0 51.736283
34200.0 51.739746
34400.0 51.987577
34600.0 51.764944
34800.0 51.669993
35000.0 51.838212
35200.0 51.904846
35400.0 51.855236
35600.0 51.779824
35800.0 51.790408
36000.0 51.799489
36200.0 51.846152
36400.0 51.826037
36600.0 51.757155
36800.0 51.786129
37000.0 51.666058
37200.0 51.64976
37400.0 51.749
37600.0 51.662028
37800.0 51.571746
38000.0 51.576434
38200.0 51.720086
38400.0 51.664033
38600.0 51.577361
38800.0 51.784596
39000.0 51.737928
39200.0 51.730453
39400.0 51.735155
39600.0 51.567283
39800.0 51.626867
40000.0 51.529894
40200.0 51.533776
40400.0 51.600977
40600.0 51.611393
40800.0 51.427358
41000.0 51.492978
41200.0 51.662162
41400.0 51.558018
41600.0 51.755578
41800.0 51.678698
42000.0 51.626989
42200.0 51.811257
42400.0 51.773248
42600.0 51.812235
42800.0 51.696072
43000.0 51.601151
43200.0 51.78912
43400.0 51.738687
43600.0 51.684764
43800.0 51.656354
44000.0 51.513678
44200.0 51.510135
44400.0 51.570884
44600.0 51.600577
44800.0 51.417733
45000.0 51.45809
45200.0 51.618603
45400.0 51.496852
45600.0 51.606518
45800.0 51.767412
46000.0 51.619958
46200.0 51.693004
46400.0 51.806552
46600.0 51.749298
46800.0 51.948534
47000.0 51.86996
47200.0 51.921912
47400.0 51.962471
47600.0 51.917503
47800.0 51.906593
48000.0 51.987748
48200.0 51.864111
48400.0 51.853152
48600.0 51.890583
48800.0 51.756188
49000.0 51.991424
49200.0 51.843116
49400.0 51.74577
49600.0 51.80245
49800.0 51.783346
50000.0 51.817365
50200.0 51.710598
50400.0 51.525858
50600.0 51.660595
50800.0 51.694418
51000.0 51.533892
51200.0 51.60339
51400.0 51.698159
51600.0 51.511342
51800.0 51.618017
52000.0 51.578838
52200.0 51.614968
52400.0 51.681093
52600.0 51.692619
52800.0 51.770543
53000.0 51.714232
53200.0 51.748979
53400.0 51.63959
53600.0 51.660629
53800.0 51.792085
54000.0 51.682844
54200.0 51.708784
54400.0 51.689744
54600.0 51.501153
54800.0 51.714454
55000.0 51.666751
55200.0 51.598963
55400.0 51.647463
55600.0 51.728831
55800.0 51.856956
56000.0 51.728945
56200.0 51.732792
56400.0 51.601132
56600.0 51.639764
56800.0 51.594406
57000.0 51.475337
57200.0 51.586588
57400.0 51.658719
57600.0 51.637164
57800.0 51.662585
58000.0 51.553256
58200.0 51.687898
58400.0 51.689286
58600.0 51.647602
58800.0 51.675303
59000.0 51.84363
59200.0 51.727046
59400.0 51.588174
59600.0 51.714976
59800.0 51.678213
60000.0 51.68176
60200.0 51.755989
60400.0 51.732966
60600.0 51.648526
60800.0 51.679854
61000.0 51.75135
61200.0 51.718122
61400.0 51.605638
61600.0 51.674884
61800.0 51.724832
62000.0 51.640501
62200.0 51.646322
62400.0 51.736877
62600.0 51.799475
62800.0 51.895986
63000.0 51.696677
63200.0 51.856245
63400.0 52.062977
63600.0 51.896267
63800.0 51.893145
64000.0 51.841483
64200.0 51.796521
64400.0 51.871548
64600.0 51.831091
64800.0 51.55232
65000.0 51.540465
65200.0 51.715684
65400.0 51.666424
65600.0 51.613251
65800.0 51.607016
66000.0 51.516689
66200.0 51.639291
66400.0 51.713964
66600.0 51.576109
66800.0 51.535454
67000.0 51.53116
67200.0 51.463322
67400.0 51.43355
67600.0 51.541406
67800.0 51.517716
68000.0 51.522813
68200.0 51.485025
68400.0 51.530907
68600.0 51.585465
68800.0 51.524559
69000.0 51.645757
69200.0 51.60625
69400.0 51.560236
69600.0 51.589147
69800.0 51.769949
70000.0 51.666588
70200.0 51.609728
70400.0 51.708143
70600.0 51.777325
70800.0 51.656302
71000.0 51.652359
71200.0 51.604618
71400.0 51.417618
71600.0 51.636573
71800.0 51.571411
72000.0 51.445567
72200.0 51.563115
72400.0 51.470739
72600.0 51.506
72800.0 51.630044
73000.0 51.496611
73200.0 51.446677
73400.0 51.731787
73600.0 51.790186
73800.0 51.589444
74000.0 51.803787
74200.0 51.837158
74400.0 51.804424
74600.0 51.742536
74800.0 51.845509
75000.0 51.820363
75200.0 51.811216
75400.0 51.789313
75600.0 51.713618
75800.0 51.805474
76000.0 51.76794
76200.0 51.871027
76400.0 52.053676
76600.0 51.88765
76800.0 51.929797
77000.0 51.881542
77200.0 51.690179
77400.0 51.883144
77600.0 51.753539
77800.0 51.653022
78000.0 51.73763
78200.0 51.59031
78400.0 51.524792
78600.0 51.687919
78800.0 51.581081
79000.0 51.504212
79200.0 51.589982
79400.0 51.632418
79600.0 51.662297
79800.0 51.57388
80000.0 51.650159
80200.0 51.670896
80400.0 51.651461
80600.0 51.652696
80800.0 51.708902
81000.0 51.764817
81200.0 51.588063
81400.0 51.565036
81600.0 51.822208
81800.0 51.688462
82000.0 51.610407
82200.0 51.735345
82400.0 51.825584
82600.0 51.791621
82800.0 51.63356
83000.0 51.768278
83200.0 51.763253
83400.0 51.658095
83600.0 51.624445
83800.0 51.641024
84000.0 51.746846
84200.0 51.663392
84400.0 51.641353
84600.0 51.712907
84800.0 51.696214
85000.0 51.641386
85200.0 51.594061
85400.0 51.781606
85600.0 51.882518
85800.0 51.682052
86000.0 51.817341
86200.0 51.961099
86400.0 51.802084
86600.0 51.92818
86800.0 51.961202
87000.0 51.794122
87200.0 51.827278
87400.0 51.884833
87600.0 51.833822
87800.0 51.810391
88000.0 51.952581
88200.0 51.907352
88400.0 51.750744
88600.0 51.77676
88800.0 51.877764
89000.0 51.677982
89200.0 51.703896
89400.0 51.748387
89600.0 51.775883
89800.0 51.673854
90000.0 51.661008
90200.0 51.788158
90400.0 51.594236
90600.0 51.771375
90800.0 51.875824
91000.0 51.768929
91200.0 51.76219
91400.0 51.823547
91600.0 51.820737
91800.0 51.788163
92000.0 51.789945
92200.0 51.846501
92400.0 51.686447
92600.0 51.774545
92800.0 51.822691
93000.0 51.701428
93200.0 51.792616
93400.0 51.946935
93600.0 51.730323
93800.0 51.702906
94000.0 51.774492
94200.0 51.596839
94400.0 51.810687
94600.0 51.841653
94800.0 51.575963
95000.0 51.69443
95200.0 51.762017
95400.0 51.659434
95600.0 51.777648
95800.0 51.794672
96000.0 51.715402
96200.0 51.836388
96400.0 51.744869
96600.0 51.813356
96800.0 51.901392
97000.0 51.868108
97200.0 51.931415
97400.0 51.893999
97600.0 51.866385
97800.0 51.875781
98000.0 51.887665
98200.0 51.951799
98400.0 51.794852
98600.0 51.835731
98800.0 51.852564
99000.0 51.798365
99200.0 51.845964
99400.0 51.911284
99600.0 51.910707
99800.0 51.783783
100000.0 51.731886
