0.0 179.18999
200.0 179.46788
400.0 179.27739
600.0 179.51369
800.0 180.42852
1000.0 181.64597
1200.0 182.68893
1400.0 183.54824
1600.0 183.59124
1800.0 182.60839
2000.0 180.35979
2200.0 177.57977
2400.0 176.0539
2600.0 176.79163
2800.0 178.96862
3000.0 181.61781
3200.0 183.72512
3400.0 185.05398
3600.0 185.71472
3800.0 185.46464
4000.0 183.94614
4200.0 182.0107
4400.0 180.02843
4600.0 178.45483
4800.0 177.69609
5000.0 178.62797
5200.0 180.82658
5400.0 183.5466
5600.0 185.99161
5800.0 186.35011
6000.0 184.11902
6200.0 179.6246
6400.0 175.31002
6600.0 174.07152
6800.0 175.33184
7000.0 179.05516
7200.0 182.68921
7400.0 184.81299
7600.0 185.197
7800.0 184.00483
8000.0 181.80056
8200.0 179.2226
8400.0 177.4453
8600.0 176.66547
8800.0 177.89423
9000.0 180.56614
9200.0 183.12932
9400.0 184.43264
9600.0 184.25719
9800.0 183.25083
10000.0 182.01126
10200.0 180.49955
10400.0 179.35093
10600.0 179.29438
10800.0 179.86416
11000.0 181.45807
11200.0 183.86508
11400.0 185.9541
11600.0 186.43558
11800.0 184.08976
12000.0 179.72717
12200.0 176.26101
12400.0 174.6308
12600.0 175.31816
12800.0 177.67992
13000.0 181.1295
13200.0 183.12467
13400.0 184.01229
13600.0 184.17876
13800.0 183.12743
14000.0 181.49123
14200.0 179.58805
14400.0 178.25941
14600.0 177.98175
14800.0 178.9464
15000.0 181.03811
15200.0 184.75324
15400.0 189.50573
15600.0 190.7943
15800.0 187.60507
16000.0 182.71958
16200.0 179.08867
16400.0 178.03109
16600.0 178.91989
16800.0 180.75979
17000.0 182.91122
17200.0 184.35073
17400.0 184.33207
17600.0 182.55007
17800.0 179.71111
18000.0 177.54831
18200.0 177.3469
18400.0 178.4199
18600.0 179.79848
18800.0 181.06819
19000.0 181.71703
19200.0 181.823
19400.0 181.13142
19600.0 179.99844
19800.0 179.01114
20000.0 179.48014
20200.0 182.57056
20400.0 185.50756
20600.0 186.20316
20800.0 185.0411
21000.0 182.80058
21200.0 180.5928
21400.0 178.99743
21600.0 179.39227
21800.0 181.46763
22000.0 183.52878
22200.0 183.12979
22400.0 178.90775
22600.0 175.85531
22800.0 175.44957
23000.0 176.60022
23200.0 178.46578
23400.0 180.43426
23600.0 181.6724
23800.0 181.9643
24000.0 181.60823
24200.0 181.12108
24400.0 180.75949
24600.0 181.15353
24800.0 182.91588
25000.0 185.50156
25200.0 188.19273
25400.0 188.68212
25600.0 186.67318
25800.0 182.25874
26000.0 178.86608
26200.0 178.43194
26400.0 179.77319
26600.0 181.32011
26800.0 182.61278
27000.0 182.2928
27200.0 181.58615
27400.0 179.69121
27600.0 177.50886
27800.0 175.63067
28000.0 175.09796
28200.0 176.72364
28400.0 180.66631
28600.0 185.03546
28800.0 186.96288
29000.0 185.94686
29200.0 182.56079
29400.0 178.79895
29600.0 176.64029
29800.0 176.43557
30000.0 178.41563
30200.0 181.99644
30400.0 185.08581
30600.0 186.28205
30800.0 185.50483
31000.0 183.94144
31200.0 182.37402
31400.0 180.60168
31600.0 179.84339
31800.0 179.12407
32000.0 179.65217
32200.0 180.66075
32400.0 182.02258
32600.0 182.90508
32800.0 183.16639
33000.0 181.5379
33200.0 178.69217
33400.0 176.34143
33600.0 174.97908
33800.0 176.13156
34000.0 179.46476
34200.0 183.35728
34400.0 185.45702
34600.0 184.83064
34800.0 182.42435
35000.0 179.61932
35200.0 177.40919
35400.0 177.01507
35600.0 178.76071
35800.0 181.8182
36000.0 184.60902
36200.0 185.79963
36400.0 185.53977
36600.0 184.37633
36800.0 183.09493
37000.0 181.64846
37200.0 180.51711
37400.0 179.79088
37600.0 179.78817
37800.0 180.4655
38000.0 181.31364
38200.0 182.18134
38400.0 181.72836
38600.0 179.44842
38800.0 176.82031
39000.0 175.28194
39200.0 175.40144
39400.0 177.26819
39600.0 180.08301
39800.0 181.64733
40000.0 181.11917
40200.0 180.02267
40400.0 179.35244
40600.0 179.55215
40800.0 180.90695
41000.0 182.22943
41200.0 183.80746
41400.0 184.43287
41600.0 183.75909
41800.0 181.23505
42000.0 177.38508
42200.0 176.13381
42400.0 177.55189
42600.0 179.85761
42800.0 182.02926
43000.0 182.93404
43200.0 182.67668
43400.0 181.38907
43600.0 179.84113
43800.0 178.28683
44000.0 177.29371
44200.0 177.68131
44400.0 179.58548
44600.0 182.20037
44800.0 184.07587
45000.0 184.63106
45200.0 183.57671
45400.0 181.6079
45600.0 179.17581
45800.0 177.03949
46000.0 176.08936
46200.0 176.7512
46400.0 179.3555
46600.0 183.12409
46800.0 186.42342
47000.0 187.20828
47200.0 185.22394
47400.0 181.23139
47600.0 177.63152
47800.0 175.64014
48000.0 176.39583
48200.0 178.17231
48400.0 180.52253
48600.0 181.99177
48800.0 182.69119
49000.0 182.39628
49200.0 181.43456
49400.0 180.45936
49600.0 179.96266
49800.0 179.82414
50000.0 180.53216
50200.0 181.65116
50400.0 184.67627
50600.0 188.12235
50800.0 189.36498
51000.0 187.52936
51200.0 183.5451
51400.0 179.85906
51600.0 178.37121
51800.0 178.61694
52000.0 179.94183
52200.0 181.45037
52400.0 182.81711
52600.0 183.09109
52800.0 182.29871
53000.0 180.36408
53200.0 177.06083
53400.0 174.656
53600.0 174.36461
53800.0 176.47343
54000.0 179.882
54200.0 182.72672
54400.0 184.01587
54600.0 183.2497
54800.0 181.8451
55000.0 180.44093
55200.0 179.2473
55400.0 179.34108
55600.0 180.07798
55800.0 181.68268
56000.0 184.09461
56200.0 186.78377
56400.0 188.49925
56600.0 187.37748
56800.0 183.40421
57000.0 178.05747
57200.0 175.21522
57400.0 175.39322
57600.0 178.36682
57800.0 182.73627
58000.0 186.79553
58200.0 187.98761
58400.0 185.80278
58600.0 182.16148
58800.0 179.53799
59000.0 178.54117
59200.0 178.56113
59400.0 179.22658
59600.0 180.6505
59800.0 182.0095
60000.0 182.77089
60200.0 183.08349
60400.0 182.74597
60600.0 182.31864
60800.0 181.92268
61000.0 182.01125
61200.0 181.97632
61400.0 181.70535
61600.0 181.42637
61800.0 180.80989
62000.0 180.39532
62200.0 180.23094
62400.0 180.05102
62600.0 180.01684
62800.0 179.50706
63000.0 178.68596
63200.0 177.49261
63400.0 176.50588
63600.0 176.28074
63800.0 178.08305
64000.0 180.72268
64200.0 181.852
64400.0 181.50028
64600.0 181.38215
64800.0 181.26029
65000.0 181.66794
65200.0 182.58156
65400.0 183.20205
65600.0 183.43248
65800.0 182.83767
66000.0 180.69535
66200.0 178.20397
66400.0 177.3958
66600.0 177.9089
66800.0 179.33952
67000.0 180.85897
67200.0 182.1303
67400.0 183.35735
67600.0 183.86908
67800.0 184.794
68000.0 185.45453
68200.0 185.60061
68400.0 184.75214
68600.0 182.86157
68800.0 180.149
69000.0 177.92265
69200.0 177.26295
69400.0 178.20814
69600.0 180.26804
69800.0 182.67015
70000.0 184.55412
70200.0 185.95706
70400.0 185.3897
70600.0 182.99705
70800.0 179.50478
71000.0 176.73947
71200.0 175.85835
71400.0 177.32205
71600.0 180.57575
71800.0 184.19114
72000.0 186.15353
72200.0 185.77076
72400.0 183.50114
72600.0 180.42954
72800.0 177.64098
73000.0 177.12138
73200.0 177.74147
73400.0 179.42668
73600.0 180.4919
73800.0 181.6255
74000.0 181.90933
74200.0 181.61323
74400.0 181.3133
74600.0 180.60682
74800.0 179.80987
75000.0 179.3566
75200.0 179.27524
75400.0 179.67426
75600.0 181.05858
75800.0 182.64197
76000.0 184.00088
76200.0 183.99217
76400.0 182.42603
76600.0 180.03268
76800.0 177.26015
77000.0 175.79906
77200.0 177.13999
77400.0 181.2734
77600.0 186.16231
77800.0 189.4733
78000.0 189.92223
78200.0 187.51228
78400.0 184.56736
78600.0 181.84732
78800.0 179.46896
79000.0 177.26129
79200.0 176.71947
79400.0 177.84193
79600.0 180.32011
79800.0 182.58043
80000.0 183.99455
80200.0 183.90111
80400.0 182.63109
80600.0 180.65069
80800.0 179.2502
81000.0 178.388
81200.0 178.45423
81400.0 179.95472
81600.0 182.3074
81800.0 184.04602
82000.0 183.82073
82200.0 181.74174
82400.0 179.03639
82600.0 176.99638
82800.0 176.33771
83000.0 176.98021
83200.0 179.04372
83400.0 181.47592
83600.0 182.73259
83800.0 182.21051
84000.0 181.35161
84200.0 180.33897
84400.0 179.95693
84600.0 180.34054
84800.0 181.41196
85000.0 182.7353
85200.0 183.92047
85400.0 184.83715
85600.0 184.11699
85800.0 181.71261
86000.0 179.01703
86200.0 177.03329
86400.0 176.88832
86600.0 178.23635
86800.0 180.65222
87000.0 183.62829
87200.0 185.337
87400.0 185.33563
87600.0 183.36338
87800.0 179.2289
88000.0 174.92555
88200.0 173.12691
88400.0 174.54907
88600.0 178.29075
88800.0 182.07158
89000.0 184.0059
89200.0 184.16504
89400.0 182.85256
89600.0 180.73784
89800.0 178.77741
90000.0 177.02551
90200.0 177.31751
90400.0 179.07762
90600.0 182.10672
90800.0 184.27196
91000.0 184.40725
91200.0 183.21223
91400.0 181.67556
91600.0 180.81034
91800.0 180.34767
92000.0 181.10634
92200.0 182.54303
92400.0 183.18346
92600.0 181.45107
92800.0 178.02663
93000.0 176.7204
93200.0 177.14846
93400.0 178.18503
93600.0 179.74278
93800.0 180.73025
94000.0 181.37749
94200.0 181.30778
94400.0 181.09835
94600.0 181.24094
94800.0 181.74652
95000.0 183.19127
95200.0 186.28663
95400.0 189.71648
95600.0 190.45993
95800.0 188.31684
96000.0 183.76522
96200.0 180.51441
96400.0 179.81644
96600.0 180.4764
96800.0 181.47939
97000.0 181.92245
97200.0 182.57108
97400.0 181.99333
97600.0 180.4957
97800.0 178.79753
98000.0 177.47874
98200.0 176.85095
98400.0 177.5151
98600.0 179.92197
98800.0 184.08744
99000.0 186.97183
99200.0 186.24801
99400.0 183.06046
99600.0 179.63298
99800.0 177.74946
100000.0 178.13598
