0.0 732.56024
200.0 744.11809
400.0 741.78225
600.0 761.42831
800.0 742.0699
1000.0 757.98406
1200.0 752.94711
1400.0 749.55865
1600.0 765.43389
1800.0 755.69302
2000.0 753.55085
2200.0 734.77633
2400.0 739.4831
2600.0 751.20252
2800.0 739.7088
3000.0 743.27078
3200.0 745.88359
3400.0 720.0896
3600.0 736.56077
3800.0 733.31805
4000.0 745.4727
4200.0 739.04895
4400.0 718.60465
4600.0 756.24669
4800.0 760.63145
5000.0 762.37642
5200.0 737.45661
5400.0 735.35987
5600.0 746.75709
5800.0 742.86868
6000.0 760.96181
6200.0 736.78648
6400.0 728.4622
6600.0 739.2891
6800.0 731.78773
7000.0 738.31409
7200.0 747.36172
7400.0 715.50138
7600.0 729.05477
7800.0 739.71568
8000.0 741.69592
8200.0 728.97163
8400.0 746.28726
8600.0 745.93648
8800.0 733.99949
9000.0 753.7037
9200.0 738.12321
9400.0 756.09653
9600.0 745.66374
9800.0 758.58492
10000.0 747.30657
10200.0 726.52708
10400.0 744.18883
10600.0 726.98427
10800.0 740.40019
11000.0 767.56346
11200.0 753.39508
11400.0 751.92476
11600.0 745.07744
11800.0 735.65831
12000.0 746.61497
12200.0 760.75794
12400.0 741.28771
12600.0 729.47789
12800.0 723.19169
13000.0 726.74017
13200.0 742.43754
13400.0 760.88169
13600.0 746.30893
13800.0 720.48113
14000.0 744.64944
14200.0 742.78084
14400.0 738.8642
14600.0 746.43845
14800.0 747.41204
15000.0 747.97021
15200.0 752.91629
15400.0 737.55281
15600.0 771.93145
15800.0 760.12354
16000.0 740.95591
16200.0 772.42162
16400.0 768.03113
16600.0 739.57162
16800.0 756.47546
17000.0 753.13572
17200.0 743.14139
17400.0 758.30642
17600.0 748.63812
17800.0 747.07582
18000.0 769.14449
18200.0 719.09948
18400.0 726.68898
18600.0 748.8541
18800.0 742.93746
19000.0 733.06966
19200.0 751.89436
19400.0 753.68004
19600.0 758.22834
19800.0 761.34334
20000.0 749.19458
20200.0 746.42605
20400.0 745.88622
20600.0 755.10331
20800.0 751.08613
21000.0 746.32878
21200.0 757.09423
21400.0 745.67914
21600.0 737.65361
21800.0 748.96622
22000.0 759.33745
22200.0 763.83918
22400.0 725.14852
22600.0 731.00783
22800.0 739.11322
23000.0 738.32907
23200.0 741.64924
23400.0 731.98231
23600.0 737.93308
23800.0 732.21087
24000.0 748.47013
24200.0 743.39625
24400.0 749.5721
24600.0 752.14871
24800.0 735.08942
25000.0 737.70925
25200.0 753.83748
25400.0 746.45269
25600.0 726.36255
25800.0 749.93796
26000.0 762.77666
26200.0 763.56361
26400.0 737.80928
26600.0 729.9524
26800.0 732.80764
27000.0 715.53411
27200.0 733.5276
27400.0 728.27289
27600.0 752.57098
27800.0 752.03309
28000.0 725.40305
28200.0 763.65558
28400.0 755.04731
28600.0 731.30585
28800.0 737.41912
29000.0 763.6784
29200.0 753.22714
29400.0 733.44683
29600.0 727.34452
29800.0 737.36824
30000.0 749.43917
30200.0 739.47969
30400.0 732.1919
30600.0 732.08266
30800.0 724.55308
31000.0 742.16918
31200.0 747.96441
31400.0 741.7476
31600.0 729.45504
31800.0 744.60477
32000.0 741.15132
32200.0 746.92845
32400.0 767.99428
32600.0 744.98825
32800.0 740.09361
33000.0 748.01468
33200.0 733.52799
33400.0 742.00768
33600.0 748.94058
33800.0 735.80663
34000.0 744.48919
34200.0 751.95572
34400.0 744.02735
34600.0 734.62462
34800.0 721.54883
35000.0 726.932
35200.0 750.04329
35400.0 744.88145
35600.0 741.66747
35800.0 747.079
36000.0 741.94822
36200.0 742.15952
36400.0 767.20704
36600.0 755.73679
36800.0 721.41455
37000.0 730.72076
37200.0 727.24935
37400.0 735.94554
37600.0 763.0072
37800.0 770.10024
38000.0 759.72843
38200.0 753.37378
38400.0 756.29109
38600.0 743.18046
38800.0 741.30723
39000.0 731.21277
39200.0 724.28313
39400.0 745.38672
39600.0 749.4792
39800.0 722.16441
40000.0 732.31628
40200.0 755.26349
40400.0 738.91868
40600.0 762.86202
40800.0 754.91303
41000.0 735.50262
41200.0 752.25099
41400.0 743.20942
41600.0 759.68438
41800.0 734.84537
42000.0 707.76701
42200.0 759.18503
42400.0 762.37205
42600.0 714.27189
42800.0 735.83087
43000.0 762.28603
43200.0 728.70526
43400.0 737.10289
43600.0 739.20518
43800.0 731.01927
44000.0 752.57319
44200.0 747.53218
44400.0 759.63337
44600.0 745.91045
44800.0 764.31192
45000.0 754.25731
45200.0 732.34262
45400.0 746.0344
45600.0 744.4878
45800.0 746.35784
46000.0 729.72768
46200.0 745.33749
46400.0 759.40715
46600.0 739.21543
46800.0 742.77583
47000.0 731.20486
47200.0 714.46216
47400.0 729.77819
47600.0 751.15164
47800.0 746.03638
48000.0 748.05553
48200.0 727.57266
48400.0 734.9391
48600.0 752.26243
48800.0 748.96122
49000.0 757.9739
49200.0 752.98144
49400.0 755.40485
49600.0 757.40091
49800.0 737.93326
50000.0 760.42217
50200.0 748.91235
50400.0 723.25069
50600.0 736.11173
50800.0 742.61339
51000.0 762.42355
51200.0 743.70973
51400.0 727.61095
51600.0 730.05579
51800.0 727.33903
52000.0 747.03793
52200.0 774.15792
52400.0 750.22544
52600.0 735.47828
52800.0 746.8761
53000.0 752.84288
53200.0 756.78577
53400.0 751.45376
53600.0 732.07609
53800.0 751.27351
54000.0 762.63018
54200.0 729.17689
54400.0 733.80601
54600.0 749.93529
54800.0 747.6882
55000.0 757.37131
55200.0 743.21051
55400.0 718.17293
55600.0 721.31425
55800.0 736.29953
56000.0 743.46948
56200.0 761.2563
56400.0 751.82523
56600.0 746.5336
56800.0 747.79204
57000.0 727.81319
57200.0 744.41266
57400.0 742.63016
57600.0 773.97556
57800.0 777.86454
58000.0 730.05619
58200.0 742.03049
58400.0 752.68119
58600.0 742.65548
58800.0 736.85714
59000.0 731.37821
59200.0 744.19025
59400.0 755.73371
59600.0 746.05623
59800.0 748.28371
60000.0 733.96566
60200.0 746.71808
60400.0 766.61352
60600.0 758.95532
60800.0 756.63519
61000.0 726.23509
61200.0 750.08739
61400.0 757.13414
61600.0 756.61942
61800.0 731.28385
62000.0 736.33998
62200.0 755.52205
62400.0 747.02263
62600.0 733.46599
62800.0 741.32403
63000.0 746.64257
63200.0 748.94142
63400.0 733.38171
63600.0 711.44717
63800.0 737.82549
64000.0 743.33175
64200.0 746.921
64400.0 758.64294
64600.0 754.04239
64800.0 739.28328
65000.0 737.94162
65200.0 755.55005
65400.0 741.50995
65600.0 727.69415
65800.0 735.72032
66000.0 733.35708
66200.0 755.79644
66400.0 747.7881
66600.0 742.0833
66800.0 760.57405
67000.0 768.83473
67200.0 761.15186
67400.0 755.58076
67600.0 739.3714
67800.0 746.68443
68000.0 729.40277
68200.0 728.35057
68400.0 760.26324
68600.0 746.87315
68800.0 745.21795
69000.0 739.69173
69200.0 735.02791
69400.0 742.49382
69600.0 747.34237
69800.0 758.72759
70000.0 756.49519
70200.0 743.60375
70400.0 721.8092
70600.0 753.73672
70800.0 761.47252
71000.0 750.12037
71200.0 753.18031
71400.0 754.41088
71600.0 729.91995
71800.0 755.27714
72000.0 757.02174
72200.0 755.12183
72400.0 725.63965
72600.0 730.82268
72800.0 754.69842
73000.0 738.02395
73200.0 742.92612
73400.0 738.56059
73600.0 741.01559
73800.0 756.93395
74000.0 744.35225
74200.0 753.1227
74400.0 751.3638
74600.0 742.43127
74800.0 757.47305
75000.0 764.25145
75200.0 768.21157
75400.0 767.4679
75600.0 764.18721
75800.0 752.6036
76000.0 740.95189
76200.0 768.17893
76400.0 744.47237
76600.0 745.21748
76800.0 762.65324
77000.0 772.93118
77200.0 751.57515
77400.0 755.39908
77600.0 737.39832
77800.0 731.86143
78000.0 758.0835
78200.0 743.90637
78400.0 736.18554
78600.0 737.81709
78800.0 737.92525
79000.0 733.63317
79200.0 754.93978
79400.0 744.68245
79600.0 732.18612
79800.0 759.46478
80000.0 754.41161
80200.0 762.16117
80400.0 739.69558
80600.0 729.83806
80800.0 746.63509
81000.0 734.40627
81200.0 737.38835
81400.0 743.88329
81600.0 777.08479
81800.0 747.34434
82000.0 726.84088
82200.0 756.17918
82400.0 759.0741
82600.0 758.85403
82800.0 756.82747
83000.0 765.12319
83200.0 751.37494
83400.0 734.21137
83600.0 732.83239
83800.0 732.2807
84000.0 754.94369
84200.0 764.93787
84400.0 757.4836
84600.0 755.2371
84800.0 722.36334
85000.0 730.96934
85200.0 742.03065
85400.0 736.98012
85600.0 763.90861
85800.0 729.2824
86000.0 728.62852
86200.0 767.79443
86400.0 740.05845
86600.0 744.748
86800.0 759.22567
87000.0 740.33158
87200.0 759.44925
87400.0 755.82342
87600.0 737.74995
87800.0 736.47491
88000.0 746.31687
88200.0 752.55079
88400.0 743.48614
88600.0 747.09181
88800.0 735.78009
89000.0 738.40812
89200.0 738.00979
89400.0 740.73761
89600.0 752.16857
89800.0 727.70911
90000.0 720.79774
90200.0 737.52565
90400.0 729.21348
90600.0 733.84844
90800.0 743.14804
91000.0 758.73238
91200.0 747.67411
91400.0 731.43917
91600.0 752.01222
91800.0 725.87808
92000.0 753.32186
92200.0 755.59114
92400.0 721.34703
92600.0 739.35947
92800.0 744.58985
93000.0 735.40562
93200.0 770.55166
93400.0 766.61368
93600.0 735.56563
93800.0 743.98013
94000.0 775.3764
94200.0 770.78562
94400.0 739.11363
94600.0 751.61973
94800.0 737.94501
95000.0 720.93729
95200.0 734.23506
95400.0 741.11842
95600.0 739.95113
95800.0 765.5673
96000.0 744.99655
96200.0 744.16627
96400.0 755.62502
96600.0 742.42102
96800.0 730.4867
97000.0 747.85512
97200.0 736.6295
97400.0 736.70191
97600.0 737.37162
97800.0 732.61171
98000.0 745.66497
98200.0 723.79282
98400.0 739.12078
98600.0 741.95201
98800.0 749.5054
99000.0 748.63064
99200.0 755.02404
99400.0 750.13287
99600.0 724.07302
99800.0 729.44394
100000.0 768.24801
