0.0 1.0080548
200.0 0.96820028
400.0 0.94745668
600.0 0.95313103
800.0 0.96861587
1000.0 0.98576451
1200.0 1.0018261
1400.0 1.0166436
1600.0 1.0239347
1800.0 1.0195448
2000.0 1.0110287
2200.0 1.0055946
2400.0 1.0034401
2600.0 0.98559389
2800.0 0.99224585
3000.0 1.0133733
3200.0 1.0329648
3400.0 1.0225985
3600.0 0.9997281
3800.0 0.96899774
4000.0 0.94949435
4200.0 0.94367439
4400.0 0.95531769
4600.0 0.97020786
4800.0 0.98793488
5000.0 1.0110664
5200.0 1.0204221
5400.0 1.0053228
5600.0 0.98398714
5800.0 0.98526866
6000.0 0.99217722
6200.0 1.0025358
6400.0 1.0164164
6600.0 1.0248182
6800.0 1.0301105
7000.0 1.0185682
7200.0 0.99810579
7400.0 0.98297379
7600.0 0.96710934
7800.0 0.96137064
8000.0 0.97293315
8200.0 0.98936316
8400.0 1.0058323
8600.0 1.0304588
8800.0 1.0637585
9000.0 1.0464292
9200.0 1.0090986
9400.0 0.97494019
9600.0 0.95089311
9800.0 0.9337817
10000.0 0.94293663
10200.0 0.96385993
10400.0 0.99323656
10600.0 1.0162918
10800.0 1.0349401
11000.0 1.0442229
11200.0 1.0413117
11400.0 1.029528
11600.0 1.0208944
11800.0 1.010894
12000.0 1.0042378
12200.0 1.0010567
12400.0 1.0066643
12600.0 1.0005277
12800.0 0.98278063
13000.0 0.96401881
13200.0 0.93113284
13400.0 0.93199908
13600.0 0.93217301
13800.0 0.94922584
14000.0 0.97509543
14200.0 0.98433931
14400.0 0.98485038
14600.0 0.98847983
14800.0 0.97596191
15000.0 0.98273885
15200.0 0.99311239
15400.0 1.004702
15600.0 1.0168151
15800.0 1.027204
16000.0 1.0240618
16200.0 1.0191531
16400.0 1.0110487
16600.0 0.99037411
16800.0 0.96748427
17000.0 0.97194971
17200.0 0.99436337
17400.0 1.0152249
17600.0 1.0306165
17800.0 1.0237654
18000.0 1.004747
18200.0 0.96949401
18400.0 0.93513388
18600.0 0.9259199
18800.0 0.93797829
19000.0 0.97158931
19200.0 1.0093551
19400.0 1.0270477
19600.0 1.0295242
19800.0 1.0294428
20000.0 1.0029293
20200.0 1.0073765
20400.0 0.99028345
20600.0 0.98558427
20800.0 0.98226692
21000.0 0.99992891
21200.0 1.0116549
21400.0 1.0246441
21600.0 1.036836
21800.0 1.035325
22000.0 1.0093169
22200.0 0.97188561
22400.0 0.94452835
22600.0 0.94032795
22800.0 0.96605845
23000.0 0.99687905
23200.0 1.0086832
23400.0 1.0226318
23600.0 1.0401056
23800.0 1.0287611
24000.0 1.0194754
24200.0 0.99601615
24400.0 0.98830084
24600.0 0.98415378
24800.0 0.97667353
25000.0 0.98786418
25200.0 1.0013455
25400.0 1.000473
25600.0 0.99678669
25800.0 0.99315055
26000.0 0.99059145
26200.0 0.98006686
26400.0 0.97572056
26600.0 0.98138576
26800.0 0.99872741
27000.0 0.99406622
27200.0 0.99618692
27400.0 1.0070629
27600.0 1.0105387
27800.0 1.007975
28000.0 1.0244489
28200.0 1.0185341
28400.0 1.0160009
28600.0 1.0328188
28800.0 1.0520296
29000.0 1.0619035
29200.0 1.0349093
29400.0 1.0000967
29600.0 0.97165898
29800.0 0.9568966
30000.0 0.96086782
30200.0 0.96929629
30400.0 0.9863603
30600.0 1.0006405
30800.0 0.99883524
31000.0 0.98882951
31200.0 0.98325516
31400.0 0.97592786
31600.0 0.99566355
31800.0 1.018696
32000.0 1.0387932
32200.0 1.0513162
32400.0 1.0536319
32600.0 1.0366543
32800.0 1.0229071
33000.0 0.99393828
33200.0 0.98120858
33400.0 0.98258592
33600.0 0.99724649
33800.0 1.0156515
34000.0 1.0128441
34200.0 1.0060761
34400.0 0.98502235
34600.0 0.97014736
34800.0 0.96969094
35000.0 0.97082301
35200.0 0.97611173
35400.0 0.99555651
35600.0 1.0335351
35800.0 1.0548671
36000.0 1.0605708
36200.0 1.0541878
36400.0 1.0261386
36600.0 0.9849221
36800.0 0.95916809
37000.0 0.96185252
37200.0 0.96568447
37400.0 0.98060897
37600.0 1.005936
37800.0 1.0299406
38000.0 1.0323753
38200.0 1.0184305
38400.0 0.99374434
38600.0 0.96945801
38800.0 0.9564221
39000.0 0.96192807
39200.0 0.994882
39400.0 1.0493023
39600.0 1.0744815
39800.0 1.0618111
40000.0 1.0310283
40200.0 0.98239232
40400.0 0.95294967
40600.0 0.94083166
40800.0 0.95577543
41000.0 0.97675772
41200.0 1.0028976
41400.0 1.0220056
41600.0 1.0337574
41800.0 1.0105215
42000.0 0.98524932
42200.0 0.98321326
42400.0 0.97666147
42600.0 0.97956516
42800.0 0.9958865
43000.0 1.0096395
43200.0 1.0194186
43400.0 1.0158506
43600.0 1.0132425
43800.0 1.0073698
44000.0 0.99380314
44200.0 0.97835669
44400.0 0.9792378
44600.0 0.98755795
44800.0 1.0034219
45000.0 1.0322951
45200.0 1.0446951
45400.0 1.0443314
45600.0 1.018126
45800.0 0.9814005
46000.0 0.94752844
46200.0 0.94292266
46400.0 0.94525801
46600.0 0.96745
46800.0 1.0003552
47000.0 1.0207236
47200.0 1.0298246
47400.0 1.0272789
47600.0 1.0224279
47800.0 1.0090094
48000.0 1.0091772
48200.0 0.99624863
48400.0 0.9843064
48600.0 0.99204434
48800.0 1.0002944
49000.0 1.0121239
49200.0 1.0045714
49400.0 0.99526893
49600.0 0.97692413
49800.0 0.9622451
50000.0 0.95112922
50200.0 0.96901547
50400.0 0.97267584
50600.0 0.98511991
50800.0 1.0053362
51000.0 1.0129134
51200.0 1.0255477
51400.0 1.0160789
51600.0 1.007314
51800.0 1.0075293
52000.0 1.0077835
52200.0 1.0174736
52400.0 1.0156551
52600.0 1.0144106
52800.0 1.0193524
53000.0 1.002378
53200.0 1.0098992
53400.0 0.99087427
53600.0 0.97671394
53800.0 0.9845257
54000.0 0.99184816
54200.0 0.99354288
54400.0 0.99810124
54600.0 0.99976827
54800.0 0.99381724
55000.0 1.0000552
55200.0 1.00295
55400.0 1.0008033
55600.0 0.99522326
55800.0 0.99522396
56000.0 0.99274709
56200.0 1.0014032
56400.0 1.008642
56600.0 1.0207978
56800.0 1.046518
57000.0 1.0550375
57200.0 1.0665129
57400.0 1.0502097
57600.0 1.0342851
57800.0 1.0046872
58000.0 0.97589645
58200.0 0.97105607
58400.0 0.97948657
58600.0 0.99270416
58800.0 0.99552325
59000.0 0.99447561
59200.0 0.99080793
59400.0 0.99040601
59600.0 0.98422884
59800.0 0.97451295
60000.0 0.98376977
60200.0 0.99454271
60400.0 1.0112821
60600.0 1.0218801
60800.0 1.0274963
61000.0 1.029958
61200.0 1.0342713
61400.0 1.024709
61600.0 1.0064072
61800.0 0.99994384
62000.0 1.0041811
62200.0 1.0037478
62400.0 0.99475829
62600.0 0.98033962
62800.0 0.97154417
63000.0 0.96981331
63200.0 0.98039726
63400.0 0.97683512
63600.0 0.97032834
63800.0 0.97206041
64000.0 0.9761545
64200.0 0.99599286
64400.0 1.0304732
64600.0 1.0488802
64800.0 1.0510449
65000.0 1.038326
65200.0 1.031594
65400.0 1.0328216
65600.0 1.0277087
65800.0 1.0199629
66000.0 1.0151745
66200.0 0.99184736
66400.0 0.97105545
66600.0 0.96959689
66800.0 0.94882532
67000.0 0.94585946
67200.0 0.96836207
67400.0 1.0050902
67600.0 1.0447469
67800.0 1.0676839
68000.0 1.0551831
68200.0 1.0301771
68400.0 0.98586984
68600.0 0.95911652
68800.0 0.94727301
69000.0 0.96254577
69200.0 0.98685518
69400.0 1.0101124
69600.0 1.0242951
69800.0 1.0337596
70000.0 1.0374508
70200.0 1.0128582
70400.0 1.003993
70600.0 0.97142067
70800.0 0.95896955
71000.0 0.97048741
71200.0 1.0029425
71400.0 1.0271307
71600.0 1.0349813
71800.0 1.0293612
72000.0 0.99773829
72200.0 0.97423373
72400.0 0.96355743
72600.0 0.96305495
72800.0 0.97239482
73000.0 0.99797598
73200.0 1.0235908
73400.0 1.0394109
73600.0 1.0305662
73800.0 1.0013901
74000.0 0.97071941
74200.0 0.96542665
74400.0 0.98647274
74600.0 1.0181374
74800.0 1.0575941
75000.0 1.0702251
75200.0 1.0613322
75400.0 1.0390951
75600.0 1.0096273
75800.0 0.96974745
76000.0 0.94847679
76200.0 0.95866493
76400.0 0.99678828
76600.0 1.0055861
76800.0 1.0067068
77000.0 1.0086511
77200.0 0.99417298
77400.0 0.96971206
77600.0 0.97513628
77800.0 0.97635501
78000.0 0.99019536
78200.0 1.0146845
78400.0 1.0304823
78600.0 1.0431584
78800.0 1.0405794
79000.0 1.0195151
79200.0 0.99274132
79400.0 0.98053717
79600.0 0.9727417
79800.0 0.97214501
80000.0 1.0024121
80200.0 1.0120445
80400.0 1.0166689
80600.0 0.99838311
80800.0 0.98057417
81000.0 0.96847589
81200.0 0.95767491
81400.0 0.96137579
81600.0 0.96796506
81800.0 0.99662182
82000.0 1.0304152
82200.0 1.0444502
82400.0 1.0351776
82600.0 1.0102393
82800.0 0.98181617
83000.0 0.9730264
83200.0 0.97753746
83400.0 0.97925128
83600.0 0.99204633
83800.0 1.0165392
84000.0 1.0275796
84200.0 1.0416268
84400.0 1.02419
84600.0 0.99940651
84800.0 0.98420311
85000.0 0.98998161
85200.0 1.0153564
85400.0 1.0052152
85600.0 1.0142236
85800.0 1.0147401
86000.0 1.0144597
86200.0 1.0075704
86400.0 0.99984887
86600.0 0.97692132
86800.0 0.96329186
87000.0 0.96441483
87200.0 0.97567384
87400.0 0.98460778
87600.0 0.99419774
87800.0 1.0086491
88000.0 1.0046436
88200.0 0.98482387
88400.0 0.98087239
88600.0 0.99790466
88800.0 1.0301998
89000.0 1.055233
89200.0 1.0681532
89400.0 1.0624092
89600.0 1.0508708
89800.0 1.0188981
90000.0 1.004645
90200.0 1.0016958
90400.0 1.0073925
90600.0 1.0060099
90800.0 1.0275107
91000.0 1.0221379
91200.0 1.0127462
91400.0 0.99969024
91600.0 0.982996
91800.0 0.9559616
92000.0 0.94145387
92200.0 0.94423106
92400.0 0.95431465
92600.0 0.98950207
92800.0 1.0218901
93000.0 1.0619107
93200.0 1.0617153
93400.0 1.0423427
93600.0 1.0188363
93800.0 0.99173889
94000.0 0.96913401
94200.0 0.96156333
94400.0 0.9753171
94600.0 0.98529511
94800.0 1.0020682
95000.0 1.0121434
95200.0 1.017829
95400.0 1.0107794
95600.0 1.0057906
95800.0 1.0036119
96000.0 1.0004805
96200.0 0.99518734
96400.0 0.97590089
96600.0 0.9824883
96800.0 0.9980692
97000.0 1.0307102
97200.0 1.0510748
97400.0 1.0455016
97600.0 1.015306
97800.0 0.9892165
98000.0 0.96069725
98200.0 0.95235732
98400.0 0.96748451
98600.0 0.9782157
98800.0 1.0006793
99000.0 1.0229678
99200.0 1.0344604
99400.0 1.0268222
99600.0 1.0122087
99800.0 1.0061056
100000.0 0.99883118
