0.0 -5155.7698
200.0 -5164.6451
400.0 -5144.813
600.0 -5148.4733
800.0 -5134.5679
1000.0 -5149.9714
1200.0 -5135.3666
1400.0 -5146.7217
1600.0 -5136.8767
1800.0 -5140.3024
2000.0 -5145.7524
2200.0 -5136.514
2400.0 -5142.0605
2600.0 -5151.9607
2800.0 -5151.231
3000.0 -5147.0606
3200.0 -5146.0084
3400.0 -5148.5987
3600.0 -5156.4062
3800.0 -5148.1949
4000.0 -5138.8437
4200.0 -5143.2257
4400.0 -5131.2618
4600.0 -5133.3295
4800.0 -5142.2748
5000.0 -5137.4773
5200.0 -5140.2454
5400.0 -5145.0733
5600.0 -5144.131
5800.0 -5145.5495
6000.0 -5142.6768
6200.0 -5147.4035
6400.0 -5150.6212
6600.0 -5146.7999
6800.0 -5143.4
7000.0 -5146.4163
7200.0 -5138.1085
7400.0 -5146.0254
7600.0 -5138.0731
7800.0 -5132.631
8000.0 -5137.0846
8200.0 -5135.3124
8400.0 -5127.5885
8600.0 -5131.6303
8800.0 -5133.217
9000.0 -5151.9256
9200.0 -5141.5165
9400.0 -5146.0636
9600.0 -5146.1723
9800.0 -5154.4066
10000.0 -5142.6392
10200.0 -5153.2237
10400.0 -5142.2001
10600.0 -5142.7684
10800.0 -5144.0831
11000.0 -5136.5914
11200.0 -5139.8876
11400.0 -5133.1642
11600.0 -5130.5438
11800.0 -5140.1181
12000.0 -5132.1233
12200.0 -5137.5345
12400.0 -5147.7674
12600.0 -5148.4146
12800.0 -5149.2542
13000.0 -5147.0259
13200.0 -5147.8508
13400.0 -5148.8975
13600.0 -5137.8845
13800.0 -5147.7551
14000.0 -5142.2661
14200.0 -5136.9173
14400.0 -5138.3042
14600.0 -5142.0638
14800.0 -5142.5271
15000.0 -5135.5686
15200.0 -5142.8136
15400.0 -5142.0097
15600.0 -5144.9165
15800.0 -5140.6853
16000.0 -5136.4813
16200.0 -5145.1927
16400.0 -5139.5244
16600.0 -5151.7303
16800.0 -5139.3034
17000.0 -5144.1838
17200.0 -5149.1456
17400.0 -5155.7916
17600.0 -5148.2323
17800.0 -5161.6354
18000.0 -5155.2526
18200.0 -5145.8427
18400.0 -5145.7333
18600.0 -5141.5132
18800.0 -5149.1018
19000.0 -5141.7953
19200.0 -5139.1997
19400.0 -5144.6811
19600.0 -5150.2905
19800.0 -5133.0315
20000.0 -5140.7312
20200.0 -5148.6373
20400.0 -5145.2133
20600.0 -5141.4068
20800.0 -5145.2617
21000.0 -5152.3524
21200.0 -5152.0121
21400.0 -5144.8319
21600.0 -5146.4603
21800.0 -5158.881
22000.0 -5150.1568
22200.0 -5137.5785
22400.0 -5131.7828
22600.0 -5152.8654
22800.0 -5131.4391
23000.0 -5134.5835
23200.0 -5145.978
23400.0 -5135.7886
23600.0 -5141.7376
23800.0 -5148.9446
24000.0 -5140.4746
24200.0 -5148.2121
24400.0 -5154.4245
24600.0 -5145.3695
24800.0 -5148.9473
25000.0 -5145.5707
25200.0 -5143.4143
25400.0 -5129.7531
25600.0 -5133.4465
25800.0 -5141.3402
26000.0 -5132.5974
26200.0 -5135.186
26400.0 -5142.3063
26600.0 -5140.5871
26800.0 -5155.1509
27000.0 -5143.8441
27200.0 -5151.5891
27400.0 -5146.3751
27600.0 -5146.4095
27800.0 -5140.9424
28000.0 -5150.8429
28200.0 -5142.9635
28400.0 -5141.2288
28600.0 -5138.084
28800.0 -5149.2417
29000.0 -5141.8716
29200.0 -5133.3172
29400.0 -5139.3737
29600.0 -5153.3494
29800.0 -5138.9281
30000.0 -5140.5647
30200.0 -5148.5046
30400.0 -5158.2175
30600.0 -5144.8529
30800.0 -5159.9662
31000.0 -5152.4351
31200.0 -5144.6888
31400.0 -5155.1487
31600.0 -5140.6236
31800.0 -5143.8649
32000.0 -5134.4515
32200.0 -5141.2931
32400.0 -5141.5783
32600.0 -5137.2668
32800.0 -5134.9286
33000.0 -5143.9556
33200.0 -5144.3094
33400.0 -5146.6493
33600.0 -5145.8203
33800.0 -5150.7301
34000.0 -5159.732
34200.0 -5154.8388
34400.0 -5144.8253
34600.0 -5152.1182
34800.0 -5146.5287
35000.0 -5137.0665
35200.0 -5145.634
35400.0 -5136.9709
35600.0 -5143.4488
35800.0 -5139.8149
36000.0 -5142.7294
36200.0 -5139.7529
36400.0 -5140.3855
36600.0 -5151.1744
36800.0 -5144.2648
37000.0 -5144.6728
37200.0 -5155.0783
37400.0 -5151.9788
37600.0 -5154.4765
37800.0 -5158.6551
38000.0 -5152.7424
38200.0 -5142.3756
38400.0 -5148.0349
38600.0 -5131.222
38800.0 -5139.2866
39000.0 -5142.5994
39200.0 -5141.4029
39400.0 -5136.0189
39600.0 -5143.1009
39800.0 -5140.39
40000.0 -5143.3693
40200.0 -5148.6257
40400.0 -5149.3142
40600.0 -5155.6717
40800.0 -5149.319
41000.0 -5156.923
41200.0 -5157.2715
41400.0 -5152.576
41600.0 -5147.9733
41800.0 -5149.1773
42000.0 -5147.7784
42200.0 -5134.6312
42400.0 -5145.9064
42600.0 -5138.3547
42800.0 -5137.8717
43000.0 -5144.5947
43200.0 -5129.6883
43400.0 -5147.8367
43600.0 -5142.2715
43800.0 -5141.4128
44000.0 -5140.8527
44200.0 -5161.2909
44400.0 -5148.5819
44600.0 -5147.8416
44800.0 -5150.785
45000.0 -5155.3848
45200.0 -5147.7062
45400.0 -5135.6181
45600.0 -5136.6108
45800.0 -5139.778
46000.0 -5136.9745
46200.0 -5137.8432
46400.0 -5140.0172
46600.0 -5139.827
46800.0 -5145.3152
47000.0 -5144.8142
47200.0 -5146.7473
47400.0 -5146.5371
47600.0 -5150.3324
47800.0 -5147.3328
48000.0 -5150.5595
48200.0 -5143.1264
48400.0 -5139.2992
48600.0 -5137.8234
48800.0 -5132.6904
49000.0 -5137.3386
49200.0 -5132.1895
49400.0 -5133.4425
49600.0 -5143.848
49800.0 -5138.8113
50000.0 -5142.5716
50200.0 -5152.1084
50400.0 -5139.6688
50600.0 -5143.4999
50800.0 -5143.0298
51000.0 -5157.6027
51200.0 -5137.7644
51400.0 -5142.6517
51600.0 -5150.7853
51800.0 -5140.3875
52000.0 -5144.0828
52200.0 -5138.1463
52400.0 -5138.8199
52600.0 -5140.2239
52800.0 -5136.5174
53000.0 -5129.0896
53200.0 -5139.7884
53400.0 -5134.5201
53600.0 -5146.7416
53800.0 -5145.3601
54000.0 -5150.6797
54200.0 -5145.3896
54400.0 -5152.0902
54600.0 -5143.9354
54800.0 -5148.1433
55000.0 -5146.4867
55200.0 -5142.6618
55400.0 -5145.2299
55600.0 -5136.3326
55800.0 -5137.4316
56000.0 -5144.6484
56200.0 -5127.1637
56400.0 -5139.3433
56600.0 -5127.7437
56800.0 -5127.3017
57000.0 -5137.5719
57200.0 -5131.7852
57400.0 -5149.0314
57600.0 -5138.7694
57800.0 -5145.2259
58000.0 -5146.7925
58200.0 -5148.1962
58400.0 -5142.7291
58600.0 -5145.9651
58800.0 -5149.6175
59000.0 -5141.9457
59200.0 -5146.2368
59400.0 -5138.5418
59600.0 -5136.2234
59800.0 -5129.9584
60000.0 -5138.4028
60200.0 -5129.1599
60400.0 -5134.1629
60600.0 -5143.7345
60800.0 -5139.3399
61000.0 -5146.2879
61200.0 -5144.2044
61400.0 -5139.7663
61600.0 -5151.5723
61800.0 -5143.018
62000.0 -5145.2206
62200.0 -5147.0016
62400.0 -5137.1479
62600.0 -5145.1171
62800.0 -5139.988
63000.0 -5138.0303
63200.0 -5136.8883
63400.0 -5138.089
63600.0 -5138.6422
63800.0 -5135.9449
64000.0 -5137.0259
64200.0 -5154.6781
64400.0 -5143.4858
64600.0 -5150.9066
64800.0 -5145.9591
65000.0 -5142.2549
65200.0 -5149.2419
65400.0 -5142.3004
65600.0 -5142.0763
65800.0 -5137.7699
66000.0 -5141.7732
66200.0 -5135.7522
66400.0 -5137.5508
66600.0 -5128.4512
66800.0 -5136.0775
67000.0 -5128.8612
67200.0 -5132.9629
67400.0 -5134.9179
67600.0 -5137.0901
67800.0 -5142.3769
68000.0 -5137.3541
68200.0 -5149.5529
68400.0 -5141.0451
68600.0 -5143.1284
68800.0 -5143.4468
69000.0 -5153.5136
69200.0 -5151.9804
69400.0 -5134.8437
69600.0 -5143.3094
69800.0 -5155.919
70000.0 -5143.3236
70200.0 -5134.8468
70400.0 -5146.7222
70600.0 -5146.3895
70800.0 -5129.6557
71000.0 -5142.8438
71200.0 -5133.2947
71400.0 -5144.8914
71600.0 -5137.165
71800.0 -5143.9681
72000.0 -5141.8182
72200.0 -5150.3733
72400.0 -5153.4848
72600.0 -5148.614
72800.0 -5136.1573
73000.0 -5151.3728
73200.0 -5144.4113
73400.0 -5146.2378
73600.0 -5135.0335
73800.0 -5143.8762
74000.0 -5137.3133
74200.0 -5136.1398
74400.0 -5139.845
74600.0 -5135.8683
74800.0 -5138.9138
75000.0 -5120.4115
75200.0 -5132.871
75400.0 -5138.4311
75600.0 -5136.2931
75800.0 -5143.6473
76000.0 -5153.5442
76200.0 -5143.8703
76400.0 -5142.382
76600.0 -5151.3914
76800.0 -5142.365
77000.0 -5142.2239
77200.0 -5140.333
77400.0 -5138.8169
77600.0 -5132.2905
77800.0 -5141.7613
78000.0 -5132.2347
78200.0 -5139.2597
78400.0 -5138.6165
78600.0 -5146.317
78800.0 -5135.786
79000.0 -5141.5041
79200.0 -5145.3168
79400.0 -5140.9782
79600.0 -5146.4663
79800.0 -5142.4555
80000.0 -5149.0256
80200.0 -5146.1059
80400.0 -5145.284
80600.0 -5151.1541
80800.0 -5145.7557
81000.0 -5147.1253
81200.0 -5152.1748
81400.0 -5143.0277
81600.0 -5143.1019
81800.0 -5140.0938
82000.0 -5140.0172
82200.0 -5139.379
82400.0 -5134.2562
82600.0 -5134.9983
82800.0 -5141.7684
83000.0 -5137.0574
83200.0 -5147.4926
83400.0 -5154.5738
83600.0 -5148.648
83800.0 -5160.4306
84000.0 -5149.6171
84200.0 -5155.1029
84400.0 -5140.8429
84600.0 -5145.0131
84800.0 -5142.134
85000.0 -5144.9183
85200.0 -5135.4149
85400.0 -5139.1843
85600.0 -5139.2906
85800.0 -5142.5137
86000.0 -5140.7107
86200.0 -5142.4449
86400.0 -5146.1114
86600.0 -5151.0239
86800.0 -5156.6121
87000.0 -5146.351
87200.0 -5152.2525
87400.0 -5158.331
87600.0 -5145.6924
87800.0 -5138.4336
88000.0 -5150.5698
88200.0 -5143.0268
88400.0 -5135.5082
88600.0 -5150.4567
88800.0 -5142.9192
89000.0 -5131.2934
89200.0 -5141.5162
89400.0 -5143.0479
89600.0 -5136.258
89800.0 -5143.2754
90000.0 -5140.0237
90200.0 -5134.266
90400.0 -5141.8655
90600.0 -5137.2384
90800.0 -5138.9823
91000.0 -5142.3992
91200.0 -5150.1718
91400.0 -5149.9392
91600.0 -5144.357
91800.0 -5148.4142
92000.0 -5150.292
92200.0 -5155.3521
92400.0 -5141.3641
92600.0 -5141.4414
92800.0 -5132.5054
93000.0 -5131.7878
93200.0 -5143.0772
93400.0 -5129.2698
93600.0 -5135.4302
93800.0 -5143.6795
94000.0 -5141.8568
94200.0 -5148.9843
94400.0 -5143.3368
94600.0 -5143.463
94800.0 -5148.602
95000.0 -5144.4051
95200.0 -5149.4793
95400.0 -5144.3258
95600.0 -5136.1004
95800.0 -5141.4946
96000.0 -5137.8156
96200.0 -5135.74
96400.0 -5130.1682
96600.0 -5129.7847
96800.0 -5137.6638
97000.0 -5137.3748
97200.0 -5139.9211
97400.0 -5139.3126
97600.0 -5143.6902
97800.0 -5138.6006
98000.0 -5147.871
98200.0 -5142.6499
98400.0 -5143.8559
98600.0 -5145.713
98800.0 -5143.3864
99000.0 -5148.3824
99200.0 -5143.1722
99400.0 -5146.0164
99600.0 -5137.072
99800.0 -5143.7568
100000.0 -5145.3812
