0.0 -4603.6702
200.0 -4614.8723
400.0 -4604.1828
600.0 -4607.2931
800.0 -4603.3465
1000.0 -4582.276
1200.0 -4572.2005
1400.0 -4590.437
1600.0 -4585.3807
1800.0 -4576.5058
2000.0 -4580.7073
2200.0 -4568.8543
2400.0 -4573.1685
2600.0 -4596.5821
2800.0 -4572.3403
3000.0 -4562.3618
3200.0 -4582.2659
3400.0 -4585.9842
3600.0 -4566.0372
3800.0 -4551.0546
4000.0 -4549.833
4200.0 -4570.56
4400.0 -4572.2756
4600.0 -4562.5595
4800.0 -4549.8757
5000.0 -4569.3398
5200.0 -4583.8361
5400.0 -4577.2823
5600.0 -4597.3076
5800.0 -4584.9511
6000.0 -4576.5859
6200.0 -4606.0159
6400.0 -4619.0385
6600.0 -4602.3861
6800.0 -4588.0006
7000.0 -4595.3192
7200.0 -4586.2853
7400.0 -4593.4711
7600.0 -4581.3216
7800.0 -4573.4492
8000.0 -4576.026
8200.0 -4567.4402
8400.0 -4573.7794
8600.0 -4561.7951
8800.0 -4578.813
9000.0 -4581.6608
9200.0 -4579.0531
9400.0 -4595.3666
9600.0 -4603.0341
9800.0 -4608.1752
10000.0 -4598.7012
10200.0 -4580.5674
10400.0 -4600.6806
10600.0 -4602.3293
10800.0 -4578.1344
11000.0 -4565.6246
11200.0 -4579.4298
11400.0 -4582.487
11600.0 -4557.8022
11800.0 -4573.8857
12000.0 -4579.1047
12200.0 -4575.5511
12400.0 -4588.4601
12600.0 -4575.3149
12800.0 -4583.5604
13000.0 -4604.2145
13200.0 -4583.0736
13400.0 -4599.198
13600.0 -4629.3344
13800.0 -4614.165
14000.0 -4613.2932
14200.0 -4619.5964
14400.0 -4623.4971
14600.0 -4606.4952
14800.0 -4611.0501
15000.0 -4614.398
15200.0 -4583.0829
15400.0 -4581.6757
15600.0 -4579.935
15800.0 -4586.2395
16000.0 -4576.9467
16200.0 -4581.0031
16400.0 -4582.4595
16600.0 -4567.7088
16800.0 -4565.3566
17000.0 -4598.0458
17200.0 -4583.1071
17400.0 -4583.6042
17600.0 -4604.644
17800.0 -4583.328
18000.0 -4593.4493
18200.0 -4607.2739
18400.0 -4606.3931
18600.0 -4599.9427
18800.0 -4591.6458
19000.0 -4600.2184
19200.0 -4580.4113
19400.0 -4573.9453
19600.0 -4578.3382
19800.0 -4557.5534
20000.0 -4554.4609
20200.0 -4542.2278
20400.0 -4529.7095
20600.0 -4523.6887
20800.0 -4529.1786
21000.0 -4545.24
21200.0 -4554.638
21400.0 -4565.0576
21600.0 -4553.1224
21800.0 -4567.5997
22000.0 -4573.7898
22200.0 -4570.525
22400.0 -4583.7932
22600.0 -4584.3309
22800.0 -4590.0751
23000.0 -4584.3248
23200.0 -4579.616
23400.0 -4592.2514
23600.0 -4596.884
23800.0 -4599.7108
24000.0 -4585.7646
24200.0 -4564.135
24400.0 -4568.1356
24600.0 -4543.8627
24800.0 -4558.8315
25000.0 -4573.5497
25200.0 -4561.694
25400.0 -4579.4335
25600.0 -4577.354
25800.0 -4581.7139
26000.0 -4594.5239
26200.0 -4590.3938
26400.0 -4594.4434
26600.0 -4601.2766
26800.0 -4586.1755
27000.0 -4581.0358
27200.0 -4566.9452
27400.0 -4554.4137
27600.0 -4567.2772
27800.0 -4572.9034
28000.0 -4563.4729
28200.0 -4557.1165
28400.0 -4550.7658
28600.0 -4556.6889
28800.0 -4577.0586
29000.0 -4555.159
29200.0 -4576.4889
29400.0 -4584.1861
29600.0 -4572.9507
29800.0 -4587.0207
30000.0 -4590.9033
30200.0 -4610.51
30400.0 -4595.5373
30600.0 -4597.8987
30800.0 -4596.7824
31000.0 -4593.7304
31200.0 -4596.2177
31400.0 -4579.5884
31600.0 -4585.924
31800.0 -4568.8688
32000.0 -4558.8577
32200.0 -4574.3138
32400.0 -4569.6428
32600.0 -4576.8046
32800.0 -4568.0915
33000.0 -4574.2073
33200.0 -4576.824
33400.0 -4570.4911
33600.0 -4583.1623
33800.0 -4585.6076
34000.0 -4596.1873
34200.0 -4603.1676
34400.0 -4595.8829
34600.0 -4605.4971
34800.0 -4592.5879
35000.0 -4610.5009
35200.0 -4608.6946
35400.0 -4583.6217
35600.0 -4580.2614
35800.0 -4582.2211
36000.0 -4574.1663
36200.0 -4564.4565
36400.0 -4576.3886
36600.0 -4574.8701
36800.0 -4574.9007
37000.0 -4578.6784
37200.0 -4580.704
37400.0 -4586.5161
37600.0 -4581.1864
37800.0 -4595.1721
38000.0 -4604.7954
38200.0 -4591.3635
38400.0 -4586.0009
38600.0 -4589.8151
38800.0 -4580.2386
39000.0 -4574.605
39200.0 -4562.8225
39400.0 -4575.2036
39600.0 -4570.5182
39800.0 -4596.5332
40000.0 -4562.7626
40200.0 -4572.798
40400.0 -4581.9673
40600.0 -4592.2274
40800.0 -4612.6074
41000.0 -4588.2543
41200.0 -4588.3094
41400.0 -4596.8918
41600.0 -4568.6815
41800.0 -4604.4825
42000.0 -4579.4778
42200.0 -4569.6889
42400.0 -4579.8227
42600.0 -4557.8415
42800.0 -4561.7421
43000.0 -4555.938
43200.0 -4540.464
43400.0 -4547.2351
43600.0 -4584.258
43800.0 -4570.0927
44000.0 -4578.0651
44200.0 -4597.602
44400.0 -4584.2157
44600.0 -4588.9891
44800.0 -4611.7189
45000.0 -4585.9452
45200.0 -4578.4987
45400.0 -4594.0612
45600.0 -4598.6858
45800.0 -4592.1725
46000.0 -4589.7682
46200.0 -4570.4018
46400.0 -4566.7521
46600.0 -4551.554
46800.0 -4536.462
47000.0 -4552.29
47200.0 -4543.5538
47400.0 -4540.8894
47600.0 -4541.1747
47800.0 -4556.3431
48000.0 -4567.7199
48200.0 -4586.736
48400.0 -4581.0753
48600.0 -4583.9425
48800.0 -4613.6853
49000.0 -4593.0051
49200.0 -4589.4905
49400.0 -4606.7871
49600.0 -4585.89
49800.0 -4592.2948
50000.0 -4604.0124
50200.0 -4576.052
50400.0 -4575.1309
50600.0 -4582.9036
50800.0 -4568.6153
51000.0 -4561.2702
51200.0 -4542.2774
51400.0 -4557.4536
51600.0 -4564.5334
51800.0 -4563.6233
52000.0 -4578.859
52200.0 -4573.9016
52400.0 -4591.3552
52600.0 -4607.0303
52800.0 -4607.1044
53000.0 -4577.1399
53200.0 -4604.0629
53400.0 -4612.2826
53600.0 -4595.2335
53800.0 -4589.8337
54000.0 -4574.4212
54200.0 -4563.8692
54400.0 -4566.2796
54600.0 -4570.658
54800.0 -4562.9277
55000.0 -4561.8724
55200.0 -4563.205
55400.0 -4564.264
55600.0 -4575.4709
55800.0 -4593.2264
56000.0 -4581.8915
56200.0 -4596.6013
56400.0 -4582.2422
56600.0 -4573.9705
56800.0 -4580.633
57000.0 -4575.4584
57200.0 -4580.7003
57400.0 -4565.7938
57600.0 -4573.5183
57800.0 -4577.0451
58000.0 -4568.1337
58200.0 -4569.3152
58400.0 -4575.8766
58600.0 -4576.0372
58800.0 -4629.2514
59000.0 -4639.5074
59200.0 -4611.8014
59400.0 -4608.4773
59600.0 -4605.755
59800.0 -4606.2309
60000.0 -4604.7624
60200.0 -4581.5709
60400.0 -4578.6789
60600.0 -4587.98
60800.0 -4574.4702
61000.0 -4577.7876
61200.0 -4576.6082
61400.0 -4562.7716
61600.0 -4561.1936
61800.0 -4571.7763
62000.0 -4556.1457
62200.0 -4558.8088
62400.0 -4556.7452
62600.0 -4524.5465
62800.0 -4539.591
63000.0 -4541.5335
63200.0 -4526.5153
63400.0 -4527.6912
63600.0 -4530.3653
63800.0 -4543.3717
64000.0 -4572.0507
64200.0 -4563.2169
64400.0 -4563.7982
64600.0 -4588.6224
64800.0 -4569.4458
65000.0 -4595.7986
65200.0 -4585.8709
65400.0 -4581.9222
65600.0 -4612.5127
65800.0 -4587.3058
66000.0 -4604.6651
66200.0 -4595.5043
66400.0 -4585.2549
66600.0 -4603.8269
66800.0 -4595.9038
67000.0 -4584.2136
67200.0 -4576.3994
67400.0 -4568.1035
67600.0 -4565.2683
67800.0 -4573.1848
68000.0 -4566.7506
68200.0 -4566.894
68400.0 -4557.2152
68600.0 -4555.5641
68800.0 -4587.5368
69000.0 -4588.0836
69200.0 -4580.3962
69400.0 -4586.8156
69600.0 -4595.6901
69800.0 -4598.6788
70000.0 -4612.7255
70200.0 -4606.1171
70400.0 -4580.7227
70600.0 -4604.0876
70800.0 -4587.7408
71000.0 -4573.4797
71200.0 -4559.1447
71400.0 -4563.0496
71600.0 -4556.484
71800.0 -4567.4332
72000.0 -4559.5647
72200.0 -4555.979
72400.0 -4582.6736
72600.0 -4580.4127
72800.0 -4584.1841
73000.0 -4583.5011
73200.0 -4593.1553
73400.0 -4599.0014
73600.0 -4611.6609
73800.0 -4593.9016
74000.0 -4596.8576
74200.0 -4607.261
74400.0 -4582.9267
74600.0 -4586.4971
74800.0 -4582.6852
75000.0 -4570.2979
75200.0 -4592.9131
75400.0 -4551.7121
75600.0 -4543.5338
75800.0 -4561.4389
76000.0 -4555.5191
76200.0 -4540.8301
76400.0 -4516.3173
76600.0 -4533.759
76800.0 -4542.6654
77000.0 -4547.4521
77200.0 -4548.8856
77400.0 -4538.3745
77600.0 -4557.5628
77800.0 -4551.6393
78000.0 -4560.0731
78200.0 -4576.1371
78400.0 -4561.8774
78600.0 -4579.3286
78800.0 -4591.6709
79000.0 -4593.0125
79200.0 -4593.6572
79400.0 -4592.5466
79600.0 -4601.6149
79800.0 -4610.1395
80000.0 -4584.317
80200.0 -4599.5719
80400.0 -4612.3423
80600.0 -4598.3366
80800.0 -4576.602
81000.0 -4588.6563
81200.0 -4606.3681
81400.0 -4573.3839
81600.0 -4552.3252
81800.0 -4548.2852
82000.0 -4532.2937
82200.0 -4548.1323
82400.0 -4560.0398
82600.0 -4552.9803
82800.0 -4551.2158
83000.0 -4567.8975
83200.0 -4588.9411
83400.0 -4569.3383
83600.0 -4589.2409
83800.0 -4594.1319
84000.0 -4584.4793
84200.0 -4587.6722
84400.0 -4592.4802
84600.0 -4598.478
84800.0 -4567.4003
85000.0 -4572.2294
85200.0 -4580.7987
85400.0 -4577.7536
85600.0 -4561.5602
85800.0 -4548.227
86000.0 -4555.1595
86200.0 -4576.0197
86400.0 -4578.9521
86600.0 -4569.3025
86800.0 -4563.1694
87000.0 -4582.2727
87200.0 -4607.7431
87400.0 -4606.7365
87600.0 -4582.3045
87800.0 -4597.2713
88000.0 -4598.8986
88200.0 -4601.9485
88400.0 -4600.184
88600.0 -4596.4588
88800.0 -4573.5648
89000.0 -4549.0888
89200.0 -4566.3493
89400.0 -4562.9479
89600.0 -4553.0092
89800.0 -4545.0967
90000.0 -4568.1569
90200.0 -4576.8533
90400.0 -4553.8002
90600.0 -4586.6566
90800.0 -4574.7765
91000.0 -4581.0458
91200.0 -4602.7937
91400.0 -4595.6024
91600.0 -4594.8858
91800.0 -4605.2036
92000.0 -4598.9127
92200.0 -4589.6298
92400.0 -4589.8119
92600.0 -4597.3716
92800.0 -4589.148
93000.0 -4574.9629
93200.0 -4558.0629
93400.0 -4541.9292
93600.0 -4553.1433
93800.0 -4539.4614
94000.0 -4559.2229
94200.0 -4564.5941
94400.0 -4569.8095
94600.0 -4581.9512
94800.0 -4563.6939
95000.0 -4569.6328
95200.0 -4590.4765
95400.0 -4584.8594
95600.0 -4566.9804
95800.0 -4566.6642
96000.0 -4584.3442
96200.0 -4587.0616
96400.0 -4562.2847
96600.0 -4570.4196
96800.0 -4575.7134
97000.0 -4578.545
97200.0 -4590.9561
97400.0 -4579.1178
97600.0 -4597.5888
97800.0 -4615.7993
98000.0 -4596.262
98200.0 -4595.2586
98400.0 -4593.1885
98600.0 -4590.4458
98800.0 -4569.7872
99000.0 -4571.7133
99200.0 -4556.1573
99400.0 -4538.9878
99600.0 -4549.1127
99800.0 -4564.2946
100000.0 -4560.8159
