0.0 1220.8546
200.0 1216.7194
400.0 1209.2316
600.0 1200.2045
800.0 1192.9276
1000.0 1188.6017
1200.0 1187.8155
1400.0 1173.5248
1600.0 1146.4669
1800.0 1146.3905
2000.0 1157.5296
2200.0 1175.8588
2400.0 1191.1306
2600.0 1200.3043
2800.0 1201.0994
3000.0 1196.8419
3200.0 1192.3633
3400.0 1191.8573
3600.0 1197.691
3800.0 1208.2152
4000.0 1219.1703
4200.0 1227.0655
4400.0 1226.3884
4600.0 1214.1126
4800.0 1186.4231
5000.0 1165.6811
5200.0 1165.6784
5400.0 1179.5617
5600.0 1199.5853
5800.0 1215.2955
6000.0 1220.5673
6200.0 1212.382
6400.0 1190.4822
6600.0 1164.5001
6800.0 1149.9311
7000.0 1152.228
7200.0 1169.8873
7400.0 1194.1455
7600.0 1205.6832
7800.0 1206.1932
8000.0 1199.5238
8200.0 1188.574
8400.0 1181.9885
8600.0 1180.215
8800.0 1191.6836
9000.0 1207.6337
9200.0 1223.8778
9400.0 1230.9729
9600.0 1226.6013
9800.0 1205.2505
10000.0 1173.3413
10200.0 1161.995
10400.0 1169.8238
10600.0 1188.5425
10800.0 1205.21
11000.0 1218.323
11200.0 1216.228
11400.0 1200.1646
11600.0 1179.9103
11800.0 1160.6269
12000.0 1152.4214
12200.0 1162.4244
12400.0 1195.7723
12600.0 1217.4516
12800.0 1218.9734
13000.0 1209.4238
13200.0 1195.3825
13400.0 1182.8461
13600.0 1175.7145
13800.0 1178.8827
14000.0 1193.5378
14200.0 1217.0593
14400.0 1236.342
14600.0 1242.6464
14800.0 1225.2646
15000.0 1193.4948
15200.0 1173.7325
15400.0 1169.7973
15600.0 1174.8971
15800.0 1186.8087
16000.0 1203.3025
16200.0 1215.7705
16400.0 1220.7411
16600.0 1213.2291
16800.0 1191.4733
17000.0 1165.4705
17200.0 1143.4959
17400.0 1138.6833
17600.0 1162.5892
17800.0 1207.1794
18000.0 1229.544
18200.0 1235.6458
18400.0 1223.7135
18600.0 1202.7033
18800.0 1180.8513
19000.0 1168.2917
19200.0 1165.9495
19400.0 1175.3833
19600.0 1194.8165
19800.0 1215.0844
20000.0 1227.3599
20200.0 1226.8609
20400.0 1215.3601
20600.0 1202.7062
20800.0 1190.3888
21000.0 1184.1733
21200.0 1180.304
21400.0 1182.8546
21600.0 1190.0617
21800.0 1199.7808
22000.0 1210.1995
22200.0 1218.3241
22400.0 1218.1635
22600.0 1205.2541
22800.0 1176.1452
23000.0 1155.4264
23200.0 1157.4802
23400.0 1172.4261
23600.0 1196.8828
23800.0 1215.2067
24000.0 1220.2708
24200.0 1212.558
24400.0 1194.4115
24600.0 1169.9142
24800.0 1148.2497
25000.0 1137.8797
25200.0 1149.8681
25400.0 1186.5955
25600.0 1214.866
25800.0 1226.9284
26000.0 1225.7501
26200.0 1211.6559
26400.0 1189.4696
26600.0 1170.6597
26800.0 1161.5864
27000.0 1162.9494
27200.0 1182.2877
27400.0 1207.728
27600.0 1227.2549
27800.0 1234.8436
28000.0 1232.0195
28200.0 1221.4108
28400.0 1207.668
28600.0 1194.3691
28800.0 1184.6814
29000.0 1175.9374
29200.0 1173.6439
29400.0 1179.0984
29600.0 1190.4454
29800.0 1201.5617
30000.0 1208.217
30200.0 1204.1066
30400.0 1201.9014
30600.0 1197.892
30800.0 1200.2466
31000.0 1204.8665
31200.0 1210.5973
31400.0 1212.8975
31600.0 1204.7929
31800.0 1190.6789
32000.0 1183.6008
32200.0 1182.6805
32400.0 1185.5847
32600.0 1187.7172
32800.0 1189.3552
33000.0 1188.8424
33200.0 1192.8892
33400.0 1195.2422
33600.0 1202.037
33800.0 1206.4603
34000.0 1210.702
34200.0 1210.6571
34400.0 1210.8464
34600.0 1206.0515
34800.0 1187.3517
35000.0 1168.002
35200.0 1167.3036
35400.0 1178.124
35600.0 1191.2809
35800.0 1201.7851
36000.0 1207.8282
36200.0 1204.6188
36400.0 1198.0545
36600.0 1187.2215
36800.0 1179.065
37000.0 1178.1567
37200.0 1188.0732
37400.0 1204.1127
37600.0 1218.4025
37800.0 1221.0403
38000.0 1216.3485
38200.0 1202.4835
38400.0 1185.5149
38600.0 1171.1103
38800.0 1163.339
39000.0 1166.8936
39200.0 1179.9614
39400.0 1196.3409
39600.0 1206.9093
39800.0 1210.8484
40000.0 1205.7181
40200.0 1195.1317
40400.0 1182.8018
40600.0 1172.0819
40800.0 1170.9928
41000.0 1179.8122
41200.0 1199.7817
41400.0 1217.0538
41600.0 1223.8657
41800.0 1219.6324
42000.0 1207.1992
42200.0 1191.9399
42400.0 1179.8767
42600.0 1175.1074
42800.0 1180.5244
43000.0 1201.8101
43200.0 1244.451
43400.0 1273.6102
43600.0 1271.2439
43800.0 1238.1762
44000.0 1201.3092
44200.0 1176.8466
44400.0 1163.3115
44600.0 1167.1421
44800.0 1184.2809
45000.0 1206.903
45200.0 1223.2827
45400.0 1227.9214
45600.0 1220.9926
45800.0 1203.7841
46000.0 1186.2876
46200.0 1178.6297
46400.0 1180.3995
46600.0 1188.0507
46800.0 1196.6033
47000.0 1200.8886
47200.0 1201.5465
47400.0 1198.5495
47600.0 1192.4728
47800.0 1186.1719
48000.0 1185.7496
48200.0 1190.5317
48400.0 1210.3096
48600.0 1239.2365
48800.0 1248.2425
49000.0 1234.416
49200.0 1207.9921
49400.0 1183.2262
49600.0 1171.1816
49800.0 1175.5842
50000.0 1191.1258
50200.0 1217.1965
50400.0 1232.7288
50600.0 1230.7987
50800.0 1213.8294
51000.0 1198.5762
51200.0 1192.8009
51400.0 1191.4306
51600.0 1190.4652
51800.0 1190.2917
52000.0 1191.1028
52200.0 1194.8838
52400.0 1198.8776
52600.0 1206.1489
52800.0 1211.6503
53000.0 1214.5293
53200.0 1213.0972
53400.0 1206.3978
53600.0 1192.4798
53800.0 1176.3661
54000.0 1168.1158
54200.0 1173.37
54400.0 1189.8291
54600.0 1208.9976
54800.0 1221.5125
55000.0 1214.7269
55200.0 1191.6429
55400.0 1164.1641
55600.0 1147.957
55800.0 1148.7407
56000.0 1165.5538
56200.0 1186.4617
56400.0 1199.1113
56600.0 1202.9363
56800.0 1204.7987
57000.0 1200.2099
57200.0 1190.579
57400.0 1181.727
57600.0 1179.067
57800.0 1187.9472
58000.0 1208.3885
58200.0 1226.4549
58400.0 1233.7122
58600.0 1224.9148
58800.0 1213.6848
59000.0 1200.8369
59200.0 1196.9882
59400.0 1202.4644
59600.0 1208.918
59800.0 1213.4756
60000.0 1210.6824
60200.0 1201.4685
60400.0 1192.1071
60600.0 1181.9172
60800.0 1176.0751
61000.0 1176.1953
61200.0 1181.6042
61400.0 1190.5173
61600.0 1201.1704
61800.0 1205.3977
62000.0 1199.7178
62200.0 1190.961
62400.0 1185.6781
62600.0 1184.2002
62800.0 1190.8617
63000.0 1206.1302
63200.0 1226.7617
63400.0 1240.8208
63600.0 1236.4453
63800.0 1214.3499
64000.0 1196.3182
64200.0 1187.0423
64400.0 1181.4636
64600.0 1178.8905
64800.0 1180.7533
65000.0 1190.162
65200.0 1200.3951
65400.0 1209.0474
65600.0 1208.3379
65800.0 1203.6081
66000.0 1194.5368
66200.0 1189.6258
66400.0 1196.1963
66600.0 1223.5595
66800.0 1250.1935
67000.0 1261.1041
67200.0 1254.4995
67400.0 1238.408
67600.0 1228.495
67800.0 1218.8699
68000.0 1207.0945
68200.0 1193.1761
68400.0 1180.1245
68600.0 1175.2892
68800.0 1174.8308
69000.0 1182.3806
69200.0 1195.6104
69400.0 1208.5982
69600.0 1216.1871
69800.0 1212.6547
70000.0 1200.7087
70200.0 1186.0409
70400.0 1182.6297
70600.0 1198.6252
70800.0 1223.7923
71000.0 1239.4033
71200.0 1241.3692
71400.0 1229.4305
71600.0 1209.1223
71800.0 1198.9399
72000.0 1196.0149
72200.0 1196.267
72400.0 1196.431
72600.0 1194.746
72800.0 1191.8481
73000.0 1186.994
73200.0 1183.286
73400.0 1181.1623
73600.0 1183.2859
73800.0 1192.0574
74000.0 1206.1087
74200.0 1216.7117
74400.0 1222.3476
74600.0 1216.3062
74800.0 1200.2277
75000.0 1179.9454
75200.0 1165.357
75400.0 1160.7858
75600.0 1172.2936
75800.0 1201.2725
76000.0 1236.4797
76200.0 1251.778
76400.0 1244.0126
76600.0 1219.6361
76800.0 1194.3598
77000.0 1174.5126
77200.0 1161.8603
77400.0 1163.2545
77600.0 1177.8509
77800.0 1195.866
78000.0 1214.6565
78200.0 1224.4839
78400.0 1228.072
78600.0 1220.439
78800.0 1210.6586
79000.0 1201.7634
79200.0 1198.0078
79400.0 1195.2838
79600.0 1193.3454
79800.0 1188.9912
80000.0 1185.9747
80200.0 1184.6348
80400.0 1188.6076
80600.0 1201.4914
80800.0 1219.7632
81000.0 1228.9367
81200.0 1224.3924
81400.0 1210.9787
81600.0 1196.0291
81800.0 1185.2756
82000.0 1182.5934
82200.0 1187.2885
82400.0 1193.8679
82600.0 1191.047
82800.0 1180.3979
83000.0 1172.5104
83200.0 1170.0625
83400.0 1173.2943
83600.0 1183.7884
83800.0 1198.2138
84000.0 1210.6598
84200.0 1216.0907
84400.0 1212.668
84600.0 1202.7152
84800.0 1187.6052
85000.0 1174.7813
85200.0 1167.8304
85400.0 1172.6013
85600.0 1190.2517
85800.0 1214.505
86000.0 1230.6892
86200.0 1231.8079
86400.0 1218.106
86600.0 1195.9635
86800.0 1177.6812
87000.0 1171.2655
87200.0 1175.8486
87400.0 1185.9459
87600.0 1197.318
87800.0 1205.0921
88000.0 1205.8393
88200.0 1199.6596
88400.0 1194.3284
88600.0 1187.8544
88800.0 1185.384
89000.0 1187.3666
89200.0 1192.364
89400.0 1199.3132
89600.0 1206.5755
89800.0 1209.7795
90000.0 1209.1924
90200.0 1197.2214
90400.0 1172.7078
90600.0 1155.3329
90800.0 1160.1994
91000.0 1175.9638
91200.0 1193.6757
91400.0 1207.1159
91600.0 1208.3467
91800.0 1200.4135
92000.0 1186.7691
92200.0 1176.6355
92400.0 1178.7667
92600.0 1206.0825
92800.0 1232.0603
93000.0 1232.567
93200.0 1220.7636
93400.0 1203.6526
93600.0 1188.722
93800.0 1179.2597
94000.0 1181.9002
94200.0 1188.6462
94400.0 1200.3527
94600.0 1208.5652
94800.0 1210.4488
95000.0 1201.5821
95200.0 1182.4557
95400.0 1167.1968
95600.0 1161.3278
95800.0 1167.0032
96000.0 1183.9567
96200.0 1204.5224
96400.0 1217.9461
96600.0 1218.3383
96800.0 1211.3253
97000.0 1198.2803
97200.0 1189.629
97400.0 1185.2434
97600.0 1186.2243
97800.0 1190.393
98000.0 1195.4194
98200.0 1199.9206
98400.0 1202.1208
98600.0 1203.7103
98800.0 1200.8374
99000.0 1197.6622
99200.0 1192.7133
99400.0 1185.1346
99600.0 1180.2207
99800.0 1175.0724
100000.0 1170.9126
