0.0 45.764537
200.0 45.76253
400.0 45.729721
600.0 45.735976
800.0 45.768662
1000.0 45.804004
1200.0 45.783548
1400.0 45.766607
1600.0 45.762065
1800.0 45.764595
2000.0 45.79009
2200.0 45.784561
2400.0 45.780089
2600.0 45.73756
2800.0 45.752853
3000.0 45.750653
3200.0 45.757072
3400.0 45.755721
3600.0 45.753624
3800.0 45.73393
4000.0 45.761887
4200.0 45.807016
4400.0 45.778594
4600.0 45.759126
4800.0 45.746027
5000.0 45.754442
5200.0 45.800101
5400.0 45.806011
5600.0 45.808855
5800.0 45.752766
6000.0 45.711088
6200.0 45.715721
6400.0 45.789619
6600.0 45.804047
6800.0 45.772347
7000.0 45.721472
7200.0 45.723264
7400.0 45.74481
7600.0 45.776991
7800.0 45.792417
8000.0 45.778149
8200.0 45.765474
8400.0 45.749632
8600.0 45.760631
8800.0 45.786996
9000.0 45.794555
9200.0 45.793744
9400.0 45.77197
9600.0 45.724129
9800.0 45.772974
10000.0 45.785003
10200.0 45.780438
10400.0 45.769882
10600.0 45.734325
10800.0 45.72669
11000.0 45.76107
11200.0 45.816842
11400.0 45.839973
11600.0 45.769997
11800.0 45.725664
12000.0 45.712922
12200.0 45.783133
12400.0 45.80407
12600.0 45.808437
12800.0 45.769204
13000.0 45.737687
13200.0 45.741478
13400.0 45.769155
13600.0 45.770318
13800.0 45.78429
14000.0 45.751586
14200.0 45.719651
14400.0 45.730865
14600.0 45.749894
14800.0 45.786251
15000.0 45.791921
15200.0 45.755522
15400.0 45.74941
15600.0 45.748544
15800.0 45.767123
16000.0 45.81336
16200.0 45.799781
16400.0 45.759955
16600.0 45.723523
16800.0 45.725243
17000.0 45.807524
17200.0 45.853296
17400.0 45.803892
17600.0 45.728981
17800.0 45.726441
18000.0 45.75231
18200.0 45.781163
18400.0 45.782977
18600.0 45.772819
18800.0 45.741128
19000.0 45.765909
19200.0 45.740098
19400.0 45.790701
19600.0 45.766738
19800.0 45.813697
20000.0 45.774265
20200.0 45.77561
20400.0 45.748563
20600.0 45.784979
20800.0 45.77845
21000.0 45.78012
21200.0 45.753307
21400.0 45.721928
21600.0 45.756568
21800.0 45.782832
22000.0 45.823071
22200.0 45.772491
22400.0 45.734526
22600.0 45.706925
22800.0 45.771144
23000.0 45.810513
23200.0 45.819118
23400.0 45.781292
23600.0 45.745323
23800.0 45.78099
24000.0 45.775137
24200.0 45.795633
24400.0 45.80477
24600.0 45.784848
24800.0 45.766779
25000.0 45.744008
25200.0 45.768751
25400.0 45.766864
25600.0 45.771584
25800.0 45.76676
26000.0 45.761437
26200.0 45.750241
26400.0 45.770634
26600.0 45.771216
26800.0 45.822473
27000.0 45.788371
27200.0 45.757402
27400.0 45.759134
27600.0 45.774165
27800.0 45.852142
28000.0 45.842256
28200.0 45.810875
28400.0 45.753627
28600.0 45.745652
28800.0 45.759619
29000.0 45.800661
29200.0 45.804342
29400.0 45.78096
29600.0 45.751559
29800.0 45.737003
30000.0 45.77047
30200.0 45.772803
30400.0 45.769328
30600.0 45.781265
30800.0 45.768622
31000.0 45.761233
31200.0 45.783628
31400.0 45.786299
31600.0 45.794358
31800.0 45.776164
32000.0 45.772719
32200.0 45.724433
32400.0 45.744328
32600.0 45.771408
32800.0 45.783905
33000.0 45.754276
33200.0 45.747292
33400.0 45.728417
33600.0 45.771086
33800.0 45.790139
34000.0 45.803721
34200.0 45.810175
34400.0 45.756139
34600.0 45.747904
34800.0 45.747729
35000.0 45.809288
35200.0 45.794472
35400.0 45.787375
35600.0 45.717268
35800.0 45.738137
36000.0 45.748627
36200.0 45.76388
36400.0 45.788028
36600.0 45.785212
36800.0 45.758337
37000.0 45.7745
37200.0 45.766173
37400.0 45.78084
37600.0 45.785229
37800.0 45.766919
38000.0 45.780517
38200.0 45.754735
38400.0 45.745084
38600.0 45.770341
38800.0 45.741346
39000.0 45.758584
39200.0 45.734209
39400.0 45.755559
39600.0 45.770144
39800.0 45.759251
40000.0 45.773547
40200.0 45.744099
40400.0 45.779455
40600.0 45.789298
40800.0 45.786824
41000.0 45.770544
41200.0 45.772325
41400.0 45.744788
41600.0 45.765598
41800.0 45.822616
42000.0 45.820857
42200.0 45.773598
42400.0 45.71453
42600.0 45.733348
42800.0 45.767211
43000.0 45.807334
43200.0 45.789057
43400.0 45.73831
43600.0 45.735036
43800.0 45.74767
44000.0 45.789835
44200.0 45.786785
44400.0 45.786616
44600.0 45.771341
44800.0 45.75061
45000.0 45.763091
45200.0 45.782249
45400.0 45.792524
45600.0 45.772489
45800.0 45.758532
46000.0 45.749569
46200.0 45.75614
46400.0 45.781868
46600.0 45.776957
46800.0 45.760114
47000.0 45.778082
47200.0 45.762975
47400.0 45.771144
47600.0 45.815044
47800.0 45.796445
48000.0 45.793476
48200.0 45.739385
48400.0 45.732856
48600.0 45.785295
48800.0 45.813364
49000.0 45.818165
49200.0 45.760825
49400.0 45.73328
49600.0 45.712673
49800.0 45.761412
50000.0 45.8016
50200.0 45.792205
50400.0 45.769094
50600.0 45.751501
50800.0 45.741773
51000.0 45.769535
51200.0 45.774741
51400.0 45.788729
51600.0 45.782951
51800.0 45.769377
52000.0 45.749722
52200.0 45.766977
52400.0 45.783928
52600.0 45.808569
52800.0 45.775332
53000.0 45.759955
53200.0 45.721945
53400.0 45.754621
53600.0 45.773727
53800.0 45.766477
54000.0 45.788614
54200.0 45.734086
54400.0 45.70708
54600.0 45.746842
54800.0 45.844042
55000.0 45.850885
55200.0 45.810615
55400.0 45.735573
55600.0 45.72984
55800.0 45.760887
56000.0 45.790164
56200.0 45.787405
56400.0 45.753046
56600.0 45.760988
56800.0 45.733485
57000.0 45.745015
57200.0 45.772292
57400.0 45.783874
57600.0 45.774805
57800.0 45.756118
58000.0 45.757853
58200.0 45.765731
58400.0 45.794662
58600.0 45.804821
58800.0 45.787091
59000.0 45.750036
59200.0 45.720301
59400.0 45.734456
59600.0 45.810207
59800.0 45.796402
60000.0 45.752181
60200.0 45.720054
60400.0 45.728333
60600.0 45.75508
60800.0 45.787147
61000.0 45.789538
61200.0 45.769463
61400.0 45.759292
61600.0 45.764516
61800.0 45.772904
62000.0 45.768617
62200.0 45.780228
62400.0 45.764642
62600.0 45.765213
62800.0 45.780226
63000.0 45.746706
63200.0 45.745755
63400.0 45.748948
63600.0 45.771406
63800.0 45.777881
64000.0 45.765514
64200.0 45.755017
64400.0 45.782314
64600.0 45.762527
64800.0 45.785708
65000.0 45.785118
65200.0 45.775775
65400.0 45.766363
65600.0 45.760102
65800.0 45.757594
66000.0 45.779379
66200.0 45.788691
66400.0 45.762596
66600.0 45.770498
66800.0 45.744826
67000.0 45.754573
67200.0 45.779745
67400.0 45.798718
67600.0 45.778822
67800.0 45.737162
68000.0 45.739776
68200.0 45.758842
68400.0 45.804751
68600.0 45.809408
68800.0 45.778826
69000.0 45.752428
69200.0 45.747939
69400.0 45.779719
69600.0 45.808944
69800.0 45.820878
70000.0 45.781095
70200.0 45.759669
70400.0 45.772178
70600.0 45.782193
70800.0 45.761602
71000.0 45.778258
71200.0 45.759614
71400.0 45.77222
71600.0 45.745309
71800.0 45.743489
72000.0 45.791023
72200.0 45.79902
72400.0 45.758177
72600.0 45.776519
72800.0 45.748902
73000.0 45.786293
73200.0 45.801072
73400.0 45.811834
73600.0 45.758986
73800.0 45.735586
74000.0 45.721731
74200.0 45.777658
74400.0 45.815291
74600.0 45.808083
74800.0 45.74453
75000.0 45.737165
75200.0 45.742463
75400.0 45.783175
75600.0 45.792643
75800.0 45.808014
76000.0 45.781203
76200.0 45.742888
76400.0 45.73455
76600.0 45.785143
76800.0 45.796668
77000.0 45.770544
77200.0 45.770508
77400.0 45.724377
77600.0 45.737776
77800.0 45.785718
78000.0 45.787785
78200.0 45.782845
78400.0 45.78755
78600.0 45.767054
78800.0 45.776951
79000.0 45.782951
79200.0 45.784433
79400.0 45.765256
79600.0 45.781581
79800.0 45.756493
80000.0 45.767277
80200.0 45.776095
80400.0 45.766345
80600.0 45.769147
80800.0 45.75864
81000.0 45.763548
81200.0 45.773336
81400.0 45.789955
81600.0 45.798714
81800.0 45.773975
82000.0 45.766088
82200.0 45.775347
82400.0 45.808771
82600.0 45.811387
82800.0 45.787194
83000.0 45.726986
83200.0 45.729473
83400.0 45.762351
83600.0 45.788977
83800.0 45.802239
84000.0 45.790011
84200.0 45.737311
84400.0 45.731202
84600.0 45.759936
84800.0 45.805274
85000.0 45.816844
85200.0 45.78876
85400.0 45.778424
85600.0 45.791001
85800.0 45.797362
86000.0 45.78732
86200.0 45.789826
86400.0 45.766989
86600.0 45.770374
86800.0 45.745893
87000.0 45.773498
87200.0 45.780181
87400.0 45.777801
87600.0 45.753936
87800.0 45.760542
88000.0 45.75945
88200.0 45.763689
88400.0 45.804106
88600.0 45.784838
88800.0 45.76592
89000.0 45.764448
89200.0 45.797432
89400.0 45.783711
89600.0 45.78169
89800.0 45.797606
90000.0 45.764422
90200.0 45.758339
90400.0 45.732568
90600.0 45.779007
90800.0 45.760058
91000.0 45.785235
91200.0 45.76917
91400.0 45.764362
91600.0 45.73951
91800.0 45.772689
92000.0 45.800695
92200.0 45.796399
92400.0 45.781111
92600.0 45.765994
92800.0 45.739643
93000.0 45.744486
93200.0 45.79605
93400.0 45.812832
93600.0 45.791737
93800.0 45.737038
94000.0 45.713636
94200.0 45.749015
94400.0 45.790733
94600.0 45.761619
94800.0 45.757252
95000.0 45.749008
95200.0 45.753416
95400.0 45.768996
95600.0 45.763795
95800.0 45.787565
96000.0 45.79218
96200.0 45.766762
96400.0 45.752222
96600.0 45.770781
96800.0 45.772442
97000.0 45.78504
97200.0 45.814505
97400.0 45.730684
97600.0 45.747122
97800.0 45.724704
98000.0 45.767768
98200.0 45.780076
98400.0 45.786335
98600.0 45.756306
98800.0 45.731819
99000.0 45.749544
99200.0 45.778645
99400.0 45.832887
99600.0 45.83856
99800.0 45.772685
100000.0 45.691435
