0.0 300.64869
200.0 297.89428
400.0 300.36744
600.0 304.36806
800.0 306.2357
1000.0 302.53962
1200.0 310.61788
1400.0 306.92795
1600.0 301.3741
1800.0 303.45734
2000.0 311.77465
2200.0 310.19279
2400.0 305.21237
2600.0 306.57444
2800.0 300.83243
3000.0 312.72225
3200.0 310.06793
3400.0 295.93859
3600.0 302.54848
3800.0 299.90746
4000.0 302.06267
4200.0 304.25151
4400.0 304.68996
4600.0 301.93053
4800.0 303.17733
5000.0 309.3774
5200.0 317.62209
5400.0 309.9988
5600.0 300.86233
5800.0 310.09411
6000.0 305.39312
6200.0 309.58073
6400.0 300.9218
6600.0 301.07035
6800.0 306.29039
7000.0 302.66124
7200.0 298.25838
7400.0 303.36926
7600.0 297.92418
7800.0 302.7039
8000.0 309.33051
8200.0 302.51881
8400.0 312.79295
8600.0 302.26794
8800.0 306.11128
9000.0 305.52878
9200.0 297.21069
9400.0 299.56491
9600.0 301.39617
9800.0 305.40897
10000.0 300.67831
10200.0 292.39089
10400.0 298.41067
10600.0 308.44283
10800.0 299.47078
11000.0 304.93231
11200.0 304.56926
11400.0 306.32241
11600.0 306.75256
11800.0 312.75891
12000.0 309.62951
12200.0 305.51563
12400.0 297.91933
12600.0 303.0077
12800.0 307.17582
13000.0 304.8214
13200.0 302.57375
13400.0 295.41928
13600.0 289.99999
13800.0 302.57356
14000.0 295.06087
14200.0 297.98511
14400.0 301.30156
14600.0 301.44538
14800.0 304.39951
15000.0 302.44291
15200.0 303.85333
15400.0 300.85276
15600.0 308.12525
15800.0 314.05826
16000.0 306.00777
16200.0 305.25981
16400.0 306.67685
16600.0 308.955
16800.0 301.57213
17000.0 307.11464
17200.0 290.34538
17400.0 304.87134
17600.0 298.50811
17800.0 296.43677
18000.0 301.67133
18200.0 306.59674
18400.0 304.69258
18600.0 303.96537
18800.0 303.60609
19000.0 308.65932
19200.0 313.76632
19400.0 305.99413
19600.0 306.1529
19800.0 293.33045
20000.0 303.31808
20200.0 299.19153
20400.0 302.22827
20600.0 290.82823
20800.0 292.62793
21000.0 297.23184
21200.0 302.8647
21400.0 297.30387
21600.0 303.40874
21800.0 296.97011
22000.0 308.47623
22200.0 302.28434
22400.0 305.76757
22600.0 308.58303
22800.0 301.28541
23000.0 313.03019
23200.0 309.56888
23400.0 309.75402
23600.0 304.03494
23800.0 298.63525
24000.0 305.89244
24200.0 305.28771
24400.0 302.03473
24600.0 295.23157
24800.0 296.42017
25000.0 307.64293
25200.0 303.03369
25400.0 300.76258
25600.0 304.16159
25800.0 306.12205
26000.0 308.21099
26200.0 305.18627
26400.0 306.83699
26600.0 306.52227
26800.0 304.67881
27000.0 302.8195
27200.0 306.18176
27400.0 294.9886
27600.0 299.15159
27800.0 300.05542
28000.0 294.98355
28200.0 300.49142
28400.0 301.00187
28600.0 299.73799
28800.0 310.15385
29000.0 295.86517
29200.0 314.42059
29400.0 308.85358
29600.0 301.80831
29800.0 306.19405
30000.0 317.34797
30200.0 299.19114
30400.0 307.43091
30600.0 295.5942
30800.0 301.73804
31000.0 305.88609
31200.0 300.81823
31400.0 299.13391
31600.0 305.93392
31800.0 307.94724
32000.0 308.27977
32200.0 294.81863
32400.0 308.69952
32600.0 326.74148
32800.0 307.04505
33000.0 303.06348
33200.0 307.56409
33400.0 312.30991
33600.0 305.19129
33800.0 296.52239
34000.0 305.72438
34200.0 305.755
34400.0 301.09212
34600.0 301.61038
34800.0 305.81514
35000.0 302.64505
35200.0 300.97615
35400.0 308.16269
35600.0 307.2689
35800.0 315.86769
36000.0 298.25468
36200.0 299.47204
36400.0 297.75603
36600.0 298.94926
36800.0 300.97232
37000.0 286.71854
37200.0 300.6914
37400.0 300.39936
37600.0 293.73314
37800.0 304.21919
38000.0 312.16933
38200.0 295.06495
38400.0 313.63124
38600.0 307.94959
38800.0 311.18342
39000.0 306.4812
39200.0 304.10382
39400.0 303.30225
39600.0 306.21106
39800.0 296.9911
40000.0 297.36489
40200.0 300.87754
40400.0 304.1611
40600.0 298.87768
40800.0 308.63989
41000.0 305.29178
41200.0 307.7718
41400.0 305.42943
41600.0 315.61503
41800.0 309.2021
42000.0 311.26003
42200.0 304.33898
42400.0 306.03814
42600.0 300.44104
42800.0 301.69637
43000.0 304.67623
43200.0 299.56843
43400.0 302.46244
43600.0 305.25282
43800.0 310.72711
44000.0 307.7808
44200.0 306.22508
44400.0 317.62944
44600.0 318.79182
44800.0 314.95797
45000.0 320.33379
45200.0 315.75048
45400.0 319.95966
45600.0 315.75707
45800.0 303.03528
46000.0 319.22458
46200.0 305.81982
46400.0 297.70529
46600.0 306.74572
46800.0 303.54636
47000.0 302.87088
47200.0 301.26119
47400.0 305.95155
47600.0 303.17479
47800.0 302.40259
48000.0 299.57116
48200.0 308.38467
48400.0 310.18532
48600.0 312.29591
48800.0 305.21348
49000.0 309.63573
49200.0 311.56205
49400.0 309.20213
49600.0 298.46279
49800.0 305.52816
50000.0 305.6808
50200.0 300.10611
50400.0 303.01717
50600.0 301.31987
50800.0 306.11855
51000.0 302.57282
51200.0 310.12809
51400.0 309.78614
51600.0 313.17789
51800.0 305.19533
52000.0 307.98934
52200.0 308.05625
52400.0 298.91902
52600.0 295.77676
52800.0 304.77906
53000.0 307.53354
53200.0 300.90641
53400.0 292.37996
53600.0 309.73257
53800.0 299.52269
54000.0 309.35946
54200.0 313.50119
54400.0 303.33727
54600.0 310.23639
54800.0 308.16582
55000.0 304.76855
55200.0 309.02811
55400.0 304.21669
55600.0 302.00547
55800.0 297.49426
56000.0 308.47936
56200.0 304.83575
56400.0 292.99549
56600.0 290.36436
56800.0 300.4784
57000.0 303.38026
57200.0 291.60938
57400.0 299.93454
57600.0 311.64563
57800.0 302.29503
58000.0 311.70348
58200.0 301.92343
58400.0 301.96025
58600.0 303.29971
58800.0 316.18643
59000.0 302.06302
59200.0 308.2378
59400.0 318.15737
59600.0 308.81564
59800.0 301.74957
60000.0 301.01854
60200.0 306.70308
60400.0 296.73341
60600.0 305.97547
60800.0 300.81942
61000.0 302.7322
61200.0 300.53028
61400.0 312.09062
61600.0 310.89568
61800.0 310.9075
62000.0 304.77007
62200.0 308.34902
62400.0 314.79224
62600.0 304.40477
62800.0 310.18268
63000.0 306.68633
63200.0 299.85725
63400.0 308.39921
63600.0 309.57733
63800.0 307.02061
64000.0 295.18864
64200.0 307.83664
64400.0 307.53964
64600.0 300.85526
64800.0 303.86088
65000.0 297.07792
65200.0 300.92996
65400.0 294.90343
65600.0 297.66759
65800.0 292.40672
66000.0 307.95671
66200.0 308.35302
66400.0 302.48288
66600.0 301.3442
66800.0 308.79267
67000.0 304.96479
67200.0 301.3858
67400.0 313.44915
67600.0 310.61517
67800.0 315.93229
68000.0 306.75674
68200.0 298.08393
68400.0 309.81812
68600.0 300.32342
68800.0 300.61196
69000.0 298.43034
69200.0 309.00534
69400.0 303.5776
69600.0 298.3401
69800.0 303.8713
70000.0 310.65718
70200.0 308.8987
70400.0 305.24285
70600.0 300.78376
70800.0 308.71435
71000.0 314.67492
71200.0 303.61821
71400.0 304.05462
71600.0 303.67126
71800.0 301.16703
72000.0 302.70067
72200.0 302.28643
72400.0 306.38613
72600.0 310.60523
72800.0 317.84597
73000.0 302.77073
73200.0 307.23972
73400.0 311.05054
73600.0 314.36584
73800.0 308.61108
74000.0 300.62463
74200.0 306.08337
74400.0 308.2973
74600.0 296.36365
74800.0 307.22671
75000.0 296.63442
75200.0 303.0364
75400.0 298.94723
75600.0 306.96739
75800.0 314.16562
76000.0 306.46785
76200.0 301.23006
76400.0 309.78603
76600.0 310.63221
76800.0 307.48176
77000.0 307.64573
77200.0 301.71739
77400.0 304.06163
77600.0 302.1115
77800.0 307.35559
78000.0 300.59227
78200.0 310.31997
78400.0 297.31015
78600.0 303.32338
78800.0 302.47427
79000.0 302.27335
79200.0 307.29803
79400.0 303.81451
79600.0 306.43211
79800.0 305.80031
80000.0 314.33291
80200.0 300.62879
80400.0 313.98562
80600.0 308.64579
80800.0 304.16403
81000.0 316.37058
81200.0 291.5224
81400.0 305.41335
81600.0 299.40798
81800.0 301.09016
82000.0 303.9308
82200.0 303.66723
82400.0 299.43939
82600.0 306.89816
82800.0 309.77454
83000.0 308.54451
83200.0 305.5007
83400.0 310.35054
83600.0 311.45291
83800.0 298.03697
84000.0 305.97628
84200.0 318.63915
84400.0 302.71607
84600.0 303.9206
84800.0 302.56821
85000.0 308.9271
85200.0 299.22099
85400.0 307.99678
85600.0 303.3963
85800.0 303.97132
86000.0 303.78574
86200.0 301.70516
86400.0 311.61657
86600.0 314.07153
86800.0 308.34718
87000.0 312.96842
87200.0 315.04285
87400.0 309.89652
87600.0 313.04748
87800.0 304.05709
88000.0 299.52183
88200.0 305.92461
88400.0 297.2121
88600.0 305.34998
88800.0 309.84201
89000.0 305.05588
89200.0 305.54457
89400.0 313.60397
89600.0 309.15216
89800.0 303.40434
90000.0 315.41636
90200.0 321.11071
90400.0 310.84246
90600.0 307.43279
90800.0 310.92554
91000.0 308.74754
91200.0 302.82976
91400.0 300.65237
91600.0 306.52366
91800.0 306.72283
92000.0 306.12776
92200.0 298.72217
92400.0 307.49142
92600.0 306.92327
92800.0 305.20396
93000.0 297.06863
93200.0 302.34257
93400.0 310.43363
93600.0 303.38971
93800.0 305.9086
94000.0 308.93282
94200.0 315.91721
94400.0 313.11415
94600.0 310.41498
94800.0 303.792
95000.0 298.96634
95200.0 304.06485
95400.0 307.21119
95600.0 303.22047
95800.0 308.61249
96000.0 295.13344
96200.0 309.95069
96400.0 303.68154
96600.0 302.01016
96800.0 304.97064
97000.0 313.23788
97200.0 313.10283
97400.0 309.04428
97600.0 309.19149
97800.0 311.02513
98000.0 313.75512
98200.0 309.83278
98400.0 305.35703
98600.0 302.66219
98800.0 302.82665
99000.0 315.92683
99200.0 300.87477
99400.0 309.00017
99600.0 296.60038
99800.0 303.91585
100000.0 302.63608
