0.0 173.29124
200.0 171.89342
400.0 169.19925
600.0 173.70266
800.0 178.09584
1000.0 180.41154
1200.0 178.78363
1400.0 173.71327
1600.0 177.70523
1800.0 176.81457
2000.0 176.09699
2200.0 170.79599
2400.0 170.618
2600.0 172.73322
2800.0 176.78583
3000.0 176.9772
3200.0 177.70066
3400.0 176.61519
3600.0 174.3708
3800.0 174.09821
4000.0 173.75297
4200.0 176.35991
4400.0 177.31211
4600.0 180.68291
4800.0 175.78988
5000.0 172.07206
5200.0 170.29765
5400.0 176.24824
5600.0 181.33433
5800.0 183.9973
6000.0 179.88034
6200.0 177.87048
6400.0 174.5988
6600.0 174.75778
6800.0 174.15241
7000.0 176.30357
7200.0 175.26289
7400.0 175.15812
7600.0 176.73075
7800.0 177.18562
8000.0 182.56886
8200.0 181.43132
8400.0 175.23459
8600.0 175.35873
8800.0 173.6113
9000.0 176.87438
9200.0 174.80633
9400.0 175.328
9600.0 173.7112
9800.0 172.87691
10000.0 179.91867
10200.0 180.8187
10400.0 180.90499
10600.0 178.61781
10800.0 175.62357
11000.0 171.51096
11200.0 171.47187
11400.0 173.87497
11600.0 176.92001
11800.0 177.92649
12000.0 176.15855
12200.0 173.68785
12400.0 174.70485
12600.0 176.16176
12800.0 175.57279
13000.0 176.25842
13200.0 177.19606
13400.0 180.65397
13600.0 184.11233
13800.0 184.66821
14000.0 177.03017
14200.0 173.61849
14400.0 176.13768
14600.0 178.07688
14800.0 179.1961
15000.0 179.29994
15200.0 177.32717
15400.0 179.4204
15600.0 175.95253
15800.0 175.46092
16000.0 177.57145
16200.0 177.93576
16400.0 174.9094
16600.0 168.16321
16800.0 172.92501
17000.0 175.91366
17200.0 177.67022
17400.0 179.48659
17600.0 178.61882
17800.0 180.03265
18000.0 180.76629
18200.0 177.32397
18400.0 175.89777
18600.0 176.87176
18800.0 176.0126
19000.0 176.28841
19200.0 174.63517
19400.0 172.8735
19600.0 175.11033
19800.0 175.90101
20000.0 172.24645
20200.0 174.40528
20400.0 174.63541
20600.0 178.03515
20800.0 175.45117
21000.0 176.15567
21200.0 173.21864
21400.0 171.43894
21600.0 170.70544
21800.0 172.57194
22000.0 177.64011
22200.0 181.75963
22400.0 179.21113
22600.0 177.36345
22800.0 176.21936
23000.0 175.47072
23200.0 175.39888
23400.0 173.06554
23600.0 171.22071
23800.0 173.2108
24000.0 177.65886
24200.0 179.46482
24400.0 181.31099
24600.0 180.16461
24800.0 178.37954
25000.0 173.18795
25200.0 175.16023
25400.0 174.06001
25600.0 174.43117
25800.0 170.69426
26000.0 171.48479
26200.0 174.11447
26400.0 180.90144
26600.0 179.46917
26800.0 175.30131
27000.0 173.76382
27200.0 175.12255
27400.0 179.09829
27600.0 177.69779
27800.0 175.25447
28000.0 174.35248
28200.0 169.65479
28400.0 170.87806
28600.0 171.27459
28800.0 173.13007
29000.0 175.55384
29200.0 174.79092
29400.0 177.17538
29600.0 175.03335
29800.0 175.74674
30000.0 176.25612
30200.0 175.88387
30400.0 181.08328
30600.0 177.7578
30800.0 177.74794
31000.0 172.4911
31200.0 172.85482
31400.0 172.59332
31600.0 172.48432
31800.0 173.16918
32000.0 176.28652
32200.0 178.5226
32400.0 182.39062
32600.0 184.88614
32800.0 181.05615
33000.0 179.74632
33200.0 174.14836
33400.0 174.91894
33600.0 175.88821
33800.0 177.99812
34000.0 177.35666
34200.0 175.13136
34400.0 174.90646
34600.0 172.66767
34800.0 173.0668
35000.0 170.82666
35200.0 170.52152
35400.0 172.60947
35600.0 178.80626
35800.0 181.90836
36000.0 178.94231
36200.0 175.32861
36400.0 175.36668
36600.0 177.66103
36800.0 176.28838
37000.0 173.71128
37200.0 173.58042
37400.0 175.83453
37600.0 178.52141
37800.0 177.35693
38000.0 172.45857
38200.0 170.85741
38400.0 172.60977
38600.0 175.82293
38800.0 180.61583
39000.0 172.65024
39200.0 169.44046
39400.0 171.32232
39600.0 173.73145
39800.0 175.81247
40000.0 176.12599
40200.0 173.86403
40400.0 177.00282
40600.0 177.2956
40800.0 177.24555
41000.0 177.20048
41200.0 175.64993
41400.0 175.97023
41600.0 176.31941
41800.0 174.59013
42000.0 176.04696
42200.0 177.1067
42400.0 183.17148
42600.0 183.43982
42800.0 178.39936
43000.0 173.92223
43200.0 173.36788
43400.0 176.46787
43600.0 177.38085
43800.0 174.56724
44000.0 175.37135
44200.0 172.34013
44400.0 174.96996
44600.0 174.16937
44800.0 179.13182
45000.0 177.85052
45200.0 180.00932
45400.0 177.89946
45600.0 173.7907
45800.0 169.58815
46000.0 174.20195
46200.0 181.21223
46400.0 171.19538
46600.0 173.34473
46800.0 175.30724
47000.0 177.31365
47200.0 176.43376
47400.0 175.69982
47600.0 179.54923
47800.0 176.1372
48000.0 175.75766
48200.0 177.04504
48400.0 175.57373
48600.0 172.64766
48800.0 175.38463
49000.0 175.1196
49200.0 173.48541
49400.0 172.27162
49600.0 171.80518
49800.0 175.53268
50000.0 178.91302
50200.0 179.9319
50400.0 181.14762
50600.0 179.03338
50800.0 175.69321
51000.0 170.7926
51200.0 171.21999
51400.0 175.73772
51600.0 177.61924
51800.0 177.2582
52000.0 174.29786
52200.0 175.37994
52400.0 178.74261
52600.0 177.63674
52800.0 175.93611
53000.0 171.85739
53200.0 174.55843
53400.0 177.59745
53600.0 181.93687
53800.0 179.18967
54000.0 178.37991
54200.0 175.55921
54400.0 176.56999
54600.0 175.18989
54800.0 171.69388
55000.0 168.93963
55200.0 171.29694
55400.0 174.86921
55600.0 172.88163
55800.0 176.9238
56000.0 175.11108
56200.0 180.48688
56400.0 177.16636
56600.0 181.11742
56800.0 179.86657
57000.0 177.28695
57200.0 175.02027
57400.0 175.45023
57600.0 179.33544
57800.0 177.82786
58000.0 175.30221
58200.0 177.37151
58400.0 179.87039
58600.0 175.86507
58800.0 172.44858
59000.0 171.94632
59200.0 175.92622
59400.0 180.22331
59600.0 174.98325
59800.0 173.73149
60000.0 174.11033
60200.0 177.25136
60400.0 180.64634
60600.0 183.62134
60800.0 181.75165
61000.0 180.20472
61200.0 177.84311
61400.0 176.03605
61600.0 174.15746
61800.0 178.66078
62000.0 178.98282
62200.0 173.94775
62400.0 168.24141
62600.0 171.39572
62800.0 172.40296
63000.0 174.22596
63200.0 172.1595
63400.0 174.55334
63600.0 174.40677
63800.0 178.90954
64000.0 178.18178
64200.0 177.3812
64400.0 176.49887
64600.0 176.21485
64800.0 177.4277
65000.0 173.61401
65200.0 174.94065
65400.0 174.61589
65600.0 176.27194
65800.0 176.67537
66000.0 173.37162
66200.0 173.10139
66400.0 177.82745
66600.0 179.01721
66800.0 178.614
67000.0 174.95562
67200.0 173.77612
67400.0 174.87043
67600.0 174.70319
67800.0 175.54807
68000.0 173.33408
68200.0 170.99212
68400.0 173.98482
68600.0 175.74207
68800.0 180.01067
69000.0 180.88718
69200.0 178.02181
69400.0 174.76092
69600.0 175.27254
69800.0 170.15423
70000.0 171.86216
70200.0 170.00022
70400.0 174.87598
70600.0 175.56419
70800.0 176.06428
71000.0 176.09768
71200.0 178.62741
71400.0 177.85434
71600.0 173.4075
71800.0 172.77397
72000.0 173.89747
72200.0 181.29143
72400.0 182.88858
72600.0 177.58858
72800.0 173.11587
73000.0 175.22846
73200.0 176.95346
73400.0 177.43931
73600.0 178.89017
73800.0 176.45
74000.0 174.95132
74200.0 170.68511
74400.0 170.19896
74600.0 176.005
74800.0 179.39354
75000.0 178.75664
75200.0 179.19553
75400.0 178.79857
75600.0 176.81435
75800.0 178.74423
76000.0 179.21363
76200.0 176.20805
76400.0 172.38509
76600.0 172.81202
76800.0 174.17941
77000.0 178.4423
77200.0 179.93971
77400.0 176.87649
77600.0 176.47728
77800.0 172.00898
78000.0 170.55659
78200.0 172.25654
78400.0 173.37009
78600.0 178.36736
78800.0 177.82818
79000.0 175.02834
79200.0 172.54282
79400.0 174.24012
79600.0 175.15363
79800.0 178.03696
80000.0 176.64956
80200.0 178.82533
80400.0 178.8761
80600.0 178.48463
80800.0 177.34159
81000.0 178.41341
81200.0 175.50919
81400.0 173.82196
81600.0 174.25242
81800.0 171.41852
82000.0 171.70943
82200.0 171.26928
82400.0 176.53215
82600.0 181.45542
82800.0 184.63275
83000.0 178.76412
83200.0 174.88384
83400.0 174.23791
83600.0 174.92011
83800.0 176.32698
84000.0 178.98531
84200.0 180.66934
84400.0 178.73492
84600.0 173.16701
84800.0 169.40523
85000.0 171.13699
85200.0 175.16529
85400.0 176.83823
85600.0 174.41127
85800.0 176.87705
86000.0 175.53876
86200.0 178.251
86400.0 177.66567
86600.0 175.49797
86800.0 173.44955
87000.0 179.4477
87200.0 184.25435
87400.0 181.80833
87600.0 179.57264
87800.0 175.12294
88000.0 177.43694
88200.0 174.80795
88400.0 173.03656
88600.0 171.77103
88800.0 171.43298
89000.0 174.75853
89200.0 174.82081
89400.0 173.30296
89600.0 173.98298
89800.0 170.52973
90000.0 168.21476
90200.0 166.88309
90400.0 166.57672
90600.0 171.27904
90800.0 177.78839
91000.0 180.03613
91200.0 178.93349
91400.0 173.40799
91600.0 172.04452
91800.0 173.98657
92000.0 175.06394
92200.0 178.91457
92400.0 179.24259
92600.0 177.96412
92800.0 179.16161
93000.0 176.14358
93200.0 174.01734
93400.0 173.05031
93600.0 172.94317
93800.0 173.34525
94000.0 174.12639
94200.0 174.14179
94400.0 175.65247
94600.0 175.19766
94800.0 175.86069
95000.0 176.33942
95200.0 175.24657
95400.0 175.48054
95600.0 179.00472
95800.0 177.30753
96000.0 174.16832
96200.0 171.22773
96400.0 170.1373
96600.0 173.93184
96800.0 177.02556
97000.0 178.02222
97200.0 174.8166
97400.0 176.00189
97600.0 176.03507
97800.0 177.95819
98000.0 181.41582
98200.0 181.21253
98400.0 177.48416
98600.0 173.3621
98800.0 169.12268
99000.0 170.34251
99200.0 173.12539
99400.0 173.46994
99600.0 178.32833
99800.0 177.39986
100000.0 177.36088
