0.0 -5097.1564
200.0 -5102.3568
400.0 -5092.4997
600.0 -5104.6292
800.0 -5085.3605
1000.0 -5090.6465
1200.0 -5093.0977
1400.0 -5090.9389
1600.0 -5073.4385
1800.0 -5096.2584
2000.0 -5088.246
2200.0 -5095.5276
2400.0 -5103.0996
2600.0 -5093.4843
2800.0 -5100.4168
3000.0 -5100.727
3200.0 -5102.5874
3400.0 -5089.5576
3600.0 -5101.6389
3800.0 -5091.0366
4000.0 -5089.1448
4200.0 -5095.3417
4400.0 -5086.5419
4600.0 -5094.0408
4800.0 -5089.2157
5000.0 -5100.0508
5200.0 -5102.1662
5400.0 -5103.5921
5600.0 -5101.3783
5800.0 -5099.0222
6000.0 -5109.3171
6200.0 -5102.6119
6400.0 -5098.4202
6600.0 -5087.691
6800.0 -5097.7543
7000.0 -5085.7205
7200.0 -5091.0173
7400.0 -5088.1886
7600.0 -5090.9784
7800.0 -5092.6285
8000.0 -5090.302
8200.0 -5102.7648
8400.0 -5093.5295
8600.0 -5096.2788
8800.0 -5102.6445
9000.0 -5102.2272
9200.0 -5095.3005
9400.0 -5104.7774
9600.0 -5098.8165
9800.0 -5092.8932
10000.0 -5075.8578
10200.0 -5091.4799
10400.0 -5085.0925
10600.0 -5087.411
10800.0 -5090.7192
11000.0 -5091.2939
11200.0 -5089.2718
11400.0 -5098.7961
11600.0 -5094.8976
11800.0 -5100.3796
12000.0 -5097.2602
12200.0 -5095.3077
12400.0 -5095.601
12600.0 -5097.6701
12800.0 -5103.0146
13000.0 -5090.1727
13200.0 -5085.3695
13400.0 -5085.6772
13600.0 -5086.6689
13800.0 -5091.3492
14000.0 -5095.6794
14200.0 -5089.5339
14400.0 -5096.2304
14600.0 -5098.714
14800.0 -5115.0666
15000.0 -5095.4619
15200.0 -5100.1385
15400.0 -5099.5492
15600.0 -5097.9813
15800.0 -5096.9852
16000.0 -5094.2113
16200.0 -5087.6211
16400.0 -5084.9799
16600.0 -5084.2148
16800.0 -5088.9376
17000.0 -5093.142
17200.0 -5092.8078
17400.0 -5086.4049
17600.0 -5102.4055
17800.0 -5090.0284
18000.0 -5096.2769
18200.0 -5098.5173
18400.0 -5099.9537
18600.0 -5097.5048
18800.0 -5096.5505
19000.0 -5102.5282
19200.0 -5104.8964
19400.0 -5107.5442
19600.0 -5093.9906
19800.0 -5107.0681
20000.0 -5098.1681
20200.0 -5094.5608
20400.0 -5093.1151
20600.0 -5097.1154
20800.0 -5091.9753
21000.0 -5083.5218
21200.0 -5099.6741
21400.0 -5093.1285
21600.0 -5095.627
21800.0 -5101.0084
22000.0 -5108.9277
22200.0 -5103.3606
22400.0 -5108.1779
22600.0 -5100.1988
22800.0 -5094.9204
23000.0 -5103.7468
23200.0 -5099.4173
23400.0 -5099.1608
23600.0 -5096.4446
23800.0 -5105.1427
24000.0 -5102.7013
24200.0 -5099.255
24400.0 -5095.43
24600.0 -5091.5292
24800.0 -5101.0952
25000.0 -5102.0435
25200.0 -5095.3715
25400.0 -5079.5073
25600.0 -5091.183
25800.0 -5088.5515
26000.0 -5075.5801
26200.0 -5097.0916
26400.0 -5109.0872
26600.0 -5080.2706
26800.0 -5107.6128
27000.0 -5109.4081
27200.0 -5102.4845
27400.0 -5095.5291
27600.0 -5096.3079
27800.0 -5098.0788
28000.0 -5097.7038
28200.0 -5093.1208
28400.0 -5090.7733
28600.0 -5086.4476
28800.0 -5092.6653
29000.0 -5103.009
29200.0 -5082.8783
29400.0 -5099.8226
29600.0 -5113.657
29800.0 -5105.2097
30000.0 -5107.9617
30200.0 -5114.7888
30400.0 -5101.9885
30600.0 -5102.1121
30800.0 -5107.2567
31000.0 -5094.5669
31200.0 -5098.6224
31400.0 -5100.0467
31600.0 -5088.7882
31800.0 -5086.9013
32000.0 -5099.3186
32200.0 -5088.5448
32400.0 -5088.3907
32600.0 -5093.7504
32800.0 -5095.4317
33000.0 -5093.4975
33200.0 -5105.3738
33400.0 -5097.9948
33600.0 -5106.3753
33800.0 -5103.4877
34000.0 -5104.5926
34200.0 -5097.096
34400.0 -5109.8807
34600.0 -5098.7828
34800.0 -5093.276
35000.0 -5089.6554
35200.0 -5088.7776
35400.0 -5098.9987
35600.0 -5083.2763
35800.0 -5093.1124
36000.0 -5085.9902
36200.0 -5095.3293
36400.0 -5093.0316
36600.0 -5095.6258
36800.0 -5098.9999
37000.0 -5098.3043
37200.0 -5099.6764
37400.0 -5111.5681
37600.0 -5102.081
37800.0 -5103.9704
38000.0 -5102.9797
38200.0 -5111.2357
38400.0 -5110.1398
38600.0 -5089.763
38800.0 -5093.3636
39000.0 -5090.4211
39200.0 -5096.622
39400.0 -5088.0609
39600.0 -5086.4427
39800.0 -5092.9364
40000.0 -5096.4304
40200.0 -5099.054
40400.0 -5102.488
40600.0 -5107.1916
40800.0 -5100.3811
41000.0 -5111.4181
41200.0 -5110.219
41400.0 -5103.1584
41600.0 -5099.8925
41800.0 -5095.4205
42000.0 -5107.6173
42200.0 -5093.2752
42400.0 -5095.3166
42600.0 -5098.4396
42800.0 -5100.7961
43000.0 -5084.1917
43200.0 -5101.3253
43400.0 -5090.6151
43600.0 -5092.9006
43800.0 -5084.018
44000.0 -5094.7292
44200.0 -5085.7231
44400.0 -5077.6595
44600.0 -5087.0674
44800.0 -5095.2269
45000.0 -5095.7513
45200.0 -5098.3847
45400.0 -5101.7315
45600.0 -5097.4117
45800.0 -5094.669
46000.0 -5103.745
46200.0 -5099.3248
46400.0 -5095.9243
46600.0 -5091.8596
46800.0 -5093.5644
47000.0 -5085.8895
47200.0 -5087.3979
47400.0 -5082.1185
47600.0 -5080.5282
47800.0 -5082.2546
48000.0 -5073.5039
48200.0 -5100.8377
48400.0 -5097.0798
48600.0 -5096.5601
48800.0 -5089.6235
49000.0 -5104.9532
49200.0 -5095.9869
49400.0 -5098.8081
49600.0 -5090.549
49800.0 -5093.1134
50000.0 -5096.539
50200.0 -5091.8723
50400.0 -5087.3772
50600.0 -5089.1292
50800.0 -5093.101
51000.0 -5088.4912
51200.0 -5096.4059
51400.0 -5100.2336
51600.0 -5096.0561
51800.0 -5115.2829
52000.0 -5096.3771
52200.0 -5098.3593
52400.0 -5105.1522
52600.0 -5099.1553
52800.0 -5095.2263
53000.0 -5099.37
53200.0 -5089.4594
53400.0 -5088.8397
53600.0 -5092.8537
53800.0 -5100.5878
54000.0 -5088.8746
54200.0 -5095.6625
54400.0 -5095.4969
54600.0 -5100.3572
54800.0 -5097.7683
55000.0 -5098.6202
55200.0 -5105.8225
55400.0 -5106.5178
55600.0 -5115.2952
55800.0 -5110.8011
56000.0 -5119.1241
56200.0 -5102.8314
56400.0 -5103.6668
56600.0 -5102.5793
56800.0 -5101.6121
57000.0 -5097.6877
57200.0 -5090.83
57400.0 -5099.8035
57600.0 -5091.431
57800.0 -5090.2374
58000.0 -5092.6324
58200.0 -5086.8473
58400.0 -5089.4595
58600.0 -5096.8928
58800.0 -5093.567
59000.0 -5100.728
59200.0 -5098.6752
59400.0 -5105.0654
59600.0 -5109.645
59800.0 -5101.7179
60000.0 -5099.9265
60200.0 -5105.3924
60400.0 -5101.7572
60600.0 -5090.8975
60800.0 -5085.9445
61000.0 -5080.3245
61200.0 -5099.9238
61400.0 -5086.4916
61600.0 -5094.4769
61800.0 -5082.8985
62000.0 -5099.5521
62200.0 -5099.8207
62400.0 -5092.4237
62600.0 -5105.6358
62800.0 -5105.3283
63000.0 -5102.4258
63200.0 -5100.8708
63400.0 -5106.8955
63600.0 -5101.831
63800.0 -5103.7967
64000.0 -5087.3928
64200.0 -5090.6767
64400.0 -5084.8618
64600.0 -5096.2345
64800.0 -5091.5921
65000.0 -5095.2
65200.0 -5092.5727
65400.0 -5099.2543
65600.0 -5100.101
65800.0 -5100.3466
66000.0 -5101.4134
66200.0 -5094.4068
66400.0 -5101.9537
66600.0 -5100.5975
66800.0 -5093.6841
67000.0 -5105.4151
67200.0 -5088.7727
67400.0 -5100.2273
67600.0 -5101.9435
67800.0 -5089.9715
68000.0 -5080.4169
68200.0 -5093.5628
68400.0 -5092.8719
68600.0 -5082.6671
68800.0 -5088.9402
69000.0 -5085.8588
69200.0 -5093.8012
69400.0 -5102.5198
69600.0 -5090.7872
69800.0 -5098.3921
70000.0 -5100.7358
70200.0 -5100.7525
70400.0 -5089.7453
70600.0 -5100.68
70800.0 -5101.2583
71000.0 -5093.6536
71200.0 -5099.5526
71400.0 -5088.5595
71600.0 -5097.6569
71800.0 -5091.0775
72000.0 -5100.2902
72200.0 -5095.2462
72400.0 -5099.567
72600.0 -5102.9531
72800.0 -5094.876
73000.0 -5097.3203
73200.0 -5099.194
73400.0 -5107.0316
73600.0 -5097.2825
73800.0 -5093.478
74000.0 -5089.6314
74200.0 -5089.7071
74400.0 -5086.5222
74600.0 -5090.1224
74800.0 -5084.9035
75000.0 -5085.0536
75200.0 -5092.405
75400.0 -5103.6034
75600.0 -5092.3002
75800.0 -5093.9981
76000.0 -5095.8019
76200.0 -5107.7825
76400.0 -5097.3258
76600.0 -5098.07
76800.0 -5089.1001
77000.0 -5097.28
77200.0 -5094.3003
77400.0 -5107.2658
77600.0 -5083.9693
77800.0 -5089.6044
78000.0 -5096.1887
78200.0 -5090.5115
78400.0 -5095.9253
78600.0 -5100.5986
78800.0 -5100.3461
79000.0 -5106.6432
79200.0 -5113.2358
79400.0 -5104.0081
79600.0 -5100.8167
79800.0 -5098.7446
80000.0 -5102.862
80200.0 -5093.4205
80400.0 -5087.2766
80600.0 -5092.6539
80800.0 -5091.4329
81000.0 -5094.3728
81200.0 -5089.4902
81400.0 -5097.0827
81600.0 -5089.9764
81800.0 -5101.093
82000.0 -5107.0539
82200.0 -5101.3641
82400.0 -5102.3715
82600.0 -5110.4008
82800.0 -5112.0616
83000.0 -5116.8216
83200.0 -5102.3025
83400.0 -5090.8413
83600.0 -5100.7813
83800.0 -5100.5182
84000.0 -5089.5499
84200.0 -5098.9128
84400.0 -5096.4446
84600.0 -5092.6839
84800.0 -5096.226
85000.0 -5093.5235
85200.0 -5094.8722
85400.0 -5093.5939
85600.0 -5097.4451
85800.0 -5101.3362
86000.0 -5079.1586
86200.0 -5099.3668
86400.0 -5102.983
86600.0 -5094.357
86800.0 -5093.7281
87000.0 -5094.0358
87200.0 -5090.3718
87400.0 -5101.0011
87600.0 -5100.6497
87800.0 -5101.6008
88000.0 -5110.2507
88200.0 -5107.3265
88400.0 -5108.7956
88600.0 -5112.0179
88800.0 -5111.1905
89000.0 -5094.8527
89200.0 -5107.5366
89400.0 -5093.5388
89600.0 -5089.5177
89800.0 -5104.6444
90000.0 -5086.0738
90200.0 -5087.9632
90400.0 -5090.7886
90600.0 -5092.3612
90800.0 -5090.8065
91000.0 -5098.3467
91200.0 -5105.8228
91400.0 -5100.8696
91600.0 -5096.2603
91800.0 -5114.1263
92000.0 -5105.7037
92200.0 -5104.6081
92400.0 -5096.2774
92600.0 -5097.4788
92800.0 -5098.8158
93000.0 -5085.8686
93200.0 -5091.2058
93400.0 -5098.1904
93600.0 -5093.5227
93800.0 -5096.8852
94000.0 -5095.495
94200.0 -5096.2187
94400.0 -5104.0291
94600.0 -5097.3924
94800.0 -5094.6513
95000.0 -5111.1046
95200.0 -5100.5074
95400.0 -5094.6494
95600.0 -5089.8107
95800.0 -5090.4399
96000.0 -5078.2494
96200.0 -5092.2402
96400.0 -5091.1247
96600.0 -5084.3888
96800.0 -5091.1059
97000.0 -5089.6771
97200.0 -5107.3083
97400.0 -5098.4217
97600.0 -5091.8384
97800.0 -5104.3507
98000.0 -5094.4665
98200.0 -5100.1966
98400.0 -5096.3779
98600.0 -5097.0094
98800.0 -5092.8289
99000.0 -5100.8569
99200.0 -5079.1411
99400.0 -5093.7499
99600.0 -5087.092
99800.0 -5083.7739
100000.0 -5075.3137
