0.0 46.260964
200.0 46.231954
400.0 46.329978
600.0 46.239797
800.0 46.304956
1000.0 46.313781
1200.0 46.258557
1400.0 46.308943
1600.0 46.277308
1800.0 46.243315
2000.0 46.260995
2200.0 46.234176
2400.0 46.28123
2600.0 46.236282
2800.0 46.241377
3000.0 46.289651
3200.0 46.238535
3400.0 46.283211
3600.0 46.289339
3800.0 46.274418
4000.0 46.289893
4200.0 46.27677
4400.0 46.282389
4600.0 46.314527
4800.0 46.241304
5000.0 46.262996
5200.0 46.237015
5400.0 46.236683
5600.0 46.285898
5800.0 46.197128
6000.0 46.291416
6200.0 46.232105
6400.0 46.277663
6600.0 46.294731
6800.0 46.254189
7000.0 46.284089
7200.0 46.33384
7400.0 46.233621
7600.0 46.334923
7800.0 46.265807
8000.0 46.247162
8200.0 46.316764
8400.0 46.216184
8600.0 46.288745
8800.0 46.297681
9000.0 46.195272
9200.0 46.271989
9400.0 46.283034
9600.0 46.219497
9800.0 46.262503
10000.0 46.272227
10200.0 46.223547
10400.0 46.286071
10600.0 46.254603
10800.0 46.18986
11000.0 46.282185
11200.0 46.254697
11400.0 46.235418
11600.0 46.284631
11800.0 46.278537
12000.0 46.298314
12200.0 46.301292
12400.0 46.262038
12600.0 46.34357
12800.0 46.257458
13000.0 46.256404
13200.0 46.316339
13400.0 46.24057
13600.0 46.267183
13800.0 46.279676
14000.0 46.279656
14200.0 46.287141
14400.0 46.218292
14600.0 46.297056
14800.0 46.273358
15000.0 46.224537
15200.0 46.320198
15400.0 46.220389
15600.0 46.264829
15800.0 46.24658
16000.0 46.256378
16200.0 46.240021
16400.0 46.26426
16600.0 46.232811
16800.0 46.234331
17000.0 46.291365
17200.0 46.301474
17400.0 46.225786
17600.0 46.323038
17800.0 46.280715
18000.0 46.270299
18200.0 46.286888
18400.0 46.287635
18600.0 46.24091
18800.0 46.277553
19000.0 46.254924
19200.0 46.255342
19400.0 46.261499
19600.0 46.269918
19800.0 46.244416
20000.0 46.24415
20200.0 46.290307
20400.0 46.320428
20600.0 46.271709
20800.0 46.319006
21000.0 46.267775
21200.0 46.296056
21400.0 46.264743
21600.0 46.257743
21800.0 46.297491
22000.0 46.27298
22200.0 46.249564
22400.0 46.232422
22600.0 46.292782
22800.0 46.261601
23000.0 46.249769
23200.0 46.21078
23400.0 46.293044
23600.0 46.233425
23800.0 46.201771
24000.0 46.285467
24200.0 46.179155
24400.0 46.264774
24600.0 46.306371
24800.0 46.245955
25000.0 46.250137
25200.0 46.318368
25400.0 46.232165
25600.0 46.302512
25800.0 46.247254
26000.0 46.257942
26200.0 46.241827
26400.0 46.251993
26600.0 46.23854
26800.0 46.195602
27000.0 46.2939
27200.0 46.22375
27400.0 46.230606
27600.0 46.288076
27800.0 46.232515
28000.0 46.243098
28200.0 46.316869
28400.0 46.218391
28600.0 46.228636
28800.0 46.353244
29000.0 46.235082
29200.0 46.255323
29400.0 46.318349
29600.0 46.230424
29800.0 46.267005
30000.0 46.313389
30200.0 46.228787
30400.0 46.267722
30600.0 46.264036
30800.0 46.262124
31000.0 46.255646
31200.0 46.227528
31400.0 46.216853
31600.0 46.300678
31800.0 46.247895
32000.0 46.203947
32200.0 46.34693
32400.0 46.269806
32600.0 46.245743
32800.0 46.343715
33000.0 46.262208
33200.0 46.263361
33400.0 46.256269
33600.0 46.283736
33800.0 46.224112
34000.0 46.268739
34200.0 46.282685
34400.0 46.229635
34600.0 46.266922
34800.0 46.275607
35000.0 46.282615
35200.0 46.244201
35400.0 46.279804
35600.0 46.268764
35800.0 46.289813
36000.0 46.257769
36200.0 46.265534
36400.0 46.216551
36600.0 46.249102
36800.0 46.271788
37000.0 46.211781
37200.0 46.268541
37400.0 46.216869
37600.0 46.26812
37800.0 46.25497
38000.0 46.29037
38200.0 46.261798
38400.0 46.277806
38600.0 46.285255
38800.0 46.204548
39000.0 46.316614
39200.0 46.267741
39400.0 46.239155
39600.0 46.31657
39800.0 46.232101
40000.0 46.275559
40200.0 46.271549
40400.0 46.29897
40600.0 46.273456
40800.0 46.288347
41000.0 46.328685
41200.0 46.26616
41400.0 46.299314
41600.0 46.311044
41800.0 46.224203
42000.0 46.278747
42200.0 46.251284
42400.0 46.234634
42600.0 46.274225
42800.0 46.228149
43000.0 46.247836
43200.0 46.277998
43400.0 46.221044
43600.0 46.292745
43800.0 46.282079
44000.0 46.271644
44200.0 46.263076
44400.0 46.322062
44600.0 46.275843
44800.0 46.28515
45000.0 46.297626
45200.0 46.22281
45400.0 46.295809
45600.0 46.282397
45800.0 46.2325
46000.0 46.285953
46200.0 46.218943
46400.0 46.276444
46600.0 46.282959
46800.0 46.193384
47000.0 46.300422
47200.0 46.271501
47400.0 46.244206
47600.0 46.29083
47800.0 46.280148
48000.0 46.302146
48200.0 46.287674
48400.0 46.283419
48600.0 46.270737
48800.0 46.291907
49000.0 46.254151
49200.0 46.256629
49400.0 46.266815
49600.0 46.259287
49800.0 46.256447
50000.0 46.248162
50200.0 46.294599
50400.0 46.238454
50600.0 46.251738
50800.0 46.310902
51000.0 46.252222
51200.0 46.318793
51400.0 46.345764
51600.0 46.289192
51800.0 46.318266
52000.0 46.345358
52200.0 46.235759
52400.0 46.34714
52600.0 46.307561
52800.0 46.221136
53000.0 46.299532
53200.0 46.254894
53400.0 46.238163
53600.0 46.24076
53800.0 46.279704
54000.0 46.240674
54200.0 46.206109
54400.0 46.304557
54600.0 46.23872
54800.0 46.259208
55000.0 46.337111
55200.0 46.256022
55400.0 46.248077
55600.0 46.348076
55800.0 46.261247
56000.0 46.241934
56200.0 46.312528
56400.0 46.232458
56600.0 46.24016
56800.0 46.289522
57000.0 46.216912
57200.0 46.24769
57400.0 46.247787
57600.0 46.265643
57800.0 46.249358
58000.0 46.219342
58200.0 46.30511
58400.0 46.30438
58600.0 46.286884
58800.0 46.325577
59000.0 46.303639
59200.0 46.298359
59400.0 46.264655
59600.0 46.30093
59800.0 46.245407
60000.0 46.283583
60200.0 46.252086
60400.0 46.236374
60600.0 46.25503
60800.0 46.247113
61000.0 46.258766
61200.0 46.227097
61400.0 46.246203
61600.0 46.260608
61800.0 46.276548
62000.0 46.289817
62200.0 46.256691
62400.0 46.3217
62600.0 46.278569
62800.0 46.274991
63000.0 46.301468
63200.0 46.268664
63400.0 46.223123
63600.0 46.273383
63800.0 46.248955
64000.0 46.205808
64200.0 46.268162
64400.0 46.23171
64600.0 46.221162
64800.0 46.310995
65000.0 46.206289
65200.0 46.262454
65400.0 46.298618
65600.0 46.231411
65800.0 46.271239
66000.0 46.311065
66200.0 46.217986
66400.0 46.319245
66600.0 46.28837
66800.0 46.171081
67000.0 46.314486
67200.0 46.221194
67400.0 46.221259
67600.0 46.264635
67800.0 46.22347
68000.0 46.227033
68200.0 46.305044
68400.0 46.22867
68600.0 46.279275
68800.0 46.325738
69000.0 46.210425
69200.0 46.307015
69400.0 46.283862
69600.0 46.236194
69800.0 46.319012
70000.0 46.238329
70200.0 46.262205
70400.0 46.237941
70600.0 46.259881
70800.0 46.195835
71000.0 46.23598
71200.0 46.21155
71400.0 46.22041
71600.0 46.242765
71800.0 46.250688
72000.0 46.253964
72200.0 46.242001
72400.0 46.257103
72600.0 46.289041
72800.0 46.226647
73000.0 46.302907
73200.0 46.222959
73400.0 46.337221
73600.0 46.229322
73800.0 46.284429
74000.0 46.333034
74200.0 46.221019
74400.0 46.322009
74600.0 46.335454
74800.0 46.219654
75000.0 46.297195
75200.0 46.280754
75400.0 46.226891
75600.0 46.27856
75800.0 46.252377
76000.0 46.257093
76200.0 46.255819
76400.0 46.241355
76600.0 46.278515
76800.0 46.225303
77000.0 46.342765
77200.0 46.236033
77400.0 46.269968
77600.0 46.347821
77800.0 46.225932
78000.0 46.312771
78200.0 46.313127
78400.0 46.206222
78600.0 46.323156
78800.0 46.267245
79000.0 46.208758
79200.0 46.288058
79400.0 46.257112
79600.0 46.218173
79800.0 46.264027
80000.0 46.273388
80200.0 46.212916
80400.0 46.305125
80600.0 46.214115
80800.0 46.298182
81000.0 46.240924
81200.0 46.263145
81400.0 46.33928
81600.0 46.217025
81800.0 46.305374
82000.0 46.300273
82200.0 46.258253
82400.0 46.254236
82600.0 46.263636
82800.0 46.249422
83000.0 46.24263
83200.0 46.207934
83400.0 46.295953
83600.0 46.212945
83800.0 46.273984
84000.0 46.273302
84200.0 46.251047
84400.0 46.260049
84600.0 46.300451
84800.0 46.262872
85000.0 46.252752
85200.0 46.315223
85400.0 46.267737
85600.0 46.244293
85800.0 46.29839
86000.0 46.264505
86200.0 46.247109
86400.0 46.283123
86600.0 46.246858
86800.0 46.212931
87000.0 46.237709
87200.0 46.215563
87400.0 46.221587
87600.0 46.227257
87800.0 46.248242
88000.0 46.242062
88200.0 46.217072
88400.0 46.247675
88600.0 46.256174
88800.0 46.242759
89000.0 46.308979
89200.0 46.256076
89400.0 46.232179
89600.0 46.341788
89800.0 46.262521
90000.0 46.209995
90200.0 46.397649
90400.0 46.21164
90600.0 46.208568
90800.0 46.323543
91000.0 46.192823
91200.0 46.232488
91400.0 46.249323
91600.0 46.214125
91800.0 46.239045
92000.0 46.254258
92200.0 46.238076
92400.0 46.29568
92600.0 46.249267
92800.0 46.274987
93000.0 46.310193
93200.0 46.281969
93400.0 46.203791
93600.0 46.323081
93800.0 46.268143
94000.0 46.277983
94200.0 46.246218
94400.0 46.305312
94600.0 46.249353
94800.0 46.245588
95000.0 46.291117
95200.0 46.215652
95400.0 46.281612
95600.0 46.204882
95800.0 46.254617
96000.0 46.213684
96200.0 46.237423
96400.0 46.225804
96600.0 46.276971
96800.0 46.197319
97000.0 46.318368
97200.0 46.285878
97400.0 46.191508
97600.0 46.329026
97800.0 46.253491
98000.0 46.266614
98200.0 46.252106
98400.0 46.285191
98600.0 46.275278
98800.0 46.213496
99000.0 46.281674
99200.0 46.20204
99400.0 46.264854
99600.0 46.244209
99800.0 46.216549
100000.0 46.284881
