0.0 -4706.4965
200.0 -4699.2464
400.0 -4693.9755
600.0 -4690.4582
800.0 -4686.6643
1000.0 -4683.6103
1200.0 -4681.8362
1400.0 -4680.7406
1600.0 -4679.5709
1800.0 -4678.5057
2000.0 -4678.3414
2200.0 -4680.0429
2400.0 -4685.4693
2600.0 -4692.3411
2800.0 -4695.8083
3000.0 -4696.3598
3200.0 -4696.5385
3400.0 -4697.3313
3600.0 -4697.6014
3800.0 -4695.0515
4000.0 -4691.2192
4200.0 -4684.1432
4400.0 -4676.8922
4600.0 -4673.3601
4800.0 -4671.5835
5000.0 -4671.586
5200.0 -4673.8249
5400.0 -4680.7915
5600.0 -4688.2452
5800.0 -4691.7388
6000.0 -4693.368
6200.0 -4694.2072
6400.0 -4693.4926
6600.0 -4692.3095
6800.0 -4691.8264
7000.0 -4691.0373
7200.0 -4688.6645
7400.0 -4684.7597
7600.0 -4677.8738
7800.0 -4671.5838
8000.0 -4669.6226
8200.0 -4669.2524
8400.0 -4669.9655
8600.0 -4674.9219
8800.0 -4686.2342
9000.0 -4694.6987
9200.0 -4697.8214
9400.0 -4698.2512
9600.0 -4696.6088
9800.0 -4694.2634
10000.0 -4691.5747
10200.0 -4687.5138
10400.0 -4682.9767
10600.0 -4680.8457
10800.0 -4679.0447
11000.0 -4676.5205
11200.0 -4675.1669
11400.0 -4674.121
11600.0 -4675.1251
11800.0 -4679.8509
12000.0 -4685.1739
12200.0 -4691.3552
12400.0 -4695.9488
12600.0 -4697.7945
12800.0 -4697.4211
13000.0 -4696.5565
13200.0 -4694.7585
13400.0 -4691.5641
13600.0 -4684.0298
13800.0 -4675.0229
14000.0 -4671.2827
14200.0 -4669.9695
14400.0 -4670.2911
14600.0 -4672.2828
14800.0 -4677.0287
15000.0 -4682.0085
15200.0 -4684.4831
15400.0 -4687.0675
15600.0 -4688.31
15800.0 -4688.3977
16000.0 -4688.9853
16200.0 -4690.6675
16400.0 -4689.3902
16600.0 -4687.453
16800.0 -4688.7272
17000.0 -4690.2121
17200.0 -4691.9299
17400.0 -4695.335
17600.0 -4698.2274
17800.0 -4698.7442
18000.0 -4697.3151
18200.0 -4696.9166
18400.0 -4693.9428
18600.0 -4686.3477
18800.0 -4680.8386
19000.0 -4679.3282
19200.0 -4679.9528
19400.0 -4680.0078
19600.0 -4680.979
19800.0 -4683.5144
20000.0 -4689.2013
20200.0 -4698.8094
20400.0 -4704.8482
20600.0 -4706.0607
20800.0 -4705.7589
21000.0 -4703.3292
21200.0 -4697.7935
21400.0 -4691.1796
21600.0 -4687.2244
21800.0 -4687.3022
22000.0 -4687.1838
22200.0 -4686.3557
22400.0 -4686.6125
22600.0 -4686.2931
22800.0 -4686.2167
23000.0 -4687.8687
23200.0 -4691.9734
23400.0 -4697.9968
23600.0 -4705.3558
23800.0 -4708.4145
24000.0 -4707.731
24200.0 -4706.5661
24400.0 -4701.449
24600.0 -4693.1105
24800.0 -4688.0433
25000.0 -4684.9135
25200.0 -4682.5943
25400.0 -4683.1148
25600.0 -4683.8755
25800.0 -4683.9366
26000.0 -4686.1434
26200.0 -4689.2826
26400.0 -4693.2845
26600.0 -4699.5117
26800.0 -4703.7229
27000.0 -4704.8128
27200.0 -4705.9257
27400.0 -4705.7983
27600.0 -4699.6252
27800.0 -4688.8173
28000.0 -4682.996
28200.0 -4679.4366
28400.0 -4676.8502
28600.0 -4674.6604
28800.0 -4673.8398
29000.0 -4675.6432
29200.0 -4680.7297
29400.0 -4686.6076
29600.0 -4691.8043
29800.0 -4696.0816
30000.0 -4699.1047
30200.0 -4699.7012
30400.0 -4698.7875
30600.0 -4696.9908
30800.0 -4694.4061
31000.0 -4690.4416
31200.0 -4686.0253
31400.0 -4684.2457
31600.0 -4683.761
31800.0 -4682.4105
32000.0 -4680.6544
32200.0 -4679.7491
32400.0 -4679.135
32600.0 -4683.6037
32800.0 -4693.25
33000.0 -4700.0343
33200.0 -4703.886
33400.0 -4706.9005
33600.0 -4707.8111
33800.0 -4706.8412
34000.0 -4703.6262
34200.0 -4695.323
34400.0 -4687.9134
34600.0 -4685.1345
34800.0 -4683.7891
35000.0 -4683.0844
35200.0 -4683.4184
35400.0 -4683.9872
35600.0 -4683.9985
35800.0 -4687.6287
36000.0 -4694.1128
36200.0 -4700.5678
36400.0 -4703.9848
36600.0 -4704.6508
36800.0 -4706.5958
37000.0 -4705.4609
37200.0 -4700.5122
37400.0 -4690.5675
37600.0 -4681.936
37800.0 -4677.8424
38000.0 -4677.3584
38200.0 -4678.5595
38400.0 -4681.3092
38600.0 -4684.1736
38800.0 -4686.0741
39000.0 -4688.4654
39200.0 -4692.6103
39400.0 -4697.778
39600.0 -4702.1726
39800.0 -4703.2073
40000.0 -4701.2288
40200.0 -4696.6836
40400.0 -4689.7285
40600.0 -4682.4863
40800.0 -4675.9144
41000.0 -4672.4359
41200.0 -4672.2388
41400.0 -4674.0868
41600.0 -4677.1624
41800.0 -4680.6235
42000.0 -4684.8141
42200.0 -4688.6003
42400.0 -4689.8296
42600.0 -4690.4708
42800.0 -4693.094
43000.0 -4692.9448
43200.0 -4690.4306
43400.0 -4690.793
43600.0 -4690.6976
43800.0 -4689.0254
44000.0 -4688.591
44200.0 -4688.4765
44400.0 -4687.3285
44600.0 -4684.8909
44800.0 -4680.0865
45000.0 -4676.5847
45200.0 -4673.3497
45400.0 -4669.5967
45600.0 -4669.0235
45800.0 -4669.9845
46000.0 -4673.184
46200.0 -4680.0376
46400.0 -4687.8848
46600.0 -4693.6766
46800.0 -4696.2753
47000.0 -4696.8612
47200.0 -4696.4805
47400.0 -4695.9985
47600.0 -4693.7828
47800.0 -4690.3815
48000.0 -4686.8789
48200.0 -4680.7509
48400.0 -4672.9163
48600.0 -4668.5322
48800.0 -4665.5932
49000.0 -4662.5961
49200.0 -4663.0904
49400.0 -4671.2859
49600.0 -4684.309
49800.0 -4690.9011
50000.0 -4692.0962
50200.0 -4691.4549
50400.0 -4692.6538
50600.0 -4693.38
50800.0 -4694.0552
51000.0 -4693.5501
51200.0 -4690.2249
51400.0 -4688.0413
51600.0 -4686.2375
51800.0 -4682.1461
52000.0 -4676.8578
52200.0 -4673.2812
52400.0 -4671.322
52600.0 -4669.9768
52800.0 -4672.7151
53000.0 -4681.6733
53200.0 -4690.0208
53400.0 -4694.147
53600.0 -4696.8899
53800.0 -4698.0335
54000.0 -4697.716
54200.0 -4696.4918
54400.0 -4694.9858
54600.0 -4692.7244
54800.0 -4686.724
55000.0 -4677.679
55200.0 -4671.7401
55400.0 -4670.5437
55600.0 -4673.1889
55800.0 -4676.2216
56000.0 -4679.1897
56200.0 -4683.7356
56400.0 -4689.2236
56600.0 -4691.1851
56800.0 -4690.4727
57000.0 -4690.4854
57200.0 -4689.7882
57400.0 -4689.4635
57600.0 -4689.7863
57800.0 -4690.3266
58000.0 -4690.5098
58200.0 -4690.6683
58400.0 -4688.3397
58600.0 -4681.7766
58800.0 -4672.6443
59000.0 -4666.1641
59200.0 -4663.6933
59400.0 -4662.0309
59600.0 -4662.5643
59800.0 -4668.9078
60000.0 -4677.5578
60200.0 -4682.4539
60400.0 -4683.6112
60600.0 -4685.6357
60800.0 -4689.1088
61000.0 -4691.0372
61200.0 -4692.3236
61400.0 -4693.7629
61600.0 -4694.9178
61800.0 -4696.0282
62000.0 -4695.139
62200.0 -4691.8579
62400.0 -4689.2018
62600.0 -4687.7372
62800.0 -4684.8834
63000.0 -4677.6506
63200.0 -4670.3069
63400.0 -4667.9759
63600.0 -4668.7443
63800.0 -4671.9324
64000.0 -4676.9984
64200.0 -4681.6063
64400.0 -4684.6843
64600.0 -4688.3437
64800.0 -4689.5936
65000.0 -4690.2035
65200.0 -4691.815
65400.0 -4692.2556
65600.0 -4692.5357
65800.0 -4691.8484
66000.0 -4690.4149
66200.0 -4688.1949
66400.0 -4684.5907
66600.0 -4680.9123
66800.0 -4674.2023
67000.0 -4663.8141
67200.0 -4657.909
67400.0 -4656.3966
67600.0 -4658.1415
67800.0 -4663.5433
68000.0 -4669.8913
68200.0 -4676.2737
68400.0 -4680.7305
68600.0 -4682.4352
68800.0 -4682.7895
69000.0 -4685.3456
69200.0 -4689.1977
69400.0 -4693.5375
69600.0 -4698.361
69800.0 -4701.7928
70000.0 -4702.7288
70200.0 -4701.3722
70400.0 -4697.5778
70600.0 -4687.6521
70800.0 -4678.749
71000.0 -4677.8604
71200.0 -4677.0414
71400.0 -4676.7151
71600.0 -4680.8234
71800.0 -4685.432
72000.0 -4687.1327
72200.0 -4689.5593
72400.0 -4693.7407
72600.0 -4695.7198
72800.0 -4696.7353
73000.0 -4698.7365
73200.0 -4703.0436
73400.0 -4707.249
73600.0 -4709.5154
73800.0 -4708.8934
74000.0 -4704.0304
74200.0 -4696.5933
74400.0 -4689.5981
74600.0 -4686.221
74800.0 -4684.3593
75000.0 -4683.2636
75200.0 -4682.7904
75400.0 -4681.5248
75600.0 -4680.1439
75800.0 -4680.584
76000.0 -4684.116
76200.0 -4690.3534
76400.0 -4694.196
76600.0 -4698.0765
76800.0 -4701.9608
77000.0 -4705.6344
77200.0 -4708.429
77400.0 -4706.3064
77600.0 -4698.1935
77800.0 -4688.7936
78000.0 -4684.3261
78200.0 -4682.9656
78400.0 -4682.6316
78600.0 -4681.392
78800.0 -4681.5819
79000.0 -4683.1587
79200.0 -4685.1815
79400.0 -4688.5851
79600.0 -4693.1758
79800.0 -4699.4647
80000.0 -4706.5766
80200.0 -4708.7728
80400.0 -4707.4464
80600.0 -4704.1878
80800.0 -4699.1083
81000.0 -4695.2408
81200.0 -4693.0631
81400.0 -4691.4302
81600.0 -4689.3302
81800.0 -4687.4486
82000.0 -4686.8611
82200.0 -4686.1481
82400.0 -4685.6137
82600.0 -4685.2856
82800.0 -4684.5629
83000.0 -4684.7062
83200.0 -4687.4827
83400.0 -4688.5241
83600.0 -4687.5028
83800.0 -4687.9829
84000.0 -4689.2478
84200.0 -4689.8218
84400.0 -4691.3842
84600.0 -4694.7292
84800.0 -4696.3315
85000.0 -4695.4867
85200.0 -4695.2935
85400.0 -4695.8682
85600.0 -4693.9351
85800.0 -4688.8449
86000.0 -4684.715
86200.0 -4680.0184
86400.0 -4674.2448
86600.0 -4671.4329
86800.0 -4670.7828
87000.0 -4672.0454
87200.0 -4675.7695
87400.0 -4683.6932
87600.0 -4693.946
87800.0 -4698.7702
88000.0 -4699.2692
88200.0 -4699.0051
88400.0 -4697.4209
88600.0 -4693.6667
88800.0 -4688.2136
89000.0 -4683.9773
89200.0 -4679.4188
89400.0 -4675.9437
89600.0 -4676.0279
89800.0 -4678.5806
90000.0 -4681.9151
90200.0 -4686.2764
90400.0 -4694.4838
90600.0 -4702.429
90800.0 -4705.2639
91000.0 -4705.1981
91200.0 -4703.42
91400.0 -4699.7227
91600.0 -4694.6141
91800.0 -4690.3936
92000.0 -4688.0255
92200.0 -4685.4956
92400.0 -4682.4527
92600.0 -4677.847
92800.0 -4674.5968
93000.0 -4674.819
93200.0 -4674.5109
93400.0 -4675.7287
93600.0 -4682.7992
93800.0 -4690.3208
94000.0 -4696.9468
94200.0 -4700.9023
94400.0 -4701.4906
94600.0 -4699.6976
94800.0 -4696.3486
95000.0 -4691.032
95200.0 -4686.3277
95400.0 -4682.8317
95600.0 -4678.9656
95800.0 -4675.5827
96000.0 -4675.7184
96200.0 -4678.3261
96400.0 -4681.3553
96600.0 -4683.8289
96800.0 -4684.4443
97000.0 -4684.0919
97200.0 -4683.8657
97400.0 -4684.8586
97600.0 -4687.6288
97800.0 -4690.8497
98000.0 -4694.7947
98200.0 -4698.9617
98400.0 -4700.6783
98600.0 -4700.8575
98800.0 -4701.1278
99000.0 -4697.011
99200.0 -4688.0023
99400.0 -4680.6787
99600.0 -4676.5888
99800.0 -4674.6534
100000.0 -4674.9619
