0.0 51.346176
200.0 51.355925
400.0 51.358208
600.0 51.247778
800.0 51.328396
1000.0 51.469126
1200.0 51.438993
1400.0 51.328209
1600.0 51.310558
1800.0 51.346107
2000.0 51.270648
2200.0 51.520438
2400.0 51.41843
2600.0 51.247731
2800.0 51.406555
3000.0 51.259548
3200.0 51.304004
3400.0 51.349654
3600.0 51.416454
3800.0 51.343988
4000.0 51.251189
4200.0 51.264006
4400.0 51.346913
4600.0 51.31328
4800.0 51.41688
5000.0 51.320782
5200.0 51.312485
5400.0 51.384605
5600.0 51.432894
5800.0 51.477923
6000.0 51.328749
6200.0 51.473358
6400.0 51.389773
6600.0 51.45844
6800.0 51.546282
7000.0 51.293991
7200.0 51.327435
7400.0 51.411652
7600.0 51.222662
7800.0 51.283166
8000.0 51.457042
8200.0 51.291738
8400.0 51.270386
8600.0 51.44422
8800.0 51.302572
9000.0 51.214841
9200.0 51.413572
9400.0 51.402149
9600.0 51.238896
9800.0 51.326851
10000.0 51.393169
10200.0 51.241503
10400.0 51.355457
10600.0 51.411847
10800.0 51.33415
11000.0 51.389775
11200.0 51.325823
11400.0 51.266657
11600.0 51.392589
11800.0 51.417009
12000.0 51.244832
12200.0 51.208364
12400.0 51.369726
12600.0 51.440227
12800.0 51.354511
13000.0 51.392258
13200.0 51.498304
13400.0 51.26628
13600.0 51.413927
13800.0 51.375765
14000.0 51.448109
14200.0 51.424573
14400.0 51.292261
14600.0 51.340171
14800.0 51.32818
15000.0 51.346549
15200.0 51.306639
15400.0 51.314455
15600.0 51.367716
15800.0 51.190131
16000.0 51.251891
16200.0 51.385673
16400.0 51.16408
16600.0 51.281407
16800.0 51.373807
17000.0 51.357429
17200.0 51.364768
17400.0 51.308607
17600.0 51.428091
17800.0 51.372645
18000.0 51.318266
18200.0 51.292807
18400.0 51.387897
18600.0 51.371177
18800.0 51.353457
19000.0 51.365702
19200.0 51.392797
19400.0 51.506944
19600.0 51.645678
19800.0 51.498639
20000.0 51.500437
20200.0 51.507966
20400.0 51.562687
20600.0 51.527731
20800.0 51.393799
21000.0 51.524641
21200.0 51.42823
21400.0 51.305756
21600.0 51.369922
21800.0 51.362548
22000.0 51.24894
22200.0 51.283788
22400.0 51.241152
22600.0 51.195585
22800.0 51.263555
23000.0 51.365844
23200.0 51.403021
23400.0 51.428283
23600.0 51.31012
23800.0 51.321161
24000.0 51.435153
24200.0 51.360353
24400.0 51.175003
24600.0 51.415717
24800.0 51.274485
25000.0 51.324681
25200.0 51.421315
25400.0 51.374357
25600.0 51.46193
25800.0 51.424846
26000.0 51.376683
26200.0 51.491055
26400.0 51.238899
26600.0 51.350778
26800.0 51.425394
27000.0 51.237577
27200.0 51.236838
27400.0 51.321992
27600.0 51.290899
27800.0 51.334487
28000.0 51.337852
28200.0 51.247486
28400.0 51.235483
28600.0 51.325635
28800.0 51.414026
29000.0 51.354164
29200.0 51.312844
29400.0 51.41618
29600.0 51.363048
29800.0 51.451984
30000.0 51.337918
30200.0 51.46421
30400.0 51.417205
30600.0 51.283419
30800.0 51.486893
31000.0 51.295946
31200.0 51.317354
31400.0 51.277874
31600.0 51.437636
31800.0 51.224821
32000.0 51.23432
32200.0 51.279846
32400.0 51.354927
32600.0 51.283721
32800.0 51.255735
33000.0 51.436256
33200.0 51.396991
33400.0 51.318111
33600.0 51.501092
33800.0 51.48169
34000.0 51.601798
34200.0 51.580108
34400.0 51.488225
34600.0 51.527364
34800.0 51.498352
35000.0 51.555121
35200.0 51.557933
35400.0 51.406854
35600.0 51.313438
35800.0 51.47331
36000.0 51.431291
36200.0 51.245819
36400.0 51.349899
36600.0 51.234794
36800.0 51.284039
37000.0 51.482612
37200.0 51.224027
37400.0 51.298638
37600.0 51.262792
37800.0 51.343715
38000.0 51.373221
38200.0 51.38439
38400.0 51.316304
38600.0 51.341544
38800.0 51.415307
39000.0 51.333679
39200.0 51.342386
39400.0 51.331633
39600.0 51.363785
39800.0 51.380135
40000.0 51.369506
40200.0 51.368221
40400.0 51.254311
40600.0 51.342937
40800.0 51.310172
41000.0 51.362466
41200.0 51.447556
41400.0 51.286055
41600.0 51.368607
41800.0 51.466032
42000.0 51.353969
42200.0 51.372657
42400.0 51.425918
42600.0 51.434073
42800.0 51.514674
43000.0 51.506168
43200.0 51.50196
43400.0 51.750785
43600.0 51.62087
43800.0 51.524335
44000.0 51.603671
44200.0 51.517968
44400.0 51.369704
44600.0 51.432895
44800.0 51.414793
45000.0 51.3473
45200.0 51.275253
45400.0 51.311006
45600.0 51.191212
45800.0 51.301858
46000.0 51.344654
46200.0 51.223869
46400.0 51.145
46600.0 51.103313
46800.0 51.273742
47000.0 51.20976
47200.0 51.236535
47400.0 51.297462
47600.0 51.207969
47800.0 51.340607
48000.0 51.329491
48200.0 51.389835
48400.0 51.646999
48600.0 51.393016
48800.0 51.312013
49000.0 51.639442
49200.0 51.385792
49400.0 51.382218
49600.0 51.619236
49800.0 51.494951
50000.0 51.344603
50200.0 51.452133
50400.0 51.473201
50600.0 51.577479
50800.0 51.343932
51000.0 51.342348
51200.0 51.338669
51400.0 51.413499
51600.0 51.381323
51800.0 51.36136
52000.0 51.401277
52200.0 51.373935
52400.0 51.373352
52600.0 51.334879
52800.0 51.281358
53000.0 51.164886
53200.0 51.184588
53400.0 51.258688
53600.0 51.069984
53800.0 51.203674
54000.0 51.081337
54200.0 51.060333
54400.0 51.215222
54600.0 51.271359
54800.0 51.328412
55000.0 51.333298
55200.0 51.295425
55400.0 51.263018
55600.0 51.390391
55800.0 51.292368
56000.0 51.434205
56200.0 51.455227
56400.0 51.425941
56600.0 51.472486
56800.0 51.602338
57000.0 51.482959
57200.0 51.442397
57400.0 51.562172
57600.0 51.445664
57800.0 51.46323
58000.0 51.593725
58200.0 51.514954
58400.0 51.508272
58600.0 51.41708
58800.0 51.514775
59000.0 51.542001
59200.0 51.625517
59400.0 51.514115
59600.0 51.312456
59800.0 51.404257
60000.0 51.466251
60200.0 51.281378
60400.0 51.344254
60600.0 51.584724
60800.0 51.385722
61000.0 51.510742
61200.0 51.636475
61400.0 51.536095
61600.0 51.428237
61800.0 51.526819
62000.0 51.516377
62200.0 51.552222
62400.0 51.394906
62600.0 51.283772
62800.0 51.350326
63000.0 51.29246
63200.0 51.297314
63400.0 51.285643
63600.0 51.303696
63800.0 51.45653
64000.0 51.39961
64200.0 51.302375
64400.0 51.256967
64600.0 51.385018
64800.0 51.456914
65000.0 51.405322
65200.0 51.479561
65400.0 51.315667
65600.0 51.41622
65800.0 51.349148
66000.0 51.372896
66200.0 51.640299
66400.0 51.444849
66600.0 51.365507
66800.0 51.459545
67000.0 51.485654
67200.0 51.544209
67400.0 51.47097
67600.0 51.536299
67800.0 51.575841
68000.0 51.615732
68200.0 51.397983
68400.0 51.431415
68600.0 51.606479
68800.0 51.477956
69000.0 51.387406
69200.0 51.517446
69400.0 51.445608
69600.0 51.348863
69800.0 51.351925
70000.0 51.425837
70200.0 51.369645
70400.0 51.441517
70600.0 51.394048
70800.0 51.351679
71000.0 51.249845
71200.0 51.227878
71400.0 51.216977
71600.0 51.26097
71800.0 51.164047
72000.0 51.142195
72200.0 51.058707
72400.0 51.194758
72600.0 51.248093
72800.0 51.084473
73000.0 51.176845
73200.0 51.316899
73400.0 51.27936
73600.0 51.163803
73800.0 51.324501
74000.0 51.243548
74200.0 51.269092
74400.0 51.42696
74600.0 51.248077
74800.0 51.27599
75000.0 51.272184
75200.0 51.312014
75400.0 51.36932
75600.0 51.391756
75800.0 51.412129
76000.0 51.426609
76200.0 51.490486
76400.0 51.406457
76600.0 51.572226
76800.0 51.537012
77000.0 51.315642
77200.0 51.436889
77400.0 51.417815
77600.0 51.337224
77800.0 51.380364
78000.0 51.394062
78200.0 51.288003
78400.0 51.33294
78600.0 51.288753
78800.0 51.012023
79000.0 51.08647
79200.0 51.190267
79400.0 51.056491
79600.0 51.072173
79800.0 51.179069
80000.0 51.14737
80200.0 51.121794
80400.0 51.313264
80600.0 51.338016
80800.0 51.254904
81000.0 51.295633
81200.0 51.345825
81400.0 51.394824
81600.0 51.313995
81800.0 51.342763
82000.0 51.409383
82200.0 51.435468
82400.0 51.46848
82600.0 51.359327
82800.0 51.388602
83000.0 51.667657
83200.0 51.430619
83400.0 51.281381
83600.0 51.452049
83800.0 51.51128
84000.0 51.384609
84200.0 51.310828
84400.0 51.333291
84600.0 51.436299
84800.0 51.306116
85000.0 51.251842
85200.0 51.31829
85400.0 51.249375
85600.0 51.140984
85800.0 51.230481
86000.0 51.397419
86200.0 51.148429
86400.0 51.228677
86600.0 51.366723
86800.0 51.330512
87000.0 51.380259
87200.0 51.446536
87400.0 51.35536
87600.0 51.28778
87800.0 51.467225
88000.0 51.321357
88200.0 51.346084
88400.0 51.366959
88600.0 51.264434
88800.0 51.376634
89000.0 51.257374
89200.0 51.3296
89400.0 51.341207
89600.0 51.248909
89800.0 51.316519
90000.0 51.24853
90200.0 51.196938
90400.0 51.277229
90600.0 51.275055
90800.0 51.209635
91000.0 51.153056
91200.0 51.216214
91400.0 51.207648
91600.0 51.230559
91800.0 51.227619
92000.0 51.251161
92200.0 51.24945
92400.0 51.282748
92600.0 51.36678
92800.0 51.218393
93000.0 51.255226
93200.0 51.214188
93400.0 51.170232
93600.0 51.225294
93800.0 51.182358
94000.0 51.144821
94200.0 51.364319
94400.0 51.182995
94600.0 51.059607
94800.0 51.167025
95000.0 51.152581
95200.0 51.290398
95400.0 51.301225
95600.0 51.102131
95800.0 51.309938
96000.0 51.434095
96200.0 51.196272
96400.0 51.301831
96600.0 51.349834
96800.0 51.375518
97000.0 51.368695
97200.0 51.272343
97400.0 51.294378
97600.0 51.474596
97800.0 51.438202
98000.0 51.408224
98200.0 51.491569
98400.0 51.401567
98600.0 51.372107
98800.0 51.445575
99000.0 51.59652
99200.0 51.411767
99400.0 51.375264
99600.0 51.473734
99800.0 51.466092
100000.0 51.347601
