0.0 175.25669
200.0 171.77488
400.0 176.12034
600.0 181.72511
800.0 177.15981
1000.0 168.2683
1200.0 166.5654
1400.0 166.91814
1600.0 171.87495
1800.0 173.08201
2000.0 174.65972
2200.0 172.72941
2400.0 169.70581
2600.0 170.58559
2800.0 177.9624
3000.0 179.13166
3200.0 176.41069
3400.0 166.59828
3600.0 168.18331
3800.0 172.34259
4000.0 173.21313
4200.0 171.91667
4400.0 167.98774
4600.0 168.26867
4800.0 171.53036
5000.0 174.29062
5200.0 174.43985
5400.0 173.03693
5600.0 171.68327
5800.0 174.0814
6000.0 174.25096
6200.0 174.05037
6400.0 169.15833
6600.0 168.37412
6800.0 167.92137
7000.0 171.38435
7200.0 177.705
7400.0 179.06656
7600.0 178.79223
7800.0 177.64424
8000.0 178.14404
8200.0 173.70621
8400.0 169.16676
8600.0 171.50694
8800.0 173.71256
9000.0 170.45416
9200.0 168.60583
9400.0 170.40943
9600.0 172.38787
9800.0 174.40412
10000.0 176.77987
10200.0 177.30249
10400.0 173.69863
10600.0 172.93143
10800.0 172.21926
11000.0 171.16992
11200.0 172.17432
11400.0 171.13114
11600.0 170.50429
11800.0 170.50822
12000.0 172.24195
12200.0 171.86501
12400.0 172.74289
12600.0 172.16663
12800.0 173.13538
13000.0 172.64528
13200.0 172.30905
13400.0 167.31276
13600.0 164.80651
13800.0 166.88265
14000.0 170.9948
14200.0 174.21883
14400.0 172.24027
14600.0 168.767
14800.0 171.74683
15000.0 174.29718
15200.0 174.63081
15400.0 172.58538
15600.0 173.01233
15800.0 171.11621
16000.0 171.65251
16200.0 168.59615
16400.0 164.41822
16600.0 166.83498
16800.0 171.30138
17000.0 171.05546
17200.0 169.18779
17400.0 170.8342
17600.0 170.46866
17800.0 175.30333
18000.0 171.71904
18200.0 174.62829
18400.0 176.82958
18600.0 176.81314
18800.0 173.56051
19000.0 169.03501
19200.0 168.90877
19400.0 170.42207
19600.0 168.14257
19800.0 169.72376
20000.0 169.8572
20200.0 173.31777
20400.0 172.3418
20600.0 174.05397
20800.0 172.16476
21000.0 171.73211
21200.0 171.3767
21400.0 174.98605
21600.0 176.40817
21800.0 173.83461
22000.0 171.00831
22200.0 171.28035
22400.0 170.93484
22600.0 171.19637
22800.0 172.44896
23000.0 170.66816
23200.0 170.82289
23400.0 171.21082
23600.0 171.36132
23800.0 174.25039
24000.0 175.21694
24200.0 173.67741
24400.0 173.16867
24600.0 175.59656
24800.0 174.76836
25000.0 172.10931
25200.0 171.94182
25400.0 173.37956
25600.0 171.85342
25800.0 173.26962
26000.0 173.51815
26200.0 172.62701
26400.0 171.46705
26600.0 171.22802
26800.0 170.99156
27000.0 167.10468
27200.0 169.76264
27400.0 169.07908
27600.0 175.40213
27800.0 173.02615
28000.0 173.47782
28200.0 174.02895
28400.0 173.44716
28600.0 174.27158
28800.0 172.42053
29000.0 169.29439
29200.0 170.12977
29400.0 172.30415
29600.0 167.05224
29800.0 167.87133
30000.0 167.25084
30200.0 174.72288
30400.0 174.82185
30600.0 174.18865
30800.0 171.30885
31000.0 169.93496
31200.0 169.72063
31400.0 170.37428
31600.0 173.2581
31800.0 174.18265
32000.0 174.58038
32200.0 172.87174
32400.0 173.655
32600.0 174.73419
32800.0 174.54357
33000.0 168.98194
33200.0 169.44371
33400.0 172.52198
33600.0 176.28092
33800.0 173.41239
34000.0 169.70033
34200.0 168.08956
34400.0 169.17972
34600.0 170.70098
34800.0 168.83774
35000.0 167.34068
35200.0 172.77557
35400.0 174.13963
35600.0 176.4986
35800.0 172.90402
36000.0 170.46355
36200.0 170.16524
36400.0 168.92102
36600.0 172.04051
36800.0 173.65376
37000.0 172.27816
37200.0 172.6802
37400.0 173.33644
37600.0 174.87034
37800.0 173.84631
38000.0 172.19672
38200.0 171.45256
38400.0 176.08032
38600.0 175.83534
38800.0 173.64938
39000.0 168.23182
39200.0 168.61288
39400.0 169.14095
39600.0 173.06484
39800.0 171.04963
40000.0 170.45916
40200.0 172.64631
40400.0 173.56315
40600.0 174.95958
40800.0 171.79624
41000.0 168.82591
41200.0 165.94923
41400.0 169.61468
41600.0 170.559
41800.0 170.50562
42000.0 169.82294
42200.0 172.54995
42400.0 173.22861
42600.0 177.01672
42800.0 175.4904
43000.0 172.33918
43200.0 170.50261
43400.0 167.76372
43600.0 169.96275
43800.0 172.1515
44000.0 173.88237
44200.0 177.17674
44400.0 176.09382
44600.0 174.29302
44800.0 176.66795
45000.0 174.27219
45200.0 171.42999
45400.0 171.26733
45600.0 173.82577
45800.0 168.32707
46000.0 166.69774
46200.0 168.11023
46400.0 168.9319
46600.0 172.08785
46800.0 173.39162
47000.0 178.34248
47200.0 176.75387
47400.0 175.96047
47600.0 174.20496
47800.0 172.15821
48000.0 170.49937
48200.0 173.01064
48400.0 169.09086
48600.0 170.66433
48800.0 167.94871
49000.0 170.10997
49200.0 175.70126
49400.0 173.33798
49600.0 174.83505
49800.0 173.40131
50000.0 176.52308
50200.0 174.60418
50400.0 168.88223
50600.0 167.09041
50800.0 172.3631
51000.0 173.05001
51200.0 173.30844
51400.0 169.25325
51600.0 166.69915
51800.0 169.42175
52000.0 170.31728
52200.0 174.29604
52400.0 174.22412
52600.0 172.62974
52800.0 169.88105
53000.0 169.51426
53200.0 170.60566
53400.0 173.92028
53600.0 176.38736
53800.0 176.73936
54000.0 177.28974
54200.0 173.47277
54400.0 166.947
54600.0 169.36701
54800.0 173.65115
55000.0 178.88762
55200.0 175.45901
55400.0 173.32141
55600.0 169.97684
55800.0 169.50121
56000.0 168.17307
56200.0 170.38125
56400.0 165.99168
56600.0 172.65397
56800.0 168.28
57000.0 171.76155
57200.0 172.42543
57400.0 177.38202
57600.0 175.37784
57800.0 173.16245
58000.0 170.04742
58200.0 172.99913
58400.0 171.66183
58600.0 168.27998
58800.0 170.27391
59000.0 171.73576
59200.0 175.06503
59400.0 174.53751
59600.0 171.11865
59800.0 169.09686
60000.0 170.11694
60200.0 170.20688
60400.0 172.96111
60600.0 178.09629
60800.0 179.11786
61000.0 173.60626
61200.0 170.78901
61400.0 170.99857
61600.0 173.51408
61800.0 173.4797
62000.0 172.30368
62200.0 171.99227
62400.0 167.77176
62600.0 166.80348
62800.0 169.41779
63000.0 174.69049
63200.0 176.03943
63400.0 178.544
63600.0 173.14435
63800.0 171.79012
64000.0 168.69445
64200.0 165.26866
64400.0 166.82568
64600.0 166.82767
64800.0 173.97021
65000.0 169.30934
65200.0 176.30693
65400.0 171.86356
65600.0 174.45885
65800.0 171.16803
66000.0 169.79214
66200.0 169.43267
66400.0 170.79863
66600.0 174.51097
66800.0 177.9782
67000.0 180.10989
67200.0 179.15646
67400.0 173.44497
67600.0 165.06496
67800.0 167.60023
68000.0 171.24447
68200.0 173.62721
68400.0 170.51266
68600.0 168.1152
68800.0 176.9795
69000.0 173.94623
69200.0 174.89678
69400.0 173.01828
69600.0 170.98243
69800.0 171.14691
70000.0 171.13898
70200.0 171.9837
70400.0 170.19791
70600.0 165.61218
70800.0 165.29943
71000.0 170.87722
71200.0 175.36922
71400.0 173.60616
71600.0 173.98839
71800.0 173.91692
72000.0 173.93524
72200.0 171.60721
72400.0 172.91177
72600.0 173.97481
72800.0 172.33967
73000.0 169.84078
73200.0 170.38635
73400.0 171.96187
73600.0 175.95049
73800.0 171.4603
74000.0 168.31462
74200.0 171.5803
74400.0 176.44738
74600.0 172.84913
74800.0 167.71203
75000.0 165.60466
75200.0 171.2928
75400.0 172.78455
75600.0 177.93861
75800.0 177.05452
76000.0 176.4756
76200.0 171.17943
76400.0 167.47997
76600.0 171.02573
76800.0 173.9406
77000.0 174.64692
77200.0 167.75709
77400.0 163.62084
77600.0 168.57255
77800.0 171.63226
78000.0 171.60873
78200.0 169.31064
78400.0 171.57261
78600.0 174.69277
78800.0 174.90132
79000.0 169.45764
79200.0 168.09776
79400.0 169.56279
79600.0 174.72787
79800.0 175.63335
80000.0 176.9991
80200.0 181.25942
80400.0 171.98282
80600.0 168.87406
80800.0 166.82107
81000.0 168.17999
81200.0 171.72998
81400.0 173.37307
81600.0 170.79147
81800.0 173.42544
82000.0 173.04073
82200.0 178.01957
82400.0 173.8314
82600.0 167.56078
82800.0 165.95974
83000.0 167.89552
83200.0 167.16695
83400.0 169.12897
83600.0 167.78333
83800.0 165.78392
84000.0 169.19238
84200.0 167.92241
84400.0 168.62835
84600.0 169.50643
84800.0 174.28498
85000.0 174.37461
85200.0 173.26507
85400.0 168.72353
85600.0 168.12925
85800.0 171.07482
86000.0 172.79129
86200.0 175.45493
86400.0 171.62135
86600.0 169.26252
86800.0 168.49696
87000.0 171.63934
87200.0 174.08657
87400.0 174.47445
87600.0 172.61036
87800.0 175.4438
88000.0 177.60873
88200.0 172.26917
88400.0 166.29637
88600.0 168.86414
88800.0 170.56413
89000.0 169.23039
89200.0 170.01135
89400.0 171.50369
89600.0 174.52498
89800.0 175.12691
90000.0 172.78303
90200.0 169.16831
90400.0 169.11647
90600.0 174.39126
90800.0 178.6276
91000.0 177.98091
91200.0 176.70639
91400.0 168.61527
91600.0 167.08052
91800.0 169.15951
92000.0 170.12708
92200.0 173.15031
92400.0 173.12675
92600.0 172.48776
92800.0 174.97412
93000.0 172.50774
93200.0 167.72561
93400.0 166.41529
93600.0 168.35701
93800.0 174.45565
94000.0 178.22883
94200.0 176.93863
94400.0 174.13766
94600.0 168.73105
94800.0 169.56123
95000.0 170.38667
95200.0 171.66097
95400.0 171.72399
95600.0 170.88525
95800.0 173.84843
96000.0 173.42121
96200.0 172.79254
96400.0 172.21967
96600.0 175.26193
96800.0 175.58511
97000.0 172.65512
97200.0 169.96251
97400.0 169.38898
97600.0 175.33464
97800.0 179.32515
98000.0 175.28591
98200.0 173.11631
98400.0 171.44302
98600.0 171.53908
98800.0 168.46197
99000.0 167.54982
99200.0 170.7451
99400.0 173.10053
99600.0 173.29461
99800.0 173.69899
100000.0 173.25237
