0.0 -2772.0582
200.0 -2765.9256
400.0 -2761.0446
600.0 -2755.2109
800.0 -2774.3034
1000.0 -2764.4316
1200.0 -2751.1416
1400.0 -2729.0228
1600.0 -2738.4646
1800.0 -2764.7438
2000.0 -2753.9248
2200.0 -2732.54
2400.0 -2732.4055
2600.0 -2744.3241
2800.0 -2768.6109
3000.0 -2772.8841
3200.0 -2784.0638
3400.0 -2794.6165
3600.0 -2799.5212
3800.0 -2822.2584
4000.0 -2830.3298
4200.0 -2829.5977
4400.0 -2800.1711
4600.0 -2797.9323
4800.0 -2814.0666
5000.0 -2815.4156
5200.0 -2814.001
5400.0 -2822.367
5600.0 -2821.0258
5800.0 -2817.6694
6000.0 -2797.8969
6200.0 -2825.4869
6400.0 -2826.0492
6600.0 -2844.8038
6800.0 -2841.485
7000.0 -2862.6853
7200.0 -2855.3009
7400.0 -2855.265
7600.0 -2870.7668
7800.0 -2883.4923
8000.0 -2869.7683
8200.0 -2860.8487
8400.0 -2856.8812
8600.0 -2841.5133
8800.0 -2840.7709
9000.0 -2849.1203
9200.0 -2833.8242
9400.0 -2846.966
9600.0 -2863.4109
9800.0 -2858.4947
10000.0 -2856.3597
10200.0 -2838.0272
10400.0 -2853.2102
10600.0 -2871.3642
10800.0 -2862.1717
11000.0 -2838.5576
11200.0 -2844.4742
11400.0 -2863.9845
11600.0 -2886.8018
11800.0 -2862.459
12000.0 -2870.4082
12200.0 -2889.3978
12400.0 -2892.2104
12600.0 -2924.8821
12800.0 -2926.237
13000.0 -2899.3497
13200.0 -2895.6418
13400.0 -2896.4223
13600.0 -2913.9211
13800.0 -2885.8825
14000.0 -2882.4423
14200.0 -2884.143
14400.0 -2900.8388
14600.0 -2879.4157
14800.0 -2890.8023
15000.0 -2905.036
15200.0 -2902.2705
15400.0 -2903.9091
15600.0 -2908.8063
15800.0 -2912.2604
16000.0 -2900.4769
16200.0 -2898.2086
16400.0 -2898.1376
16600.0 -2908.9802
16800.0 -2914.062
17000.0 -2900.1234
17200.0 -2887.8873
17400.0 -2862.595
17600.0 -2900.7237
17800.0 -2902.6554
18000.0 -2883.8543
18200.0 -2872.5525
18400.0 -2909.3448
18600.0 -2905.4538
18800.0 -2898.5373
19000.0 -2886.7541
19200.0 -2901.5312
19400.0 -2902.3757
19600.0 -2893.7747
19800.0 -2880.1277
20000.0 -2877.9566
20200.0 -2880.1658
20400.0 -2884.2378
20600.0 -2882.2143
20800.0 -2858.7381
21000.0 -2863.4423
21200.0 -2899.2376
21400.0 -2879.9427
21600.0 -2875.9894
21800.0 -2876.4457
22000.0 -2893.7328
22200.0 -2910.9201
22400.0 -2919.8371
22600.0 -2893.3656
22800.0 -2884.5126
23000.0 -2862.0015
23200.0 -2887.0386
23400.0 -2893.4931
23600.0 -2885.4204
23800.0 -2884.4072
24000.0 -2877.6993
24200.0 -2905.0046
24400.0 -2901.0633
24600.0 -2867.4734
24800.0 -2862.3595
25000.0 -2890.7285
25200.0 -2896.8668
25400.0 -2860.3325
25600.0 -2866.2229
25800.0 -2866.8476
26000.0 -2886.2403
26200.0 -2887.4052
26400.0 -2876.5261
26600.0 -2881.686
26800.0 -2885.9231
27000.0 -2893.2106
27200.0 -2891.6558
27400.0 -2886.4473
27600.0 -2876.2579
27800.0 -2869.2704
28000.0 -2840.6355
28200.0 -2840.143
28400.0 -2848.9181
28600.0 -2870.7759
28800.0 -2853.3576
29000.0 -2837.8606
29200.0 -2834.5295
29400.0 -2859.8776
29600.0 -2855.8791
29800.0 -2840.9633
30000.0 -2845.1151
30200.0 -2838.0298
30400.0 -2833.733
30600.0 -2825.6599
30800.0 -2817.2822
31000.0 -2791.7013
31200.0 -2800.9196
31400.0 -2827.5259
31600.0 -2824.4922
31800.0 -2833.3353
32000.0 -2837.5705
32200.0 -2839.8928
32400.0 -2849.464
32600.0 -2841.8501
32800.0 -2819.229
33000.0 -2817.1532
33200.0 -2809.3344
33400.0 -2813.6601
33600.0 -2813.9294
33800.0 -2793.1293
34000.0 -2802.9276
34200.0 -2825.9234
34400.0 -2838.8777
34600.0 -2813.9132
34800.0 -2834.7996
35000.0 -2848.8251
35200.0 -2864.0045
35400.0 -2855.6011
35600.0 -2844.4284
35800.0 -2850.2009
36000.0 -2855.9301
36200.0 -2847.3699
36400.0 -2825.4672
36600.0 -2832.0933
36800.0 -2834.8403
37000.0 -2835.3972
37200.0 -2815.906
37400.0 -2807.2678
37600.0 -2776.4888
37800.0 -2805.7866
38000.0 -2820.0354
38200.0 -2844.5307
38400.0 -2823.9956
38600.0 -2792.0213
38800.0 -2831.9599
39000.0 -2848.0951
39200.0 -2822.8648
39400.0 -2811.4827
39600.0 -2823.4501
39800.0 -2842.3651
40000.0 -2812.0236
40200.0 -2813.3375
40400.0 -2814.0255
40600.0 -2834.3085
40800.0 -2840.962
41000.0 -2836.342
41200.0 -2825.9575
41400.0 -2837.7154
41600.0 -2852.4263
41800.0 -2843.9674
42000.0 -2847.143
42200.0 -2815.4444
42400.0 -2841.2405
42600.0 -2838.844
42800.0 -2827.3648
43000.0 -2800.5952
43200.0 -2808.1053
43400.0 -2827.167
43600.0 -2805.7489
43800.0 -2800.7041
44000.0 -2820.9236
44200.0 -2827.6028
44400.0 -2820.7052
44600.0 -2828.6643
44800.0 -2855.5979
45000.0 -2878.8543
45200.0 -2884.3674
45400.0 -2870.0843
45600.0 -2849.539
45800.0 -2853.2393
46000.0 -2862.3271
46200.0 -2872.6637
46400.0 -2848.5856
46600.0 -2842.5202
46800.0 -2840.4398
47000.0 -2866.0947
47200.0 -2868.0044
47400.0 -2890.9084
47600.0 -2889.0985
47800.0 -2887.4989
48000.0 -2878.4434
48200.0 -2871.3312
48400.0 -2879.9205
48600.0 -2871.6336
48800.0 -2868.5409
49000.0 -2860.6126
49200.0 -2852.826
49400.0 -2861.4135
49600.0 -2848.487
49800.0 -2834.6623
50000.0 -2837.5058
50200.0 -2825.1961
50400.0 -2792.3803
50600.0 -2791.8076
50800.0 -2791.8128
51000.0 -2786.3692
51200.0 -2783.2036
51400.0 -2786.7997
51600.0 -2792.5274
51800.0 -2806.2289
52000.0 -2804.4163
52200.0 -2820.785
52400.0 -2821.251
52600.0 -2820.1517
52800.0 -2821.5533
53000.0 -2807.1657
53200.0 -2803.9862
53400.0 -2790.4804
53600.0 -2795.9807
53800.0 -2804.8511
54000.0 -2826.1144
54200.0 -2834.0886
54400.0 -2836.0569
54600.0 -2815.6968
54800.0 -2818.6322
55000.0 -2819.6819
55200.0 -2805.3603
55400.0 -2776.4354
55600.0 -2782.3633
55800.0 -2793.0369
56000.0 -2777.4324
56200.0 -2779.2196
56400.0 -2798.3673
56600.0 -2800.0033
56800.0 -2787.861
57000.0 -2770.4684
57200.0 -2774.8289
57400.0 -2770.8474
57600.0 -2811.986
57800.0 -2800.7843
58000.0 -2784.4351
58200.0 -2782.2714
58400.0 -2781.9901
58600.0 -2776.13
58800.0 -2750.094
59000.0 -2790.0553
59200.0 -2780.4148
59400.0 -2779.6674
59600.0 -2775.2871
59800.0 -2780.209
60000.0 -2804.6912
60200.0 -2807.2462
60400.0 -2794.4368
60600.0 -2793.5087
60800.0 -2828.47
61000.0 -2833.9082
61200.0 -2823.7264
61400.0 -2810.4005
61600.0 -2817.5101
61800.0 -2829.8381
62000.0 -2809.43
62200.0 -2779.1265
62400.0 -2750.2595
62600.0 -2736.2962
62800.0 -2757.7718
63000.0 -2774.0095
63200.0 -2747.0569
63400.0 -2737.9406
63600.0 -2753.2712
63800.0 -2774.8237
64000.0 -2755.7197
64200.0 -2761.3526
64400.0 -2774.157
64600.0 -2787.1381
64800.0 -2765.6786
65000.0 -2770.6935
65200.0 -2791.6542
65400.0 -2818.1794
65600.0 -2816.4488
65800.0 -2804.062
66000.0 -2796.671
66200.0 -2812.4158
66400.0 -2821.7682
66600.0 -2806.7051
66800.0 -2802.9048
67000.0 -2808.9434
67200.0 -2795.3858
67400.0 -2785.9375
67600.0 -2788.7286
67800.0 -2790.4884
68000.0 -2798.6159
68200.0 -2798.178
68400.0 -2809.0366
68600.0 -2807.3542
68800.0 -2804.971
69000.0 -2808.4777
69200.0 -2814.6386
69400.0 -2790.3891
69600.0 -2789.3353
69800.0 -2806.0817
70000.0 -2832.2977
70200.0 -2818.8918
70400.0 -2835.586
70600.0 -2839.7747
70800.0 -2858.0376
71000.0 -2848.5034
71200.0 -2854.4362
71400.0 -2847.533
71600.0 -2841.431
71800.0 -2845.4708
72000.0 -2852.4858
72200.0 -2850.5577
72400.0 -2842.0284
72600.0 -2824.1309
72800.0 -2815.9006
73000.0 -2805.8903
73200.0 -2803.3291
73400.0 -2791.3302
73600.0 -2818.1134
73800.0 -2801.1113
74000.0 -2805.3661
74200.0 -2767.848
74400.0 -2776.0468
74600.0 -2787.8473
74800.0 -2777.3677
75000.0 -2777.7786
75200.0 -2762.6521
75400.0 -2783.3813
75600.0 -2782.9634
75800.0 -2806.3983
76000.0 -2816.8444
76200.0 -2803.1603
76400.0 -2808.1685
76600.0 -2811.0185
76800.0 -2810.4298
77000.0 -2800.1023
77200.0 -2799.6603
77400.0 -2815.4131
77600.0 -2830.3963
77800.0 -2822.772
78000.0 -2835.5539
78200.0 -2825.9921
78400.0 -2817.4304
78600.0 -2818.9147
78800.0 -2825.2795
79000.0 -2813.6928
79200.0 -2792.1137
79400.0 -2814.2062
79600.0 -2820.7306
79800.0 -2820.2987
80000.0 -2790.8532
80200.0 -2799.556
80400.0 -2804.2592
80600.0 -2806.0159
80800.0 -2811.8438
81000.0 -2815.2764
81200.0 -2813.3702
81400.0 -2819.5233
81600.0 -2830.4565
81800.0 -2794.0686
82000.0 -2805.965
82200.0 -2821.5491
82400.0 -2847.4935
82600.0 -2832.4195
82800.0 -2834.5706
83000.0 -2836.1643
83200.0 -2831.739
83400.0 -2848.5774
83600.0 -2868.7697
83800.0 -2870.7382
84000.0 -2839.9522
84200.0 -2844.0774
84400.0 -2874.8072
84600.0 -2874.6549
84800.0 -2873.247
85000.0 -2850.8065
85200.0 -2874.4986
85400.0 -2860.4854
85600.0 -2856.6776
85800.0 -2853.2715
86000.0 -2852.0779
86200.0 -2835.575
86400.0 -2828.9781
86600.0 -2836.7618
86800.0 -2834.5485
87000.0 -2802.0563
87200.0 -2813.682
87400.0 -2818.7954
87600.0 -2836.3801
87800.0 -2826.8031
88000.0 -2825.1646
88200.0 -2842.5303
88400.0 -2863.0846
88600.0 -2878.1943
88800.0 -2896.4365
89000.0 -2884.189
89200.0 -2886.0719
89400.0 -2861.5204
89600.0 -2867.4867
89800.0 -2854.9771
90000.0 -2869.6607
90200.0 -2896.1818
90400.0 -2891.533
90600.0 -2884.8211
90800.0 -2860.0014
91000.0 -2873.3536
91200.0 -2894.5869
91400.0 -2912.9534
91600.0 -2903.5839
91800.0 -2890.4741
92000.0 -2876.4359
92200.0 -2883.1881
92400.0 -2894.8045
92600.0 -2859.1705
92800.0 -2874.8458
93000.0 -2864.1693
93200.0 -2879.3558
93400.0 -2866.777
93600.0 -2876.6165
93800.0 -2885.0592
94000.0 -2895.7576
94200.0 -2893.5437
94400.0 -2854.6138
94600.0 -2868.081
94800.0 -2886.0896
95000.0 -2876.9341
95200.0 -2851.0949
95400.0 -2847.7513
95600.0 -2863.0484
95800.0 -2866.3019
96000.0 -2897.0381
96200.0 -2881.3585
96400.0 -2881.6837
96600.0 -2880.0389
96800.0 -2875.8531
97000.0 -2870.8778
97200.0 -2852.4078
97400.0 -2858.3846
97600.0 -2861.3166
97800.0 -2844.7491
98000.0 -2851.7073
98200.0 -2828.7076
98400.0 -2835.6854
98600.0 -2821.1958
98800.0 -2818.8309
99000.0 -2811.6103
99200.0 -2794.36
99400.0 -2809.0517
99600.0 -2773.5879
99800.0 -2780.6115
100000.0 -2758.8901
