0.0 1.0022309
200.0 1.0372839
400.0 1.0488747
600.0 1.0470337
800.0 1.0209219
1000.0 0.98715185
1200.0 0.95255701
1400.0 0.94467946
1600.0 0.93743573
1800.0 0.96891031
2000.0 1.0138649
2200.0 1.0439127
2400.0 1.0465404
2600.0 1.0366151
2800.0 1.0182795
3000.0 0.98560947
3200.0 0.97839743
3400.0 0.96842193
3600.0 0.96487645
3800.0 0.98466407
4000.0 1.0074911
4200.0 1.0236647
4400.0 1.0306111
4600.0 1.0191514
4800.0 1.0129902
5000.0 0.99383683
5200.0 0.98060653
5400.0 0.99477436
5600.0 1.0099548
5800.0 1.0263663
6000.0 1.0457475
6200.0 1.0513343
6400.0 1.0331734
6600.0 0.99732941
6800.0 0.96463868
7000.0 0.94527936
7200.0 0.94084349
7400.0 0.96667453
7600.0 1.0076243
7800.0 1.0351452
8000.0 1.0318891
8200.0 1.0209918
8400.0 1.0049431
8600.0 0.98893977
8800.0 0.97642526
9000.0 0.96820052
9200.0 0.97988373
9400.0 1.0038045
9600.0 1.0260151
9800.0 1.0497993
10000.0 1.067548
10200.0 1.0470214
10400.0 1.0058704
10600.0 0.98261621
10800.0 0.97816011
11000.0 0.97800353
11200.0 0.98659933
11400.0 0.99720001
11600.0 1.0096549
11800.0 1.0029353
12000.0 0.99708412
12200.0 0.9942993
12400.0 0.97598976
12600.0 0.95909101
12800.0 0.95078465
13000.0 0.96346739
13200.0 0.9902989
13400.0 1.0164331
13600.0 1.034054
13800.0 1.0391122
14000.0 1.0374877
14200.0 1.0149748
14400.0 0.98809707
14600.0 0.97783722
14800.0 0.99898816
15000.0 0.99458471
15200.0 0.99916201
15400.0 1.0080413
15600.0 1.0123778
15800.0 1.0143255
16000.0 0.99883012
16200.0 0.98792742
16400.0 0.98375863
16600.0 0.97507761
16800.0 0.97254036
17000.0 0.98392694
17200.0 0.99779313
17400.0 1.0097023
17600.0 1.0183692
17800.0 1.0162221
18000.0 1.0032228
18200.0 0.96767639
18400.0 0.94993613
18600.0 0.96926327
18800.0 1.0042061
19000.0 1.0495866
19200.0 1.0829583
19400.0 1.0846924
19600.0 1.0563202
19800.0 1.0304747
20000.0 1.0041822
20200.0 0.98287999
20400.0 0.99942513
20600.0 1.0012887
20800.0 1.0204109
21000.0 1.0031172
21200.0 0.98206013
21400.0 0.96996404
21600.0 0.96552399
21800.0 0.96443621
22000.0 0.97313849
22200.0 0.99186171
22400.0 1.0076297
22600.0 1.0033634
22800.0 0.99764197
23000.0 0.99609118
23200.0 1.0134895
23400.0 1.0298353
23600.0 1.0401167
23800.0 1.0568192
24000.0 1.0546456
24200.0 1.030982
24400.0 1.0098766
24600.0 0.99988181
24800.0 0.99731573
25000.0 0.98601673
25200.0 0.99704216
25400.0 0.99506376
25600.0 0.99044541
25800.0 0.98471236
26000.0 0.992115
26200.0 1.002525
26400.0 1.0162822
26600.0 1.010535
26800.0 0.98478189
27000.0 0.97998818
27200.0 0.99623616
27400.0 1.0030845
27600.0 1.0181123
27800.0 1.0540276
28000.0 1.0855404
28200.0 1.0689085
28400.0 1.0255129
28600.0 0.98524054
28800.0 0.94068346
29000.0 0.91437884
29200.0 0.93033262
29400.0 0.98262149
29600.0 1.0150304
29800.0 1.0337503
30000.0 1.0336359
30200.0 1.0104614
30400.0 1.0092798
30600.0 1.0134734
30800.0 0.98787219
31000.0 0.98178738
31200.0 0.98800088
31400.0 0.99033483
31600.0 1.0147991
31800.0 1.0159913
32000.0 1.0165688
32200.0 1.0064604
32400.0 0.9746699
32600.0 0.95732782
32800.0 0.9427337
33000.0 0.95069186
33200.0 0.98312375
33400.0 1.030169
33600.0 1.0793322
33800.0 1.0941998
34000.0 1.0847946
34200.0 1.0273484
34400.0 0.9904847
34600.0 0.96731729
34800.0 0.9606333
35000.0 0.97321056
35200.0 1.0009531
35400.0 1.0112119
35600.0 1.0136094
35800.0 1.0247382
36000.0 1.02844
36200.0 0.98398841
36400.0 0.95562614
36600.0 0.94566808
36800.0 0.96089775
37000.0 0.99508277
37200.0 1.0365639
37400.0 1.0423006
37600.0 1.0419343
37800.0 1.0363996
38000.0 1.0250741
38200.0 1.0033942
38400.0 0.98446789
38600.0 0.97113591
38800.0 0.97688103
39000.0 1.0032271
39200.0 1.0084762
39400.0 0.994905
39600.0 0.98839247
39800.0 0.97808686
40000.0 0.96603999
40200.0 0.96408574
40400.0 0.98180196
40600.0 0.98993861
40800.0 1.0001919
41000.0 1.0265641
41200.0 1.0265507
41400.0 1.0263636
41600.0 1.0189638
41800.0 1.0149729
42000.0 1.0246993
42200.0 1.0353224
42400.0 1.0338988
42600.0 1.0283416
42800.0 1.0130801
43000.0 1.0099132
43200.0 0.99212748
43400.0 0.98292573
43600.0 0.97191317
43800.0 0.98949791
44000.0 0.98331034
44200.0 0.97753479
44400.0 0.98469475
44600.0 0.99879968
44800.0 1.0026688
45000.0 1.0158437
45200.0 1.0016027
45400.0 0.99043277
45600.0 0.99528486
45800.0 0.99817904
46000.0 0.98815122
46200.0 0.98806261
46400.0 1.0169572
46600.0 1.064318
46800.0 1.0849285
47000.0 1.0939344
47200.0 1.0774433
47400.0 1.0112239
47600.0 0.95790869
47800.0 0.94308748
48000.0 0.95425389
48200.0 0.9698304
48400.0 0.99702064
48600.0 1.0065556
48800.0 0.99989156
49000.0 0.99779349
49200.0 1.0058274
49400.0 1.0004787
49600.0 0.99207193
49800.0 0.99558285
50000.0 1.0062929
50200.0 1.0157909
50400.0 1.0224995
50600.0 1.0346905
50800.0 1.053493
51000.0 1.0525612
51200.0 1.0204568
51400.0 0.98069191
51600.0 0.95000235
51800.0 0.93811768
52000.0 0.95653753
52200.0 0.99935145
52400.0 0.99605338
52600.0 1.0161006
52800.0 1.017112
53000.0 0.99766734
53200.0 0.98189571
53400.0 0.97890515
53600.0 0.99085173
53800.0 1.0003578
54000.0 1.0211594
54200.0 1.0317405
54400.0 1.0298117
54600.0 1.0293465
54800.0 1.0191889
55000.0 0.99200554
55200.0 0.97428621
55400.0 0.96488161
55600.0 0.97668627
55800.0 0.97871284
56000.0 0.968982
56200.0 0.96023256
56400.0 0.96059213
56600.0 0.96349488
56800.0 0.98245407
57000.0 0.99692328
57200.0 0.99597093
57400.0 0.98900531
57600.0 0.98505448
57800.0 0.9946188
58000.0 1.0114861
58200.0 1.0290491
58400.0 1.0349412
58600.0 1.0344279
58800.0 1.0272189
59000.0 1.0244151
59200.0 1.021075
59400.0 1.0236738
59600.0 1.0322896
59800.0 1.0345298
60000.0 1.0197852
60200.0 1.0059377
60400.0 0.99401828
60600.0 0.9659072
60800.0 0.95519033
61000.0 0.96460038
61200.0 0.98977805
61400.0 1.0171713
61600.0 1.0374112
61800.0 1.0529609
62000.0 1.0509686
62200.0 1.0206239
62400.0 0.97811452
62600.0 0.95774398
62800.0 0.94783142
63000.0 0.96059013
63200.0 0.97833159
63400.0 1.000372
63600.0 1.0147847
63800.0 1.0249172
64000.0 1.0262396
64200.0 1.0032318
64400.0 0.98857464
64600.0 0.97306436
64800.0 0.98806644
65000.0 0.99947231
65200.0 1.0056457
65400.0 1.0013939
65600.0 1.0122016
65800.0 1.0177898
66000.0 1.0066198
66200.0 1.0089564
66400.0 1.0008301
66600.0 0.99453561
66800.0 0.98742138
67000.0 0.99688734
67200.0 1.0039376
67400.0 0.98817303
67600.0 0.98010804
67800.0 0.96789264
68000.0 0.95442824
68200.0 0.93412393
68400.0 0.93647514
68600.0 0.95743321
68800.0 0.97887064
69000.0 1.000378
69200.0 1.0093387
69400.0 1.0078596
69600.0 1.0075872
69800.0 1.0102871
70000.0 1.0098793
70200.0 1.0147083
70400.0 1.0055954
70600.0 1.0070796
70800.0 1.0154957
71000.0 1.0311029
71200.0 1.0289914
71400.0 1.0144921
71600.0 1.0027994
71800.0 0.98702226
72000.0 0.95884796
72200.0 0.96244497
72400.0 0.96713923
72600.0 0.98538698
72800.0 0.97480984
73000.0 0.97464552
73200.0 0.98702204
73400.0 1.002241
73600.0 1.0131112
73800.0 1.0115699
74000.0 1.0106697
74200.0 1.0280202
74400.0 1.0245468
74600.0 1.033148
74800.0 1.0382228
75000.0 1.0364091
75200.0 1.0262403
75400.0 0.99678436
75600.0 0.96863334
75800.0 0.97065017
76000.0 0.95968828
76200.0 0.96274679
76400.0 0.96775132
76600.0 0.97568145
76800.0 0.99640389
77000.0 1.0239469
77200.0 1.0317641
77400.0 1.0283166
77600.0 1.0034804
77800.0 0.98745292
78000.0 0.97584206
78200.0 0.98851703
78400.0 0.98647254
78600.0 1.0003616
78800.0 1.0191339
79000.0 1.0317938
79200.0 1.030776
79400.0 1.0203479
79600.0 0.99584116
79800.0 0.98385311
80000.0 0.98841274
80200.0 0.98119739
80400.0 0.96992339
80600.0 0.97087462
80800.0 0.97931275
81000.0 0.98821633
81200.0 1.0036218
81400.0 1.0181405
81600.0 1.0282906
81800.0 1.0249586
82000.0 1.0051385
82200.0 0.98747406
82400.0 0.98260343
82600.0 0.99798451
82800.0 1.0320035
83000.0 1.0369917
83200.0 1.0634717
83400.0 1.0268171
83600.0 1.0064124
83800.0 0.97879704
84000.0 0.95746285
84200.0 0.96161976
84400.0 1.0012785
84600.0 1.013417
84800.0 0.99624163
85000.0 0.97652781
85200.0 0.96698913
85400.0 0.9766086
85600.0 0.97731395
85800.0 0.97151257
86000.0 0.997548
86200.0 1.0237396
86400.0 1.0414909
86600.0 1.0369995
86800.0 1.0251222
87000.0 1.0196184
87200.0 1.005783
87400.0 1.0050318
87600.0 1.0122364
87800.0 1.014234
88000.0 1.012721
88200.0 1.0107987
88400.0 1.0168512
88600.0 1.0026306
88800.0 0.99745146
89000.0 0.99157051
89200.0 0.98756332
89400.0 0.98998636
89600.0 0.99814067
89800.0 1.0035
90000.0 0.99512506
90200.0 0.98147283
90400.0 0.95481598
90600.0 0.94727718
90800.0 0.96725105
91000.0 0.99455227
91200.0 1.031306
91400.0 1.0630852
91600.0 1.0523169
91800.0 1.0276905
92000.0 1.0044466
92200.0 0.99104128
92400.0 0.99152318
92600.0 1.0049122
92800.0 1.0134706
93000.0 1.0126523
93200.0 1.0062633
93400.0 1.0000558
93600.0 0.99988935
93800.0 0.99046518
94000.0 0.98662387
94200.0 0.99333594
94400.0 0.98571781
94600.0 0.98910669
94800.0 0.99226111
95000.0 0.97752271
95200.0 0.95382019
95400.0 0.9357957
95600.0 0.93174715
95800.0 0.93745332
96000.0 0.94597196
96200.0 0.976906
96400.0 0.99903274
96600.0 1.0058091
96800.0 1.0079755
97000.0 1.0045409
97200.0 1.0085646
97400.0 1.0100342
97600.0 1.0230717
97800.0 1.0172767
98000.0 1.0308278
98200.0 1.0373399
98400.0 1.0276573
98600.0 1.0229804
98800.0 1.0012578
99000.0 0.97650735
99200.0 0.96413898
99400.0 0.9447002
99600.0 0.94469053
99800.0 0.94815349
100000.0 0.96302723
