0.0 -4597.9948
200.0 -4594.8787
400.0 -4584.7032
600.0 -4579.8571
800.0 -4586.8915
1000.0 -4597.5463
1200.0 -4595.0244
1400.0 -4578.9811
1600.0 -4581.7762
1800.0 -4579.9721
2000.0 -4599.8407
2200.0 -4592.6516
2400.0 -4573.2428
2600.0 -4597.1973
2800.0 -4588.995
3000.0 -4588.7082
3200.0 -4601.224
3400.0 -4593.0613
3600.0 -4586.1955
3800.0 -4586.9889
4000.0 -4599.5487
4200.0 -4605.7385
4400.0 -4597.2956
4600.0 -4588.4779
4800.0 -4591.8397
5000.0 -4600.1668
5200.0 -4629.9355
5400.0 -4614.8251
5600.0 -4615.5427
5800.0 -4617.7658
6000.0 -4593.0074
6200.0 -4602.6473
6400.0 -4615.4756
6600.0 -4603.0599
6800.0 -4582.9744
7000.0 -4574.6601
7200.0 -4585.0814
7400.0 -4586.0799
7600.0 -4574.8278
7800.0 -4588.2999
8000.0 -4565.0015
8200.0 -4570.7192
8400.0 -4578.4697
8600.0 -4581.6458
8800.0 -4581.1436
9000.0 -4581.0377
9200.0 -4581.9022
9400.0 -4587.7389
9600.0 -4596.3262
9800.0 -4590.3927
10000.0 -4607.9603
10200.0 -4614.3793
10400.0 -4600.5943
10600.0 -4609.0313
10800.0 -4622.1719
11000.0 -4603.6352
11200.0 -4598.6824
11400.0 -4604.0218
11600.0 -4584.9315
11800.0 -4568.1208
12000.0 -4572.564
12200.0 -4565.7694
12400.0 -4555.4353
12600.0 -4583.6049
12800.0 -4555.599
13000.0 -4578.2534
13200.0 -4582.5867
13400.0 -4585.9046
13600.0 -4615.7025
13800.0 -4603.7802
14000.0 -4609.1615
14200.0 -4607.5761
14400.0 -4611.7731
14600.0 -4625.8074
14800.0 -4603.4169
15000.0 -4604.3529
15200.0 -4578.3272
15400.0 -4593.9432
15600.0 -4593.713
15800.0 -4577.9427
16000.0 -4578.6389
16200.0 -4590.0146
16400.0 -4589.3955
16600.0 -4579.3552
16800.0 -4595.0659
17000.0 -4598.0901
17200.0 -4604.0308
17400.0 -4606.3462
17600.0 -4608.3763
17800.0 -4605.4252
18000.0 -4606.3971
18200.0 -4603.2383
18400.0 -4593.9364
18600.0 -4567.2754
18800.0 -4557.9934
19000.0 -4564.3486
19200.0 -4561.8161
19400.0 -4563.3053
19600.0 -4552.9183
19800.0 -4568.373
20000.0 -4587.9287
20200.0 -4574.5592
20400.0 -4604.2419
20600.0 -4596.1343
20800.0 -4599.6429
21000.0 -4605.0407
21200.0 -4585.3402
21400.0 -4614.3873
21600.0 -4606.8188
21800.0 -4583.8444
22000.0 -4596.0937
22200.0 -4598.2237
22400.0 -4584.1712
22600.0 -4581.3007
22800.0 -4565.8011
23000.0 -4570.2812
23200.0 -4564.032
23400.0 -4566.3283
23600.0 -4559.1627
23800.0 -4554.3494
24000.0 -4570.2184
24200.0 -4592.2453
24400.0 -4605.2888
24600.0 -4600.4585
24800.0 -4624.8339
25000.0 -4595.8594
25200.0 -4613.2814
25400.0 -4631.8112
25600.0 -4615.6403
25800.0 -4608.267
26000.0 -4604.5492
26200.0 -4610.5764
26400.0 -4578.5419
26600.0 -4580.9423
26800.0 -4578.5057
27000.0 -4572.7043
27200.0 -4572.7535
27400.0 -4602.9245
27600.0 -4586.481
27800.0 -4585.3998
28000.0 -4597.743
28200.0 -4567.113
28400.0 -4594.3023
28600.0 -4603.2876
28800.0 -4587.5605
29000.0 -4595.4973
29200.0 -4595.0713
29400.0 -4574.2075
29600.0 -4589.3165
29800.0 -4598.9473
30000.0 -4600.0976
30200.0 -4612.6901
30400.0 -4595.743
30600.0 -4584.7898
30800.0 -4606.537
31000.0 -4595.0173
31200.0 -4606.977
31400.0 -4600.5184
31600.0 -4582.7857
31800.0 -4586.7216
32000.0 -4575.7736
32200.0 -4576.5969
32400.0 -4567.0894
32600.0 -4569.3892
32800.0 -4556.4372
33000.0 -4558.2694
33200.0 -4582.2798
33400.0 -4592.0322
33600.0 -4574.5712
33800.0 -4580.8995
34000.0 -4596.5593
34200.0 -4600.497
34400.0 -4611.2186
34600.0 -4611.946
34800.0 -4603.2125
35000.0 -4611.756
35200.0 -4612.106
35400.0 -4608.796
35600.0 -4619.8466
35800.0 -4605.3623
36000.0 -4591.4174
36200.0 -4582.5644
36400.0 -4585.4037
36600.0 -4570.9718
36800.0 -4572.1029
37000.0 -4590.2169
37200.0 -4571.6167
37400.0 -4567.8991
37600.0 -4586.3443
37800.0 -4583.0952
38000.0 -4608.7341
38200.0 -4613.8429
38400.0 -4611.7946
38600.0 -4643.2783
38800.0 -4617.5229
39000.0 -4638.8782
39200.0 -4615.8656
39400.0 -4597.185
39600.0 -4616.9634
39800.0 -4602.5379
40000.0 -4586.1443
40200.0 -4586.1821
40400.0 -4623.2278
40600.0 -4579.8474
40800.0 -4587.413
41000.0 -4598.1968
41200.0 -4581.5534
41400.0 -4613.178
41600.0 -4604.6716
41800.0 -4592.089
42000.0 -4625.7095
42200.0 -4623.6405
42400.0 -4608.6844
42600.0 -4621.306
42800.0 -4629.9405
43000.0 -4617.0659
43200.0 -4596.6565
43400.0 -4586.2099
43600.0 -4590.8541
43800.0 -4573.2871
44000.0 -4568.034
44200.0 -4589.2261
44400.0 -4583.6672
44600.0 -4580.6746
44800.0 -4574.9081
45000.0 -4598.7753
45200.0 -4585.4722
45400.0 -4591.5941
45600.0 -4635.3103
45800.0 -4607.0376
46000.0 -4613.8117
46200.0 -4637.3704
46400.0 -4625.0849
46600.0 -4625.7125
46800.0 -4609.8832
47000.0 -4622.6491
47200.0 -4619.3972
47400.0 -4606.3936
47600.0 -4600.7135
47800.0 -4608.8498
48000.0 -4600.8378
48200.0 -4586.5028
48400.0 -4606.7875
48600.0 -4589.4207
48800.0 -4580.7927
49000.0 -4583.4675
49200.0 -4572.6073
49400.0 -4585.6833
49600.0 -4582.0778
49800.0 -4572.2211
50000.0 -4564.4427
50200.0 -4563.9152
50400.0 -4575.3989
50600.0 -4572.7986
50800.0 -4579.1657
51000.0 -4584.6146
51200.0 -4602.9951
51400.0 -4610.0859
51600.0 -4588.7285
51800.0 -4605.1681
52000.0 -4612.0842
52200.0 -4593.9713
52400.0 -4601.326
52600.0 -4608.4121
52800.0 -4582.9541
53000.0 -4580.2532
53200.0 -4572.4042
53400.0 -4553.2047
53600.0 -4559.2934
53800.0 -4560.7659
54000.0 -4569.1812
54200.0 -4572.7172
54400.0 -4560.3876
54600.0 -4588.4221
54800.0 -4583.5526
55000.0 -4583.4042
55200.0 -4587.2316
55400.0 -4588.529
55600.0 -4588.4059
55800.0 -4597.3744
56000.0 -4608.8538
56200.0 -4595.2326
56400.0 -4610.0916
56600.0 -4607.4137
56800.0 -4611.0352
57000.0 -4642.0758
57200.0 -4627.6615
57400.0 -4616.56
57600.0 -4614.8527
57800.0 -4606.1581
58000.0 -4596.9828
58200.0 -4603.0784
58400.0 -4582.524
58600.0 -4596.1766
58800.0 -4589.0689
59000.0 -4573.4001
59200.0 -4584.2227
59400.0 -4587.1097
59600.0 -4571.3465
59800.0 -4564.2752
60000.0 -4585.5255
60200.0 -4578.0477
60400.0 -4575.4284
60600.0 -4570.5368
60800.0 -4576.334
61000.0 -4586.7423
61200.0 -4597.6823
61400.0 -4615.7695
61600.0 -4622.6223
61800.0 -4627.8448
62000.0 -4615.7275
62200.0 -4623.3357
62400.0 -4632.9099
62600.0 -4605.3303
62800.0 -4608.4037
63000.0 -4623.7293
63200.0 -4596.9869
63400.0 -4592.832
63600.0 -4599.9459
63800.0 -4578.7063
64000.0 -4591.4999
64200.0 -4592.9023
64400.0 -4577.3434
64600.0 -4577.6677
64800.0 -4574.8495
65000.0 -4596.823
65200.0 -4598.0201
65400.0 -4597.5678
65600.0 -4593.9246
65800.0 -4594.2154
66000.0 -4611.3607
66200.0 -4602.4788
66400.0 -4609.7544
66600.0 -4614.5047
66800.0 -4591.6814
67000.0 -4583.111
67200.0 -4598.25
67400.0 -4576.2713
67600.0 -4587.0428
67800.0 -4568.5065
68000.0 -4555.822
68200.0 -4585.4387
68400.0 -4555.1462
68600.0 -4584.2292
68800.0 -4592.2093
69000.0 -4580.9401
69200.0 -4619.2549
69400.0 -4614.4371
69600.0 -4604.8476
69800.0 -4615.1178
70000.0 -4600.1753
70200.0 -4608.7689
70400.0 -4604.9336
70600.0 -4605.7511
70800.0 -4596.9487
71000.0 -4576.8931
71200.0 -4583.7076
71400.0 -4570.8254
71600.0 -4565.5534
71800.0 -4566.0719
72000.0 -4575.1364
72200.0 -4566.1146
72400.0 -4560.2638
72600.0 -4549.8592
72800.0 -4580.643
73000.0 -4582.8098
73200.0 -4582.1685
73400.0 -4580.5106
73600.0 -4597.017
73800.0 -4571.8977
74000.0 -4580.3522
74200.0 -4601.2419
74400.0 -4590.8327
74600.0 -4575.0731
74800.0 -4575.956
75000.0 -4576.9099
75200.0 -4574.0614
75400.0 -4557.414
75600.0 -4553.1298
75800.0 -4565.8054
76000.0 -4549.5684
76200.0 -4562.9656
76400.0 -4578.875
76600.0 -4587.9218
76800.0 -4584.6599
77000.0 -4598.4452
77200.0 -4607.8678
77400.0 -4604.0609
77600.0 -4593.704
77800.0 -4596.2382
78000.0 -4602.8243
78200.0 -4603.8999
78400.0 -4581.7736
78600.0 -4602.9857
78800.0 -4596.2055
79000.0 -4552.3616
79200.0 -4573.1473
79400.0 -4573.9103
79600.0 -4573.7413
79800.0 -4570.5218
80000.0 -4557.3543
80200.0 -4577.5427
80400.0 -4600.3423
80600.0 -4587.0554
80800.0 -4578.4234
81000.0 -4588.1034
81200.0 -4585.1529
81400.0 -4593.7931
81600.0 -4576.1781
81800.0 -4585.0233
82000.0 -4602.2383
82200.0 -4597.2191
82400.0 -4581.9027
82600.0 -4588.7682
82800.0 -4613.1037
83000.0 -4597.6287
83200.0 -4612.9471
83400.0 -4614.2377
83600.0 -4618.0037
83800.0 -4619.3335
84000.0 -4599.5013
84200.0 -4613.9435
84400.0 -4593.6168
84600.0 -4567.5875
84800.0 -4579.4445
85000.0 -4580.3071
85200.0 -4592.7889
85400.0 -4582.5922
85600.0 -4575.3222
85800.0 -4575.2191
86000.0 -4582.0094
86200.0 -4589.9953
86400.0 -4585.3312
86600.0 -4572.9842
86800.0 -4589.792
87000.0 -4590.6895
87200.0 -4581.1868
87400.0 -4576.8057
87600.0 -4592.0663
87800.0 -4604.9177
88000.0 -4593.1379
88200.0 -4620.4804
88400.0 -4617.766
88600.0 -4602.2093
88800.0 -4615.7973
89000.0 -4615.8343
89200.0 -4612.1675
89400.0 -4623.077
89600.0 -4596.453
89800.0 -4593.5262
90000.0 -4585.0563
90200.0 -4559.7945
90400.0 -4554.561
90600.0 -4564.0305
90800.0 -4554.7906
91000.0 -4570.2655
91200.0 -4583.7629
91400.0 -4583.7045
91600.0 -4594.0974
91800.0 -4588.2964
92000.0 -4595.604
92200.0 -4581.9061
92400.0 -4600.7281
92600.0 -4596.2953
92800.0 -4578.1671
93000.0 -4588.4621
93200.0 -4592.0715
93400.0 -4597.1243
93600.0 -4549.1063
93800.0 -4571.2675
94000.0 -4583.9915
94200.0 -4577.5059
94400.0 -4598.2965
94600.0 -4595.4121
94800.0 -4593.7086
95000.0 -4609.389
95200.0 -4607.0425
95400.0 -4621.4914
95600.0 -4594.8231
95800.0 -4593.802
96000.0 -4605.073
96200.0 -4582.704
96400.0 -4576.6283
96600.0 -4584.909
96800.0 -4576.7756
97000.0 -4563.1382
97200.0 -4573.5925
97400.0 -4567.0209
97600.0 -4590.702
97800.0 -4574.7936
98000.0 -4574.0714
98200.0 -4590.2514
98400.0 -4583.0508
98600.0 -4600.5533
98800.0 -4603.5734
99000.0 -4580.4019
99200.0 -4599.5689
99400.0 -4597.3884
99600.0 -4604.1069
99800.0 -4598.8071
100000.0 -4603.6702
