0.0 -4790.3729
200.0 -4796.8514
400.0 -4801.4605
600.0 -4818.3051
800.0 -4797.5192
1000.0 -4796.7288
1200.0 -4798.5022
1400.0 -4795.4567
1600.0 -4788.3706
1800.0 -4783.0263
2000.0 -4776.216
2200.0 -4774.483
2400.0 -4784.4845
2600.0 -4771.16
2800.0 -4788.2493
3000.0 -4779.1961
3200.0 -4772.2682
3400.0 -4800.6369
3600.0 -4796.786
3800.0 -4773.7277
4000.0 -4798.4966
4200.0 -4808.4387
4400.0 -4800.3527
4600.0 -4788.7123
4800.0 -4794.7644
5000.0 -4781.112
5200.0 -4773.7726
5400.0 -4777.1042
5600.0 -4765.747
5800.0 -4752.5334
6000.0 -4782.2467
6200.0 -4774.9614
6400.0 -4776.1844
6600.0 -4788.3357
6800.0 -4778.4625
7000.0 -4792.9874
7200.0 -4804.1902
7400.0 -4796.8442
7600.0 -4803.1363
7800.0 -4790.2308
8000.0 -4784.4304
8200.0 -4793.9305
8400.0 -4785.5614
8600.0 -4787.9863
8800.0 -4780.2498
9000.0 -4774.3179
9200.0 -4771.9887
9400.0 -4782.7422
9600.0 -4769.5817
9800.0 -4779.1388
10000.0 -4762.897
10200.0 -4771.0903
10400.0 -4777.2195
10600.0 -4779.7038
10800.0 -4775.2323
11000.0 -4761.8003
11200.0 -4788.5315
11400.0 -4794.9402
11600.0 -4793.0411
11800.0 -4794.0642
12000.0 -4798.7685
12200.0 -4808.885
12400.0 -4802.9239
12600.0 -4784.2488
12800.0 -4797.3698
13000.0 -4795.925
13200.0 -4791.4818
13400.0 -4760.0129
13600.0 -4753.0575
13800.0 -4758.2255
14000.0 -4760.9102
14200.0 -4757.8422
14400.0 -4768.5543
14600.0 -4768.1766
14800.0 -4781.3685
15000.0 -4788.5802
15200.0 -4781.9026
15400.0 -4777.9779
15600.0 -4793.7504
15800.0 -4775.2163
16000.0 -4794.5412
16200.0 -4800.5351
16400.0 -4783.9223
16600.0 -4793.2882
16800.0 -4782.3393
17000.0 -4784.657
17200.0 -4800.6968
17400.0 -4787.7187
17600.0 -4807.4576
17800.0 -4772.8718
18000.0 -4784.1434
18200.0 -4789.3395
18400.0 -4790.5328
18600.0 -4772.1457
18800.0 -4757.4337
19000.0 -4785.017
19200.0 -4791.0973
19400.0 -4766.7682
19600.0 -4787.6498
19800.0 -4786.0071
20000.0 -4805.857
20200.0 -4816.1022
20400.0 -4809.3299
20600.0 -4806.1433
20800.0 -4793.803
21000.0 -4789.0832
21200.0 -4802.3829
21400.0 -4774.8977
21600.0 -4794.7338
21800.0 -4798.8268
22000.0 -4777.8303
22200.0 -4784.6781
22400.0 -4793.8144
22600.0 -4791.7424
22800.0 -4781.0053
23000.0 -4778.1712
23200.0 -4780.6672
23400.0 -4791.7929
23600.0 -4794.7851
23800.0 -4775.2617
24000.0 -4760.7747
24200.0 -4780.5344
24400.0 -4773.7269
24600.0 -4776.9649
24800.0 -4771.8722
25000.0 -4768.739
25200.0 -4772.3029
25400.0 -4776.8101
25600.0 -4781.5588
25800.0 -4805.7946
26000.0 -4798.4251
26200.0 -4786.9639
26400.0 -4792.0125
26600.0 -4798.0955
26800.0 -4788.8099
27000.0 -4790.246
27200.0 -4782.8702
27400.0 -4795.1683
27600.0 -4785.4853
27800.0 -4793.0756
28000.0 -4760.5123
28200.0 -4766.533
28400.0 -4766.9864
28600.0 -4759.4523
28800.0 -4762.0868
29000.0 -4747.4715
29200.0 -4766.4702
29400.0 -4789.1968
29600.0 -4782.5667
29800.0 -4784.3764
30000.0 -4783.3527
30200.0 -4794.5665
30400.0 -4798.7386
30600.0 -4791.8913
30800.0 -4769.4214
31000.0 -4782.5605
31200.0 -4790.4202
31400.0 -4780.3808
31600.0 -4769.8512
31800.0 -4765.6718
32000.0 -4781.7471
32200.0 -4784.964
32400.0 -4773.3676
32600.0 -4772.3176
32800.0 -4785.4789
33000.0 -4783.6885
33200.0 -4788.2657
33400.0 -4782.2545
33600.0 -4786.8887
33800.0 -4783.9771
34000.0 -4783.632
34200.0 -4781.5989
34400.0 -4783.3473
34600.0 -4775.347
34800.0 -4782.6172
35000.0 -4769.3899
35200.0 -4769.4168
35400.0 -4776.3474
35600.0 -4774.9562
35800.0 -4784.2461
36000.0 -4768.7049
36200.0 -4775.179
36400.0 -4770.0301
36600.0 -4792.3213
36800.0 -4779.9436
37000.0 -4790.574
37200.0 -4792.4014
37400.0 -4778.2294
37600.0 -4788.0833
37800.0 -4779.68
38000.0 -4762.594
38200.0 -4756.49
38400.0 -4766.2641
38600.0 -4755.1666
38800.0 -4750.9182
39000.0 -4784.2296
39200.0 -4783.0506
39400.0 -4786.5153
39600.0 -4788.7455
39800.0 -4780.0845
40000.0 -4794.8811
40200.0 -4796.6749
40400.0 -4787.7259
40600.0 -4801.3823
40800.0 -4779.4684
41000.0 -4781.8847
41200.0 -4794.9146
41400.0 -4781.6015
41600.0 -4785.4781
41800.0 -4781.8983
42000.0 -4762.1167
42200.0 -4773.3268
42400.0 -4777.099
42600.0 -4760.0457
42800.0 -4758.2472
43000.0 -4760.1173
43200.0 -4769.0706
43400.0 -4783.3514
43600.0 -4787.906
43800.0 -4800.1788
44000.0 -4790.4556
44200.0 -4808.164
44400.0 -4799.4452
44600.0 -4798.1981
44800.0 -4796.9951
45000.0 -4788.0833
45200.0 -4774.4221
45400.0 -4777.2725
45600.0 -4772.9821
45800.0 -4769.7465
46000.0 -4767.1591
46200.0 -4766.4071
46400.0 -4788.9513
46600.0 -4771.2606
46800.0 -4783.9682
47000.0 -4794.019
47200.0 -4801.2396
47400.0 -4794.4011
47600.0 -4793.4813
47800.0 -4815.5676
48000.0 -4812.5048
48200.0 -4805.8305
48400.0 -4826.2924
48600.0 -4809.0131
48800.0 -4806.6767
49000.0 -4812.9838
49200.0 -4795.1952
49400.0 -4805.0727
49600.0 -4796.3251
49800.0 -4776.5336
50000.0 -4774.081
50200.0 -4784.2242
50400.0 -4791.3955
50600.0 -4781.1935
50800.0 -4768.0883
51000.0 -4773.1809
51200.0 -4786.9088
51400.0 -4773.8241
51600.0 -4775.5611
51800.0 -4791.7939
52000.0 -4801.4498
52200.0 -4797.664
52400.0 -4803.2452
52600.0 -4800.545
52800.0 -4807.6136
53000.0 -4793.5505
53200.0 -4793.6753
53400.0 -4797.5996
53600.0 -4786.1945
53800.0 -4774.3786
54000.0 -4787.3872
54200.0 -4788.2794
54400.0 -4777.5207
54600.0 -4765.0173
54800.0 -4787.0249
55000.0 -4777.7892
55200.0 -4776.9226
55400.0 -4790.0416
55600.0 -4746.5498
55800.0 -4756.722
56000.0 -4768.9965
56200.0 -4741.9532
56400.0 -4765.2392
56600.0 -4775.3089
56800.0 -4761.6102
57000.0 -4784.7545
57200.0 -4800.2512
57400.0 -4796.083
57600.0 -4789.0951
57800.0 -4784.8094
58000.0 -4791.1583
58200.0 -4789.4486
58400.0 -4784.2668
58600.0 -4776.9438
58800.0 -4777.2339
59000.0 -4793.574
59200.0 -4764.4117
59400.0 -4765.4136
59600.0 -4788.6656
59800.0 -4768.1155
60000.0 -4786.3257
60200.0 -4778.6421
60400.0 -4784.3068
60600.0 -4786.1879
60800.0 -4786.8633
61000.0 -4804.8701
61200.0 -4797.8148
61400.0 -4799.7857
61600.0 -4787.7492
61800.0 -4817.013
62000.0 -4800.0293
62200.0 -4793.7461
62400.0 -4788.0704
62600.0 -4779.0607
62800.0 -4766.2845
63000.0 -4762.3069
63200.0 -4769.4169
63400.0 -4779.2442
63600.0 -4763.0974
63800.0 -4770.8078
64000.0 -4786.8176
64200.0 -4788.1177
64400.0 -4776.4475
64600.0 -4768.853
64800.0 -4799.9823
65000.0 -4796.2721
65200.0 -4777.5902
65400.0 -4772.9418
65600.0 -4781.2082
65800.0 -4785.0396
66000.0 -4781.4374
66200.0 -4789.0925
66400.0 -4775.091
66600.0 -4777.9205
66800.0 -4785.4811
67000.0 -4771.0856
67200.0 -4789.9952
67400.0 -4785.7498
67600.0 -4783.4037
67800.0 -4781.4922
68000.0 -4791.6808
68200.0 -4799.1201
68400.0 -4789.5426
68600.0 -4781.4752
68800.0 -4815.4331
69000.0 -4807.2314
69200.0 -4810.1415
69400.0 -4803.6342
69600.0 -4790.8202
69800.0 -4784.1602
70000.0 -4773.8902
70200.0 -4774.2977
70400.0 -4759.5144
70600.0 -4774.8594
70800.0 -4794.404
71000.0 -4769.3624
71200.0 -4763.0501
71400.0 -4783.2804
71600.0 -4796.3171
71800.0 -4784.9566
72000.0 -4786.8416
72200.0 -4774.5593
72400.0 -4788.6418
72600.0 -4808.0095
72800.0 -4778.0485
73000.0 -4791.3402
73200.0 -4794.4835
73400.0 -4785.9825
73600.0 -4784.2643
73800.0 -4787.4142
74000.0 -4779.3765
74200.0 -4765.6383
74400.0 -4766.5602
74600.0 -4777.6923
74800.0 -4775.8919
75000.0 -4769.2251
75200.0 -4777.4184
75400.0 -4784.0186
75600.0 -4767.6474
75800.0 -4778.5445
76000.0 -4779.3341
76200.0 -4785.665
76400.0 -4788.9679
76600.0 -4780.2543
76800.0 -4772.0637
77000.0 -4793.134
77200.0 -4782.9941
77400.0 -4789.5341
77600.0 -4783.753
77800.0 -4768.971
78000.0 -4784.1023
78200.0 -4770.5743
78400.0 -4774.0049
78600.0 -4766.8968
78800.0 -4769.9426
79000.0 -4775.9045
79200.0 -4775.7923
79400.0 -4793.6051
79600.0 -4796.6032
79800.0 -4803.8194
80000.0 -4800.7323
80200.0 -4789.0013
80400.0 -4798.5006
80600.0 -4798.6323
80800.0 -4799.6856
81000.0 -4786.4637
81200.0 -4786.3586
81400.0 -4786.5826
81600.0 -4788.4129
81800.0 -4785.7027
82000.0 -4780.0867
82200.0 -4760.5742
82400.0 -4787.2688
82600.0 -4778.2003
82800.0 -4789.0887
83000.0 -4788.2306
83200.0 -4769.7943
83400.0 -4785.3992
83600.0 -4783.2594
83800.0 -4786.615
84000.0 -4787.2226
84200.0 -4781.6604
84400.0 -4789.9605
84600.0 -4784.2194
84800.0 -4791.0518
85000.0 -4774.4667
85200.0 -4776.3211
85400.0 -4770.6764
85600.0 -4754.7012
85800.0 -4769.7314
86000.0 -4768.7025
86200.0 -4763.7965
86400.0 -4780.5346
86600.0 -4787.1745
86800.0 -4792.4724
87000.0 -4785.3242
87200.0 -4780.5193
87400.0 -4799.5464
87600.0 -4784.3884
87800.0 -4807.0609
88000.0 -4777.6541
88200.0 -4785.2387
88400.0 -4781.2613
88600.0 -4779.5332
88800.0 -4782.3748
89000.0 -4774.426
89200.0 -4769.4391
89400.0 -4767.5087
89600.0 -4775.2418
89800.0 -4771.5669
90000.0 -4779.0703
90200.0 -4781.1224
90400.0 -4778.738
90600.0 -4799.7878
90800.0 -4796.6484
91000.0 -4792.5215
91200.0 -4769.3881
91400.0 -4786.2802
91600.0 -4799.8427
91800.0 -4803.3029
92000.0 -4771.0671
92200.0 -4788.899
92400.0 -4794.7947
92600.0 -4771.2243
92800.0 -4782.8166
93000.0 -4775.6117
93200.0 -4762.9739
93400.0 -4776.8745
93600.0 -4778.2036
93800.0 -4771.2939
94000.0 -4753.8348
94200.0 -4781.7761
94400.0 -4772.9783
94600.0 -4771.1204
94800.0 -4799.8606
95000.0 -4771.7346
95200.0 -4790.6859
95400.0 -4782.1092
95600.0 -4790.4267
95800.0 -4799.3136
96000.0 -4782.3043
96200.0 -4799.5798
96400.0 -4789.8088
96600.0 -4766.3914
96800.0 -4798.9735
97000.0 -4782.0933
97200.0 -4765.0478
97400.0 -4766.4399
97600.0 -4773.2355
97800.0 -4767.0744
98000.0 -4780.6807
98200.0 -4787.523
98400.0 -4782.7291
98600.0 -4783.9562
98800.0 -4799.78
99000.0 -4798.7707
99200.0 -4805.9912
99400.0 -4807.4407
99600.0 -4796.0385
99800.0 -4802.9009
100000.0 -4791.3468
