0.0 3.1295765
200.0 3.1306537
400.0 3.1335265
600.0 3.1370404
800.0 3.1463826
1000.0 3.1457748
1200.0 3.1444994
1400.0 3.1398268
1600.0 3.1384185
1800.0 3.1330707
2000.0 3.1336799
2200.0 3.1325348
2400.0 3.135654
2600.0 3.1377734
2800.0 3.1411625
3000.0 3.141961
3200.0 3.1429014
3400.0 3.1413121
3600.0 3.1384286
3800.0 3.1373111
4000.0 3.1348772
4200.0 3.1328512
4400.0 3.1363853
4600.0 3.1370017
4800.0 3.1419054
5000.0 3.1437746
5200.0 3.1429241
5400.0 3.1409783
5600.0 3.1337628
5800.0 3.1294384
6000.0 3.1273698
6200.0 3.1306824
6400.0 3.1354661
6600.0 3.1404018
6800.0 3.1423143
7000.0 3.1422734
7200.0 3.1415298
7400.0 3.136826
7600.0 3.1371907
7800.0 3.1347171
8000.0 3.1333174
8200.0 3.1344439
8400.0 3.1359664
8600.0 3.1371542
8800.0 3.1409387
9000.0 3.1403885
9200.0 3.1404849
9400.0 3.1395928
9600.0 3.1360651
9800.0 3.1352737
10000.0 3.1328851
10200.0 3.1337986
10400.0 3.1378132
10600.0 3.1418263
10800.0 3.1453157
11000.0 3.1448507
11200.0 3.1447206
11400.0 3.1361654
11600.0 3.133507
11800.0 3.1318077
12000.0 3.1323066
12200.0 3.1345522
12400.0 3.137119
12600.0 3.1392802
12800.0 3.1399814
13000.0 3.1406734
13200.0 3.1399408
13400.0 3.1387291
13600.0 3.134983
13800.0 3.1345766
14000.0 3.1336095
14200.0 3.1338258
14400.0 3.1352106
14600.0 3.1383225
14800.0 3.1407428
15000.0 3.1396988
15200.0 3.1423378
15400.0 3.1382746
15600.0 3.1361782
15800.0 3.1303547
16000.0 3.1324231
16200.0 3.1334243
16400.0 3.137292
16600.0 3.1416687
16800.0 3.1453683
17000.0 3.1427733
17200.0 3.1417719
17400.0 3.1356154
17600.0 3.1338982
17800.0 3.133132
18000.0 3.1330284
18200.0 3.1328017
18400.0 3.136083
18600.0 3.1380086
18800.0 3.137634
19000.0 3.1372322
19200.0 3.1378585
19400.0 3.1367998
19600.0 3.1371429
19800.0 3.1370172
20000.0 3.1376728
20200.0 3.1372918
20400.0 3.1386014
20600.0 3.1394107
20800.0 3.1387699
21000.0 3.1371402
21200.0 3.1349337
21400.0 3.1352369
21600.0 3.1321652
21800.0 3.1334392
22000.0 3.1342832
22200.0 3.1364217
22400.0 3.1389773
22600.0 3.1416476
22800.0 3.1437259
23000.0 3.1417521
23200.0 3.1373859
23400.0 3.1337042
23600.0 3.1328135
23800.0 3.1293632
24000.0 3.133045
24200.0 3.1345527
24400.0 3.1390653
24600.0 3.1406283
24800.0 3.1395465
25000.0 3.1399951
25200.0 3.1367167
25400.0 3.1346703
25600.0 3.1337799
25800.0 3.1356514
26000.0 3.1353342
26200.0 3.1380362
26400.0 3.1383248
26600.0 3.1380563
26800.0 3.1390226
27000.0 3.1379319
27200.0 3.1381008
27400.0 3.136602
27600.0 3.1368479
27800.0 3.1353805
28000.0 3.1348404
28200.0 3.1385371
28400.0 3.1350002
28600.0 3.138679
28800.0 3.137842
29000.0 3.1382679
29200.0 3.1370885
29400.0 3.135816
29600.0 3.1343958
29800.0 3.1346453
30000.0 3.1361412
30200.0 3.1383338
30400.0 3.1406804
30600.0 3.1427867
30800.0 3.1424022
31000.0 3.1389471
31200.0 3.1354654
31400.0 3.1331798
31600.0 3.1294175
31800.0 3.1295381
32000.0 3.1314993
32200.0 3.1355162
32400.0 3.1381345
32600.0 3.144192
32800.0 3.1415004
33000.0 3.1405126
33200.0 3.1383892
33400.0 3.1347023
33600.0 3.1324561
33800.0 3.1336478
34000.0 3.1359579
34200.0 3.1370089
34400.0 3.139827
34600.0 3.141444
34800.0 3.1387646
35000.0 3.1374204
35200.0 3.1361511
35400.0 3.1350941
35600.0 3.1336752
35800.0 3.1359549
36000.0 3.1374939
36200.0 3.1380828
36400.0 3.140835
36600.0 3.1408924
36800.0 3.140648
37000.0 3.1393959
37200.0 3.1379642
37400.0 3.1351135
37600.0 3.1346725
37800.0 3.1336654
38000.0 3.1346052
38200.0 3.1373826
38400.0 3.1405883
38600.0 3.1432579
38800.0 3.1446281
39000.0 3.1412287
39200.0 3.1357751
39400.0 3.1343008
39600.0 3.1316382
39800.0 3.133684
40000.0 3.1364315
40200.0 3.1390801
40400.0 3.1421139
40600.0 3.1428345
40800.0 3.1402355
41000.0 3.1375523
41200.0 3.1371257
41400.0 3.13407
41600.0 3.1343805
41800.0 3.1335815
42000.0 3.1372487
42200.0 3.1365079
42400.0 3.1402121
42600.0 3.13934
42800.0 3.1415001
43000.0 3.1386503
43200.0 3.1393377
43400.0 3.1384636
43600.0 3.1389612
43800.0 3.1365408
44000.0 3.1371086
44200.0 3.1357777
44400.0 3.1382415
44600.0 3.1360222
44800.0 3.1377265
45000.0 3.1372248
45200.0 3.1377002
45400.0 3.1364864
45600.0 3.1371354
45800.0 3.1369037
46000.0 3.1393724
46200.0 3.1370292
46400.0 3.139271
46600.0 3.1380156
46800.0 3.1381113
47000.0 3.1357047
47200.0 3.1349554
47400.0 3.1344688
47600.0 3.1333927
47800.0 3.1331894
48000.0 3.1359522
48200.0 3.1389472
48400.0 3.1390801
48600.0 3.1419431
48800.0 3.1424998
49000.0 3.1400356
49200.0 3.1356721
49400.0 3.1341991
49600.0 3.1300217
49800.0 3.1298142
50000.0 3.1327424
50200.0 3.1370714
50400.0 3.1403888
50600.0 3.1425449
50800.0 3.1419711
51000.0 3.1398987
51200.0 3.1361481
51400.0 3.1342913
51600.0 3.1330487
51800.0 3.1345807
52000.0 3.1364681
52200.0 3.1380004
52400.0 3.1387509
52600.0 3.138957
52800.0 3.1387926
53000.0 3.1379489
53200.0 3.1374114
53400.0 3.1366324
53600.0 3.1377559
53800.0 3.1359536
54000.0 3.1388013
54200.0 3.1388053
54400.0 3.1395874
54600.0 3.1409678
54800.0 3.1395023
55000.0 3.1381044
55200.0 3.1361568
55400.0 3.1305996
55600.0 3.131155
55800.0 3.1317991
56000.0 3.1362331
56200.0 3.1383902
56400.0 3.1430016
56600.0 3.1443888
56800.0 3.1440134
57000.0 3.1407522
57200.0 3.1365007
57400.0 3.1370279
57600.0 3.136025
57800.0 3.1361009
58000.0 3.1410033
58200.0 3.1410688
58400.0 3.1419979
58600.0 3.1410808
58800.0 3.1406766
59000.0 3.1372141
59200.0 3.1362685
59400.0 3.1348501
59600.0 3.1350607
59800.0 3.1361146
60000.0 3.1360488
60200.0 3.1363369
60400.0 3.1376717
60600.0 3.138909
60800.0 3.1394161
61000.0 3.1391018
61200.0 3.1375247
61400.0 3.1382176
61600.0 3.1376284
61800.0 3.1370965
62000.0 3.1374335
62200.0 3.1398956
62400.0 3.1383964
62600.0 3.1396631
62800.0 3.1378093
63000.0 3.1379406
63200.0 3.1348149
63400.0 3.1351074
63600.0 3.1328076
63800.0 3.1363426
64000.0 3.1369334
64200.0 3.1383444
64400.0 3.1398231
64600.0 3.1409592
64800.0 3.1389589
65000.0 3.1371319
65200.0 3.1332736
65400.0 3.1320749
65600.0 3.1324735
65800.0 3.1340341
66000.0 3.1406251
66200.0 3.1427191
66400.0 3.1458922
66600.0 3.1413721
66800.0 3.138373
67000.0 3.1345106
67200.0 3.1328657
67400.0 3.1317835
67600.0 3.1337089
67800.0 3.1368727
68000.0 3.1367123
68200.0 3.1388947
68400.0 3.1400678
68600.0 3.1383789
68800.0 3.1382849
69000.0 3.1364956
69200.0 3.1379237
69400.0 3.1335684
69600.0 3.1344534
69800.0 3.1341756
70000.0 3.1346186
70200.0 3.1371833
70400.0 3.1381219
70600.0 3.1392359
70800.0 3.137843
71000.0 3.1362084
71200.0 3.1315453
71400.0 3.1312209
71600.0 3.1319846
71800.0 3.1350815
72000.0 3.139382
72200.0 3.1421641
72400.0 3.1460839
72600.0 3.1423465
72800.0 3.1412996
73000.0 3.136661
73200.0 3.134355
73400.0 3.131047
73600.0 3.1326785
73800.0 3.1340112
74000.0 3.1369764
74200.0 3.1396346
74400.0 3.1398234
74600.0 3.1405601
74800.0 3.1365062
75000.0 3.1384683
75200.0 3.1350926
75400.0 3.1359717
75600.0 3.1366812
75800.0 3.1376701
76000.0 3.1388848
76200.0 3.1379195
76400.0 3.1379651
76600.0 3.1400015
76800.0 3.1348231
77000.0 3.1364202
77200.0 3.1363369
77400.0 3.1355683
77600.0 3.135179
77800.0 3.1383135
78000.0 3.1384617
78200.0 3.1416177
78400.0 3.1404907
78600.0 3.1410634
78800.0 3.1392728
79000.0 3.1367829
79200.0 3.1331841
79400.0 3.132852
79600.0 3.1333215
79800.0 3.1374006
80000.0 3.1413126
80200.0 3.1417134
80400.0 3.1420889
80600.0 3.1413798
80800.0 3.1367479
81000.0 3.1338601
81200.0 3.1317406
81400.0 3.1329829
81600.0 3.1364374
81800.0 3.140154
82000.0 3.1431302
82200.0 3.142787
82400.0 3.1442636
82600.0 3.1389355
82800.0 3.1382032
83000.0 3.1344715
83200.0 3.1350153
83400.0 3.1339506
83600.0 3.1369223
83800.0 3.1357654
84000.0 3.1383518
84200.0 3.1372771
84400.0 3.1384587
84600.0 3.1373091
84800.0 3.1373649
85000.0 3.1377746
85200.0 3.1359463
85400.0 3.1386265
85600.0 3.1386339
85800.0 3.1389506
86000.0 3.1407121
86200.0 3.1398499
86400.0 3.1388465
86600.0 3.1364443
86800.0 3.1345074
87000.0 3.1321316
87200.0 3.1304995
87400.0 3.1329176
87600.0 3.1355589
87800.0 3.1411638
88000.0 3.1438957
88200.0 3.1446594
88400.0 3.1420761
88600.0 3.139398
88800.0 3.1365244
89000.0 3.1344007
89200.0 3.1347022
89400.0 3.1347738
89600.0 3.1399885
89800.0 3.1385394
90000.0 3.1427714
90200.0 3.1396132
90400.0 3.1390855
90600.0 3.1371546
90800.0 3.1353626
91000.0 3.1344885
91200.0 3.1362339
91400.0 3.1339054
91600.0 3.1359212
91800.0 3.138614
92000.0 3.1397804
92200.0 3.1380717
92400.0 3.1412777
92600.0 3.1365417
92800.0 3.1393027
93000.0 3.1367044
93200.0 3.1369273
93400.0 3.1369276
93600.0 3.1368661
93800.0 3.1383522
94000.0 3.1363304
94200.0 3.140457
94400.0 3.1364118
94600.0 3.13771
94800.0 3.1368288
95000.0 3.1337612
95200.0 3.1346542
95400.0 3.1367595
95600.0 3.1375522
95800.0 3.1421868
96000.0 3.1439533
96200.0 3.1442974
96400.0 3.137499
96600.0 3.1363133
96800.0 3.1315061
97000.0 3.126193
97200.0 3.1312812
97400.0 3.1327053
97600.0 3.136974
97800.0 3.1416105
98000.0 3.14129
98200.0 3.1431011
98400.0 3.1388316
98600.0 3.137902
98800.0 3.1357494
99000.0 3.1354798
99200.0 3.1369326
99400.0 3.136811
99600.0 3.1366226
99800.0 3.1390318
100000.0 3.1391997
