0.0 -2899.1007
200.0 -2898.3843
400.0 -2915.7945
600.0 -2903.8068
800.0 -2907.2551
1000.0 -2884.2913
1200.0 -2919.7098
1400.0 -2916.21
1600.0 -2913.8975
1800.0 -2912.4072
2000.0 -2919.2685
2200.0 -2919.8076
2400.0 -2927.6433
2600.0 -2944.1224
2800.0 -2959.0587
3000.0 -2936.4865
3200.0 -2915.8994
3400.0 -2911.1546
3600.0 -2913.5835
3800.0 -2887.1985
4000.0 -2903.8455
4200.0 -2933.0383
4400.0 -2927.0577
4600.0 -2909.6552
4800.0 -2899.0987
5000.0 -2908.5171
5200.0 -2923.5237
5400.0 -2924.4629
5600.0 -2923.9352
5800.0 -2915.2551
6000.0 -2920.041
6200.0 -2932.9553
6400.0 -2947.66
6600.0 -2929.3943
6800.0 -2907.5945
7000.0 -2925.6773
7200.0 -2968.8333
7400.0 -2965.1927
7600.0 -2938.0427
7800.0 -2934.4374
8000.0 -2950.5303
8200.0 -2930.2038
8400.0 -2935.0683
8600.0 -2912.337
8800.0 -2917.0631
9000.0 -2906.5307
9200.0 -2907.8696
9400.0 -2894.8148
9600.0 -2895.0304
9800.0 -2905.4772
10000.0 -2932.2425
10200.0 -2938.0496
10400.0 -2966.4135
10600.0 -2989.9478
10800.0 -2993.3899
11000.0 -2990.8134
11200.0 -2984.701
11400.0 -2970.9736
11600.0 -2971.2276
11800.0 -2960.3854
12000.0 -2969.5445
12200.0 -2934.0931
12400.0 -2946.0276
12600.0 -2942.9196
12800.0 -2966.8056
13000.0 -2955.8269
13200.0 -2930.0079
13400.0 -2939.2173
13600.0 -2944.2668
13800.0 -2972.0325
14000.0 -2977.0402
14200.0 -2981.3384
14400.0 -2940.8645
14600.0 -2924.432
14800.0 -2936.2447
15000.0 -2944.4758
15200.0 -2929.8142
15400.0 -2930.0594
15600.0 -2926.348
15800.0 -2926.1441
16000.0 -2905.5633
16200.0 -2902.4227
16400.0 -2898.6308
16600.0 -2912.9301
16800.0 -2898.2151
17000.0 -2880.1508
17200.0 -2903.7386
17400.0 -2873.528
17600.0 -2864.5404
17800.0 -2827.5495
18000.0 -2864.2747
18200.0 -2858.7567
18400.0 -2864.3478
18600.0 -2865.3454
18800.0 -2897.5663
19000.0 -2899.2516
19200.0 -2894.4114
19400.0 -2885.0018
19600.0 -2910.5711
19800.0 -2921.6211
20000.0 -2922.3214
20200.0 -2909.7622
20400.0 -2899.5745
20600.0 -2918.7733
20800.0 -2914.0225
21000.0 -2925.4397
21200.0 -2910.9101
21400.0 -2906.1233
21600.0 -2878.7073
21800.0 -2904.7903
22000.0 -2931.3002
22200.0 -2934.1618
22400.0 -2920.9688
22600.0 -2930.6446
22800.0 -2920.9413
23000.0 -2919.8159
23200.0 -2907.217
23400.0 -2909.0442
23600.0 -2885.4945
23800.0 -2883.1685
24000.0 -2894.4975
24200.0 -2896.577
24400.0 -2879.5792
24600.0 -2858.9774
24800.0 -2858.9218
25000.0 -2845.3719
25200.0 -2852.7516
25400.0 -2829.521
25600.0 -2845.2793
25800.0 -2834.7599
26000.0 -2807.4675
26200.0 -2804.0042
26400.0 -2809.4835
26600.0 -2829.4028
26800.0 -2840.1894
27000.0 -2835.8232
27200.0 -2838.054
27400.0 -2880.1201
27600.0 -2896.5905
27800.0 -2887.5133
28000.0 -2879.1423
28200.0 -2893.8545
28400.0 -2898.0205
28600.0 -2879.3972
28800.0 -2908.6274
29000.0 -2901.0796
29200.0 -2916.6775
29400.0 -2925.0291
29600.0 -2916.9848
29800.0 -2930.2587
30000.0 -2937.5715
30200.0 -2952.7552
30400.0 -2952.0712
30600.0 -2917.1561
30800.0 -2911.6309
31000.0 -2928.48
31200.0 -2925.3542
31400.0 -2926.5752
31600.0 -2925.3884
31800.0 -2922.1238
32000.0 -2888.2978
32200.0 -2910.3502
32400.0 -2939.2458
32600.0 -2930.3162
32800.0 -2911.8757
33000.0 -2913.0934
33200.0 -2908.6982
33400.0 -2910.4486
33600.0 -2919.6568
33800.0 -2917.0768
34000.0 -2908.915
34200.0 -2909.795
34400.0 -2898.6636
34600.0 -2893.3062
34800.0 -2898.4753
35000.0 -2921.1782
35200.0 -2936.1993
35400.0 -2929.2854
35600.0 -2942.889
35800.0 -2916.428
36000.0 -2923.751
36200.0 -2931.4939
36400.0 -2944.3712
36600.0 -2924.5063
36800.0 -2925.8288
37000.0 -2944.7805
37200.0 -2948.4544
37400.0 -2932.7409
37600.0 -2932.911
37800.0 -2937.5906
38000.0 -2936.5087
38200.0 -2926.6901
38400.0 -2905.1571
38600.0 -2896.2119
38800.0 -2912.3853
39000.0 -2923.6555
39200.0 -2924.5608
39400.0 -2896.3446
39600.0 -2879.7805
39800.0 -2897.8618
40000.0 -2898.1288
40200.0 -2918.4353
40400.0 -2921.2595
40600.0 -2902.2395
40800.0 -2897.6851
41000.0 -2886.9533
41200.0 -2920.0468
41400.0 -2913.5137
41600.0 -2909.29
41800.0 -2902.1581
42000.0 -2908.8503
42200.0 -2931.0711
42400.0 -2918.1016
42600.0 -2914.6518
42800.0 -2926.6052
43000.0 -2942.7549
43200.0 -2947.3703
43400.0 -2963.6187
43600.0 -2988.3173
43800.0 -3017.9947
44000.0 -3005.7834
44200.0 -2998.1367
44400.0 -2983.0081
44600.0 -2977.8262
44800.0 -2970.9257
45000.0 -2990.5023
45200.0 -2968.6617
45400.0 -2952.3161
45600.0 -2969.8447
45800.0 -2978.6122
46000.0 -2985.5395
46200.0 -2977.9037
46400.0 -2968.9875
46600.0 -2977.0443
46800.0 -2984.5685
47000.0 -2996.8786
47200.0 -2992.8599
47400.0 -2989.1619
47600.0 -2980.162
47800.0 -3008.5455
48000.0 -2989.2175
48200.0 -2972.4459
48400.0 -2952.7859
48600.0 -2942.1115
48800.0 -2940.8919
49000.0 -2958.3404
49200.0 -2949.3887
49400.0 -2931.054
49600.0 -2947.0995
49800.0 -2948.3554
50000.0 -2966.491
50200.0 -2942.6271
50400.0 -2931.5672
50600.0 -2924.0875
50800.0 -2948.5911
51000.0 -2960.6924
51200.0 -2951.2799
51400.0 -2932.8507
51600.0 -2912.2976
51800.0 -2913.0572
52000.0 -2918.8051
52200.0 -2933.2155
52400.0 -2929.2194
52600.0 -2924.9607
52800.0 -2920.5067
53000.0 -2931.6008
53200.0 -2933.6601
53400.0 -2961.4538
53600.0 -2955.6424
53800.0 -2964.3324
54000.0 -2933.6265
54200.0 -2943.1777
54400.0 -2967.3695
54600.0 -2953.4534
54800.0 -2940.0638
55000.0 -2950.9836
55200.0 -2948.5599
55400.0 -2955.6769
55600.0 -2956.9567
55800.0 -2956.7701
56000.0 -2958.3433
56200.0 -2959.1191
56400.0 -2972.4281
56600.0 -2958.1561
56800.0 -2944.4373
57000.0 -2961.7459
57200.0 -2940.2606
57400.0 -2942.712
57600.0 -2946.5882
57800.0 -2950.3433
58000.0 -2925.183
58200.0 -2925.9868
58400.0 -2946.9018
58600.0 -2938.5939
58800.0 -2915.8916
59000.0 -2918.7586
59200.0 -2924.0103
59400.0 -2892.8686
59600.0 -2864.6035
59800.0 -2876.1683
60000.0 -2877.5512
60200.0 -2875.5804
60400.0 -2875.7404
60600.0 -2865.4862
60800.0 -2856.9623
61000.0 -2848.5685
61200.0 -2854.198
61400.0 -2885.9864
61600.0 -2876.3295
61800.0 -2899.7823
62000.0 -2872.036
62200.0 -2898.5551
62400.0 -2897.3266
62600.0 -2917.9975
62800.0 -2910.4198
63000.0 -2900.4689
63200.0 -2904.7656
63400.0 -2913.821
63600.0 -2926.6507
63800.0 -2939.572
64000.0 -2939.9703
64200.0 -2950.1831
64400.0 -2942.2674
64600.0 -2978.9435
64800.0 -2984.6133
65000.0 -2978.1723
65200.0 -2975.24
65400.0 -2976.5415
65600.0 -2985.3652
65800.0 -3002.2184
66000.0 -3012.7136
66200.0 -3016.0731
66400.0 -3021.5361
66600.0 -2997.6865
66800.0 -2991.7771
67000.0 -2986.9241
67200.0 -2982.1937
67400.0 -2972.2798
67600.0 -2959.4494
67800.0 -2950.2473
68000.0 -2963.9823
68200.0 -2961.8329
68400.0 -2957.8764
68600.0 -2952.5731
68800.0 -2935.7984
69000.0 -2964.8171
69200.0 -2966.9401
69400.0 -2969.5891
69600.0 -2953.9734
69800.0 -2955.2484
70000.0 -2960.6931
70200.0 -2973.532
70400.0 -2970.2467
70600.0 -2957.6014
70800.0 -2935.07
71000.0 -2932.0399
71200.0 -2934.2346
71400.0 -2932.428
71600.0 -2950.6909
71800.0 -2933.1548
72000.0 -2931.4408
72200.0 -2921.4352
72400.0 -2907.3504
72600.0 -2916.783
72800.0 -2912.8651
73000.0 -2899.2879
73200.0 -2900.7502
73400.0 -2904.1252
73600.0 -2910.7217
73800.0 -2901.7606
74000.0 -2898.2562
74200.0 -2925.2258
74400.0 -2904.6893
74600.0 -2906.5999
74800.0 -2912.4588
75000.0 -2919.855
75200.0 -2922.8937
75400.0 -2902.4537
75600.0 -2891.8407
75800.0 -2887.0353
76000.0 -2880.6353
76200.0 -2889.7705
76400.0 -2894.3703
76600.0 -2882.0503
76800.0 -2886.8249
77000.0 -2889.5502
77200.0 -2891.1127
77400.0 -2896.6882
77600.0 -2908.693
77800.0 -2911.3663
78000.0 -2920.6482
78200.0 -2921.9138
78400.0 -2910.1031
78600.0 -2913.7669
78800.0 -2910.2451
79000.0 -2911.0412
79200.0 -2895.8777
79400.0 -2877.507
79600.0 -2880.9692
79800.0 -2897.9585
80000.0 -2924.4337
80200.0 -2909.1778
80400.0 -2894.1975
80600.0 -2907.2198
80800.0 -2918.4218
81000.0 -2903.1006
81200.0 -2918.1254
81400.0 -2913.0721
81600.0 -2924.1031
81800.0 -2932.0274
82000.0 -2932.986
82200.0 -2897.7986
82400.0 -2893.2792
82600.0 -2921.0329
82800.0 -2939.4936
83000.0 -2913.3442
83200.0 -2901.4462
83400.0 -2916.1079
83600.0 -2928.1098
83800.0 -2908.853
84000.0 -2915.3383
84200.0 -2909.9672
84400.0 -2906.9672
84600.0 -2902.8907
84800.0 -2915.4018
85000.0 -2952.0244
85200.0 -2919.9475
85400.0 -2907.4087
85600.0 -2898.5247
85800.0 -2904.1056
86000.0 -2895.1408
86200.0 -2917.2699
86400.0 -2901.6363
86600.0 -2896.154
86800.0 -2874.6978
87000.0 -2907.6719
87200.0 -2907.0644
87400.0 -2918.2312
87600.0 -2922.3244
87800.0 -2934.5571
88000.0 -2945.6933
88200.0 -2959.3284
88400.0 -2939.7347
88600.0 -2933.8391
88800.0 -2928.4553
89000.0 -2926.6607
89200.0 -2909.8066
89400.0 -2915.3809
89600.0 -2928.8965
89800.0 -2924.6781
90000.0 -2916.8901
90200.0 -2907.2593
90400.0 -2899.4633
90600.0 -2915.7044
90800.0 -2915.5416
91000.0 -2916.8401
91200.0 -2916.0979
91400.0 -2910.5002
91600.0 -2891.4087
91800.0 -2891.1417
92000.0 -2889.1575
92200.0 -2909.8826
92400.0 -2902.1333
92600.0 -2923.2133
92800.0 -2915.5175
93000.0 -2934.9286
93200.0 -2927.6549
93400.0 -2954.4895
93600.0 -2946.8301
93800.0 -2934.6173
94000.0 -2941.4628
94200.0 -2963.7823
94400.0 -2972.1023
94600.0 -2946.8048
94800.0 -2939.0376
95000.0 -2929.8833
95200.0 -2948.3703
95400.0 -2931.1717
95600.0 -2920.7261
95800.0 -2911.4511
96000.0 -2937.5801
96200.0 -2936.5393
96400.0 -2908.7899
96600.0 -2921.7079
96800.0 -2911.495
97000.0 -2922.9561
97200.0 -2908.944
97400.0 -2920.79
97600.0 -2911.9118
97800.0 -2873.0475
98000.0 -2877.1316
98200.0 -2892.3237
98400.0 -2907.6185
98600.0 -2891.4598
98800.0 -2876.0602
99000.0 -2884.3273
99200.0 -2897.4222
99400.0 -2902.484
99600.0 -2909.4726
99800.0 -2908.946
100000.0 -2922.2111
