0.0 1057.1371
200.0 1066.4585
400.0 1071.8263
600.0 1081.8986
800.0 1097.1032
1000.0 1089.9752
1200.0 1059.8508
1400.0 1031.6831
1600.0 1020.3615
1800.0 1031.6065
2000.0 1051.9121
2200.0 1049.2318
2400.0 1088.6308
2600.0 1061.9665
2800.0 1059.4646
3000.0 1051.6213
3200.0 1050.1873
3400.0 1069.3483
3600.0 1059.0877
3800.0 1099.8399
4000.0 1103.4878
4200.0 1077.491
4400.0 1071.8475
4600.0 1056.4042
4800.0 1063.6779
5000.0 1051.2869
5200.0 1045.9133
5400.0 1052.0253
5600.0 1057.3441
5800.0 1041.927
6000.0 1040.7701
6200.0 1059.0224
6400.0 1072.5545
6600.0 1090.8442
6800.0 1074.9139
7000.0 1041.4352
7200.0 1045.9351
7400.0 1062.7409
7600.0 1071.6541
7800.0 1059.124
8000.0 1054.2049
8200.0 1062.2684
8400.0 1073.2052
8600.0 1050.2153
8800.0 1060.2831
9000.0 1082.9872
9200.0 1052.1644
9400.0 1032.2133
9600.0 1039.5594
9800.0 1062.544
10000.0 1071.7975
10200.0 1068.7414
10400.0 1055.4551
10600.0 1060.8644
10800.0 1050.9919
11000.0 1019.1847
11200.0 1007.7441
11400.0 1047.5208
11600.0 1046.8703
11800.0 1054.5134
12000.0 1042.6803
12200.0 1046.4646
12400.0 1052.0759
12600.0 1071.4743
12800.0 1066.9319
13000.0 1081.5126
13200.0 1069.118
13400.0 1052.2554
13600.0 1045.9475
13800.0 1050.9366
14000.0 1036.3707
14200.0 1001.5314
14400.0 993.68449
14600.0 1012.9767
14800.0 1049.2512
15000.0 1044.0733
15200.0 1063.405
15400.0 1062.9439
15600.0 1064.5091
15800.0 1036.1885
16000.0 1025.5738
16200.0 1032.2846
16400.0 1037.7309
16600.0 1053.914
16800.0 1066.5929
17000.0 1056.6614
17200.0 1037.636
17400.0 1054.3537
17600.0 1047.3571
17800.0 1072.448
18000.0 1057.9797
18200.0 1054.7539
18400.0 1071.4877
18600.0 1070.4139
18800.0 1054.422
19000.0 1075.5348
19200.0 1093.7086
19400.0 1098.267
19600.0 1073.2954
19800.0 1029.9612
20000.0 1052.2373
20200.0 1051.2689
20400.0 1064.9032
20600.0 1048.2312
20800.0 1047.572
21000.0 1040.6147
21200.0 1045.5991
21400.0 1064.5393
21600.0 1083.7715
21800.0 1082.1559
22000.0 1053.5584
22200.0 1029.1267
22400.0 1031.0681
22600.0 1075.2289
22800.0 1090.6807
23000.0 1089.2916
23200.0 1052.8134
23400.0 1055.0749
23600.0 1054.4463
23800.0 1063.8695
24000.0 1068.6936
24200.0 1052.1236
24400.0 1036.0699
24600.0 1033.8207
24800.0 1043.6556
25000.0 1062.919
25200.0 1060.5026
25400.0 1029.7012
25600.0 1035.4922
25800.0 1049.8761
26000.0 1061.8431
26200.0 1060.3841
26400.0 1047.2985
26600.0 1031.3585
26800.0 1036.5977
27000.0 1034.233
27200.0 1005.4747
27400.0 1018.4864
27600.0 1075.0387
27800.0 1052.162
28000.0 1046.0899
28200.0 1056.3968
28400.0 1069.8838
28600.0 1099.6458
28800.0 1068.0682
29000.0 1050.5544
29200.0 1040.6375
29400.0 1062.9058
29600.0 1078.3915
29800.0 1053.0672
30000.0 1034.8444
30200.0 1036.0896
30400.0 1066.8877
30600.0 1060.0505
30800.0 1046.9355
31000.0 1045.9469
31200.0 1038.6733
31400.0 1071.9402
31600.0 1066.8337
31800.0 1086.2114
32000.0 1061.9822
32200.0 1063.7228
32400.0 1055.4969
32600.0 1047.9741
32800.0 1049.3323
33000.0 1046.7795
33200.0 1038.4521
33400.0 1027.247
33600.0 1051.6098
33800.0 1066.3888
34000.0 1068.5741
34200.0 1056.8553
34400.0 1060.7339
34600.0 1048.3566
34800.0 1034.2966
35000.0 1049.6143
35200.0 1084.4342
35400.0 1077.3924
35600.0 1064.0285
35800.0 1073.4561
36000.0 1073.3388
36200.0 1067.3257
36400.0 1034.7022
36600.0 1036.6178
36800.0 1038.6276
37000.0 1033.8686
37200.0 1045.7984
37400.0 1042.6779
37600.0 1065.232
37800.0 1055.6474
38000.0 1052.0528
38200.0 1068.874
38400.0 1070.6164
38600.0 1063.9829
38800.0 1035.0051
39000.0 1041.713
39200.0 1058.6109
39400.0 1077.0788
39600.0 1069.0532
39800.0 1053.8626
40000.0 1028.248
40200.0 1020.4765
40400.0 1029.0856
40600.0 1052.3177
40800.0 1072.5112
41000.0 1041.7934
41200.0 1050.911
41400.0 1067.2321
41600.0 1085.5165
41800.0 1063.9286
42000.0 1055.5673
42200.0 1042.2319
42400.0 1033.3306
42600.0 1046.4477
42800.0 1056.5004
43000.0 1068.333
43200.0 1073.7785
43400.0 1074.0564
43600.0 1088.835
43800.0 1057.9446
44000.0 1042.967
44200.0 1021.895
44400.0 1039.9312
44600.0 1040.481
44800.0 1067.2839
45000.0 1082.6775
45200.0 1070.4018
45400.0 1078.0279
45600.0 1073.1866
45800.0 1077.5319
46000.0 1059.4947
46200.0 1061.8389
46400.0 1076.5347
46600.0 1065.384
46800.0 1039.8316
47000.0 1056.177
47200.0 1093.9665
47400.0 1094.03
47600.0 1057.063
47800.0 1033.8102
48000.0 1052.1705
48200.0 1054.8519
48400.0 1037.7623
48600.0 1026.6628
48800.0 1045.019
49000.0 1059.3375
49200.0 1081.0663
49400.0 1070.8643
49600.0 1081.4121
49800.0 1042.9908
50000.0 1035.8116
50200.0 1033.5858
50400.0 1052.0709
50600.0 1053.3853
50800.0 1053.88
51000.0 1048.7863
51200.0 1054.4687
51400.0 1060.8683
51600.0 1048.6196
51800.0 1023.5302
52000.0 1018.964
52200.0 1047.6043
52400.0 1071.6489
52600.0 1069.589
52800.0 1079.6226
53000.0 1080.5491
53200.0 1059.6269
53400.0 1045.6488
53600.0 1035.627
53800.0 1042.3663
54000.0 1070.316
54200.0 1057.5269
54400.0 1066.1505
54600.0 1046.8349
54800.0 1031.2233
55000.0 1014.837
55200.0 1022.0006
55400.0 1045.7344
55600.0 1047.2565
55800.0 1025.6222
56000.0 1059.9919
56200.0 1072.4865
56400.0 1083.6131
56600.0 1079.8186
56800.0 1060.5153
57000.0 1043.2744
57200.0 1058.4224
57400.0 1052.4741
57600.0 1063.7614
57800.0 1071.8908
58000.0 1071.4453
58200.0 1075.5102
58400.0 1069.3272
58600.0 1060.6214
58800.0 1057.1304
59000.0 1046.7732
59200.0 1046.0033
59400.0 1048.1267
59600.0 1040.8321
59800.0 1044.5231
60000.0 1051.8585
60200.0 1070.304
60400.0 1067.9198
60600.0 1083.7009
60800.0 1089.5301
61000.0 1082.7998
61200.0 1059.406
61400.0 1027.2174
61600.0 1017.3216
61800.0 1069.2061
62000.0 1085.6479
62200.0 1079.0341
62400.0 1047.803
62600.0 1033.1392
62800.0 1039.7195
63000.0 1038.0549
63200.0 1062.6895
63400.0 1062.245
63600.0 1084.1469
63800.0 1085.7883
64000.0 1049.5866
64200.0 1053.0677
64400.0 1047.9912
64600.0 1053.058
64800.0 1052.2858
65000.0 1054.774
65200.0 1068.567
65400.0 1088.5275
65600.0 1080.3308
65800.0 1069.4524
66000.0 1046.924
66200.0 1047.5612
66400.0 1056.3554
66600.0 1038.6265
66800.0 1028.0218
67000.0 1039.9165
67200.0 1054.793
67400.0 1067.3517
67600.0 1055.1566
67800.0 1047.6853
68000.0 1068.2298
68200.0 1051.1824
68400.0 1068.6323
68600.0 1054.1871
68800.0 1064.9943
69000.0 1057.1699
69200.0 1026.9239
69400.0 1020.4359
69600.0 1030.9407
69800.0 1043.3547
70000.0 1056.1057
70200.0 1057.0571
70400.0 1063.5024
70600.0 1064.8849
70800.0 1081.7746
71000.0 1077.4184
71200.0 1064.0129
71400.0 1055.0228
71600.0 1046.0789
71800.0 1049.2376
72000.0 1043.938
72200.0 1048.4097
72400.0 1022.9479
72600.0 1031.5121
72800.0 1069.3825
73000.0 1061.9667
73200.0 1046.0313
73400.0 1008.506
73600.0 1029.1566
73800.0 1072.5121
74000.0 1088.9288
74200.0 1076.6338
74400.0 1044.2452
74600.0 1036.2463
74800.0 1048.0583
75000.0 1061.3009
75200.0 1060.1056
75400.0 1052.2791
75600.0 1073.9182
75800.0 1091.835
76000.0 1074.4557
76200.0 1067.7936
76400.0 1060.6916
76600.0 1045.0535
76800.0 1075.6364
77000.0 1042.6718
77200.0 1038.6394
77400.0 1023.3867
77600.0 1023.8467
77800.0 1043.4219
78000.0 1055.078
78200.0 1058.3835
78400.0 1083.1696
78600.0 1071.2605
78800.0 1061.5383
79000.0 1035.4892
79200.0 1034.5844
79400.0 1052.7997
79600.0 1060.8382
79800.0 1061.2943
80000.0 1067.9918
80200.0 1065.8268
80400.0 1073.4129
80600.0 1072.213
80800.0 1073.0337
81000.0 1090.6775
81200.0 1073.7425
81400.0 1065.0517
81600.0 1056.1472
81800.0 1069.9051
82000.0 1078.1796
82200.0 1078.8168
82400.0 1062.8037
82600.0 1043.848
82800.0 1037.3919
83000.0 1060.5088
83200.0 1057.3474
83400.0 1056.2324
83600.0 1049.0498
83800.0 1080.2447
84000.0 1075.207
84200.0 1038.4421
84400.0 1013.1371
84600.0 1020.9781
84800.0 1048.6346
85000.0 1063.7683
85200.0 1067.2723
85400.0 1077.178
85600.0 1065.2069
85800.0 1061.6381
86000.0 1053.0468
86200.0 1070.3373
86400.0 1054.4713
86600.0 1043.3901
86800.0 1031.2281
87000.0 1063.4341
87200.0 1043.7543
87400.0 1032.074
87600.0 1029.9635
87800.0 1065.667
88000.0 1089.072
88200.0 1077.05
88400.0 1068.1636
88600.0 1041.382
88800.0 1056.242
89000.0 1057.3879
89200.0 1047.9996
89400.0 1026.3726
89600.0 1028.2788
89800.0 1049.9607
90000.0 1062.6781
90200.0 1071.5019
90400.0 1073.608
90600.0 1064.5714
90800.0 1065.0102
91000.0 1042.5241
91200.0 1033.8334
91400.0 1045.4227
91600.0 1064.9485
91800.0 1066.309
92000.0 1042.106
92200.0 1008.8676
92400.0 1039.1605
92600.0 1096.3104
92800.0 1080.4398
93000.0 1059.3933
93200.0 1026.902
93400.0 1023.1378
93600.0 1045.0781
93800.0 1048.006
94000.0 1045.8852
94200.0 1051.8651
94400.0 1054.5988
94600.0 1038.4826
94800.0 1046.4724
95000.0 1055.4473
95200.0 1072.7615
95400.0 1074.8591
95600.0 1066.5631
95800.0 1045.6329
96000.0 1019.4133
96200.0 1039.4412
96400.0 1057.3786
96600.0 1100.3048
96800.0 1080.5614
97000.0 1062.4271
97200.0 1053.8036
97400.0 1054.1288
97600.0 1059.6442
97800.0 1042.5352
98000.0 1057.7347
98200.0 1050.6852
98400.0 1041.5947
98600.0 1048.9064
98800.0 1044.4425
99000.0 1024.3251
99200.0 1019.6325
99400.0 1060.0671
99600.0 1073.0302
99800.0 1093.6467
100000.0 1061.2597
