0.0 2.1805418
200.0 2.1793002
400.0 2.1790097
600.0 2.1931261
800.0 2.1828086
1000.0 2.1649524
1200.0 2.1687593
1400.0 2.1828325
1600.0 2.1850859
1800.0 2.1805505
2000.0 2.1901926
2200.0 2.1584902
2400.0 2.1713623
2600.0 2.1931321
2800.0 2.1728674
3000.0 2.1916158
3200.0 2.1859235
3400.0 2.1800987
3600.0 2.1716126
3800.0 2.1808206
4000.0 2.1926883
4200.0 2.191044
4400.0 2.1804478
4600.0 2.1847381
4800.0 2.1715587
5000.0 2.1837803
5200.0 2.1848398
5400.0 2.1756532
5600.0 2.1695309
5800.0 2.1638427
6000.0 2.1827635
6200.0 2.1644185
6400.0 2.1749968
6600.0 2.1663015
6800.0 2.1552452
7000.0 2.1872039
7200.0 2.1829312
7400.0 2.1722212
7600.0 2.1963537
7800.0 2.1885892
8000.0 2.166478
8200.0 2.187492
8400.0 2.1902262
8600.0 2.1680983
8800.0 2.1861065
9000.0 2.1973601
9200.0 2.1719779
9400.0 2.1734263
9600.0 2.1942668
9800.0 2.1830056
10000.0 2.1745657
10200.0 2.1939319
10400.0 2.1793597
10600.0 2.1721965
10800.0 2.1820746
11000.0 2.1749966
11200.0 2.1831369
11400.0 2.1907042
11600.0 2.1746394
11800.0 2.1715424
12000.0 2.1935044
12200.0 2.1981941
12400.0 2.1775442
12600.0 2.1686032
12800.0 2.1794802
13000.0 2.1746813
13200.0 2.1612746
13400.0 2.1907524
13600.0 2.1719328
13800.0 2.1767764
14000.0 2.1676067
14200.0 2.1705843
14400.0 2.1874251
14600.0 2.181307
14800.0 2.1828361
15000.0 2.1804943
15200.0 2.1855867
15400.0 2.1845882
15600.0 2.1777999
15800.0 2.2005438
16000.0 2.1925982
16200.0 2.1755176
16400.0 2.2039067
16600.0 2.1888144
16800.0 2.1770253
17000.0 2.1791087
17200.0 2.1781748
17400.0 2.1853352
17600.0 2.1701389
17800.0 2.177173
18000.0 2.1841015
18200.0 2.1873552
18400.0 2.1752351
18600.0 2.1773597
18800.0 2.1796144
19000.0 2.178056
19200.0 2.1746129
19400.0 2.1601872
19600.0 2.1428254
19800.0 2.1612324
20000.0 2.1610061
20200.0 2.1600585
20400.0 2.1531888
20600.0 2.1575738
20800.0 2.1744857
21000.0 2.1579621
21200.0 2.1701212
21400.0 2.1856996
21600.0 2.1775193
21800.0 2.1784573
22000.0 2.1929769
22200.0 2.1885095
22400.0 2.193977
22600.0 2.1998405
22800.0 2.1911019
23000.0 2.178038
23200.0 2.1733156
23400.0 2.1701146
23600.0 2.1851419
23800.0 2.1837319
24000.0 2.1692451
24200.0 2.1787366
24400.0 2.2024958
24600.0 2.1717061
24800.0 2.189701
25000.0 2.1832826
25200.0 2.1709969
25400.0 2.1769555
25600.0 2.1658607
25800.0 2.1705497
26000.0 2.1766597
26200.0 2.1621875
26400.0 2.1942665
26600.0 2.1799556
26800.0 2.1704803
27000.0 2.1944363
27200.0 2.1945312
27400.0 2.1836258
27600.0 2.1875994
27800.0 2.1820317
28000.0 2.1816026
28200.0 2.1931636
28400.0 2.1947053
28600.0 2.1831608
28800.0 2.1719203
29000.0 2.1795244
29200.0 2.1847939
29400.0 2.1716474
29600.0 2.1783936
29800.0 2.1671169
30000.0 2.1815942
30200.0 2.1655729
30400.0 2.1715176
30600.0 2.1885568
30800.0 2.1627119
31000.0 2.1869537
31200.0 2.184218
31400.0 2.1892669
31600.0 2.1689309
31800.0 2.1960761
32000.0 2.1948548
32200.0 2.1890142
32400.0 2.1794273
32600.0 2.1885181
32800.0 2.192105
33000.0 2.1691055
33200.0 2.1740806
33400.0 2.1841213
33600.0 2.1609236
33800.0 2.1633677
34000.0 2.1482965
34200.0 2.1510078
34400.0 2.1625441
34600.0 2.15762
34800.0 2.1612685
35000.0 2.1541369
35200.0 2.1537845
35400.0 2.1728295
35600.0 2.184718
35800.0 2.1644245
36000.0 2.1697337
36200.0 2.1933776
36400.0 2.1800675
36600.0 2.1947939
36800.0 2.1884773
37000.0 2.1632515
37200.0 2.1961783
37400.0 2.1866095
37600.0 2.1911998
37800.0 2.1808554
38000.0 2.1770998
38200.0 2.1756805
38400.0 2.1843519
38600.0 2.181132
38800.0 2.171758
39000.0 2.1821347
39200.0 2.1810248
39400.0 2.1823957
39600.0 2.1782998
39800.0 2.176221
40000.0 2.1775722
40200.0 2.1777356
40400.0 2.1922877
40600.0 2.1809545
40800.0 2.1851352
41000.0 2.1784678
41200.0 2.1676765
41400.0 2.1882194
41600.0 2.1776866
41800.0 2.1653428
42000.0 2.1795493
42200.0 2.1771715
42400.0 2.1704139
42600.0 2.1693817
42800.0 2.1592148
43000.0 2.1602848
43200.0 2.1608143
43400.0 2.1297954
43600.0 2.1459163
43800.0 2.1580006
44000.0 2.1480626
44200.0 2.1588007
44400.0 2.177547
44600.0 2.1695307
44800.0 2.1718231
45000.0 2.1803986
45200.0 2.1896026
45400.0 2.1850287
45600.0 2.2004044
45800.0 2.1861978
46000.0 2.1807357
46200.0 2.1961985
46400.0 2.2063742
46600.0 2.2117781
46800.0 2.1897961
47000.0 2.1980143
47200.0 2.1945702
47400.0 2.1867599
47600.0 2.1982449
47800.0 2.1812515
48000.0 2.1826689
48200.0 2.174989
48400.0 2.1426609
48600.0 2.1745851
48800.0 2.1849001
49000.0 2.1436017
49200.0 2.1755024
49400.0 2.1759563
49600.0 2.14612
49800.0 2.1616968
50000.0 2.1807423
50200.0 2.1670982
50400.0 2.1644382
50600.0 2.1513367
50800.0 2.1808277
51000.0 2.1810296
51200.0 2.1814984
51400.0 2.1719871
51600.0 2.1760701
51800.0 2.1786084
52000.0 2.1735368
52200.0 2.177009
52400.0 2.1770831
52600.0 2.1819817
52800.0 2.1888206
53000.0 2.2038027
53200.0 2.2012588
53400.0 2.1917261
53600.0 2.2161113
53800.0 2.1987981
54000.0 2.214634
54200.0 2.2173682
54400.0 2.1973111
54600.0 2.1901016
54800.0 2.1828066
55000.0 2.1821833
55200.0 2.1870205
55400.0 2.1911707
55600.0 2.1749184
55800.0 2.1874114
56000.0 2.1693651
56200.0 2.1667072
56400.0 2.170411
56600.0 2.1645284
56800.0 2.1482291
57000.0 2.1632077
57200.0 2.1683288
57400.0 2.1532533
57600.0 2.1679157
57800.0 2.1656966
58000.0 2.1493051
58200.0 2.1591797
58400.0 2.1600201
58600.0 2.1715334
58800.0 2.1592021
59000.0 2.1557824
59200.0 2.1453369
59400.0 2.1592851
59600.0 2.1848435
59800.0 2.1731589
60000.0 2.1653153
60200.0 2.1888181
60400.0 2.1807867
60600.0 2.1504305
60800.0 2.1755112
61000.0 2.1597094
61200.0 2.1439714
61400.0 2.1565236
61600.0 2.1701204
61800.0 2.1576884
62000.0 2.1590008
62200.0 2.1545003
62400.0 2.1743452
62600.0 2.1885116
62800.0 2.1800131
63000.0 2.1873997
63200.0 2.1867788
63400.0 2.188272
63600.0 2.1859628
63800.0 2.1665427
64000.0 2.1737483
64200.0 2.1861316
64400.0 2.1919468
64600.0 2.1756007
64800.0 2.1664941
65000.0 2.1730238
65200.0 2.1636362
65400.0 2.1844334
65600.0 2.1716423
65800.0 2.1801631
66000.0 2.1771411
66200.0 2.1434951
66400.0 2.1680187
66600.0 2.1780808
66800.0 2.1661619
67000.0 2.1628681
67200.0 2.1555053
67400.0 2.1647198
67600.0 2.156498
67800.0 2.1515417
68000.0 2.1465571
68200.0 2.1739548
68400.0 2.169718
68600.0 2.1477121
68800.0 2.1638385
69000.0 2.1752975
69200.0 2.1588663
69400.0 2.1679228
69600.0 2.1801995
69800.0 2.1798095
70000.0 2.1704242
70200.0 2.1775545
70400.0 2.1684401
70600.0 2.1744542
70800.0 2.1798408
71000.0 2.1928608
71200.0 2.195683
71400.0 2.1970852
71600.0 2.1914334
71800.0 2.203911
72000.0 2.2067373
72200.0 2.21758
72400.0 2.1999472
72600.0 2.1930856
72800.0 2.2142261
73000.0 2.2022581
73200.0 2.184276
73400.0 2.1890765
73600.0 2.2039426
73800.0 2.1833056
74000.0 2.1936693
74200.0 2.1903921
74400.0 2.170282
74600.0 2.1930877
74800.0 2.1895082
75000.0 2.1899958
75200.0 2.1848999
75400.0 2.1775958
75600.0 2.1747451
75800.0 2.1721608
76000.0 2.1703264
76200.0 2.1622593
76400.0 2.1728798
76600.0 2.1519942
76800.0 2.1564085
77000.0 2.1844365
77200.0 2.1690255
77400.0 2.1714403
77600.0 2.1816827
77800.0 2.176192
78000.0 2.1744523
78200.0 2.1879699
78400.0 2.182229
78600.0 2.187874
78800.0 2.2236738
79000.0 2.2139665
79200.0 2.2005262
79400.0 2.2178687
79600.0 2.2158263
79800.0 2.2019709
80000.0 2.2060675
80200.0 2.2093803
80400.0 2.1847403
80600.0 2.1815818
80800.0 2.1922116
81000.0 2.1869937
81200.0 2.1805865
81400.0 2.1743556
81600.0 2.1846469
81800.0 2.1809767
82000.0 2.1725089
82200.0 2.1692053
82400.0 2.1650339
82600.0 2.1788672
82800.0 2.1751456
83000.0 2.140092
83200.0 2.1698189
83400.0 2.1888177
83600.0 2.1671088
83800.0 2.1596417
84000.0 2.1756527
84200.0 2.1850514
84400.0 2.1821842
84600.0 2.1691001
84800.0 2.1856535
85000.0 2.1926044
85200.0 2.1840984
85400.0 2.1929211
85600.0 2.2068941
85800.0 2.1953483
86000.0 2.1740264
86200.0 2.2059305
86400.0 2.1955802
86600.0 2.1779261
86800.0 2.1825386
87000.0 2.1762053
87200.0 2.1678055
87400.0 2.1793721
87600.0 2.1879985
87800.0 2.1651923
88000.0 2.1837068
88200.0 2.1805535
88400.0 2.1778962
88600.0 2.1909892
88800.0 2.176666
89000.0 2.1918946
89200.0 2.1826549
89400.0 2.181175
89600.0 2.192981
89800.0 2.1843245
90000.0 2.1930296
90200.0 2.1996662
90400.0 2.1893494
90600.0 2.189628
90800.0 2.1980303
91000.0 2.205332
91200.0 2.1971835
91400.0 2.1982863
91600.0 2.1953383
91800.0 2.1957162
92000.0 2.1926919
92200.0 2.1929115
92400.0 2.1886427
92600.0 2.1779189
92800.0 2.1969031
93000.0 2.1921702
93200.0 2.1974442
93400.0 2.203112
93600.0 2.1960153
93800.0 2.2015465
94000.0 2.2063975
94200.0 2.178232
94400.0 2.2014643
94600.0 2.2174627
94800.0 2.2035263
95000.0 2.2053934
95200.0 2.1876635
95400.0 2.1862787
95600.0 2.2119316
95800.0 2.1851651
96000.0 2.1693789
96200.0 2.1997519
96400.0 2.1862013
96600.0 2.1800758
96800.0 2.1768078
97000.0 2.1776753
97200.0 2.1899754
97400.0 2.1871544
97600.0 2.1642622
97800.0 2.1688594
98000.0 2.1726559
98200.0 2.1621228
98400.0 2.1735001
98600.0 2.1772414
98800.0 2.167927
99000.0 2.1489559
99200.0 2.1722067
99400.0 2.1768401
99600.0 2.164371
99800.0 2.1653353
100000.0 2.1803602
