0.0 -31.706607
200.0 -3.0997743
400.0 -14.799292
600.0 -5.7218655
800.0 13.754368
1000.0 19.193563
1200.0 -18.53316
1400.0 -24.735721
1600.0 34.036398
1800.0 -20.957671
2000.0 -22.48239
2200.0 -15.358823
2400.0 57.383229
2600.0 -4.6567895
2800.0 -24.568575
3000.0 3.5021435
3200.0 26.418418
3400.0 0.51284308
3600.0 -50.011331
3800.0 28.085125
4000.0 -3.4182315
4200.0 -2.0897272
4400.0 -5.8383811
4600.0 9.6268228
4800.0 -13.533364
5000.0 10.374349
5200.0 -25.299221
5400.0 36.525613
5600.0 -12.196718
5800.0 -33.798489
6000.0 14.493381
6200.0 59.563388
6400.0 -26.869958
6600.0 -33.033298
6800.0 -12.22484
7000.0 46.327291
7200.0 1.1161805
7400.0 -28.654146
7600.0 -11.229281
7800.0 36.657974
8000.0 7.3487668
8200.0 2.0406301
8400.0 -29.549653
8600.0 16.029592
8800.0 26.757726
9000.0 15.723298
9200.0 -45.356418
9400.0 24.396376
9600.0 -32.707816
9800.0 21.287631
10000.0 5.5317729
10200.0 -28.931913
10400.0 18.14185
10600.0 47.502792
10800.0 -57.472214
11000.0 18.727003
11200.0 24.568146
11400.0 3.6638465
11600.0 -14.920411
11800.0 45.714466
12000.0 -7.9706265
12200.0 -10.895506
12400.0 -41.603687
12600.0 -10.051898
12800.0 13.499439
13000.0 11.562502
13200.0 -22.906413
13400.0 -8.9816852
13600.0 39.611127
13800.0 9.4800637
14000.0 -34.991725
14200.0 5.7831121
14400.0 26.983595
14600.0 -17.101315
14800.0 0.47471467
15000.0 -23.649961
15200.0 54.061289
15400.0 -28.116655
15600.0 -48.062713
15800.0 42.216657
16000.0 4.1585511
16200.0 -18.470217
16400.0 -10.219167
16600.0 48.494528
16800.0 -20.307028
17000.0 -26.704931
17200.0 7.8004622
17400.0 -4.621663
17600.0 25.293996
17800.0 1.0164808
18000.0 -31.395111
18200.0 7.0982122
18400.0 6.6975017
18600.0 -31.378848
18800.0 29.495258
19000.0 41.339594
19200.0 -48.754875
19400.0 -4.1204158
19600.0 36.013806
19800.0 6.237513
20000.0 -14.83547
20200.0 -2.4098297
20400.0 25.890379
20600.0 -4.7719978
20800.0 -4.8563394
21000.0 18.341362
21200.0 -62.181805
21400.0 25.76046
21600.0 14.859299
21800.0 -5.6534123
22000.0 -19.591019
22200.0 -6.8377857
22400.0 43.462256
22600.0 0.63142775
22800.0 -39.093106
23000.0 -12.538255
23200.0 73.667719
23400.0 -15.378707
23600.0 -49.880421
23800.0 -17.441735
24000.0 52.880781
24200.0 0.45883332
24400.0 7.7716966
24600.0 -29.55056
24800.0 -15.466438
25000.0 49.855459
25200.0 5.0399376
25400.0 -20.785978
25600.0 11.501833
25800.0 -39.963626
26000.0 14.412635
26200.0 31.253212
26400.0 -1.4607742
26600.0 -49.710968
26800.0 24.547858
27000.0 -13.890793
27200.0 25.225989
27400.0 -11.6791
27600.0 -13.32548
27800.0 57.681536
28000.0 -24.517519
28200.0 9.40852
28400.0 -1.2293619
28600.0 -16.550458
28800.0 39.350223
29000.0 7.8402754
29200.0 -42.209951
29400.0 21.84507
29600.0 25.636943
29800.0 -38.692406
30000.0 44.110232
30200.0 27.938092
30400.0 -49.720237
30600.0 33.727013
30800.0 -13.260625
31000.0 -2.6374035
31200.0 11.684378
31400.0 -7.3815213
31600.0 -2.3313724
31800.0 39.031258
32000.0 -30.792278
32200.0 -13.610912
32400.0 37.865229
32600.0 5.5340753
32800.0 -17.060444
33000.0 -27.948369
33200.0 -17.312462
33400.0 33.662724
33600.0 63.614929
33800.0 -53.062883
34000.0 -48.835874
34200.0 83.72989
34400.0 -31.361889
34600.0 -0.38009947
34800.0 18.207259
35000.0 -26.097174
35200.0 3.4344658
35400.0 12.149108
35600.0 -2.747481
35800.0 -5.5552688
36000.0 -0.38286631
36200.0 -0.88573891
36400.0 -0.40986234
36600.0 -7.4308571
36800.0 -17.456782
37000.0 10.573213
37200.0 52.604902
37400.0 -49.616346
37600.0 -3.0899541
37800.0 28.513581
38000.0 2.6115857
38200.0 9.2955552
38400.0 -35.701683
38600.0 12.460934
38800.0 39.458488
39000.0 -33.986379
39200.0 -13.875311
39400.0 29.948877
39600.0 -2.7095998
39800.0 -14.021005
40000.0 7.0731726
40200.0 24.866572
40400.0 -20.328993
40600.0 -9.0854862
40800.0 -7.2268427
41000.0 2.1564202
41200.0 18.890395
41400.0 -23.04708
41600.0 12.692491
41800.0 26.184605
42000.0 25.634887
42200.0 -21.029065
42400.0 -55.929387
42600.0 14.251381
42800.0 61.983796
43000.0 -6.679764
43200.0 -40.682712
43400.0 -24.991981
43600.0 43.192183
43800.0 30.441007
44000.0 -40.215495
44200.0 -30.742243
44400.0 48.52247
44600.0 -3.9074539
44800.0 -38.04707
45000.0 70.364973
45200.0 6.6548617
45400.0 -29.929906
45600.0 7.8100137
45800.0 18.39808
46000.0 -40.95705
46200.0 26.18126
46400.0 29.563644
46600.0 30.547984
46800.0 -58.833659
47000.0 -12.422603
47200.0 21.043247
47400.0 7.1300629
47600.0 -17.604896
47800.0 7.3659122
48000.0 -12.046261
48200.0 -4.5416611
48400.0 -18.031422
48600.0 12.793785
48800.0 24.607763
49000.0 -31.515865
49200.0 -6.6402049
49400.0 4.7884371
49600.0 55.186704
49800.0 -63.815779
50000.0 3.1902918
50200.0 17.191259
50400.0 4.4150822
50600.0 23.905006
50800.0 -11.686064
51000.0 -0.8973521
51200.0 20.45752
51400.0 -30.500483
51600.0 20.134782
51800.0 -1.3385004
52000.0 -10.351674
52200.0 18.980531
52400.0 12.76213
52600.0 -33.464147
52800.0 28.208153
53000.0 3.6514539
53200.0 1.688544
53400.0 -25.88838
53600.0 21.234936
53800.0 54.845412
54000.0 -80.580345
54200.0 46.398479
54400.0 15.694356
54600.0 -31.514039
54800.0 54.783645
55000.0 -46.426283
55200.0 -24.098939
55400.0 59.598741
55600.0 -7.5915551
55800.0 -14.107394
56000.0 23.504706
56200.0 -30.960447
56400.0 37.280845
56600.0 -15.330001
56800.0 -51.690455
57000.0 48.666923
57200.0 1.56069
57400.0 -17.647961
57600.0 15.813642
57800.0 20.07725
58000.0 8.7690501
58200.0 -13.625524
58400.0 -24.168271
58600.0 4.949645
58800.0 51.755595
59000.0 5.855711
59200.0 -59.616216
59400.0 -4.7660418
59600.0 32.830907
59800.0 22.871893
60000.0 -6.0532008
60200.0 -0.677302
60400.0 -17.883769
60600.0 -27.840866
60800.0 62.363593
61000.0 16.938631
61200.0 -33.121583
61400.0 -52.752366
61600.0 21.931856
61800.0 34.382674
62000.0 -28.652846
62200.0 -3.6527576
62400.0 26.098506
62600.0 -12.29268
62800.0 -0.4134099
63000.0 -10.717546
63200.0 -0.61028695
63400.0 31.140887
63600.0 -9.0910251
63800.0 -27.375762
64000.0 -1.459555
64200.0 -11.474078
64400.0 22.730201
64600.0 29.553165
64800.0 -12.552844
65000.0 -34.494153
65200.0 4.6059999
65400.0 45.09092
65600.0 -20.899618
65800.0 -13.49694
66000.0 4.8682701
66200.0 14.899
66400.0 -13.927486
66600.0 35.33887
66800.0 -9.2411038
67000.0 -5.9730175
67200.0 11.38919
67400.0 2.557692
67600.0 20.606372
67800.0 -33.887806
68000.0 -12.791224
68200.0 62.395131
68400.0 -32.928145
68600.0 -8.8901352
68800.0 13.128987
69000.0 13.277249
69200.0 21.332681
69400.0 -8.0755772
69600.0 -30.737635
69800.0 24.252273
70000.0 51.539934
70200.0 -33.674368
70400.0 4.7704949
70600.0 -34.971796
70800.0 59.793135
71000.0 -23.734003
71200.0 24.370702
71400.0 -2.4212614
71600.0 -20.181975
71800.0 6.5552772
72000.0 -27.093244
72200.0 28.103164
72400.0 -7.6761332
72600.0 2.1567842
72800.0 6.4736603
73000.0 16.568361
73200.0 -39.075547
73400.0 8.1665581
73600.0 31.451179
73800.0 -29.787612
74000.0 38.426225
74200.0 -8.6901905
74400.0 7.2100401
74600.0 -19.245948
74800.0 16.921822
75000.0 -22.508557
75200.0 9.946674
75400.0 19.664675
75600.0 -17.986605
75800.0 -17.238751
76000.0 39.432432
76200.0 -19.827508
76400.0 20.267745
76600.0 -8.494425
76800.0 12.802091
77000.0 -21.48091
77200.0 -1.8229989
77400.0 18.195888
77600.0 4.2881408
77800.0 -17.153027
78000.0 6.1007301
78200.0 35.67484
78400.0 -32.560412
78600.0 -0.76285524
78800.0 -0.60755971
79000.0 14.25962
79200.0 -4.0923855
79400.0 23.394549
79600.0 -15.428275
79800.0 -13.519229
80000.0 22.734476
80200.0 19.648708
80400.0 -26.628504
80600.0 -27.658688
80800.0 36.101961
81000.0 8.0452166
81200.0 21.952048
81400.0 -38.026184
81600.0 -4.8206075
81800.0 17.08785
82000.0 24.416969
82200.0 -48.768268
82400.0 16.905344
82600.0 38.775632
82800.0 -0.48572093
83000.0 -53.450337
83200.0 -10.446759
83400.0 48.023986
83600.0 15.680704
83800.0 -2.1594049
84000.0 -37.213178
84200.0 -8.8434801
84400.0 50.09664
84600.0 20.906972
84800.0 -31.31597
85000.0 -16.565497
85200.0 -19.339463
85400.0 74.202622
85600.0 3.8061753
85800.0 -45.554506
86000.0 -6.2971469
86200.0 43.656474
86400.0 -5.3651986
86600.0 -57.713297
86800.0 44.436869
87000.0 -9.7373308
87200.0 29.608818
87400.0 6.9315317
87600.0 -32.963988
87800.0 0.21110194
88000.0 9.5674596
88200.0 13.837081
88400.0 18.835601
88600.0 9.6484412
88800.0 -53.21896
89000.0 42.777047
89200.0 3.6447268
89400.0 -21.16647
89600.0 -2.4834863
89800.0 -6.812832
90000.0 3.8598944
90200.0 40.299639
90400.0 9.6144792
90600.0 -26.176589
90800.0 -36.622214
91000.0 18.318302
91200.0 11.627296
91400.0 44.31569
91600.0 -38.898843
91800.0 -4.1963157
92000.0 -61.737815
92200.0 54.216599
92400.0 27.345204
92600.0 -30.050585
92800.0 13.831621
93000.0 -42.837691
93200.0 13.862988
93400.0 38.050174
93600.0 -35.766342
93800.0 51.673431
94000.0 -25.059682
94200.0 -59.381861
94400.0 54.646002
94600.0 19.342296
94800.0 -23.248577
95000.0 -44.528062
95200.0 55.403416
95400.0 2.6316669
95600.0 -18.805323
95800.0 16.374278
96000.0 -4.8022232
96200.0 9.2765196
96400.0 4.3225897
96600.0 -12.139165
96800.0 3.1936833
97000.0 -6.7323019
97200.0 -2.9177917
97400.0 7.7269638
97600.0 -0.80473548
97800.0 2.1144925
98000.0 -20.589293
98200.0 -14.171869
98400.0 29.493252
98600.0 47.140521
98800.0 -5.0657944
99000.0 -41.348304
99200.0 8.2242798
99400.0 37.610516
99600.0 0.81360375
99800.0 -26.038878
100000.0 28.99789
