0.0 530.88744
200.0 527.90738
400.0 526.30967
600.0 536.02066
800.0 510.75317
1000.0 539.28913
1200.0 553.32971
1400.0 533.86121
1600.0 530.60599
1800.0 529.80841
2000.0 544.87691
2200.0 511.65091
2400.0 521.9506
2600.0 538.94108
2800.0 532.88306
3000.0 530.00132
3200.0 543.24709
3400.0 524.75165
3600.0 535.60325
3800.0 535.8415
4000.0 519.73745
4200.0 524.75518
4400.0 528.61728
4600.0 525.45033
4800.0 513.70647
5000.0 529.96989
5200.0 528.17229
5400.0 528.73382
5600.0 536.2538
5800.0 537.5126
6000.0 536.39779
6200.0 538.56925
6400.0 532.38238
6600.0 525.5754
6800.0 544.66929
7000.0 550.27519
7200.0 524.774
7400.0 535.46614
7600.0 533.9986
7800.0 523.12493
8000.0 534.47736
8200.0 530.08754
8400.0 523.58884
8600.0 529.84276
8800.0 517.38097
9000.0 524.22262
9200.0 528.39148
9400.0 520.357
9600.0 542.12022
9800.0 529.07458
10000.0 541.37972
10200.0 533.45417
10400.0 531.12867
10600.0 527.3423
10800.0 534.42157
11000.0 545.1907
11200.0 550.22062
11400.0 532.18109
11600.0 523.38489
11800.0 526.92937
12000.0 512.94594
12200.0 546.26178
12400.0 523.61217
12600.0 540.38118
12800.0 534.43335
13000.0 525.04414
13200.0 525.19579
13400.0 541.12574
13600.0 531.61081
13800.0 532.59474
14000.0 558.39802
14200.0 532.23013
14400.0 535.44941
14600.0 534.93116
14800.0 529.18029
15000.0 525.07702
15200.0 527.99658
15400.0 540.83143
15600.0 528.07219
15800.0 516.48356
16000.0 536.33111
16200.0 514.0002
16400.0 523.29894
16600.0 528.97453
16800.0 527.18405
17000.0 548.11053
17200.0 544.29491
17400.0 531.05342
17600.0 512.46525
17800.0 545.30202
18000.0 537.83589
18200.0 509.83012
18400.0 521.89423
18600.0 525.28212
18800.0 515.91626
19000.0 515.68316
19200.0 528.53057
19400.0 510.65004
19600.0 527.96164
19800.0 517.28367
20000.0 522.24997
20200.0 530.16073
20400.0 546.76627
20600.0 517.12123
20800.0 525.62735
21000.0 529.84785
21200.0 538.26667
21400.0 524.50232
21600.0 546.10993
21800.0 535.11107
22000.0 536.68418
22200.0 547.44745
22400.0 536.72871
22600.0 521.63339
22800.0 525.32225
23000.0 527.69443
23200.0 521.10553
23400.0 533.38199
23600.0 533.98019
23800.0 525.80856
24000.0 538.41597
24200.0 526.46732
24400.0 524.52597
24600.0 532.2139
24800.0 531.53076
25000.0 537.05264
25200.0 542.21137
25400.0 545.56189
25600.0 523.77922
25800.0 538.10611
26000.0 529.73071
26200.0 539.79543
26400.0 519.34819
26600.0 529.77492
26800.0 526.6698
27000.0 519.9001
27200.0 518.97029
27400.0 526.36366
27600.0 523.32611
27800.0 525.90888
28000.0 543.72487
28200.0 537.47385
28400.0 533.87298
28600.0 533.0602
28800.0 538.21375
29000.0 527.30488
29200.0 529.71917
29400.0 523.95018
29600.0 522.01308
29800.0 521.32916
30000.0 539.28024
30200.0 536.22864
30400.0 535.59972
30600.0 540.60161
30800.0 546.25066
31000.0 525.95862
31200.0 549.07967
31400.0 536.80299
31600.0 542.92784
31800.0 535.17795
32000.0 526.63105
32200.0 520.22055
32400.0 518.34269
32600.0 533.64591
32800.0 533.14978
33000.0 533.0181
33200.0 529.13176
33400.0 551.8346
33600.0 544.31769
33800.0 526.61399
34000.0 519.31506
34200.0 534.98547
34400.0 524.99543
34600.0 520.66052
34800.0 522.90722
35000.0 522.61955
35200.0 514.20955
35400.0 519.68768
35600.0 530.09678
35800.0 534.6703
36000.0 516.71186
36200.0 537.00959
36400.0 531.21876
36600.0 538.92532
36800.0 516.51191
37000.0 532.1077
37200.0 537.67329
37400.0 537.4865
37600.0 548.70414
37800.0 538.5571
38000.0 537.02852
38200.0 557.89505
38400.0 548.32595
38600.0 544.39098
38800.0 535.01332
39000.0 525.396
39200.0 540.25544
39400.0 532.27209
39600.0 540.30408
39800.0 527.03371
40000.0 534.0937
40200.0 535.24478
40400.0 519.30503
40600.0 520.87176
40800.0 526.23677
41000.0 532.22441
41200.0 511.00168
41400.0 533.18699
41600.0 509.82874
41800.0 520.29778
42000.0 548.78744
42200.0 532.73605
42400.0 513.07787
42600.0 532.25558
42800.0 533.3074
43000.0 540.89539
43200.0 534.41011
43400.0 538.08562
43600.0 542.69121
43800.0 520.83045
44000.0 528.72213
44200.0 537.87727
44400.0 525.56853
44600.0 523.70009
44800.0 520.52434
45000.0 516.45134
45200.0 524.44585
45400.0 523.04639
45600.0 523.62901
45800.0 534.07102
46000.0 539.229
46200.0 513.71081
46400.0 537.71286
46600.0 531.11048
46800.0 540.11283
47000.0 530.72464
47200.0 533.03967
47400.0 535.20508
47600.0 532.87411
47800.0 517.20445
48000.0 521.77917
48200.0 527.47686
48400.0 527.23687
48600.0 516.1187
48800.0 525.88054
49000.0 530.70614
49200.0 533.98664
49400.0 529.48683
49600.0 529.44318
49800.0 538.43395
50000.0 539.33473
50200.0 525.86353
50400.0 541.37442
50600.0 533.41745
50800.0 529.87691
51000.0 530.45222
51200.0 533.64339
51400.0 525.19064
51600.0 535.88348
51800.0 511.02916
52000.0 514.90655
52200.0 519.52561
52400.0 523.61676
52600.0 517.43523
52800.0 526.85606
53000.0 528.758
53200.0 516.86393
53400.0 533.24555
53600.0 528.60764
53800.0 526.71185
54000.0 530.03228
54200.0 538.05942
54400.0 539.00743
54600.0 534.33207
54800.0 521.81382
55000.0 526.44994
55200.0 537.97608
55400.0 531.04992
55600.0 520.27123
55800.0 520.37807
56000.0 513.88724
56200.0 523.26997
56400.0 531.07467
56600.0 518.67579
56800.0 527.25379
57000.0 523.7675
57200.0 539.70207
57400.0 521.46252
57600.0 533.01906
57800.0 546.53751
58000.0 539.15709
58200.0 538.0798
58400.0 518.55193
58600.0 518.40385
58800.0 540.18626
59000.0 524.14463
59200.0 525.67395
59400.0 515.86285
59600.0 510.9794
59800.0 524.62681
60000.0 518.67857
60200.0 507.53051
60400.0 521.70964
60600.0 524.26535
60800.0 539.04604
61000.0 523.21739
61200.0 527.90813
61400.0 535.8522
61600.0 536.52915
61800.0 524.15197
62000.0 517.54872
62200.0 544.50798
62400.0 536.08036
62600.0 536.97956
62800.0 545.32958
63000.0 544.19921
63200.0 533.93074
63400.0 533.22115
63600.0 526.90055
63800.0 532.42573
64000.0 516.42934
64200.0 530.89734
64400.0 519.11601
64600.0 524.15243
64800.0 532.25607
65000.0 528.70122
65200.0 532.23342
65400.0 539.07557
65600.0 528.33179
65800.0 543.83283
66000.0 548.36214
66200.0 537.32958
66400.0 519.46483
66600.0 530.08433
66800.0 536.0239
67000.0 522.00599
67200.0 536.19664
67400.0 534.05238
67600.0 525.37008
67800.0 525.10172
68000.0 549.95333
68200.0 530.9044
68400.0 524.92721
68600.0 523.5001
68800.0 525.12343
69000.0 532.33298
69200.0 530.76198
69400.0 503.44841
69600.0 532.73455
69800.0 524.48206
70000.0 529.60307
70200.0 542.87248
70400.0 532.97617
70600.0 519.1858
70800.0 532.04507
71000.0 534.31008
71200.0 539.0408
71400.0 550.91688
71600.0 529.52054
71800.0 536.43626
72000.0 539.91479
72200.0 532.17495
72400.0 510.33468
72600.0 519.3744
72800.0 548.81369
73000.0 545.30744
73200.0 515.69302
73400.0 529.36748
73600.0 540.61972
73800.0 528.71211
74000.0 548.38449
74200.0 523.12767
74400.0 544.99399
74600.0 529.79169
74800.0 542.65421
75000.0 521.29209
75200.0 523.27894
75400.0 525.22638
75600.0 521.42791
75800.0 524.24312
76000.0 530.18955
76200.0 536.99965
76400.0 532.87544
76600.0 547.59283
76800.0 527.05049
77000.0 530.02331
77200.0 542.09893
77400.0 537.34243
77600.0 542.52652
77800.0 537.98706
78000.0 531.72867
78200.0 521.03149
78400.0 547.57941
78600.0 537.32587
78800.0 530.19441
79000.0 516.05244
79200.0 536.42802
79400.0 534.69624
79600.0 521.11804
79800.0 523.40748
80000.0 531.48043
80200.0 537.26666
80400.0 527.30735
80600.0 521.19986
80800.0 532.62432
81000.0 527.53386
81200.0 538.65499
81400.0 537.96225
81600.0 536.14168
81800.0 535.71757
82000.0 544.41028
82200.0 526.99779
82400.0 532.6457
82600.0 541.68498
82800.0 534.09699
83000.0 516.2518
83200.0 524.79567
83400.0 545.95475
83600.0 523.1077
83800.0 516.30369
84000.0 530.09932
84200.0 512.43473
84400.0 523.27929
84600.0 539.8274
84800.0 520.38227
85000.0 538.28452
85200.0 521.23779
85400.0 529.07837
85600.0 543.76498
85800.0 543.78138
86000.0 535.59115
86200.0 543.25154
86400.0 528.31155
86600.0 530.97097
86800.0 532.29839
87000.0 512.30683
87200.0 536.86876
87400.0 535.97975
87600.0 525.02675
87800.0 521.93314
88000.0 519.32186
88200.0 544.82152
88400.0 544.06907
88600.0 547.88423
88800.0 535.79794
89000.0 538.20274
89200.0 530.06438
89400.0 531.31744
89600.0 530.54975
89800.0 513.92033
90000.0 522.4439
90200.0 529.65823
90400.0 531.53996
90600.0 507.59935
90800.0 519.81097
91000.0 534.60764
91200.0 528.25585
91400.0 518.91038
91600.0 524.28116
91800.0 530.37986
92000.0 542.91542
92200.0 538.062
92400.0 529.34391
92600.0 545.37458
92800.0 523.09877
93000.0 516.33046
93200.0 533.22387
93400.0 528.14486
93600.0 526.73385
93800.0 522.43519
94000.0 518.01538
94200.0 511.83225
94400.0 502.10252
94600.0 528.77766
94800.0 524.64468
95000.0 535.52909
95200.0 519.80568
95400.0 520.53088
95600.0 524.03416
95800.0 538.02789
96000.0 533.53116
96200.0 528.76231
96400.0 531.52347
96600.0 547.48703
96800.0 524.0286
97000.0 536.48796
97200.0 520.13726
97400.0 521.90663
97600.0 512.82249
97800.0 520.40467
98000.0 522.20683
98200.0 520.15423
98400.0 529.06872
98600.0 542.15104
98800.0 524.63465
99000.0 529.77463
99200.0 527.92317
99400.0 530.12196
99600.0 531.82572
99800.0 522.17617
100000.0 538.55445
