0.0 -4442.695
200.0 -4443.9811
400.0 -4444.1631
600.0 -4444.0662
800.0 -4443.6768
1000.0 -4448.0485
1200.0 -4452.8948
1400.0 -4461.8034
1600.0 -4470.1609
1800.0 -4473.5014
2000.0 -4473.0479
2200.0 -4469.5917
2400.0 -4460.2188
2600.0 -4449.7645
2800.0 -4446.5152
3000.0 -4441.499
3200.0 -4435.2223
3400.0 -4432.6637
3600.0 -4428.2953
3800.0 -4423.3863
4000.0 -4423.2286
4200.0 -4427.4318
4400.0 -4434.8176
4600.0 -4444.0668
4800.0 -4448.6723
5000.0 -4449.6652
5200.0 -4450.3629
5400.0 -4448.5793
5600.0 -4447.3574
5800.0 -4445.1243
6000.0 -4442.9403
6200.0 -4441.5004
6400.0 -4435.9152
6600.0 -4425.94
6800.0 -4414.9565
7000.0 -4410.9051
7200.0 -4411.2794
7400.0 -4414.453
7600.0 -4421.3122
7800.0 -4428.335
8000.0 -4434.6373
8200.0 -4438.9434
8400.0 -4441.3783
8600.0 -4440.25
8800.0 -4437.9022
9000.0 -4438.82
9200.0 -4441.2313
9400.0 -4442.6989
9600.0 -4443.6181
9800.0 -4445.6418
10000.0 -4449.1597
10200.0 -4452.8144
10400.0 -4453.3184
10600.0 -4451.7011
10800.0 -4447.6827
11000.0 -4444.222
11200.0 -4442.226
11400.0 -4436.3711
11600.0 -4428.4705
11800.0 -4423.1859
12000.0 -4420.9577
12200.0 -4419.4716
12400.0 -4415.766
12600.0 -4415.3711
12800.0 -4423.6222
13000.0 -4436.9919
13200.0 -4446.4811
13400.0 -4451.0704
13600.0 -4454.2134
13800.0 -4454.6028
14000.0 -4451.3821
14200.0 -4447.1035
14400.0 -4440.9929
14600.0 -4434.9122
14800.0 -4432.0725
15000.0 -4427.8965
15200.0 -4421.8903
15400.0 -4415.3978
15600.0 -4408.8021
15800.0 -4405.8665
16000.0 -4406.8351
16200.0 -4411.958
16400.0 -4421.2515
16600.0 -4430.4712
16800.0 -4437.4733
17000.0 -4441.8037
17200.0 -4443.9259
17400.0 -4447.8998
17600.0 -4452.6492
17800.0 -4456.1941
18000.0 -4458.2446
18200.0 -4457.1627
18400.0 -4452.0743
18600.0 -4441.2826
18800.0 -4431.3116
19000.0 -4427.1797
19200.0 -4424.969
19400.0 -4423.9302
19600.0 -4423.196
19800.0 -4425.0714
20000.0 -4431.6237
20200.0 -4438.2435
20400.0 -4445.5571
20600.0 -4453.4986
20800.0 -4455.71
21000.0 -4456.0964
21200.0 -4456.02
21400.0 -4455.184
21600.0 -4452.7863
21800.0 -4448.6711
22000.0 -4444.064
22200.0 -4440.219
22400.0 -4436.5849
22600.0 -4432.975
22800.0 -4429.0276
23000.0 -4426.57
23200.0 -4423.1021
23400.0 -4414.6834
23600.0 -4405.9225
23800.0 -4401.9132
24000.0 -4406.0854
24200.0 -4416.1664
24400.0 -4422.1455
24600.0 -4426.0694
24800.0 -4430.5781
25000.0 -4433.8673
25200.0 -4436.8716
25400.0 -4439.8057
25600.0 -4444.0084
25800.0 -4448.1942
26000.0 -4449.5142
26200.0 -4451.2873
26400.0 -4450.4288
26600.0 -4444.2941
26800.0 -4435.4508
27000.0 -4428.642
27200.0 -4425.4009
27400.0 -4422.0202
27600.0 -4419.1208
27800.0 -4421.8075
28000.0 -4426.3861
28200.0 -4432.3098
28400.0 -4441.2964
28600.0 -4449.9876
28800.0 -4457.9449
29000.0 -4459.965
29200.0 -4459.4785
29400.0 -4459.256
29600.0 -4454.8931
29800.0 -4449.609
30000.0 -4443.9582
30200.0 -4440.2205
30400.0 -4441.4958
30600.0 -4440.1631
30800.0 -4437.1801
31000.0 -4434.6796
31200.0 -4434.1608
31400.0 -4433.3865
31600.0 -4432.7597
31800.0 -4435.7361
32000.0 -4440.111
32200.0 -4445.5648
32400.0 -4451.1685
32600.0 -4459.8126
32800.0 -4470.3479
33000.0 -4474.619
33200.0 -4474.3739
33400.0 -4470.2967
33600.0 -4462.4926
33800.0 -4455.8948
34000.0 -4450.9841
34200.0 -4448.1503
34400.0 -4445.9642
34600.0 -4441.6534
34800.0 -4438.668
35000.0 -4434.5361
35200.0 -4431.1976
35400.0 -4430.1944
35600.0 -4428.9616
35800.0 -4425.3067
36000.0 -4421.9723
36200.0 -4420.4569
36400.0 -4420.7676
36600.0 -4424.3043
36800.0 -4431.3502
37000.0 -4438.3778
37200.0 -4443.1309
37400.0 -4447.7985
37600.0 -4451.6587
37800.0 -4455.775
38000.0 -4458.1885
38200.0 -4458.4057
38400.0 -4456.3618
38600.0 -4449.3869
38800.0 -4439.7808
39000.0 -4430.5675
39200.0 -4423.6881
39400.0 -4419.589
39600.0 -4418.7311
39800.0 -4420.9752
40000.0 -4423.1449
40200.0 -4426.1208
40400.0 -4434.693
40600.0 -4444.6359
40800.0 -4451.843
41000.0 -4454.7235
41200.0 -4454.5326
41400.0 -4453.3826
41600.0 -4450.4624
41800.0 -4447.5212
42000.0 -4446.5166
42200.0 -4445.1005
42400.0 -4439.4027
42600.0 -4429.3237
42800.0 -4421.2353
43000.0 -4417.653
43200.0 -4413.3899
43400.0 -4411.401
43600.0 -4412.9312
43800.0 -4416.3068
44000.0 -4421.1291
44200.0 -4423.9761
44400.0 -4428.7627
44600.0 -4431.2378
44800.0 -4434.6019
45000.0 -4437.7487
45200.0 -4441.1287
45400.0 -4444.9164
45600.0 -4447.2101
45800.0 -4452.9708
46000.0 -4457.7479
46200.0 -4459.7785
46400.0 -4458.62
46600.0 -4454.0127
46800.0 -4446.9443
47000.0 -4437.4119
47200.0 -4427.8715
47400.0 -4422.1651
47600.0 -4418.7876
47800.0 -4420.4446
48000.0 -4425.755
48200.0 -4431.8544
48400.0 -4440.3982
48600.0 -4445.1843
48800.0 -4446.4612
49000.0 -4445.5197
49200.0 -4444.3616
49400.0 -4443.0123
49600.0 -4442.5359
49800.0 -4443.4259
50000.0 -4445.1202
50200.0 -4444.8932
50400.0 -4440.2527
50600.0 -4435.3452
50800.0 -4429.8613
51000.0 -4427.0537
51200.0 -4425.1146
51400.0 -4424.0969
51600.0 -4425.4147
51800.0 -4429.9615
52000.0 -4436.7935
52200.0 -4443.5873
52400.0 -4451.5493
52600.0 -4456.3464
52800.0 -4459.0219
53000.0 -4458.6795
53200.0 -4456.3
53400.0 -4454.247
53600.0 -4450.5192
53800.0 -4445.7482
54000.0 -4442.175
54200.0 -4439.6072
54400.0 -4437.0279
54600.0 -4436.5254
54800.0 -4435.4982
55000.0 -4436.313
55200.0 -4438.7085
55400.0 -4443.8931
55600.0 -4447.6935
55800.0 -4449.9765
56000.0 -4452.6164
56200.0 -4455.1249
56400.0 -4458.3168
56600.0 -4460.4824
56800.0 -4461.3248
57000.0 -4458.1412
57200.0 -4452.9627
57400.0 -4443.7268
57600.0 -4435.3649
57800.0 -4431.7066
58000.0 -4430.5872
58200.0 -4428.7833
58400.0 -4426.7212
58600.0 -4423.9376
58800.0 -4423.9138
59000.0 -4426.5887
59200.0 -4432.1978
59400.0 -4440.1196
59600.0 -4449.9467
59800.0 -4457.8032
60000.0 -4462.4316
60200.0 -4462.1221
60400.0 -4459.5992
60600.0 -4454.2644
60800.0 -4448.4489
61000.0 -4443.8143
61200.0 -4437.2729
61400.0 -4432.6352
61600.0 -4429.6127
61800.0 -4428.9725
62000.0 -4431.8918
62200.0 -4433.1614
62400.0 -4435.2448
62600.0 -4437.7645
62800.0 -4439.013
63000.0 -4440.1597
63200.0 -4438.9609
63400.0 -4438.9166
63600.0 -4442.3992
63800.0 -4447.8179
64000.0 -4450.3714
64200.0 -4449.7376
64400.0 -4450.0603
64600.0 -4452.2341
64800.0 -4452.099
65000.0 -4448.4776
65200.0 -4444.334
65400.0 -4441.716
65600.0 -4437.9647
65800.0 -4430.1429
66000.0 -4421.1396
66200.0 -4416.1296
66400.0 -4414.9102
66600.0 -4416.551
66800.0 -4422.091
67000.0 -4426.6857
67200.0 -4432.7385
67400.0 -4439.5058
67600.0 -4441.7402
67800.0 -4442.3772
68000.0 -4441.7328
68200.0 -4438.8061
68400.0 -4435.5284
68600.0 -4434.2643
68800.0 -4435.0282
69000.0 -4434.4989
69200.0 -4434.1935
69400.0 -4432.4657
69600.0 -4433.0642
69800.0 -4435.9829
70000.0 -4440.9007
70200.0 -4446.3573
70400.0 -4449.4537
70600.0 -4453.71
70800.0 -4457.1253
71000.0 -4457.2472
71200.0 -4455.7404
71400.0 -4449.0651
71600.0 -4440.71
71800.0 -4434.6284
72000.0 -4425.3695
72200.0 -4418.4699
72400.0 -4415.8919
72600.0 -4415.9438
72800.0 -4420.5976
73000.0 -4426.3558
73200.0 -4432.8199
73400.0 -4436.8078
73600.0 -4439.8838
73800.0 -4442.1302
74000.0 -4440.863
74200.0 -4440.1893
74400.0 -4440.6613
74600.0 -4440.5147
74800.0 -4440.421
75000.0 -4441.5276
75200.0 -4446.0085
75400.0 -4449.4225
75600.0 -4450.9245
75800.0 -4452.8157
76000.0 -4454.7178
76200.0 -4453.2871
76400.0 -4446.9619
76600.0 -4443.0535
76800.0 -4438.3694
77000.0 -4432.3159
77200.0 -4426.4427
77400.0 -4423.575
77600.0 -4427.3321
77800.0 -4431.1691
78000.0 -4436.9937
78200.0 -4448.7721
78400.0 -4458.7836
78600.0 -4464.4254
78800.0 -4466.8818
79000.0 -4466.2262
79200.0 -4464.8043
79400.0 -4460.9887
79600.0 -4456.4574
79800.0 -4451.2859
80000.0 -4443.7159
80200.0 -4439.4399
80400.0 -4438.6003
80600.0 -4439.1839
80800.0 -4440.2836
81000.0 -4439.9793
81200.0 -4435.4075
81400.0 -4431.582
81600.0 -4428.9134
81800.0 -4423.2327
82000.0 -4417.9457
82200.0 -4412.3325
82400.0 -4406.5261
82600.0 -4403.3007
82800.0 -4401.8167
83000.0 -4408.3619
83200.0 -4418.8471
83400.0 -4429.8451
83600.0 -4437.75
83800.0 -4442.1842
84000.0 -4444.1279
84200.0 -4446.3056
84400.0 -4450.2893
84600.0 -4451.9584
84800.0 -4451.273
85000.0 -4448.9549
85200.0 -4442.9159
85400.0 -4435.6337
85600.0 -4427.9933
85800.0 -4423.3057
86000.0 -4418.922
86200.0 -4417.4005
86400.0 -4421.0723
86600.0 -4428.8301
86800.0 -4442.8063
87000.0 -4452.785
87200.0 -4457.2085
87400.0 -4458.9994
87600.0 -4457.037
87800.0 -4451.0076
88000.0 -4442.9033
88200.0 -4439.9433
88400.0 -4439.1079
88600.0 -4435.0536
88800.0 -4429.5444
89000.0 -4428.6573
89200.0 -4431.5516
89400.0 -4433.8312
89600.0 -4436.8254
89800.0 -4447.5552
90000.0 -4459.2315
90200.0 -4463.9283
90400.0 -4465.4691
90600.0 -4465.745
90800.0 -4463.2758
91000.0 -4458.2365
91200.0 -4449.5029
91400.0 -4441.9567
91600.0 -4440.032
91800.0 -4440.1235
92000.0 -4439.5067
92200.0 -4438.8026
92400.0 -4439.4371
92600.0 -4440.2001
92800.0 -4442.9411
93000.0 -4443.7913
93200.0 -4441.2213
93400.0 -4436.8886
93600.0 -4434.0053
93800.0 -4432.5419
94000.0 -4430.055
94200.0 -4426.0758
94400.0 -4421.1996
94600.0 -4416.2456
94800.0 -4414.1147
95000.0 -4416.4932
95200.0 -4425.0523
95400.0 -4436.0113
95600.0 -4442.7278
95800.0 -4445.5554
96000.0 -4446.5146
96200.0 -4446.6303
96400.0 -4446.7666
96600.0 -4444.5943
96800.0 -4441.3442
97000.0 -4436.0238
97200.0 -4426.1454
97400.0 -4417.8709
97600.0 -4412.6385
97800.0 -4409.4531
98000.0 -4413.5162
98200.0 -4418.5356
98400.0 -4422.5386
98600.0 -4425.8595
98800.0 -4428.7187
99000.0 -4432.9241
99200.0 -4437.7275
99400.0 -4442.7691
99600.0 -4446.6686
99800.0 -4448.2731
100000.0 -4448.3331
