0.0 1.043751
200.0 1.0409397
400.0 1.0261255
600.0 0.99990117
800.0 0.97450769
1000.0 0.96020648
1200.0 0.96078968
1400.0 0.97191464
1600.0 0.99389684
1800.0 1.0254125
2000.0 1.0233333
2200.0 1.022468
2400.0 1.0012154
2600.0 0.98976062
2800.0 0.98623288
3000.0 0.99180223
3200.0 0.98993479
3400.0 1.0094253
3600.0 1.0111905
3800.0 1.0221568
4000.0 1.0276943
4200.0 1.021735
4400.0 0.9862569
4600.0 0.94692674
4800.0 0.92385017
5000.0 0.92308403
5200.0 0.94654396
5400.0 0.99812008
5600.0 1.0496005
5800.0 1.0540804
6000.0 1.0469038
6200.0 1.0387057
6400.0 0.99948995
6600.0 0.98433351
6800.0 0.9781643
7000.0 0.97508669
7200.0 0.98318365
7400.0 1.0071117
7600.0 1.0264756
7800.0 1.0262076
8000.0 1.0122715
8200.0 0.99100614
8400.0 0.96249407
8600.0 0.94699163
8800.0 0.95063732
9000.0 0.98181147
9200.0 1.0433419
9400.0 1.0764243
9600.0 1.0917654
9800.0 1.0808528
10000.0 1.0290174
10200.0 0.99224956
10400.0 0.97908309
10600.0 0.97965618
10800.0 0.98768074
11000.0 1.0001281
11200.0 1.0099775
11400.0 1.0237018
11600.0 1.018559
11800.0 1.0010129
12000.0 0.98215721
12200.0 0.96486503
12400.0 0.95881644
12600.0 0.96766243
12800.0 0.97782287
13000.0 1.0089668
13200.0 1.0432506
13400.0 1.0666475
13600.0 1.0656548
13800.0 1.0383189
14000.0 1.0006585
14200.0 0.97162303
14400.0 0.96305195
14600.0 0.98706957
14800.0 0.99449443
15000.0 1.0062459
15200.0 1.021271
15400.0 1.012187
15600.0 1.0096039
15800.0 0.99433175
16000.0 0.9951092
16200.0 1.0027671
16400.0 0.98970829
16600.0 0.9855883
16800.0 0.99661867
17000.0 1.0176211
17200.0 1.0268463
17400.0 1.0155352
17600.0 0.98730618
17800.0 0.94695063
18000.0 0.92122724
18200.0 0.92673361
18400.0 0.94978511
18600.0 0.99394653
18800.0 1.0260341
19000.0 1.0470633
19200.0 1.0424628
19400.0 1.0238838
19600.0 1.0158038
19800.0 1.0014085
20000.0 0.98761835
20200.0 0.98610458
20400.0 0.98060666
20600.0 0.98887335
20800.0 1.0014769
21000.0 1.0254059
21200.0 1.0172802
21400.0 1.0162757
21600.0 0.98292092
21800.0 0.95442272
22000.0 0.94433408
22200.0 0.94970331
22400.0 0.97654823
22600.0 1.0221249
22800.0 1.0621662
23000.0 1.0792536
23200.0 1.061165
23400.0 1.0183712
23600.0 0.97392223
23800.0 0.95724386
24000.0 0.963071
24200.0 0.9896952
24400.0 1.0182251
24600.0 1.020461
24800.0 1.0178413
25000.0 1.024708
25200.0 1.0086782
25400.0 0.98955817
25600.0 0.98798895
25800.0 0.96555472
26000.0 0.96535569
26200.0 0.97763112
26400.0 1.0105179
26600.0 1.0333246
26800.0 1.0568235
27000.0 1.044339
27200.0 1.0123546
27400.0 0.97946339
27600.0 0.96310189
27800.0 0.95298106
28000.0 0.96014565
28200.0 0.97719568
28400.0 0.99800764
28600.0 1.0137817
28800.0 1.021789
29000.0 1.0240187
29200.0 1.0165146
29400.0 1.0084398
29600.0 1.0013193
29800.0 0.99672423
30000.0 0.99047602
30200.0 1.0041995
30400.0 1.0221006
30600.0 1.0391766
30800.0 1.0200176
31000.0 0.99509115
31200.0 0.96924249
31400.0 0.95675625
31600.0 0.94314671
31800.0 0.95718419
32000.0 0.97158614
32200.0 0.99126076
32400.0 1.0075045
32600.0 1.0169762
32800.0 1.0134009
33000.0 0.99202305
33200.0 0.98151237
33400.0 1.003676
33600.0 1.0076025
33800.0 1.0106364
34000.0 1.0165483
34200.0 1.0240342
34400.0 1.029758
34600.0 1.0172009
34800.0 1.0043096
35000.0 0.99382548
35200.0 0.98962943
35400.0 0.99209122
35600.0 0.99187001
35800.0 1.0041983
36000.0 1.0095803
36200.0 0.99381656
36400.0 0.9770813
36600.0 0.96210238
36800.0 0.96528176
37000.0 0.97307592
37200.0 0.98678996
37400.0 1.0086574
37600.0 1.0307078
37800.0 1.0300599
38000.0 1.0190776
38200.0 1.0026195
38400.0 0.97583173
38600.0 0.96525192
38800.0 0.95961486
39000.0 0.98759475
39200.0 1.018896
39400.0 1.0407052
39600.0 1.0538973
39800.0 1.0413225
40000.0 1.0205154
40200.0 1.0050448
40400.0 0.98894924
40600.0 0.97928846
40800.0 0.99439367
41000.0 1.0185576
41200.0 1.0267337
41400.0 1.0142176
41600.0 0.99328798
41800.0 0.98126389
42000.0 0.96395912
42200.0 0.95838059
42400.0 0.97102704
42600.0 0.99035912
42800.0 1.0055383
43000.0 1.0194216
43200.0 1.0179608
43400.0 1.0128377
43600.0 1.0053943
43800.0 0.9988793
44000.0 0.99350003
44200.0 0.99809069
44400.0 1.0090007
44600.0 1.0383979
44800.0 1.0465321
45000.0 1.031329
45200.0 1.0050125
45400.0 0.96916945
45600.0 0.94122132
45800.0 0.93950572
46000.0 0.96131296
46200.0 0.98272027
46400.0 1.0061841
46600.0 1.0285006
46800.0 1.0400829
47000.0 1.0246765
47200.0 0.98812856
47400.0 0.96072106
47600.0 0.95632194
47800.0 0.97104767
48000.0 1.0002435
48200.0 1.0411762
48400.0 1.0326126
48600.0 1.0295818
48800.0 1.0209104
49000.0 1.0030682
49200.0 0.96725167
49400.0 0.95710524
49600.0 0.97192201
49800.0 0.98468894
50000.0 1.0214353
50200.0 1.048241
50400.0 1.0717635
50600.0 1.0578223
50800.0 1.0291952
51000.0 1.0005412
51200.0 0.97543807
51400.0 0.95868524
51600.0 0.9648443
51800.0 0.97940107
52000.0 0.99429019
52200.0 1.0059692
52400.0 1.003017
52600.0 0.99952312
52800.0 0.98623449
53000.0 0.97665758
53200.0 0.97853498
53400.0 0.99528913
53600.0 1.0009691
53800.0 1.0059308
54000.0 1.0138349
54200.0 1.013159
54400.0 1.0223246
54600.0 1.0267985
54800.0 1.0331041
55000.0 1.04563
55200.0 1.0591356
55400.0 1.043125
55600.0 1.0182272
55800.0 0.99309922
56000.0 0.97710294
56200.0 0.982385
56400.0 0.9838556
56600.0 0.97754683
56800.0 0.9825715
57000.0 0.99298512
57200.0 0.99896297
57400.0 1.0076494
57600.0 1.0163288
57800.0 1.0052599
58000.0 1.0005734
58200.0 0.99675894
58400.0 0.99575267
58600.0 0.99658021
58800.0 1.008371
59000.0 1.0188258
59200.0 1.0274853
59400.0 1.0445386
59600.0 1.049264
59800.0 1.0337764
60000.0 1.0090352
60200.0 0.97975004
60400.0 0.96418915
60600.0 0.96671469
60800.0 0.98087101
61000.0 0.98693069
61200.0 0.9929414
61400.0 0.99236744
61600.0 0.97909117
61800.0 0.97310927
62000.0 0.97854101
62200.0 0.9997399
62400.0 1.0184876
62600.0 1.0320507
62800.0 1.0313362
63000.0 1.0326657
63200.0 1.019903
63400.0 1.009465
63600.0 0.99879956
63800.0 0.99881958
64000.0 1.0043558
64200.0 1.0166301
64400.0 1.0181342
64600.0 1.0077223
64800.0 0.988506
65000.0 0.984033
65200.0 0.96711011
65400.0 0.95966458
65600.0 0.96679002
65800.0 0.97907811
66000.0 1.0082591
66200.0 1.0327396
66400.0 1.0399926
66600.0 1.0384133
66800.0 1.0056658
67000.0 0.97520836
67200.0 0.9627371
67400.0 0.96706299
67600.0 0.98210662
67800.0 1.0109388
68000.0 1.0317424
68200.0 1.0419479
68400.0 1.0434533
68600.0 1.0084141
68800.0 0.97324766
69000.0 0.94559022
69200.0 0.93560573
69400.0 0.95453428
69600.0 0.98920053
69800.0 1.0185059
70000.0 1.0452447
70200.0 1.0596671
70400.0 1.056426
70600.0 1.0401904
70800.0 1.0163737
71000.0 0.99179084
71200.0 0.98074624
71400.0 0.98349741
71600.0 0.99405374
71800.0 1.0021216
72000.0 0.99754068
72200.0 0.98168018
72400.0 0.97081882
72600.0 0.95918549
72800.0 0.95289366
73000.0 0.96275469
73200.0 0.98711216
73400.0 1.0198283
73600.0 1.027007
73800.0 1.0221896
74000.0 1.0036049
74200.0 0.9977531
74400.0 1.0005907
74600.0 1.0094657
74800.0 1.0207378
75000.0 1.0348076
75200.0 1.0404651
75400.0 1.0404749
75600.0 1.0212231
75800.0 1.0028295
76000.0 0.97959259
76200.0 0.97018909
76400.0 0.97636252
76600.0 0.99103898
76800.0 0.9818686
77000.0 0.972467
77200.0 0.97324417
77400.0 0.97364888
77600.0 0.97298185
77800.0 0.9853523
78000.0 0.99818303
78200.0 1.0314823
78400.0 1.0366257
78600.0 1.0422883
78800.0 1.0370152
79000.0 1.0393197
79200.0 1.0330769
79400.0 1.0220065
79600.0 1.0194564
79800.0 1.0045798
80000.0 0.99629586
80200.0 0.9971589
80400.0 0.99075599
80600.0 0.98575307
80800.0 0.98764125
81000.0 0.99074749
81200.0 0.99900203
81400.0 0.98773137
81600.0 0.98692982
81800.0 0.99311971
82000.0 1.0034708
82200.0 1.0015337
82400.0 1.0032198
82600.0 0.9915064
82800.0 1.0113467
83000.0 1.0504253
83200.0 1.0796749
83400.0 1.0993717
83600.0 1.0965255
83800.0 1.0705099
84000.0 1.0460662
84200.0 1.0369101
84400.0 1.0370817
84600.0 1.0259936
84800.0 1.0036828
85000.0 0.99069688
85200.0 0.97977609
85400.0 0.96805378
85600.0 0.96557127
85800.0 0.97580138
86000.0 0.99299708
86200.0 1.014532
86400.0 1.0153823
86600.0 1.0206471
86800.0 1.0128685
87000.0 0.99793632
87200.0 0.98300382
87400.0 0.98100744
87600.0 0.98532505
87800.0 1.0039404
88000.0 1.0342165
88200.0 1.0611265
88400.0 1.0764734
88600.0 1.0589427
88800.0 1.0093427
89000.0 0.9585878
89200.0 0.9349176
89400.0 0.94171207
89600.0 0.97101698
89800.0 1.0004943
90000.0 1.0270004
90200.0 1.0253181
90400.0 1.0219816
90600.0 1.0166234
90800.0 0.99060857
91000.0 0.971158
91200.0 0.96895229
91400.0 0.98236393
91600.0 0.99775997
91800.0 1.041323
92000.0 1.0820179
92200.0 1.0839976
92400.0 1.0547874
92600.0 1.0236979
92800.0 1.0038413
93000.0 0.97628051
93200.0 0.963905
93400.0 0.96524813
93600.0 0.97845116
93800.0 1.0016649
94000.0 1.0030497
94200.0 1.0038623
94400.0 1.0072856
94600.0 0.98449172
94800.0 0.97052983
95000.0 0.97419484
95200.0 0.99237105
95400.0 1.0222826
95600.0 1.0517619
95800.0 1.059326
96000.0 1.0679667
96200.0 1.0467245
96400.0 1.0229199
96600.0 0.99222765
96800.0 0.98286764
97000.0 0.98255116
97200.0 1.0151434
97400.0 1.0100511
97600.0 0.99617714
97800.0 0.99462114
98000.0 0.98514232
98200.0 0.98412957
98400.0 0.99182523
98600.0 0.99119278
98800.0 0.98335521
99000.0 0.98892825
99200.0 1.0045981
99400.0 1.0180814
99600.0 1.0194565
99800.0 1.0155649
100000.0 1.0160406
