0.0 717.10387
200.0 737.44181
400.0 728.53618
600.0 723.87419
800.0 761.16429
1000.0 760.3165
1200.0 727.21302
1400.0 732.03901
1600.0 740.71345
1800.0 735.08068
2000.0 741.36502
2200.0 718.77418
2400.0 718.68545
2600.0 732.19299
2800.0 748.48271
3000.0 756.06214
3200.0 740.14032
3400.0 754.09179
3600.0 727.98682
3800.0 739.50196
4000.0 728.11593
4200.0 724.07137
4400.0 769.46634
4600.0 755.44601
4800.0 724.40235
5000.0 717.57108
5200.0 724.18206
5400.0 737.91435
5600.0 734.63571
5800.0 738.19262
6000.0 743.47146
6200.0 740.00195
6400.0 741.61596
6600.0 741.24634
6800.0 740.45576
7000.0 753.26264
7200.0 760.18158
7400.0 746.10641
7600.0 746.42154
7800.0 744.56849
8000.0 750.5799
8200.0 733.9504
8400.0 749.14115
8600.0 720.80355
8800.0 738.29882
9000.0 731.07058
9200.0 731.2158
9400.0 768.2075
9600.0 741.78256
9800.0 701.41241
10000.0 716.33798
10200.0 742.73298
10400.0 749.71676
10600.0 741.75023
10800.0 719.89559
11000.0 724.04066
11200.0 735.53638
11400.0 742.42615
11600.0 729.94416
11800.0 749.72906
12000.0 756.30674
12200.0 735.61339
12400.0 733.35806
12600.0 716.77876
12800.0 749.35869
13000.0 753.51599
13200.0 751.43591
13400.0 771.34405
13600.0 755.6114
13800.0 760.10482
14000.0 733.10595
14200.0 719.5548
14400.0 732.64276
14600.0 759.66677
14800.0 756.22684
15000.0 728.35318
15200.0 736.49672
15400.0 730.91868
15600.0 729.28562
15800.0 735.10838
16000.0 752.50294
16200.0 739.13584
16400.0 723.42494
16600.0 742.73658
16800.0 774.73647
17000.0 753.45524
17200.0 744.84413
17400.0 761.87661
17600.0 746.335
17800.0 717.1997
18000.0 755.14456
18200.0 733.54814
18400.0 743.50091
18600.0 736.45156
18800.0 725.94626
19000.0 738.20434
19200.0 711.88637
19400.0 744.90927
19600.0 743.38854
19800.0 709.64922
20000.0 730.58519
20200.0 742.38239
20400.0 750.66225
20600.0 756.5963
20800.0 741.17447
21000.0 738.61866
21200.0 726.99292
21400.0 735.67534
21600.0 749.50754
21800.0 751.42752
22000.0 744.04689
22200.0 726.85613
22400.0 711.54749
22600.0 709.61011
22800.0 752.45889
23000.0 742.57413
23200.0 730.88177
23400.0 726.02963
23600.0 720.69233
23800.0 732.83161
24000.0 736.78386
24200.0 769.02432
24400.0 737.13817
24600.0 722.47531
24800.0 721.36948
25000.0 750.52561
25200.0 763.58835
25400.0 744.92735
25600.0 733.34431
25800.0 707.09161
26000.0 742.5799
26200.0 746.04998
26400.0 745.12688
26600.0 735.10509
26800.0 753.97372
27000.0 729.03907
27200.0 725.6484
27400.0 712.25036
27600.0 716.06431
27800.0 753.9658
28000.0 731.5109
28200.0 733.00047
28400.0 746.08132
28600.0 740.60145
28800.0 742.26115
29000.0 730.69276
29200.0 733.88702
29400.0 735.15848
29600.0 752.8652
29800.0 758.88278
30000.0 750.25454
30200.0 759.37908
30400.0 763.94625
30600.0 765.80088
30800.0 749.97193
31000.0 741.76108
31200.0 773.31908
31400.0 743.65435
31600.0 739.22294
31800.0 737.73861
32000.0 737.82212
32200.0 754.67224
32400.0 738.72437
32600.0 768.03553
32800.0 734.59294
33000.0 713.66456
33200.0 763.24139
33400.0 751.22397
33600.0 717.35465
33800.0 738.26462
34000.0 727.97028
34200.0 718.36213
34400.0 734.41299
34600.0 749.79435
34800.0 745.62355
35000.0 735.43653
35200.0 745.0553
35400.0 734.18494
35600.0 739.42165
35800.0 722.11515
36000.0 744.62501
36200.0 757.35835
36400.0 760.89316
36600.0 748.31101
36800.0 730.03091
37000.0 735.2629
37200.0 746.55435
37400.0 747.74616
37600.0 734.85277
37800.0 713.70846
38000.0 731.44492
38200.0 749.31022
38400.0 746.41086
38600.0 738.25424
38800.0 724.65641
39000.0 715.26249
39200.0 742.1469
39400.0 743.69522
39600.0 745.02142
39800.0 754.34984
40000.0 744.31738
40200.0 734.27784
40400.0 744.00938
40600.0 745.36141
40800.0 740.93336
41000.0 742.22932
41200.0 712.27076
41400.0 733.3401
41600.0 752.13126
41800.0 721.54939
42000.0 737.64265
42200.0 764.19771
42400.0 731.83922
42600.0 723.52975
42800.0 723.04669
43000.0 713.55376
43200.0 711.67575
43400.0 727.68134
43600.0 739.95825
43800.0 720.08903
44000.0 709.41845
44200.0 722.22821
44400.0 748.86901
44600.0 737.92738
44800.0 732.87615
45000.0 721.70027
45200.0 710.23796
45400.0 735.61565
45600.0 751.63755
45800.0 765.58628
46000.0 753.80514
46200.0 713.25529
46400.0 730.12521
46600.0 755.90408
46800.0 732.40147
47000.0 729.12113
47200.0 720.47574
47400.0 721.49708
47600.0 769.78151
47800.0 748.3055
48000.0 736.08177
48200.0 730.51164
48400.0 749.34114
48600.0 768.73943
48800.0 757.17703
49000.0 743.4149
49200.0 723.04685
49400.0 723.1165
49600.0 738.07852
49800.0 759.86688
50000.0 746.98025
50200.0 715.43953
50400.0 728.80124
50600.0 730.91561
50800.0 728.28671
51000.0 735.09558
51200.0 745.25057
51400.0 755.392
51600.0 741.81741
51800.0 726.78807
52000.0 747.44546
52200.0 760.58224
52400.0 744.33392
52600.0 761.37251
52800.0 750.40187
53000.0 726.67398
53200.0 724.03119
53400.0 723.17757
53600.0 735.96877
53800.0 736.06093
54000.0 737.87039
54200.0 756.15899
54400.0 738.62536
54600.0 739.98112
54800.0 746.54778
55000.0 722.25866
55200.0 751.22014
55400.0 726.14183
55600.0 695.81085
55800.0 730.73754
56000.0 752.5065
56200.0 761.13663
56400.0 731.97832
56600.0 720.96822
56800.0 751.07631
57000.0 745.64818
57200.0 739.45515
57400.0 743.18185
57600.0 732.27701
57800.0 723.173
58000.0 732.05009
58200.0 747.89134
58400.0 766.24999
58600.0 732.42133
58800.0 747.56437
59000.0 733.11243
59200.0 742.96551
59400.0 748.76901
59600.0 737.54874
59800.0 725.52134
60000.0 723.60711
60200.0 741.36288
60400.0 742.31754
60600.0 729.1224
60800.0 710.54242
61000.0 742.78
61200.0 727.67345
61400.0 719.62529
61600.0 722.15246
61800.0 723.35191
62000.0 724.37661
62200.0 744.43248
62400.0 760.63977
62600.0 736.55761
62800.0 743.34709
63000.0 740.12921
63200.0 721.77622
63400.0 741.18727
63600.0 737.7206
63800.0 762.02541
64000.0 764.88878
64200.0 730.02256
64400.0 735.58968
64600.0 733.54178
64800.0 731.12704
65000.0 745.96798
65200.0 751.3797
65400.0 728.01515
65600.0 720.87514
65800.0 737.3588
66000.0 734.2597
66200.0 729.71422
66400.0 747.83125
66600.0 748.23688
66800.0 726.88332
67000.0 729.13514
67200.0 724.1266
67400.0 735.83671
67600.0 735.03055
67800.0 744.60894
68000.0 726.07187
68200.0 739.8755
68400.0 748.23708
68600.0 746.40997
68800.0 742.55752
69000.0 733.65674
69200.0 757.79804
69400.0 746.17906
69600.0 709.28004
69800.0 746.74249
70000.0 730.88517
70200.0 730.16968
70400.0 735.04608
70600.0 731.53719
70800.0 731.24046
71000.0 732.9617
71200.0 749.16136
71400.0 748.31099
71600.0 751.71592
71800.0 761.27211
72000.0 735.88536
72200.0 716.68343
72400.0 728.98351
72600.0 745.96012
72800.0 769.89983
73000.0 756.32712
73200.0 727.60248
73400.0 725.79671
73600.0 750.01443
73800.0 753.03264
74000.0 717.3103
74200.0 723.96401
74400.0 730.68333
74600.0 745.22925
74800.0 730.69384
75000.0 756.37603
75200.0 756.77968
75400.0 748.32533
75600.0 747.29168
75800.0 729.16586
76000.0 745.4373
76200.0 767.30205
76400.0 762.68457
76600.0 759.66599
76800.0 736.68369
77000.0 735.85376
77200.0 743.20446
77400.0 731.24699
77600.0 753.1094
77800.0 737.18099
78000.0 742.63607
78200.0 745.61873
78400.0 735.24708
78600.0 727.87581
78800.0 726.13891
79000.0 748.05375
79200.0 752.95822
79400.0 725.27405
79600.0 712.24101
79800.0 732.35024
80000.0 733.15806
80200.0 745.69497
80400.0 765.05282
80600.0 733.34782
80800.0 717.50524
81000.0 761.65689
81200.0 750.22376
81400.0 731.55467
81600.0 723.78286
81800.0 744.45444
82000.0 754.35229
82200.0 740.92966
82400.0 736.69137
82600.0 741.25973
82800.0 733.91578
83000.0 746.02485
83200.0 718.31392
83400.0 708.42162
83600.0 749.48721
83800.0 739.77145
84000.0 754.72959
84200.0 747.68238
84400.0 745.91839
84600.0 760.60954
84800.0 737.67459
85000.0 731.14195
85200.0 722.50252
85400.0 725.284
85600.0 744.83728
85800.0 760.39572
86000.0 740.43442
86200.0 713.3596
86400.0 726.73851
86600.0 715.95247
86800.0 714.66859
87000.0 723.23716
87200.0 754.80386
87400.0 738.88582
87600.0 737.63382
87800.0 722.36039
88000.0 738.35248
88200.0 765.71646
88400.0 762.7024
88600.0 734.84155
88800.0 747.50742
89000.0 728.34527
89200.0 723.52754
89400.0 745.22172
89600.0 734.23496
89800.0 724.02558
90000.0 723.01693
90200.0 738.08067
90400.0 738.26528
90600.0 739.55661
90800.0 743.31856
91000.0 737.89465
91200.0 742.62875
91400.0 710.83373
91600.0 727.58056
91800.0 744.39018
92000.0 733.82588
92200.0 741.48729
92400.0 745.17242
92600.0 736.87783
92800.0 713.83678
93000.0 752.07013
93200.0 752.55759
93400.0 745.8044
93600.0 747.01515
93800.0 748.51918
94000.0 741.57848
94200.0 733.8978
94400.0 721.52278
94600.0 734.33048
94800.0 745.07388
95000.0 724.38949
95200.0 721.16802
95400.0 727.4973
95600.0 733.98278
95800.0 760.94731
96000.0 750.02572
96200.0 743.06117
96400.0 733.22017
96600.0 728.54411
96800.0 737.11518
97000.0 747.73903
97200.0 740.32794
97400.0 737.96042
97600.0 729.4266
97800.0 734.05552
98000.0 727.18772
98200.0 737.8233
98400.0 725.06711
98600.0 734.04798
98800.0 733.85832
99000.0 720.31484
99200.0 741.15971
99400.0 738.18225
99600.0 738.78445
99800.0 738.99461
100000.0 732.56024
