0.0 2.263092
200.0 2.2653874
400.0 2.2896742
600.0 2.2701795
800.0 2.2813306
1000.0 2.299741
1200.0 2.2702057
1400.0 2.2893777
1600.0 2.2806908
1800.0 2.2713975
2000.0 2.2894787
2200.0 2.2658252
2400.0 2.2532593
2600.0 2.2499208
2800.0 2.2520819
3000.0 2.2475904
3200.0 2.2571887
3400.0 2.271357
3600.0 2.24682
3800.0 2.2655797
4000.0 2.2737791
4200.0 2.2668614
4400.0 2.2781358
4600.0 2.2751736
4800.0 2.2660604
5000.0 2.2804406
5200.0 2.2649307
5400.0 2.2780991
5600.0 2.2683875
5800.0 2.2680291
6000.0 2.2620322
6200.0 2.2537832
6400.0 2.2489495
6600.0 2.2720075
6800.0 2.245576
7000.0 2.2497254
7200.0 2.2702444
7400.0 2.2599595
7600.0 2.2582703
7800.0 2.2764219
8000.0 2.2895798
8200.0 2.2780237
8400.0 2.2731713
8600.0 2.2777147
8800.0 2.2870166
9000.0 2.2779215
9200.0 2.2703222
9400.0 2.2930843
9600.0 2.2877148
9800.0 2.267861
10000.0 2.2954563
10200.0 2.2907627
10400.0 2.2970177
10600.0 2.2843515
10800.0 2.3176036
11000.0 2.2904897
11200.0 2.2673732
11400.0 2.3014657
11600.0 2.2715638
11800.0 2.2766352
12000.0 2.2802488
12200.0 2.2577427
12400.0 2.2673677
12600.0 2.267257
12800.0 2.2675024
13000.0 2.2746942
13200.0 2.2425907
13400.0 2.2722102
13600.0 2.2624441
13800.0 2.2721839
14000.0 2.262901
14200.0 2.2586659
14400.0 2.2701668
14600.0 2.2800718
14800.0 2.2778753
15000.0 2.2752176
15200.0 2.2717432
15400.0 2.2648918
15600.0 2.2704605
15800.0 2.2648179
16000.0 2.2502685
16200.0 2.2671203
16400.0 2.2487676
16600.0 2.2527539
16800.0 2.2712041
17000.0 2.2642591
17200.0 2.2593465
17400.0 2.2570098
17600.0 2.2467722
17800.0 2.2705391
18000.0 2.2698169
18200.0 2.2737784
18400.0 2.2502238
18600.0 2.2514228
18800.0 2.2654878
19000.0 2.2639829
19200.0 2.2651576
19400.0 2.2524917
19600.0 2.2486922
19800.0 2.2721236
20000.0 2.2828201
20200.0 2.2582616
20400.0 2.2815705
20600.0 2.2892712
20800.0 2.269526
21000.0 2.3030371
21200.0 2.2793289
21400.0 2.2871351
21600.0 2.2864453
21800.0 2.283037
22000.0 2.2776846
22200.0 2.282188
22400.0 2.2569945
22600.0 2.2468764
22800.0 2.2537246
23000.0 2.257642
23200.0 2.2598127
23400.0 2.260005
23600.0 2.2566202
23800.0 2.2628301
24000.0 2.2627858
24200.0 2.268568
24400.0 2.2607194
24600.0 2.2701885
24800.0 2.2779017
25000.0 2.2602237
25200.0 2.2509965
25400.0 2.2603644
25600.0 2.2481342
25800.0 2.2565647
26000.0 2.2615528
26200.0 2.2577681
26400.0 2.2708267
26600.0 2.2507486
26800.0 2.2610778
27000.0 2.2820085
27200.0 2.2730975
27400.0 2.2599836
27600.0 2.2621894
27800.0 2.2707553
28000.0 2.2521939
28200.0 2.2617
28400.0 2.2661467
28600.0 2.2492132
28800.0 2.2344688
29000.0 2.266865
29200.0 2.244361
29400.0 2.2366577
29600.0 2.267727
29800.0 2.2595176
30000.0 2.2653092
30200.0 2.2688469
30400.0 2.2581451
30600.0 2.2617641
30800.0 2.2531234
31000.0 2.2512911
31200.0 2.2706665
31400.0 2.2600702
31600.0 2.2600446
31800.0 2.2715604
32000.0 2.2719272
32200.0 2.2712705
32400.0 2.2760376
32600.0 2.2698984
32800.0 2.2732301
33000.0 2.2857323
33200.0 2.2822097
33400.0 2.284249
33600.0 2.2824817
33800.0 2.2875294
34000.0 2.2865331
34200.0 2.2687973
34400.0 2.2892619
34600.0 2.2727792
34800.0 2.2538513
35000.0 2.2653033
35200.0 2.260845
35400.0 2.2720988
35600.0 2.2595856
35800.0 2.2611679
36000.0 2.2735514
36200.0 2.2495223
36400.0 2.2735791
36600.0 2.2655088
36800.0 2.2596895
37000.0 2.2993063
37200.0 2.2689505
37400.0 2.2645445
37600.0 2.2860477
37800.0 2.2812346
38000.0 2.2801689
38200.0 2.2918207
38400.0 2.2837914
38600.0 2.2522199
38800.0 2.2635187
39000.0 2.2630055
39200.0 2.2476109
39400.0 2.2535943
39600.0 2.2574051
39800.0 2.2460839
40000.0 2.2586162
40200.0 2.2451289
40400.0 2.2383886
40600.0 2.2469114
40800.0 2.2439023
41000.0 2.253489
41200.0 2.253258
41400.0 2.2501383
41600.0 2.2495535
41800.0 2.2628839
42000.0 2.2566556
42200.0 2.2597031
42400.0 2.2701773
42600.0 2.2505453
42800.0 2.2483775
43000.0 2.2602022
43200.0 2.2478591
43400.0 2.2823896
43600.0 2.2485385
43800.0 2.2635645
44000.0 2.2738751
44200.0 2.259653
44400.0 2.264547
44600.0 2.2754732
44800.0 2.2525402
45000.0 2.2683976
45200.0 2.2617046
45400.0 2.2484798
45600.0 2.2487011
45800.0 2.2611736
46000.0 2.2546319
46200.0 2.2467774
46400.0 2.2427622
46600.0 2.2522353
46800.0 2.2516528
47000.0 2.2535245
47200.0 2.2607073
47400.0 2.2635045
47600.0 2.2513934
47800.0 2.2593525
48000.0 2.2689879
48200.0 2.2529006
48400.0 2.2532361
48600.0 2.259968
48800.0 2.2559853
49000.0 2.2642188
49200.0 2.2616793
49400.0 2.2567244
49600.0 2.2601812
49800.0 2.2627694
50000.0 2.2757904
50200.0 2.2654382
50400.0 2.2806899
50600.0 2.2593304
50800.0 2.2598196
51000.0 2.2919964
51200.0 2.2613015
51400.0 2.2658875
51600.0 2.2576073
51800.0 2.2560502
52000.0 2.2738668
52200.0 2.2481422
52400.0 2.2577916
52600.0 2.255007
52800.0 2.2434315
53000.0 2.2794296
53200.0 2.2384733
53400.0 2.2466131
53600.0 2.2452813
53800.0 2.236194
54000.0 2.2614948
54200.0 2.2489906
54400.0 2.24162
54600.0 2.2708634
54800.0 2.252261
55000.0 2.249247
55200.0 2.2533675
55400.0 2.2651774
55600.0 2.2604984
55800.0 2.2669782
56000.0 2.2561939
56200.0 2.2589863
56400.0 2.2672577
56600.0 2.2656248
56800.0 2.2418951
57000.0 2.2516989
57200.0 2.2623959
57400.0 2.2632542
57600.0 2.2560368
57800.0 2.2690304
58000.0 2.2520902
58200.0 2.2530355
58400.0 2.2627867
58600.0 2.26083
58800.0 2.269808
59000.0 2.2598066
59200.0 2.257139
59400.0 2.2696949
59600.0 2.2714071
59800.0 2.2589695
60000.0 2.2814543
60200.0 2.2729338
60400.0 2.2568365
60600.0 2.2696746
60800.0 2.2640254
61000.0 2.2453585
61200.0 2.2672367
61400.0 2.263692
61600.0 2.2369951
61800.0 2.2457104
62000.0 2.2562221
62200.0 2.2379962
62400.0 2.2537445
62600.0 2.2470272
62800.0 2.2391229
63000.0 2.2580101
63200.0 2.252601
63400.0 2.2540803
63600.0 2.2716164
63800.0 2.2646575
64000.0 2.2708817
64200.0 2.2585041
64400.0 2.2599559
64600.0 2.2603791
64800.0 2.275136
65000.0 2.2485478
65200.0 2.2476122
65400.0 2.2739575
65600.0 2.2504377
65800.0 2.2428715
66000.0 2.2729431
66200.0 2.2534162
66400.0 2.2612868
66600.0 2.2785185
66800.0 2.2731038
67000.0 2.2750057
67200.0 2.2639179
67400.0 2.2640201
67600.0 2.2653366
67800.0 2.2547467
68000.0 2.2631965
68200.0 2.258246
68400.0 2.2502204
68600.0 2.2581951
68800.0 2.2442578
69000.0 2.2769702
69200.0 2.2707148
69400.0 2.2554789
69600.0 2.2697247
69800.0 2.2691785
70000.0 2.2802326
70200.0 2.2704119
70400.0 2.2833329
70600.0 2.2868708
70800.0 2.2921753
71000.0 2.2831345
71200.0 2.2746115
71400.0 2.2994856
71600.0 2.2823085
71800.0 2.2895965
72000.0 2.2871067
72200.0 2.286263
72400.0 2.301565
72600.0 2.2882979
72800.0 2.276842
73000.0 2.3057006
73200.0 2.3005169
73400.0 2.2881119
73600.0 2.2953603
73800.0 2.2906189
74000.0 2.2953096
74200.0 2.2824587
74400.0 2.2805109
74600.0 2.2910241
74800.0 2.2877758
75000.0 2.267533
75200.0 2.281875
75400.0 2.2778407
75600.0 2.2492195
75800.0 2.2627226
76000.0 2.2570205
76200.0 2.2509643
76400.0 2.2602258
76600.0 2.2501284
76800.0 2.2422164
77000.0 2.2750432
77200.0 2.2696412
77400.0 2.2549255
77600.0 2.2744532
77800.0 2.2800703
78000.0 2.2756446
78200.0 2.2938756
78400.0 2.274206
78600.0 2.2776491
78800.0 2.2894031
79000.0 2.2702308
79200.0 2.2826313
79400.0 2.2944724
79600.0 2.2794468
79800.0 2.254547
80000.0 2.2701158
80200.0 2.2652772
80400.0 2.2540837
80600.0 2.2646465
80800.0 2.2596244
81000.0 2.250033
81200.0 2.2904942
81400.0 2.2560751
81600.0 2.275171
81800.0 2.2886363
82000.0 2.2700778
82200.0 2.2869489
82400.0 2.2839039
82600.0 2.2819906
82800.0 2.3030049
83000.0 2.2821805
83200.0 2.2787854
83400.0 2.2961855
83600.0 2.2805154
83800.0 2.2850373
84000.0 2.2848487
84200.0 2.2683292
84400.0 2.2648226
84600.0 2.2641005
84800.0 2.2682788
85000.0 2.2489716
85200.0 2.2667081
85400.0 2.2522901
85600.0 2.270645
85800.0 2.2573037
86000.0 2.2586777
86200.0 2.2714046
86400.0 2.2716661
86600.0 2.2685527
86800.0 2.2591233
87000.0 2.289497
87200.0 2.2647587
87400.0 2.2807526
87600.0 2.2876213
87800.0 2.2646865
88000.0 2.2938023
88200.0 2.2699949
88400.0 2.2557677
88600.0 2.2794323
88800.0 2.2698974
89000.0 2.2627726
89200.0 2.2786303
89400.0 2.2633293
89600.0 2.2666197
89800.0 2.2619496
90000.0 2.2654532
90200.0 2.2664533
90400.0 2.2544429
90600.0 2.2646888
90800.0 2.2365471
91000.0 2.2747062
91200.0 2.2438622
91400.0 2.2311741
91600.0 2.2593895
91800.0 2.2432898
92000.0 2.2474255
92200.0 2.2502391
92400.0 2.2515457
92600.0 2.2514992
92800.0 2.2509267
93000.0 2.2560913
93200.0 2.2504332
93400.0 2.2526287
93600.0 2.2468661
93800.0 2.2628164
94000.0 2.2585745
94200.0 2.2689835
94400.0 2.2545407
94600.0 2.2447502
94800.0 2.2702199
95000.0 2.2588267
95200.0 2.252494
95400.0 2.272664
95600.0 2.2673753
95800.0 2.2454627
96000.0 2.2665465
96200.0 2.2485395
96400.0 2.2616118
96600.0 2.277756
96800.0 2.2472217
97000.0 2.2624573
97200.0 2.264075
97400.0 2.2540579
97600.0 2.2610065
97800.0 2.2791706
98000.0 2.258208
98200.0 2.2554755
98400.0 2.2626297
98600.0 2.2673393
98800.0 2.2623533
99000.0 2.2578869
99200.0 2.2809458
99400.0 2.2718422
99600.0 2.2684252
99800.0 2.2664593
100000.0 2.2601294
