0.0 0.0046932084
200.0 0.004674969
400.0 0.0046473377
600.0 0.004623057
800.0 0.0046138365
1000.0 0.0046275682
1200.0 0.0046688586
1400.0 0.0047230466
1600.0 0.0047661628
1800.0 0.0047818938
2000.0 0.0047706268
2200.0 0.004743579
2400.0 0.0047123696
2600.0 0.0046839472
2800.0 0.0046633457
3000.0 0.0046522954
3200.0 0.004648044
3400.0 0.0046457308
3600.0 0.0046407075
3800.0 0.0046267753
4000.0 0.0046015907
4200.0 0.0045642871
4400.0 0.0045214456
4600.0 0.0044866758
4800.0 0.0044734196
5000.0 0.0044967464
5200.0 0.0045589515
5400.0 0.0046381717
5600.0 0.0046998976
5800.0 0.0047289371
6000.0 0.0047315105
6200.0 0.0047180987
6400.0 0.0047003565
6600.0 0.0046889511
6800.0 0.0046887644
7000.0 0.0046995872
7200.0 0.0047156306
7400.0 0.0047288161
7600.0 0.0047349087
7800.0 0.0047303295
8000.0 0.0047111613
8200.0 0.0046774351
8400.0 0.0046379882
8600.0 0.0046018362
8800.0 0.0045777905
9000.0 0.0045729943
9200.0 0.0045857477
9400.0 0.0046085128
9600.0 0.0046330238
9800.0 0.0046491508
10000.0 0.0046542046
10200.0 0.0046537203
10400.0 0.0046542293
10600.0 0.0046590524
10800.0 0.004668424
11000.0 0.0046849646
11200.0 0.0047034791
11400.0 0.0047104641
11600.0 0.004702059
11800.0 0.0046720796
12000.0 0.0046240408
12200.0 0.0045738053
12400.0 0.0045401338
12600.0 0.0045339332
12800.0 0.0045615
13000.0 0.0046118354
13200.0 0.0046649199
13400.0 0.0046986251
13600.0 0.0047030135
13800.0 0.0046872742
14000.0 0.0046657195
14200.0 0.0046489004
14400.0 0.0046440143
14600.0 0.0046554248
14800.0 0.0046825146
15000.0 0.0047153256
15200.0 0.0047392044
15400.0 0.0047453671
15600.0 0.0047300413
15800.0 0.0047040478
16000.0 0.0046864175
16200.0 0.00468819
16400.0 0.004712303
16600.0 0.0047555053
16800.0 0.0048053238
17000.0 0.0048424151
17200.0 0.004850653
17400.0 0.0048263459
17600.0 0.0047684651
17800.0 0.0046941736
18000.0 0.0046299377
18200.0 0.0045927994
18400.0 0.0045793214
18600.0 0.0045769302
18800.0 0.0045685696
19000.0 0.0045571862
19200.0 0.0045500585
19400.0 0.0045503219
19600.0 0.0045645848
19800.0 0.0045966278
20000.0 0.0046507679
20200.0 0.0047201355
20400.0 0.0047885928
20600.0 0.0048470758
20800.0 0.0048897005
21000.0 0.0049168237
21200.0 0.0049280579
21400.0 0.0049230777
21600.0 0.0048956533
21800.0 0.0048417301
22000.0 0.0047658686
22200.0 0.0046880501
22400.0 0.0046308107
22600.0 0.0046020841
22800.0 0.004594689
23000.0 0.0045992773
23200.0 0.0046084547
23400.0 0.0046165874
23600.0 0.0046214377
23800.0 0.0046261237
24000.0 0.0046384143
24200.0 0.0046675403
24400.0 0.0047170761
24600.0 0.0047774223
24800.0 0.0048297732
25000.0 0.0048585726
25200.0 0.0048564409
25400.0 0.0048268691
25600.0 0.0047824802
25800.0 0.0047377462
26000.0 0.004706086
26200.0 0.0046888787
26400.0 0.0046811001
26600.0 0.004677168
26800.0 0.0046734723
27000.0 0.0046682009
27200.0 0.0046602693
27400.0 0.0046524282
27600.0 0.0046450837
27800.0 0.0046360385
28000.0 0.0046227274
28200.0 0.0046099167
28400.0 0.0046011521
28600.0 0.0045961135
28800.0 0.0045887135
29000.0 0.0045715484
29200.0 0.0045429924
29400.0 0.0045106439
29600.0 0.0044878088
29800.0 0.0044873726
30000.0 0.0045217961
30200.0 0.0045898712
30400.0 0.0046669406
30600.0 0.0047249084
30800.0 0.0047519481
31000.0 0.0047506505
31200.0 0.0047327723
31400.0 0.0047132264
31600.0 0.0047005809
31800.0 0.0046967692
32000.0 0.0047040033
32200.0 0.0047131445
32400.0 0.0047157758
32600.0 0.0047057781
32800.0 0.004678797
33000.0 0.0046360477
33200.0 0.0045849189
33400.0 0.0045392267
33600.0 0.0045115122
33800.0 0.0045064876
34000.0 0.0045150453
34200.0 0.0045255362
34400.0 0.0045338233
34600.0 0.0045410076
34800.0 0.0045533725
35000.0 0.0045744138
35200.0 0.0046086549
35400.0 0.0046568246
35600.0 0.0047087686
35800.0 0.0047545175
36000.0 0.0047857568
36200.0 0.0047955349
36400.0 0.0047899328
36600.0 0.0047781888
36800.0 0.0047746613
37000.0 0.0047856548
37200.0 0.0048047075
37400.0 0.0048168104
37600.0 0.004801037
37800.0 0.0047434096
38000.0 0.0046500912
38200.0 0.0045557303
38400.0 0.0045000984
38600.0 0.0044854424
38800.0 0.0044983209
39000.0 0.0045255042
39200.0 0.0045539002
39400.0 0.0045753095
39600.0 0.0045899452
39800.0 0.0045988377
40000.0 0.0046141654
40200.0 0.0046352838
40400.0 0.0046598257
40600.0 0.0046873737
40800.0 0.0047145608
41000.0 0.0047377725
41200.0 0.0047535194
41400.0 0.0047598672
41600.0 0.0047574515
41800.0 0.0047541988
42000.0 0.0047611924
42200.0 0.004783489
42400.0 0.0048159881
42600.0 0.004841714
42800.0 0.0048409775
43000.0 0.004802854
43200.0 0.0047369124
43400.0 0.0046666072
43600.0 0.004614085
43800.0 0.0045866453
44000.0 0.004579842
44200.0 0.0045827452
44400.0 0.0045826087
44600.0 0.0045733183
44800.0 0.0045596115
45000.0 0.0045472713
45200.0 0.004541975
45400.0 0.0045461
45600.0 0.0045677338
45800.0 0.004615266
46000.0 0.0046877105
46200.0 0.0047679975
46400.0 0.004834901
46600.0 0.0048763539
46800.0 0.0048954971
47000.0 0.0048971535
47200.0 0.0048822074
47400.0 0.0048508246
47600.0 0.0048048229
47800.0 0.0047472971
48000.0 0.0046825109
48200.0 0.0046220717
48400.0 0.0045751702
48600.0 0.0045460212
48800.0 0.0045340499
49000.0 0.0045318526
49200.0 0.0045389777
49400.0 0.0045544607
49600.0 0.0045791088
49800.0 0.0046112968
50000.0 0.0046454657
50200.0 0.0046896923
50400.0 0.0047492578
50600.0 0.0048126874
50800.0 0.0048637534
51000.0 0.0048888443
51200.0 0.0048852206
51400.0 0.0048554423
51600.0 0.004809217
51800.0 0.0047600592
52000.0 0.004718179
52200.0 0.0046856185
52400.0 0.004657488
52600.0 0.0046221184
52800.0 0.0045804556
53000.0 0.0045362888
53200.0 0.0045001446
53400.0 0.0044842398
53600.0 0.0044933342
53800.0 0.004526943
54000.0 0.0045766495
54200.0 0.0046307717
54400.0 0.0046779623
54600.0 0.0047113901
54800.0 0.0047281642
55000.0 0.0047305172
55200.0 0.0047246847
55400.0 0.0047175811
55600.0 0.004708403
55800.0 0.0046966794
56000.0 0.0046798649
56200.0 0.004651103
56400.0 0.0046032752
56600.0 0.0045444664
56800.0 0.0044911841
57000.0 0.0044565094
57200.0 0.0044502648
57400.0 0.0044760584
57600.0 0.0045294814
57800.0 0.0045942526
58000.0 0.0046492829
58200.0 0.0046875058
58400.0 0.0047115859
58600.0 0.0047344621
58800.0 0.0047579512
59000.0 0.0047767946
59200.0 0.0047881627
59400.0 0.0047890298
59600.0 0.0047724887
59800.0 0.0047355191
60000.0 0.0046771251
60200.0 0.0046057082
60400.0 0.0045420343
60600.0 0.0045050847
60800.0 0.0044946442
61000.0 0.0045003975
61200.0 0.0045107362
61400.0 0.0045192101
61600.0 0.0045266617
61800.0 0.0045398039
62000.0 0.0045651701
62200.0 0.0046010337
62400.0 0.0046407156
62600.0 0.0046776603
62800.0 0.0047053795
63000.0 0.0047206231
63200.0 0.0047244194
63400.0 0.0047194067
63600.0 0.0047125125
63800.0 0.0047135091
64000.0 0.0047278892
64200.0 0.004754618
64400.0 0.0047877621
64600.0 0.0048159414
64800.0 0.0048251577
65000.0 0.0047975087
65200.0 0.0047193362
65400.0 0.0046123121
65600.0 0.0045274421
65800.0 0.0044869294
66000.0 0.0044830023
66200.0 0.0045018267
66400.0 0.0045299359
66600.0 0.0045582957
66800.0 0.0045833806
67000.0 0.0046029013
67200.0 0.004623292
67400.0 0.0046503643
67600.0 0.0046854831
67800.0 0.0047248016
68000.0 0.0047595257
68200.0 0.0047829753
68400.0 0.0047922552
68600.0 0.0047861133
68800.0 0.0047624931
69000.0 0.0047218896
69200.0 0.0046698373
69400.0 0.0046168229
69600.0 0.0045671382
69800.0 0.0045237626
70000.0 0.0044884565
70200.0 0.0044618686
70400.0 0.0044457592
70600.0 0.0044449963
70800.0 0.0044667756
71000.0 0.0045175087
71200.0 0.0046009598
71400.0 0.0046989377
71600.0 0.0047768431
71800.0 0.0048230562
72000.0 0.0048406144
72200.0 0.0048341694
72400.0 0.0048101003
72600.0 0.0047738261
72800.0 0.0047349462
73000.0 0.0046948789
73200.0 0.0046501628
73400.0 0.0045966452
73600.0 0.0045410303
73800.0 0.0044995942
74000.0 0.0044820582
74200.0 0.0044914157
74400.0 0.0045266307
74600.0 0.0045799279
74800.0 0.0046391545
75000.0 0.0046923706
75200.0 0.0047351041
75400.0 0.0047692851
75600.0 0.0047980204
75800.0 0.0048208947
76000.0 0.0048341221
76200.0 0.004826994
76400.0 0.004791183
76600.0 0.0047212958
76800.0 0.0046425586
77000.0 0.0045789515
77200.0 0.0045382031
77400.0 0.0045163834
77600.0 0.0045077604
77800.0 0.0045015932
78000.0 0.0044922456
78200.0 0.0044811528
78400.0 0.0044788842
78600.0 0.0044959093
78800.0 0.0045403545
79000.0 0.004609131
79200.0 0.0046806202
79400.0 0.0047335062
79600.0 0.0047608574
79800.0 0.0047669546
80000.0 0.0047627461
80200.0 0.0047568283
80400.0 0.0047534765
80600.0 0.0047546807
80800.0 0.0047580362
81000.0 0.0047532279
81200.0 0.0047281945
81400.0 0.0046836101
81600.0 0.0046302558
81800.0 0.0045805479
82000.0 0.004549213
82200.0 0.0045436922
82400.0 0.0045630243
82600.0 0.0045985427
82800.0 0.0046371742
83000.0 0.0046640378
83200.0 0.004666571
83400.0 0.0046446566
83600.0 0.0046144681
83800.0 0.0045954255
84000.0 0.0045965594
84200.0 0.0046216538
84400.0 0.0046652107
84600.0 0.0047125629
84800.0 0.0047482465
85000.0 0.0047629761
85200.0 0.0047541582
85400.0 0.0047257176
85600.0 0.0046900332
85800.0 0.0046566163
86000.0 0.0046313312
86200.0 0.0046183819
86400.0 0.0046179899
86600.0 0.0046306474
86800.0 0.0046558369
87000.0 0.0046860415
87200.0 0.0047114358
87400.0 0.0047228663
87600.0 0.0047191764
87800.0 0.00470578
88000.0 0.0046933493
88200.0 0.0046900322
88400.0 0.0046995053
88600.0 0.0047180817
88800.0 0.0047293403
89000.0 0.0047152579
89200.0 0.0046663748
89400.0 0.0045947833
89600.0 0.0045277873
89800.0 0.004486867
90000.0 0.0044774378
90200.0 0.0044992191
90400.0 0.0045441309
90600.0 0.0045961545
90800.0 0.0046371779
91000.0 0.0046619895
91200.0 0.0046772366
91400.0 0.004689776
91600.0 0.0047060704
91800.0 0.0047233288
92000.0 0.0047345501
92200.0 0.0047375654
92400.0 0.0047315148
92600.0 0.0047157496
92800.0 0.0046931569
93000.0 0.004670423
93200.0 0.004648778
93400.0 0.0046295645
93600.0 0.0046172575
93800.0 0.0046154425
94000.0 0.0046233463
94200.0 0.0046358611
94400.0 0.0046464849
94600.0 0.004648762
94800.0 0.0046386492
95000.0 0.0046226428
95200.0 0.0046103769
95400.0 0.0046151908
95600.0 0.004646766
95800.0 0.0047092782
96000.0 0.0047941128
96200.0 0.0048656319
96400.0 0.0048894481
96600.0 0.0048589612
96800.0 0.0047917072
97000.0 0.0047244835
97200.0 0.0046815488
97400.0 0.0046649193
97600.0 0.0046666662
97800.0 0.0046744017
98000.0 0.0046781826
98200.0 0.0046714471
98400.0 0.0046573643
98600.0 0.0046411606
98800.0 0.0046280573
99000.0 0.0046254342
99200.0 0.0046345751
99400.0 0.0046539362
99600.0 0.0046795217
99800.0 0.0047031883
100000.0 0.0047103402
