0.0 574.58977
200.0 593.86914
400.0 592.73241
600.0 569.96914
800.0 572.24476
1000.0 597.96188
1200.0 603.50103
1400.0 577.03522
1600.0 582.68868
1800.0 569.93261
2000.0 576.89241
2200.0 606.92806
2400.0 594.93609
2600.0 587.1842
2800.0 582.0246
3000.0 607.52139
3200.0 610.00429
3400.0 599.18544
3600.0 583.68216
3800.0 586.92084
4000.0 589.24444
4200.0 586.16138
4400.0 573.28215
4600.0 579.49847
4800.0 576.53256
5000.0 599.82051
5200.0 579.4576
5400.0 597.50101
5600.0 582.53984
5800.0 589.51372
6000.0 613.62366
6200.0 588.97274
6400.0 598.78822
6600.0 588.92847
6800.0 588.16878
7000.0 588.87352
7200.0 592.86058
7400.0 594.99638
7600.0 586.21399
7800.0 589.84908
8000.0 575.65889
8200.0 569.90972
8400.0 579.26939
8600.0 601.95713
8800.0 575.00198
9000.0 586.56071
9200.0 602.46781
9400.0 578.12559
9600.0 612.52809
9800.0 588.57526
10000.0 588.32625
10200.0 601.50064
10400.0 602.82846
10600.0 596.26405
10800.0 601.10615
11000.0 582.93783
11200.0 578.65004
11400.0 583.80307
11600.0 592.86214
11800.0 581.90972
12000.0 576.38194
12200.0 591.08385
12400.0 584.31737
12600.0 591.30138
12800.0 574.37012
13000.0 577.35482
13200.0 593.79098
13400.0 571.51103
13600.0 598.40152
13800.0 587.64454
14000.0 586.00451
14200.0 597.57661
14400.0 596.24707
14600.0 592.66394
14800.0 592.06047
15000.0 587.55933
15200.0 585.83856
15400.0 580.35412
15600.0 573.56067
15800.0 573.03862
16000.0 595.20497
16200.0 592.08413
16400.0 566.49541
16600.0 578.85489
16800.0 586.98788
17000.0 591.58684
17200.0 589.41334
17400.0 607.93691
17600.0 581.51818
17800.0 602.65821
18000.0 587.16688
18200.0 579.29627
18400.0 588.14824
18600.0 581.997
18800.0 580.26535
19000.0 584.43313
19200.0 574.15453
19400.0 568.92309
19600.0 573.91842
19800.0 587.53035
20000.0 574.15884
20200.0 574.69926
20400.0 568.6061
20600.0 582.0101
20800.0 578.71772
21000.0 580.46774
21200.0 593.98238
21400.0 587.11102
21600.0 577.62257
21800.0 591.7481
22000.0 582.63265
22200.0 598.78599
22400.0 576.46403
22600.0 585.2407
22800.0 598.87496
23000.0 582.30662
23200.0 593.22112
23400.0 576.47838
23600.0 599.55421
23800.0 586.62157
24000.0 581.20116
24200.0 591.81465
24400.0 581.76333
24600.0 582.65055
24800.0 578.55408
25000.0 572.9512
25200.0 571.53529
25400.0 579.35163
25600.0 603.65761
25800.0 578.27681
26000.0 586.28277
26200.0 596.69641
26400.0 580.12498
26600.0 579.54658
26800.0 595.81006
27000.0 607.14889
27200.0 583.52883
27400.0 568.59168
27600.0 589.57919
27800.0 575.30758
28000.0 586.44833
28200.0 592.88659
28400.0 571.41346
28600.0 584.84314
28800.0 574.28392
29000.0 578.99422
29200.0 568.49252
29400.0 585.0556
29600.0 603.24577
29800.0 590.07288
30000.0 587.28532
30200.0 585.97335
30400.0 575.74371
30600.0 594.77945
30800.0 600.1812
31000.0 594.67399
31200.0 580.59517
31400.0 604.24494
31600.0 606.18191
31800.0 585.84081
32000.0 587.43306
32200.0 583.70162
32400.0 592.37665
32600.0 575.36062
32800.0 584.30701
33000.0 579.92898
33200.0 590.87358
33400.0 592.63922
33600.0 583.14849
33800.0 573.90257
34000.0 590.00968
34200.0 573.53115
34400.0 560.33072
34600.0 558.57165
34800.0 574.89467
35000.0 579.44336
35200.0 584.12805
35400.0 587.7678
35600.0 571.60687
35800.0 604.09016
36000.0 569.18725
36200.0 577.27277
36400.0 590.7126
36600.0 594.60496
36800.0 585.49645
37000.0 585.53295
37200.0 610.35649
37400.0 600.00803
37600.0 594.14108
37800.0 594.58839
38000.0 581.7963
38200.0 582.23828
38400.0 583.65384
38600.0 572.32287
38800.0 573.78333
39000.0 593.44463
39200.0 570.1704
39400.0 586.14451
39600.0 582.78619
39800.0 595.34089
40000.0 594.26746
40200.0 599.44667
40400.0 585.76102
40600.0 600.13115
40800.0 581.67292
41000.0 590.46174
41200.0 589.4674
41400.0 592.60272
41600.0 590.10916
41800.0 585.63644
42000.0 587.93759
42200.0 569.84038
42400.0 575.19741
42600.0 587.13003
42800.0 588.36667
43000.0 580.32466
43200.0 575.91773
43400.0 595.68172
43600.0 583.15345
43800.0 592.52529
44000.0 589.42033
44200.0 580.72337
44400.0 580.70502
44600.0 564.62416
44800.0 584.61438
45000.0 584.71098
45200.0 611.04609
45400.0 584.86213
45600.0 571.69297
45800.0 581.53662
46000.0 605.95306
46200.0 602.59403
46400.0 588.88269
46600.0 591.54698
46800.0 576.02639
47000.0 574.06644
47200.0 588.4297
47400.0 577.07866
47600.0 580.21579
47800.0 577.97694
48000.0 575.87457
48200.0 572.21232
48400.0 572.89485
48600.0 576.8757
48800.0 583.29358
49000.0 577.20236
49200.0 565.81873
49400.0 595.1821
49600.0 604.11402
49800.0 570.75204
50000.0 588.56318
50200.0 593.60374
50400.0 570.64455
50600.0 600.3733
50800.0 591.6049
51000.0 575.84098
51200.0 580.87241
51400.0 571.98961
51600.0 576.0822
51800.0 586.04433
52000.0 576.99059
52200.0 567.16323
52400.0 570.53921
52600.0 593.79986
52800.0 594.51847
53000.0 573.55556
53200.0 599.85686
53400.0 593.86267
53600.0 596.92959
53800.0 577.49367
54000.0 588.05598
54200.0 590.74129
54400.0 587.6083
54600.0 567.87907
54800.0 567.06427
55000.0 576.61467
55200.0 579.67185
55400.0 567.83416
55600.0 578.04453
55800.0 579.12207
56000.0 575.90578
56200.0 603.02069
56400.0 590.78192
56600.0 586.82456
56800.0 598.95746
57000.0 578.23532
57200.0 555.03621
57400.0 591.22518
57600.0 588.52426
57800.0 575.41776
58000.0 578.87175
58200.0 583.03059
58400.0 584.15222
58600.0 586.04582
58800.0 591.15432
59000.0 599.4547
59200.0 573.55635
59400.0 590.7026
59600.0 597.51967
59800.0 607.50319
60000.0 591.57909
60200.0 583.982
60400.0 581.91
60600.0 589.13464
60800.0 583.08234
61000.0 577.94609
61200.0 577.38907
61400.0 588.7038
61600.0 588.99744
61800.0 581.48563
62000.0 578.07007
62200.0 596.82413
62400.0 595.86145
62600.0 596.34708
62800.0 573.70784
63000.0 603.6262
63200.0 597.51316
63400.0 596.85926
63600.0 588.3708
63800.0 584.8166
64000.0 584.10391
64200.0 581.85797
64400.0 572.68908
64600.0 592.88257
64800.0 587.43868
65000.0 586.75614
65200.0 582.20621
65400.0 578.8181
65600.0 585.04413
65800.0 582.80807
66000.0 603.85914
66200.0 596.93036
66400.0 596.78111
66600.0 598.63384
66800.0 579.32377
67000.0 582.2494
67200.0 595.57156
67400.0 563.43258
67600.0 573.22579
67800.0 578.15911
68000.0 587.19752
68200.0 596.4407
68400.0 587.79763
68600.0 583.02934
68800.0 574.13129
69000.0 588.88506
69200.0 585.1323
69400.0 584.78455
69600.0 583.89525
69800.0 594.5315
70000.0 588.43264
70200.0 596.01163
70400.0 613.4577
70600.0 581.3703
70800.0 571.63218
71000.0 608.4289
71200.0 595.74915
71400.0 575.69825
71600.0 589.55919
71800.0 595.01846
72000.0 584.38995
72200.0 590.86355
72400.0 571.54711
72600.0 579.9646
72800.0 594.95688
73000.0 595.99064
73200.0 590.02114
73400.0 566.8914
73600.0 583.04456
73800.0 604.63527
74000.0 601.18862
74200.0 588.64007
74400.0 577.02099
74600.0 578.93222
74800.0 596.72565
75000.0 587.9875
75200.0 585.38736
75400.0 584.71969
75600.0 588.85616
75800.0 573.62079
76000.0 561.351
76200.0 584.43524
76400.0 578.6235
76600.0 582.5209
76800.0 584.84824
77000.0 588.73533
77200.0 590.54083
77400.0 582.8929
77600.0 590.10837
77800.0 582.78417
78000.0 584.54991
78200.0 607.86251
78400.0 585.63039
78600.0 592.00431
78800.0 596.54347
79000.0 576.08512
79200.0 573.59171
79400.0 590.39765
79600.0 569.36905
79800.0 577.7045
80000.0 584.03749
80200.0 569.64831
80400.0 595.64139
80600.0 611.85407
80800.0 585.08866
81000.0 589.00737
81200.0 576.85684
81400.0 598.70583
81600.0 592.57784
81800.0 576.31192
82000.0 575.2775
82200.0 572.57885
82400.0 600.45776
82600.0 596.4351
82800.0 598.06029
83000.0 569.04403
83200.0 587.05752
83400.0 600.51501
83600.0 595.23536
83800.0 599.53114
84000.0 600.20321
84200.0 605.53984
84400.0 582.59631
84600.0 592.80128
84800.0 587.32752
85000.0 575.53438
85200.0 587.35717
85400.0 581.92891
85600.0 569.10711
85800.0 580.89893
86000.0 601.86751
86200.0 600.72768
86400.0 580.80064
86600.0 595.54669
86800.0 599.37082
87000.0 600.30513
87200.0 616.41677
87400.0 594.96344
87600.0 597.99288
87800.0 603.03325
88000.0 581.21639
88200.0 589.10781
88400.0 598.85833
88600.0 594.25827
88800.0 566.27692
89000.0 572.68701
89200.0 590.81656
89400.0 567.98535
89600.0 602.92163
89800.0 591.62238
90000.0 576.14382
90200.0 592.90448
90400.0 590.68253
90600.0 597.55144
90800.0 599.19792
91000.0 607.27467
91200.0 603.68285
91400.0 594.90542
91600.0 591.67996
91800.0 595.81539
92000.0 577.91965
92200.0 579.94838
92400.0 580.43071
92600.0 595.86752
92800.0 591.45289
93000.0 577.75244
93200.0 582.1316
93400.0 590.47397
93600.0 587.03674
93800.0 587.93915
94000.0 568.9186
94200.0 575.64276
94400.0 581.94763
94600.0 584.5309
94800.0 574.24071
95000.0 585.74677
95200.0 580.56048
95400.0 586.8201
95600.0 594.89182
95800.0 598.18794
96000.0 588.2166
96200.0 583.81159
96400.0 588.37843
96600.0 588.953
96800.0 584.52063
97000.0 587.73727
97200.0 573.47657
97400.0 573.68303
97600.0 574.52246
97800.0 585.97593
98000.0 579.87482
98200.0 587.3885
98400.0 599.80367
98600.0 593.7641
98800.0 590.10928
99000.0 596.82902
99200.0 591.48936
99400.0 574.14844
99600.0 569.75543
99800.0 591.9923
100000.0 583.46911
