0.0 -4457.8255
200.0 -4472.0301
400.0 -4458.3428
600.0 -4448.8182
800.0 -4482.3035
1000.0 -4483.3448
1200.0 -4456.7488
1400.0 -4466.6808
1600.0 -4477.7351
1800.0 -4474.9374
2000.0 -4484.1925
2200.0 -4466.0126
2400.0 -4467.3756
2600.0 -4476.0228
2800.0 -4482.2269
3000.0 -4481.0078
3200.0 -4460.3564
3400.0 -4472.3678
3600.0 -4447.8214
3800.0 -4460.336
4000.0 -4451.9254
4200.0 -4447.23
4400.0 -4490.5322
4600.0 -4477.9161
4800.0 -4457.1369
5000.0 -4457.0794
5200.0 -4465.7048
5400.0 -4476.1269
5600.0 -4467.1749
5800.0 -4461.7713
6000.0 -4454.4383
6200.0 -4439.6079
6400.0 -4432.0728
6600.0 -4426.9165
6800.0 -4423.4888
7000.0 -4436.5171
7200.0 -4445.8261
7400.0 -4438.4811
7600.0 -4443.5008
7800.0 -4447.1466
8000.0 -4456.6365
8200.0 -4446.141
8400.0 -4465.9166
8600.0 -4443.6869
8800.0 -4463.7679
9000.0 -4458.8178
9200.0 -4459.3865
9400.0 -4497.6551
9600.0 -4479.9887
9800.0 -4452.8344
10000.0 -4472.9153
10200.0 -4497.012
10400.0 -4501.8203
10600.0 -4494.5756
10800.0 -4475.0151
11000.0 -4477.3061
11200.0 -4480.8017
11400.0 -4473.9855
11600.0 -4449.0672
11800.0 -4459.233
12000.0 -4461.9661
12200.0 -4440.8056
12400.0 -4437.8199
12600.0 -4417.6597
12800.0 -4441.8725
13000.0 -4434.7815
13200.0 -4421.065
13400.0 -4432.2652
13600.0 -4412.3356
13800.0 -4421.0191
14000.0 -4408.9299
14200.0 -4411.0852
14400.0 -4430.5174
14600.0 -4463.7961
14800.0 -4470.6999
15000.0 -4454.5211
15200.0 -4469.2919
15400.0 -4467.5308
15600.0 -4466.3411
15800.0 -4470.0386
16000.0 -4483.3563
16200.0 -4469.239
16400.0 -4451.2327
16600.0 -4463.1908
16800.0 -4480.2769
17000.0 -4450.2806
17200.0 -4437.3523
17400.0 -4454.7922
17600.0 -4445.8227
17800.0 -4427.2665
18000.0 -4474.2572
18200.0 -4464.53
18400.0 -4486.1061
18600.0 -4487.211
18800.0 -4479.5063
19000.0 -4491.9208
19200.0 -4462.8824
19400.0 -4491.064
19600.0 -4484.9782
19800.0 -4445.8267
20000.0 -4455.9011
20200.0 -4456.1635
20400.0 -4458.5208
20600.0 -4464.8464
20800.0 -4453.4226
21000.0 -4455.557
21200.0 -4446.5693
21400.0 -4456.0019
21600.0 -4469.9303
21800.0 -4475.4392
22000.0 -4480.4468
22200.0 -4482.3104
22400.0 -4476.6631
22600.0 -4472.7888
22800.0 -4509.0974
23000.0 -4495.5025
23200.0 -4481.8924
23400.0 -4473.1251
23600.0 -4458.9834
23800.0 -4457.1996
24000.0 -4448.5324
24200.0 -4475.7176
24400.0 -4445.7141
24600.0 -4431.4818
24800.0 -4426.8764
25000.0 -4448.9033
25200.0 -4457.9005
25400.0 -4442.2164
25600.0 -4438.6446
25800.0 -4420.3901
26000.0 -4458.5127
26200.0 -4465.3301
26400.0 -4473.4803
26600.0 -4480.5427
26800.0 -4514.6637
27000.0 -4501.2448
27200.0 -4503.113
27400.0 -4489.0437
27600.0 -4484.1214
27800.0 -4509.6264
28000.0 -4479.5131
28200.0 -4474.083
28400.0 -4480.7733
28600.0 -4470.4285
28800.0 -4469.1539
29000.0 -4454.6059
29200.0 -4452.0438
29400.0 -4444.8042
29600.0 -4452.1022
29800.0 -4448.3907
30000.0 -4429.6376
30200.0 -4423.0127
30400.0 -4409.5265
30600.0 -4403.2779
30800.0 -4388.0299
31000.0 -4384.2119
31200.0 -4423.5621
31400.0 -4409.6757
31600.0 -4416.2984
31800.0 -4418.573
32000.0 -4420.5448
32200.0 -4440.6968
32400.0 -4431.5583
32600.0 -4471.3332
32800.0 -4453.5543
33000.0 -4441.5781
33200.0 -4495.0501
33400.0 -4488.8029
33600.0 -4462.1516
33800.0 -4487.2286
34000.0 -4477.9919
34200.0 -4465.0762
34400.0 -4470.5831
34600.0 -4472.762
34800.0 -4457.047
35000.0 -4440.1392
35200.0 -4445.4947
35400.0 -4434.378
35600.0 -4438.9989
35800.0 -4420.2194
36000.0 -4438.651
36200.0 -4449.7917
36400.0 -4457.376
36600.0 -4456.1051
36800.0 -4451.5539
37000.0 -4465.5886
37200.0 -4479.3399
37400.0 -4483.7958
37600.0 -4475.4091
37800.0 -4457.1664
38000.0 -4471.2094
38200.0 -4483.668
38400.0 -4478.1739
38600.0 -4471.0131
38800.0 -4458.8542
39000.0 -4447.5122
39200.0 -4464.4953
39400.0 -4452.6741
39600.0 -4443.0561
39800.0 -4445.789
40000.0 -4433.543
40200.0 -4424.5598
40400.0 -4435.9367
40600.0 -4440.2187
40800.0 -4443.1971
41000.0 -4458.1167
41200.0 -4442.202
41400.0 -4468.8606
41600.0 -4491.2118
41800.0 -4464.0957
42000.0 -4481.4306
42200.0 -4509.0299
42400.0 -4482.9458
42600.0 -4482.9624
42800.0 -4490.4404
43000.0 -4492.5703
43200.0 -4501.8789
43400.0 -4523.3582
43600.0 -4538.2101
43800.0 -4520.2918
44000.0 -4507.1757
44200.0 -4505.0966
44400.0 -4514.2256
44600.0 -4495.5713
44800.0 -4486.1047
45000.0 -4470.4386
45200.0 -4448.717
45400.0 -4460.1226
45600.0 -4464.7235
45800.0 -4475.2955
46000.0 -4467.1393
46200.0 -4433.2202
46400.0 -4451.7744
46600.0 -4477.1898
46800.0 -4455.8257
47000.0 -4456.3688
47200.0 -4448.173
47400.0 -4444.7746
47600.0 -4480.6685
47800.0 -4452.0808
48000.0 -4435.9459
48200.0 -4426.7793
48400.0 -4440.3353
48600.0 -4457.6992
48800.0 -4451.4629
49000.0 -4453.6209
49200.0 -4448.9785
49400.0 -4456.2297
49600.0 -4472.1177
49800.0 -4495.0391
50000.0 -4487.735
50200.0 -4462.8482
50400.0 -4479.9187
50600.0 -4481.9252
50800.0 -4477.9291
51000.0 -4474.9396
51200.0 -4468.067
51400.0 -4462.4303
51600.0 -4444.1269
51800.0 -4425.5666
52000.0 -4442.3898
52200.0 -4452.0554
52400.0 -4438.712
52600.0 -4464.1425
52800.0 -4470.0102
53000.0 -4460.53
53200.0 -4461.1911
53400.0 -4459.1475
53600.0 -4466.7017
53800.0 -4461.6525
54000.0 -4456.0631
54200.0 -4469.4832
54400.0 -4449.1539
54600.0 -4451.5405
54800.0 -4459.2202
55000.0 -4439.4229
55200.0 -4474.306
55400.0 -4460.3717
55600.0 -4438.2852
55800.0 -4471.502
56000.0 -4486.5298
56200.0 -4491.1044
56400.0 -4464.8805
56600.0 -4453.8895
56800.0 -4482.1942
57000.0 -4474.1376
57200.0 -4468.2426
57400.0 -4472.9776
57600.0 -4463.8173
57800.0 -4455.1077
58000.0 -4459.5082
58200.0 -4468.2791
58400.0 -4480.4361
58600.0 -4446.0453
58800.0 -4461.5691
59000.0 -4449.1163
59200.0 -4460.6068
59400.0 -4469.011
59600.0 -4464.6749
59800.0 -4462.1728
60000.0 -4466.4647
60200.0 -4488.2279
60400.0 -4494.4996
60600.0 -4490.1044
60800.0 -4478.5286
61000.0 -4513.9953
61200.0 -4502.246
61400.0 -4496.3713
61600.0 -4497.3887
61800.0 -4487.3695
62000.0 -4472.6212
62200.0 -4477.8229
62400.0 -4488.2366
62600.0 -4461.835
62800.0 -4468.2927
63000.0 -4464.4183
63200.0 -4445.4809
63400.0 -4460.4816
63600.0 -4449.8958
63800.0 -4466.4159
64000.0 -4464.8344
64200.0 -4432.8674
64400.0 -4441.8536
64600.0 -4444.7114
64800.0 -4446.6355
65000.0 -4468.2844
65200.0 -4484.9502
65400.0 -4474.4867
65600.0 -4476.7567
65800.0 -4494.2439
66000.0 -4492.5983
66200.0 -4486.7336
66400.0 -4502.7708
66600.0 -4501.5613
66800.0 -4480.3937
67000.0 -4481.8436
67200.0 -4471.7332
67400.0 -4473.2635
67600.0 -4461.2453
67800.0 -4459.7134
68000.0 -4433.728
68200.0 -4437.9112
68400.0 -4439.6317
68600.0 -4433.417
68800.0 -4429.5615
69000.0 -4420.7985
69200.0 -4447.3911
69400.0 -4446.1363
69600.0 -4428.3633
69800.0 -4476.9821
70000.0 -4468.2859
70200.0 -4470.3504
70400.0 -4476.5886
70600.0 -4471.7949
70800.0 -4468.6771
71000.0 -4463.0618
71200.0 -4467.7454
71400.0 -4454.5566
71600.0 -4449.2786
71800.0 -4454.8184
72000.0 -4430.6755
72200.0 -4413.8524
72400.0 -4427.0577
72600.0 -4440.4142
72800.0 -4463.9394
73000.0 -4457.8623
73200.0 -4441.2295
73400.0 -4447.9652
73600.0 -4478.1575
73800.0 -4488.9684
74000.0 -4462.5643
74200.0 -4472.7688
74400.0 -4478.8053
74600.0 -4489.4891
74800.0 -4470.8496
75000.0 -4487.8183
75200.0 -4478.7207
75400.0 -4460.4374
75600.0 -4450.002
75800.0 -4420.7537
76000.0 -4424.2928
76200.0 -4437.922
76400.0 -4434.3443
76600.0 -4440.3396
76800.0 -4426.4316
77000.0 -4430.1732
77200.0 -4439.3285
77400.0 -4428.5934
77600.0 -4451.8504
77800.0 -4439.6061
78000.0 -4450.7309
78200.0 -4464.5339
78400.0 -4468.4136
78600.0 -4472.0011
78800.0 -4472.1908
79000.0 -4495.4473
79200.0 -4502.4665
79400.0 -4480.5471
79600.0 -4468.5201
79800.0 -4484.3093
80000.0 -4476.9667
80200.0 -4481.7124
80400.0 -4496.9858
80600.0 -4467.0538
80800.0 -4453.5923
81000.0 -4496.4158
81200.0 -4483.5666
81400.0 -4464.6976
81600.0 -4456.5383
81800.0 -4472.6073
82000.0 -4478.8856
82200.0 -4465.0013
82400.0 -4462.6899
82600.0 -4469.4027
82800.0 -4465.086
83000.0 -4480.282
83200.0 -4456.9915
83400.0 -4445.0596
83600.0 -4476.681
83800.0 -4454.8696
84000.0 -4460.586
84200.0 -4448.5206
84400.0 -4444.5753
84600.0 -4459.3856
84800.0 -4442.5357
85000.0 -4448.2787
85200.0 -4457.258
85400.0 -4472.9045
85600.0 -4498.5226
85800.0 -4519.7276
86000.0 -4505.9006
86200.0 -4482.2396
86400.0 -4492.8059
86600.0 -4475.9886
86800.0 -4463.0713
87000.0 -4459.2116
87200.0 -4481.0943
87400.0 -4463.4249
87600.0 -4459.7662
87800.0 -4443.406
88000.0 -4452.8783
88200.0 -4475.2387
88400.0 -4473.7345
88600.0 -4455.3035
88800.0 -4481.5151
89000.0 -4476.6493
89200.0 -4478.0842
89400.0 -4500.5305
89600.0 -4489.4542
89800.0 -4479.2879
90000.0 -4472.5361
90200.0 -4478.8758
90400.0 -4469.7313
90600.0 -4464.8271
90800.0 -4465.0299
91000.0 -4458.3845
91200.0 -4463.0301
91400.0 -4430.1648
91600.0 -4440.0342
91800.0 -4449.5227
92000.0 -4434.9447
92200.0 -4441.2997
92400.0 -4444.9353
92600.0 -4438.1775
92800.0 -4413.9147
93000.0 -4446.9691
93200.0 -4444.8619
93400.0 -4439.5162
93600.0 -4447.0729
93800.0 -4460.5798
94000.0 -4475.1456
94200.0 -4480.5708
94400.0 -4471.5805
94600.0 -4483.7029
94800.0 -4493.3631
95000.0 -4470.9577
95200.0 -4461.543
95400.0 -4455.7351
95600.0 -4448.8765
95800.0 -4467.2125
96000.0 -4455.6528
96200.0 -4451.5862
96400.0 -4446.3364
96600.0 -4443.0092
96800.0 -4452.3054
97000.0 -4460.599
97200.0 -4455.9921
97400.0 -4458.1603
97600.0 -4458.8339
97800.0 -4471.1501
98000.0 -4471.0588
98200.0 -4485.5242
98400.0 -4476.3604
98600.0 -4486.2384
98800.0 -4484.6733
99000.0 -4465.6701
99200.0 -4473.866
99400.0 -4455.8043
99600.0 -4445.8362
99800.0 -4441.2759
100000.0 -4430.7402
