0.0 2.8759954
200.0 2.8931888
400.0 2.8778907
600.0 2.8771981
800.0 2.8823829
1000.0 2.8754464
1200.0 2.8677749
1400.0 2.8744526
1600.0 2.8789019
1800.0 2.8701347
2000.0 2.8846682
2200.0 2.8806236
2400.0 2.8915769
2600.0 2.8803553
2800.0 2.8787518
3000.0 2.8883773
3200.0 2.8872976
3400.0 2.8777702
3600.0 2.8882196
3800.0 2.8716297
4000.0 2.8826227
4200.0 2.8733462
4400.0 2.876559
4600.0 2.8653452
4800.0 2.8751104
5000.0 2.8694573
5200.0 2.8830519
5400.0 2.8721507
5600.0 2.8726769
5800.0 2.8772441
6000.0 2.8782945
6200.0 2.8837275
6400.0 2.888779
6600.0 2.8716348
6800.0 2.8886889
7000.0 2.8866301
7200.0 2.8832778
7400.0 2.8890965
7600.0 2.883538
7800.0 2.8794109
8000.0 2.8843767
8200.0 2.8745285
8400.0 2.8716006
8600.0 2.8714846
8800.0 2.8755128
9000.0 2.8721102
9200.0 2.8844777
9400.0 2.8579923
9600.0 2.8889484
9800.0 2.8814319
10000.0 2.8778132
10200.0 2.8899117
10400.0 2.8675643
10600.0 2.8857283
10800.0 2.8751034
11000.0 2.8821611
11200.0 2.8826049
11400.0 2.8727659
11600.0 2.88632
11800.0 2.875211
12000.0 2.8983794
12200.0 2.8710558
12400.0 2.9092122
12600.0 2.8783392
12800.0 2.889851
13000.0 2.8945147
13200.0 2.8745467
13400.0 2.8950378
13600.0 2.8702029
13800.0 2.8908618
14000.0 2.8804351
14200.0 2.8702398
14400.0 2.8845939
14600.0 2.8739877
14800.0 2.8881357
15000.0 2.8738121
15200.0 2.8724922
15400.0 2.8833004
15600.0 2.8752707
15800.0 2.8959517
16000.0 2.8697697
16200.0 2.8998461
16400.0 2.8808087
16600.0 2.8928767
16800.0 2.8822103
17000.0 2.886706
17200.0 2.8767936
17400.0 2.8761487
17600.0 2.8839114
17800.0 2.8763382
18000.0 2.8757276
18200.0 2.8770251
18400.0 2.869143
18600.0 2.8850719
18800.0 2.8731274
19000.0 2.8871502
19200.0 2.8829635
19400.0 2.8942063
19600.0 2.8875956
19800.0 2.8974855
20000.0 2.8892226
20200.0 2.8818946
20400.0 2.8907824
20600.0 2.8790582
20800.0 2.8861926
21000.0 2.8688347
21200.0 2.8863317
21400.0 2.8752068
21600.0 2.8812417
21800.0 2.887951
22000.0 2.8742107
22200.0 2.8714335
22400.0 2.8830193
22600.0 2.8831338
22800.0 2.8839798
23000.0 2.8796112
23200.0 2.8626303
23400.0 2.8882762
23600.0 2.8543373
23800.0 2.8820483
24000.0 2.8604492
24200.0 2.879134
24400.0 2.8729308
24600.0 2.8733467
24800.0 2.8776763
25000.0 2.8824365
25200.0 2.878818
25400.0 2.8851367
25600.0 2.880924
25800.0 2.8803134
26000.0 2.8823714
26200.0 2.8828785
26400.0 2.884737
26600.0 2.8824913
26800.0 2.8691262
27000.0 2.8831932
27200.0 2.8609794
27400.0 2.8708937
27600.0 2.878489
27800.0 2.8624552
28000.0 2.8732662
28200.0 2.8863906
28400.0 2.8751064
28600.0 2.8807483
28800.0 2.8774324
29000.0 2.8893439
29200.0 2.8733781
29400.0 2.8860736
29600.0 2.869942
29800.0 2.8779046
30000.0 2.8864867
30200.0 2.8703786
30400.0 2.8825474
30600.0 2.874587
30800.0 2.8822058
31000.0 2.8744449
31200.0 2.9016433
31400.0 2.8767979
31600.0 2.889841
31800.0 2.89149
32000.0 2.8880423
32200.0 2.8859348
32400.0 2.8769352
32600.0 2.8932168
32800.0 2.8802758
33000.0 2.8762149
33200.0 2.8791544
33400.0 2.8873382
33600.0 2.8736384
33800.0 2.875366
34000.0 2.8773412
34200.0 2.8837693
34400.0 2.8707352
34600.0 2.8860248
34800.0 2.8711592
35000.0 2.8882237
35200.0 2.8740271
35400.0 2.8887188
35600.0 2.8721512
35800.0 2.8876185
36000.0 2.8883568
36200.0 2.8966633
36400.0 2.8812143
36600.0 2.908655
36800.0 2.8784548
37000.0 2.8938802
37200.0 2.8886043
37400.0 2.88272
37600.0 2.8832226
37800.0 2.8810117
38000.0 2.8778882
38200.0 2.8819581
38400.0 2.8753758
38600.0 2.8771165
38800.0 2.8771852
39000.0 2.8696811
39200.0 2.876747
39400.0 2.8711906
39600.0 2.8750389
39800.0 2.8759268
40000.0 2.8566504
40200.0 2.8828004
40400.0 2.8617272
40600.0 2.8821683
40800.0 2.8826111
41000.0 2.886495
41200.0 2.8879366
41400.0 2.8808311
41600.0 2.8803711
41800.0 2.885838
42000.0 2.8834609
42200.0 2.8801476
42400.0 2.8841553
42600.0 2.8792671
42800.0 2.8736389
43000.0 2.8864129
43200.0 2.86205
43400.0 2.8997067
43600.0 2.8508095
43800.0 2.8930595
44000.0 2.8583534
44200.0 2.8743657
44400.0 2.8754792
44600.0 2.8758914
44800.0 2.8816431
45000.0 2.8828937
45200.0 2.8917686
45400.0 2.8767489
45600.0 2.894561
45800.0 2.8774618
46000.0 2.8902284
46200.0 2.8718979
46400.0 2.8904139
46600.0 2.8771379
46800.0 2.8812758
47000.0 2.879322
47200.0 2.8776673
47400.0 2.8775651
47600.0 2.8861935
47800.0 2.8873428
48000.0 2.8732284
48200.0 2.8791456
48400.0 2.8885112
48600.0 2.8746335
48800.0 2.8859862
49000.0 2.880231
49200.0 2.8788149
49400.0 2.8692842
49600.0 2.8622845
49800.0 2.8591637
50000.0 2.8792964
50200.0 2.8555953
50400.0 2.874376
50600.0 2.8761589
50800.0 2.8656986
51000.0 2.8837655
51200.0 2.8745957
51400.0 2.8775482
51600.0 2.8863683
51800.0 2.870399
52000.0 2.9000601
52200.0 2.8697142
52400.0 2.8977069
52600.0 2.8775942
52800.0 2.8990078
53000.0 2.888918
53200.0 2.891195
53400.0 2.8864177
53600.0 2.9121522
53800.0 2.8811249
54000.0 2.8854318
54200.0 2.8879079
54400.0 2.8900869
54600.0 2.8825478
54800.0 2.8750084
55000.0 2.88764
55200.0 2.8786555
55400.0 2.8853583
55600.0 2.8686342
55800.0 2.8809515
56000.0 2.876425
56200.0 2.8711901
56400.0 2.8813803
56600.0 2.8679456
56800.0 2.8726789
57000.0 2.8599895
57200.0 2.8831228
57400.0 2.867124
57600.0 2.8799086
57800.0 2.8752793
58000.0 2.8796203
58200.0 2.8866238
58400.0 2.8774799
58600.0 2.8887137
58800.0 2.8859384
59000.0 2.8759358
59200.0 2.8841831
59400.0 2.889313
59600.0 2.8799692
59800.0 2.8721862
60000.0 2.8658752
60200.0 2.8757555
60400.0 2.861568
60600.0 2.8859991
60800.0 2.8607006
61000.0 2.8800829
61200.0 2.8671854
61400.0 2.8897338
61600.0 2.8752706
61800.0 2.881316
62000.0 2.8776399
62200.0 2.8878137
62400.0 2.8870499
62600.0 2.8800052
62800.0 2.8861034
63000.0 2.881962
63200.0 2.8822114
63400.0 2.8869561
63600.0 2.8782657
63800.0 2.8785351
64000.0 2.8669418
64200.0 2.8803592
64400.0 2.8664389
64600.0 2.8707719
64800.0 2.8736239
65000.0 2.8722361
65200.0 2.8774561
65400.0 2.8897218
65600.0 2.8794857
65800.0 2.8940791
66000.0 2.8810151
66200.0 2.8873631
66400.0 2.8852196
66600.0 2.8901607
66800.0 2.8726053
67000.0 2.8843752
67200.0 2.883689
67400.0 2.871661
67600.0 2.8875809
67800.0 2.8716476
68000.0 2.8826664
68200.0 2.8748337
68400.0 2.8812345
68600.0 2.9006901
68800.0 2.8962835
69000.0 2.8833302
69200.0 2.898314
69400.0 2.878808
69600.0 2.9006856
69800.0 2.8750146
70000.0 2.8856757
70200.0 2.8775996
70400.0 2.8839082
70600.0 2.8874724
70800.0 2.8725504
71000.0 2.8780364
71200.0 2.8749667
71400.0 2.8826804
71600.0 2.8831446
71800.0 2.8783425
72000.0 2.8705456
72200.0 2.8761294
72400.0 2.8704818
72600.0 2.8937325
72800.0 2.8658614
73000.0 2.8841524
73200.0 2.8741375
73400.0 2.8931625
73600.0 2.8723422
73800.0 2.8879643
74000.0 2.8851482
74200.0 2.8834624
74400.0 2.8922104
74600.0 2.8747459
74800.0 2.8900863
75000.0 2.8765348
75200.0 2.8917716
75400.0 2.8822232
75600.0 2.8765673
75800.0 2.8826653
76000.0 2.8691938
76200.0 2.8807731
76400.0 2.8733656
76600.0 2.8709068
76800.0 2.8749207
77000.0 2.8729774
77200.0 2.8853245
77400.0 2.8640147
77600.0 2.9023979
77800.0 2.8856461
78000.0 2.8990719
78200.0 2.8744331
78400.0 2.8908258
78600.0 2.8715376
78800.0 2.8865904
79000.0 2.8705455
79200.0 2.8902311
79400.0 2.8775672
79600.0 2.8926048
79800.0 2.8790507
80000.0 2.8844576
80200.0 2.8810224
80400.0 2.8858361
80600.0 2.8810733
80800.0 2.8811051
81000.0 2.8792861
81200.0 2.8738584
81400.0 2.890823
81600.0 2.8659682
81800.0 2.8869471
82000.0 2.8722167
82200.0 2.8825177
82400.0 2.8728989
82600.0 2.8964339
82800.0 2.8735612
83000.0 2.8950038
83200.0 2.8734191
83400.0 2.8965303
83600.0 2.8815131
83800.0 2.885944
84000.0 2.8888802
84200.0 2.8814558
84400.0 2.8817198
84600.0 2.8820346
84800.0 2.879405
85000.0 2.8848836
85200.0 2.8730383
85400.0 2.8715589
85600.0 2.8882781
85800.0 2.8747907
86000.0 2.8728579
86200.0 2.8725859
86400.0 2.8810002
86600.0 2.8848957
86800.0 2.8864184
87000.0 2.8838895
87200.0 2.8861129
87400.0 2.892035
87600.0 2.8854556
87800.0 2.8867566
88000.0 2.8858306
88200.0 2.8830826
88400.0 2.8750847
88600.0 2.8779777
88800.0 2.8665497
89000.0 2.8825587
89200.0 2.8690578
89400.0 2.8655494
89600.0 2.8885556
89800.0 2.8716574
90000.0 2.8897823
90200.0 2.860837
90400.0 2.8902544
90600.0 2.8693125
90800.0 2.8934498
91000.0 2.8765174
91200.0 2.8799913
91400.0 2.8774222
91600.0 2.8878604
91800.0 2.8761907
92000.0 2.8858526
92200.0 2.880087
92400.0 2.8886374
92600.0 2.8809648
92800.0 2.8899835
93000.0 2.8824116
93200.0 2.8934121
93400.0 2.8737081
93600.0 2.88291
93800.0 2.8888304
94000.0 2.8765153
94200.0 2.8745368
94400.0 2.8736799
94600.0 2.8886054
94800.0 2.8744917
95000.0 2.8823229
95200.0 2.8809876
95400.0 2.8803377
95600.0 2.871108
95800.0 2.8817721
96000.0 2.890438
96200.0 2.8732754
96400.0 2.8850971
96600.0 2.8799401
96800.0 2.8895083
97000.0 2.8772186
97200.0 2.8863255
97400.0 2.878307
97600.0 2.8932131
97800.0 2.8902884
98000.0 2.8829967
98200.0 2.8969708
98400.0 2.8820281
98600.0 2.8882566
98800.0 2.8815165
99000.0 2.8712349
99200.0 2.8812871
99400.0 2.8704457
99600.0 2.8858524
99800.0 2.8638192
100000.0 2.8857093
