0.0 76.483274
200.0 75.522456
400.0 75.766957
600.0 78.582604
800.0 76.458629
1000.0 75.466592
1200.0 79.044703
1400.0 76.943575
1600.0 80.215264
1800.0 78.495509
2000.0 78.299206
2200.0 77.528005
2400.0 78.20923
2600.0 77.361699
2800.0 77.175795
3000.0 76.138468
3200.0 74.714952
3400.0 77.104254
3600.0 77.887204
3800.0 76.369435
4000.0 76.65159
4200.0 77.594788
4400.0 78.15265
4600.0 78.050906
4800.0 75.677311
5000.0 76.863222
5200.0 80.458597
5400.0 80.009604
5600.0 76.773182
5800.0 77.554869
6000.0 80.077258
6200.0 80.249607
6400.0 79.873236
6600.0 76.985412
6800.0 77.280109
7000.0 79.202105
7200.0 76.269058
7400.0 75.987006
7600.0 75.887129
7800.0 77.942632
8000.0 76.604505
8200.0 81.097373
8400.0 78.865198
8600.0 76.765595
8800.0 77.058944
9000.0 77.593812
9200.0 77.069342
9400.0 77.921059
9600.0 78.172626
9800.0 78.855513
10000.0 80.123264
10200.0 78.364334
10400.0 75.464896
10600.0 79.379047
10800.0 78.633101
11000.0 78.160305
11200.0 77.362833
11400.0 77.547997
11600.0 79.596592
11800.0 77.142009
12000.0 76.698397
12200.0 77.549248
12400.0 78.058699
12600.0 77.463204
12800.0 77.326864
13000.0 79.669916
13200.0 78.655788
13400.0 80.601778
13600.0 79.980954
13800.0 78.342216
14000.0 77.060956
14200.0 78.249337
14400.0 78.080586
14600.0 78.136454
14800.0 79.264575
15000.0 77.413369
15200.0 76.556303
15400.0 76.311169
15600.0 80.245602
15800.0 78.830742
16000.0 75.990527
16200.0 77.831585
16400.0 81.389819
16600.0 80.162364
16800.0 78.276131
17000.0 80.535798
17200.0 78.584691
17400.0 77.14212
17600.0 80.114682
17800.0 80.384
18000.0 79.387444
18200.0 75.087311
18400.0 77.089618
18600.0 79.000836
18800.0 78.05956
19000.0 78.091444
19200.0 75.772813
19400.0 78.072955
19600.0 79.459862
19800.0 80.161112
20000.0 78.230529
20200.0 80.190638
20400.0 79.999486
20600.0 80.61322
20800.0 77.958386
21000.0 77.143349
21200.0 77.667219
21400.0 76.173165
21600.0 79.520852
21800.0 77.893894
22000.0 77.161912
22200.0 77.005709
22400.0 76.057768
22600.0 78.835412
22800.0 76.921012
23000.0 77.318631
23200.0 78.607674
23400.0 79.188314
23600.0 77.052823
23800.0 78.97931
24000.0 80.497975
24200.0 80.349803
24400.0 79.584974
24600.0 78.108972
24800.0 77.701354
25000.0 76.671441
25200.0 78.059066
25400.0 79.948184
25600.0 76.421936
25800.0 77.177106
26000.0 77.203161
26200.0 80.207583
26400.0 76.88464
26600.0 78.266504
26800.0 79.084868
27000.0 80.399085
27200.0 78.966851
27400.0 79.963361
27600.0 80.521165
27800.0 78.282872
28000.0 76.658617
28200.0 77.981274
28400.0 77.814434
28600.0 77.658945
28800.0 77.935704
29000.0 77.293641
29200.0 76.074162
29400.0 76.824117
29600.0 79.560276
29800.0 79.49506
30000.0 79.260785
30200.0 78.466367
30400.0 77.460618
30600.0 77.814769
30800.0 79.710858
31000.0 79.098347
31200.0 79.419566
31400.0 78.151286
31600.0 77.426735
31800.0 77.834318
32000.0 76.371649
32200.0 77.252926
32400.0 77.987816
32600.0 80.76018
32800.0 76.138008
33000.0 79.476301
33200.0 80.778258
33400.0 77.46128
33600.0 80.262854
33800.0 79.919977
34000.0 79.064809
34200.0 79.451202
34400.0 80.189891
34600.0 77.813401
34800.0 77.572664
35000.0 77.38416
35200.0 77.296528
35400.0 77.289128
35600.0 76.841058
35800.0 79.496047
36000.0 77.730406
36200.0 78.622247
36400.0 80.299484
36600.0 77.554855
36800.0 78.949429
37000.0 79.841891
37200.0 81.446795
37400.0 79.496452
37600.0 78.267863
37800.0 79.936237
38000.0 77.190823
38200.0 77.839072
38400.0 77.419597
38600.0 76.941416
38800.0 75.667228
39000.0 77.971602
39200.0 79.832557
39400.0 79.027709
39600.0 77.427443
39800.0 79.284949
40000.0 78.107795
40200.0 79.628711
40400.0 79.697009
40600.0 79.724171
40800.0 80.654864
41000.0 80.111134
41200.0 78.618376
41400.0 78.085027
41600.0 81.967184
41800.0 78.878049
42000.0 78.815733
42200.0 78.253365
42400.0 78.201717
42600.0 76.068847
42800.0 76.783314
43000.0 78.572756
43200.0 75.854612
43400.0 80.824408
43600.0 78.575548
43800.0 79.581328
44000.0 77.759099
44200.0 78.309868
44400.0 77.560659
44600.0 80.775876
44800.0 80.374272
45000.0 82.048376
45200.0 78.242513
45400.0 78.461355
45600.0 77.511879
45800.0 81.631471
46000.0 78.307799
46200.0 78.392698
46400.0 78.196397
46600.0 75.686127
46800.0 78.65003
47000.0 78.381506
47200.0 76.176143
47400.0 78.545326
47600.0 78.864428
47800.0 77.817821
48000.0 77.465746
48200.0 79.021176
48400.0 82.665165
48600.0 79.610898
48800.0 77.644217
49000.0 79.334687
49200.0 79.186157
49400.0 78.491069
49600.0 78.765673
49800.0 79.001619
50000.0 74.954495
50200.0 78.67947
50400.0 77.427161
50600.0 78.036328
50800.0 76.002028
51000.0 78.445514
51200.0 80.069247
51400.0 77.741895
51600.0 77.103014
51800.0 81.57658
52000.0 79.311115
52200.0 79.62473
52400.0 79.0744
52600.0 80.650038
52800.0 78.183033
53000.0 79.670077
53200.0 77.781916
53400.0 78.119617
53600.0 76.803345
53800.0 80.792635
54000.0 78.112979
54200.0 75.428695
54400.0 76.292469
54600.0 78.157338
54800.0 78.590012
55000.0 76.896747
55200.0 78.384427
55400.0 81.095291
55600.0 78.387858
55800.0 79.050057
56000.0 80.515855
56200.0 78.757639
56400.0 77.764327
56600.0 78.072207
56800.0 80.732843
57000.0 77.624762
57200.0 75.868409
57400.0 78.219383
57600.0 76.818933
57800.0 79.973953
58000.0 77.664624
58200.0 77.780346
58400.0 78.082391
58600.0 78.197643
58800.0 77.049834
59000.0 76.868245
59200.0 77.406582
59400.0 76.967561
59600.0 76.726088
59800.0 77.000649
60000.0 76.210462
60200.0 75.773622
60400.0 77.301481
60600.0 79.100073
60800.0 78.672121
61000.0 81.24715
61200.0 77.998377
61400.0 79.002265
61600.0 77.258033
61800.0 75.390523
62000.0 79.472415
62200.0 77.451946
62400.0 78.09635
62600.0 75.399242
62800.0 78.242968
63000.0 79.119068
63200.0 79.56869
63400.0 79.695805
63600.0 78.295619
63800.0 79.812112
64000.0 80.45516
64200.0 80.112417
64400.0 77.682527
64600.0 79.600252
64800.0 78.486471
65000.0 76.447044
65200.0 77.012671
65400.0 75.481024
65600.0 80.963066
65800.0 78.968692
66000.0 76.660713
66200.0 77.641451
66400.0 79.974843
66600.0 80.563672
66800.0 79.03357
67000.0 79.618075
67200.0 78.958923
67400.0 77.543297
67600.0 79.33048
67800.0 78.969595
68000.0 78.458516
68200.0 76.742055
68400.0 78.102683
68600.0 75.677113
68800.0 79.013639
69000.0 78.520346
69200.0 75.49447
69400.0 77.560578
69600.0 79.451733
69800.0 78.731801
70000.0 79.881299
70200.0 79.144436
70400.0 78.226441
70600.0 80.979688
70800.0 79.226678
71000.0 76.462712
71200.0 77.292801
71400.0 78.85311
71600.0 77.589569
71800.0 79.745204
72000.0 76.478384
72200.0 76.506672
72400.0 76.397446
72600.0 81.119835
72800.0 76.471818
73000.0 78.127157
73200.0 76.552279
73400.0 79.904962
73600.0 78.012841
73800.0 78.414987
74000.0 78.238374
74200.0 78.55865
74400.0 79.252034
74600.0 78.43347
74800.0 79.276509
75000.0 79.052518
75200.0 78.92921
75400.0 76.4729
75600.0 77.415582
75800.0 77.176719
76000.0 78.173002
76200.0 76.58982
76400.0 76.944329
76600.0 78.513516
76800.0 79.698465
77000.0 78.217775
77200.0 77.321926
77400.0 80.703686
77600.0 79.118834
77800.0 78.597522
78000.0 80.182896
78200.0 78.77951
78400.0 80.038229
78600.0 76.982453
78800.0 78.6674
79000.0 77.280386
79200.0 78.980961
79400.0 77.281289
79600.0 77.39247
79800.0 78.624315
80000.0 78.231965
80200.0 76.591905
80400.0 77.452249
80600.0 76.112619
80800.0 76.130989
81000.0 75.060331
81200.0 78.62293
81400.0 78.504456
81600.0 76.954242
81800.0 76.367618
82000.0 78.891649
82200.0 78.835776
82400.0 79.100104
82600.0 78.779103
82800.0 78.566715
83000.0 76.952238
83200.0 79.953396
83400.0 78.219902
83600.0 77.38143
83800.0 77.067497
84000.0 75.450863
84200.0 76.866823
84400.0 75.396056
84600.0 76.609191
84800.0 79.155345
85000.0 79.721456
85200.0 76.406695
85400.0 76.335975
85600.0 77.948136
85800.0 79.837312
86000.0 79.311261
86200.0 77.37893
86400.0 78.519831
86600.0 78.814947
86800.0 75.947045
87000.0 77.397917
87200.0 77.734074
87400.0 78.261499
87600.0 77.11823
87800.0 76.287049
88000.0 76.632985
88200.0 77.24411
88400.0 75.11673
88600.0 77.066517
88800.0 78.269552
89000.0 77.154526
89200.0 76.955236
89400.0 78.700545
89600.0 77.446968
89800.0 78.889966
90000.0 77.906138
90200.0 77.457822
90400.0 80.687911
90600.0 78.492846
90800.0 78.054408
91000.0 76.163352
91200.0 78.674959
91400.0 74.275641
91600.0 78.159427
91800.0 78.13679
92000.0 77.58588
92200.0 76.680541
92400.0 79.013933
92600.0 77.432921
92800.0 77.471479
93000.0 78.588016
93200.0 79.352391
93400.0 80.133802
93600.0 77.889399
93800.0 80.617807
94000.0 80.355568
94200.0 79.89444
94400.0 81.183558
94600.0 79.870895
94800.0 78.698642
95000.0 76.583587
95200.0 77.360297
95400.0 78.8112
95600.0 76.912284
95800.0 77.038268
96000.0 79.461255
96200.0 78.09042
96400.0 76.632399
96600.0 78.399657
96800.0 75.709811
97000.0 77.294756
97200.0 75.677937
97400.0 75.83377
97600.0 78.031659
97800.0 79.454408
98000.0 79.196
98200.0 77.693946
98400.0 78.32033
98600.0 76.460381
98800.0 78.748778
99000.0 79.675586
99200.0 78.978249
99400.0 78.354401
99600.0 79.628717
99800.0 80.985573
100000.0 79.379419
