0.0 45.9102
200.0 45.865492
400.0 45.856989
600.0 45.909581
800.0 45.947332
1000.0 45.882287
1200.0 45.878866
1400.0 45.920862
1600.0 45.92554
1800.0 45.907025
2000.0 45.873531
2200.0 45.893486
2400.0 45.907967
2600.0 45.900713
2800.0 45.886353
3000.0 45.865826
3200.0 45.908932
3400.0 45.89747
3600.0 45.929874
3800.0 45.911206
4000.0 45.912846
4200.0 45.922617
4400.0 45.912047
4600.0 45.895067
4800.0 45.912813
5000.0 45.895682
5200.0 45.891091
5400.0 45.898966
5600.0 45.889225
5800.0 45.910606
6000.0 45.894155
6200.0 45.890459
6400.0 45.929328
6600.0 45.883961
6800.0 45.890252
7000.0 45.926349
7200.0 45.912356
7400.0 45.894383
7600.0 45.917217
7800.0 45.948193
8000.0 45.9139
8200.0 45.870655
8400.0 45.893392
8600.0 45.942041
8800.0 45.899121
9000.0 45.871327
9200.0 45.871331
9400.0 45.919773
9600.0 45.89762
9800.0 45.862381
10000.0 45.892136
10200.0 45.897906
10400.0 45.964247
10600.0 45.927032
10800.0 45.859499
11000.0 45.920715
11200.0 45.96931
11400.0 45.935558
11600.0 45.845152
11800.0 45.879681
12000.0 45.957075
12200.0 45.932371
12400.0 45.848023
12600.0 45.881896
12800.0 45.915469
13000.0 45.928599
13200.0 45.863474
13400.0 45.892384
13600.0 45.873079
13800.0 45.918187
14000.0 45.867427
14200.0 45.903281
14400.0 45.878508
14600.0 45.903921
14800.0 45.929695
15000.0 45.905884
15200.0 45.902456
15400.0 45.902166
15600.0 45.918368
15800.0 45.948574
16000.0 45.873589
16200.0 45.866285
16400.0 45.930399
16600.0 45.915642
16800.0 45.884357
17000.0 45.850784
17200.0 45.900147
17400.0 45.923266
17600.0 45.886952
17800.0 45.873793
18000.0 45.898175
18200.0 45.942607
18400.0 45.918084
18600.0 45.87619
18800.0 45.920925
19000.0 45.947296
19200.0 45.927213
19400.0 45.881317
19600.0 45.903003
19800.0 45.914894
20000.0 45.880885
20200.0 45.87256
20400.0 45.885865
20600.0 45.902342
20800.0 45.876214
21000.0 45.895925
21200.0 45.88186
21400.0 45.931565
21600.0 45.903361
21800.0 45.923222
22000.0 45.911031
22200.0 45.899847
22400.0 45.907947
22600.0 45.937226
22800.0 45.903432
23000.0 45.887739
23200.0 45.881616
23400.0 45.930575
23600.0 45.917994
23800.0 45.88295
24000.0 45.85046
24200.0 45.910339
24400.0 45.925133
24600.0 45.868987
24800.0 45.82959
25000.0 45.90248
25200.0 45.893069
25400.0 45.88263
25600.0 45.857037
25800.0 45.914639
26000.0 45.9252
26200.0 45.899447
26400.0 45.888945
26600.0 45.903906
26800.0 45.940654
27000.0 45.916113
27200.0 45.873653
27400.0 45.852167
27600.0 45.97558
27800.0 45.902287
28000.0 45.837017
28200.0 45.838343
28400.0 45.923319
28600.0 45.917067
28800.0 45.88355
29000.0 45.896434
29200.0 45.911218
29400.0 45.885259
29600.0 45.903035
29800.0 45.93412
30000.0 45.904721
30200.0 45.870451
30400.0 45.8861
30600.0 45.920976
30800.0 45.892655
31000.0 45.868901
31200.0 45.884433
31400.0 45.875753
31600.0 45.88823
31800.0 45.913133
32000.0 45.880902
32200.0 45.89252
32400.0 45.895723
32600.0 45.939911
32800.0 45.90425
33000.0 45.893282
33200.0 45.888698
33400.0 45.914819
33600.0 45.908629
33800.0 45.860317
34000.0 45.880723
34200.0 45.92405
34400.0 45.886593
34600.0 45.861075
34800.0 45.873915
35000.0 45.953901
35200.0 45.905563
35400.0 45.856168
35600.0 45.880343
35800.0 45.937248
36000.0 45.928805
36200.0 45.868227
36400.0 45.888185
36600.0 45.918372
36800.0 45.907541
37000.0 45.892894
37200.0 45.894351
37400.0 45.910081
37600.0 45.900383
37800.0 45.900664
38000.0 45.881624
38200.0 45.898077
38400.0 45.920317
38600.0 45.866314
38800.0 45.887983
39000.0 45.89616
39200.0 45.890577
39400.0 45.893507
39600.0 45.880228
39800.0 45.915687
40000.0 45.914601
40200.0 45.92427
40400.0 45.867654
40600.0 45.924432
40800.0 45.946233
41000.0 45.890242
41200.0 45.888518
41400.0 45.857198
41600.0 45.891395
41800.0 45.919813
42000.0 45.87218
42200.0 45.847077
42400.0 45.899284
42600.0 45.938534
42800.0 45.919056
43000.0 45.836373
43200.0 45.912409
43400.0 45.920176
43600.0 45.933392
43800.0 45.878231
44000.0 45.895778
44200.0 45.90976
44400.0 45.888394
44600.0 45.857257
44800.0 45.868747
45000.0 45.914358
45200.0 45.875632
45400.0 45.870451
45600.0 45.895492
45800.0 45.924101
46000.0 45.888463
46200.0 45.889825
46400.0 45.913777
46600.0 45.907613
46800.0 45.890475
47000.0 45.91758
47200.0 45.887329
47400.0 45.921447
47600.0 45.869643
47800.0 45.877888
48000.0 45.9108
48200.0 45.885422
48400.0 45.867762
48600.0 45.884286
48800.0 45.910536
49000.0 45.912901
49200.0 45.878596
49400.0 45.91175
49600.0 45.932708
49800.0 45.903296
50000.0 45.884547
50200.0 45.935628
50400.0 45.861138
50600.0 45.91027
50800.0 45.896779
51000.0 45.889174
51200.0 45.854088
51400.0 45.897877
51600.0 45.925043
51800.0 45.863006
52000.0 45.891469
52200.0 45.927874
52400.0 45.958073
52600.0 45.881887
52800.0 45.882849
53000.0 45.895243
53200.0 45.963567
53400.0 45.885033
53600.0 45.856286
53800.0 45.890302
54000.0 45.911242
54200.0 45.905982
54400.0 45.877005
54600.0 45.878788
54800.0 45.92461
55000.0 45.93093
55200.0 45.906798
55400.0 45.90929
55600.0 45.928801
55800.0 45.9165
56000.0 45.885259
56200.0 45.901969
56400.0 45.885544
56600.0 45.920907
56800.0 45.89099
57000.0 45.870228
57200.0 45.912386
57400.0 45.929967
57600.0 45.87086
57800.0 45.855151
58000.0 45.959713
58200.0 45.939616
58400.0 45.901521
58600.0 45.863612
58800.0 45.921114
59000.0 45.967793
59200.0 45.906791
59400.0 45.833777
59600.0 45.931803
59800.0 45.905368
60000.0 45.890452
60200.0 45.876929
60400.0 45.872544
60600.0 45.894979
60800.0 45.921516
61000.0 45.882536
61200.0 45.889034
61400.0 45.925743
61600.0 45.923607
61800.0 45.894085
62000.0 45.927385
62200.0 45.908276
62400.0 45.920711
62600.0 45.88013
62800.0 45.884514
63000.0 45.891673
63200.0 45.880149
63400.0 45.876674
63600.0 45.899862
63800.0 45.882187
64000.0 45.899843
64200.0 45.864932
64400.0 45.931808
64600.0 45.901335
64800.0 45.895753
65000.0 45.913941
65200.0 45.90896
65400.0 45.941028
65600.0 45.918804
65800.0 45.899592
66000.0 45.941212
66200.0 45.962305
66400.0 45.937547
66600.0 45.897819
66800.0 45.92137
67000.0 45.919528
67200.0 45.911056
67400.0 45.893877
67600.0 45.876016
67800.0 45.927702
68000.0 45.897146
68200.0 45.879482
68400.0 45.884271
68600.0 45.892429
68800.0 45.900515
69000.0 45.895078
69200.0 45.899708
69400.0 45.909374
69600.0 45.918828
69800.0 45.904399
70000.0 45.957104
70200.0 45.919524
70400.0 45.872081
70600.0 45.898612
70800.0 45.950729
71000.0 45.888047
71200.0 45.84829
71400.0 45.893627
71600.0 45.912345
71800.0 45.905245
72000.0 45.869637
72200.0 45.891624
72400.0 45.90905
72600.0 45.926792
72800.0 45.903286
73000.0 45.924779
73200.0 45.900085
73400.0 45.935491
73600.0 45.922514
73800.0 45.896731
74000.0 45.887518
74200.0 45.921213
74400.0 45.899501
74600.0 45.867405
74800.0 45.86376
75000.0 45.909944
75200.0 45.908461
75400.0 45.89125
75600.0 45.867382
75800.0 45.909056
76000.0 45.920371
76200.0 45.931299
76400.0 45.902494
76600.0 45.902753
76800.0 45.907718
77000.0 45.932462
77200.0 45.899817
77400.0 45.836739
77600.0 45.857428
77800.0 45.936696
78000.0 45.86568
78200.0 45.861748
78400.0 45.884417
78600.0 45.93164
78800.0 45.90497
79000.0 45.909206
79200.0 45.862061
79400.0 45.937318
79600.0 45.921493
79800.0 45.910017
80000.0 45.86441
80200.0 45.894961
80400.0 45.913123
80600.0 45.901789
80800.0 45.859238
81000.0 45.85503
81200.0 45.882985
81400.0 45.920032
81600.0 45.893704
81800.0 45.867085
82000.0 45.847822
82200.0 45.942594
82400.0 45.923767
82600.0 45.877779
82800.0 45.869403
83000.0 45.930494
83200.0 45.931995
83400.0 45.889408
83600.0 45.915896
83800.0 45.922701
84000.0 45.897432
84200.0 45.905081
84400.0 45.881254
84600.0 45.873426
84800.0 45.878243
85000.0 45.90554
85200.0 45.875864
85400.0 45.865092
85600.0 45.909647
85800.0 45.930541
86000.0 45.886704
86200.0 45.893714
86400.0 45.890417
86600.0 45.931215
86800.0 45.922028
87000.0 45.84962
87200.0 45.891296
87400.0 45.950547
87600.0 45.920398
87800.0 45.840251
88000.0 45.884591
88200.0 45.889671
88400.0 45.881909
88600.0 45.877384
88800.0 45.827949
89000.0 45.898225
89200.0 45.899965
89400.0 45.902394
89600.0 45.882381
89800.0 45.899101
90000.0 45.905755
90200.0 45.937947
90400.0 45.88101
90600.0 45.88418
90800.0 45.923295
91000.0 45.931479
91200.0 45.890661
91400.0 45.900633
91600.0 45.876559
91800.0 45.898167
92000.0 45.88605
92200.0 45.861122
92400.0 45.887442
92600.0 45.893053
92800.0 45.885034
93000.0 45.916802
93200.0 45.873415
93400.0 45.896611
93600.0 45.928717
93800.0 45.88399
94000.0 45.892986
94200.0 45.884772
94400.0 45.918407
94600.0 45.917612
94800.0 45.892362
95000.0 45.849389
95200.0 45.899599
95400.0 45.94233
95600.0 45.910991
95800.0 45.86059
96000.0 45.867008
96200.0 45.91344
96400.0 45.943734
96600.0 45.880927
96800.0 45.871444
97000.0 45.911967
97200.0 45.944976
97400.0 45.898345
97600.0 45.882578
97800.0 45.893327
98000.0 45.92542
98200.0 45.929833
98400.0 45.890882
98600.0 45.884754
98800.0 45.939838
99000.0 45.879608
99200.0 45.894336
99400.0 45.86919
99600.0 45.895941
99800.0 45.895603
100000.0 45.888096
