0.0 -4088.0313
200.0 -4088.762
400.0 -4095.205
600.0 -4099.4625
800.0 -4107.6227
1000.0 -4115.131
1200.0 -4118.0827
1400.0 -4120.5178
1600.0 -4122.4872
1800.0 -4124.8591
2000.0 -4127.0835
2200.0 -4130.5828
2400.0 -4132.2241
2600.0 -4132.4891
2800.0 -4130.8715
3000.0 -4123.7062
3200.0 -4109.5494
3400.0 -4095.4238
3600.0 -4088.9654
3800.0 -4088.7675
4000.0 -4094.7542
4200.0 -4101.8325
4400.0 -4106.6355
4600.0 -4114.1613
4800.0 -4121.3468
5000.0 -4128.1649
5200.0 -4132.4535
5400.0 -4133.865
5600.0 -4132.5733
5800.0 -4130.3621
6000.0 -4123.8542
6200.0 -4121.6978
6400.0 -4123.0874
6600.0 -4126.5897
6800.0 -4128.5351
7000.0 -4126.1235
7200.0 -4121.9064
7400.0 -4115.5594
7600.0 -4103.686
7800.0 -4090.6176
8000.0 -4082.151
8200.0 -4078.3119
8400.0 -4081.5281
8600.0 -4089.9681
8800.0 -4097.8783
9000.0 -4102.514
9200.0 -4109.3161
9400.0 -4114.5527
9600.0 -4121.8465
9800.0 -4127.2633
10000.0 -4130.2107
10200.0 -4129.3296
10400.0 -4127.1977
10600.0 -4127.3518
10800.0 -4128.8737
11000.0 -4126.1158
11200.0 -4116.5235
11400.0 -4103.7487
11600.0 -4093.3206
11800.0 -4089.4308
12000.0 -4087.9826
12200.0 -4088.8116
12400.0 -4094.2876
12600.0 -4101.0378
12800.0 -4106.9096
13000.0 -4112.3864
13200.0 -4116.2354
13400.0 -4118.5516
13600.0 -4120.1073
13800.0 -4119.6214
14000.0 -4117.5447
14200.0 -4118.5193
14400.0 -4121.0577
14600.0 -4131.0185
14800.0 -4140.5956
15000.0 -4147.852
15200.0 -4151.1275
15400.0 -4147.3422
15600.0 -4141.6166
15800.0 -4131.7443
16000.0 -4125.619
16200.0 -4123.1337
16400.0 -4119.5963
16600.0 -4118.8012
16800.0 -4117.073
17000.0 -4114.866
17200.0 -4112.662
17400.0 -4115.2952
17600.0 -4121.0044
17800.0 -4129.679
18000.0 -4135.4648
18200.0 -4136.7721
18400.0 -4134.4707
18600.0 -4129.6329
18800.0 -4122.9035
19000.0 -4110.9302
19200.0 -4101.3844
19400.0 -4097.3616
19600.0 -4096.6097
19800.0 -4096.5854
20000.0 -4100.1922
20200.0 -4107.0422
20400.0 -4116.7635
20600.0 -4130.787
20800.0 -4139.6859
21000.0 -4144.2692
21200.0 -4147.4373
21400.0 -4151.1771
21600.0 -4153.4849
21800.0 -4149.7415
22000.0 -4141.5115
22200.0 -4134.6058
22400.0 -4130.56
22600.0 -4125.4287
22800.0 -4119.2446
23000.0 -4118.5359
23200.0 -4119.8569
23400.0 -4124.9311
23600.0 -4125.678
23800.0 -4124.5429
24000.0 -4120.3823
24200.0 -4109.567
24400.0 -4095.2253
24600.0 -4088.4589
24800.0 -4092.6601
25000.0 -4097.5508
25200.0 -4105.231
25400.0 -4109.312
25600.0 -4111.129
25800.0 -4112.4051
26000.0 -4116.3448
26200.0 -4121.5557
26400.0 -4124.1519
26600.0 -4124.8231
26800.0 -4128.9752
27000.0 -4136.8225
27200.0 -4152.2807
27400.0 -4166.8841
27600.0 -4173.0973
27800.0 -4176.2569
28000.0 -4174.9623
28200.0 -4168.9631
28400.0 -4158.563
28600.0 -4151.6718
28800.0 -4143.2596
29000.0 -4134.3541
29200.0 -4126.0767
29400.0 -4122.1302
29600.0 -4119.0158
29800.0 -4115.6072
30000.0 -4109.7978
30200.0 -4108.7012
30400.0 -4111.3417
30600.0 -4112.0037
30800.0 -4109.8989
31000.0 -4110.6276
31200.0 -4122.1329
31400.0 -4133.8806
31600.0 -4140.1761
31800.0 -4140.6528
32000.0 -4137.8098
32200.0 -4138.3899
32400.0 -4134.8208
32600.0 -4124.5953
32800.0 -4113.3309
33000.0 -4106.9373
33200.0 -4102.2665
33400.0 -4104.1792
33600.0 -4107.2017
33800.0 -4110.5655
34000.0 -4114.093
34200.0 -4115.0563
34400.0 -4114.723
34600.0 -4115.2838
34800.0 -4115.849
35000.0 -4117.6416
35200.0 -4123.4832
35400.0 -4135.3668
35600.0 -4146.3382
35800.0 -4154.2748
36000.0 -4156.8978
36200.0 -4153.7688
36400.0 -4145.4395
36600.0 -4136.3797
36800.0 -4128.2723
37000.0 -4123.2825
37200.0 -4119.4829
37400.0 -4117.2693
37600.0 -4113.959
37800.0 -4110.8689
38000.0 -4108.6888
38200.0 -4103.238
38400.0 -4101.7377
38600.0 -4110.9657
38800.0 -4129.5049
39000.0 -4138.0029
39200.0 -4139.0881
39400.0 -4138.4432
39600.0 -4138.1875
39800.0 -4138.8281
40000.0 -4137.0126
40200.0 -4133.5482
40400.0 -4126.4646
40600.0 -4117.5216
40800.0 -4110.1785
41000.0 -4101.8989
41200.0 -4093.4674
41400.0 -4088.6071
41600.0 -4086.8629
41800.0 -4087.8581
42000.0 -4092.5113
42200.0 -4099.0467
42400.0 -4105.4996
42600.0 -4111.2532
42800.0 -4117.5927
43000.0 -4124.511
43200.0 -4129.4105
43400.0 -4130.7068
43600.0 -4131.9651
43800.0 -4129.804
44000.0 -4128.7027
44200.0 -4125.6828
44400.0 -4120.5933
44600.0 -4111.46
44800.0 -4101.5343
45000.0 -4096.5579
45200.0 -4096.0799
45400.0 -4096.6338
45600.0 -4100.5343
45800.0 -4107.4072
46000.0 -4116.391
46200.0 -4128.8528
46400.0 -4135.4872
46600.0 -4140.0361
46800.0 -4142.4021
47000.0 -4143.4071
47200.0 -4143.9119
47400.0 -4144.2681
47600.0 -4141.8968
47800.0 -4136.8418
48000.0 -4129.1819
48200.0 -4119.6462
48400.0 -4113.0822
48600.0 -4109.5949
48800.0 -4107.8386
49000.0 -4109.0455
49200.0 -4113.2283
49400.0 -4120.3045
49600.0 -4123.373
49800.0 -4124.8024
50000.0 -4127.7771
50200.0 -4133.3615
50400.0 -4139.2805
50600.0 -4145.3355
50800.0 -4155.3607
51000.0 -4163.4482
51200.0 -4168.0097
51400.0 -4167.353
51600.0 -4159.9873
51800.0 -4143.9089
52000.0 -4131.2844
52200.0 -4123.0403
52400.0 -4118.1607
52600.0 -4117.6447
52800.0 -4121.1999
53000.0 -4126.7686
53200.0 -4131.4924
53400.0 -4132.5323
53600.0 -4133.0139
53800.0 -4130.4121
54000.0 -4126.4199
54200.0 -4119.1128
54400.0 -4109.8545
54600.0 -4101.9713
54800.0 -4096.372
55000.0 -4091.9168
55200.0 -4090.3307
55400.0 -4096.1833
55600.0 -4111.6481
55800.0 -4126.9881
56000.0 -4132.1544
56200.0 -4131.7465
56400.0 -4131.1415
56600.0 -4130.3114
56800.0 -4127.8883
57000.0 -4121.2771
57200.0 -4116.3818
57400.0 -4111.4386
57600.0 -4105.2993
57800.0 -4097.9441
58000.0 -4091.91
58200.0 -4090.5485
58400.0 -4092.748
58600.0 -4099.2461
58800.0 -4111.7155
59000.0 -4123.2661
59200.0 -4128.3534
59400.0 -4134.2849
59600.0 -4137.7285
59800.0 -4140.0517
60000.0 -4141.2386
60200.0 -4142.0372
60400.0 -4139.1071
60600.0 -4133.6928
60800.0 -4128.3726
61000.0 -4117.281
61200.0 -4107.1894
61400.0 -4098.5024
61600.0 -4090.1212
61800.0 -4086.5338
62000.0 -4088.8206
62200.0 -4094.6097
62400.0 -4102.1035
62600.0 -4111.3641
62800.0 -4116.8702
63000.0 -4120.0872
63200.0 -4123.1569
63400.0 -4122.7437
63600.0 -4118.8518
63800.0 -4115.8468
64000.0 -4116.0896
64200.0 -4118.6944
64400.0 -4127.1635
64600.0 -4142.1091
64800.0 -4153.8394
65000.0 -4155.4645
65200.0 -4154.6909
65400.0 -4151.8299
65600.0 -4147.5542
65800.0 -4143.7568
66000.0 -4137.8351
66200.0 -4129.9741
66400.0 -4121.5945
66600.0 -4115.9608
66800.0 -4111.6712
67000.0 -4108.5669
67200.0 -4112.6278
67400.0 -4117.8495
67600.0 -4121.0303
67800.0 -4124.2046
68000.0 -4125.4634
68200.0 -4124.5513
68400.0 -4125.0866
68600.0 -4124.5945
68800.0 -4119.9785
69000.0 -4115.1541
69200.0 -4115.4374
69400.0 -4116.9648
69600.0 -4114.8854
69800.0 -4111.5122
70000.0 -4110.1015
70200.0 -4116.1515
70400.0 -4123.6322
70600.0 -4130.5538
70800.0 -4137.366
71000.0 -4142.4652
71200.0 -4146.4176
71400.0 -4144.0564
71600.0 -4134.9697
71800.0 -4122.0149
72000.0 -4113.2177
72200.0 -4109.2497
72400.0 -4106.8556
72600.0 -4105.0184
72800.0 -4101.3593
73000.0 -4099.5105
73200.0 -4098.0587
73400.0 -4093.4382
73600.0 -4091.4349
73800.0 -4093.7426
74000.0 -4100.6542
74200.0 -4107.6344
74400.0 -4115.096
74600.0 -4120.2948
74800.0 -4126.0543
75000.0 -4133.6935
75200.0 -4140.1716
75400.0 -4144.3393
75600.0 -4148.0479
75800.0 -4147.7546
76000.0 -4142.8461
76200.0 -4128.4748
76400.0 -4111.1363
76600.0 -4106.3412
76800.0 -4105.7419
77000.0 -4105.2125
77200.0 -4105.7605
77400.0 -4108.069
77600.0 -4109.1103
77800.0 -4106.8665
78000.0 -4097.7747
78200.0 -4088.1306
78400.0 -4081.1806
78600.0 -4079.1288
78800.0 -4086.76
79000.0 -4101.4618
79200.0 -4112.8418
79400.0 -4117.8167
79600.0 -4120.7727
79800.0 -4124.9748
80000.0 -4127.2379
80200.0 -4128.0671
80400.0 -4131.0099
80600.0 -4132.3936
80800.0 -4132.1583
81000.0 -4129.2816
81200.0 -4125.6304
81400.0 -4120.6691
81600.0 -4115.1
81800.0 -4106.9099
82000.0 -4100.7704
82200.0 -4096.4429
82400.0 -4096.4258
82600.0 -4098.8634
82800.0 -4101.0372
83000.0 -4105.8793
83200.0 -4115.1889
83400.0 -4127.7162
83600.0 -4134.7391
83800.0 -4140.0199
84000.0 -4143.2091
84200.0 -4143.9636
84400.0 -4143.4988
84600.0 -4138.6647
84800.0 -4124.6941
85000.0 -4112.1422
85200.0 -4108.9918
85400.0 -4109.3465
85600.0 -4109.438
85800.0 -4107.5809
86000.0 -4102.3677
86200.0 -4103.6698
86400.0 -4112.2454
86600.0 -4121.824
86800.0 -4130.9991
87000.0 -4137.2797
87200.0 -4138.3673
87400.0 -4136.3579
87600.0 -4134.16
87800.0 -4131.6768
88000.0 -4129.4172
88200.0 -4123.4945
88400.0 -4119.2289
88600.0 -4116.171
88800.0 -4113.688
89000.0 -4104.0291
89200.0 -4087.6355
89400.0 -4077.2872
89600.0 -4074.8295
89800.0 -4077.165
90000.0 -4084.6555
90200.0 -4094.5556
90400.0 -4103.8526
90600.0 -4110.2645
90800.0 -4116.5613
91000.0 -4123.1894
91200.0 -4128.7692
91400.0 -4132.8871
91600.0 -4136.1515
91800.0 -4138.3762
92000.0 -4135.5447
92200.0 -4130.3327
92400.0 -4122.241
92600.0 -4109.8692
92800.0 -4096.1773
93000.0 -4089.4093
93200.0 -4088.1743
93400.0 -4093.9601
93600.0 -4098.6109
93800.0 -4101.7276
94000.0 -4105.2359
94200.0 -4112.709
94400.0 -4121.8496
94600.0 -4127.6869
94800.0 -4128.4783
95000.0 -4128.5313
95200.0 -4126.9731
95400.0 -4124.5368
95600.0 -4122.3508
95800.0 -4121.4441
96000.0 -4119.7392
96200.0 -4108.7456
96400.0 -4093.7236
96600.0 -4085.4963
96800.0 -4085.9717
97000.0 -4089.6318
97200.0 -4096.177
97400.0 -4105.3078
97600.0 -4112.7806
97800.0 -4116.2001
98000.0 -4119.8659
98200.0 -4122.6995
98400.0 -4122.12
98600.0 -4120.3938
98800.0 -4122.4974
99000.0 -4125.7434
99200.0 -4129.4751
99400.0 -4132.006
99600.0 -4134.4688
99800.0 -4136.8249
100000.0 -4136.7932
