0.0 3.0129373
200.0 3.0033514
400.0 3.0001059
600.0 3.0074037
800.0 2.9981859
1000.0 2.9937501
1200.0 3.0015159
1400.0 2.9941998
1600.0 2.9935302
1800.0 2.9953691
2000.0 2.9949672
2200.0 2.9930471
2400.0 2.9881197
2600.0 3.0041374
2800.0 2.9840899
3000.0 2.9938946
3200.0 3.0125142
3400.0 2.9959068
3600.0 2.9959265
3800.0 2.9997047
4000.0 3.0038896
4200.0 2.9966451
4400.0 2.999827
4600.0 2.9928916
4800.0 2.9988045
5000.0 2.9992346
5200.0 2.9871253
5400.0 3.0020601
5600.0 2.9880245
5800.0 2.9899001
6000.0 2.9913533
6200.0 2.9973174
6400.0 2.9814905
6600.0 2.9993207
6800.0 2.9894205
7000.0 2.9961799
7200.0 2.9929479
7400.0 3.0010017
7600.0 2.9969363
7800.0 2.9905805
8000.0 3.0083068
8200.0 2.9921974
8400.0 2.9825084
8600.0 3.0153942
8800.0 2.9857095
9000.0 2.9862124
9200.0 2.9970799
9400.0 2.9921513
9600.0 2.9885939
9800.0 2.9983183
10000.0 2.9962405
10200.0 2.9934173
10400.0 2.9877401
10600.0 3.0047345
10800.0 2.9920869
11000.0 2.9957839
11200.0 2.9999512
11400.0 3.0016186
11600.0 2.9904717
11800.0 3.0058262
12000.0 3.0094105
12200.0 2.9983113
12400.0 3.0033864
12600.0 3.0086383
12800.0 3.0004972
13000.0 2.9959439
13200.0 3.001466
13400.0 3.0003414
13600.0 2.9952603
13800.0 2.9970823
14000.0 2.9954844
14200.0 2.993474
14400.0 3.0005575
14600.0 2.9835603
14800.0 3.0010029
15000.0 2.9943814
15200.0 2.985438
15400.0 3.0009337
15600.0 2.995622
15800.0 2.9891155
16000.0 3.0093553
16200.0 3.0009192
16400.0 2.9924785
16600.0 3.0101959
16800.0 2.9947585
17000.0 2.9966222
17200.0 3.0016813
17400.0 2.9898247
17600.0 2.9936644
17800.0 3.0039792
18000.0 2.9806629
18200.0 2.9935153
18400.0 3.0018027
18600.0 2.9869864
18800.0 2.9993065
19000.0 2.9986992
19200.0 2.9956712
19400.0 2.9982763
19600.0 2.9978796
19800.0 3.0035947
20000.0 3.0031142
20200.0 2.9910662
20400.0 3.0024451
20600.0 2.9985826
20800.0 2.9873866
21000.0 2.9977314
21200.0 2.9913388
21400.0 2.9870059
21600.0 3.0035465
21800.0 2.9898357
22000.0 2.9875482
22200.0 3.0087112
22400.0 2.9905687
22600.0 2.9958254
22800.0 2.9997171
23000.0 3.0018038
23200.0 2.989224
23400.0 3.0064538
23600.0 2.9876188
23800.0 2.990643
24000.0 2.9933658
24200.0 2.9895559
24400.0 2.985925
24600.0 2.9927194
24800.0 2.9946412
25000.0 2.9922625
25200.0 3.0036458
25400.0 2.9930266
25600.0 2.9963273
25800.0 3.0029343
26000.0 2.9991143
26200.0 2.9891878
26400.0 3.0110399
26600.0 2.9907715
26800.0 2.9936669
27000.0 2.9958334
27200.0 2.9957836
27400.0 2.9865149
27600.0 2.9851585
27800.0 2.9988721
28000.0 2.991286
28200.0 2.9887349
28400.0 2.9957522
28600.0 2.9933176
28800.0 2.9995901
29000.0 3.0009056
29200.0 2.9950623
29400.0 2.9894581
29600.0 3.0110205
29800.0 2.9931034
30000.0 2.992863
30200.0 3.005025
30400.0 2.9875687
30600.0 2.9924394
30800.0 2.9895735
31000.0 2.9900486
31200.0 2.9887718
31400.0 2.992472
31600.0 3.0006161
31800.0 2.9814668
32000.0 3.0031833
32200.0 2.9940394
32400.0 2.9969052
32600.0 2.9936066
32800.0 2.9974499
33000.0 2.9988872
33200.0 3.0008357
33400.0 2.9926435
33600.0 2.9922088
33800.0 3.0128247
34000.0 2.9966542
34200.0 2.9980308
34400.0 3.0070642
34600.0 2.9973618
34800.0 2.9969431
35000.0 3.0072228
35200.0 2.9835685
35400.0 3.0062088
35600.0 2.9932985
35800.0 2.9908994
36000.0 2.9880486
36200.0 3.0036313
36400.0 2.9919511
36600.0 2.9924391
36800.0 2.9976991
37000.0 2.9961163
37200.0 3.0007267
37400.0 2.9978548
37600.0 3.0062239
37800.0 2.9986491
38000.0 3.0072416
38200.0 2.9926955
38400.0 2.9981421
38600.0 3.0037935
38800.0 2.9829861
39000.0 2.9907878
39200.0 3.0018493
39400.0 2.9904953
39600.0 2.9942815
39800.0 2.9964562
40000.0 2.9927255
40200.0 2.9871557
40400.0 3.0097453
40600.0 2.9919479
40800.0 2.9998704
41000.0 2.9940001
41200.0 3.0044311
41400.0 2.9996339
41600.0 3.0049136
41800.0 3.0004123
42000.0 3.0095209
42200.0 2.9953492
42400.0 3.0009682
42600.0 2.9999769
42800.0 2.9936447
43000.0 2.998763
43200.0 2.9934518
43400.0 2.9890216
43600.0 3.0083525
43800.0 2.9820583
44000.0 2.9907752
44200.0 3.0009387
44400.0 2.9937637
44600.0 2.9850994
44800.0 3.0024929
45000.0 3.0022079
45200.0 2.9900896
45400.0 3.0056891
45600.0 3.0072056
45800.0 2.9905449
46000.0 3.0041869
46200.0 3.0040601
46400.0 2.9903231
46600.0 2.9944804
46800.0 3.0018744
47000.0 2.9824326
47200.0 2.9931829
47400.0 2.9912203
47600.0 2.9946778
47800.0 2.9883819
48000.0 3.0013699
48200.0 2.9944927
48400.0 2.993002
48600.0 3.0052526
48800.0 3.001187
49000.0 2.9818623
49200.0 3.015803
49400.0 2.990438
49600.0 2.9915384
49800.0 3.0001693
50000.0 2.9939935
50200.0 2.9819093
50400.0 2.9948417
50600.0 2.9963888
50800.0 2.979009
51000.0 2.9866231
51200.0 2.9898957
51400.0 2.9865601
51600.0 2.991837
51800.0 2.9983826
52000.0 2.9862193
52200.0 3.0060953
52400.0 2.9885264
52600.0 3.0048823
52800.0 2.9937301
53000.0 3.0011895
53200.0 2.9953944
53400.0 3.0038021
53600.0 2.9948188
53800.0 2.9945202
54000.0 2.9938943
54200.0 2.9951909
54400.0 2.9917711
54600.0 2.9908608
54800.0 2.9904395
55000.0 2.9934873
55200.0 2.9979398
55400.0 2.9982851
55600.0 2.9864833
55800.0 3.0015763
56000.0 3.0021838
56200.0 2.9980061
56400.0 2.9929844
56600.0 3.0027537
56800.0 2.99549
57000.0 2.9945479
57200.0 2.9985283
57400.0 3.00249
57600.0 2.9840868
57800.0 2.992471
58000.0 3.002523
58200.0 2.9784095
58400.0 2.9923496
58600.0 2.9995299
58800.0 2.987944
59000.0 2.9972989
59200.0 2.9994204
59400.0 2.9898221
59600.0 3.0073373
59800.0 2.9956629
60000.0 2.9969316
60200.0 3.003185
60400.0 2.9964954
60600.0 2.9973245
60800.0 2.9948163
61000.0 2.9912746
61200.0 2.9971539
61400.0 2.9879528
61600.0 2.9962404
61800.0 2.9905958
62000.0 2.991569
62200.0 2.9974129
62400.0 2.9913526
62600.0 3.0038326
62800.0 2.9987632
63000.0 3.0044298
63200.0 3.0105139
63400.0 3.0023098
63600.0 3.0068346
63800.0 2.9996027
64000.0 2.9977774
64200.0 2.995667
64400.0 2.9971674
64600.0 2.996471
64800.0 2.9861479
65000.0 2.9964514
65200.0 2.9986309
65400.0 2.9805162
65600.0 3.0018891
65800.0 2.9936458
66000.0 2.9913384
66200.0 2.9982616
66400.0 3.0014957
66600.0 2.9985458
66800.0 2.9980416
67000.0 2.9997576
67200.0 3.0020411
67400.0 2.9888979
67600.0 3.0098654
67800.0 2.9921924
68000.0 2.9913207
68200.0 3.0033661
68400.0 2.9906784
68600.0 2.9847231
68800.0 2.9970298
69000.0 2.9845603
69200.0 2.9875468
69400.0 2.9917812
69600.0 2.9851725
69800.0 2.9915996
70000.0 3.0043025
70200.0 2.9877172
70400.0 2.9955876
70600.0 3.0050382
70800.0 2.994617
71000.0 2.990757
71200.0 3.0016154
71400.0 3.0106645
71600.0 2.9764922
71800.0 3.0036163
72000.0 3.0008523
72200.0 2.9852692
72400.0 2.9882876
72600.0 2.9934747
72800.0 2.9859416
73000.0 2.9872764
73200.0 2.995816
73400.0 2.9937841
73600.0 2.9941269
73800.0 3.0021451
74000.0 3.0019491
74200.0 2.9952237
74400.0 2.9985153
74600.0 3.0060105
74800.0 2.9911471
75000.0 3.0007856
75200.0 2.9974123
75400.0 2.9846254
75600.0 2.9978651
75800.0 2.9930183
76000.0 2.9865513
76200.0 2.9926439
76400.0 2.9942456
76600.0 2.9884218
76800.0 3.0029824
77000.0 2.9951116
77200.0 2.9935152
77400.0 3.0042232
77600.0 2.995812
77800.0 2.9938312
78000.0 2.9977901
78200.0 2.9960518
78400.0 3.0055102
78600.0 2.9896116
78800.0 3.0015376
79000.0 2.9977258
79200.0 2.9943849
79400.0 2.9920909
79600.0 3.0063327
79800.0 2.9904758
80000.0 2.9927603
80200.0 3.0065175
80400.0 2.9801986
80600.0 3.0010192
80800.0 3.0011076
81000.0 2.9907315
81200.0 2.9911711
81400.0 3.0044542
81600.0 2.9944438
81800.0 2.9887456
82000.0 3.0044658
82200.0 2.9934918
82400.0 2.9942873
82600.0 3.0012528
82800.0 3.000986
83000.0 2.9929888
83200.0 3.0003783
83400.0 2.9993027
83600.0 3.0016259
83800.0 2.9979336
84000.0 2.9995618
84200.0 2.9988779
84400.0 2.992051
84600.0 2.987938
84800.0 2.9933416
85000.0 2.9940871
85200.0 2.9802507
85400.0 2.9996388
85600.0 2.985265
85800.0 2.9988253
86000.0 2.9940727
86200.0 2.9922157
86400.0 2.9960523
86600.0 3.0004028
86800.0 2.9869175
87000.0 3.0095727
87200.0 2.987584
87400.0 2.9984362
87600.0 2.9995045
87800.0 2.9866034
88000.0 3.0027433
88200.0 2.9890826
88400.0 2.9767175
88600.0 3.0035221
88800.0 2.982949
89000.0 2.9900175
89200.0 2.9968877
89400.0 2.9961726
89600.0 2.9896448
89800.0 3.0068963
90000.0 2.9899852
90200.0 2.9972011
90400.0 2.9998313
90600.0 2.9961341
90800.0 3.0000558
91000.0 2.9957946
91200.0 2.9933871
91400.0 2.9950401
91600.0 3.0004199
91800.0 2.9902066
92000.0 2.9876719
92200.0 2.9889629
92400.0 2.9958435
92600.0 2.9824541
92800.0 2.9962829
93000.0 2.990719
93200.0 2.9879742
93400.0 3.0041076
93600.0 2.9934931
93800.0 2.9949115
94000.0 2.9990816
94200.0 3.0039082
94400.0 2.9903558
94600.0 2.9998542
94800.0 2.9974404
95000.0 2.9977278
95200.0 2.9943019
95400.0 2.9969343
95600.0 2.9881794
95800.0 2.987057
96000.0 2.9985101
96200.0 2.98489
96400.0 2.9893074
96600.0 3.0022648
96800.0 2.9963882
97000.0 2.993602
97200.0 3.0101994
97400.0 2.9937323
97600.0 2.9928778
97800.0 3.0071938
98000.0 2.9975109
98200.0 2.9859695
98400.0 3.0034801
98600.0 2.9904465
98800.0 2.9883167
99000.0 2.9882232
99200.0 2.996543
99400.0 2.9868477
99600.0 2.9877445
99800.0 2.9927807
100000.0 2.9859019
