0.0 0.0058978903
200.0 0.0058802977
400.0 0.0058627023
600.0 0.0058406798
800.0 0.0058068385
1000.0 0.005752767
1200.0 0.0056852268
1400.0 0.0056172208
1600.0 0.0055628133
1800.0 0.005534725
2000.0 0.0055405338
2200.0 0.0055781135
2400.0 0.0056371708
2600.0 0.0057054156
2800.0 0.0057702498
3000.0 0.0058289668
3200.0 0.0058897588
3400.0 0.0059498943
3600.0 0.0059947305
3800.0 0.0060146619
4000.0 0.0060082866
4200.0 0.0059802894
4400.0 0.0059332445
4600.0 0.0058757416
4800.0 0.0058191579
5000.0 0.0057715715
5200.0 0.0057344131
5400.0 0.0057003796
5600.0 0.0056743596
5800.0 0.0056552891
6000.0 0.0056348096
6200.0 0.0056081298
6400.0 0.0055878932
6600.0 0.0055863591
6800.0 0.0056171626
7000.0 0.0056805485
7200.0 0.005768824
7400.0 0.0058572332
7600.0 0.0059186519
7800.0 0.0059419492
8000.0 0.005926582
8200.0 0.0058732655
8400.0 0.005806456
8600.0 0.0057606905
8800.0 0.0057425005
9000.0 0.0057466994
9200.0 0.0057697024
9400.0 0.0057959358
9600.0 0.0058105138
9800.0 0.0058018034
10000.0 0.0057656668
10200.0 0.0057159683
10400.0 0.0056768845
10600.0 0.0056595886
10800.0 0.0056685201
11000.0 0.005703846
11200.0 0.0057549012
11400.0 0.005808261
11600.0 0.0058551572
11800.0 0.0058878097
12000.0 0.0058987091
12200.0 0.0058904555
12400.0 0.0058697078
12600.0 0.0058371204
12800.0 0.0057945747
13000.0 0.0057491931
13200.0 0.005703834
13400.0 0.0056528044
13600.0 0.0055960102
13800.0 0.0055473796
14000.0 0.0055214867
14200.0 0.0055256478
14400.0 0.005559029
14600.0 0.0056205002
14800.0 0.0057009934
15000.0 0.0057818329
15200.0 0.0058512191
15400.0 0.0059071643
15600.0 0.0059528805
15800.0 0.0059881174
16000.0 0.0060066033
16200.0 0.0059980919
16400.0 0.0059606917
16600.0 0.0058989235
16800.0 0.0058230506
17000.0 0.0057535145
17200.0 0.0057036132
17400.0 0.0056729941
17600.0 0.0056585233
17800.0 0.0056600044
18000.0 0.005673713
18200.0 0.0056937836
18400.0 0.0057194652
18600.0 0.0057474742
18800.0 0.0057708701
19000.0 0.0057900698
19200.0 0.0058096054
19400.0 0.005838897
19600.0 0.0058841673
19800.0 0.0059433018
20000.0 0.0059982558
20200.0 0.0060214897
20400.0 0.0059961636
20600.0 0.0059149374
20800.0 0.0057991751
21000.0 0.0056966782
21200.0 0.0056409343
21400.0 0.0056319287
21600.0 0.0056588277
21800.0 0.005703548
22000.0 0.0057419294
22200.0 0.005756662
22400.0 0.0057463613
22600.0 0.00572221
22800.0 0.0056951314
23000.0 0.0056734278
23200.0 0.0056679264
23400.0 0.0056930146
23600.0 0.0057482014
23800.0 0.0058192559
24000.0 0.0058808201
24200.0 0.0059104677
24400.0 0.0059015554
24600.0 0.0058698868
24800.0 0.0058321262
25000.0 0.0057997462
25200.0 0.0057780591
25400.0 0.0057684944
25600.0 0.005765628
25800.0 0.0057581234
26000.0 0.005738582
26200.0 0.0057137832
26400.0 0.0056906096
26600.0 0.0056771977
26800.0 0.0056823796
27000.0 0.005706528
27200.0 0.0057494408
27400.0 0.0058126595
27600.0 0.0058857735
27800.0 0.0059509028
28000.0 0.0059926858
28200.0 0.0060012863
28400.0 0.0059763549
28600.0 0.0059158503
28800.0 0.005838226
29000.0 0.0057728367
29200.0 0.0057388184
29400.0 0.0057304199
29600.0 0.0057281111
29800.0 0.0057250952
30000.0 0.0057198317
30200.0 0.0057071469
30400.0 0.0056910793
30600.0 0.0056861756
30800.0 0.0056982588
31000.0 0.0057306521
31200.0 0.0057806115
31400.0 0.0058387505
31600.0 0.0058849151
31800.0 0.0059040037
32000.0 0.005890456
32200.0 0.0058469467
32400.0 0.0057903714
32600.0 0.0057360927
32800.0 0.0057073104
33000.0 0.0057103232
33200.0 0.0057349032
33400.0 0.0057634648
33600.0 0.005776143
33800.0 0.0057635355
34000.0 0.0057313479
34200.0 0.0056953135
34400.0 0.0056687302
34600.0 0.0056618014
34800.0 0.0056801426
35000.0 0.0057249149
35200.0 0.0057809891
35400.0 0.0058240126
35600.0 0.0058471086
35800.0 0.0058556802
36000.0 0.0058600546
36200.0 0.0058663681
36400.0 0.0058811548
36600.0 0.0059076137
36800.0 0.0059349749
37000.0 0.0059437747
37200.0 0.0059222569
37400.0 0.0058681544
37600.0 0.0057874205
37800.0 0.0057083208
38000.0 0.0056567269
38200.0 0.0056391384
38400.0 0.0056496448
38600.0 0.0056664139
38800.0 0.0056669152
39000.0 0.0056510685
39200.0 0.0056303679
39400.0 0.0056153498
39600.0 0.0056187598
39800.0 0.005654669
40000.0 0.005738339
40200.0 0.0058698001
40400.0 0.0059962685
40600.0 0.0060602365
40800.0 0.0060651504
41000.0 0.0060420986
41200.0 0.006011372
41400.0 0.0059786976
41600.0 0.0059400639
41800.0 0.0058945979
42000.0 0.0058472565
42200.0 0.0057988635
42400.0 0.0057497171
42600.0 0.0057066249
42800.0 0.0056787174
43000.0 0.0056683625
43200.0 0.0056683613
43400.0 0.0056734074
43600.0 0.0056876001
43800.0 0.0057126871
44000.0 0.0057426226
44200.0 0.0057751345
44400.0 0.0058137287
44600.0 0.0058584359
44800.0 0.0059000753
45000.0 0.0059278341
45200.0 0.0059306529
45400.0 0.0059077758
45600.0 0.005859791
45800.0 0.0057891989
46000.0 0.0057144552
46200.0 0.005662193
46400.0 0.0056402826
46600.0 0.0056478353
46800.0 0.0056757828
47000.0 0.0057027492
47200.0 0.0057181665
47400.0 0.0057211263
47600.0 0.00571236
47800.0 0.0057011143
48000.0 0.0057029122
48200.0 0.0057277248
48400.0 0.0057756453
48600.0 0.0058344272
48800.0 0.0058835769
49000.0 0.0059090119
49200.0 0.0059121354
49400.0 0.0058970018
49600.0 0.005870585
49800.0 0.0058453091
50000.0 0.0058280555
50200.0 0.0058182473
50400.0 0.0058086175
50600.0 0.005792068
50800.0 0.0057635506
51000.0 0.0057201509
51200.0 0.005669077
51400.0 0.0056260992
51600.0 0.0056015785
51800.0 0.0056060046
52000.0 0.0056416284
52200.0 0.0056987773
52400.0 0.0057565103
52600.0 0.0057930795
52800.0 0.005800777
53000.0 0.0057817173
53200.0 0.005746423
53400.0 0.0057141965
53600.0 0.0056988907
53800.0 0.0057040319
54000.0 0.0057295561
54200.0 0.0057718691
54400.0 0.0058186003
54600.0 0.0058518251
54800.0 0.0058580158
55000.0 0.005838232
55200.0 0.0058052833
55400.0 0.0057624423
55600.0 0.005720844
55800.0 0.0056910886
56000.0 0.0056801534
56200.0 0.0056888101
56400.0 0.0057169534
56600.0 0.0057656012
56800.0 0.0058278925
57000.0 0.0058870512
57200.0 0.0059281465
57400.0 0.0059502356
57600.0 0.0059624666
57800.0 0.0059719559
58000.0 0.0059795854
58200.0 0.0059800594
58400.0 0.0059633825
58600.0 0.0059126297
58800.0 0.0058301808
59000.0 0.0057298804
59200.0 0.005642814
59400.0 0.0055810384
59600.0 0.0055489075
59800.0 0.0055355724
60000.0 0.0055337202
60200.0 0.0055466764
60400.0 0.0055749347
60600.0 0.0056167302
60800.0 0.0056642061
61000.0 0.0057110571
61200.0 0.0057609935
61400.0 0.0058109376
61600.0 0.0058531557
61800.0 0.0058773067
62000.0 0.0058884199
62200.0 0.0058884729
62400.0 0.0058809562
62600.0 0.0058659967
62800.0 0.0058360941
63000.0 0.0057882202
63200.0 0.0057275222
63400.0 0.0056705886
63600.0 0.0056337574
63800.0 0.0056247083
64000.0 0.0056517947
64200.0 0.0057132536
64400.0 0.0057885441
64600.0 0.0058465079
64800.0 0.005866855
65000.0 0.0058446385
65200.0 0.0057896148
65400.0 0.0057267276
65600.0 0.0056751955
65800.0 0.005645041
66000.0 0.005641965
66200.0 0.0056620221
66400.0 0.0056962062
66600.0 0.005735011
66800.0 0.0057668422
67000.0 0.0057807642
67200.0 0.0057782573
67400.0 0.0057667188
67600.0 0.0057677351
67800.0 0.005789145
68000.0 0.0058239969
68200.0 0.0058642689
68400.0 0.0058999856
68600.0 0.0059134814
68800.0 0.0058868054
69000.0 0.0058300184
69200.0 0.0057625352
69400.0 0.0057000571
69600.0 0.0056584767
69800.0 0.0056535521
70000.0 0.0056842727
70200.0 0.0057341969
70400.0 0.005792147
70600.0 0.0058421393
70800.0 0.0058689191
71000.0 0.0058723726
71200.0 0.005859137
71400.0 0.0058358079
71600.0 0.0058059337
71800.0 0.0057764875
72000.0 0.0057526058
72200.0 0.0057353534
72400.0 0.005717254
72600.0 0.0056926938
72800.0 0.005660365
73000.0 0.0056288816
73200.0 0.005609151
73400.0 0.0056132414
73600.0 0.0056447377
73800.0 0.0057042877
74000.0 0.0057783458
74200.0 0.0058509098
74400.0 0.0059048608
74600.0 0.005944019
74800.0 0.0059781391
75000.0 0.0060106492
75200.0 0.006037601
75400.0 0.0060428078
75600.0 0.006008393
75800.0 0.0059164056
76000.0 0.0057763513
76200.0 0.0056532678
76400.0 0.0055905102
76600.0 0.0055740653
76800.0 0.0055753705
77000.0 0.0055800151
77200.0 0.0055866395
77400.0 0.0055985863
77600.0 0.0056199719
77800.0 0.0056520292
78000.0 0.0056951004
78200.0 0.0057435578
78400.0 0.0057931645
78600.0 0.0058393481
78800.0 0.005874758
79000.0 0.0058960685
79200.0 0.0059096033
79400.0 0.0059195718
79600.0 0.0059252128
79800.0 0.0059321951
80000.0 0.0059448955
80200.0 0.0059673537
80400.0 0.0059939508
80600.0 0.0059987333
80800.0 0.0059494332
81000.0 0.0058495658
81200.0 0.0057371354
81400.0 0.0056569358
81600.0 0.0056227812
81800.0 0.0056245629
82000.0 0.0056465732
82200.0 0.0056687093
82400.0 0.0056811652
82600.0 0.0056811118
82800.0 0.0056720329
83000.0 0.0056638115
83200.0 0.0056661585
83400.0 0.0056868169
83600.0 0.0057298567
83800.0 0.0057920099
84000.0 0.0058576951
84200.0 0.0059175766
84400.0 0.0059608332
84600.0 0.0059969126
84800.0 0.0060395598
85000.0 0.0060931901
85200.0 0.0061411565
85400.0 0.0061637598
85600.0 0.006149179
85800.0 0.0060871008
86000.0 0.0059822965
86200.0 0.0058658288
86400.0 0.0057683414
86600.0 0.005695745
86800.0 0.0056420588
87000.0 0.0055986371
87200.0 0.0055652186
87400.0 0.0055495367
87600.0 0.0055570679
87800.0 0.005589447
88000.0 0.0056468898
88200.0 0.0057195432
88400.0 0.0057865015
88600.0 0.0058312424
88800.0 0.0058628352
89000.0 0.0058870157
89200.0 0.0059073677
89400.0 0.0059311886
89600.0 0.0059585439
89800.0 0.005977291
90000.0 0.0059757019
90200.0 0.0059455588
90400.0 0.0058911559
90600.0 0.0058291789
90800.0 0.0057796068
91000.0 0.0057523306
91200.0 0.0057469802
91400.0 0.0057530771
91600.0 0.0057599464
91800.0 0.0057629031
92000.0 0.0057533245
92200.0 0.0057264043
92400.0 0.0056874693
92600.0 0.0056507491
92800.0 0.0056327693
93000.0 0.0056425714
93200.0 0.0056819459
93400.0 0.0057398774
93600.0 0.005802408
93800.0 0.0058527787
94000.0 0.0058824352
94200.0 0.0058898968
94400.0 0.0058823903
94600.0 0.0058648152
94800.0 0.0058410962
95000.0 0.0058135609
95200.0 0.0057876341
95400.0 0.0057529003
95600.0 0.005688846
95800.0 0.005598312
96000.0 0.0055162635
96200.0 0.0054726313
96400.0 0.0054748368
96600.0 0.005516844
96800.0 0.0055875779
97000.0 0.0056679911
97200.0 0.0057324281
97400.0 0.0057714374
97600.0 0.0057966514
97800.0 0.0058233179
98000.0 0.0058468142
98200.0 0.0058627929
98400.0 0.0058713027
98600.0 0.0058734036
98800.0 0.0058571697
99000.0 0.0058249347
99200.0 0.0057805875
99400.0 0.0057303731
99600.0 0.0056886282
99800.0 0.0056633667
100000.0 0.0056566283
