0.0 46.63453
200.0 46.576757
400.0 46.569943
600.0 46.610438
800.0 46.629051
1000.0 46.673459
1200.0 46.586622
1400.0 46.687128
1600.0 46.607654
1800.0 46.630687
2000.0 46.661456
2200.0 46.603983
2400.0 46.650902
2600.0 46.558062
2800.0 46.6239
3000.0 46.542653
3200.0 46.566463
3400.0 46.61371
3600.0 46.57739
3800.0 46.619473
4000.0 46.567391
4200.0 46.599594
4400.0 46.598486
4600.0 46.628439
4800.0 46.62535
5000.0 46.639795
5200.0 46.632362
5400.0 46.616496
5600.0 46.66309
5800.0 46.637852
6000.0 46.691366
6200.0 46.591296
6400.0 46.656671
6600.0 46.653762
6800.0 46.591982
7000.0 46.672716
7200.0 46.580964
7400.0 46.638282
7600.0 46.630694
7800.0 46.63072
8000.0 46.545039
8200.0 46.668309
8400.0 46.585614
8600.0 46.597328
8800.0 46.623975
9000.0 46.564562
9200.0 46.593524
9400.0 46.638966
9600.0 46.601193
9800.0 46.688081
10000.0 46.624556
10200.0 46.677483
10400.0 46.645519
10600.0 46.677692
10800.0 46.61454
11000.0 46.642398
11200.0 46.557164
11400.0 46.671466
11600.0 46.534721
11800.0 46.653141
12000.0 46.60403
12200.0 46.605346
12400.0 46.659593
12600.0 46.631289
12800.0 46.660616
13000.0 46.646876
13200.0 46.642916
13400.0 46.632288
13600.0 46.663755
13800.0 46.587157
14000.0 46.684807
14200.0 46.563631
14400.0 46.632837
14600.0 46.611896
14800.0 46.618419
15000.0 46.613742
15200.0 46.611605
15400.0 46.601992
15600.0 46.637218
15800.0 46.668013
16000.0 46.595751
16200.0 46.670747
16400.0 46.588505
16600.0 46.736938
16800.0 46.641421
17000.0 46.679153
17200.0 46.641794
17400.0 46.657712
17600.0 46.62547
17800.0 46.617643
18000.0 46.594751
18200.0 46.576382
18400.0 46.655648
18600.0 46.567764
18800.0 46.63274
19000.0 46.610214
19200.0 46.713996
19400.0 46.577925
19600.0 46.707604
19800.0 46.627716
20000.0 46.669642
20200.0 46.613007
20400.0 46.614353
20600.0 46.654268
20800.0 46.564082
21000.0 46.672823
21200.0 46.587473
21400.0 46.626553
21600.0 46.587624
21800.0 46.649519
22000.0 46.626804
22200.0 46.609933
22400.0 46.690247
22600.0 46.621195
22800.0 46.688749
23000.0 46.653913
23200.0 46.674612
23400.0 46.683703
23600.0 46.601554
23800.0 46.665396
24000.0 46.592282
24200.0 46.628075
24400.0 46.624686
24600.0 46.550996
24800.0 46.714843
25000.0 46.543095
25200.0 46.656628
25400.0 46.585717
25600.0 46.630291
25800.0 46.654936
26000.0 46.616258
26200.0 46.669931
26400.0 46.663583
26600.0 46.717846
26800.0 46.653601
27000.0 46.684945
27200.0 46.67043
27400.0 46.620156
27600.0 46.660736
27800.0 46.58392
28000.0 46.670663
28200.0 46.520095
28400.0 46.703028
28600.0 46.557673
28800.0 46.626029
29000.0 46.614891
29200.0 46.652524
29400.0 46.574148
29600.0 46.709621
29800.0 46.608749
30000.0 46.68404
30200.0 46.654695
30400.0 46.668059
30600.0 46.696373
30800.0 46.598106
31000.0 46.657999
31200.0 46.550765
31400.0 46.596319
31600.0 46.614708
31800.0 46.578385
32000.0 46.623687
32200.0 46.580054
32400.0 46.670622
32600.0 46.577259
32800.0 46.670599
33000.0 46.616345
33200.0 46.659103
33400.0 46.677191
33600.0 46.574134
33800.0 46.664363
34000.0 46.577789
34200.0 46.622603
34400.0 46.609621
34600.0 46.602641
34800.0 46.62531
35000.0 46.563437
35200.0 46.643423
35400.0 46.625227
35600.0 46.646985
35800.0 46.657102
36000.0 46.628113
36200.0 46.668469
36400.0 46.624141
36600.0 46.703145
36800.0 46.626955
37000.0 46.586403
37200.0 46.631564
37400.0 46.522202
37600.0 46.65798
37800.0 46.576429
38000.0 46.595582
38200.0 46.614809
38400.0 46.570177
38600.0 46.666304
38800.0 46.607347
39000.0 46.632349
39200.0 46.630362
39400.0 46.606013
39600.0 46.660893
39800.0 46.649521
40000.0 46.658475
40200.0 46.64376
40400.0 46.599198
40600.0 46.648358
40800.0 46.63548
41000.0 46.635012
41200.0 46.626809
41400.0 46.607657
41600.0 46.627384
41800.0 46.600668
42000.0 46.579943
42200.0 46.586143
42400.0 46.572472
42600.0 46.562361
42800.0 46.59086
43000.0 46.581156
43200.0 46.544735
43400.0 46.61025
43600.0 46.623303
43800.0 46.629439
44000.0 46.627968
44200.0 46.633121
44400.0 46.640103
44600.0 46.657984
44800.0 46.634126
45000.0 46.660884
45200.0 46.631414
45400.0 46.633106
45600.0 46.656429
45800.0 46.569127
46000.0 46.633098
46200.0 46.554673
46400.0 46.585862
46600.0 46.618923
46800.0 46.547802
47000.0 46.642682
47200.0 46.646026
47400.0 46.557905
47600.0 46.68148
47800.0 46.597032
48000.0 46.701677
48200.0 46.574768
48400.0 46.68467
48600.0 46.630585
48800.0 46.59794
49000.0 46.685807
49200.0 46.589921
49400.0 46.664346
49600.0 46.579124
49800.0 46.522182
50000.0 46.629407
50200.0 46.542137
50400.0 46.604213
50600.0 46.589851
50800.0 46.566518
51000.0 46.618121
51200.0 46.625711
51400.0 46.58354
51600.0 46.678149
51800.0 46.547634
52000.0 46.699936
52200.0 46.574706
52400.0 46.674676
52600.0 46.631093
52800.0 46.673768
53000.0 46.619095
53200.0 46.700062
53400.0 46.64174
53600.0 46.742611
53800.0 46.638545
54000.0 46.649147
54200.0 46.618887
54400.0 46.625011
54600.0 46.646703
54800.0 46.618043
55000.0 46.606855
55200.0 46.64048
55400.0 46.609518
55600.0 46.619583
55800.0 46.691572
56000.0 46.584722
56200.0 46.676075
56400.0 46.664665
56600.0 46.681922
56800.0 46.632137
57000.0 46.707688
57200.0 46.612931
57400.0 46.701528
57600.0 46.579974
57800.0 46.681177
58000.0 46.608201
58200.0 46.566568
58400.0 46.672861
58600.0 46.599659
58800.0 46.572027
59000.0 46.647317
59200.0 46.585054
59400.0 46.640093
59600.0 46.619912
59800.0 46.635798
60000.0 46.638915
60200.0 46.651734
60400.0 46.704481
60600.0 46.666063
60800.0 46.732089
61000.0 46.559083
61200.0 46.770589
61400.0 46.595923
61600.0 46.718271
61800.0 46.586113
62000.0 46.647791
62200.0 46.630797
62400.0 46.530396
62600.0 46.718782
62800.0 46.576135
63000.0 46.607141
63200.0 46.608586
63400.0 46.627627
63600.0 46.657033
63800.0 46.609151
64000.0 46.693851
64200.0 46.587007
64400.0 46.750441
64600.0 46.58555
64800.0 46.698314
65000.0 46.629064
65200.0 46.609628
65400.0 46.632124
65600.0 46.643724
65800.0 46.594831
66000.0 46.604375
66200.0 46.616779
66400.0 46.593843
66600.0 46.629309
66800.0 46.608782
67000.0 46.618002
67200.0 46.599131
67400.0 46.640018
67600.0 46.663941
67800.0 46.644205
68000.0 46.65498
68200.0 46.6644
68400.0 46.672527
68600.0 46.584398
68800.0 46.720386
69000.0 46.589607
69200.0 46.609079
69400.0 46.666943
69600.0 46.604506
69800.0 46.675705
70000.0 46.544433
70200.0 46.688445
70400.0 46.547336
70600.0 46.689368
70800.0 46.57394
71000.0 46.638135
71200.0 46.61437
71400.0 46.588342
71600.0 46.664342
71800.0 46.606992
72000.0 46.622909
72200.0 46.597402
72400.0 46.651608
72600.0 46.60582
72800.0 46.620309
73000.0 46.596005
73200.0 46.64472
73400.0 46.629318
73600.0 46.600863
73800.0 46.628126
74000.0 46.582272
74200.0 46.675449
74400.0 46.610592
74600.0 46.619067
74800.0 46.637459
75000.0 46.622861
75200.0 46.633562
75400.0 46.595803
75600.0 46.686187
75800.0 46.623955
76000.0 46.609892
76200.0 46.592583
76400.0 46.628269
76600.0 46.571208
76800.0 46.676177
77000.0 46.551449
77200.0 46.645037
77400.0 46.624698
77600.0 46.661513
77800.0 46.60294
78000.0 46.68787
78200.0 46.652277
78400.0 46.629368
78600.0 46.703378
78800.0 46.575948
79000.0 46.661519
79200.0 46.601626
79400.0 46.588937
79600.0 46.59196
79800.0 46.581881
80000.0 46.615728
80200.0 46.616483
80400.0 46.591881
80600.0 46.662198
80800.0 46.611201
81000.0 46.64832
81200.0 46.676456
81400.0 46.671513
81600.0 46.615132
81800.0 46.620386
82000.0 46.649371
82200.0 46.57173
82400.0 46.638222
82600.0 46.62282
82800.0 46.629457
83000.0 46.582569
83200.0 46.660981
83400.0 46.578888
83600.0 46.640218
83800.0 46.641405
84000.0 46.64981
84200.0 46.64527
84400.0 46.624699
84600.0 46.700177
84800.0 46.645288
85000.0 46.706737
85200.0 46.573146
85400.0 46.684854
85600.0 46.644212
85800.0 46.602612
86000.0 46.597162
86200.0 46.672968
86400.0 46.563204
86600.0 46.642442
86800.0 46.555301
87000.0 46.674065
87200.0 46.601198
87400.0 46.57713
87600.0 46.669953
87800.0 46.573636
88000.0 46.649584
88200.0 46.653052
88400.0 46.603106
88600.0 46.714083
88800.0 46.608566
89000.0 46.649796
89200.0 46.673036
89400.0 46.645227
89600.0 46.649944
89800.0 46.609928
90000.0 46.616772
90200.0 46.560681
90400.0 46.630362
90600.0 46.579866
90800.0 46.577352
91000.0 46.620984
91200.0 46.627894
91400.0 46.590931
91600.0 46.665388
91800.0 46.60055
92000.0 46.662297
92200.0 46.619959
92400.0 46.634546
92600.0 46.663793
92800.0 46.566497
93000.0 46.671953
93200.0 46.61597
93400.0 46.619864
93600.0 46.635865
93800.0 46.561607
94000.0 46.68129
94200.0 46.524715
94400.0 46.697819
94600.0 46.540808
94800.0 46.648522
95000.0 46.558958
95200.0 46.57084
95400.0 46.673589
95600.0 46.552534
95800.0 46.68596
96000.0 46.595143
96200.0 46.647909
96400.0 46.680921
96600.0 46.641111
96800.0 46.645012
97000.0 46.651848
97200.0 46.624449
97400.0 46.595711
97600.0 46.608908
97800.0 46.588755
98000.0 46.608807
98200.0 46.574953
98400.0 46.661495
98600.0 46.594747
98800.0 46.645409
99000.0 46.630597
99200.0 46.665717
99400.0 46.621002
99600.0 46.623321
99800.0 46.652294
100000.0 46.616715
