0.0 53.21089
200.0 53.413023
400.0 53.410163
600.0 53.232205
800.0 53.162257
1000.0 53.147623
1200.0 53.228213
1400.0 53.263383
1600.0 53.421672
1800.0 53.382066
2000.0 53.334369
2200.0 53.574761
2400.0 53.773745
2600.0 53.613479
2800.0 53.460426
3000.0 53.39482
3200.0 53.561008
3400.0 53.701699
3600.0 53.739713
3800.0 53.546105
4000.0 53.656208
4200.0 53.844154
4400.0 53.735052
4600.0 53.581451
4800.0 53.508223
5000.0 53.621155
5200.0 53.541191
5400.0 53.333393
5600.0 53.580837
5800.0 53.603307
6000.0 53.307776
6200.0 53.298648
6400.0 53.471443
6600.0 53.321707
6800.0 53.179602
7000.0 53.239782
7200.0 53.291363
7400.0 53.193711
7600.0 53.090262
7800.0 53.069012
8000.0 53.215205
8200.0 53.245235
8400.0 53.175395
8600.0 53.259284
8800.0 53.373755
9000.0 53.478307
9200.0 53.45924
9400.0 53.429771
9600.0 53.689539
9800.0 53.74812
10000.0 53.42437
10200.0 53.484295
10400.0 53.566666
10600.0 53.587451
10800.0 53.563785
11000.0 53.487104
11200.0 53.500598
11400.0 53.519739
11600.0 53.414168
11800.0 53.343371
12000.0 53.269783
12200.0 53.38111
12400.0 53.358489
12600.0 53.356763
12800.0 53.554555
13000.0 53.730107
13200.0 53.631456
13400.0 53.473792
13600.0 53.629721
13800.0 53.65085
14000.0 53.637943
14200.0 53.567812
14400.0 53.408848
14600.0 53.449099
14800.0 53.445067
15000.0 53.257086
15200.0 53.098181
15400.0 53.411062
15600.0 53.522853
15800.0 53.256837
16000.0 53.379952
16200.0 53.382349
16400.0 53.385851
16600.0 53.449752
16800.0 53.549251
17000.0 53.471656
17200.0 53.412352
17400.0 53.659127
17600.0 53.638041
17800.0 53.584156
18000.0 53.492689
18200.0 53.566143
18400.0 53.640638
18600.0 53.555654
18800.0 53.610394
19000.0 53.834714
19200.0 53.783364
19400.0 53.529665
19600.0 53.582959
19800.0 53.550467
20000.0 53.651523
20200.0 53.57688
20400.0 53.353545
20600.0 53.437045
20800.0 53.434346
21000.0 53.327533
21200.0 53.362181
21400.0 53.421275
21600.0 53.353725
21800.0 53.26611
22000.0 53.359819
22200.0 53.425369
22400.0 53.415943
22600.0 53.532503
22800.0 53.54105
23000.0 53.481352
23200.0 53.570936
23400.0 53.412804
23600.0 53.384321
23800.0 53.485287
24000.0 53.419423
24200.0 53.441275
24400.0 53.306507
24600.0 53.306271
24800.0 53.318967
25000.0 53.330085
25200.0 53.457607
25400.0 53.426861
25600.0 53.403233
25800.0 53.536518
26000.0 53.564811
26200.0 53.473128
26400.0 53.409781
26600.0 53.457762
26800.0 53.476378
27000.0 53.515863
27200.0 53.473283
27400.0 53.354959
27600.0 53.213373
27800.0 53.189429
28000.0 53.313531
28200.0 53.247997
28400.0 53.241279
28600.0 53.310234
28800.0 53.237717
29000.0 53.333601
29200.0 53.372358
29400.0 53.376207
29600.0 53.342482
29800.0 53.454482
30000.0 53.488524
30200.0 53.266349
30400.0 53.334262
30600.0 53.53667
30800.0 53.552007
31000.0 53.37721
31200.0 53.278612
31400.0 53.433188
31600.0 53.507241
31800.0 53.425764
32000.0 53.448125
32200.0 53.595742
32400.0 53.537457
32600.0 53.658778
32800.0 53.758442
33000.0 53.751696
33200.0 53.618037
33400.0 53.658865
33600.0 53.665873
33800.0 53.517977
34000.0 53.518783
34200.0 53.61763
34400.0 53.597633
34600.0 53.527364
34800.0 53.472962
35000.0 53.490049
35200.0 53.64568
35400.0 53.595333
35600.0 53.766537
35800.0 53.873082
36000.0 53.740784
36200.0 53.757782
36400.0 53.89725
36600.0 53.800881
36800.0 53.759262
37000.0 53.863714
37200.0 53.931345
37400.0 53.781044
37600.0 53.805939
37800.0 53.933147
38000.0 53.840203
38200.0 53.834858
38400.0 53.730243
38600.0 53.604709
38800.0 53.692018
39000.0 53.698985
39200.0 53.592304
39400.0 53.549599
39600.0 53.701247
39800.0 53.809284
40000.0 53.61316
40200.0 53.650351
40400.0 53.642006
40600.0 53.631926
40800.0 53.619002
41000.0 53.647337
41200.0 53.86269
41400.0 53.877884
41600.0 53.851901
41800.0 53.884499
42000.0 53.709746
42200.0 53.873384
42400.0 54.007625
42600.0 53.770179
42800.0 53.599228
43000.0 53.819328
43200.0 53.653159
43400.0 53.493356
43600.0 53.555997
43800.0 53.653672
44000.0 53.673327
44200.0 53.689339
44400.0 53.652431
44600.0 53.764971
44800.0 53.697065
45000.0 53.678358
45200.0 53.758124
45400.0 53.69695
45600.0 53.777705
45800.0 53.792875
46000.0 53.742155
46200.0 53.695581
46400.0 53.752039
46600.0 53.909448
46800.0 53.894051
47000.0 53.866407
47200.0 53.885963
47400.0 53.9187
47600.0 53.934235
47800.0 53.705356
48000.0 53.563638
48200.0 53.573417
48400.0 53.573496
48600.0 53.54423
48800.0 53.779059
49000.0 53.887292
49200.0 53.650386
49400.0 53.707064
49600.0 53.80068
49800.0 53.70024
50000.0 53.569531
50200.0 53.610565
50400.0 53.705061
50600.0 53.678671
50800.0 53.501161
51000.0 53.425597
51200.0 53.525739
51400.0 53.621375
51600.0 53.593574
51800.0 53.687187
52000.0 53.579547
52200.0 53.417124
52400.0 53.586451
52600.0 53.760283
52800.0 53.698746
53000.0 53.60152
53200.0 53.639678
53400.0 53.777385
53600.0 53.576989
53800.0 53.555014
54000.0 53.810923
54200.0 53.850148
54400.0 53.605561
54600.0 53.650012
54800.0 53.578345
55000.0 53.482677
55200.0 53.43407
55400.0 53.530349
55600.0 53.55509
55800.0 53.667672
56000.0 53.520901
56200.0 53.430529
56400.0 53.65849
56600.0 53.526141
56800.0 53.371152
57000.0 53.59141
57200.0 53.621354
57400.0 53.623549
57600.0 53.65767
57800.0 53.741833
58000.0 53.763033
58200.0 54.035581
58400.0 54.028126
58600.0 53.924995
58800.0 54.084678
59000.0 54.131425
59200.0 53.858743
59400.0 53.812314
59600.0 54.051108
59800.0 54.168026
60000.0 53.876492
60200.0 53.748636
60400.0 53.810358
60600.0 53.833674
60800.0 53.797496
61000.0 53.816289
61200.0 53.877324
61400.0 53.690311
61600.0 53.827785
61800.0 53.913855
62000.0 53.674172
62200.0 53.534449
62400.0 53.704466
62600.0 53.743184
62800.0 53.593296
63000.0 53.620824
63200.0 53.554069
63400.0 53.69018
63600.0 53.614082
63800.0 53.572428
64000.0 53.533353
64200.0 53.632198
64400.0 53.618974
64600.0 53.55745
64800.0 53.579897
65000.0 53.544154
65200.0 53.69655
65400.0 53.841198
65600.0 53.756423
65800.0 53.842789
66000.0 53.963277
66200.0 53.957469
66400.0 53.734226
66600.0 53.68994
66800.0 53.923208
67000.0 53.827684
67200.0 53.694768
67400.0 53.833251
67600.0 53.957094
67800.0 53.843354
68000.0 53.780936
68200.0 53.932774
68400.0 53.949921
68600.0 53.888424
68800.0 53.893562
69000.0 53.790564
69200.0 53.905856
69400.0 53.980466
69600.0 53.816726
69800.0 53.663229
70000.0 53.902946
70200.0 53.913271
70400.0 53.73534
70600.0 53.829263
70800.0 53.868161
71000.0 53.682568
71200.0 53.628005
71400.0 53.711755
71600.0 53.706492
71800.0 53.68955
72000.0 53.668697
72200.0 53.494947
72400.0 53.546039
72600.0 53.629433
72800.0 53.593551
73000.0 53.561444
73200.0 53.659039
73400.0 53.645041
73600.0 53.488771
73800.0 53.634471
74000.0 53.899122
74200.0 53.86174
74400.0 53.799993
74600.0 53.76721
74800.0 53.831507
75000.0 53.939351
75200.0 53.947491
75400.0 53.858275
75600.0 53.868802
75800.0 53.959431
76000.0 53.827184
76200.0 53.780505
76400.0 53.865318
76600.0 53.906347
76800.0 53.890298
77000.0 53.671354
77200.0 53.622575
77400.0 53.526391
77600.0 53.487956
77800.0 53.5544
78000.0 53.60733
78200.0 53.436654
78400.0 53.349269
78600.0 53.416666
78800.0 53.335858
79000.0 53.258445
79200.0 53.451094
79400.0 53.352515
79600.0 53.3224
79800.0 53.376913
80000.0 53.456139
80200.0 53.387244
80400.0 53.329217
80600.0 53.364523
80800.0 53.505358
81000.0 53.588758
81200.0 53.330427
81400.0 53.17617
81600.0 53.390923
81800.0 53.481908
82000.0 53.452402
82200.0 53.399359
82400.0 53.392978
82600.0 53.446565
82800.0 53.41187
83000.0 53.438817
83200.0 53.535924
83400.0 53.480007
83600.0 53.586496
83800.0 53.764944
84000.0 53.801994
84200.0 53.770892
84400.0 53.642093
84600.0 53.698511
84800.0 53.878288
85000.0 53.902619
85200.0 53.71678
85400.0 53.798651
85600.0 53.696611
85800.0 53.606077
86000.0 53.817927
86200.0 53.767491
86400.0 53.598573
86600.0 53.544853
86800.0 53.523427
87000.0 53.33266
87200.0 53.269569
87400.0 53.485174
87600.0 53.392677
87800.0 53.30647
88000.0 53.44762
88200.0 53.358756
88400.0 53.1353
88600.0 53.343762
88800.0 53.49739
89000.0 53.446996
89200.0 53.423929
89400.0 53.492591
89600.0 53.325167
89800.0 53.401038
90000.0 53.464208
90200.0 53.361215
90400.0 53.316076
90600.0 53.270736
90800.0 53.242083
91000.0 53.419895
91200.0 53.488356
91400.0 53.504456
91600.0 53.542864
91800.0 53.642417
92000.0 53.652436
92200.0 53.613807
92400.0 53.676374
92600.0 53.623465
92800.0 53.731474
93000.0 53.569028
93200.0 53.384976
93400.0 53.585035
93600.0 53.572094
93800.0 53.435496
94000.0 53.50781
94200.0 53.425938
94400.0 53.294994
94600.0 53.374143
94800.0 53.546573
95000.0 53.450342
95200.0 53.30265
95400.0 53.449086
95600.0 53.608088
95800.0 53.524377
96000.0 53.315828
96200.0 53.402272
96400.0 53.530768
96600.0 53.248997
96800.0 53.508012
97000.0 53.633854
97200.0 53.389246
97400.0 53.318417
97600.0 53.543358
97800.0 53.631995
98000.0 53.465147
98200.0 53.580646
98400.0 53.666488
98600.0 53.704002
98800.0 53.608488
99000.0 53.480498
99200.0 53.546942
99400.0 53.602778
99600.0 53.529089
99800.0 53.563251
100000.0 53.649341
