0.0 -30.710819
200.0 4.8003142
400.0 21.097477
600.0 -0.49226639
800.0 15.96977
1000.0 -8.6469358
1200.0 -18.768873
1400.0 10.377077
1600.0 2.5144605
1800.0 5.550322
2000.0 5.3567439
2200.0 -11.882697
2400.0 -7.9877998
2600.0 -10.782373
2800.0 26.599104
3000.0 41.239114
3200.0 -4.1592844
3400.0 -37.403176
3600.0 -31.291289
3800.0 21.469171
4000.0 50.663409
4200.0 -5.0088705
4400.0 -51.485549
4600.0 -6.346929
4800.0 58.676458
5000.0 43.012638
5200.0 -20.091321
5400.0 -85.715013
5600.0 -7.8493593
5800.0 76.597822
6000.0 60.494311
6200.0 -28.544362
6400.0 -83.527899
6600.0 -7.6012308
6800.0 46.963821
7000.0 54.313013
7200.0 3.6394346
7400.0 -64.259257
7600.0 -38.041322
7800.0 35.715097
8000.0 51.800359
8200.0 21.52393
8400.0 -80.955607
8600.0 -40.436602
8800.0 27.473076
9000.0 68.430197
9200.0 15.097
9400.0 -55.66522
9600.0 -42.776321
9800.0 23.794007
10000.0 36.122216
10200.0 -1.2021908
10400.0 -9.4271625
10600.0 -47.891275
10800.0 -6.5649437
11000.0 29.001812
11200.0 50.898755
11400.0 -3.6052197
11600.0 -66.422683
11800.0 -29.189116
12000.0 42.430116
12200.0 70.588997
12400.0 -11.219987
12600.0 -73.413055
12800.0 -6.2320079
13000.0 34.181748
13200.0 38.940748
13400.0 -6.9123876
13600.0 -30.295326
13800.0 -17.961696
14000.0 19.204305
14200.0 4.4556419
14400.0 22.430679
14600.0 -20.173333
14800.0 -5.0776962
15000.0 27.023159
15200.0 13.677814
15400.0 -5.7237226
15600.0 -20.456613
15800.0 -8.5002499
16000.0 23.071413
16200.0 4.1684309
16400.0 -20.897432
16600.0 8.3024677
16800.0 37.950773
17000.0 -21.359171
17200.0 -30.579003
17400.0 -2.778908
17600.0 39.119896
17800.0 31.35488
18000.0 5.3489003
18200.0 -47.73919
18400.0 -43.77737
18600.0 49.906998
18800.0 62.139905
19000.0 -11.549668
19200.0 -80.520185
19400.0 -17.159501
19600.0 52.764474
19800.0 64.231821
20000.0 8.0720322
20200.0 -81.301145
20400.0 -66.876772
20600.0 54.862113
20800.0 89.634896
21000.0 22.211922
21200.0 -79.663868
21400.0 -34.00263
21600.0 34.734329
21800.0 29.408281
22000.0 8.7612075
22200.0 -26.644158
22400.0 -7.4025943
22600.0 29.573667
22800.0 20.517514
23000.0 -34.047478
23200.0 -31.700039
23400.0 28.498418
23600.0 26.647234
23800.0 -13.106332
24000.0 3.7163523
24200.0 2.1674891
24400.0 -24.965626
24600.0 13.575684
24800.0 26.270517
25000.0 28.522375
25200.0 -51.625724
25400.0 -49.722996
25600.0 6.7463665
25800.0 82.608835
26000.0 25.12648
26200.0 -46.452006
26400.0 -76.346562
26600.0 32.711133
26800.0 74.600183
27000.0 23.612442
27200.0 -73.399986
27400.0 -51.858029
27600.0 30.487766
27800.0 89.876242
28000.0 3.7230212
28200.0 -70.772065
28400.0 -41.958049
28600.0 40.762851
28800.0 33.765112
29000.0 16.179036
29200.0 -32.829131
29400.0 -13.888232
29600.0 2.7096641
29800.0 37.129561
30000.0 41.804687
30200.0 -46.319083
30400.0 -52.07184
30600.0 19.354026
30800.0 69.324009
31000.0 -6.6231055
31200.0 -40.564422
31400.0 -24.747601
31600.0 18.339195
31800.0 48.826547
32000.0 -4.0653698
32200.0 -23.85658
32400.0 -10.694097
32600.0 9.1287429
32800.0 14.666388
33000.0 11.493205
33200.0 -10.546128
33400.0 6.1787202
33600.0 -20.997623
33800.0 15.676089
34000.0 2.5308079
34200.0 19.646652
34400.0 -12.773236
34600.0 -27.060369
34800.0 -9.3197362
35000.0 39.444828
35200.0 42.772853
35400.0 -33.494861
35600.0 -50.46929
35800.0 -27.058378
36000.0 51.046167
36200.0 64.542392
36400.0 25.045246
36600.0 -67.881093
36800.0 -62.812795
37000.0 16.236301
37200.0 80.304234
37400.0 31.485524
37600.0 -57.364948
37800.0 -65.955876
38000.0 33.778546
38200.0 64.392577
38400.0 -1.725064
38600.0 -58.548979
38800.0 -5.181829
39000.0 25.789721
39200.0 25.531239
39400.0 -10.689337
39600.0 -23.827634
39800.0 10.849303
40000.0 15.611071
40200.0 -4.0202692
40400.0 -1.0792413
40600.0 -12.601355
40800.0 -4.1921132
41000.0 28.402597
41200.0 1.8493935
41400.0 -17.542364
41600.0 -39.545828
41800.0 11.704009
42000.0 13.530856
42200.0 6.4339423
42400.0 -1.0588456
42600.0 -5.3972218
42800.0 -3.8146564
43000.0 6.5478221
43200.0 33.548923
43400.0 -2.5666669
43600.0 -35.562848
43800.0 -6.3967746
44000.0 48.140464
44200.0 28.860929
44400.0 -43.023446
44600.0 -34.440355
44800.0 -15.796795
45000.0 53.575779
45200.0 32.300712
45400.0 -24.924255
45600.0 -59.046803
45800.0 -4.8384528
46000.0 39.055649
46200.0 50.977564
46400.0 -12.567016
46600.0 -53.284245
46800.0 -41.457703
47000.0 55.602204
47200.0 70.113143
47400.0 -11.048995
47600.0 -81.761364
47800.0 -20.811699
48000.0 54.90026
48200.0 75.212761
48400.0 -33.802264
48600.0 -82.658675
48800.0 -24.881386
49000.0 81.143301
49200.0 68.416384
49400.0 -30.774284
49600.0 -81.228747
49800.0 -29.766692
50000.0 63.264946
50200.0 86.833513
50400.0 -18.950888
50600.0 -93.273206
50800.0 -43.354858
51000.0 41.076894
51200.0 73.205639
51400.0 -3.6392037
51600.0 -61.109397
51800.0 -25.902811
52000.0 21.969683
52200.0 22.892034
52400.0 12.66424
52600.0 -8.324698
52800.0 -27.234498
53000.0 -1.2886259
53200.0 48.034939
53400.0 -2.8663147
53600.0 -36.450142
53800.0 -32.649944
54000.0 29.365774
54200.0 48.259487
54400.0 1.7867356
54600.0 -33.012641
54800.0 -21.661072
55000.0 14.301649
55200.0 25.600217
55400.0 7.9281858
55600.0 -15.821663
55800.0 -14.184484
56000.0 7.2930886
56200.0 3.4598637
56400.0 4.8583488
56600.0 -7.5694761
56800.0 -9.5643274
57000.0 9.1287099
57200.0 14.804343
57400.0 -17.841062
57600.0 8.6731423
57800.0 -6.3080808
58000.0 7.8771954
58200.0 -4.1426563
58400.0 0.48763965
58600.0 -23.934984
58800.0 32.588893
59000.0 4.7301767
59200.0 7.3903585
59400.0 -20.206911
59600.0 9.6589197
59800.0 -12.311106
60000.0 22.151056
60200.0 1.7509301
60400.0 -0.69204371
60600.0 -25.551675
60800.0 1.2516795
61000.0 23.511381
61200.0 21.348922
61400.0 -37.031052
61600.0 -22.296735
61800.0 16.422312
62000.0 32.453262
62200.0 22.282943
62400.0 -36.514271
62600.0 -43.177495
62800.0 6.8696694
63000.0 30.866167
63200.0 26.780049
63400.0 -0.6738527
63600.0 -21.767866
63800.0 -37.375604
64000.0 20.350069
64200.0 38.816259
64400.0 -19.125242
64600.0 -33.520139
64800.0 -9.8243178
65000.0 62.210778
65200.0 45.768962
65400.0 -50.394463
65600.0 -97.572441
65800.0 17.07611
66000.0 89.168966
66200.0 27.280742
66400.0 -61.480999
66600.0 -45.211422
66800.0 23.622831
67000.0 61.861004
67200.0 2.0632643
67400.0 -39.5789
67600.0 -34.962305
67800.0 25.734158
68000.0 48.531313
68200.0 23.329883
68400.0 -44.792439
68600.0 -36.81539
68800.0 6.6262646
69000.0 41.790191
69200.0 21.824501
69400.0 -46.365398
69600.0 -39.484208
69800.0 17.168597
70000.0 68.09249
70200.0 38.685909
70400.0 -72.245764
70600.0 -133.03282
70800.0 43.656051
71000.0 155.89947
71200.0 53.796058
71400.0 -89.251403
71600.0 -95.275822
71800.0 25.897197
72000.0 83.300826
72200.0 27.801929
72400.0 -45.101142
72600.0 -45.18323
72800.0 25.809894
73000.0 27.896604
73200.0 20.264427
73400.0 -24.294421
73600.0 -31.188337
73800.0 5.8516372
74000.0 22.381445
74200.0 0.3826951
74400.0 2.6689079
74600.0 -15.358201
74800.0 2.4230382
75000.0 16.805575
75200.0 27.905702
75400.0 -2.7991402
75600.0 -29.543765
75800.0 -35.018609
76000.0 35.594393
76200.0 51.379372
76400.0 -18.306896
76600.0 -57.724169
76800.0 -30.205394
77000.0 38.719994
77200.0 49.651292
77400.0 25.654766
77600.0 -60.076734
77800.0 -43.405028
78000.0 25.031867
78200.0 70.892771
78400.0 -7.1962726
78600.0 -41.773758
78800.0 -43.855088
79000.0 20.357692
79200.0 75.185243
79400.0 39.358186
79600.0 -88.172728
79800.0 -82.095442
80000.0 35.259748
80200.0 122.98207
80400.0 30.563557
80600.0 -75.837035
80800.0 -66.171906
81000.0 12.058641
81200.0 76.56898
81400.0 1.7903996
81600.0 -30.963852
81800.0 -12.763298
82000.0 24.152733
82200.0 2.7685479
82400.0 10.350691
82600.0 -2.528727
82800.0 -10.641982
83000.0 3.2745738
83200.0 10.336512
83400.0 20.98786
83600.0 -22.652208
83800.0 -4.4107304
84000.0 12.311817
84200.0 12.467941
84400.0 3.0091036
84600.0 12.621811
84800.0 -24.699174
85000.0 -3.1152136
85200.0 0.042650411
85400.0 25.436033
85600.0 -7.4338205
85800.0 1.2163729
86000.0 9.2508759
86200.0 -4.2937547
86400.0 13.819318
86600.0 -8.5010017
86800.0 -5.2657903
87000.0 4.7405889
87200.0 13.826722
87400.0 -4.6343664
87600.0 -12.477864
87800.0 -4.9482178
88000.0 17.131106
88200.0 24.999635
88400.0 -0.91817506
88600.0 -56.323497
88800.0 4.3780666
89000.0 48.225472
89200.0 40.751671
89400.0 -18.855506
89600.0 -67.41015
89800.0 -42.827523
90000.0 98.757518
90200.0 62.440217
90400.0 -39.289399
90600.0 -74.885897
90800.0 -13.448803
91000.0 45.5793
91200.0 41.055593
91400.0 -2.7858481
91600.0 -48.866615
91800.0 -12.238042
92000.0 32.761833
92200.0 33.931443
92400.0 -24.344306
92600.0 -16.982036
92800.0 5.8364623
93000.0 26.060206
93200.0 -22.65014
93400.0 -7.6600467
93600.0 17.117776
93800.0 28.074086
94000.0 1.0864704
94200.0 -40.958188
94400.0 -35.964619
94600.0 60.769443
94800.0 47.921852
95000.0 -3.2679535
95200.0 -58.243953
95400.0 -30.119143
95600.0 37.852916
95800.0 48.712787
96000.0 13.878351
96200.0 -62.467058
96400.0 -49.076396
96600.0 37.289778
96800.0 118.11904
97000.0 16.719493
97200.0 -121.51063
97400.0 -91.243616
97600.0 67.751497
97800.0 103.73724
98000.0 -7.578947
98200.0 -58.925321
98400.0 -26.342251
98600.0 24.501338
98800.0 51.744223
99000.0 -6.2590813
99200.0 -15.532816
99400.0 -27.25677
99600.0 11.076675
99800.0 8.8680688
100000.0 25.440381
