0.0 1.9115936
200.0 1.9243507
400.0 1.9155911
600.0 1.9074512
800.0 1.901721
1000.0 1.9137324
1200.0 1.9045847
1400.0 1.8662554
1600.0 1.8942227
1800.0 1.9068871
2000.0 1.8728286
2200.0 1.8754016
2400.0 1.8878091
2600.0 1.8856039
2800.0 1.8880639
3000.0 1.8851899
3200.0 1.8872138
3400.0 1.8740524
3600.0 1.8819942
3800.0 1.8988462
4000.0 1.8728392
4200.0 1.8659403
4400.0 1.8782549
4600.0 1.8677389
4800.0 1.8810809
5000.0 1.8747061
5200.0 1.8662684
5400.0 1.8747793
5600.0 1.8865762
5800.0 1.8872816
6000.0 1.8887466
6200.0 1.9047139
6400.0 1.9118062
6600.0 1.9043594
6800.0 1.9109555
7000.0 1.9146629
7200.0 1.9376609
7400.0 1.9351513
7600.0 1.8991396
7800.0 1.9131573
8000.0 1.9388605
8200.0 1.9112137
8400.0 1.9026894
8600.0 1.9121253
8800.0 1.9058959
9000.0 1.9012244
9200.0 1.9245881
9400.0 1.9303829
9600.0 1.9120339
9800.0 1.9099437
10000.0 1.9205786
10200.0 1.9204338
10400.0 1.9242654
10600.0 1.9153683
10800.0 1.901111
11000.0 1.9237376
11200.0 1.937222
11400.0 1.9246559
11600.0 1.9016736
11800.0 1.9080003
12000.0 1.9198673
12200.0 1.9129607
12400.0 1.9143103
12600.0 1.9107792
12800.0 1.903291
13000.0 1.9049538
13200.0 1.9005239
13400.0 1.8818548
13600.0 1.8871366
13800.0 1.87406
14000.0 1.8454156
14200.0 1.8656673
14400.0 1.8616719
14600.0 1.8483282
14800.0 1.8632704
15000.0 1.9001227
15200.0 1.8920885
15400.0 1.8720977
15600.0 1.8686713
15800.0 1.8613204
16000.0 1.8605193
16200.0 1.8706033
16400.0 1.8728651
16600.0 1.8658373
16800.0 1.8615854
17000.0 1.8558994
17200.0 1.869623
17400.0 1.8929711
17600.0 1.8920856
17800.0 1.8830567
18000.0 1.8862776
18200.0 1.8962199
18400.0 1.8729791
18600.0 1.8728487
18800.0 1.8874854
19000.0 1.8810584
19200.0 1.8792084
19400.0 1.8802011
19600.0 1.8749885
19800.0 1.881741
20000.0 1.8927227
20200.0 1.8915367
20400.0 1.8922359
20600.0 1.8880155
20800.0 1.9020346
21000.0 1.9071723
21200.0 1.8945675
21400.0 1.8992673
21600.0 1.9108555
21800.0 1.9174859
22000.0 1.8965827
22200.0 1.8944493
22400.0 1.909815
22600.0 1.8984278
22800.0 1.9159304
23000.0 1.9065306
23200.0 1.8975939
23400.0 1.9052355
23600.0 1.9029135
23800.0 1.9019046
24000.0 1.900994
24200.0 1.8981093
24400.0 1.8869563
24600.0 1.8988367
24800.0 1.9050941
25000.0 1.8909406
25200.0 1.8942629
25400.0 1.9000108
25600.0 1.8927173
25800.0 1.8626425
26000.0 1.8792224
26200.0 1.8790668
26400.0 1.8610685
26600.0 1.8642041
26800.0 1.8694684
27000.0 1.8780339
27200.0 1.88096
27400.0 1.8756055
27600.0 1.8704694
27800.0 1.876924
28000.0 1.8858781
28200.0 1.8823487
28400.0 1.870505
28600.0 1.8683956
28800.0 1.8753867
29000.0 1.8710507
29200.0 1.8796368
29400.0 1.8876785
29600.0 1.8715488
29800.0 1.8834519
30000.0 1.9025285
30200.0 1.8855759
30400.0 1.8888702
30600.0 1.9074232
30800.0 1.8934599
31000.0 1.8795905
31200.0 1.897135
31400.0 1.9046911
31600.0 1.8916745
31800.0 1.8975753
32000.0 1.9043857
32200.0 1.8959142
32400.0 1.9034473
32600.0 1.9067961
32800.0 1.9109671
33000.0 1.8971528
33200.0 1.8990763
33400.0 1.9073905
33600.0 1.8997304
33800.0 1.904953
34000.0 1.9035887
34200.0 1.8964438
34400.0 1.9023112
34600.0 1.889991
34800.0 1.8899493
35000.0 1.910706
35200.0 1.9183055
35400.0 1.9122772
35600.0 1.9083936
35800.0 1.9051426
36000.0 1.9032996
36200.0 1.9201665
36400.0 1.9282925
36600.0 1.9125068
36800.0 1.9040612
37000.0 1.9054387
37200.0 1.913368
37400.0 1.9171658
37600.0 1.9195674
37800.0 1.9169707
38000.0 1.9330255
38200.0 1.9356014
38400.0 1.917436
38600.0 1.9132047
38800.0 1.9250985
39000.0 1.9278324
39200.0 1.9043948
39400.0 1.9088011
39600.0 1.913002
39800.0 1.9095862
40000.0 1.9083763
40200.0 1.9223758
40400.0 1.9114368
40600.0 1.9059491
40800.0 1.9430505
41000.0 1.9402732
41200.0 1.9160013
41400.0 1.9234411
41600.0 1.9280761
41800.0 1.9242149
42000.0 1.9090662
42200.0 1.9077448
42400.0 1.9059003
42600.0 1.9043392
42800.0 1.9122168
43000.0 1.9112559
43200.0 1.906246
43400.0 1.910872
43600.0 1.9249117
43800.0 1.9158276
44000.0 1.9035049
44200.0 1.9180001
44400.0 1.9055414
44600.0 1.9110395
44800.0 1.9202353
45000.0 1.9138109
45200.0 1.8993834
45400.0 1.8806657
45600.0 1.8904315
45800.0 1.9038315
46000.0 1.8918079
46200.0 1.9037813
46400.0 1.8965261
46600.0 1.8959822
46800.0 1.9043101
47000.0 1.9000766
47200.0 1.8949428
47400.0 1.8969905
47600.0 1.8890145
47800.0 1.8815393
48000.0 1.8728527
48200.0 1.8667801
48400.0 1.8793748
48600.0 1.8841603
48800.0 1.8812114
49000.0 1.8785016
49200.0 1.8943828
49400.0 1.9128957
49600.0 1.8827223
49800.0 1.8736978
50000.0 1.9034382
50200.0 1.9003439
50400.0 1.8935344
50600.0 1.8950522
50800.0 1.9046846
51000.0 1.8931788
51200.0 1.8728856
51400.0 1.8924071
51600.0 1.9157112
51800.0 1.894191
52000.0 1.8795397
52200.0 1.9099579
52400.0 1.9122281
52600.0 1.9002402
52800.0 1.9002982
53000.0 1.8933328
53200.0 1.8890258
53400.0 1.8826997
53600.0 1.8973304
53800.0 1.8873609
54000.0 1.8683701
54200.0 1.8919899
54400.0 1.9061175
54600.0 1.8899253
54800.0 1.903898
55000.0 1.9164448
55200.0 1.91027
55400.0 1.9118284
55600.0 1.9323714
55800.0 1.9513535
56000.0 1.9336019
56200.0 1.9258627
56400.0 1.9388404
56600.0 1.9432648
56800.0 1.9383369
57000.0 1.9326015
57200.0 1.9188722
57400.0 1.9101856
57600.0 1.9075776
57800.0 1.9045881
58000.0 1.9088734
58200.0 1.9210482
58400.0 1.9042974
58600.0 1.9040202
58800.0 1.9212327
59000.0 1.9319036
59200.0 1.9398169
59400.0 1.9377429
59600.0 1.9353914
59800.0 1.9270902
60000.0 1.9229031
60200.0 1.9356528
60400.0 1.9418509
60600.0 1.9202381
60800.0 1.9220253
61000.0 1.9383269
61200.0 1.9457116
61400.0 1.9238352
61600.0 1.9248597
61800.0 1.9295449
62000.0 1.9420847
62200.0 1.9509767
62400.0 1.9436286
62600.0 1.9460473
62800.0 1.9464768
63000.0 1.936339
63200.0 1.9170768
63400.0 1.923198
63600.0 1.930911
63800.0 1.9351777
64000.0 1.9407896
64200.0 1.952761
64400.0 1.9347987
64600.0 1.9374979
64800.0 1.9527559
65000.0 1.9366468
65200.0 1.9203894
65400.0 1.9406589
65600.0 1.9517928
65800.0 1.9432424
66000.0 1.9248869
66200.0 1.9292339
66400.0 1.9197531
66600.0 1.9189636
66800.0 1.9400364
67000.0 1.9052805
67200.0 1.8985025
67400.0 1.918593
67600.0 1.9131638
67800.0 1.8866347
68000.0 1.8832313
68200.0 1.9082511
68400.0 1.8910831
68600.0 1.8867475
68800.0 1.8902888
69000.0 1.8811428
69200.0 1.8743096
69400.0 1.8793709
69600.0 1.8832455
69800.0 1.8777208
70000.0 1.8831213
70200.0 1.8735597
70400.0 1.8673687
70600.0 1.8795752
70800.0 1.883466
71000.0 1.8782395
71200.0 1.9021979
71400.0 1.9131689
71600.0 1.8981464
71800.0 1.9030844
72000.0 1.9064952
72200.0 1.9073156
72400.0 1.9219581
72600.0 1.9181016
72800.0 1.8858012
73000.0 1.8857212
73200.0 1.9169914
73400.0 1.9165205
73600.0 1.9030369
73800.0 1.9048063
74000.0 1.9095487
74200.0 1.8975247
74400.0 1.9084276
74600.0 1.91876
74800.0 1.9282407
75000.0 1.9237737
75200.0 1.9113262
75400.0 1.9305095
75600.0 1.9205505
75800.0 1.9026965
76000.0 1.9242502
76200.0 1.9269893
76400.0 1.8882223
76600.0 1.9007482
76800.0 1.9184087
77000.0 1.9138722
77200.0 1.9114667
77400.0 1.9332112
77600.0 1.9343872
77800.0 1.9379591
78000.0 1.9584494
78200.0 1.9393004
78400.0 1.9277353
78600.0 1.9357338
78800.0 1.9513413
79000.0 1.9344686
79200.0 1.936451
79400.0 1.9446237
79600.0 1.9454411
79800.0 1.9383018
80000.0 1.9499382
80200.0 1.9521644
80400.0 1.9562353
80600.0 1.9634774
80800.0 1.9593253
81000.0 1.9587446
81200.0 1.9608704
81400.0 1.9427549
81600.0 1.9401431
81800.0 1.9410495
82000.0 1.9267274
82200.0 1.9202029
82400.0 1.9120837
82600.0 1.9250602
82800.0 1.9292157
83000.0 1.9092109
83200.0 1.9082775
83400.0 1.9141948
83600.0 1.9262668
83800.0 1.9227748
84000.0 1.913625
84200.0 1.9165007
84400.0 1.9377689
84600.0 1.9222962
84800.0 1.918339
85000.0 1.9185911
85200.0 1.9343916
85400.0 1.9326351
85600.0 1.9251224
85800.0 1.9242978
86000.0 1.9088478
86200.0 1.900527
86400.0 1.9139881
86600.0 1.8907625
86800.0 1.8770722
87000.0 1.888896
87200.0 1.8838818
87400.0 1.8737672
87600.0 1.8850667
87800.0 1.8789798
88000.0 1.8604398
88200.0 1.853452
88400.0 1.8653167
88600.0 1.8471938
88800.0 1.8410405
89000.0 1.8766791
89200.0 1.8893176
89400.0 1.8824291
89600.0 1.8990674
89800.0 1.9099796
90000.0 1.906539
90200.0 1.9088205
90400.0 1.9187582
90600.0 1.9323938
90800.0 1.9208829
91000.0 1.910178
91200.0 1.9358903
91400.0 1.932404
91600.0 1.9159559
91800.0 1.9162695
92000.0 1.9199564
92200.0 1.9078175
92400.0 1.8806705
92600.0 1.8972888
92800.0 1.9049297
93000.0 1.8852252
93200.0 1.8831314
93400.0 1.8905131
93600.0 1.8858031
93800.0 1.8970756
94000.0 1.918576
94200.0 1.9093729
94400.0 1.8992907
94600.0 1.9059098
94800.0 1.9251679
95000.0 1.9210741
95200.0 1.9167614
95400.0 1.9361781
95600.0 1.9323473
95800.0 1.9207707
96000.0 1.9224912
96200.0 1.9365046
96400.0 1.9313904
96600.0 1.9241752
96800.0 1.9306447
97000.0 1.9210094
97200.0 1.9264068
97400.0 1.9405299
97600.0 1.9058988
97800.0 1.8817107
98000.0 1.9092621
98200.0 1.9069649
98400.0 1.8784112
98600.0 1.8622563
98800.0 1.8715827
99000.0 1.8719027
99200.0 1.8487419
99400.0 1.8272471
99600.0 1.8326271
99800.0 1.8435206
100000.0 1.8500431
