0.0 0.0048966783
200.0 0.0049405217
400.0 0.0049740196
600.0 0.0049948736
800.0 0.0050053733
1000.0 0.0050065826
1200.0 0.004985732
1400.0 0.004943255
1600.0 0.0048831414
1800.0 0.0048144143
2000.0 0.0047513366
2200.0 0.0047020254
2400.0 0.0046726836
2600.0 0.0046646102
2800.0 0.0046700042
3000.0 0.0046805601
3200.0 0.0046941326
3400.0 0.0047074945
3600.0 0.0047265488
3800.0 0.0047586979
4000.0 0.0048101126
4200.0 0.0048874201
4400.0 0.0049786627
4600.0 0.0050521049
4800.0 0.0050853904
5000.0 0.0050779256
5200.0 0.0050317427
5400.0 0.0049544073
5600.0 0.0048706658
5800.0 0.0048007216
6000.0 0.0047512791
6200.0 0.0047231633
6400.0 0.004719848
6600.0 0.0047402071
6800.0 0.0047734976
7000.0 0.0048077322
7200.0 0.0048281668
7400.0 0.0048224191
7600.0 0.0047918077
7800.0 0.004749027
8000.0 0.0047197153
8200.0 0.0047182694
8400.0 0.0047471678
8600.0 0.004795375
8800.0 0.004850347
9000.0 0.0048931853
9200.0 0.0049112977
9400.0 0.0049056346
9600.0 0.0048811152
9800.0 0.0048472531
10000.0 0.0048125895
10200.0 0.0047875822
10400.0 0.0047797199
10600.0 0.004783578
10800.0 0.0047832593
11000.0 0.0047639442
11200.0 0.0047224219
11400.0 0.0046672299
11600.0 0.0046168564
11800.0 0.0045899791
12000.0 0.0045907292
12200.0 0.00462508
12400.0 0.0046886149
12600.0 0.0047584592
12800.0 0.0048095242
13000.0 0.0048284807
13200.0 0.0048182529
13400.0 0.0047965745
13600.0 0.0047762324
13800.0 0.0047621799
14000.0 0.0047547066
14200.0 0.0047543914
14400.0 0.0047630008
14600.0 0.0047822217
14800.0 0.0048104155
15000.0 0.0048379226
15200.0 0.0048541969
15400.0 0.0048607304
15600.0 0.0048645419
15800.0 0.0048675667
16000.0 0.0048741827
16200.0 0.0048874477
16400.0 0.0049026886
16600.0 0.0049105473
16800.0 0.0048993426
17000.0 0.0048655561
17200.0 0.0048125965
17400.0 0.0047508457
17600.0 0.0046945265
17800.0 0.0046570139
18000.0 0.0046406123
18200.0 0.0046424959
18400.0 0.0046639873
18600.0 0.0047017153
18800.0 0.0047521756
19000.0 0.0048056297
19200.0 0.004854848
19400.0 0.0048958422
19600.0 0.0049265647
19800.0 0.0049433359
20000.0 0.0049429857
20200.0 0.0049227261
20400.0 0.004874753
20600.0 0.0047992287
20800.0 0.0047133527
21000.0 0.004642568
21200.0 0.0045974595
21400.0 0.0045766977
21600.0 0.0045764811
21800.0 0.0045954508
22000.0 0.0046291597
22200.0 0.0046731497
22400.0 0.004719138
22600.0 0.0047674694
22800.0 0.0048157701
23000.0 0.0048590281
23200.0 0.004890573
23400.0 0.0049052299
23600.0 0.0049047101
23800.0 0.0048955833
24000.0 0.0048829782
24200.0 0.0048689714
24400.0 0.0048507955
24600.0 0.0048290283
24800.0 0.0048076357
25000.0 0.0047874061
25200.0 0.0047670754
25400.0 0.0047422215
25600.0 0.004708035
25800.0 0.0046646687
26000.0 0.0046211646
26200.0 0.0045940622
26400.0 0.0045970664
26600.0 0.0046364237
26800.0 0.0047048163
27000.0 0.0047804251
27200.0 0.004840085
27400.0 0.0048722075
27600.0 0.0048798309
27800.0 0.0048730566
28000.0 0.0048639166
28200.0 0.0048645486
28400.0 0.0048821431
28600.0 0.0049142038
28800.0 0.0049490055
29000.0 0.0049715983
29200.0 0.0049695125
29400.0 0.0049373767
29600.0 0.004878784
29800.0 0.0048092327
30000.0 0.0047475031
30200.0 0.0047071714
30400.0 0.0046915794
30600.0 0.0046912705
30800.0 0.0046932267
31000.0 0.0046912611
31200.0 0.0046846097
31400.0 0.0046807677
31600.0 0.0046903367
31800.0 0.0047130253
32000.0 0.0047422685
32200.0 0.0047743703
32400.0 0.0048023033
32600.0 0.0048216141
32800.0 0.0048326592
33000.0 0.0048376731
33200.0 0.0048388481
33400.0 0.004838048
33600.0 0.0048404769
33800.0 0.0048567312
34000.0 0.0048910476
34200.0 0.0049342811
34400.0 0.0049667409
34600.0 0.0049733766
34800.0 0.0049508085
35000.0 0.0049032615
35200.0 0.0048417677
35400.0 0.0047898234
35600.0 0.0047599604
35800.0 0.0047480739
36000.0 0.0047459564
36200.0 0.0047412406
36400.0 0.0047239408
36600.0 0.0046983863
36800.0 0.0046742159
37000.0 0.004663443
37200.0 0.0046712323
37400.0 0.0046964787
37600.0 0.0047367682
37800.0 0.0047811605
38000.0 0.0048169372
38200.0 0.004840316
38400.0 0.0048476486
38600.0 0.0048465055
38800.0 0.0048446978
39000.0 0.0048437189
39200.0 0.0048520023
39400.0 0.0048746687
39600.0 0.0049055047
39800.0 0.0049285969
40000.0 0.0049260929
40200.0 0.0048865737
40400.0 0.0048127614
40600.0 0.0047294413
40800.0 0.0046689075
41000.0 0.0046469677
41200.0 0.0046555947
41400.0 0.0046763153
41600.0 0.0046927418
41800.0 0.0046990441
42000.0 0.0047004864
42200.0 0.0047011173
42400.0 0.0047050425
42600.0 0.0047179197
42800.0 0.0047394886
43000.0 0.0047692029
43200.0 0.0048031103
43400.0 0.0048378427
43600.0 0.0048736398
43800.0 0.0049077054
44000.0 0.0049378556
44200.0 0.0049647849
44400.0 0.0050024268
44600.0 0.0050482976
44800.0 0.0050912496
45000.0 0.0051142913
45200.0 0.0050964586
45400.0 0.0050296715
45600.0 0.0049296155
45800.0 0.0048359934
46000.0 0.0047758791
46200.0 0.0047442303
46400.0 0.0047316548
46600.0 0.004728903
46800.0 0.0047304676
47000.0 0.0047345756
47200.0 0.0047406791
47400.0 0.0047483044
47600.0 0.0047594345
47800.0 0.0047771815
48000.0 0.0048029286
48200.0 0.0048342914
48400.0 0.0048764784
48600.0 0.0049397301
48800.0 0.0050182893
49000.0 0.0050897246
49200.0 0.0051270333
49400.0 0.005111667
49600.0 0.0050467097
49800.0 0.0049623961
50000.0 0.0048956603
50200.0 0.0048538394
50400.0 0.0048269149
50600.0 0.0048099072
50800.0 0.0048001663
51000.0 0.0047921974
51200.0 0.0047842959
51400.0 0.0047765149
51600.0 0.0047670673
51800.0 0.0047545
52000.0 0.0047401135
52200.0 0.0047301137
52400.0 0.004732364
52600.0 0.0047536339
52800.0 0.0048024554
53000.0 0.0048745588
53200.0 0.0049511596
53400.0 0.0050021046
53600.0 0.0050079355
53800.0 0.0049720095
54000.0 0.0049123213
54200.0 0.0048537529
54400.0 0.0048160928
54600.0 0.0048038111
54800.0 0.0048079689
55000.0 0.0048146604
55200.0 0.0048158114
55400.0 0.0048119211
55600.0 0.0048043326
55800.0 0.004793889
56000.0 0.0047824773
56200.0 0.0047729752
56400.0 0.0047722206
56600.0 0.0047845415
56800.0 0.0048073341
57000.0 0.0048325983
57200.0 0.0048573246
57400.0 0.0048733341
57600.0 0.0048699781
57800.0 0.0048498503
58000.0 0.0048170359
58200.0 0.0047805174
58400.0 0.0047543188
58600.0 0.0047425312
58800.0 0.0047468907
59000.0 0.0047675038
59200.0 0.0048062932
59400.0 0.0048514526
59600.0 0.0048836517
59800.0 0.0048873483
60000.0 0.0048558039
60200.0 0.0048006156
60400.0 0.0047466911
60600.0 0.0047120451
60800.0 0.0046994514
61000.0 0.0047085167
61200.0 0.0047320811
61400.0 0.0047595917
61600.0 0.0047804576
61800.0 0.004790228
62000.0 0.0047895768
62200.0 0.004779871
62400.0 0.0047681827
62600.0 0.0047560784
62800.0 0.0047481818
63000.0 0.004749707
63200.0 0.0047626579
63400.0 0.0047845894
63600.0 0.0048059074
63800.0 0.004817249
64000.0 0.004809259
64200.0 0.0047816312
64400.0 0.0047416365
64600.0 0.0047050055
64800.0 0.0046895578
65000.0 0.0047068591
65200.0 0.0047551521
65400.0 0.004815912
65600.0 0.0048670355
65800.0 0.0048931015
66000.0 0.0048881775
66200.0 0.0048565438
66400.0 0.0048092348
66600.0 0.004759984
66800.0 0.004718034
67000.0 0.0046902169
67200.0 0.0046787618
67400.0 0.004681917
67600.0 0.0046965875
67800.0 0.0047189085
68000.0 0.0047493903
68200.0 0.0047873927
68400.0 0.0048280394
68600.0 0.004866422
68800.0 0.0048946352
69000.0 0.0049074365
69200.0 0.0049070202
69400.0 0.0048939425
69600.0 0.0048680206
69800.0 0.0048315315
70000.0 0.0047912286
70200.0 0.0047494667
70400.0 0.0047063035
70600.0 0.004659702
70800.0 0.00461404
71000.0 0.0045764292
71200.0 0.0045547289
71400.0 0.0045583505
71600.0 0.0045917556
71800.0 0.0046573456
72000.0 0.0047496206
72200.0 0.0048371494
72400.0 0.0048954954
72600.0 0.0049176843
72800.0 0.0049151059
73000.0 0.0049020406
73200.0 0.0048860115
73400.0 0.0048708147
73600.0 0.0048564751
73800.0 0.0048398705
74000.0 0.0048208495
74200.0 0.0047962971
74400.0 0.0047630562
74600.0 0.0047214185
74800.0 0.0046779319
75000.0 0.0046460212
75200.0 0.0046369547
75400.0 0.0046643591
75600.0 0.0047355575
75800.0 0.0048256622
76000.0 0.0048957449
76200.0 0.0049271561
76400.0 0.0049247607
76600.0 0.0049007295
76800.0 0.0048614256
77000.0 0.0048188168
77200.0 0.0047836713
77400.0 0.0047609784
77600.0 0.0047489382
77800.0 0.0047388929
78000.0 0.00472029
78200.0 0.004687117
78400.0 0.0046449629
78600.0 0.0046076216
78800.0 0.0045880002
79000.0 0.0045975296
79200.0 0.0046400726
79400.0 0.0047116453
79600.0 0.0047936383
79800.0 0.0048605563
80000.0 0.0048981294
80200.0 0.0049110107
80400.0 0.0049171414
80600.0 0.0049246867
80800.0 0.0049300843
81000.0 0.0049231163
81200.0 0.0048992023
81400.0 0.0048640386
81600.0 0.0048245091
81800.0 0.0047866807
82000.0 0.0047548632
82200.0 0.0047323495
82400.0 0.0047212829
82600.0 0.0047215353
82800.0 0.0047325893
83000.0 0.0047522691
83200.0 0.0047771208
83400.0 0.0048002318
83600.0 0.0048159549
83800.0 0.0048203002
84000.0 0.0048149967
84200.0 0.004805737
84400.0 0.0047974913
84600.0 0.0047929526
84800.0 0.0047949655
85000.0 0.0048080459
85200.0 0.0048302219
85400.0 0.0048519911
85600.0 0.0048541221
85800.0 0.0048268745
86000.0 0.004775004
86200.0 0.0047138798
86400.0 0.0046596689
86600.0 0.0046280019
86800.0 0.0046253921
87000.0 0.0046475117
87200.0 0.0046893095
87400.0 0.0047421725
87600.0 0.0047960155
87800.0 0.004841814
88000.0 0.0048751314
88200.0 0.0049020549
88400.0 0.0049236008
88600.0 0.0049373604
88800.0 0.0049413766
89000.0 0.0049247903
89200.0 0.004882737
89400.0 0.0048150763
89600.0 0.0047343575
89800.0 0.0046635218
90000.0 0.0046133763
90200.0 0.0045874355
90400.0 0.0045810061
90600.0 0.004590426
90800.0 0.004613494
91000.0 0.0046458921
91200.0 0.0046870295
91400.0 0.0047360845
91600.0 0.0047875179
91800.0 0.0048309488
92000.0 0.0048591227
92200.0 0.0048687278
92400.0 0.0048625324
92600.0 0.0048530359
92800.0 0.0048429371
93000.0 0.0048366046
93200.0 0.0048361153
93400.0 0.004834095
93600.0 0.0048203634
93800.0 0.0047950551
94000.0 0.0047605861
94200.0 0.0047221901
94400.0 0.0046912201
94600.0 0.0046800746
94800.0 0.0046923048
95000.0 0.0047256865
95200.0 0.004768084
95400.0 0.0048041752
95600.0 0.0048139572
95800.0 0.0047937131
96000.0 0.0047607119
96200.0 0.0047359525
96400.0 0.0047259371
96600.0 0.004731607
96800.0 0.0047512952
97000.0 0.0047823611
97200.0 0.0048168196
97400.0 0.0048421348
97600.0 0.0048494551
97800.0 0.0048344361
98000.0 0.0048070773
98200.0 0.0047804141
98400.0 0.0047682293
98600.0 0.0047814485
98800.0 0.0048198956
99000.0 0.004874861
99200.0 0.0049285969
99400.0 0.0049629017
99600.0 0.0049639405
99800.0 0.0049254605
100000.0 0.0048453359
