0.0 111.34664
200.0 108.66049
400.0 107.77603
600.0 111.80923
800.0 109.53333
1000.0 110.33161
1200.0 106.85565
1400.0 110.75123
1600.0 112.57918
1800.0 108.04565
2000.0 106.01631
2200.0 108.10154
2400.0 108.52556
2600.0 108.71457
2800.0 109.66828
3000.0 104.58219
3200.0 112.33782
3400.0 111.51641
3600.0 107.39252
3800.0 108.17394
4000.0 110.4119
4200.0 111.73917
4400.0 109.51659
4600.0 112.51178
4800.0 110.80461
5000.0 107.70954
5200.0 110.18836
5400.0 110.51467
5600.0 109.45548
5800.0 109.27586
6000.0 110.15401
6200.0 109.83573
6400.0 105.76724
6600.0 107.2468
6800.0 110.41452
7000.0 111.02192
7200.0 109.38243
7400.0 108.9808
7600.0 110.29089
7800.0 107.4485
8000.0 104.90738
8200.0 105.97646
8400.0 107.91367
8600.0 107.59708
8800.0 106.66759
9000.0 105.91208
9200.0 109.41144
9400.0 107.9352
9600.0 107.90084
9800.0 109.34697
10000.0 108.69945
10200.0 111.89748
10400.0 110.12046
10600.0 106.65276
10800.0 107.77541
11000.0 111.37279
11200.0 108.12589
11400.0 109.14458
11600.0 106.8866
11800.0 105.48628
12000.0 108.26669
12200.0 107.02234
12400.0 106.15972
12600.0 106.99507
12800.0 108.74722
13000.0 103.52241
13200.0 112.78701
13400.0 112.48564
13600.0 108.86957
13800.0 108.73452
14000.0 106.29929
14200.0 110.38974
14400.0 109.18996
14600.0 110.44372
14800.0 107.35642
15000.0 108.89036
15200.0 109.4124
15400.0 107.64718
15600.0 105.11384
15800.0 103.40141
16000.0 109.57995
16200.0 108.29033
16400.0 108.04125
16600.0 111.62279
16800.0 109.00294
17000.0 108.20724
17200.0 110.05253
17400.0 108.97722
17600.0 108.81219
17800.0 108.55569
18000.0 109.27836
18200.0 112.67797
18400.0 110.01137
18600.0 106.59228
18800.0 109.71068
19000.0 109.60908
19200.0 108.96459
19400.0 111.89045
19600.0 113.8266
19800.0 110.99872
20000.0 108.76978
20200.0 109.8038
20400.0 110.60251
20600.0 110.96194
20800.0 110.50088
21000.0 107.46875
21200.0 107.31012
21400.0 108.11448
21600.0 109.30611
21800.0 107.21126
22000.0 110.0815
22200.0 109.8061
22400.0 110.68571
22600.0 116.73041
22800.0 110.90344
23000.0 110.64974
23200.0 111.03995
23400.0 109.06106
23600.0 109.85591
23800.0 110.72294
24000.0 108.1811
24200.0 107.53438
24400.0 109.59406
24600.0 108.28653
24800.0 107.37567
25000.0 109.5888
25200.0 112.18626
25400.0 107.51229
25600.0 106.69367
25800.0 107.39338
26000.0 107.72592
26200.0 107.62456
26400.0 105.46977
26600.0 107.32523
26800.0 109.74133
27000.0 110.4869
27200.0 106.75381
27400.0 107.5726
27600.0 111.72256
27800.0 110.37253
28000.0 110.89966
28200.0 108.89811
28400.0 108.43529
28600.0 109.08492
28800.0 106.6452
29000.0 105.19756
29200.0 108.31731
29400.0 106.48439
29600.0 107.8425
29800.0 111.32988
30000.0 109.42826
30200.0 109.55111
30400.0 105.37779
30600.0 106.5315
30800.0 109.28877
31000.0 110.39393
31200.0 112.43202
31400.0 109.36759
31600.0 110.07956
31800.0 110.99164
32000.0 109.50228
32200.0 109.80262
32400.0 109.37298
32600.0 105.96088
32800.0 109.48385
33000.0 111.49161
33200.0 107.54328
33400.0 109.14731
33600.0 109.99528
33800.0 109.06197
34000.0 108.91328
34200.0 109.53175
34400.0 107.9856
34600.0 105.23502
34800.0 106.7648
35000.0 109.27526
35200.0 107.52074
35400.0 106.69358
35600.0 109.01406
35800.0 108.208
36000.0 108.20454
36200.0 106.0703
36400.0 106.62102
36600.0 109.07687
36800.0 111.94554
37000.0 111.69436
37200.0 109.74169
37400.0 109.33787
37600.0 109.71929
37800.0 106.97136
38000.0 105.68348
38200.0 110.63895
38400.0 108.93918
38600.0 109.88238
38800.0 108.55361
39000.0 105.62757
39200.0 109.89614
39400.0 106.89719
39600.0 106.30688
39800.0 108.1378
40000.0 107.0925
40200.0 106.99993
40400.0 107.66185
40600.0 111.50769
40800.0 108.80367
41000.0 109.34114
41200.0 111.01907
41400.0 109.65514
41600.0 106.1959
41800.0 108.58967
42000.0 110.04093
42200.0 108.37997
42400.0 110.07592
42600.0 109.10449
42800.0 106.60747
43000.0 108.15089
43200.0 105.61353
43400.0 107.65238
43600.0 109.77055
43800.0 105.07437
44000.0 110.30486
44200.0 108.24189
44400.0 109.61505
44600.0 112.45453
44800.0 108.72448
45000.0 110.6804
45200.0 107.77349
45400.0 106.90653
45600.0 107.29503
45800.0 109.47998
46000.0 106.99666
46200.0 107.50235
46400.0 111.98155
46600.0 113.75077
46800.0 111.71154
47000.0 107.70897
47200.0 107.52083
47400.0 108.94932
47600.0 111.16878
47800.0 109.14062
48000.0 110.64764
48200.0 107.42833
48400.0 104.73424
48600.0 109.53585
48800.0 108.53841
49000.0 106.57772
49200.0 108.53596
49400.0 109.37561
49600.0 107.65665
49800.0 107.29744
50000.0 106.02637
50200.0 110.13892
50400.0 112.90597
50600.0 111.09803
50800.0 108.85149
51000.0 107.41856
51200.0 108.96037
51400.0 108.9674
51600.0 108.58314
51800.0 108.44533
52000.0 112.09376
52200.0 109.72298
52400.0 107.53061
52600.0 110.40613
52800.0 111.19862
53000.0 108.8789
53200.0 110.95164
53400.0 111.07776
53600.0 111.33507
53800.0 112.51015
54000.0 107.36224
54200.0 106.94818
54400.0 111.82636
54600.0 107.91212
54800.0 109.91482
55000.0 109.16821
55200.0 107.29271
55400.0 106.499
55600.0 106.79051
55800.0 109.69711
56000.0 106.70528
56200.0 113.82238
56400.0 110.31884
56600.0 106.79655
56800.0 110.5279
57000.0 109.48602
57200.0 110.33966
57400.0 110.6087
57600.0 108.83143
57800.0 108.11311
58000.0 107.71982
58200.0 106.45622
58400.0 110.51409
58600.0 108.49389
58800.0 108.00385
59000.0 110.53377
59200.0 106.88403
59400.0 111.34024
59600.0 111.51724
59800.0 109.22057
60000.0 111.36516
60200.0 111.84808
60400.0 108.9817
60600.0 109.10386
60800.0 110.57424
61000.0 112.17076
61200.0 109.38272
61400.0 108.4373
61600.0 108.86671
61800.0 109.05644
62000.0 109.77058
62200.0 109.39907
62400.0 107.01385
62600.0 109.694
62800.0 106.26281
63000.0 105.988
63200.0 109.84236
63400.0 110.68417
63600.0 109.70121
63800.0 110.2803
64000.0 109.21366
64200.0 109.17905
64400.0 109.68264
64600.0 109.18025
64800.0 113.14941
65000.0 107.92108
65200.0 105.30787
65400.0 109.46371
65600.0 107.92701
65800.0 105.64643
66000.0 107.31437
66200.0 107.94875
66400.0 108.51237
66600.0 111.2229
66800.0 109.83164
67000.0 109.35279
67200.0 109.38862
67400.0 107.00443
67600.0 109.15581
67800.0 111.23199
68000.0 110.16169
68200.0 109.85665
68400.0 106.64216
68600.0 105.55742
68800.0 111.25176
69000.0 106.55476
69200.0 104.86035
69400.0 107.14828
69600.0 111.80719
69800.0 110.577
70000.0 106.31238
70200.0 111.88497
70400.0 110.31633
70600.0 108.64978
70800.0 110.72941
71000.0 107.15364
71200.0 106.47731
71400.0 106.51337
71600.0 107.97495
71800.0 105.31741
72000.0 107.76776
72200.0 110.38518
72400.0 108.24597
72600.0 108.67677
72800.0 106.29209
73000.0 108.03083
73200.0 107.56293
73400.0 113.25887
73600.0 109.4803
73800.0 111.03803
74000.0 109.22545
74200.0 108.26313
74400.0 109.00829
74600.0 108.68386
74800.0 112.97493
75000.0 106.21971
75200.0 106.77212
75400.0 107.79153
75600.0 106.04072
75800.0 107.09293
76000.0 106.62849
76200.0 108.75685
76400.0 107.87542
76600.0 110.53914
76800.0 109.98614
77000.0 106.86608
77200.0 109.0963
77400.0 109.41316
77600.0 111.42952
77800.0 108.48812
78000.0 110.27963
78200.0 110.28422
78400.0 109.56739
78600.0 110.15237
78800.0 108.24348
79000.0 111.63637
79200.0 112.57055
79400.0 110.98292
79600.0 108.80274
79800.0 111.6808
80000.0 111.7225
80200.0 110.17752
80400.0 107.17209
80600.0 107.91063
80800.0 109.95773
81000.0 111.1424
81200.0 109.20756
81400.0 109.71659
81600.0 107.30859
81800.0 105.69622
82000.0 106.41042
82200.0 108.58103
82400.0 108.79494
82600.0 109.61322
82800.0 111.08033
83000.0 111.95496
83200.0 110.14583
83400.0 107.26491
83600.0 109.01571
83800.0 107.85514
84000.0 110.46033
84200.0 110.37127
84400.0 108.66715
84600.0 111.25771
84800.0 108.28892
85000.0 106.80385
85200.0 112.0238
85400.0 108.51474
85600.0 108.98264
85800.0 106.70003
86000.0 110.06227
86200.0 109.5079
86400.0 103.44139
86600.0 108.34626
86800.0 108.51817
87000.0 109.01436
87200.0 113.51821
87400.0 108.057
87600.0 108.01786
87800.0 111.0824
88000.0 109.8151
88200.0 108.14376
88400.0 109.15972
88600.0 110.24605
88800.0 106.06949
89000.0 106.20279
89200.0 109.01173
89400.0 106.50206
89600.0 111.76737
89800.0 107.63541
90000.0 105.55456
90200.0 109.95115
90400.0 105.85182
90600.0 105.14644
90800.0 106.02552
91000.0 110.80485
91200.0 109.41128
91400.0 104.3898
91600.0 107.88451
91800.0 112.96313
92000.0 112.06707
92200.0 105.83874
92400.0 108.01752
92600.0 109.90982
92800.0 108.3416
93000.0 108.84176
93200.0 109.60295
93400.0 107.05518
93600.0 104.64461
93800.0 108.00575
94000.0 107.67169
94200.0 107.16892
94400.0 108.74044
94600.0 111.27663
94800.0 110.5669
95000.0 109.3691
95200.0 108.43449
95400.0 111.87455
95600.0 109.71313
95800.0 104.78007
96000.0 107.95347
96200.0 109.86036
96400.0 110.51677
96600.0 109.75127
96800.0 111.39464
97000.0 112.55229
97200.0 111.57035
97400.0 110.07381
97600.0 107.42591
97800.0 111.05554
98000.0 111.58295
98200.0 108.61619
98400.0 110.0583
98600.0 107.64166
98800.0 109.01007
99000.0 110.62036
99200.0 107.55577
99400.0 108.16057
99600.0 109.53097
99800.0 107.74805
100000.0 107.54484
