0.0 6.1386205
200.0 -103.75288
400.0 17.042245
600.0 93.310606
800.0 -0.58081729
1000.0 -101.84285
1200.0 16.889965
1400.0 87.468586
1600.0 15.928915
1800.0 -120.94657
2000.0 -2.7480408
2200.0 76.273683
2400.0 2.254679
2600.0 -42.584113
2800.0 8.7770597
3000.0 42.481452
3200.0 -28.896607
3400.0 -27.192449
3600.0 12.104166
3800.0 17.749304
4000.0 4.9680159
4200.0 4.9938978
4400.0 -4.6374869
4600.0 11.138397
4800.0 -8.943294
5000.0 -14.524878
5200.0 16.638264
5400.0 43.508812
5600.0 -37.022605
5800.0 -52.826561
6000.0 70.530367
6200.0 42.196525
6400.0 -41.783197
6600.0 -20.755552
6800.0 48.723065
7000.0 -20.326641
7200.0 3.8246635
7400.0 -5.6243199
7600.0 -5.0371987
7800.0 -31.921923
8000.0 81.301073
8200.0 -3.8455023
8400.0 -62.716911
8600.0 13.085914
8800.0 62.080143
9000.0 -52.780052
9200.0 -13.593781
9400.0 39.15195
9600.0 -2.3075249
9800.0 -33.300983
10000.0 25.042174
10200.0 38.660959
10400.0 -30.280708
10600.0 -72.522873
10800.0 52.3957
11000.0 94.427601
11200.0 -67.250675
11400.0 -62.656486
11600.0 40.201653
11800.0 94.650766
12000.0 -51.940089
12200.0 -82.494027
12400.0 63.729001
12600.0 61.514463
12800.0 -29.624322
13000.0 -67.730743
13200.0 34.621443
13400.0 36.300002
13600.0 3.363343
13800.0 -53.429844
14000.0 20.834408
14200.0 30.12948
14400.0 24.994662
14600.0 -54.205032
14800.0 7.2502792
15000.0 -1.2887123
15200.0 59.6786
15400.0 0.45320648
15600.0 -57.464596
15800.0 -2.5408045
16000.0 50.612359
16200.0 16.195298
16400.0 -73.421827
16600.0 -5.945583
16800.0 93.752389
17000.0 -2.89022
17200.0 -87.089823
17400.0 -12.323617
17600.0 104.63034
17800.0 -14.2216
18000.0 -77.602905
18200.0 -26.986599
18400.0 118.64918
18600.0 30.081648
18800.0 -97.935155
19000.0 -24.351738
19200.0 61.43973
19400.0 50.215135
19600.0 -59.506062
19800.0 -6.8316738
20000.0 26.489371
20200.0 21.542167
20400.0 -11.592589
20600.0 -21.707457
20800.0 -7.7955712
21000.0 29.936793
21200.0 4.2841174
21400.0 -34.192187
21600.0 2.154671
21800.0 41.246287
22000.0 -34.289854
22200.0 -28.002872
22400.0 54.046619
22600.0 2.4518625
22800.0 -62.804656
23000.0 -1.3788655
23200.0 62.939498
23400.0 11.504946
23600.0 -79.138907
23800.0 32.08667
24000.0 58.1438
24200.0 -24.149132
24400.0 -43.549182
24600.0 20.199555
24800.0 27.511317
25000.0 -13.338614
25200.0 -27.027962
25400.0 30.092902
25600.0 15.738727
25800.0 -32.44999
26000.0 -18.708752
26200.0 49.277603
26400.0 23.217508
26600.0 -53.258754
26800.0 -49.339216
27000.0 68.085678
27200.0 33.765475
27400.0 -57.748694
27600.0 -28.778546
27800.0 82.392767
28000.0 9.3140044
28200.0 -91.282552
28400.0 -4.1406333
28600.0 87.659257
28800.0 5.6961917
29000.0 -84.246406
29200.0 28.177666
29400.0 30.705146
29600.0 13.508065
29800.0 -39.929155
30000.0 -8.6800461
30200.0 43.873268
30400.0 -0.76845939
30600.0 -27.754621
30800.0 -5.2911152
31000.0 55.666415
31200.0 -11.040068
31400.0 -72.916659
31600.0 11.661342
31800.0 82.575049
32000.0 -21.89966
32200.0 -60.411006
32400.0 30.010418
32600.0 66.325983
32800.0 -52.294563
33000.0 -116.76177
33200.0 87.200759
33400.0 144.02063
33600.0 -60.838845
33800.0 -116.27553
34000.0 44.842827
34200.0 73.227081
34400.0 -30.828022
34600.0 -47.641122
34800.0 24.038628
35000.0 16.754513
35200.0 -5.4052843
35400.0 20.69146
35600.0 -12.204719
35800.0 -3.9171003
36000.0 22.300709
36200.0 -2.8476939
36400.0 -15.127955
36600.0 11.006949
36800.0 19.950555
37000.0 -42.994272
37200.0 -8.9274295
37400.0 56.286592
37600.0 17.834755
37800.0 -91.384572
38000.0 28.566497
38200.0 86.269477
38400.0 -0.86515477
38600.0 -96.182738
38800.0 -3.5051152
39000.0 62.811516
39200.0 37.166394
39400.0 -51.390692
39600.0 -39.342842
39800.0 57.254588
40000.0 25.729264
40200.0 -41.708166
40400.0 -26.769451
40600.0 46.867164
40800.0 42.170312
41000.0 -60.459842
41200.0 -20.051083
41400.0 61.816491
41600.0 6.2892399
41800.0 -51.913008
42000.0 10.849705
42200.0 44.735976
42400.0 -8.9583847
42600.0 -57.548339
42800.0 10.707554
43000.0 61.023253
43200.0 20.639962
43400.0 -79.66939
43600.0 -23.653812
43800.0 60.349529
44000.0 42.121567
44200.0 -50.284709
44400.0 -54.599439
44600.0 52.159402
44800.0 65.421707
45000.0 -18.477987
45200.0 -93.128475
45400.0 21.030274
45600.0 100.94556
45800.0 -8.9664335
46000.0 -89.447781
46200.0 -8.968207
46400.0 106.81639
46600.0 -6.2067685
46800.0 -80.762801
47000.0 32.435866
47200.0 25.815167
47400.0 -0.61514268
47600.0 -12.704044
47800.0 -6.5120217
48000.0 49.64037
48200.0 -13.483018
48400.0 -28.879468
48600.0 -4.7499395
48800.0 80.384069
49000.0 -44.975281
49200.0 -59.43558
49400.0 43.434471
49600.0 83.603036
49800.0 -81.64019
50000.0 -3.5723557
50200.0 15.683981
50400.0 52.309924
50600.0 -36.935331
50800.0 -46.561805
51000.0 37.441696
51200.0 34.857066
51400.0 -20.020413
51600.0 -8.6940521
51800.0 -13.908884
52000.0 19.125487
52200.0 41.363798
52400.0 -55.536417
52600.0 -44.149216
52800.0 64.333701
53000.0 45.291
53200.0 -50.472415
53400.0 -15.384328
53600.0 42.031127
53800.0 -2.9452593
54000.0 -40.365694
54200.0 -13.81386
54400.0 56.490647
54600.0 46.591686
54800.0 -61.978089
55000.0 -79.675834
55200.0 117.2207
55400.0 61.136468
55600.0 -88.336764
55800.0 -59.945384
56000.0 74.261952
56200.0 47.521513
56400.0 -54.304351
56600.0 -35.629638
56800.0 53.562877
57000.0 36.089707
57200.0 -48.745901
57400.0 -54.51628
57600.0 56.846791
57800.0 34.037183
58000.0 -19.874917
58200.0 -46.420719
58400.0 32.376317
58600.0 55.983417
58800.0 -53.789232
59000.0 -20.861823
59200.0 34.589928
59400.0 30.547649
59600.0 -15.481044
59800.0 -26.192978
60000.0 3.4617227
60200.0 17.681339
60400.0 5.9090348
60600.0 30.096789
60800.0 -42.875235
61000.0 -43.143656
61200.0 55.8004
61400.0 39.894294
61600.0 -55.365591
61800.0 -25.50489
62000.0 34.755978
62200.0 16.521329
62400.0 -15.905005
62600.0 -16.471941
62800.0 -12.872912
63000.0 23.272433
63200.0 -2.9917927
63400.0 6.8309196
63600.0 -12.279076
63800.0 5.7181396
64000.0 7.9274224
64200.0 4.4471862
64400.0 -7.7366921
64600.0 -2.1065985
64800.0 -0.86145668
65000.0 10.368004
65200.0 18.243792
65400.0 -2.5294906
65600.0 -28.78333
65800.0 -3.0808101
66000.0 45.706108
66200.0 -29.215808
66400.0 -22.414083
66600.0 15.880221
66800.0 30.078195
67000.0 -10.310003
67200.0 -43.933361
67400.0 17.908616
67600.0 45.469027
67800.0 -19.574479
68000.0 -61.497031
68200.0 8.7867556
68400.0 61.974732
68600.0 7.1068557
68800.0 -45.839576
69000.0 -18.507929
69200.0 48.534219
69400.0 31.790032
69600.0 -56.21847
69800.0 -29.317448
70000.0 58.170374
70200.0 29.037709
70400.0 -50.778123
70600.0 -35.36601
70800.0 39.415752
71000.0 56.295796
71200.0 -38.098641
71400.0 -67.33653
71600.0 50.921763
71800.0 66.391634
72000.0 -45.722627
72200.0 -47.944228
72400.0 18.66572
72600.0 66.332573
72800.0 -6.9360384
73000.0 -112.97663
73200.0 26.08912
73400.0 137.93722
73600.0 -0.57122445
73800.0 -144.14943
74000.0 13.293493
74200.0 106.35633
74400.0 -0.033521817
74600.0 -80.184737
74800.0 10.399227
75000.0 60.781034
75200.0 -16.686745
75400.0 -41.170043
75600.0 18.152106
75800.0 38.562674
76000.0 5.5858105
76200.0 -48.78761
76400.0 5.3664166
76600.0 26.196445
76800.0 15.11177
77000.0 -23.218586
77200.0 -29.260657
77400.0 42.983944
77600.0 54.289117
77800.0 -72.789587
78000.0 -67.74267
78200.0 97.857026
78400.0 86.557842
78600.0 -90.248839
78800.0 -113.26726
79000.0 76.167393
79200.0 106.34514
79400.0 -51.702802
79600.0 -65.5262
79800.0 42.303114
80000.0 48.310831
80200.0 -21.818084
80400.0 -34.505555
80600.0 0.56010115
80800.0 53.788501
81000.0 -14.466357
81200.0 -42.930066
81400.0 23.881335
81600.0 54.807304
81800.0 -22.279876
82000.0 -53.061084
82200.0 15.869768
82400.0 73.091788
82600.0 -20.62634
82800.0 -64.951655
83000.0 23.482512
83200.0 63.692031
83400.0 -23.844538
83600.0 -63.170236
83800.0 34.38802
84000.0 89.582538
84200.0 -27.212132
84400.0 -108.77199
84600.0 48.761567
84800.0 82.729031
85000.0 -12.42443
85200.0 -87.597995
85400.0 1.8931458
85600.0 81.58765
85800.0 16.461
86000.0 -71.641685
86200.0 -18.118107
86400.0 49.737621
86600.0 29.40013
86800.0 -51.855737
87000.0 -35.031578
87200.0 50.210314
87400.0 14.010238
87600.0 -31.793908
87800.0 -14.742482
88000.0 -7.322774
88200.0 24.098163
88400.0 -10.136015
88600.0 -5.3076783
88800.0 12.261967
89000.0 8.1450622
89200.0 -23.298315
89400.0 21.730038
89600.0 1.2546653
89800.0 12.672682
90000.0 -49.344042
90200.0 19.752959
90400.0 45.496725
90600.0 -14.282235
90800.0 -74.184305
91000.0 48.862137
91200.0 67.669595
91400.0 -44.480547
91600.0 -77.996005
91800.0 67.915136
92000.0 45.99196
92200.0 -43.345134
92400.0 -35.414483
92600.0 45.760542
92800.0 17.492508
93000.0 -29.391417
93200.0 -17.52247
93400.0 23.34655
93600.0 9.1723511
93800.0 -23.476305
94000.0 -0.77118598
94200.0 39.034596
94400.0 -15.580499
94600.0 -24.468419
94800.0 14.738299
95000.0 22.43332
95200.0 -27.456197
95400.0 -9.9115868
95600.0 38.791174
95800.0 5.3249099
96000.0 -15.505194
96200.0 -3.0190564
96400.0 10.51798
96600.0 4.1544497
96800.0 6.9006397
97000.0 -11.940614
97200.0 -7.2865703
97400.0 8.4244258
97600.0 42.808472
97800.0 -21.614179
98000.0 -36.432549
98200.0 3.7328157
98400.0 59.772759
98600.0 -7.6681403
98800.0 -55.820084
99000.0 -3.7317058
99200.0 69.367425
99400.0 -8.3320904
99600.0 -27.636314
99800.0 -21.778917
100000.0 67.410551
