0.0 1.9963842
200.0 1.9838616
400.0 1.9887436
600.0 1.9711023
800.0 1.9738683
1000.0 1.9942334
1200.0 1.9796233
1400.0 1.9769977
1600.0 1.9900334
1800.0 1.9762515
2000.0 1.981225
2200.0 2.0039126
2400.0 1.987485
2600.0 1.9836032
2800.0 1.9904472
3000.0 1.9894411
3200.0 1.9785184
3400.0 1.9764703
3600.0 1.9686878
3800.0 1.9707743
4000.0 1.9607509
4200.0 1.953267
4400.0 1.9670057
4600.0 1.9699764
4800.0 1.9562168
5000.0 1.960803
5200.0 1.9704957
5400.0 1.9649462
5600.0 1.9578705
5800.0 1.9572265
6000.0 1.9567214
6200.0 1.9504806
6400.0 1.9591224
6600.0 1.9586382
6800.0 1.9396682
7000.0 1.9456862
7200.0 1.9503104
7400.0 1.944911
7600.0 1.9561271
7800.0 1.9592741
8000.0 1.9576657
8200.0 1.9619344
8400.0 1.9704777
8600.0 1.9792434
8800.0 2.0004415
9000.0 1.9988062
9200.0 1.99514
9400.0 1.9776786
9600.0 1.9760975
9800.0 1.9895851
10000.0 1.9925246
10200.0 1.9803442
10400.0 1.9773239
10600.0 1.9739632
10800.0 1.9646542
11000.0 1.9525404
11200.0 1.9546694
11400.0 1.9542951
11600.0 1.964166
11800.0 1.9600969
12000.0 1.9555622
12200.0 1.9580052
12400.0 1.9452945
12600.0 1.9548548
12800.0 1.9673311
13000.0 1.9526041
13200.0 1.9664848
13400.0 1.9638485
13600.0 1.9511556
13800.0 1.9607244
14000.0 1.9627567
14200.0 1.9751111
14400.0 1.9592084
14600.0 1.9699471
14800.0 1.990367
15000.0 1.9993341
15200.0 2.0022618
15400.0 1.983518
15600.0 1.9920242
15800.0 2.0059228
16000.0 2.0065223
16200.0 2.0061672
16400.0 2.0068891
16600.0 2.0172501
16800.0 2.0133023
17000.0 1.9967646
17200.0 2.0118519
17400.0 2.0258626
17600.0 2.0312098
17800.0 2.0502818
18000.0 2.0434485
18200.0 2.0201862
18400.0 2.0270024
18600.0 2.0298249
18800.0 2.0131927
19000.0 2.0138208
19200.0 2.0260246
19400.0 1.9976743
19600.0 1.9971027
19800.0 2.0243003
20000.0 2.0248209
20200.0 2.006454
20400.0 1.9928045
20600.0 2.0124265
20800.0 2.007507
21000.0 1.9990836
21200.0 1.9982687
21400.0 1.9782025
21600.0 1.9640706
21800.0 1.96256
22000.0 1.9493966
22200.0 1.9446211
22400.0 1.9644782
22600.0 1.9775247
22800.0 1.9808724
23000.0 1.9614769
23200.0 1.9649554
23400.0 1.9891992
23600.0 1.97534
23800.0 1.9683943
24000.0 1.9817031
24200.0 1.9714303
24400.0 1.96945
24600.0 1.9741353
24800.0 1.9870416
25000.0 1.9703716
25200.0 1.9590541
25400.0 1.9676488
25600.0 1.9736752
25800.0 1.970641
26000.0 1.9805858
26200.0 1.9951064
26400.0 1.9806055
26600.0 1.9893541
26800.0 1.9824305
27000.0 1.9849955
27200.0 1.9760596
27400.0 1.9695111
27600.0 1.9769269
27800.0 1.994386
28000.0 1.9857015
28200.0 1.9706814
28400.0 1.9844942
28600.0 1.9910843
28800.0 1.9896671
29000.0 1.9932197
29200.0 1.9874669
29400.0 2.0008439
29600.0 2.0137894
29800.0 2.0117425
30000.0 1.9958757
30200.0 1.9893236
30400.0 2.0214829
30600.0 2.0139304
30800.0 1.994266
31000.0 2.0120708
31200.0 2.0111334
31400.0 2.0130094
31600.0 2.0315001
31800.0 2.0219576
32000.0 2.0160739
32200.0 2.0185813
32400.0 2.0290796
32600.0 2.0325035
32800.0 2.0216423
33000.0 2.0203242
33200.0 2.0211498
33400.0 2.026175
33600.0 2.0247545
33800.0 2.0256328
34000.0 2.0175016
34200.0 2.0198056
34400.0 2.0215892
34600.0 1.9990388
34800.0 1.9992023
35000.0 2.0022032
35200.0 1.9959555
35400.0 2.0105137
35600.0 2.0046411
35800.0 1.9966133
36000.0 2.0000762
36200.0 2.0072031
36400.0 2.0128939
36600.0 2.0194796
36800.0 2.0313113
37000.0 2.0273211
37200.0 2.0239924
37400.0 2.0415783
37600.0 2.0477007
37800.0 2.0329786
38000.0 2.0272542
38200.0 2.0560008
38400.0 2.039333
38600.0 2.0194835
38800.0 2.0154588
39000.0 2.0164425
39200.0 2.0224222
39400.0 2.0032882
39600.0 1.9986766
39800.0 2.0092482
40000.0 2.0195591
40200.0 2.020219
40400.0 2.0007069
40600.0 1.9900476
40800.0 2.0039989
41000.0 1.9839532
41200.0 1.9783138
41400.0 1.9995586
41600.0 1.9871999
41800.0 1.9736062
42000.0 1.9776949
42200.0 1.9873326
42400.0 1.9886824
42600.0 1.9788974
42800.0 1.9894964
43000.0 1.9844117
43200.0 1.9649278
43400.0 1.9611797
43600.0 1.9653366
43800.0 1.9607976
44000.0 1.9441459
44200.0 1.9547102
44400.0 1.9559959
44600.0 1.941174
44800.0 1.9501171
45000.0 1.958164
45200.0 1.9314003
45400.0 1.9367872
45600.0 1.9542551
45800.0 1.9556111
46000.0 1.9569074
46200.0 1.9393857
46400.0 1.9505462
46600.0 1.9527805
46800.0 1.9467191
47000.0 1.9587918
47200.0 1.9694205
47400.0 1.9662916
47600.0 1.961423
47800.0 1.9782219
48000.0 1.9787352
48200.0 1.9559697
48400.0 1.9652376
48600.0 2.0003514
48800.0 1.9725293
49000.0 1.9661495
49200.0 1.9791154
49400.0 1.9719503
49600.0 1.9769696
49800.0 1.9874363
50000.0 1.9850986
50200.0 1.9771598
50400.0 1.9762625
50600.0 1.9767185
50800.0 1.9699389
51000.0 1.9656313
51200.0 1.9787241
51400.0 1.9995151
51600.0 1.9963583
51800.0 1.9900657
52000.0 2.0038881
52200.0 1.9932888
52400.0 1.9654964
52600.0 1.9836091
52800.0 1.9852663
53000.0 1.9632039
53200.0 1.9696267
53400.0 1.9889446
53600.0 1.9562284
53800.0 1.946001
54000.0 1.9626163
54200.0 1.9678708
54400.0 1.9530656
54600.0 1.9492144
54800.0 1.9649346
55000.0 1.967879
55200.0 1.9763382
55400.0 1.9984813
55600.0 1.9905574
55800.0 1.9900946
56000.0 2.0031261
56200.0 1.9993386
56400.0 1.9915738
56600.0 1.9935014
56800.0 2.0072242
57000.0 2.0080914
57200.0 1.9858351
57400.0 1.97674
57600.0 1.9865442
57800.0 1.9815712
58000.0 1.9884535
58200.0 1.9816404
58400.0 1.9713047
58600.0 1.9766245
58800.0 1.9914283
59000.0 1.9757101
59200.0 1.9885378
59400.0 1.9917699
59600.0 1.9854512
59800.0 1.9915863
60000.0 2.0081362
60200.0 2.0007195
60400.0 2.001902
60600.0 2.035515
60800.0 2.0280403
61000.0 2.0066845
61200.0 2.0233868
61400.0 2.0251413
61600.0 2.0200176
61800.0 2.0036542
62000.0 2.0000269
62200.0 2.0206202
62400.0 2.0035162
62600.0 1.9919998
62800.0 1.9919197
63000.0 1.9861416
63200.0 1.9660743
63400.0 1.9760553
63600.0 1.9769038
63800.0 1.9725383
64000.0 1.9650274
64200.0 1.9570966
64400.0 1.9625332
64600.0 1.981254
64800.0 1.9640991
65000.0 1.9472786
65200.0 1.9635467
65400.0 1.9480584
65600.0 1.9204184
65800.0 1.9463055
66000.0 1.9615199
66200.0 1.9379517
66400.0 1.9375419
66600.0 1.9629588
66800.0 1.9462096
67000.0 1.9455224
67200.0 1.9712921
67400.0 1.9584551
67600.0 1.9515067
67800.0 1.95945
68000.0 1.9551418
68200.0 1.9600577
68400.0 1.954584
68600.0 1.9421022
68800.0 1.9607781
69000.0 1.9494154
69200.0 1.9478301
69400.0 1.9510432
69600.0 1.9366467
69800.0 1.930021
70000.0 1.9208222
70200.0 1.9278557
70400.0 1.9325803
70600.0 1.9297457
70800.0 1.9544548
71000.0 1.9484855
71200.0 1.9518485
71400.0 1.9655302
71600.0 1.9526891
71800.0 1.9472558
72000.0 1.965022
72200.0 1.9531064
72400.0 1.9498645
72600.0 1.9530508
72800.0 1.9517317
73000.0 1.9582942
73200.0 1.947912
73400.0 1.9285767
73600.0 1.9414333
73800.0 1.9261346
74000.0 1.9262554
74200.0 1.9372725
74400.0 1.9257831
74600.0 1.9302637
74800.0 1.9323965
75000.0 1.9272236
75200.0 1.9161363
75400.0 1.9249057
75600.0 1.911884
75800.0 1.9056868
76000.0 1.9187196
76200.0 1.9241873
76400.0 1.9196483
76600.0 1.9270374
76800.0 1.9361006
77000.0 1.9338012
77200.0 1.943544
77400.0 1.9674371
77600.0 1.9436064
77800.0 1.9405326
78000.0 1.9615123
78200.0 1.9571665
78400.0 1.9495946
78600.0 1.9560872
78800.0 1.9623904
79000.0 1.9569237
79200.0 1.9610526
79400.0 1.9614105
79600.0 1.9384504
79800.0 1.9385564
80000.0 1.942253
80200.0 1.945486
80400.0 1.924031
80600.0 1.9267557
80800.0 1.935321
81000.0 1.9423067
81200.0 1.945614
81400.0 1.9483145
81600.0 1.965037
81800.0 1.9582887
82000.0 1.9565143
82200.0 1.9784143
82400.0 1.9723031
82600.0 1.9641967
82800.0 1.9669278
83000.0 1.9637228
83200.0 1.9578086
83400.0 1.9303685
83600.0 1.931281
83800.0 1.9324356
84000.0 1.9193208
84200.0 1.9187397
84400.0 1.9266612
84600.0 1.9323243
84800.0 1.9261805
85000.0 1.9456831
85200.0 1.9485936
85400.0 1.9489598
85600.0 1.9898504
85800.0 1.9851603
86000.0 1.9662941
86200.0 1.9814668
86400.0 1.9999224
86600.0 1.9919081
86800.0 1.9778082
87000.0 2.0026362
87200.0 2.0098457
87400.0 1.9911932
87600.0 1.9990865
87800.0 1.9907808
88000.0 1.9988688
88200.0 1.9963284
88400.0 1.9894361
88600.0 1.9989684
88800.0 2.0036832
89000.0 1.9977909
89200.0 1.9893701
89400.0 1.9702554
89600.0 1.9585506
89800.0 1.9772802
90000.0 1.9744561
90200.0 1.9652445
90400.0 1.9757731
90600.0 1.9891074
90800.0 1.974735
91000.0 1.9757831
91200.0 1.9890999
91400.0 2.0011351
91600.0 1.9831345
91800.0 1.9756652
92000.0 1.9749739
92200.0 1.9882179
92400.0 1.9966104
92600.0 1.9891736
92800.0 1.9738133
93000.0 1.9840766
93200.0 1.9828273
93400.0 1.9965613
93600.0 1.9853374
93800.0 1.9580414
94000.0 1.9844064
94200.0 1.9998367
94400.0 1.9723057
94600.0 1.9644277
94800.0 1.97284
95000.0 1.9617838
95200.0 1.9710403
95400.0 1.9755977
95600.0 1.9561045
95800.0 1.9509276
96000.0 1.9529538
96200.0 1.9518658
96400.0 1.9494173
96600.0 1.9456315
96800.0 1.9437272
97000.0 1.9735599
97200.0 1.9844638
97400.0 1.9725429
97600.0 1.9878374
97800.0 1.9951873
98000.0 1.993536
98200.0 1.9773191
98400.0 1.9849805
98600.0 1.9809934
98800.0 1.9870376
99000.0 1.9863527
99200.0 1.9784126
99400.0 1.9838029
99600.0 1.9599533
99800.0 1.9733887
100000.0 1.9975538
