0.0 -0.44332881
200.0 -8.7259404
400.0 59.307605
600.0 -67.115979
800.0 5.6332611
1000.0 10.697939
1200.0 24.437382
1400.0 -9.0070707
1600.0 -55.903976
1800.0 56.419833
2000.0 14.889062
2200.0 -59.069533
2400.0 43.958181
2600.0 -2.4462264
2800.0 11.001494
3000.0 -12.422422
3200.0 2.5709421
3400.0 19.917339
3600.0 -53.54501
3800.0 51.472669
4000.0 13.68236
4200.0 -65.540507
4400.0 18.926092
4600.0 27.341662
4800.0 -7.9154618
5000.0 -1.4983744
5200.0 -13.324973
5400.0 1.322134
5600.0 -23.040823
5800.0 -10.457816
6000.0 31.935111
6200.0 -20.301445
6400.0 18.198194
6600.0 11.24207
6800.0 -28.358611
7000.0 5.5687409
7200.0 36.934114
7400.0 -30.588069
7600.0 18.512774
7800.0 24.121474
8000.0 -13.326738
8200.0 -52.956133
8400.0 32.203155
8600.0 33.456433
8800.0 -56.598448
9000.0 27.171188
9200.0 12.173742
9400.0 -22.372218
9600.0 25.412458
9800.0 -9.2982205
10000.0 28.08346
10200.0 -28.291192
10400.0 -22.28665
10600.0 22.134741
10800.0 23.57526
11000.0 -20.072756
11200.0 -42.598035
11400.0 51.742688
11600.0 24.038404
11800.0 -33.007514
12000.0 -9.0050065
12200.0 10.986547
12400.0 36.741015
12600.0 -36.089322
12800.0 13.380403
13000.0 -1.8925674
13200.0 -18.533895
13400.0 44.110762
13600.0 53.361165
13800.0 -78.633437
14000.0 45.918528
14200.0 -36.456604
14400.0 27.368535
14600.0 35.09201
14800.0 -32.752158
15000.0 -20.480855
15200.0 56.535012
15400.0 -22.600078
15600.0 7.7356132
15800.0 -44.167527
16000.0 34.785742
16200.0 9.2324877
16400.0 -24.475459
16600.0 -0.56765711
16800.0 16.985044
17000.0 21.590634
17200.0 -29.85313
17400.0 33.859302
17600.0 -7.9942338
17800.0 -22.608992
18000.0 -8.5997838
18200.0 20.7293
18400.0 31.841548
18600.0 -64.709364
18800.0 12.227026
19000.0 37.325877
19200.0 -32.512365
19400.0 -12.960484
19600.0 44.111209
19800.0 -54.045135
20000.0 28.357148
20200.0 -3.1512896
20400.0 10.554236
20600.0 -15.935585
20800.0 14.595934
21000.0 29.621428
21200.0 -27.552611
21400.0 -35.739234
21600.0 29.227807
21800.0 25.644225
22000.0 6.9657759
22200.0 -43.638672
22400.0 -8.4082023
22600.0 48.625744
22800.0 -22.580255
23000.0 -19.358017
23200.0 28.553055
23400.0 -41.173272
23600.0 27.665992
23800.0 24.216168
24000.0 -59.980739
24200.0 -13.160291
24400.0 46.446662
24600.0 12.814672
24800.0 -63.599079
25000.0 18.644591
25200.0 14.0121
25400.0 6.579124
25600.0 0.22625008
25800.0 2.8518031
26000.0 15.211508
26200.0 -12.558843
26400.0 30.344775
26600.0 -14.042225
26800.0 30.094397
27000.0 -38.59057
27200.0 16.007451
27400.0 12.597301
27600.0 -17.892133
27800.0 -16.256109
28000.0 16.524369
28200.0 20.107129
28400.0 -16.229307
28600.0 -28.254939
28800.0 24.720445
29000.0 37.504557
29200.0 -53.184003
29400.0 -8.3317805
29600.0 59.110717
29800.0 10.563186
30000.0 -25.572185
30200.0 -54.318011
30400.0 40.541666
30600.0 66.903115
30800.0 -30.334951
31000.0 -9.2249985
31200.0 9.5822421
31400.0 -6.2455114
31600.0 41.032296
31800.0 -14.42582
32000.0 31.917884
32200.0 -14.301595
32400.0 18.980889
32600.0 -0.43313188
32800.0 5.4204037
33000.0 -3.9710402
33200.0 18.756991
33400.0 -17.423041
33600.0 -2.5276494
33800.0 45.567102
34000.0 -48.331504
34200.0 -21.134775
34400.0 76.839245
34600.0 -2.7496002
34800.0 -16.432465
35000.0 -37.440418
35200.0 0.89838436
35400.0 22.710275
35600.0 11.584642
35800.0 -4.9943223
36000.0 -2.0320501
36200.0 -2.1694212
36400.0 1.06006
36600.0 27.981405
36800.0 -25.030092
37000.0 26.50447
37200.0 -0.43346017
37400.0 -36.384991
37600.0 19.730425
37800.0 6.4625494
38000.0 46.088432
38200.0 -39.849936
38400.0 -79.646479
38600.0 113.37373
38800.0 -13.873861
39000.0 23.256814
39200.0 -66.830277
39400.0 4.2950063
39600.0 14.620284
39800.0 16.096863
40000.0 8.4393845
40200.0 -50.099368
40400.0 31.026804
40600.0 17.07708
40800.0 -47.410795
41000.0 28.770191
41200.0 10.009784
41400.0 -64.930801
41600.0 38.48588
41800.0 15.013431
42000.0 -35.858134
42200.0 38.179399
42400.0 4.5939871
42600.0 0.9628667
42800.0 -47.780116
43000.0 37.063291
43200.0 45.514904
43400.0 -55.358555
43600.0 -36.015553
43800.0 84.704104
44000.0 -7.8937292
44200.0 -35.729381
44400.0 10.243649
44600.0 18.756972
44800.0 -4.3673569
45000.0 14.766979
45200.0 -39.988969
45400.0 10.881262
45600.0 -8.3721556
45800.0 53.878034
46000.0 -25.811583
46200.0 -25.550674
46400.0 41.621324
46600.0 -62.595097
46800.0 50.100195
47000.0 29.098274
47200.0 -21.158733
47400.0 -16.035047
47600.0 28.837185
47800.0 -8.1268003
48000.0 -6.3022013
48200.0 -4.3229974
48400.0 51.241799
48600.0 -21.182668
48800.0 -63.157296
49000.0 2.6115904
49200.0 49.553317
49400.0 -26.055997
49600.0 10.744658
49800.0 10.517157
50000.0 -20.571037
50200.0 -23.362225
50400.0 45.613996
50600.0 -44.294619
50800.0 -10.217856
51000.0 -14.97499
51200.0 53.681722
51400.0 -11.292913
51600.0 -21.84307
51800.0 16.734903
52000.0 -9.4583326
52200.0 -5.8396537
52400.0 26.264304
52600.0 22.556194
52800.0 -41.204931
53000.0 -20.614547
53200.0 51.485568
53400.0 6.0207009
53600.0 -41.725988
53800.0 33.272844
54000.0 -20.612384
54200.0 -2.1435994
54400.0 20.477291
54600.0 10.263309
54800.0 -12.621979
55000.0 -2.1014158
55200.0 3.0541476
55400.0 59.508095
55600.0 -6.5654392
55800.0 -31.881961
56000.0 12.317539
56200.0 16.872019
56400.0 38.445552
56600.0 -49.113091
56800.0 -37.022848
57000.0 101.49234
57200.0 -27.004228
57400.0 -42.552336
57600.0 5.5375769
57800.0 43.79101
58000.0 -27.551201
58200.0 38.701202
58400.0 -53.590886
58600.0 -38.863658
58800.0 70.430035
59000.0 29.450295
59200.0 -34.871477
59400.0 -23.141602
59600.0 -15.283882
59800.0 37.9066
60000.0 10.96583
60200.0 -36.460951
60400.0 -0.04435937
60600.0 42.200804
60800.0 5.2273235
61000.0 -28.643273
61200.0 -13.546289
61400.0 57.555492
61600.0 -26.58634
61800.0 -25.764817
62000.0 47.723805
62200.0 8.9691927
62400.0 -47.35253
62600.0 56.590072
62800.0 5.4066529
63000.0 -57.489148
63200.0 -16.446275
63400.0 67.097724
63600.0 -8.9046275
63800.0 -37.570824
64000.0 15.146139
64200.0 12.752358
64400.0 19.801191
64600.0 -47.607867
64800.0 14.300649
65000.0 61.996607
65200.0 -21.001557
65400.0 -46.086054
65600.0 49.228913
65800.0 3.668539
66000.0 -13.895425
66200.0 -7.51874
66400.0 32.721661
66600.0 9.649173
66800.0 -32.163681
67000.0 -18.825085
67200.0 19.696852
67400.0 10.769567
67600.0 -1.9623308
67800.0 -9.1732913
68000.0 4.0459825
68200.0 13.565556
68400.0 -8.5631771
68600.0 -7.3853819
68800.0 -24.485256
69000.0 -2.8237303
69200.0 16.544592
69400.0 21.71508
69600.0 20.973396
69800.0 -64.136427
70000.0 29.137591
70200.0 26.409813
70400.0 8.5924736
70600.0 -47.68952
70800.0 1.0753883
71000.0 80.04213
71200.0 -26.696605
71400.0 -64.798119
71600.0 25.247046
71800.0 54.702792
72000.0 -11.171083
72200.0 -39.477108
72400.0 14.056402
72600.0 -2.7307307
72800.0 -12.147134
73000.0 -19.092951
73200.0 76.787224
73400.0 -6.0131821
73600.0 -3.1838318
73800.0 2.0793282
74000.0 -8.2129202
74200.0 26.244972
74400.0 1.7408914
74600.0 -17.046596
74800.0 -20.297904
75000.0 -8.595233
75200.0 38.349693
75400.0 22.588953
75600.0 -34.948514
75800.0 -9.3038372
76000.0 29.226472
76200.0 6.9350933
76400.0 -38.108135
76600.0 6.5798304
76800.0 0.72423396
77000.0 34.156115
77200.0 16.165985
77400.0 -12.997004
77600.0 -42.95807
77800.0 83.328733
78000.0 5.9898271
78200.0 20.021354
78400.0 -46.018264
78600.0 9.4621795
78800.0 2.1629401
79000.0 -14.84531
79200.0 22.0775
79400.0 22.392543
79600.0 -31.567601
79800.0 -11.338137
80000.0 53.553672
80200.0 -51.402398
80400.0 6.1714014
80600.0 42.045051
80800.0 8.0511023
81000.0 -48.19569
81200.0 52.753258
81400.0 -7.5222208
81600.0 -38.634121
81800.0 45.18221
82000.0 -14.797715
82200.0 -19.181762
82400.0 -8.2400309
82600.0 51.546899
82800.0 -13.727777
83000.0 -72.158875
83200.0 38.382428
83400.0 42.948838
83600.0 -36.116533
83800.0 12.434571
84000.0 -1.3831211
84200.0 11.279439
84400.0 -16.516357
84600.0 1.8364676
84800.0 -15.167233
85000.0 -7.7941256
85200.0 57.455394
85400.0 -37.096511
85600.0 -5.0244738
85800.0 -23.057677
86000.0 44.412706
86200.0 6.1170555
86400.0 -43.049646
86600.0 5.3803966
86800.0 53.484944
87000.0 -42.806877
87200.0 -10.653328
87400.0 31.21646
87600.0 -41.559141
87800.0 69.745639
88000.0 -60.618683
88200.0 14.971244
88400.0 0.4826658
88600.0 9.1973837
88800.0 -6.8066226
89000.0 15.617412
89200.0 36.741079
89400.0 -57.113773
89600.0 11.59198
89800.0 11.467777
90000.0 -2.2772721
90200.0 27.577361
90400.0 -25.12246
90600.0 24.826111
90800.0 -31.742307
91000.0 32.512418
91200.0 3.8859372
91400.0 -39.807591
91600.0 -5.5397002
91800.0 62.258676
92000.0 -31.272467
92200.0 -11.477608
92400.0 8.7217263
92600.0 -3.9844081
92800.0 60.873066
93000.0 -9.5796701
93200.0 -51.812792
93400.0 32.142697
93600.0 0.45770084
93800.0 18.600023
94000.0 -4.4668941
94200.0 -5.9938836
94400.0 17.150041
94600.0 -29.778918
94800.0 -20.420472
95000.0 44.65932
95200.0 33.147044
95400.0 -47.697171
95600.0 -15.95026
95800.0 13.791548
96000.0 62.020694
96200.0 -73.747837
96400.0 -2.4434635
96600.0 42.203171
96800.0 -20.991256
97000.0 -27.360053
97200.0 32.088137
97400.0 -3.5245959
97600.0 -6.771197
97800.0 6.017215
98000.0 7.2855173
98200.0 -27.634342
98400.0 33.004
98600.0 -24.726522
98800.0 18.86666
99000.0 -2.1326119
99200.0 -34.251394
99400.0 29.891487
99600.0 19.084275
99800.0 -66.85986
100000.0 32.899654
