0.0 52.224679
200.0 52.195268
400.0 52.118575
600.0 52.090273
800.0 52.262383
1000.0 52.171002
1200.0 52.020434
1400.0 52.156825
1600.0 52.285032
1800.0 52.156945
2000.0 52.248732
2200.0 52.478502
2400.0 52.329766
2600.0 52.180129
2800.0 52.359
3000.0 52.406924
3200.0 52.267971
3400.0 52.283785
3600.0 52.320914
3800.0 52.064571
4000.0 52.052371
4200.0 52.160296
4400.0 52.079333
4600.0 51.967192
4800.0 52.094098
5000.0 52.042577
5200.0 52.061348
5400.0 52.261571
5600.0 52.228794
5800.0 52.273481
6000.0 52.336273
6200.0 52.304267
6400.0 52.350129
6600.0 52.263864
6800.0 52.177153
7000.0 52.309466
7200.0 52.314195
7400.0 52.218403
7600.0 52.204365
7800.0 52.18787
8000.0 52.189546
8200.0 52.111665
8400.0 52.171289
8600.0 52.153387
8800.0 52.020582
9000.0 52.017284
9200.0 52.008072
9400.0 52.088538
9600.0 52.067533
9800.0 52.096286
10000.0 52.094178
10200.0 52.139746
10400.0 52.124919
10600.0 52.199806
10800.0 52.104448
11000.0 52.117713
11200.0 52.395227
11400.0 52.199476
11600.0 52.240716
11800.0 52.386526
12000.0 52.356204
12200.0 52.462293
12400.0 52.481874
12600.0 52.424859
12800.0 52.554677
13000.0 52.495709
13200.0 52.484891
13400.0 52.473504
13600.0 52.533947
13800.0 52.529647
14000.0 52.267716
14200.0 52.357703
14400.0 52.514594
14600.0 52.326063
14800.0 52.153144
15000.0 52.206117
15200.0 52.126182
15400.0 52.110269
15600.0 52.133835
15800.0 52.137253
16000.0 52.106199
16200.0 52.068459
16400.0 52.007482
16600.0 52.157867
16800.0 52.242062
17000.0 52.115165
17200.0 52.230261
17400.0 52.250693
17600.0 52.124935
17800.0 52.219713
18000.0 52.23524
18200.0 52.095163
18400.0 52.12217
18600.0 52.08976
18800.0 52.171585
19000.0 52.242565
19200.0 52.135378
19400.0 51.983391
19600.0 52.08345
19800.0 52.196251
20000.0 52.197088
20200.0 52.11781
20400.0 52.15021
20600.0 52.18869
20800.0 52.331783
21000.0 52.343235
21200.0 52.325008
21400.0 52.261317
21600.0 52.347371
21800.0 52.542764
22000.0 52.429272
22200.0 52.409797
22400.0 52.40232
22600.0 52.522647
22800.0 52.544763
23000.0 52.29373
23200.0 52.288726
23400.0 52.497658
23600.0 52.434821
23800.0 52.263077
24000.0 52.345981
24200.0 52.299544
24400.0 52.133795
24600.0 52.366859
24800.0 52.386644
25000.0 52.186262
25200.0 52.137798
25400.0 52.279455
25600.0 52.350201
25800.0 52.228521
26000.0 52.121637
26200.0 52.253096
26400.0 52.19482
26600.0 52.014134
26800.0 52.07946
27000.0 52.181065
27200.0 52.096701
27400.0 52.083445
27600.0 52.260468
27800.0 52.331275
28000.0 52.292702
28200.0 52.434094
28400.0 52.356805
28600.0 52.365429
28800.0 52.480419
29000.0 52.32991
29200.0 52.387115
29400.0 52.537361
29600.0 52.379936
29800.0 52.329412
30000.0 52.341623
30200.0 52.276517
30400.0 52.237922
30600.0 52.160379
30800.0 52.230983
31000.0 52.266133
31200.0 52.238756
31400.0 52.077842
31600.0 52.096873
31800.0 52.178743
32000.0 52.25005
32200.0 52.288465
32400.0 52.173935
32600.0 52.0761
32800.0 52.078037
33000.0 52.104536
33200.0 52.053317
33400.0 51.958133
33600.0 52.086341
33800.0 51.961741
34000.0 51.920262
34200.0 52.057838
34400.0 52.040569
34600.0 52.102965
34800.0 52.231152
35000.0 52.350346
35200.0 52.26661
35400.0 52.274515
35600.0 52.451853
35800.0 52.245765
36000.0 52.298573
36200.0 52.392375
36400.0 52.233391
36600.0 52.160675
36800.0 52.355697
37000.0 52.295329
37200.0 52.11289
37400.0 52.187085
37600.0 52.214452
37800.0 52.118282
38000.0 52.16796
38200.0 52.203426
38400.0 52.164961
38600.0 52.25894
38800.0 52.190459
39000.0 52.183255
39200.0 52.210921
39400.0 52.179345
39600.0 52.411371
39800.0 52.232793
40000.0 52.178159
40200.0 52.283707
40400.0 52.33708
40600.0 52.413839
40800.0 52.396235
41000.0 52.458416
41200.0 52.562417
41400.0 52.577735
41600.0 52.360035
41800.0 52.51795
42000.0 52.625733
42200.0 52.354111
42400.0 52.350617
42600.0 52.484468
42800.0 52.307896
43000.0 52.254002
43200.0 52.360003
43400.0 52.378529
43600.0 52.366428
43800.0 52.371764
44000.0 52.479882
44200.0 52.482143
44400.0 52.396157
44600.0 52.35659
44800.0 52.466461
45000.0 52.553821
45200.0 52.513803
45400.0 52.569868
45600.0 52.574673
45800.0 52.314655
46000.0 52.431597
46200.0 52.69614
46400.0 52.515804
46600.0 52.43168
46800.0 52.418552
47000.0 52.244509
47200.0 52.223863
47400.0 52.351737
47600.0 52.26252
47800.0 52.262582
48000.0 52.231429
48200.0 52.339508
48400.0 52.308558
48600.0 52.229556
48800.0 52.33312
49000.0 52.355744
49200.0 52.375542
49400.0 52.249495
49600.0 52.162388
49800.0 52.147597
50000.0 52.140364
50200.0 52.263232
50400.0 52.30369
50600.0 52.202501
50800.0 52.214909
51000.0 52.370594
51200.0 52.336255
51400.0 52.268829
51600.0 52.475491
51800.0 52.472914
52000.0 52.478164
52200.0 52.526744
52400.0 52.557267
52600.0 52.603234
52800.0 52.547363
53000.0 52.459439
53200.0 52.50725
53400.0 52.553585
53600.0 52.680758
53800.0 52.501534
54000.0 52.489756
54200.0 52.641081
54400.0 52.402042
54600.0 52.328295
54800.0 52.453734
55000.0 52.508552
55200.0 52.613891
55400.0 52.504801
55600.0 52.489745
55800.0 52.558806
56000.0 52.464667
56200.0 52.539017
56400.0 52.516315
56600.0 52.401545
56800.0 52.556675
57000.0 52.459378
57200.0 52.302336
57400.0 52.457492
57600.0 52.438126
57800.0 52.350879
58000.0 52.399849
58200.0 52.469196
58400.0 52.434717
58600.0 52.468195
58800.0 52.509863
59000.0 52.323707
59200.0 52.474572
59400.0 52.467332
59600.0 52.320118
59800.0 52.314421
60000.0 52.345382
60200.0 52.150538
60400.0 52.145009
60600.0 52.336815
60800.0 52.415126
61000.0 52.300418
61200.0 52.335418
61400.0 52.449382
61600.0 52.367407
61800.0 52.432128
62000.0 52.510017
62200.0 52.445216
62400.0 52.452852
62600.0 52.565843
62800.0 52.671242
63000.0 52.61761
63200.0 52.430608
63400.0 52.612848
63600.0 52.890669
63800.0 52.625154
64000.0 52.681354
64200.0 52.811744
64400.0 52.566842
64600.0 52.551908
64800.0 52.711636
65000.0 52.547878
65200.0 52.493319
65400.0 52.567941
65600.0 52.450626
65800.0 52.343775
66000.0 52.381658
66200.0 52.522548
66400.0 52.420962
66600.0 52.369193
66800.0 52.406759
67000.0 52.465745
67200.0 52.524673
67400.0 52.447453
67600.0 52.33071
67800.0 52.362206
68000.0 52.483029
68200.0 52.366993
68400.0 52.251621
68600.0 52.382009
68800.0 52.414346
69000.0 52.255535
69200.0 52.302874
69400.0 52.43165
69600.0 52.338853
69800.0 52.205236
70000.0 52.425176
70200.0 52.482985
70400.0 52.511396
70600.0 52.46622
70800.0 52.364588
71000.0 52.400181
71200.0 52.607264
71400.0 52.527665
71600.0 52.411317
71800.0 52.54785
72000.0 52.345293
72200.0 52.389466
72400.0 52.379353
72600.0 52.141669
72800.0 52.312061
73000.0 52.35259
73200.0 52.079398
73400.0 52.206356
73600.0 52.179229
73800.0 52.298516
74000.0 52.269893
74200.0 52.260662
74400.0 52.341632
74600.0 52.418627
74800.0 52.480094
75000.0 52.337862
75200.0 52.252002
75400.0 52.303429
75600.0 52.323142
75800.0 52.428895
76000.0 52.393021
76200.0 52.447633
76400.0 52.394096
76600.0 52.303785
76800.0 52.374973
77000.0 52.542611
77200.0 52.484471
77400.0 52.546606
77600.0 52.580093
77800.0 52.697158
78000.0 52.753105
78200.0 52.728141
78400.0 52.632159
78600.0 52.766924
78800.0 52.895303
79000.0 52.716981
79200.0 52.54009
79400.0 52.660488
79600.0 52.646325
79800.0 52.5926
80000.0 52.734631
80200.0 52.608274
80400.0 52.352077
80600.0 52.515253
80800.0 52.573456
81000.0 52.36267
81200.0 52.438809
81400.0 52.567782
81600.0 52.534748
81800.0 52.433449
82000.0 52.610456
82200.0 52.65831
82400.0 52.561872
82600.0 52.578631
82800.0 52.642531
83000.0 52.683254
83200.0 52.584632
83400.0 52.519237
83600.0 52.432116
83800.0 52.52395
84000.0 52.599286
84200.0 52.480044
84400.0 52.442834
84600.0 52.532483
84800.0 52.595569
85000.0 52.572292
85200.0 52.451504
85400.0 52.459471
85600.0 52.580912
85800.0 52.63503
86000.0 52.503314
86200.0 52.560009
86400.0 52.406008
86600.0 52.275616
86800.0 52.457711
87000.0 52.350271
87200.0 52.223109
87400.0 52.265537
87600.0 52.375308
87800.0 52.435367
88000.0 52.265629
88200.0 52.467396
88400.0 52.568077
88600.0 52.578783
88800.0 52.582045
89000.0 52.547186
89200.0 52.56027
89400.0 52.500036
89600.0 52.344326
89800.0 52.427663
90000.0 52.427178
90200.0 52.229329
90400.0 52.178535
90600.0 52.335284
90800.0 52.206692
91000.0 52.165848
91200.0 52.267069
91400.0 52.187506
91600.0 52.165551
91800.0 52.150401
92000.0 52.10533
92200.0 52.015372
92400.0 52.207136
92600.0 52.307665
92800.0 52.16608
93000.0 52.186528
93200.0 52.242506
93400.0 52.221594
93600.0 52.357706
93800.0 52.359054
94000.0 52.287823
94200.0 52.229155
94400.0 52.418486
94600.0 52.3143
94800.0 52.362915
95000.0 52.553013
95200.0 52.417483
95400.0 52.440423
95600.0 52.622156
95800.0 52.486064
96000.0 52.163408
96200.0 52.339076
96400.0 52.450498
96600.0 52.337622
96800.0 52.382439
97000.0 52.478099
97200.0 52.389392
97400.0 52.393438
97600.0 52.388671
97800.0 52.358098
98000.0 52.404988
98200.0 52.388172
98400.0 52.422527
98600.0 52.474309
98800.0 52.454467
99000.0 52.416638
99200.0 52.27137
99400.0 52.311895
99600.0 52.54331
99800.0 52.493401
100000.0 52.260771
