0.0 -4876.7157
200.0 -4876.1938
400.0 -4869.8638
600.0 -4860.6977
800.0 -4856.2824
1000.0 -4853.9177
1200.0 -4851.3819
1400.0 -4848.2512
1600.0 -4847.3293
1800.0 -4847.9687
2000.0 -4849.3095
2200.0 -4851.3599
2400.0 -4855.701
2600.0 -4861.4806
2800.0 -4865.2514
3000.0 -4866.0969
3200.0 -4866.075
3400.0 -4865.3929
3600.0 -4863.2165
3800.0 -4858.6461
4000.0 -4850.8913
4200.0 -4846.2072
4400.0 -4845.4982
4600.0 -4845.1889
4800.0 -4845.5097
5000.0 -4847.4734
5200.0 -4851.3893
5400.0 -4855.8461
5600.0 -4860.1259
5800.0 -4861.7873
6000.0 -4862.4668
6200.0 -4862.7765
6400.0 -4861.4489
6600.0 -4856.7092
6800.0 -4849.9296
7000.0 -4845.4324
7200.0 -4843.481
7400.0 -4842.6492
7600.0 -4844.1918
7800.0 -4847.2886
8000.0 -4850.744
8200.0 -4853.5997
8400.0 -4854.5264
8600.0 -4856.8379
8800.0 -4859.4624
9000.0 -4860.3303
9200.0 -4860.3289
9400.0 -4860.1273
9600.0 -4858.6444
9800.0 -4855.2995
10000.0 -4850.6167
10200.0 -4845.9798
10400.0 -4842.357
10600.0 -4841.338
10800.0 -4841.5535
11000.0 -4842.9328
11200.0 -4848.8624
11400.0 -4855.2909
11600.0 -4857.9971
11800.0 -4859.9822
12000.0 -4860.7416
12200.0 -4860.0256
12400.0 -4859.4367
12600.0 -4858.1645
12800.0 -4855.1127
13000.0 -4850.458
13200.0 -4845.1832
13400.0 -4841.5569
13600.0 -4839.2653
13800.0 -4837.8964
14000.0 -4839.2912
14200.0 -4845.1849
14400.0 -4852.3398
14600.0 -4858.3066
14800.0 -4861.8546
15000.0 -4862.8312
15200.0 -4861.9081
15400.0 -4861.6281
15600.0 -4862.4196
15800.0 -4860.8672
16000.0 -4856.1328
16200.0 -4850.9362
16400.0 -4846.4175
16600.0 -4843.6703
16800.0 -4842.6126
17000.0 -4844.1002
17200.0 -4846.5267
17400.0 -4849.0363
17600.0 -4852.2121
17800.0 -4853.8511
18000.0 -4854.0086
18200.0 -4855.4077
18400.0 -4857.4746
18600.0 -4858.2215
18800.0 -4856.9817
19000.0 -4855.1961
19200.0 -4853.8824
19400.0 -4852.2012
19600.0 -4850.0229
19800.0 -4845.1339
20000.0 -4840.6515
20200.0 -4838.6244
20400.0 -4838.3319
20600.0 -4838.9893
20800.0 -4844.0122
21000.0 -4850.9288
21200.0 -4856.4171
21400.0 -4858.7637
21600.0 -4859.0306
21800.0 -4859.0998
22000.0 -4859.2353
22200.0 -4858.4311
22400.0 -4856.9035
22600.0 -4854.8611
22800.0 -4852.4382
23000.0 -4848.4071
23200.0 -4843.151
23400.0 -4838.8526
23600.0 -4837.6577
23800.0 -4839.6699
24000.0 -4844.3657
24200.0 -4850.6662
24400.0 -4857.0013
24600.0 -4860.2711
24800.0 -4860.2646
25000.0 -4859.6016
25200.0 -4858.6794
25400.0 -4856.8771
25600.0 -4854.0798
25800.0 -4851.3352
26000.0 -4848.9298
26200.0 -4847.2227
26400.0 -4845.5838
26600.0 -4843.2194
26800.0 -4841.4435
27000.0 -4841.7455
27200.0 -4843.6874
27400.0 -4847.9627
27600.0 -4853.6092
27800.0 -4858.1488
28000.0 -4860.4635
28200.0 -4862.0137
28400.0 -4864.4042
28600.0 -4865.4441
28800.0 -4862.9391
29000.0 -4859.7954
29200.0 -4854.884
29400.0 -4847.1748
29600.0 -4843.0708
29800.0 -4842.7682
30000.0 -4843.3516
30200.0 -4844.7656
30400.0 -4847.4094
30600.0 -4851.7116
30800.0 -4857.0285
31000.0 -4860.3314
31200.0 -4860.4424
31400.0 -4859.4694
31600.0 -4858.4847
31800.0 -4858.0234
32000.0 -4857.5109
32200.0 -4855.8636
32400.0 -4851.8201
32600.0 -4845.8595
32800.0 -4839.2762
33000.0 -4833.9532
33200.0 -4833.0491
33400.0 -4834.7501
33600.0 -4840.7469
33800.0 -4846.8027
34000.0 -4850.3355
34200.0 -4851.435
34400.0 -4852.5253
34600.0 -4855.7304
34800.0 -4860.0099
35000.0 -4862.7348
35200.0 -4863.4901
35400.0 -4863.1616
35600.0 -4861.0088
35800.0 -4856.8083
36000.0 -4848.7282
36200.0 -4841.9185
36400.0 -4840.8532
36600.0 -4842.357
36800.0 -4845.1669
37000.0 -4848.3565
37200.0 -4851.2535
37400.0 -4854.0737
37600.0 -4857.4318
37800.0 -4860.3064
38000.0 -4863.1591
38200.0 -4864.6859
38400.0 -4863.6008
38600.0 -4860.985
38800.0 -4858.5357
39000.0 -4857.8947
39200.0 -4857.8129
39400.0 -4856.7315
39600.0 -4854.8351
39800.0 -4854.0649
40000.0 -4854.2602
40200.0 -4853.5841
40400.0 -4851.1275
40600.0 -4850.7104
40800.0 -4852.5123
41000.0 -4854.1448
41200.0 -4856.1252
41400.0 -4859.3164
41600.0 -4862.9202
41800.0 -4865.5742
42000.0 -4865.0425
42200.0 -4862.7693
42400.0 -4860.8465
42600.0 -4857.0475
42800.0 -4850.6754
43000.0 -4846.1934
43200.0 -4842.9782
43400.0 -4842.126
43600.0 -4845.1111
43800.0 -4847.5955
44000.0 -4849.2325
44200.0 -4851.9892
44400.0 -4854.701
44600.0 -4855.4569
44800.0 -4855.9379
45000.0 -4856.7817
45200.0 -4857.3869
45400.0 -4857.6784
45600.0 -4857.0794
45800.0 -4856.1736
46000.0 -4854.7973
46200.0 -4853.0498
46400.0 -4848.3347
46600.0 -4841.8481
46800.0 -4838.8239
47000.0 -4839.7842
47200.0 -4842.1902
47400.0 -4845.9889
47600.0 -4850.5107
47800.0 -4856.7943
48000.0 -4863.3171
48200.0 -4866.241
48400.0 -4865.034
48600.0 -4862.373
48800.0 -4860.4849
49000.0 -4858.1956
49200.0 -4855.6047
49400.0 -4853.212
49600.0 -4851.1816
49800.0 -4847.6851
50000.0 -4842.5027
50200.0 -4839.3781
50400.0 -4835.9081
50600.0 -4832.1135
50800.0 -4831.2886
51000.0 -4834.7702
51200.0 -4841.6863
51400.0 -4848.057
51600.0 -4853.7801
51800.0 -4858.3595
52000.0 -4860.3931
52200.0 -4860.5951
52400.0 -4859.695
52600.0 -4858.9552
52800.0 -4858.0652
53000.0 -4856.2624
53200.0 -4852.1993
53400.0 -4846.6419
53600.0 -4844.1676
53800.0 -4842.9609
54000.0 -4843.2945
54200.0 -4846.1139
54400.0 -4850.6505
54600.0 -4858.7115
54800.0 -4863.7826
55000.0 -4865.3172
55200.0 -4865.7184
55400.0 -4865.3061
55600.0 -4863.1672
55800.0 -4858.9219
56000.0 -4854.0639
56200.0 -4850.7741
56400.0 -4849.1985
56600.0 -4849.3716
56800.0 -4850.0133
57000.0 -4850.745
57200.0 -4851.7093
57400.0 -4853.8298
57600.0 -4856.2221
57800.0 -4857.2138
58000.0 -4857.553
58200.0 -4857.9835
58400.0 -4857.6309
58600.0 -4854.2625
58800.0 -4847.0547
59000.0 -4841.3809
59200.0 -4837.7653
59400.0 -4837.4094
59600.0 -4839.7244
59800.0 -4843.7283
60000.0 -4849.5306
60200.0 -4853.8505
60400.0 -4856.2954
60600.0 -4857.8102
60800.0 -4859.7766
61000.0 -4861.8734
61200.0 -4862.2519
61400.0 -4860.62
61600.0 -4855.6311
61800.0 -4849.3132
62000.0 -4845.9639
62200.0 -4844.4722
62400.0 -4843.825
62600.0 -4844.2594
62800.0 -4848.1903
63000.0 -4853.015
63200.0 -4857.4207
63400.0 -4859.9066
63600.0 -4861.0977
63800.0 -4861.278
64000.0 -4860.6266
64200.0 -4859.0068
64400.0 -4856.0188
64600.0 -4852.8458
64800.0 -4849.6695
65000.0 -4846.8271
65200.0 -4845.5636
65400.0 -4845.665
65600.0 -4846.3766
65800.0 -4850.2309
66000.0 -4855.8608
66200.0 -4861.3064
66400.0 -4864.2414
66600.0 -4864.6962
66800.0 -4864.1983
67000.0 -4862.4771
67200.0 -4860.011
67400.0 -4857.134
67600.0 -4854.6702
67800.0 -4853.2316
68000.0 -4852.293
68200.0 -4852.1638
68400.0 -4851.7095
68600.0 -4852.1667
68800.0 -4853.604
69000.0 -4854.5481
69200.0 -4855.4507
69400.0 -4857.1982
69600.0 -4859.46
69800.0 -4860.4195
70000.0 -4860.265
70200.0 -4857.5843
70400.0 -4850.1622
70600.0 -4843.7962
70800.0 -4841.5635
71000.0 -4841.3099
71200.0 -4842.8925
71400.0 -4847.514
71600.0 -4852.9956
71800.0 -4856.0341
72000.0 -4856.9448
72200.0 -4857.4886
72400.0 -4857.5881
72600.0 -4857.7465
72800.0 -4858.6395
73000.0 -4858.4369
73200.0 -4856.7264
73400.0 -4854.7841
73600.0 -4850.7037
73800.0 -4845.3218
74000.0 -4841.3725
74200.0 -4840.4131
74400.0 -4842.7495
74600.0 -4846.4385
74800.0 -4849.3398
75000.0 -4853.615
75200.0 -4858.1979
75400.0 -4860.8914
75600.0 -4861.0228
75800.0 -4860.5811
76000.0 -4860.1175
76200.0 -4859.8412
76400.0 -4858.7705
76600.0 -4856.9302
76800.0 -4856.5081
77000.0 -4857.8739
77200.0 -4857.9942
77400.0 -4856.1754
77600.0 -4854.4707
77800.0 -4853.8746
78000.0 -4854.2063
78200.0 -4853.6519
78400.0 -4852.8479
78600.0 -4852.3109
78800.0 -4852.891
79000.0 -4852.6807
79200.0 -4852.3437
79400.0 -4852.9715
79600.0 -4855.4695
79800.0 -4858.295
80000.0 -4859.95
80200.0 -4860.9375
80400.0 -4861.244
80600.0 -4863.0899
80800.0 -4866.0347
81000.0 -4866.5489
81200.0 -4864.4698
81400.0 -4861.2813
81600.0 -4858.1084
81800.0 -4852.3309
82000.0 -4847.6667
82200.0 -4845.6208
82400.0 -4845.8888
82600.0 -4848.0409
82800.0 -4851.045
83000.0 -4854.7635
83200.0 -4858.6599
83400.0 -4862.5992
83600.0 -4864.2388
83800.0 -4863.9396
84000.0 -4862.4521
84200.0 -4860.2697
84400.0 -4855.0121
84600.0 -4843.3288
84800.0 -4837.8111
85000.0 -4837.8834
85200.0 -4840.024
85400.0 -4843.748
85600.0 -4848.5163
85800.0 -4852.4595
86000.0 -4857.2638
86200.0 -4861.2805
86400.0 -4863.6235
86600.0 -4862.49
86800.0 -4859.8404
87000.0 -4857.6273
87200.0 -4854.3603
87400.0 -4851.11
87600.0 -4847.8011
87800.0 -4844.1541
88000.0 -4840.7046
88200.0 -4835.593
88400.0 -4829.7667
88600.0 -4828.1773
88800.0 -4830.1203
89000.0 -4834.7877
89200.0 -4841.3476
89400.0 -4847.2436
89600.0 -4851.5424
89800.0 -4853.8114
90000.0 -4855.3447
90200.0 -4857.1459
90400.0 -4859.36
90600.0 -4860.682
90800.0 -4861.2894
91000.0 -4861.3472
91200.0 -4860.7938
91400.0 -4859.1475
91600.0 -4857.0121
91800.0 -4853.2423
92000.0 -4847.7337
92200.0 -4843.4514
92400.0 -4841.775
92600.0 -4842.1814
92800.0 -4843.7288
93000.0 -4847.8891
93200.0 -4853.4953
93400.0 -4857.9755
93600.0 -4860.5185
93800.0 -4861.5279
94000.0 -4861.2717
94200.0 -4860.9092
94400.0 -4860.7175
94600.0 -4859.3261
94800.0 -4856.9204
95000.0 -4853.4199
95200.0 -4847.8325
95400.0 -4841.8077
95600.0 -4838.8377
95800.0 -4838.7236
96000.0 -4840.4793
96200.0 -4843.5078
96400.0 -4846.4247
96600.0 -4849.4413
96800.0 -4852.9407
97000.0 -4856.7246
97200.0 -4858.5549
97400.0 -4856.9152
97600.0 -4855.6454
97800.0 -4856.1247
98000.0 -4855.9146
98200.0 -4853.0774
98400.0 -4847.5029
98600.0 -4842.2412
98800.0 -4839.3576
99000.0 -4837.515
99200.0 -4836.3271
99400.0 -4838.5059
99600.0 -4846.0861
99800.0 -4853.8381
100000.0 -4857.8371
