0.0 492.62055
200.0 505.22189
400.0 501.45028
600.0 497.47841
800.0 509.65391
1000.0 514.40633
1200.0 497.63478
1400.0 513.24069
1600.0 510.4301
1800.0 494.55213
2000.0 492.81732
2200.0 498.99212
2400.0 494.37229
2600.0 497.52158
2800.0 492.14476
3000.0 495.67301
3200.0 506.15076
3400.0 504.7904
3600.0 504.61024
3800.0 499.00403
4000.0 512.82554
4200.0 523.19316
4400.0 514.51936
4600.0 496.75291
4800.0 499.42015
5000.0 510.895
5200.0 499.71024
5400.0 503.00032
5600.0 497.60559
5800.0 497.08089
6000.0 504.24801
6200.0 496.32652
6400.0 492.42911
6600.0 486.95258
6800.0 495.33944
7000.0 492.48314
7200.0 485.17316
7400.0 479.07331
7600.0 489.78064
7800.0 502.87226
8000.0 490.68263
8200.0 484.68265
8400.0 492.53114
8600.0 510.50152
8800.0 509.90333
9000.0 501.70141
9200.0 495.41465
9400.0 495.39226
9600.0 500.63506
9800.0 493.95274
10000.0 497.28713
10200.0 512.16412
10400.0 510.5183
10600.0 505.53221
10800.0 501.57508
11000.0 517.99213
11200.0 497.05439
11400.0 512.94655
11600.0 502.72527
11800.0 494.01902
12000.0 506.419
12200.0 495.16434
12400.0 497.82153
12600.0 497.66529
12800.0 488.99258
13000.0 496.57439
13200.0 503.2255
13400.0 503.99326
13600.0 492.37257
13800.0 499.54254
14000.0 510.30645
14200.0 513.48714
14400.0 504.17311
14600.0 511.68891
14800.0 515.99309
15000.0 496.16341
15200.0 492.3691
15400.0 514.89386
15600.0 511.82379
15800.0 497.26815
16000.0 493.95003
16200.0 490.3755
16400.0 500.82241
16600.0 513.36349
16800.0 495.78802
17000.0 480.76951
17200.0 497.57134
17400.0 494.6631
17600.0 499.17293
17800.0 496.35268
18000.0 502.73121
18200.0 514.33533
18400.0 495.28942
18600.0 500.27507
18800.0 505.98879
19000.0 489.17576
19200.0 492.50104
19400.0 513.44141
19600.0 499.54761
19800.0 500.88427
20000.0 489.88943
20200.0 488.17135
20400.0 484.09577
20600.0 496.68981
20800.0 505.1012
21000.0 485.90023
21200.0 495.37609
21400.0 507.06518
21600.0 497.88997
21800.0 507.64584
22000.0 509.09375
22200.0 512.05556
22400.0 495.35139
22600.0 493.42758
22800.0 505.16229
23000.0 493.68971
23200.0 500.16838
23400.0 494.90952
23600.0 497.18143
23800.0 482.41252
24000.0 487.93343
24200.0 498.03802
24400.0 487.54793
24600.0 484.80413
24800.0 496.27841
25000.0 499.21647
25200.0 507.05984
25400.0 489.42874
25600.0 503.0753
25800.0 489.89397
26000.0 513.89307
26200.0 502.87816
26400.0 510.8534
26600.0 491.00114
26800.0 509.17742
27000.0 488.85338
27200.0 501.01415
27400.0 491.68479
27600.0 492.2629
27800.0 475.05962
28000.0 495.69519
28200.0 502.16838
28400.0 492.56465
28600.0 501.69776
28800.0 505.07229
29000.0 492.35311
29200.0 497.63975
29400.0 509.21906
29600.0 510.58199
29800.0 502.92017
30000.0 488.38392
30200.0 490.29949
30400.0 513.61969
30600.0 500.14812
30800.0 495.2991
31000.0 494.447
31200.0 484.79086
31400.0 477.33912
31600.0 509.64058
31800.0 510.39617
32000.0 493.79672
32200.0 496.02541
32400.0 503.71305
32600.0 503.04119
32800.0 500.17184
33000.0 512.92415
33200.0 512.18378
33400.0 517.80366
33600.0 509.8421
33800.0 503.08452
34000.0 499.10139
34200.0 504.21159
34400.0 496.70669
34600.0 487.16056
34800.0 495.57224
35000.0 501.18847
35200.0 499.47792
35400.0 499.65347
35600.0 500.88234
35800.0 499.50459
36000.0 504.65399
36200.0 500.65806
36400.0 513.30073
36600.0 511.65947
36800.0 513.55205
37000.0 506.52213
37200.0 502.40485
37400.0 509.81299
37600.0 496.15057
37800.0 498.10767
38000.0 500.11298
38200.0 495.05988
38400.0 497.46798
38600.0 518.2276
38800.0 498.65594
39000.0 488.52326
39200.0 492.08598
39400.0 504.27465
39600.0 506.20922
39800.0 488.18496
40000.0 479.47219
40200.0 490.35636
40400.0 496.65102
40600.0 508.51738
40800.0 502.32635
41000.0 486.19675
41200.0 495.83949
41400.0 510.47813
41600.0 506.18689
41800.0 493.40031
42000.0 513.77687
42200.0 496.81474
42400.0 515.89648
42600.0 495.32131
42800.0 497.56901
43000.0 503.05572
43200.0 494.44404
43400.0 490.93147
43600.0 508.92915
43800.0 493.67191
44000.0 488.54871
44200.0 498.51847
44400.0 494.70744
44600.0 502.42735
44800.0 503.54071
45000.0 488.03328
45200.0 502.32517
45400.0 517.49004
45600.0 501.46576
45800.0 500.37263
46000.0 510.01503
46200.0 494.05934
46400.0 510.17388
46600.0 491.70133
46800.0 499.78694
47000.0 485.39309
47200.0 479.63844
47400.0 490.67332
47600.0 500.31376
47800.0 497.28677
48000.0 521.70096
48200.0 498.20917
48400.0 506.96243
48600.0 503.75633
48800.0 498.78797
49000.0 485.05592
49200.0 503.7262
49400.0 487.74166
49600.0 488.07777
49800.0 476.41135
50000.0 499.94058
50200.0 494.62772
50400.0 498.84404
50600.0 508.13462
50800.0 498.92878
51000.0 491.78627
51200.0 512.61641
51400.0 511.76938
51600.0 501.51055
51800.0 507.86741
52000.0 488.92573
52200.0 499.3897
52400.0 501.1215
52600.0 495.56901
52800.0 474.76131
53000.0 493.464
53200.0 494.58274
53400.0 487.73394
53600.0 488.83843
53800.0 494.48679
54000.0 499.05095
54200.0 491.34588
54400.0 498.9713
54600.0 502.07507
54800.0 501.32194
55000.0 503.745
55200.0 511.11032
55400.0 505.70472
55600.0 485.44119
55800.0 504.41075
56000.0 491.43355
56200.0 486.26731
56400.0 482.9789
56600.0 493.65998
56800.0 488.61789
57000.0 495.03603
57200.0 500.03539
57400.0 481.97827
57600.0 492.06583
57800.0 501.43541
58000.0 493.40423
58200.0 488.29091
58400.0 506.77923
58600.0 497.67746
58800.0 505.54709
59000.0 500.6915
59200.0 513.19212
59400.0 505.3957
59600.0 506.98457
59800.0 482.51246
60000.0 483.33404
60200.0 493.34915
60400.0 497.45357
60600.0 502.08209
60800.0 504.28112
61000.0 499.49774
61200.0 487.23428
61400.0 510.02169
61600.0 507.58072
61800.0 505.36701
62000.0 509.10329
62200.0 505.14522
62400.0 515.34881
62600.0 519.53362
62800.0 524.8347
63000.0 507.79459
63200.0 518.97571
63400.0 500.28336
63600.0 501.51127
63800.0 526.10467
64000.0 523.23735
64200.0 507.01055
64400.0 479.55963
64600.0 496.81129
64800.0 498.51622
65000.0 508.55102
65200.0 491.43946
65400.0 491.08053
65600.0 493.42105
65800.0 516.26601
66000.0 521.09736
66200.0 493.03551
66400.0 498.06188
66600.0 511.8596
66800.0 512.81119
67000.0 490.80101
67200.0 492.54499
67400.0 494.22363
67600.0 496.47521
67800.0 493.67644
68000.0 496.30622
68200.0 502.04932
68400.0 508.3939
68600.0 490.96187
68800.0 484.7677
69000.0 505.97636
69200.0 502.17474
69400.0 503.49331
69600.0 495.63807
69800.0 520.42908
70000.0 509.11874
70200.0 496.41385
70400.0 507.81669
70600.0 512.2432
70800.0 495.86208
71000.0 497.20468
71200.0 515.5797
71400.0 497.95823
71600.0 491.10145
71800.0 495.24572
72000.0 490.92122
72200.0 507.23332
72400.0 498.77952
72600.0 502.10999
72800.0 507.34683
73000.0 480.10592
73200.0 499.55828
73400.0 497.40329
73600.0 510.33004
73800.0 504.60017
74000.0 514.62992
74200.0 506.44679
74400.0 497.40556
74600.0 507.2646
74800.0 518.07374
75000.0 502.61142
75200.0 516.54692
75400.0 488.70921
75600.0 499.65687
75800.0 496.06375
76000.0 512.93975
76200.0 490.73631
76400.0 502.84932
76600.0 497.9916
76800.0 491.05573
77000.0 477.04658
77200.0 497.71075
77400.0 499.07009
77600.0 499.12695
77800.0 504.46007
78000.0 499.1048
78200.0 499.96521
78400.0 524.1959
78600.0 504.77072
78800.0 486.72777
79000.0 503.1145
79200.0 504.95913
79400.0 499.09921
79600.0 482.53308
79800.0 496.89273
80000.0 498.59201
80200.0 509.32444
80400.0 502.19637
80600.0 509.70529
80800.0 500.1612
81000.0 502.65012
81200.0 502.87182
81400.0 513.41248
81600.0 527.13761
81800.0 497.35197
82000.0 511.3961
82200.0 492.89293
82400.0 497.04802
82600.0 502.04497
82800.0 494.97021
83000.0 505.94107
83200.0 494.44122
83400.0 497.31013
83600.0 499.20063
83800.0 497.67314
84000.0 497.34892
84200.0 507.98777
84400.0 515.11892
84600.0 494.09797
84800.0 496.20712
85000.0 515.93668
85200.0 504.3149
85400.0 515.14484
85600.0 505.04305
85800.0 511.69055
86000.0 504.58117
86200.0 504.34899
86400.0 506.88952
86600.0 494.53578
86800.0 493.20617
87000.0 490.55431
87200.0 492.91231
87400.0 503.32253
87600.0 488.46656
87800.0 503.37148
88000.0 515.4895
88200.0 498.20434
88400.0 496.72936
88600.0 503.74422
88800.0 506.84915
89000.0 519.39492
89200.0 499.14822
89400.0 491.04849
89600.0 501.04635
89800.0 503.57854
90000.0 498.1231
90200.0 496.67593
90400.0 494.98497
90600.0 499.25717
90800.0 504.77883
91000.0 493.07371
91200.0 505.74335
91400.0 516.69667
91600.0 505.96852
91800.0 502.68359
92000.0 496.51498
92200.0 510.11064
92400.0 508.61195
92600.0 521.58476
92800.0 505.47983
93000.0 506.82305
93200.0 496.0779
93400.0 503.77865
93600.0 487.67797
93800.0 490.84745
94000.0 501.39423
94200.0 503.01092
94400.0 495.70456
94600.0 494.57744
94800.0 512.51482
95000.0 500.12953
95200.0 509.60469
95400.0 510.97708
95600.0 517.74367
95800.0 514.16251
96000.0 497.53499
96200.0 497.84726
96400.0 512.05214
96600.0 515.0125
96800.0 498.76814
97000.0 491.67211
97200.0 510.65281
97400.0 482.34209
97600.0 504.1931
97800.0 498.43831
98000.0 493.14814
98200.0 509.66274
98400.0 503.55
98600.0 506.92907
98800.0 477.99408
99000.0 508.02033
99200.0 508.79155
99400.0 502.97562
99600.0 506.14452
99800.0 513.09721
100000.0 528.38386
