0.0 345.95779
200.0 334.16915
400.0 343.49684
600.0 345.98169
800.0 342.66197
1000.0 351.89344
1200.0 348.71411
1400.0 350.57443
1600.0 343.01424
1800.0 346.19308
2000.0 337.35897
2200.0 347.98205
2400.0 341.09001
2600.0 341.2843
2800.0 339.77004
3000.0 334.10668
3200.0 341.27832
3400.0 340.46571
3600.0 344.22127
3800.0 336.2736
4000.0 342.96791
4200.0 352.26264
4400.0 346.49713
4600.0 335.3028
4800.0 346.17507
5000.0 335.14375
5200.0 344.3884
5400.0 346.26098
5600.0 338.6583
5800.0 343.27084
6000.0 343.23547
6200.0 339.77243
6400.0 331.29994
6600.0 343.82826
6800.0 344.25784
7000.0 335.89243
7200.0 336.57186
7400.0 334.96022
7600.0 336.60998
7800.0 345.67412
8000.0 338.17834
8200.0 336.40042
8400.0 352.93728
8600.0 351.1309
8800.0 336.09511
9000.0 345.47625
9200.0 354.4711
9400.0 345.15988
9600.0 331.78399
9800.0 341.76724
10000.0 339.50743
10200.0 347.72335
10400.0 343.39191
10600.0 339.20582
10800.0 336.01303
11000.0 343.01219
11200.0 332.35305
11400.0 346.10537
11600.0 347.68055
11800.0 349.37089
12000.0 346.80314
12200.0 350.1715
12400.0 351.22916
12600.0 342.29473
12800.0 336.62994
13000.0 344.71598
13200.0 338.10984
13400.0 338.98547
13600.0 333.93982
13800.0 343.15533
14000.0 336.87422
14200.0 347.64824
14400.0 344.23656
14600.0 346.9009
14800.0 344.86965
15000.0 342.16958
15200.0 343.40288
15400.0 336.02396
15600.0 340.36912
15800.0 334.15283
16000.0 328.94004
16200.0 345.13015
16400.0 333.42816
16600.0 342.56143
16800.0 338.62595
17000.0 337.5105
17200.0 337.28998
17400.0 346.64888
17600.0 348.83406
17800.0 343.53466
18000.0 336.60641
18200.0 347.69541
18400.0 347.86433
18600.0 340.39236
18800.0 345.81235
19000.0 335.58593
19200.0 337.54676
19400.0 338.74121
19600.0 331.86587
19800.0 339.78065
20000.0 341.66289
20200.0 343.77343
20400.0 355.49078
20600.0 346.73626
20800.0 334.15547
21000.0 351.27915
21200.0 349.2989
21400.0 339.74643
21600.0 340.31236
21800.0 339.48392
22000.0 334.59336
22200.0 342.01143
22400.0 335.34708
22600.0 341.83927
22800.0 335.65532
23000.0 348.74421
23200.0 351.45429
23400.0 342.02986
23600.0 350.70537
23800.0 346.01805
24000.0 346.94169
24200.0 347.70103
24400.0 340.56822
24600.0 342.20349
24800.0 341.70916
25000.0 339.61908
25200.0 337.37744
25400.0 340.0249
25600.0 345.71303
25800.0 335.91113
26000.0 343.24311
26200.0 346.56364
26400.0 345.7745
26600.0 352.55091
26800.0 346.05052
27000.0 352.49111
27200.0 341.43249
27400.0 351.65086
27600.0 346.84443
27800.0 342.02099
28000.0 335.64691
28200.0 343.32879
28400.0 340.22655
28600.0 334.0068
28800.0 345.63274
29000.0 341.86702
29200.0 344.9415
29400.0 342.5872
29600.0 345.95118
29800.0 347.78552
30000.0 351.36557
30200.0 348.6827
30400.0 348.58834
30600.0 349.86896
30800.0 351.52273
31000.0 340.03821
31200.0 345.36124
31400.0 336.56998
31600.0 339.95998
31800.0 342.16626
32000.0 343.44197
32200.0 334.56878
32400.0 348.4889
32600.0 347.07816
32800.0 335.35456
33000.0 333.30283
33200.0 352.46649
33400.0 337.14979
33600.0 334.9829
33800.0 332.6294
34000.0 341.98769
34200.0 346.85195
34400.0 338.08448
34600.0 337.43024
34800.0 352.85915
35000.0 347.56316
35200.0 350.8795
35400.0 347.77896
35600.0 343.3919
35800.0 341.007
36000.0 340.51314
36200.0 337.16712
36400.0 345.35627
36600.0 346.54588
36800.0 338.84464
37000.0 338.07501
37200.0 343.76857
37400.0 341.47288
37600.0 345.46923
37800.0 340.19632
38000.0 332.84792
38200.0 340.00835
38400.0 349.03981
38600.0 341.8316
38800.0 340.48167
39000.0 347.147
39200.0 340.98133
39400.0 342.81101
39600.0 342.49207
39800.0 348.18094
40000.0 344.70674
40200.0 351.69052
40400.0 329.77715
40600.0 333.92649
40800.0 346.81014
41000.0 335.24161
41200.0 337.31753
41400.0 342.3251
41600.0 335.23913
41800.0 343.479
42000.0 340.45107
42200.0 347.16894
42400.0 342.4476
42600.0 336.54877
42800.0 354.25747
43000.0 347.94109
43200.0 345.79424
43400.0 348.5506
43600.0 340.49677
43800.0 345.55666
44000.0 338.93517
44200.0 334.52772
44400.0 338.7022
44600.0 341.27154
44800.0 339.39065
45000.0 344.49909
45200.0 338.06386
45400.0 342.62716
45600.0 354.95367
45800.0 349.04678
46000.0 337.30622
46200.0 348.38123
46400.0 344.74122
46600.0 334.31138
46800.0 332.02979
47000.0 338.46167
47200.0 336.66704
47400.0 344.27327
47600.0 345.62752
47800.0 341.99022
48000.0 339.4713
48200.0 337.35435
48400.0 350.3614
48600.0 349.52917
48800.0 350.91049
49000.0 338.32737
49200.0 356.53318
49400.0 352.17941
49600.0 346.19949
49800.0 337.88586
50000.0 344.7689
50200.0 338.11102
50400.0 350.99186
50600.0 341.99348
50800.0 343.29852
51000.0 331.82609
51200.0 335.01203
51400.0 341.95712
51600.0 335.5093
51800.0 340.37297
52000.0 344.35391
52200.0 349.79168
52400.0 342.37215
52600.0 343.17598
52800.0 351.86811
53000.0 347.64033
53200.0 349.76286
53400.0 337.36669
53600.0 340.08792
53800.0 342.60589
54000.0 344.84182
54200.0 338.30607
54400.0 339.54573
54600.0 343.24616
54800.0 341.90846
55000.0 336.68369
55200.0 333.30923
55400.0 340.96474
55600.0 327.11894
55800.0 331.20415
56000.0 344.0821
56200.0 340.16456
56400.0 346.32922
56600.0 337.47181
56800.0 338.04704
57000.0 351.47699
57200.0 344.71665
57400.0 338.3666
57600.0 354.46916
57800.0 348.00761
58000.0 332.66469
58200.0 336.82832
58400.0 341.51989
58600.0 339.81874
58800.0 335.8315
59000.0 341.8588
59200.0 342.58408
59400.0 331.35789
59600.0 339.74779
59800.0 344.16958
60000.0 349.49275
60200.0 342.23104
60400.0 348.13936
60600.0 336.27828
60800.0 355.36959
61000.0 337.9543
61200.0 342.60554
61400.0 334.63638
61600.0 341.50742
61800.0 333.92941
62000.0 336.2152
62200.0 336.36001
62400.0 341.03222
62600.0 335.77927
62800.0 340.02021
63000.0 344.08184
63200.0 342.62665
63400.0 347.12936
63600.0 348.27064
63800.0 343.23285
64000.0 338.71612
64200.0 335.19129
64400.0 348.44727
64600.0 335.19471
64800.0 332.67012
65000.0 348.69998
65200.0 336.5659
65400.0 340.59246
65600.0 341.31743
65800.0 333.83199
66000.0 352.99279
66200.0 345.41472
66400.0 345.47174
66600.0 340.39748
66800.0 342.56439
67000.0 336.15996
67200.0 356.79455
67400.0 339.83688
67600.0 341.5186
67800.0 332.95862
68000.0 337.10869
68200.0 334.3006
68400.0 338.37169
68600.0 342.91245
68800.0 336.61454
69000.0 343.46
69200.0 353.21953
69400.0 340.14919
69600.0 347.72005
69800.0 340.99685
70000.0 354.28962
70200.0 342.47035
70400.0 338.65934
70600.0 340.71121
70800.0 344.50947
71000.0 339.59482
71200.0 341.42889
71400.0 335.915
71600.0 337.69027
71800.0 341.52542
72000.0 338.56633
72200.0 347.00546
72400.0 349.7773
72600.0 343.35539
72800.0 344.31062
73000.0 347.4744
73200.0 346.65452
73400.0 341.52075
73600.0 341.00826
73800.0 347.74801
74000.0 344.61676
74200.0 330.80485
74400.0 336.37855
74600.0 339.211
74800.0 338.42738
75000.0 334.56772
75200.0 341.11885
75400.0 338.46755
75600.0 345.68
75800.0 343.83644
76000.0 340.41873
76200.0 340.18435
76400.0 341.34253
76600.0 353.09319
76800.0 342.6779
77000.0 339.88491
77200.0 340.30567
77400.0 338.23541
77600.0 340.18989
77800.0 345.85805
78000.0 347.21301
78200.0 339.12855
78400.0 341.31067
78600.0 332.13371
78800.0 340.93289
79000.0 328.40355
79200.0 331.54521
79400.0 337.1209
79600.0 335.91303
79800.0 340.87671
80000.0 338.59928
80200.0 344.19506
80400.0 345.63297
80600.0 345.71429
80800.0 338.958
81000.0 340.59846
81200.0 337.37661
81400.0 346.22057
81600.0 339.96444
81800.0 337.91112
82000.0 339.18932
82200.0 339.67731
82400.0 331.90511
82600.0 331.528
82800.0 342.53254
83000.0 331.73058
83200.0 335.91023
83400.0 348.67503
83600.0 353.02286
83800.0 335.01468
84000.0 343.95181
84200.0 343.03446
84400.0 350.81573
84600.0 347.52576
84800.0 336.69887
85000.0 328.89377
85200.0 343.22981
85400.0 334.49786
85600.0 341.7865
85800.0 330.23161
86000.0 351.81881
86200.0 335.07259
86400.0 340.17391
86600.0 340.28051
86800.0 347.46869
87000.0 345.22036
87200.0 335.79413
87400.0 344.04033
87600.0 348.27801
87800.0 336.83636
88000.0 337.05151
88200.0 337.13107
88400.0 329.60757
88600.0 340.2974
88800.0 329.22705
89000.0 339.20535
89200.0 337.46675
89400.0 332.3858
89600.0 342.62659
89800.0 352.96247
90000.0 341.3615
90200.0 336.07868
90400.0 342.68641
90600.0 349.16839
90800.0 339.68094
91000.0 345.28374
91200.0 344.45217
91400.0 342.79819
91600.0 334.91929
91800.0 331.33371
92000.0 338.33504
92200.0 341.51242
92400.0 328.26738
92600.0 348.34765
92800.0 341.95104
93000.0 341.96843
93200.0 340.11442
93400.0 348.20893
93600.0 338.43146
93800.0 341.73694
94000.0 337.23761
94200.0 349.33952
94400.0 340.97553
94600.0 351.42566
94800.0 347.0078
95000.0 332.52116
95200.0 337.94441
95400.0 346.34678
95600.0 337.91468
95800.0 330.13567
96000.0 340.43088
96200.0 333.27903
96400.0 345.27568
96600.0 341.21587
96800.0 352.01765
97000.0 345.54554
97200.0 351.58459
97400.0 341.65194
97600.0 339.43325
97800.0 344.37292
98000.0 338.90876
98200.0 338.64574
98400.0 340.1326
98600.0 328.89821
98800.0 347.78406
99000.0 331.2084
99200.0 349.89551
99400.0 336.39843
99600.0 355.49415
99800.0 336.7697
100000.0 351.70632
