0.0 1167.9969
200.0 1145.2946
400.0 1128.2245
600.0 1130.2287
800.0 1155.0093
1000.0 1179.3685
1200.0 1193.7057
1400.0 1200.8348
1600.0 1198.9083
1800.0 1188.0436
2000.0 1174.2987
2200.0 1165.6202
2400.0 1164.4147
2600.0 1167.9065
2800.0 1171.2825
3000.0 1170.605
3200.0 1165.0175
3400.0 1154.6867
3600.0 1141.5693
3800.0 1133.3608
4000.0 1140.5509
4200.0 1158.1263
4400.0 1171.8388
4600.0 1181.9992
4800.0 1189.7884
5000.0 1193.8598
5200.0 1192.0539
5400.0 1183.0835
5600.0 1169.7579
5800.0 1158.7247
6000.0 1154.4727
6200.0 1157.0494
6400.0 1164.729
6600.0 1175.0825
6800.0 1187.1298
7000.0 1201.9856
7200.0 1212.8921
7400.0 1210.3293
7600.0 1193.1778
7800.0 1168.0671
8000.0 1147.1234
8200.0 1139.4574
8400.0 1146.5241
8600.0 1166.2451
8800.0 1192.3385
9000.0 1212.9305
9200.0 1218.3227
9400.0 1202.3499
9600.0 1163.0026
9800.0 1138.2558
10000.0 1137.0201
10200.0 1147.4417
10400.0 1163.9514
10600.0 1180.4917
10800.0 1190.7656
11000.0 1192.4478
11200.0 1186.4643
11400.0 1175.0471
11600.0 1160.2158
11800.0 1145.0988
12000.0 1135.3203
12200.0 1135.572
12400.0 1150.7668
12600.0 1181.846
12800.0 1207.4491
13000.0 1212.3486
13200.0 1199.8447
13400.0 1177.2859
13600.0 1155.7915
13800.0 1144.4903
14000.0 1146.5236
14200.0 1160.2752
14400.0 1179.2446
14600.0 1193.3331
14800.0 1197.4158
15000.0 1193.9785
15200.0 1187.6537
15400.0 1179.7149
15600.0 1171.5725
15800.0 1164.7545
16000.0 1161.2786
16200.0 1162.1199
16400.0 1167.8168
16600.0 1178.1411
16800.0 1191.3347
17000.0 1202.4222
17200.0 1205.1096
17400.0 1195.7157
17600.0 1175.1925
17800.0 1152.7797
18000.0 1140.9749
18200.0 1143.214
18400.0 1157.294
18600.0 1178.3417
18800.0 1197.9274
19000.0 1207.1591
19200.0 1202.0716
19400.0 1176.5464
19600.0 1137.3723
19800.0 1122.5959
20000.0 1129.0152
20200.0 1147.8297
20400.0 1169.5288
20600.0 1184.3275
20800.0 1189.1348
21000.0 1185.4749
21200.0 1176.2079
21400.0 1164.7289
21600.0 1154.9626
21800.0 1151.5226
22000.0 1160.6804
22200.0 1184.0343
22400.0 1207.5405
22600.0 1217.5816
22800.0 1210.1409
23000.0 1187.2519
23200.0 1162.1329
23400.0 1147.3789
23600.0 1145.612
23800.0 1155.6975
24000.0 1173.2091
24200.0 1190.7221
24400.0 1201.0692
24600.0 1199.5502
24800.0 1186.9186
25000.0 1171.3011
25200.0 1161.3735
25400.0 1157.3823
25600.0 1157.5538
25800.0 1161.6464
26000.0 1168.8549
26200.0 1177.1184
26400.0 1183.4516
26600.0 1185.4546
26800.0 1182.787
27000.0 1176.5182
27200.0 1168.8835
27400.0 1163.5953
27600.0 1165.5689
27800.0 1176.6302
28000.0 1192.8993
28200.0 1205.9517
28400.0 1206.4598
28600.0 1191.2849
28800.0 1171.7412
29000.0 1160.1329
29200.0 1156.0916
29400.0 1157.2037
29600.0 1163.04
29800.0 1172.6117
30000.0 1183.251
30200.0 1191.4568
30400.0 1194.3931
30600.0 1191.1899
30800.0 1184.7039
31000.0 1181.3299
31200.0 1184.5853
31400.0 1192.7226
31600.0 1200.9291
31800.0 1203.5762
32000.0 1195.4082
32200.0 1177.4631
32400.0 1163.0286
32600.0 1159.209
32800.0 1162.7448
33000.0 1169.8284
33200.0 1176.9584
33400.0 1180.8073
33600.0 1179.0645
33800.0 1169.6099
34000.0 1150.9566
34200.0 1130.963
34400.0 1123.0742
34600.0 1132.0572
34800.0 1156.6256
35000.0 1184.6251
35200.0 1196.7997
35400.0 1192.0309
35600.0 1176.8542
35800.0 1158.3162
36000.0 1145.2515
36200.0 1145.7045
36400.0 1160.7571
36600.0 1181.3154
36800.0 1194.912
37000.0 1198.0194
37200.0 1193.6025
37400.0 1185.6267
37600.0 1177.6509
37800.0 1172.0889
38000.0 1169.3495
38200.0 1168.9147
38400.0 1169.8955
38600.0 1170.807
38800.0 1169.8258
39000.0 1164.7513
39200.0 1153.7454
39400.0 1141.6576
39600.0 1136.5856
39800.0 1142.2855
40000.0 1158.1137
40200.0 1177.288
40400.0 1189.1951
40600.0 1190.9297
40800.0 1185.4727
41000.0 1176.5552
41200.0 1167.4073
41400.0 1160.1347
41600.0 1155.2869
41800.0 1153.0394
42000.0 1155.1226
42200.0 1162.8695
42400.0 1174.308
42600.0 1184.4693
42800.0 1188.0022
43000.0 1182.2984
43200.0 1168.1951
43400.0 1150.4582
43600.0 1136.8372
43800.0 1135.2781
44000.0 1151.7996
44200.0 1177.155
44400.0 1191.8326
44600.0 1195.7707
44800.0 1192.7689
45000.0 1184.6898
45200.0 1174.6227
45400.0 1166.9204
45600.0 1164.4234
45800.0 1166.4273
46000.0 1168.574
46200.0 1164.727
46400.0 1148.8957
46600.0 1128.8413
46800.0 1120.7122
47000.0 1128.0779
47200.0 1148.4495
47400.0 1168.0994
47600.0 1172.6716
47800.0 1165.4489
48000.0 1156.2027
48200.0 1154.1308
48400.0 1162.4785
48600.0 1176.547
48800.0 1188.7839
49000.0 1194.4052
49200.0 1192.5028
49400.0 1184.8194
49600.0 1173.8363
49800.0 1162.5462
50000.0 1153.5631
50200.0 1146.984
50400.0 1138.4912
50600.0 1124.7308
50800.0 1116.9036
51000.0 1123.5333
51200.0 1144.7984
51400.0 1173.356
51600.0 1188.1635
51800.0 1184.2209
52000.0 1170.3184
52200.0 1156.3841
52400.0 1150.7217
52600.0 1156.2147
52800.0 1170.1172
53000.0 1184.608
53200.0 1192.2849
53400.0 1191.4068
53600.0 1185.1294
53800.0 1178.0133
54000.0 1173.5952
54200.0 1173.0462
54400.0 1175.1334
54600.0 1178.1469
54800.0 1180.7257
55000.0 1180.7497
55200.0 1176.2622
55400.0 1166.8305
55600.0 1154.5477
55800.0 1142.2773
56000.0 1131.5371
56200.0 1123.8144
56400.0 1126.2388
56600.0 1145.4959
56800.0 1174.1903
57000.0 1193.4607
57200.0 1195.5427
57400.0 1182.7971
57600.0 1163.5238
57800.0 1149.176
58000.0 1147.8151
58200.0 1162.3396
58400.0 1185.6637
58600.0 1200.9536
58800.0 1202.8312
59000.0 1195.0004
59200.0 1183.1364
59400.0 1172.6392
59600.0 1167.3009
59800.0 1168.1723
60000.0 1174.0708
60200.0 1182.0993
60400.0 1188.266
60600.0 1189.1416
60800.0 1184.0407
61000.0 1176.3207
61200.0 1169.3836
61400.0 1162.0504
61600.0 1153.8474
61800.0 1148.1078
62000.0 1149.7012
62200.0 1159.2614
62400.0 1171.3453
62600.0 1181.2436
62800.0 1188.1454
63000.0 1192.1483
63200.0 1192.215
63400.0 1187.5209
63600.0 1180.1259
63800.0 1175.5226
64000.0 1176.1445
64200.0 1178.0773
64400.0 1177.0337
64600.0 1172.1606
64800.0 1164.8255
65000.0 1157.3283
65200.0 1154.0914
65400.0 1159.4007
65600.0 1175.7339
65800.0 1195.0206
66000.0 1202.8457
66200.0 1197.2788
66400.0 1184.6512
66600.0 1171.6561
66800.0 1163.8471
67000.0 1163.2461
67200.0 1167.9259
67400.0 1174.3292
67600.0 1179.2965
67800.0 1181.6952
68000.0 1180.6916
68200.0 1176.0092
68400.0 1169.1755
68600.0 1162.8563
68800.0 1158.5239
69000.0 1156.1707
69200.0 1155.6428
69400.0 1159.8146
69600.0 1169.1354
69800.0 1179.2616
70000.0 1185.9825
70200.0 1187.0153
70400.0 1182.1407
70600.0 1172.934
70800.0 1162.3011
71000.0 1154.0811
71200.0 1152.0836
71400.0 1159.0819
71600.0 1175.372
71800.0 1196.5151
72000.0 1212.7095
72200.0 1213.916
72400.0 1192.8507
72600.0 1160.4342
72800.0 1138.856
73000.0 1130.6253
73200.0 1135.682
73400.0 1151.6683
73600.0 1170.8944
73800.0 1186.2361
74000.0 1193.5243
74200.0 1191.6584
74400.0 1182.008
74600.0 1168.4397
74800.0 1157.3201
75000.0 1153.5995
75200.0 1158.1146
75400.0 1167.6564
75600.0 1177.0809
75800.0 1181.4178
76000.0 1178.5078
76200.0 1171.0396
76400.0 1162.1972
76600.0 1154.0786
76800.0 1150.3649
77000.0 1154.5509
77200.0 1165.5114
77400.0 1177.7837
77600.0 1185.7411
77800.0 1188.8979
78000.0 1188.3987
78200.0 1184.8294
78400.0 1178.2394
78600.0 1169.2448
78800.0 1162.4437
79000.0 1163.2544
79200.0 1167.7737
79400.0 1169.4151
79600.0 1166.7618
79800.0 1161.2719
80000.0 1156.3423
80200.0 1155.8899
80400.0 1162.5024
80600.0 1174.6125
80800.0 1184.8859
81000.0 1187.4605
81200.0 1183.5485
81400.0 1177.302
81600.0 1172.3569
81800.0 1170.0804
82000.0 1170.1881
82200.0 1172.245
82400.0 1174.6628
82600.0 1175.4583
82800.0 1173.5713
83000.0 1168.811
83200.0 1159.4297
83400.0 1142.3293
83600.0 1126.4203
83800.0 1129.0994
84000.0 1148.8797
84200.0 1172.9215
84400.0 1189.7664
84600.0 1195.4034
84800.0 1192.4876
85000.0 1188.0055
85200.0 1186.0308
85400.0 1185.0711
85600.0 1182.8415
85800.0 1179.2135
86000.0 1176.124
86200.0 1175.2434
86400.0 1177.2528
86600.0 1181.8228
86800.0 1187.3021
87000.0 1191.8259
87200.0 1192.6739
87400.0 1186.9613
87600.0 1173.7182
87800.0 1159.6639
88000.0 1154.0961
88200.0 1157.6614
88400.0 1165.7084
88600.0 1173.0828
88800.0 1176.4866
89000.0 1175.5698
89200.0 1170.7703
89400.0 1164.8198
89600.0 1161.855
89800.0 1164.6535
90000.0 1173.3466
90200.0 1184.4896
90400.0 1193.0204
90600.0 1195.5448
90800.0 1190.725
91000.0 1179.0133
91200.0 1162.6851
91400.0 1147.3095
91600.0 1139.9732
91800.0 1143.1946
92000.0 1156.6575
92200.0 1181.4122
92400.0 1208.4111
92600.0 1218.3168
92800.0 1208.8045
93000.0 1187.0051
93200.0 1164.4989
93400.0 1151.6216
93600.0 1150.36
93800.0 1157.6163
94000.0 1168.5132
94200.0 1178.7681
94400.0 1184.7848
94600.0 1184.2174
94800.0 1177.1941
95000.0 1167.1978
95200.0 1158.44
95400.0 1153.8326
95600.0 1155.9349
95800.0 1171.4962
96000.0 1198.6804
96200.0 1216.9517
96400.0 1215.8254
96600.0 1195.5756
96800.0 1166.3869
97000.0 1143.9184
97200.0 1135.8316
97400.0 1143.4291
97600.0 1163.6963
97800.0 1187.2869
98000.0 1202.7547
98200.0 1204.7389
98400.0 1195.6174
98600.0 1182.6085
98800.0 1171.6585
99000.0 1164.5419
99200.0 1161.2511
99400.0 1161.7711
99600.0 1166.2386
99800.0 1174.2587
100000.0 1184.7712
