0.0 -5070.8142
200.0 -5073.9567
400.0 -5074.4997
600.0 -5073.9531
800.0 -5071.059
1000.0 -5065.7882
1200.0 -5061.9388
1400.0 -5059.4933
1600.0 -5057.7734
1800.0 -5056.5593
2000.0 -5054.7126
2200.0 -5052.7879
2400.0 -5051.4234
2600.0 -5050.3455
2800.0 -5050.3684
3000.0 -5051.539
3200.0 -5054.2618
3400.0 -5058.9022
3600.0 -5062.6581
3800.0 -5064.5048
4000.0 -5064.9062
4200.0 -5063.7688
4400.0 -5062.252
4600.0 -5060.9585
4800.0 -5058.0749
5000.0 -5054.4392
5200.0 -5051.2592
5400.0 -5049.3004
5600.0 -5049.855
5800.0 -5050.2097
6000.0 -5050.2172
6200.0 -5051.3725
6400.0 -5054.0599
6600.0 -5057.4396
6800.0 -5059.9003
7000.0 -5060.5013
7200.0 -5059.7692
7400.0 -5059.2979
7600.0 -5058.8735
7800.0 -5057.6051
8000.0 -5054.7825
8200.0 -5050.3864
8400.0 -5046.4138
8600.0 -5044.8696
8800.0 -5045.5932
9000.0 -5047.9004
9200.0 -5050.5275
9400.0 -5053.4322
9600.0 -5056.2161
9800.0 -5057.3964
10000.0 -5057.2264
10200.0 -5056.8994
10400.0 -5057.3129
10600.0 -5057.9462
10800.0 -5059.0394
11000.0 -5060.4473
11200.0 -5061.6856
11400.0 -5062.4635
11600.0 -5062.8366
11800.0 -5061.635
12000.0 -5058.932
12200.0 -5055.5643
12400.0 -5052.1698
12600.0 -5050.738
12800.0 -5050.3864
13000.0 -5050.0725
13200.0 -5050.5796
13400.0 -5052.0149
13600.0 -5054.8167
13800.0 -5059.8368
14000.0 -5063.387
14200.0 -5065.2297
14400.0 -5066.2298
14600.0 -5065.3285
14800.0 -5063.5259
15000.0 -5061.402
15200.0 -5057.8139
15400.0 -5053.7703
15600.0 -5050.6041
15800.0 -5049.3222
16000.0 -5049.0737
16200.0 -5049.3816
16400.0 -5050.1415
16600.0 -5052.6999
16800.0 -5055.5494
17000.0 -5058.1172
17200.0 -5060.2475
17400.0 -5061.4126
17600.0 -5061.0901
17800.0 -5060.2402
18000.0 -5059.0637
18200.0 -5057.514
18400.0 -5054.2536
18600.0 -5048.64
18800.0 -5044.8175
19000.0 -5043.4717
19200.0 -5043.5805
19400.0 -5046.1367
19600.0 -5049.7908
19800.0 -5053.6014
20000.0 -5056.638
20200.0 -5057.9371
20400.0 -5058.3313
20600.0 -5059.6082
20800.0 -5060.968
21000.0 -5060.6716
21200.0 -5059.2311
21400.0 -5057.7252
21600.0 -5055.4849
21800.0 -5051.9635
22000.0 -5047.2432
22200.0 -5044.1457
22400.0 -5043.1763
22600.0 -5044.3754
22800.0 -5047.9762
23000.0 -5051.3103
23200.0 -5053.293
23400.0 -5055.8343
23600.0 -5057.5894
23800.0 -5057.496
24000.0 -5057.541
24200.0 -5057.8433
24400.0 -5057.5021
24600.0 -5056.8612
24800.0 -5056.5191
25000.0 -5055.5679
25200.0 -5054.2851
25400.0 -5052.9465
25600.0 -5051.4399
25800.0 -5050.0826
26000.0 -5049.4946
26200.0 -5049.9389
26400.0 -5051.068
26600.0 -5053.4018
26800.0 -5057.477
27000.0 -5061.817
27200.0 -5063.5734
27400.0 -5063.0105
27600.0 -5061.2289
27800.0 -5059.5727
28000.0 -5058.7961
28200.0 -5057.8568
28400.0 -5055.8569
28600.0 -5052.9412
28800.0 -5049.1551
29000.0 -5046.0152
29200.0 -5044.3732
29400.0 -5045.1727
29600.0 -5049.4786
29800.0 -5055.7618
30000.0 -5059.363
30200.0 -5060.3388
30400.0 -5060.0496
30600.0 -5059.6108
30800.0 -5059.7594
31000.0 -5059.1717
31200.0 -5057.8716
31400.0 -5055.7942
31600.0 -5053.8841
31800.0 -5052.429
32000.0 -5051.5077
32200.0 -5050.6446
32400.0 -5049.9151
32600.0 -5051.1722
32800.0 -5054.5163
33000.0 -5057.7859
33200.0 -5060.4804
33400.0 -5062.8611
33600.0 -5063.8222
33800.0 -5063.6726
34000.0 -5063.0218
34200.0 -5061.4655
34400.0 -5058.2312
34600.0 -5054.7937
34800.0 -5053.0733
35000.0 -5052.6729
35200.0 -5052.6261
35400.0 -5052.65
35600.0 -5053.357
35800.0 -5054.8008
36000.0 -5056.7865
36200.0 -5058.9441
36400.0 -5060.4523
36600.0 -5062.0959
36800.0 -5064.3299
37000.0 -5067.1478
37200.0 -5068.7897
37400.0 -5069.6751
37600.0 -5070.1628
37800.0 -5068.9929
38000.0 -5065.6089
38200.0 -5060.8536
38400.0 -5057.0865
38600.0 -5055.036
38800.0 -5053.1131
39000.0 -5050.9558
39200.0 -5050.2719
39400.0 -5051.3194
39600.0 -5053.7875
39800.0 -5057.5186
40000.0 -5061.8349
40200.0 -5063.3853
40400.0 -5064.0327
40600.0 -5064.2477
40800.0 -5063.8303
41000.0 -5062.9183
41200.0 -5061.7658
41400.0 -5060.3447
41600.0 -5059.6883
41800.0 -5058.0418
42000.0 -5055.9532
42200.0 -5054.8698
42400.0 -5054.4828
42600.0 -5054.8259
42800.0 -5055.112
43000.0 -5056.4406
43200.0 -5059.3807
43400.0 -5063.22
43600.0 -5067.5224
43800.0 -5070.7395
44000.0 -5071.5004
44200.0 -5070.213
44400.0 -5067.0031
44600.0 -5063.1783
44800.0 -5060.0575
45000.0 -5057.8811
45200.0 -5056.7651
45400.0 -5055.8953
45600.0 -5055.0646
45800.0 -5054.8126
46000.0 -5056.1846
46200.0 -5057.2737
46400.0 -5057.2928
46600.0 -5057.4173
46800.0 -5058.1509
47000.0 -5059.26
47200.0 -5060.2486
47400.0 -5061.8813
47600.0 -5063.4288
47800.0 -5064.0816
48000.0 -5063.6523
48200.0 -5062.2229
48400.0 -5058.4875
48600.0 -5054.4421
48800.0 -5052.5734
49000.0 -5051.0492
49200.0 -5050.1175
49400.0 -5049.9721
49600.0 -5051.2136
49800.0 -5053.7325
50000.0 -5057.0336
50200.0 -5061.9814
50400.0 -5067.0079
50600.0 -5069.1123
50800.0 -5068.6368
51000.0 -5066.8442
51200.0 -5064.5228
51400.0 -5061.483
51600.0 -5057.5737
51800.0 -5054.4092
52000.0 -5053.3253
52200.0 -5052.7689
52400.0 -5052.1007
52600.0 -5052.5057
52800.0 -5054.0364
53000.0 -5056.0886
53200.0 -5059.926
53400.0 -5064.1133
53600.0 -5066.5783
53800.0 -5067.0473
54000.0 -5065.6013
54200.0 -5063.5793
54400.0 -5062.3801
54600.0 -5061.0624
54800.0 -5059.3342
55000.0 -5057.0186
55200.0 -5056.0296
55400.0 -5056.3303
55600.0 -5055.6455
55800.0 -5054.8996
56000.0 -5054.5769
56200.0 -5053.5046
56400.0 -5051.5309
56600.0 -5049.3318
56800.0 -5047.6619
57000.0 -5046.8624
57200.0 -5047.9482
57400.0 -5050.6807
57600.0 -5054.5058
57800.0 -5057.684
58000.0 -5059.7149
58200.0 -5060.9134
58400.0 -5061.2089
58600.0 -5061.2097
58800.0 -5060.5008
59000.0 -5058.2317
59200.0 -5053.9829
59400.0 -5050.2525
59600.0 -5047.687
59800.0 -5045.6126
60000.0 -5045.0089
60200.0 -5045.8427
60400.0 -5048.6901
60600.0 -5053.1967
60800.0 -5055.9317
61000.0 -5056.8982
61200.0 -5057.4185
61400.0 -5057.329
61600.0 -5056.7434
61800.0 -5056.518
62000.0 -5056.8564
62200.0 -5056.6256
62400.0 -5055.8291
62600.0 -5055.2749
62800.0 -5055.3213
63000.0 -5055.3674
63200.0 -5056.5684
63400.0 -5058.575
63600.0 -5061.0489
63800.0 -5063.7213
64000.0 -5064.9377
64200.0 -5064.9178
64400.0 -5063.1833
64600.0 -5059.25
64800.0 -5054.4658
65000.0 -5052.3644
65200.0 -5051.4638
65400.0 -5051.2266
65600.0 -5051.1323
65800.0 -5051.9709
66000.0 -5055.062
66200.0 -5058.2882
66400.0 -5060.2884
66600.0 -5061.3512
66800.0 -5062.6178
67000.0 -5062.3244
67200.0 -5061.1049
67400.0 -5059.6791
67600.0 -5058.7266
67800.0 -5058.2364
68000.0 -5057.7954
68200.0 -5056.8269
68400.0 -5055.3631
68600.0 -5053.1638
68800.0 -5050.0282
69000.0 -5047.5544
69200.0 -5046.8547
69400.0 -5048.0776
69600.0 -5052.1238
69800.0 -5057.0593
70000.0 -5060.005
70200.0 -5061.6218
70400.0 -5062.6954
70600.0 -5063.0039
70800.0 -5062.2211
71000.0 -5060.295
71200.0 -5057.4887
71400.0 -5054.502
71600.0 -5053.2442
71800.0 -5053.1429
72000.0 -5052.9625
72200.0 -5053.0234
72400.0 -5053.3434
72600.0 -5054.0891
72800.0 -5054.7032
73000.0 -5055.3242
73200.0 -5057.0655
73400.0 -5059.5116
73600.0 -5061.5026
73800.0 -5062.1798
74000.0 -5061.224
74200.0 -5058.2686
74400.0 -5054.3207
74600.0 -5050.4029
74800.0 -5047.2496
75000.0 -5045.597
75200.0 -5045.8464
75400.0 -5047.9135
75600.0 -5051.1026
75800.0 -5054.11
76000.0 -5056.2191
76200.0 -5057.0439
76400.0 -5057.6853
76600.0 -5058.3275
76800.0 -5058.7346
77000.0 -5058.5022
77200.0 -5057.5785
77400.0 -5055.9686
77600.0 -5053.5643
77800.0 -5051.7588
78000.0 -5049.7069
78200.0 -5046.0429
78400.0 -5044.6772
78600.0 -5045.6471
78800.0 -5047.1146
79000.0 -5050.0439
79200.0 -5055.6878
79400.0 -5059.7965
79600.0 -5061.5872
79800.0 -5061.7461
80000.0 -5061.368
80200.0 -5060.3498
80400.0 -5058.4031
80600.0 -5055.7548
80800.0 -5054.1159
81000.0 -5053.1494
81200.0 -5052.2832
81400.0 -5051.491
81600.0 -5051.0698
81800.0 -5051.1373
82000.0 -5052.71
82200.0 -5055.4028
82400.0 -5057.6145
82600.0 -5060.35
82800.0 -5062.6927
83000.0 -5064.2854
83200.0 -5065.6287
83400.0 -5065.9729
83600.0 -5063.5381
83800.0 -5058.5166
84000.0 -5054.4017
84200.0 -5051.6772
84400.0 -5050.4418
84600.0 -5050.2645
84800.0 -5051.2067
85000.0 -5053.0356
85200.0 -5054.3242
85400.0 -5055.1509
85600.0 -5057.213
85800.0 -5060.3721
86000.0 -5062.3095
86200.0 -5063.0861
86400.0 -5062.9662
86600.0 -5061.6102
86800.0 -5059.1636
87000.0 -5056.4178
87200.0 -5053.767
87400.0 -5050.9943
87600.0 -5048.8245
87800.0 -5048.7123
88000.0 -5049.1972
88200.0 -5051.3139
88400.0 -5054.9381
88600.0 -5058.8724
88800.0 -5061.3954
89000.0 -5062.6884
89200.0 -5063.3951
89400.0 -5062.7784
89600.0 -5060.8724
89800.0 -5059.0867
90000.0 -5056.8315
90200.0 -5051.5582
90400.0 -5045.7188
90600.0 -5044.082
90800.0 -5043.3454
91000.0 -5044.3309
91200.0 -5048.251
91400.0 -5052.5324
91600.0 -5055.0414
91800.0 -5056.4994
92000.0 -5057.3417
92200.0 -5057.7758
92400.0 -5058.3963
92600.0 -5060.2094
92800.0 -5061.6903
93000.0 -5062.259
93200.0 -5063.449
93400.0 -5063.9011
93600.0 -5063.6604
93800.0 -5062.3009
94000.0 -5059.6445
94200.0 -5056.703
94400.0 -5054.2025
94600.0 -5052.3612
94800.0 -5051.536
95000.0 -5050.6058
95200.0 -5050.2642
95400.0 -5052.0177
95600.0 -5056.5705
95800.0 -5060.7923
96000.0 -5063.6702
96200.0 -5064.1795
96400.0 -5063.2756
96600.0 -5062.0773
96800.0 -5060.7479
97000.0 -5058.7702
97200.0 -5056.8114
97400.0 -5055.3062
97600.0 -5054.6348
97800.0 -5053.5168
98000.0 -5051.7
98200.0 -5049.8245
98400.0 -5047.1987
98600.0 -5043.8651
98800.0 -5042.2484
99000.0 -5043.2872
99200.0 -5045.2365
99400.0 -5048.7674
99600.0 -5053.3599
99800.0 -5056.2632
100000.0 -5058.5238
