0.0 160.42097
200.0 162.57644
400.0 159.7228
600.0 159.67244
800.0 160.9869
1000.0 161.36407
1200.0 158.40669
1400.0 155.35903
1600.0 153.85612
1800.0 153.48403
2000.0 157.42404
2200.0 157.87047
2400.0 160.35315
2600.0 158.09475
2800.0 160.10533
3000.0 160.33467
3200.0 162.69559
3400.0 159.87007
3600.0 161.72203
3800.0 161.15292
4000.0 158.75605
4200.0 156.9033
4400.0 157.74248
4600.0 156.62073
4800.0 154.00566
5000.0 153.03663
5200.0 154.06133
5400.0 158.53047
5600.0 161.03283
5800.0 161.95728
6000.0 161.02688
6200.0 160.8382
6400.0 159.68592
6600.0 157.52365
6800.0 155.72473
7000.0 153.66274
7200.0 156.09752
7400.0 158.49435
7600.0 159.83922
7800.0 162.23765
8000.0 160.23929
8200.0 158.84409
8400.0 155.35774
8600.0 157.41316
8800.0 157.19569
9000.0 161.34139
9200.0 155.70915
9400.0 152.81451
9600.0 152.4874
9800.0 157.01879
10000.0 159.9138
10200.0 159.72583
10400.0 158.55553
10600.0 158.70925
10800.0 153.97626
11000.0 154.15288
11200.0 153.74588
11400.0 159.72832
11600.0 163.04538
11800.0 163.2264
12000.0 159.55712
12200.0 156.65861
12400.0 156.21925
12600.0 155.17851
12800.0 157.30968
13000.0 160.36099
13200.0 159.17371
13400.0 158.91449
13600.0 159.65559
13800.0 157.19303
14000.0 162.55265
14200.0 159.64588
14400.0 158.03267
14600.0 155.11159
14800.0 160.17071
15000.0 160.28839
15200.0 157.5968
15400.0 155.71513
15600.0 153.52787
15800.0 157.35424
16000.0 158.40225
16200.0 159.40795
16400.0 159.46239
16600.0 160.33939
16800.0 159.86616
17000.0 153.83819
17200.0 150.22316
17400.0 155.5261
17600.0 159.42138
17800.0 159.83944
18000.0 158.11161
18200.0 154.60213
18400.0 153.57389
18600.0 156.5442
18800.0 155.24132
19000.0 159.07952
19200.0 160.16003
19400.0 157.3717
19600.0 155.80251
19800.0 160.5802
20000.0 162.46297
20200.0 156.09575
20400.0 153.81688
20600.0 154.52633
20800.0 159.29625
21000.0 158.92568
21200.0 160.17684
21400.0 160.21117
21600.0 158.24127
21800.0 157.64252
22000.0 154.79044
22200.0 156.27345
22400.0 161.63214
22600.0 165.79281
22800.0 161.93828
23000.0 158.04154
23200.0 158.42467
23400.0 160.4998
23600.0 157.41312
23800.0 155.30397
24000.0 155.50177
24200.0 156.5839
24400.0 154.98174
24600.0 162.58333
24800.0 164.35253
25000.0 161.84578
25200.0 157.29475
25400.0 156.54213
25600.0 155.13265
25800.0 152.70218
26000.0 152.70524
26200.0 153.14285
26400.0 157.20589
26600.0 154.68681
26800.0 159.35345
27000.0 156.29885
27200.0 157.18685
27400.0 154.48227
27600.0 159.44893
27800.0 161.99288
28000.0 159.27467
28200.0 156.48682
28400.0 156.46105
28600.0 157.18907
28800.0 156.53349
29000.0 154.80612
29200.0 155.87823
29400.0 153.95989
29600.0 158.12646
29800.0 157.40776
30000.0 153.64594
30200.0 157.00015
30400.0 161.81621
30600.0 165.18814
30800.0 161.77807
31000.0 158.08187
31200.0 159.71145
31400.0 157.4362
31600.0 157.67922
31800.0 158.99947
32000.0 153.83334
32200.0 156.87171
32400.0 159.92497
32600.0 158.18694
32800.0 160.44083
33000.0 156.93229
33200.0 156.35834
33400.0 155.73547
33600.0 153.26728
33800.0 149.66048
34000.0 150.6701
34200.0 153.28414
34400.0 155.34039
34600.0 156.25265
34800.0 155.98608
35000.0 157.05571
35200.0 160.26441
35400.0 161.81196
35600.0 162.15872
35800.0 157.99445
36000.0 155.95437
36200.0 156.49959
36400.0 155.93752
36600.0 159.03079
36800.0 159.45203
37000.0 158.8915
37200.0 156.69967
37400.0 154.85906
37600.0 156.65786
37800.0 152.16035
38000.0 155.41598
38200.0 157.92599
38400.0 160.0517
38600.0 156.80802
38800.0 157.27638
39000.0 158.49868
39200.0 157.88673
39400.0 157.82478
39600.0 154.2096
39800.0 157.69727
40000.0 160.54505
40200.0 159.52433
40400.0 155.16361
40600.0 153.19923
40800.0 155.20196
41000.0 159.03502
41200.0 160.95757
41400.0 163.36654
41600.0 161.74398
41800.0 156.17377
42000.0 156.46114
42200.0 158.82539
42400.0 157.44159
42600.0 158.44487
42800.0 157.4227
43000.0 156.29942
43200.0 151.06465
43400.0 152.21896
43600.0 157.38896
43800.0 158.38792
44000.0 158.84535
44200.0 159.23065
44400.0 161.22104
44600.0 158.13101
44800.0 159.67565
45000.0 158.09631
45200.0 154.67802
45400.0 153.06636
45600.0 158.01358
45800.0 163.19256
46000.0 160.92896
46200.0 160.73528
46400.0 156.53311
46600.0 157.69154
46800.0 155.38177
47000.0 155.63906
47200.0 157.28987
47400.0 156.43713
47600.0 157.02409
47800.0 158.95922
48000.0 159.67374
48200.0 157.48708
48400.0 160.09126
48600.0 163.49269
48800.0 160.11647
49000.0 153.70223
49200.0 154.25911
49400.0 153.00222
49600.0 155.32335
49800.0 160.97575
50000.0 162.04881
50200.0 161.76046
50400.0 160.37829
50600.0 157.02851
50800.0 153.46588
51000.0 149.73636
51200.0 152.61017
51400.0 157.60719
51600.0 159.19486
51800.0 160.69646
52000.0 163.29646
52200.0 158.60945
52400.0 155.8742
52600.0 154.13737
52800.0 156.50429
53000.0 154.24536
53200.0 158.69175
53400.0 161.8355
53600.0 158.89878
53800.0 158.79428
54000.0 161.98202
54200.0 158.15844
54400.0 156.84603
54600.0 157.01839
54800.0 157.74582
55000.0 155.77672
55200.0 155.50219
55400.0 155.6264
55600.0 156.13485
55800.0 156.6725
56000.0 156.87587
56200.0 158.23712
56400.0 157.03206
56600.0 160.47767
56800.0 164.81687
57000.0 163.15291
57200.0 158.35148
57400.0 155.08584
57600.0 150.98539
57800.0 153.8502
58000.0 154.16042
58200.0 157.33689
58400.0 156.07029
58600.0 158.99556
58800.0 158.01232
59000.0 160.97778
59200.0 159.89582
59400.0 160.03547
59600.0 156.84398
59800.0 157.19913
60000.0 158.7252
60200.0 155.39432
60400.0 156.67104
60600.0 161.68925
60800.0 159.38209
61000.0 156.36602
61200.0 154.46129
61400.0 156.47781
61600.0 153.05179
61800.0 150.09358
62000.0 153.10289
62200.0 157.87464
62400.0 159.42047
62600.0 156.54312
62800.0 157.82056
63000.0 154.6926
63200.0 157.06605
63400.0 157.93945
63600.0 162.28501
63800.0 159.46227
64000.0 157.88603
64200.0 153.5425
64400.0 157.41837
64600.0 159.71258
64800.0 159.24776
65000.0 160.38494
65200.0 162.33095
65400.0 162.88457
65600.0 158.97176
65800.0 159.92687
66000.0 163.51867
66200.0 158.14256
66400.0 157.43251
66600.0 158.07758
66800.0 159.37468
67000.0 159.95597
67200.0 161.20458
67400.0 160.66101
67600.0 156.5273
67800.0 155.71246
68000.0 156.59199
68200.0 157.44454
68400.0 156.25879
68600.0 158.88401
68800.0 156.32478
69000.0 159.3418
69200.0 160.09242
69400.0 161.25947
69600.0 164.70183
69800.0 162.84218
70000.0 160.36329
70200.0 160.26184
70400.0 158.32995
70600.0 160.19878
70800.0 158.8626
71000.0 159.50268
71200.0 159.06644
71400.0 159.5241
71600.0 156.84905
71800.0 157.16855
72000.0 156.70474
72200.0 157.78743
72400.0 157.62706
72600.0 158.44404
72800.0 160.33825
73000.0 164.15082
73200.0 160.36913
73400.0 160.94353
73600.0 157.81039
73800.0 158.92215
74000.0 158.08541
74200.0 156.97256
74400.0 157.18079
74600.0 154.30225
74800.0 156.29858
75000.0 154.6292
75200.0 157.83304
75400.0 157.22589
75600.0 160.01018
75800.0 158.69092
76000.0 160.1837
76200.0 161.48335
76400.0 159.82483
76600.0 159.17737
76800.0 159.50282
77000.0 159.70756
77200.0 163.12415
77400.0 162.45647
77600.0 159.65775
77800.0 157.81951
78000.0 158.47402
78200.0 158.13796
78400.0 156.14714
78600.0 155.43566
78800.0 157.39199
79000.0 157.8481
79200.0 161.66416
79400.0 161.56666
79600.0 160.21557
79800.0 157.79909
80000.0 163.97253
80200.0 160.73297
80400.0 159.4889
80600.0 156.94555
80800.0 159.0696
81000.0 158.63724
81200.0 160.45485
81400.0 159.7784
81600.0 156.67016
81800.0 155.79899
82000.0 156.41167
82200.0 157.49715
82400.0 158.04302
82600.0 156.78353
82800.0 156.91475
83000.0 160.71686
83200.0 158.02272
83400.0 158.57238
83600.0 159.19378
83800.0 160.716
84000.0 158.84881
84200.0 157.86292
84400.0 159.66757
84600.0 159.95403
84800.0 161.97983
85000.0 158.46993
85200.0 156.26548
85400.0 157.69816
85600.0 162.54202
85800.0 161.79714
86000.0 157.47468
86200.0 158.05127
86400.0 159.30649
86600.0 155.52268
86800.0 154.77321
87000.0 158.24742
87200.0 160.64573
87400.0 160.64614
87600.0 156.35297
87800.0 159.08274
88000.0 155.61664
88200.0 153.09687
88400.0 151.14002
88600.0 153.57423
88800.0 157.40997
89000.0 159.56345
89200.0 157.56342
89400.0 153.37786
89600.0 155.38205
89800.0 157.02602
90000.0 160.90387
90200.0 160.27874
90400.0 162.13452
90600.0 161.63672
90800.0 158.76983
91000.0 155.64769
91200.0 159.1734
91400.0 158.61054
91600.0 157.39284
91800.0 151.85187
92000.0 155.94125
92200.0 159.32033
92400.0 163.50593
92600.0 160.1348
92800.0 158.86983
93000.0 156.20884
93200.0 160.04225
93400.0 160.00224
93600.0 154.61403
93800.0 153.7774
94000.0 158.76369
94200.0 162.0348
94400.0 158.45972
94600.0 157.26923
94800.0 156.15417
95000.0 158.6261
95200.0 160.22233
95400.0 162.54404
95600.0 162.30999
95800.0 159.48609
96000.0 161.40858
96200.0 158.78265
96400.0 156.17468
96600.0 152.03927
96800.0 153.79737
97000.0 159.19654
97200.0 160.1185
97400.0 160.26408
97600.0 157.06841
97800.0 158.89096
98000.0 151.96693
98200.0 152.37735
98400.0 152.31154
98600.0 157.40063
98800.0 159.31086
99000.0 158.38878
99200.0 160.24295
99400.0 157.45873
99600.0 155.02544
99800.0 159.54959
100000.0 164.7601
