0.0 57.640538
200.0 57.745545
400.0 57.267266
600.0 56.58759
800.0 56.838093
1000.0 54.488932
1200.0 58.172829
1400.0 55.45181
1600.0 56.15872
1800.0 54.830801
2000.0 56.870317
2200.0 54.387033
2400.0 56.996876
2600.0 55.091873
2800.0 58.228342
3000.0 56.838278
3200.0 57.317541
3400.0 56.827765
3600.0 58.536536
3800.0 56.548336
4000.0 56.283245
4200.0 56.700455
4400.0 57.431711
4600.0 54.519809
4800.0 56.636752
5000.0 57.201305
5200.0 56.409163
5400.0 55.212282
5600.0 57.0458
5800.0 58.511296
6000.0 55.905089
6200.0 57.33711
6400.0 57.484046
6600.0 58.752109
6800.0 57.914615
7000.0 57.430843
7200.0 56.067921
7400.0 56.684273
7600.0 57.666051
7800.0 54.980918
8000.0 55.727415
8200.0 56.115898
8400.0 55.291048
8600.0 55.587543
8800.0 56.746536
9000.0 56.240687
9200.0 57.237204
9400.0 56.128233
9600.0 58.092419
9800.0 57.361626
10000.0 56.995154
10200.0 58.561149
10400.0 57.105482
10600.0 56.463846
10800.0 55.201989
11000.0 57.611005
11200.0 55.284701
11400.0 55.30588
11600.0 56.617917
11800.0 56.494339
12000.0 58.326295
12200.0 56.126841
12400.0 57.545063
12600.0 56.638167
12800.0 58.825741
13000.0 57.711649
13200.0 56.909405
13400.0 58.538732
13600.0 56.989594
13800.0 56.393593
14000.0 56.945387
14200.0 56.58662
14400.0 56.684247
14600.0 55.435849
14800.0 56.608114
15000.0 58.140762
15200.0 58.302083
15400.0 56.167871
15600.0 59.506514
15800.0 58.03593
16000.0 57.970777
16200.0 58.732509
16400.0 59.073311
16600.0 57.011949
16800.0 58.546054
17000.0 57.146439
17200.0 57.277051
17400.0 56.575833
17600.0 56.639633
17800.0 57.714561
18000.0 56.261497
18200.0 56.928587
18400.0 56.325548
18600.0 56.922845
18800.0 55.068039
19000.0 56.191527
19200.0 55.390309
19400.0 56.927457
19600.0 55.679636
19800.0 57.883673
20000.0 56.763963
20200.0 57.731358
20400.0 57.471505
20600.0 57.574836
20800.0 58.432455
21000.0 55.784884
21200.0 57.758644
21400.0 56.88707
21600.0 55.967603
21800.0 54.83278
22000.0 56.495763
22200.0 56.675479
22400.0 55.598473
22600.0 56.420809
22800.0 57.084449
23000.0 57.783792
23200.0 56.433657
23400.0 57.143264
23600.0 56.721645
23800.0 57.501681
24000.0 57.943227
24200.0 57.357526
24400.0 59.425984
24600.0 59.748927
24800.0 57.784181
25000.0 57.438907
25200.0 57.94603
25400.0 57.8383
25600.0 57.21796
25800.0 56.854208
26000.0 55.612306
26200.0 57.196707
26400.0 56.403706
26600.0 57.219442
26800.0 56.626516
27000.0 58.120767
27200.0 57.195702
27400.0 57.593875
27600.0 55.86989
27800.0 58.629516
28000.0 57.118969
28200.0 58.378226
28400.0 56.538983
28600.0 59.486645
28800.0 57.738864
29000.0 56.813571
29200.0 56.168268
29400.0 57.254504
29600.0 56.82387
29800.0 56.577989
30000.0 57.508758
30200.0 56.35499
30400.0 55.778116
30600.0 56.876013
30800.0 57.283744
31000.0 57.459422
31200.0 59.020319
31400.0 57.550215
31600.0 56.994975
31800.0 57.390898
32000.0 57.51422
32200.0 57.740295
32400.0 57.94248
32600.0 56.129497
32800.0 56.023554
33000.0 57.554271
33200.0 57.577957
33400.0 54.204143
33600.0 57.020637
33800.0 57.162027
34000.0 57.849153
34200.0 56.514922
34400.0 56.821421
34600.0 56.648421
34800.0 58.180102
35000.0 58.517391
35200.0 58.434661
35400.0 58.639845
35600.0 59.340601
35800.0 58.71621
36000.0 57.487554
36200.0 57.573301
36400.0 58.005873
36600.0 57.658309
36800.0 56.671957
37000.0 56.912948
37200.0 57.273372
37400.0 56.234572
37600.0 55.675639
37800.0 56.584123
38000.0 57.825615
38200.0 55.528944
38400.0 57.893831
38600.0 57.368207
38800.0 58.28971
39000.0 57.757557
39200.0 58.455138
39400.0 56.754534
39600.0 57.7204
39800.0 59.652001
40000.0 55.188891
40200.0 56.106479
40400.0 57.106697
40600.0 56.603746
40800.0 57.830431
41000.0 54.763474
41200.0 56.54948
41400.0 56.311185
41600.0 57.56652
41800.0 56.963314
42000.0 58.40587
42200.0 57.617799
42400.0 59.011193
42600.0 56.057224
42800.0 58.461004
43000.0 57.778562
43200.0 56.16615
43400.0 56.751691
43600.0 56.386175
43800.0 56.061293
44000.0 58.864365
44200.0 56.101973
44400.0 57.079049
44600.0 55.857226
44800.0 58.756145
45000.0 57.980475
45200.0 57.867319
45400.0 58.008649
45600.0 57.819495
45800.0 59.788972
46000.0 57.229725
46200.0 58.120369
46400.0 57.522388
46600.0 57.189118
46800.0 57.635039
47000.0 57.215851
47200.0 56.88893
47400.0 57.032613
47600.0 55.998698
47800.0 57.18974
48000.0 55.934519
48200.0 56.125994
48400.0 57.832966
48600.0 58.354447
48800.0 57.22794
49000.0 58.033127
49200.0 58.06664
49400.0 57.856326
49600.0 56.716053
49800.0 57.916765
50000.0 55.625534
50200.0 56.557716
50400.0 56.371965
50600.0 56.628489
50800.0 55.946501
51000.0 56.962393
51200.0 56.526084
51400.0 56.10416
51600.0 57.367041
51800.0 58.082762
52000.0 57.677974
52200.0 57.829858
52400.0 57.322801
52600.0 56.904825
52800.0 57.578947
53000.0 55.052138
53200.0 57.873731
53400.0 54.488218
53600.0 55.998699
53800.0 56.666051
54000.0 55.958463
54200.0 56.153371
54400.0 58.177605
54600.0 57.851017
54800.0 56.2898
55000.0 56.436517
55200.0 57.107675
55400.0 57.603095
55600.0 56.658009
55800.0 58.616972
56000.0 58.699567
56200.0 57.011412
56400.0 56.706808
56600.0 55.687105
56800.0 57.158677
57000.0 55.292325
57200.0 57.202061
57400.0 56.619184
57600.0 56.068197
57800.0 57.057725
58000.0 57.017828
58200.0 56.369009
58400.0 58.109672
58600.0 58.315028
58800.0 57.272095
59000.0 58.537611
59200.0 58.224813
59400.0 57.027591
59600.0 56.219375
59800.0 57.28255
60000.0 57.721353
60200.0 57.640835
60400.0 54.867002
60600.0 57.375649
60800.0 56.795621
61000.0 57.289717
61200.0 57.51495
61400.0 57.054954
61600.0 56.589529
61800.0 58.5547
62000.0 57.326047
62200.0 57.796234
62400.0 57.99949
62600.0 59.075334
62800.0 57.806853
63000.0 58.018653
63200.0 57.029082
63400.0 54.909717
63600.0 58.791991
63800.0 57.455525
64000.0 56.173756
64200.0 55.563412
64400.0 56.492472
64600.0 56.972218
64800.0 57.031691
65000.0 57.823946
65200.0 59.293525
65400.0 57.589404
65600.0 56.921117
65800.0 58.443275
66000.0 56.359332
66200.0 57.799429
66400.0 57.932263
66600.0 57.773055
66800.0 56.781026
67000.0 57.079668
67200.0 56.729072
67400.0 55.915137
67600.0 56.260421
67800.0 58.476518
68000.0 57.592173
68200.0 55.448739
68400.0 57.415763
68600.0 57.130893
68800.0 58.307714
69000.0 59.050467
69200.0 58.191969
69400.0 56.282768
69600.0 57.499255
69800.0 57.833919
70000.0 56.809798
70200.0 55.769865
70400.0 57.390453
70600.0 55.577536
70800.0 55.869469
71000.0 57.256114
71200.0 58.318243
71400.0 55.197373
71600.0 56.174546
71800.0 57.860813
72000.0 57.689537
72200.0 56.468287
72400.0 57.70557
72600.0 57.328109
72800.0 57.639815
73000.0 56.838758
73200.0 56.053933
73400.0 58.428209
73600.0 56.525872
73800.0 56.882516
74000.0 57.395912
74200.0 57.339759
74400.0 55.632486
74600.0 56.941111
74800.0 56.84587
75000.0 57.178661
75200.0 56.249113
75400.0 57.76413
75600.0 55.809387
75800.0 58.248484
76000.0 56.851489
76200.0 58.378707
76400.0 57.047371
76600.0 57.925088
76800.0 58.826243
77000.0 56.970726
77200.0 57.794102
77400.0 57.084984
77600.0 55.844155
77800.0 56.841932
78000.0 56.70192
78200.0 55.485869
78400.0 57.149722
78600.0 58.313783
78800.0 56.199655
79000.0 56.347129
79200.0 57.578593
79400.0 57.397555
79600.0 60.324022
79800.0 56.906151
80000.0 57.577825
80200.0 59.161248
80400.0 56.973454
80600.0 56.421943
80800.0 57.594965
81000.0 58.083708
81200.0 55.925431
81400.0 57.224163
81600.0 56.336923
81800.0 56.350501
82000.0 57.268749
82200.0 57.026585
82400.0 55.954025
82600.0 58.834743
82800.0 58.018564
83000.0 57.565431
83200.0 58.557064
83400.0 58.695742
83600.0 58.384849
83800.0 57.821985
84000.0 56.671079
84200.0 57.809248
84400.0 56.987353
84600.0 57.794645
84800.0 57.248013
85000.0 56.378817
85200.0 56.281895
85400.0 56.967189
85600.0 57.164081
85800.0 55.063276
86000.0 57.681268
86200.0 58.616135
86400.0 58.124136
86600.0 57.832179
86800.0 57.217692
87000.0 57.929814
87200.0 57.786271
87400.0 56.936537
87600.0 55.608165
87800.0 57.206726
88000.0 57.104421
88200.0 56.667042
88400.0 55.956785
88600.0 56.629302
88800.0 57.917794
89000.0 56.017912
89200.0 56.642441
89400.0 57.695711
89600.0 58.596518
89800.0 57.912244
90000.0 58.03893
90200.0 58.378338
90400.0 58.411614
90600.0 57.013213
90800.0 56.771128
91000.0 56.054346
91200.0 56.796248
91400.0 55.880515
91600.0 57.41982
91800.0 57.110416
92000.0 55.903634
92200.0 56.659292
92400.0 58.468635
92600.0 60.141135
92800.0 56.405238
93000.0 56.427939
93200.0 56.560132
93400.0 59.213104
93600.0 55.422569
93800.0 56.52535
94000.0 56.195959
94200.0 55.958059
94400.0 55.853467
94600.0 55.806377
94800.0 54.583595
95000.0 55.313062
95200.0 55.696262
95400.0 57.224063
95600.0 57.113404
95800.0 55.587374
96000.0 57.211436
96200.0 58.074129
96400.0 56.635126
96600.0 57.541719
96800.0 57.931033
97000.0 57.675051
97200.0 58.339408
97400.0 55.822651
97600.0 57.932785
97800.0 56.500968
98000.0 55.214016
98200.0 56.1503
98400.0 57.052321
98600.0 55.777703
98800.0 56.311313
99000.0 58.082515
99200.0 57.056448
99400.0 56.150069
99600.0 57.763933
99800.0 57.288922
100000.0 56.990048
