0.0 1.0485358
200.0 1.0575586
400.0 1.0547626
600.0 1.021528
800.0 0.98566716
1000.0 0.96666217
1200.0 0.97424782
1400.0 0.98662119
1600.0 0.99615161
1800.0 1.0082787
2000.0 1.0218006
2200.0 1.0007174
2400.0 0.97866172
2600.0 0.96289412
2800.0 0.95086495
3000.0 0.95995812
3200.0 0.98117402
3400.0 1.0064261
3600.0 1.023919
3800.0 1.0275796
4000.0 1.0166062
4200.0 0.99798634
4400.0 0.99740626
4600.0 1.0117024
4800.0 1.0277359
5000.0 1.0266442
5200.0 1.0133418
5400.0 1.0131052
5600.0 1.0105015
5800.0 1.0004814
6000.0 0.98684279
6200.0 0.98034434
6400.0 0.98523561
6600.0 1.0021195
6800.0 1.0032358
7000.0 1.0111997
7200.0 1.0052666
7400.0 0.99329073
7600.0 0.96978243
7800.0 0.94996575
8000.0 0.94580307
8200.0 0.95633649
8400.0 0.98706774
8600.0 1.0220255
8800.0 1.0466979
9000.0 1.0500855
9200.0 1.0341783
9400.0 1.0007632
9600.0 0.98000426
9800.0 0.98883562
10000.0 0.99887888
10200.0 1.0238198
10400.0 1.0164165
10600.0 1.0122413
10800.0 1.0095729
11000.0 0.99563063
11200.0 0.98482443
11400.0 0.97378544
11600.0 0.97534872
11800.0 0.99088781
12000.0 0.99475412
12200.0 1.0078906
12400.0 1.0062106
12600.0 0.98683459
12800.0 0.94428735
13000.0 0.91486414
13200.0 0.92337485
13400.0 0.9518577
13600.0 0.99467913
13800.0 1.0271042
14000.0 1.0448954
14200.0 1.0330147
14400.0 1.0104824
14600.0 0.9934177
14800.0 0.99485685
15000.0 0.99392852
15200.0 1.0039138
15400.0 1.0056987
15600.0 1.0126693
15800.0 1.0158167
16000.0 1.0143788
16200.0 1.0030727
16400.0 0.97569767
16600.0 0.96729722
16800.0 0.967229
17000.0 0.96293722
17200.0 0.97299687
17400.0 0.99383459
17600.0 1.0219527
17800.0 1.0249499
18000.0 1.021143
18200.0 1.0043251
18400.0 1.0070086
18600.0 1.0160938
18800.0 1.0268677
19000.0 1.0322754
19200.0 1.0324897
19400.0 1.0342894
19600.0 1.0181701
19800.0 1.0023995
20000.0 0.99483997
20200.0 0.99970283
20400.0 0.99273948
20600.0 0.98517574
20800.0 0.97508277
21000.0 0.96677242
21200.0 0.96094788
21400.0 0.96354025
21600.0 0.96239779
21800.0 0.95888096
22000.0 0.95895186
22200.0 0.96550712
22400.0 0.97735558
22600.0 1.0101747
22800.0 1.0379178
23000.0 1.0552892
23200.0 1.0509862
23400.0 1.0209425
23600.0 0.98743483
23800.0 0.97027267
24000.0 0.97432782
24200.0 0.964493
24400.0 0.98003377
24600.0 1.010796
24800.0 1.0285238
25000.0 1.025504
25200.0 1.0188338
25400.0 0.98821161
25600.0 0.95418738
25800.0 0.94814459
26000.0 0.96807085
26200.0 0.99699096
26400.0 1.0282506
26600.0 1.0623309
26800.0 1.0622532
27000.0 1.0536108
27200.0 1.0295052
27400.0 0.99454442
27600.0 0.97540984
27800.0 0.97871983
28000.0 0.99055202
28200.0 1.005884
28400.0 1.0029525
28600.0 1.0031648
28800.0 0.99870671
29000.0 0.97889265
29200.0 0.97723699
29400.0 0.96854152
29600.0 0.97654043
29800.0 0.99764804
30000.0 1.0278536
30200.0 1.0332784
30400.0 1.0319813
30600.0 1.0180827
30800.0 0.99358217
31000.0 0.97267045
31200.0 0.96881763
31400.0 0.97574377
31600.0 0.99516315
31800.0 1.0232067
32000.0 1.0414476
32200.0 1.0512458
32400.0 1.0411455
32600.0 0.995461
32800.0 0.96437265
33000.0 0.96657883
33200.0 0.97957294
33400.0 0.98085657
33600.0 0.99880133
33800.0 1.0092103
34000.0 1.0184989
34200.0 1.0275828
34400.0 1.0267426
34600.0 1.0106924
34800.0 0.99175766
35000.0 0.97188397
35200.0 0.96884003
35400.0 0.98317323
35600.0 1.0106608
35800.0 1.0331344
36000.0 1.0357874
36200.0 1.0193305
36400.0 0.98932092
36600.0 0.96201321
36800.0 0.94415408
37000.0 0.94473855
37200.0 0.9652636
37400.0 0.99329248
37600.0 1.034946
37800.0 1.0668887
38000.0 1.0542743
38200.0 1.0064938
38400.0 0.98079991
38600.0 0.99129564
38800.0 0.98430351
39000.0 0.99721834
39200.0 1.0037842
39400.0 1.0130709
39600.0 1.0204402
39800.0 1.0117452
40000.0 0.99219606
40200.0 0.95864191
40400.0 0.94644706
40600.0 0.94486298
40800.0 0.95947957
41000.0 0.99842869
41200.0 1.0372922
41400.0 1.0663547
41600.0 1.0454363
41800.0 1.0254959
42000.0 0.99035739
42200.0 0.97715384
42400.0 0.9694442
42600.0 0.98137116
42800.0 0.98828058
43000.0 1.0064473
43200.0 1.0165982
43400.0 1.0318418
43600.0 1.0265157
43800.0 1.0053878
44000.0 0.97012147
44200.0 0.96916543
44400.0 0.98178729
44600.0 0.99627162
44800.0 1.0210153
45000.0 1.042251
45200.0 1.0579541
45400.0 1.0437621
45600.0 1.0148107
45800.0 0.98764749
46000.0 0.96495826
46200.0 0.95747175
46400.0 0.98073474
46600.0 1.0032791
46800.0 1.0018865
47000.0 1.0002047
47200.0 0.98423407
47400.0 0.9730436
47600.0 0.97535827
47800.0 0.974676
48000.0 0.98583026
48200.0 1.0095114
48400.0 1.0384423
48600.0 1.0487269
48800.0 1.0349273
49000.0 1.0163175
49200.0 1.0002149
49400.0 1.018961
49600.0 1.0120323
49800.0 1.0185817
50000.0 1.0284635
50200.0 1.0014189
50400.0 0.98101522
50600.0 0.97200725
50800.0 0.97047111
51000.0 0.98579661
51200.0 0.98586699
51400.0 0.99381523
51600.0 0.99862273
51800.0 0.98716163
52000.0 0.97277731
52200.0 0.95869192
52400.0 0.96129811
52600.0 0.97888837
52800.0 1.0087765
53000.0 1.027698
53200.0 1.0486674
53400.0 1.0332663
53600.0 1.010477
53800.0 0.99973426
54000.0 0.991997
54200.0 0.97961706
54400.0 0.98033509
54600.0 0.99167676
54800.0 1.0127491
55000.0 1.0114163
55200.0 1.0151084
55400.0 1.0039914
55600.0 0.99500985
55800.0 0.96612199
56000.0 0.94474329
56200.0 0.94545389
56400.0 0.97290057
56600.0 1.0115456
56800.0 1.0643757
57000.0 1.0937352
57200.0 1.0825993
57400.0 1.0331313
57600.0 0.98719205
57800.0 0.96389437
58000.0 0.96637328
58200.0 0.98238774
58400.0 0.99952509
58600.0 1.0109123
58800.0 1.0157303
59000.0 1.0173356
59200.0 1.0000895
59400.0 0.9804964
59600.0 0.95683723
59800.0 0.95169287
60000.0 0.97486082
60200.0 1.0025141
60400.0 1.050021
60600.0 1.0864991
60800.0 1.099535
61000.0 1.067562
61200.0 1.0198464
61400.0 0.9877121
61600.0 0.97278324
61800.0 0.98137167
62000.0 0.99558814
62200.0 1.0079109
62400.0 1.0167518
62600.0 1.0162716
62800.0 1.0131291
63000.0 0.99750747
63200.0 0.98108773
63400.0 0.96906293
63600.0 0.97507682
63800.0 0.98346423
64000.0 0.99887593
64200.0 1.0337676
64400.0 1.0465669
64600.0 1.0380204
64800.0 1.0033153
65000.0 0.97046943
65200.0 0.94969124
65400.0 0.9475589
65600.0 0.97080586
65800.0 0.9980899
66000.0 1.0280551
66200.0 1.0568558
66400.0 1.0600104
66600.0 1.0524066
66800.0 1.0260046
67000.0 0.99783407
67200.0 0.96362501
67400.0 0.93254501
67600.0 0.91784305
67800.0 0.92354362
68000.0 0.94903799
68200.0 0.96611656
68400.0 0.97985259
68600.0 0.98733464
68800.0 0.98516101
69000.0 0.97498878
69200.0 0.98109476
69400.0 0.99671375
69600.0 1.0003804
69800.0 1.0161366
70000.0 1.0250666
70200.0 1.0338325
70400.0 1.0137315
70600.0 1.0058354
70800.0 1.0003075
71000.0 0.97315556
71200.0 0.97116846
71400.0 0.98219945
71600.0 1.0048618
71800.0 1.0267704
72000.0 1.0335421
72200.0 1.0310088
72400.0 1.0114255
72600.0 0.98788088
72800.0 0.96335885
73000.0 0.9478984
73200.0 0.95560198
73400.0 0.97898424
73600.0 1.0071288
73800.0 1.026221
74000.0 1.0290751
74200.0 1.0167043
74400.0 1.0087452
74600.0 0.9969447
74800.0 0.97517392
75000.0 0.96806013
75200.0 0.98662168
75400.0 1.0070486
75600.0 1.0363555
75800.0 1.0430571
76000.0 1.0396581
76200.0 1.0195348
76400.0 0.97789466
76600.0 0.94655398
76800.0 0.94327861
77000.0 0.9596778
77200.0 0.98615427
77400.0 1.0166391
77600.0 1.0467071
77800.0 1.0464146
78000.0 1.0299244
78200.0 1.0150513
78400.0 1.0117191
78600.0 0.98462123
78800.0 0.970012
79000.0 0.97194119
79200.0 0.97592755
79400.0 0.98446422
79600.0 0.99022177
79800.0 1.0067927
80000.0 1.034816
80200.0 1.0509258
80400.0 1.0246452
80600.0 1.0104669
80800.0 1.0003454
81000.0 0.99836269
81200.0 1.0027926
81400.0 1.0122913
81600.0 1.0372314
81800.0 1.0467747
82000.0 1.024583
82200.0 0.99214645
82400.0 0.95663458
82600.0 0.94391072
82800.0 0.94198252
83000.0 0.95205934
83200.0 0.97355247
83400.0 1.0029871
83600.0 1.0211061
83800.0 1.0230939
84000.0 1.0053575
84200.0 0.98525221
84400.0 0.97716915
84600.0 0.98180111
84800.0 0.99728442
85000.0 1.0244321
85200.0 1.0383403
85400.0 1.043947
85600.0 1.0384848
85800.0 1.0106576
86000.0 0.97737884
86200.0 0.95109829
86400.0 0.94504205
86600.0 0.95475316
86800.0 0.98709713
87000.0 1.0276567
87200.0 1.0473491
87400.0 1.0470428
87600.0 1.0282743
87800.0 1.0009842
88000.0 0.98324271
88200.0 0.96102456
88400.0 0.96310767
88600.0 0.97985045
88800.0 1.0032848
89000.0 1.0318699
89200.0 1.0418149
89400.0 1.0320719
89600.0 0.99610163
89800.0 0.97321642
90000.0 0.95870024
90200.0 0.93576702
90400.0 0.93651955
90600.0 0.96445825
90800.0 0.99538643
91000.0 1.0084155
91200.0 1.0143933
91400.0 1.0117643
91600.0 1.007835
91800.0 1.0094863
92000.0 1.018852
92200.0 1.0160932
92400.0 1.0144094
92600.0 1.0085552
92800.0 0.99935939
93000.0 1.003184
93200.0 0.99025104
93400.0 0.97871142
93600.0 0.97807794
93800.0 0.97505417
94000.0 0.96202376
94200.0 0.96106783
94400.0 0.94434585
94600.0 0.94583405
94800.0 0.95823022
95000.0 0.98227653
95200.0 0.98590288
95400.0 0.98645507
95600.0 0.98936968
95800.0 1.0086571
96000.0 1.0255845
96200.0 1.0354695
96400.0 1.045069
96600.0 1.0374914
96800.0 1.0198651
97000.0 1.0013072
97200.0 0.99149096
97400.0 0.99108554
97600.0 0.99177813
97800.0 1.0000949
98000.0 0.99986029
98200.0 0.9960066
98400.0 0.97896217
98600.0 0.95739309
98800.0 0.94572858
99000.0 0.95888718
99200.0 0.98506522
99400.0 1.0109988
99600.0 1.0253075
99800.0 1.0224782
100000.0 1.0238777
