0.0 1086.9355
200.0 1098.6715
400.0 1120.0011
600.0 1140.9636
800.0 1152.2543
1000.0 1147.4217
1200.0 1109.9167
1400.0 1080.0234
1600.0 1076.0639
1800.0 1086.7389
2000.0 1106.733
2200.0 1127.435
2400.0 1139.3719
2600.0 1137.4255
2800.0 1122.5603
3000.0 1099.1875
3200.0 1081.3189
3400.0 1074.3327
3600.0 1080.9828
3800.0 1100.5845
4000.0 1121.9277
4200.0 1130.7251
4400.0 1131.1472
4600.0 1126.9905
4800.0 1119.8025
5000.0 1110.7368
5200.0 1101.4592
5400.0 1097.1114
5600.0 1095.4373
5800.0 1097.4884
6000.0 1107.8929
6200.0 1123.0878
6400.0 1141.834
6600.0 1144.8364
6800.0 1133.0318
7000.0 1114.8054
7200.0 1098.152
7400.0 1087.2204
7600.0 1084.1839
7800.0 1086.0944
8000.0 1094.8803
8200.0 1106.3716
8400.0 1117.1309
8600.0 1124.3158
8800.0 1123.3869
9000.0 1116.8394
9200.0 1104.5268
9400.0 1093.8596
9600.0 1085.6062
9800.0 1087.4832
10000.0 1100.8207
10200.0 1121.5599
10400.0 1141.4926
10600.0 1145.6921
10800.0 1136.0188
11000.0 1114.5593
11200.0 1091.1074
11400.0 1079.2505
11600.0 1081.2113
11800.0 1097.1825
12000.0 1117.2419
12200.0 1132.8456
12400.0 1137.6574
12600.0 1132.1525
12800.0 1117.8364
13000.0 1101.2522
13200.0 1088.1814
13400.0 1083.3924
13600.0 1089.5229
13800.0 1102.7095
14000.0 1119.9645
14200.0 1130.115
14400.0 1129.1835
14600.0 1121.965
14800.0 1111.9715
15000.0 1104.3623
15200.0 1102.1047
15400.0 1104.6357
15600.0 1110.5004
15800.0 1115.1983
16000.0 1119.6874
16200.0 1120.8397
16400.0 1118.5558
16600.0 1112.2783
16800.0 1108.7156
17000.0 1102.2026
17200.0 1097.7555
17400.0 1096.0425
17600.0 1104.1286
17800.0 1123.483
18000.0 1141.8786
18200.0 1142.6094
18400.0 1132.202
18600.0 1113.2678
18800.0 1096.4665
19000.0 1086.7165
19200.0 1092.404
19400.0 1106.8256
19600.0 1130.7452
19800.0 1152.8901
20000.0 1161.3684
20200.0 1145.2803
20400.0 1112.3963
20600.0 1090.3125
20800.0 1082.3973
21000.0 1085.5747
21200.0 1099.657
21400.0 1118.0422
21600.0 1132.451
21800.0 1137.2211
22000.0 1131.1155
22200.0 1114.1381
22400.0 1093.9903
22600.0 1079.5305
22800.0 1077.1123
23000.0 1089.5705
23200.0 1110.7591
23400.0 1136.6978
23600.0 1152.2189
23800.0 1149.622
24000.0 1113.0745
24200.0 1065.2778
24400.0 1052.1272
24600.0 1060.1588
24800.0 1078.8664
25000.0 1099.842
25200.0 1118.3042
25400.0 1128.7454
25600.0 1132.8733
25800.0 1127.6259
26000.0 1120.0211
26200.0 1106.6823
26400.0 1096.685
26600.0 1094.4977
26800.0 1102.2305
27000.0 1116.6849
27200.0 1127.7202
27400.0 1126.9305
27600.0 1113.9092
27800.0 1092.9454
28000.0 1079.3738
28200.0 1076.5984
28400.0 1084.5234
28600.0 1097.6526
28800.0 1108.089
29000.0 1111.9421
29200.0 1110.4803
29400.0 1104.5819
29600.0 1099.4396
29800.0 1100.7086
30000.0 1105.3314
30200.0 1116.5592
30400.0 1129.4658
30600.0 1138.2868
30800.0 1142.8952
31000.0 1131.5853
31200.0 1106.9432
31400.0 1104.3803
31600.0 1109.1654
31800.0 1111.7988
32000.0 1106.9494
32200.0 1098.5918
32400.0 1090.2638
32600.0 1088.1207
32800.0 1096.1291
33000.0 1109.7016
33200.0 1121.1903
33400.0 1122.9012
33600.0 1118.4723
33800.0 1113.8174
34000.0 1110.0083
34200.0 1106.9613
34400.0 1109.7053
34600.0 1111.1645
34800.0 1113.4362
35000.0 1109.7661
35200.0 1105.2283
35400.0 1097.1808
35600.0 1093.364
35800.0 1092.9709
36000.0 1097.7042
36200.0 1107.9614
36400.0 1119.845
36600.0 1130.6342
36800.0 1135.1706
37000.0 1130.31
37200.0 1117.1523
37400.0 1096.0933
37600.0 1075.3722
37800.0 1065.5063
38000.0 1076.2526
38200.0 1101.2008
38400.0 1131.8076
38600.0 1146.6212
38800.0 1144.1178
39000.0 1129.6098
39200.0 1114.021
39400.0 1103.4848
39600.0 1099.236
39800.0 1100.9658
40000.0 1106.0473
40200.0 1113.7478
40400.0 1120.9693
40600.0 1127.8608
40800.0 1134.7892
41000.0 1139.0918
41200.0 1136.3555
41400.0 1123.8929
41600.0 1107.1691
41800.0 1092.5879
42000.0 1086.9496
42200.0 1093.3345
42400.0 1109.004
42600.0 1125.3453
42800.0 1136.7167
43000.0 1133.9487
43200.0 1114.631
43400.0 1089.5327
43600.0 1075.6055
43800.0 1075.0622
44000.0 1086.0665
44200.0 1104.4542
44400.0 1119.0068
44600.0 1124.9218
44800.0 1122.1518
45000.0 1115.5357
45200.0 1108.2222
45400.0 1101.8945
45600.0 1099.2637
45800.0 1103.2623
46000.0 1114.2627
46200.0 1135.3454
46400.0 1157.4067
46600.0 1158.7722
46800.0 1137.4691
47000.0 1100.6942
47200.0 1072.0231
47400.0 1069.6486
47600.0 1090.1296
47800.0 1113.0471
48000.0 1131.7964
48200.0 1137.3361
48400.0 1136.8017
48600.0 1128.3611
48800.0 1116.3415
49000.0 1109.827
49200.0 1105.5984
49400.0 1105.75
49600.0 1107.3187
49800.0 1108.1371
50000.0 1107.8769
50200.0 1104.6645
50400.0 1100.5156
50600.0 1093.8257
50800.0 1089.899
51000.0 1090.965
51200.0 1100.1245
51400.0 1111.3108
51600.0 1121.646
51800.0 1124.9339
52000.0 1120.5134
52200.0 1114.5421
52400.0 1107.2432
52600.0 1108.6965
52800.0 1114.6974
53000.0 1130.7759
53200.0 1148.855
53400.0 1157.729
53600.0 1149.7354
53800.0 1130.0967
54000.0 1116.8802
54200.0 1115.3807
54400.0 1116.7867
54600.0 1114.7022
54800.0 1109.3088
55000.0 1101.5974
55200.0 1091.0583
55400.0 1084.2305
55600.0 1083.9494
55800.0 1096.9727
56000.0 1112.1938
56200.0 1116.5944
56400.0 1112.0654
56600.0 1111.3116
56800.0 1111.2739
57000.0 1114.5411
57200.0 1118.8184
57400.0 1119.7388
57600.0 1117.5304
57800.0 1107.7388
58000.0 1092.9354
58200.0 1085.8477
58400.0 1086.6768
58600.0 1094.6964
58800.0 1106.851
59000.0 1122.3942
59200.0 1138.1668
59400.0 1150.3755
59600.0 1151.7636
59800.0 1141.457
60000.0 1115.6131
60200.0 1084.0668
60400.0 1068.9413
60600.0 1070.6242
60800.0 1088.7675
61000.0 1115.1782
61200.0 1133.7233
61400.0 1140.1754
61600.0 1134.0198
61800.0 1122.0563
62000.0 1108.8951
62200.0 1098.9049
62400.0 1094.1276
62600.0 1096.6345
62800.0 1102.0291
63000.0 1110.6382
63200.0 1120.4613
63400.0 1125.1688
63600.0 1126.2759
63800.0 1120.973
64000.0 1102.9908
64200.0 1078.7487
64400.0 1069.1674
64600.0 1080.0597
64800.0 1101.5196
65000.0 1124.91
65200.0 1137.8694
65400.0 1136.7838
65600.0 1121.0241
65800.0 1095.2952
66000.0 1071.0833
66200.0 1062.0728
66400.0 1070.8678
66600.0 1101.2411
66800.0 1124.858
67000.0 1129.3516
67200.0 1125.7867
67400.0 1116.1937
67600.0 1104.2636
67800.0 1094.8528
68000.0 1090.1944
68200.0 1093.258
68400.0 1107.4681
68600.0 1128.0248
68800.0 1146.9266
69000.0 1154.8299
69200.0 1141.5469
69400.0 1109.8966
69600.0 1087.6706
69800.0 1080.6893
70000.0 1082.1882
70200.0 1092.9564
70400.0 1108.4981
70600.0 1121.2659
70800.0 1128.3447
71000.0 1127.4018
71200.0 1120.8313
71400.0 1108.2422
71600.0 1093.8121
71800.0 1083.1486
72000.0 1077.6192
72200.0 1081.6616
72400.0 1095.8438
72600.0 1117.4471
72800.0 1136.1398
73000.0 1141.6967
73200.0 1132.7226
73400.0 1109.1451
73600.0 1085.6859
73800.0 1070.9889
74000.0 1071.4906
74200.0 1091.1437
74400.0 1117.0449
74600.0 1130.5077
74800.0 1132.2118
75000.0 1126.5886
75200.0 1116.1584
75400.0 1104.9656
75600.0 1097.1787
75800.0 1094.4812
76000.0 1097.4044
76200.0 1109.3042
76400.0 1126.0569
76600.0 1144.0245
76800.0 1153.6448
77000.0 1144.7089
77200.0 1120.3836
77400.0 1090.3991
77600.0 1074.2893
77800.0 1075.0574
78000.0 1092.3792
78200.0 1114.9453
78400.0 1132.3483
78600.0 1137.2864
78800.0 1132.6329
79000.0 1121.7959
79200.0 1110.3924
79400.0 1101.4343
79600.0 1094.1494
79800.0 1095.9095
80000.0 1102.8278
80200.0 1116.7088
80400.0 1131.2946
80600.0 1142.3668
80800.0 1144.8612
81000.0 1135.1387
81200.0 1107.9913
81400.0 1082.0083
81600.0 1075.2872
81800.0 1083.0486
82000.0 1100.0781
82200.0 1119.1746
82400.0 1132.8302
82600.0 1135.4024
82800.0 1127.1297
83000.0 1110.7116
83200.0 1088.3727
83400.0 1070.6966
83600.0 1066.4356
83800.0 1081.4537
84000.0 1120.8453
84200.0 1151.004
84400.0 1154.3895
84600.0 1140.9287
84800.0 1115.546
85000.0 1089.6099
85200.0 1072.6235
85400.0 1070.8533
85600.0 1087.5502
85800.0 1110.7284
86000.0 1130.2767
86200.0 1142.0213
86400.0 1142.7483
86600.0 1131.9356
86800.0 1118.5779
87000.0 1106.01
87200.0 1100.3836
87400.0 1100.4555
87600.0 1101.6157
87800.0 1107.1342
88000.0 1111.3517
88200.0 1115.1007
88400.0 1119.0949
88600.0 1126.2919
88800.0 1133.0971
89000.0 1135.1929
89200.0 1131.3814
89400.0 1127.0027
89600.0 1120.3119
89800.0 1112.3941
90000.0 1103.577
90200.0 1095.1937
90400.0 1093.7857
90600.0 1099.5177
90800.0 1106.1335
91000.0 1110.6499
91200.0 1113.0831
91400.0 1112.7797
91600.0 1110.6675
91800.0 1107.2161
92000.0 1104.5658
92200.0 1104.0055
92400.0 1108.8202
92600.0 1119.8
92800.0 1130.6368
93000.0 1135.7056
93200.0 1132.9481
93400.0 1121.4881
93600.0 1102.5535
93800.0 1082.3449
94000.0 1071.6683
94200.0 1079.1205
94400.0 1103.5114
94600.0 1133.8166
94800.0 1155.6903
95000.0 1160.6188
95200.0 1141.4406
95400.0 1106.2153
95600.0 1082.0827
95800.0 1077.3509
96000.0 1083.4849
96200.0 1099.2585
96400.0 1114.7658
96600.0 1128.0222
96800.0 1130.4516
97000.0 1124.7763
97200.0 1112.6153
97400.0 1096.9568
97600.0 1084.1841
97800.0 1076.2193
98000.0 1080.6314
98200.0 1103.3581
98400.0 1135.2582
98600.0 1157.4465
98800.0 1157.6177
99000.0 1133.7833
99200.0 1104.9757
99400.0 1081.9911
99600.0 1074.4582
99800.0 1080.6731
100000.0 1095.9979
