0.0 1.0028139
200.0 0.99327288
400.0 1.0135162
600.0 1.0308243
800.0 1.0460825
1000.0 1.0327182
1200.0 1.0040676
1400.0 0.96409852
1600.0 0.9437797
1800.0 0.94165236
2000.0 0.95191092
2200.0 0.98955879
2400.0 1.0254645
2600.0 1.0377679
2800.0 1.0303664
3000.0 1.0125569
3200.0 0.98703534
3400.0 0.98020967
3600.0 0.96050768
3800.0 0.97254061
4000.0 0.9918874
4200.0 1.025963
4400.0 1.0548893
4600.0 1.0634412
4800.0 1.0444619
5000.0 1.0218418
5200.0 1.0103988
5400.0 1.0086762
5600.0 1.0071843
5800.0 1.0047728
6000.0 0.99770471
6200.0 0.99362007
6400.0 0.99686474
6600.0 0.98219988
6800.0 0.9713667
7000.0 0.95019831
7200.0 0.96393529
7400.0 0.96933633
7600.0 0.98797167
7800.0 0.99032422
8000.0 1.0004833
8200.0 0.9773133
8400.0 0.98958232
8600.0 1.0025857
8800.0 1.0173873
9000.0 1.0271915
9200.0 1.0258331
9400.0 1.0279698
9600.0 1.02348
9800.0 1.0172107
10000.0 1.0019143
10200.0 0.99085717
10400.0 0.9787328
10600.0 0.9744049
10800.0 0.97207863
11000.0 0.98117393
11200.0 0.99781942
11400.0 1.0102874
11600.0 1.0082701
11800.0 1.0001051
12000.0 0.99064455
12200.0 0.98148838
12400.0 0.9830386
12600.0 0.99475345
12800.0 1.0078516
13000.0 1.0278141
13200.0 1.0412824
13400.0 1.0485825
13600.0 1.0242208
13800.0 0.99160818
14000.0 0.94871791
14200.0 0.93469499
14400.0 0.94803487
14600.0 0.97270286
14800.0 1.0123544
15000.0 1.047352
15200.0 1.0435603
15400.0 1.0397237
15600.0 1.0100746
15800.0 0.9835166
16000.0 0.97227969
16200.0 0.96719286
16400.0 0.97373562
16600.0 1.0055965
16800.0 1.0400003
17000.0 1.0384722
17200.0 1.0265924
17400.0 0.99516514
17600.0 0.96625385
17800.0 0.9605597
18000.0 0.95821172
18200.0 0.96711764
18400.0 0.99568972
18600.0 1.0150083
18800.0 1.0290167
19000.0 1.0357481
19200.0 1.0237853
19400.0 1.009554
19600.0 0.99714423
19800.0 1.0005538
20000.0 0.98720063
20200.0 0.97446271
20400.0 0.97060597
20600.0 0.97131006
20800.0 0.97044228
21000.0 0.97653217
21200.0 0.98201234
21400.0 0.98577081
21600.0 0.97796746
21800.0 0.9645921
22000.0 0.95438601
22200.0 0.97699761
22400.0 1.0163484
22600.0 1.0366826
22800.0 1.0466093
23000.0 1.0407975
23200.0 1.0267728
23400.0 1.0121323
23600.0 1.0081262
23800.0 0.99410208
24000.0 0.99330699
24200.0 0.99893576
24400.0 1.0054232
24600.0 1.006207
24800.0 1.0049108
25000.0 0.98103031
25200.0 0.98844473
25400.0 0.96089259
25600.0 0.95724238
25800.0 0.96546955
26000.0 0.99096055
26200.0 1.0392082
26400.0 1.0808202
26600.0 1.0841701
26800.0 1.0637474
27000.0 1.0265757
27200.0 0.99686804
27400.0 0.98787332
27600.0 0.98999929
27800.0 0.99975196
28000.0 1.021057
28200.0 1.0215829
28400.0 1.0174481
28600.0 0.99374718
28800.0 0.98356574
29000.0 0.97480597
29200.0 0.97315682
29400.0 0.97821097
29600.0 0.99563538
29800.0 1.0194878
30000.0 1.038014
30200.0 1.0302061
30400.0 1.013487
30600.0 0.97230889
30800.0 0.92930892
31000.0 0.91151846
31200.0 0.93276777
31400.0 0.98975471
31600.0 1.0037703
31800.0 1.0212536
32000.0 1.0256395
32200.0 1.0482866
32400.0 1.0232718
32600.0 0.99877247
32800.0 0.99273517
33000.0 0.98337318
33200.0 0.99090254
33400.0 1.0135869
33600.0 1.0089622
33800.0 1.0123616
34000.0 1.0220869
34200.0 1.0095546
34400.0 0.98823211
34600.0 0.97893347
34800.0 0.95414319
35000.0 0.94721054
35200.0 0.95755802
35400.0 0.95953
35600.0 0.98395209
35800.0 1.0200232
36000.0 1.0341525
36200.0 1.0128132
36400.0 0.995536
36600.0 0.98584009
36800.0 0.99190801
37000.0 1.0087817
37200.0 1.0239288
37400.0 1.0312532
37600.0 1.0313834
37800.0 1.019921
38000.0 1.0051086
38200.0 0.99222402
38400.0 0.96754799
38600.0 0.96053609
38800.0 0.96949461
39000.0 0.9694472
39200.0 0.97772237
39400.0 0.9800026
39600.0 0.98118393
39800.0 0.98338357
40000.0 0.99389179
40200.0 1.011443
40400.0 1.0314848
40600.0 1.0499323
40800.0 1.0469848
41000.0 1.0431642
41200.0 1.0161949
41400.0 0.99879289
41600.0 0.99139283
41800.0 1.0074272
42000.0 1.0220888
42200.0 1.0275893
42400.0 1.0240397
42600.0 1.0063773
42800.0 0.98649158
43000.0 0.97250905
43200.0 0.97869746
43400.0 0.98651659
43600.0 0.98611409
43800.0 1.0006187
44000.0 1.003223
44200.0 0.99978199
44400.0 1.0096593
44600.0 0.98967079
44800.0 0.97806953
45000.0 0.98219012
45200.0 0.99756623
45400.0 1.0314606
45600.0 1.0563018
45800.0 1.0658524
46000.0 1.0630265
46200.0 1.0275589
46400.0 0.99783854
46600.0 0.98390232
46800.0 0.9746705
47000.0 0.97841877
47200.0 1.0011304
47400.0 1.0004861
47600.0 0.98414103
47800.0 0.98860831
48000.0 0.99985333
48200.0 1.0016724
48400.0 0.99922373
48600.0 0.99801772
48800.0 0.99747155
49000.0 0.99348214
49200.0 0.98747854
49400.0 0.99321489
49600.0 1.0244378
49800.0 1.0353853
50000.0 1.0580291
50200.0 1.0614026
50400.0 1.0550425
50600.0 1.0125443
50800.0 0.95693131
51000.0 0.95082152
51200.0 0.95025005
51400.0 0.97412877
51600.0 1.0048868
51800.0 1.0081667
52000.0 1.0065227
52200.0 0.99406423
52400.0 0.98598098
52600.0 0.97499188
52800.0 0.97078608
53000.0 0.99024189
53200.0 1.0093418
53400.0 1.0205214
53600.0 1.0368781
53800.0 1.0440908
54000.0 1.0194944
54200.0 0.98235483
54400.0 0.94997164
54600.0 0.95676837
54800.0 0.97361234
55000.0 1.0228509
55200.0 1.0819543
55400.0 1.0824426
55600.0 1.068296
55800.0 1.0494186
56000.0 1.0135773
56200.0 0.97610028
56400.0 0.96250023
56600.0 0.97177805
56800.0 0.98542539
57000.0 1.002007
57200.0 1.001478
57400.0 0.99767119
57600.0 0.98248759
57800.0 0.97395604
58000.0 0.97400083
58200.0 0.98160335
58400.0 0.9978844
58600.0 1.0008247
58800.0 1.0140232
59000.0 1.0076162
59200.0 1.0043578
59400.0 1.0179821
59600.0 1.0382698
59800.0 1.0403438
60000.0 1.0512478
60200.0 1.0429883
60400.0 1.0109121
60600.0 0.99293706
60800.0 0.97735295
61000.0 0.97453169
61200.0 0.98366045
61400.0 0.99899576
61600.0 1.0157314
61800.0 1.0265803
62000.0 1.0236926
62200.0 1.0055651
62400.0 0.97691571
62600.0 0.95345672
62800.0 0.95143986
63000.0 0.95844553
63200.0 0.98511358
63400.0 1.0106025
63600.0 1.033486
63800.0 1.0540334
64000.0 1.0169436
64200.0 1.0016668
64400.0 0.9859264
64600.0 0.97689929
64800.0 0.98608877
65000.0 1.0080346
65200.0 1.0202865
65400.0 1.0277697
65600.0 1.0328082
65800.0 1.0068895
66000.0 1.0034002
66200.0 0.98808219
66400.0 0.99239259
66600.0 1.0045767
66800.0 1.021041
67000.0 1.0156076
67200.0 1.0162662
67400.0 1.0292527
67600.0 0.98651994
67800.0 0.96579806
68000.0 0.94691207
68200.0 0.94775897
68400.0 0.97683163
68600.0 0.99796032
68800.0 1.014376
69000.0 1.0297202
69200.0 1.0334706
69400.0 1.0239022
69600.0 0.98362058
69800.0 0.96599329
70000.0 0.9685386
70200.0 0.97827576
70400.0 1.0029739
70600.0 1.0433446
70800.0 1.039675
71000.0 1.0361589
71200.0 1.024997
71400.0 0.99453387
71600.0 0.97769151
71800.0 0.95427237
72000.0 0.9613967
72200.0 0.98547652
72400.0 1.0064132
72600.0 1.0204639
72800.0 1.0255054
73000.0 1.0053742
73200.0 0.9908173
73400.0 0.96866993
73600.0 0.97400506
73800.0 0.98015489
74000.0 1.0065043
74200.0 1.0332372
74400.0 1.054812
74600.0 1.0490905
74800.0 1.0245956
75000.0 0.99141865
75200.0 0.9668452
75400.0 0.96198933
75600.0 0.97778038
75800.0 1.0076564
76000.0 1.0228828
76200.0 1.0339707
76400.0 1.0386628
76600.0 1.0230757
76800.0 0.99459157
77000.0 0.97101902
77200.0 0.96567563
77400.0 0.96114257
77600.0 0.98141017
77800.0 1.0003886
78000.0 1.0012394
78200.0 1.0004447
78400.0 0.99041148
78600.0 0.99238688
78800.0 0.97473557
79000.0 0.98660173
79200.0 1.0114108
79400.0 1.0126736
79600.0 1.020111
79800.0 1.0353146
80000.0 1.0150812
80200.0 1.0029378
80400.0 0.98316369
80600.0 0.98039893
80800.0 1.0016156
81000.0 1.0321452
81200.0 1.0583959
81400.0 1.0591419
81600.0 1.0364293
81800.0 1.0044816
82000.0 0.97657697
82200.0 0.95852351
82400.0 0.96101028
82600.0 0.97102885
82800.0 0.98988645
83000.0 0.99686879
83200.0 0.99863636
83400.0 0.99189264
83600.0 0.99614089
83800.0 1.0040655
84000.0 1.0162489
84200.0 1.0085417
84400.0 1.0066002
84600.0 1.0105031
84800.0 1.0146898
85000.0 1.024387
85200.0 1.0221458
85400.0 1.0302547
85600.0 1.0122388
85800.0 0.99905447
86000.0 0.99103955
86200.0 0.98630697
86400.0 0.99326148
86600.0 1.0057134
86800.0 0.99549974
87000.0 0.98283597
87200.0 0.97424276
87400.0 0.96763804
87600.0 0.97029836
87800.0 0.97693975
88000.0 0.97878103
88200.0 0.98793504
88400.0 0.98970624
88600.0 1.0043364
88800.0 1.0235161
89000.0 1.023214
89200.0 1.0325726
89400.0 1.0378571
89600.0 1.0434848
89800.0 1.052294
90000.0 1.0556258
90200.0 1.0510748
90400.0 1.0235148
90600.0 0.9925668
90800.0 0.96249721
91000.0 0.9406886
91200.0 0.94086347
91400.0 0.97426779
91600.0 1.0025139
91800.0 1.0411663
92000.0 1.061024
92200.0 1.0655968
92400.0 1.0342082
92600.0 0.99144383
92800.0 0.97658878
93000.0 0.96422852
93200.0 0.97034111
93400.0 0.99045382
93600.0 1.0055395
93800.0 1.0030603
94000.0 1.0053601
94200.0 1.0074953
94400.0 1.0182663
94600.0 1.0064343
94800.0 1.0015106
95000.0 0.98515448
95200.0 0.98097308
95400.0 0.99061185
95600.0 0.99255219
95800.0 1.015348
96000.0 1.0444855
96200.0 1.0496811
96400.0 1.0395883
96600.0 0.99855727
96800.0 0.94420624
97000.0 0.91773426
97200.0 0.92044983
97400.0 0.94720915
97600.0 0.97762275
97800.0 1.0041191
98000.0 1.0197337
98200.0 1.0156874
98400.0 1.0072084
98600.0 0.98736372
98800.0 0.98247962
99000.0 0.99186939
99200.0 1.0035548
99400.0 1.0088086
99600.0 1.0194398
99800.0 1.0390697
100000.0 1.0189185
