0.0 47.924311
200.0 47.872429
400.0 48.317016
600.0 48.70541
800.0 51.062057
1000.0 48.551859
1200.0 48.266708
1400.0 49.739786
1600.0 49.184024
1800.0 49.137174
2000.0 48.750741
2200.0 49.665066
2400.0 50.118513
2600.0 47.72434
2800.0 47.56803
3000.0 48.726842
3200.0 47.951074
3400.0 47.596069
3600.0 48.812762
3800.0 48.953936
4000.0 48.706757
4200.0 48.750655
4400.0 47.986504
4600.0 49.333873
4800.0 49.840271
5000.0 48.005611
5200.0 49.582665
5400.0 48.994029
5600.0 49.695555
5800.0 48.07779
6000.0 48.444751
6200.0 49.915168
6400.0 49.140296
6600.0 48.86983
6800.0 47.698694
7000.0 47.434248
7200.0 47.778022
7400.0 48.620497
7600.0 49.124673
7800.0 49.802345
8000.0 47.875954
8200.0 50.408725
8400.0 49.093683
8600.0 49.723177
8800.0 49.433313
9000.0 48.436223
9200.0 49.181781
9400.0 48.590194
9600.0 48.116535
9800.0 49.163209
10000.0 49.033824
10200.0 47.450263
10400.0 48.790637
10600.0 48.52183
10800.0 49.269689
11000.0 47.325826
11200.0 49.844031
11400.0 50.776438
11600.0 47.918812
11800.0 48.750645
12000.0 50.331097
12200.0 49.643979
12400.0 48.888753
12600.0 49.476731
12800.0 49.759824
13000.0 48.247949
13200.0 49.535302
13400.0 47.872785
13600.0 48.233165
13800.0 48.432222
14000.0 48.451995
14200.0 47.696632
14400.0 50.502786
14600.0 48.680914
14800.0 48.844672
15000.0 49.674237
15200.0 48.986061
15400.0 49.431944
15600.0 49.44978
15800.0 48.848576
16000.0 50.06238
16200.0 48.417316
16400.0 48.062276
16600.0 49.624154
16800.0 49.686621
17000.0 48.536382
17200.0 50.238516
17400.0 48.280312
17600.0 47.354901
17800.0 47.360564
18000.0 47.8499
18200.0 47.971442
18400.0 48.387729
18600.0 48.349665
18800.0 47.924104
19000.0 49.157272
19200.0 48.597717
19400.0 49.580241
19600.0 48.834706
19800.0 48.384167
20000.0 50.533311
20200.0 49.246036
20400.0 48.332333
20600.0 49.346324
20800.0 47.821966
21000.0 48.718722
21200.0 47.108127
21400.0 48.8842
21600.0 48.636011
21800.0 47.527563
22000.0 49.595693
22200.0 48.071306
22400.0 49.21035
22600.0 49.197968
22800.0 49.366553
23000.0 49.751271
23200.0 49.412724
23400.0 49.958015
23600.0 49.049218
23800.0 48.034937
24000.0 49.17319
24200.0 49.157709
24400.0 47.546168
24600.0 48.853775
24800.0 48.073538
25000.0 49.158672
25200.0 48.747095
25400.0 50.342656
25600.0 49.964686
25800.0 50.455216
26000.0 49.276397
26200.0 50.077242
26400.0 48.354052
26600.0 49.46973
26800.0 48.716688
27000.0 48.884551
27200.0 47.730256
27400.0 48.574155
27600.0 47.663588
27800.0 49.763152
28000.0 49.235112
28200.0 49.722759
28400.0 50.057814
28600.0 50.230353
28800.0 48.076855
29000.0 49.471692
29200.0 49.383025
29400.0 49.939586
29600.0 48.358805
29800.0 48.786903
30000.0 49.265745
30200.0 47.844052
30400.0 48.230707
30600.0 47.663499
30800.0 49.812963
31000.0 48.366571
31200.0 49.766315
31400.0 51.253513
31600.0 48.807426
31800.0 49.470178
32000.0 49.386997
32200.0 49.219014
32400.0 48.52665
32600.0 48.716107
32800.0 49.13818
33000.0 48.930943
33200.0 47.296134
33400.0 49.00807
33600.0 47.499253
33800.0 50.071737
34000.0 48.515022
34200.0 50.482967
34400.0 49.539252
34600.0 49.336199
34800.0 49.923386
35000.0 49.795728
35200.0 48.935163
35400.0 48.083264
35600.0 49.662657
35800.0 48.820577
36000.0 49.294207
36200.0 47.459506
36400.0 48.689443
36600.0 47.468106
36800.0 48.796832
37000.0 49.812343
37200.0 49.679154
37400.0 48.268697
37600.0 48.692445
37800.0 49.35105
38000.0 49.170488
38200.0 48.33243
38400.0 50.025531
38600.0 48.864686
38800.0 49.439615
39000.0 49.832809
39200.0 50.060362
39400.0 49.805949
39600.0 49.99182
39800.0 48.856803
40000.0 49.062309
40200.0 49.194588
40400.0 49.236695
40600.0 48.039065
40800.0 48.026469
41000.0 49.186693
41200.0 47.305571
41400.0 48.834583
41600.0 48.696561
41800.0 50.588341
42000.0 48.829099
42200.0 48.497398
42400.0 48.695178
42600.0 49.710245
42800.0 49.769028
43000.0 47.763401
43200.0 48.976427
43400.0 48.444134
43600.0 48.849149
43800.0 49.115542
44000.0 48.457685
44200.0 47.723909
44400.0 47.877412
44600.0 49.883087
44800.0 47.850372
45000.0 49.360868
45200.0 49.198317
45400.0 49.985954
45600.0 49.558569
45800.0 50.327717
46000.0 49.178609
46200.0 49.333737
46400.0 48.586696
46600.0 48.745379
46800.0 47.626582
47000.0 49.232076
47200.0 47.9341
47400.0 48.123647
47600.0 47.783559
47800.0 50.324677
48000.0 49.096229
48200.0 48.215268
48400.0 48.630384
48600.0 51.529754
48800.0 49.625541
49000.0 49.444179
49200.0 48.939887
49400.0 48.068012
49600.0 48.34075
49800.0 49.05637
50000.0 47.727447
50200.0 48.255563
50400.0 48.686859
50600.0 48.096026
50800.0 49.730653
51000.0 48.678919
51200.0 48.146285
51400.0 50.189243
51600.0 49.412483
51800.0 49.113173
52000.0 49.844063
52200.0 49.240185
52400.0 48.790923
52600.0 47.221402
52800.0 48.633568
53000.0 48.704749
53200.0 48.069168
53400.0 47.097605
53600.0 48.841027
53800.0 48.579305
54000.0 48.615511
54200.0 49.020515
54400.0 49.369475
54600.0 48.642654
54800.0 49.761984
55000.0 49.600625
55200.0 48.297474
55400.0 49.221905
55600.0 48.661272
55800.0 48.172121
56000.0 49.030783
56200.0 47.566777
56400.0 47.66001
56600.0 47.982772
56800.0 47.738748
57000.0 47.959714
57200.0 49.107333
57400.0 47.980483
57600.0 50.491591
57800.0 48.06313
58000.0 48.938451
58200.0 49.280172
58400.0 49.127838
58600.0 48.089431
58800.0 51.401509
59000.0 48.468504
59200.0 50.250165
59400.0 49.037333
59600.0 49.297078
59800.0 48.301848
60000.0 50.007818
60200.0 47.087871
60400.0 48.477745
60600.0 48.045705
60800.0 48.974332
61000.0 47.881414
61200.0 48.830016
61400.0 48.614988
61600.0 50.437533
61800.0 49.723534
62000.0 49.651931
62200.0 49.282415
62400.0 47.864809
62600.0 49.273774
62800.0 49.625481
63000.0 49.055735
63200.0 48.15833
63400.0 48.023836
63600.0 48.983481
63800.0 47.749087
64000.0 49.0054
64200.0 47.721174
64400.0 47.191157
64600.0 49.344647
64800.0 49.170076
65000.0 49.612396
65200.0 48.049409
65400.0 50.217767
65600.0 49.685226
65800.0 49.11877
66000.0 49.467548
66200.0 49.403975
66400.0 48.736227
66600.0 48.28238
66800.0 47.584715
67000.0 48.182292
67200.0 48.185895
67400.0 49.019404
67600.0 47.533563
67800.0 48.1039
68000.0 49.086259
68200.0 50.140645
68400.0 47.769046
68600.0 49.67339
68800.0 50.529603
69000.0 49.111437
69200.0 48.625898
69400.0 48.306175
69600.0 49.375471
69800.0 48.119969
70000.0 48.277591
70200.0 47.817322
70400.0 47.282002
70600.0 47.514741
70800.0 49.030205
71000.0 47.287889
71200.0 48.084083
71400.0 49.279214
71600.0 48.681813
71800.0 48.787262
72000.0 48.600867
72200.0 49.677443
72400.0 49.84972
72600.0 48.836459
72800.0 49.363171
73000.0 47.98952
73200.0 49.788139
73400.0 47.774198
73600.0 47.140543
73800.0 49.085524
74000.0 48.737269
74200.0 47.746774
74400.0 49.352824
74600.0 47.644031
74800.0 48.76174
75000.0 49.663935
75200.0 50.793519
75400.0 49.734817
75600.0 49.089471
75800.0 48.828911
76000.0 49.043189
76200.0 48.433167
76400.0 48.516354
76600.0 48.998349
76800.0 48.872601
77000.0 48.655019
77200.0 47.513963
77400.0 50.388593
77600.0 49.545958
77800.0 49.807145
78000.0 49.861284
78200.0 50.622996
78400.0 47.881229
78600.0 49.946886
78800.0 49.241951
79000.0 49.005196
79200.0 47.63737
79400.0 48.437941
79600.0 48.564988
79800.0 48.07375
80000.0 48.453755
80200.0 49.854513
80400.0 48.553362
80600.0 48.652052
80800.0 49.995218
81000.0 48.865635
81200.0 49.202285
81400.0 49.569721
81600.0 49.682484
81800.0 50.157243
82000.0 50.290062
82200.0 47.997682
82400.0 49.178469
82600.0 48.949109
82800.0 49.093886
83000.0 48.36498
83200.0 47.340782
83400.0 48.844832
83600.0 48.316895
83800.0 49.235683
84000.0 49.500245
84200.0 49.931514
84400.0 48.948079
84600.0 50.329515
84800.0 48.840149
85000.0 50.352696
85200.0 49.35165
85400.0 50.036172
85600.0 48.421138
85800.0 49.491445
86000.0 49.740219
86200.0 48.515847
86400.0 49.337143
86600.0 49.01061
86800.0 48.402987
87000.0 47.929771
87200.0 49.039202
87400.0 48.594722
87600.0 50.881337
87800.0 50.809977
88000.0 48.545437
88200.0 49.329127
88400.0 51.361309
88600.0 49.275105
88800.0 49.209842
89000.0 49.174394
89200.0 49.454942
89400.0 48.449431
89600.0 49.836953
89800.0 47.878887
90000.0 48.820802
90200.0 48.652465
90400.0 49.675692
90600.0 49.59107
90800.0 49.53257
91000.0 49.411562
91200.0 49.122667
91400.0 49.758984
91600.0 49.493423
91800.0 50.85652
92000.0 51.015662
92200.0 49.981868
92400.0 48.664568
92600.0 48.935428
92800.0 48.787851
93000.0 51.09773
93200.0 47.155812
93400.0 48.385932
93600.0 49.24004
93800.0 47.84113
94000.0 48.600006
94200.0 50.256472
94400.0 48.806791
94600.0 50.368635
94800.0 49.151913
95000.0 49.993102
95200.0 50.029624
95400.0 49.951181
95600.0 49.325499
95800.0 47.901394
96000.0 48.669331
96200.0 49.022589
96400.0 49.265117
96600.0 47.258972
96800.0 48.37869
97000.0 49.690076
97200.0 49.645899
97400.0 48.43937
97600.0 48.909445
97800.0 50.78537
98000.0 49.936652
98200.0 48.708435
98400.0 49.145053
98600.0 49.605787
98800.0 48.997471
99000.0 46.828094
99200.0 49.331079
99400.0 48.167348
99600.0 48.604218
99800.0 47.756073
100000.0 49.272792
