0.0 427.84081
200.0 434.44572
400.0 425.14013
600.0 434.38552
800.0 435.55575
1000.0 436.83489
1200.0 432.06408
1400.0 439.33983
1600.0 440.21723
1800.0 449.07795
2000.0 440.56614
2200.0 443.73321
2400.0 444.03832
2600.0 434.36193
2800.0 420.71526
3000.0 447.47291
3200.0 428.62189
3400.0 437.90004
3600.0 416.33455
3800.0 431.4426
4000.0 436.83925
4200.0 437.37084
4400.0 437.8743
4600.0 437.80299
4800.0 424.75755
5000.0 439.24953
5200.0 435.57751
5400.0 441.66925
5600.0 447.75691
5800.0 440.82593
6000.0 428.57037
6200.0 430.86605
6400.0 436.01762
6600.0 431.08643
6800.0 423.69477
7000.0 438.92537
7200.0 432.28591
7400.0 418.10286
7600.0 428.81833
7800.0 429.94789
8000.0 431.26964
8200.0 429.24154
8400.0 430.81935
8600.0 431.95834
8800.0 437.7921
9000.0 433.70675
9200.0 435.64241
9400.0 434.31206
9600.0 436.48692
9800.0 431.52545
10000.0 437.05783
10200.0 445.56165
10400.0 444.47122
10600.0 434.07277
10800.0 430.77087
11000.0 429.35371
11200.0 424.79628
11400.0 434.32954
11600.0 434.50507
11800.0 427.91489
12000.0 434.61415
12200.0 415.28218
12400.0 419.38319
12600.0 430.33358
12800.0 425.54153
13000.0 428.41777
13200.0 415.47534
13400.0 440.04075
13600.0 435.21145
13800.0 436.1542
14000.0 436.2264
14200.0 438.65011
14400.0 433.00827
14600.0 431.81611
14800.0 435.82432
15000.0 425.41201
15200.0 427.00748
15400.0 423.8381
15600.0 427.6086
15800.0 433.03891
16000.0 440.14615
16200.0 431.00841
16400.0 437.92858
16600.0 432.91489
16800.0 451.10479
17000.0 433.25096
17200.0 442.63418
17400.0 436.39627
17600.0 431.37996
17800.0 429.80987
18000.0 434.85268
18200.0 425.01471
18400.0 442.75918
18600.0 431.8178
18800.0 426.93012
19000.0 437.45853
19200.0 429.39138
19400.0 426.62359
19600.0 430.7397
19800.0 433.94772
20000.0 438.55154
20200.0 434.62308
20400.0 444.2641
20600.0 443.23478
20800.0 445.97269
21000.0 425.63691
21200.0 434.96399
21400.0 438.51304
21600.0 437.99348
21800.0 433.07377
22000.0 429.94005
22200.0 433.6825
22400.0 431.94263
22600.0 428.63272
22800.0 438.02817
23000.0 429.51509
23200.0 431.49814
23400.0 448.79793
23600.0 447.0007
23800.0 433.00265
24000.0 440.92781
24200.0 428.36286
24400.0 429.38371
24600.0 431.03419
24800.0 424.13312
25000.0 440.27426
25200.0 425.75361
25400.0 423.6546
25600.0 434.59602
25800.0 440.27811
26000.0 433.3218
26200.0 434.61698
26400.0 446.5032
26600.0 442.01248
26800.0 441.00435
27000.0 431.74066
27200.0 439.40469
27400.0 423.91812
27600.0 438.49605
27800.0 425.24687
28000.0 437.1602
28200.0 434.27367
28400.0 427.34462
28600.0 434.76873
28800.0 434.79236
29000.0 427.70401
29200.0 433.15423
29400.0 440.57133
29600.0 441.73206
29800.0 448.54969
30000.0 445.56029
30200.0 435.41994
30400.0 445.24946
30600.0 437.72971
30800.0 432.03747
31000.0 438.21905
31200.0 431.72375
31400.0 433.20583
31600.0 435.03128
31800.0 440.14292
32000.0 426.05344
32200.0 421.53678
32400.0 434.39551
32600.0 436.271
32800.0 440.57921
33000.0 437.81962
33200.0 428.85565
33400.0 444.31299
33600.0 437.54016
33800.0 444.62036
34000.0 437.48611
34200.0 438.6417
34400.0 428.79335
34600.0 440.69254
34800.0 421.60801
35000.0 434.63519
35200.0 427.02285
35400.0 436.69407
35600.0 423.40324
35800.0 439.25467
36000.0 425.52729
36200.0 437.2687
36400.0 433.5478
36600.0 433.32887
36800.0 442.24249
37000.0 446.48727
37200.0 436.43746
37400.0 450.19674
37600.0 449.21072
37800.0 430.61912
38000.0 436.53492
38200.0 444.9213
38400.0 443.85049
38600.0 431.92742
38800.0 424.20753
39000.0 438.96274
39200.0 431.18071
39400.0 430.90558
39600.0 433.24789
39800.0 423.87673
40000.0 428.23755
40200.0 442.02221
40400.0 444.30149
40600.0 436.60828
40800.0 435.47033
41000.0 454.42869
41200.0 434.80737
41400.0 430.30393
41600.0 429.9633
41800.0 439.85875
42000.0 427.23128
42200.0 429.71345
42400.0 434.62508
42600.0 437.02827
42800.0 420.91996
43000.0 436.15362
43200.0 434.75652
43400.0 435.71382
43600.0 431.78547
43800.0 447.39235
44000.0 449.45757
44200.0 437.16195
44400.0 439.45132
44600.0 441.87866
44800.0 438.11588
45000.0 435.83388
45200.0 435.79588
45400.0 427.72483
45600.0 430.53643
45800.0 438.74668
46000.0 417.55952
46200.0 429.34908
46400.0 438.56243
46600.0 432.06402
46800.0 435.4894
47000.0 433.38238
47200.0 436.57492
47400.0 438.89389
47600.0 446.7449
47800.0 441.05366
48000.0 448.51831
48200.0 435.11225
48400.0 432.95281
48600.0 447.85487
48800.0 430.78251
49000.0 432.96834
49200.0 425.69603
49400.0 439.72656
49600.0 423.15658
49800.0 428.20742
50000.0 435.2151
50200.0 431.86674
50400.0 447.98761
50600.0 431.79207
50800.0 440.3089
51000.0 435.69955
51200.0 444.96791
51400.0 446.08059
51600.0 437.76194
51800.0 432.36332
52000.0 435.26204
52200.0 429.27784
52400.0 432.671
52600.0 429.86703
52800.0 430.28938
53000.0 427.44176
53200.0 436.05067
53400.0 430.91976
53600.0 440.01286
53800.0 439.24427
54000.0 436.63375
54200.0 428.61963
54400.0 450.9336
54600.0 455.60972
54800.0 448.65766
55000.0 440.97054
55200.0 434.7427
55400.0 436.02798
55600.0 443.18794
55800.0 434.64543
56000.0 435.04939
56200.0 436.49574
56400.0 431.28959
56600.0 436.28864
56800.0 431.35592
57000.0 424.0236
57200.0 427.20723
57400.0 420.40882
57600.0 439.37051
57800.0 430.50552
58000.0 433.32512
58200.0 441.50014
58400.0 452.03547
58600.0 436.52359
58800.0 433.73776
59000.0 430.66069
59200.0 423.40287
59400.0 430.1635
59600.0 434.21152
59800.0 436.76572
60000.0 435.15981
60200.0 429.21259
60400.0 424.68824
60600.0 432.05628
60800.0 433.35723
61000.0 422.85361
61200.0 423.18712
61400.0 420.66339
61600.0 440.49336
61800.0 434.89436
62000.0 435.5957
62200.0 438.2601
62400.0 442.99636
62600.0 438.59522
62800.0 427.77881
63000.0 428.89817
63200.0 433.9709
63400.0 441.87222
63600.0 425.16726
63800.0 425.58568
64000.0 426.31651
64200.0 425.51474
64400.0 433.35065
64600.0 433.41457
64800.0 425.24802
65000.0 433.07113
65200.0 434.96076
65400.0 429.46478
65600.0 441.26111
65800.0 445.95455
66000.0 431.59355
66200.0 428.46159
66400.0 441.98084
66600.0 440.9968
66800.0 427.40451
67000.0 428.59481
67200.0 429.30708
67400.0 438.47025
67600.0 428.50133
67800.0 422.12803
68000.0 417.79048
68200.0 428.51208
68400.0 415.0198
68600.0 423.68198
68800.0 415.21469
69000.0 438.92305
69200.0 425.31008
69400.0 436.61964
69600.0 435.06001
69800.0 425.7615
70000.0 431.97005
70200.0 432.98091
70400.0 441.31478
70600.0 441.44544
70800.0 442.82894
71000.0 430.41298
71200.0 429.66813
71400.0 433.46303
71600.0 428.67631
71800.0 421.26645
72000.0 432.4215
72200.0 431.34015
72400.0 416.01303
72600.0 431.52423
72800.0 443.18348
73000.0 433.70312
73200.0 427.46273
73400.0 428.95766
73600.0 439.97206
73800.0 439.4274
74000.0 434.5134
74200.0 431.52967
74400.0 438.32162
74600.0 429.23343
74800.0 424.61291
75000.0 430.30024
75200.0 448.1821
75400.0 435.31217
75600.0 431.12765
75800.0 436.80211
76000.0 439.18317
76200.0 446.843
76400.0 435.70538
76600.0 449.0829
76800.0 437.05858
77000.0 436.03887
77200.0 432.58602
77400.0 440.97106
77600.0 433.4502
77800.0 425.9013
78000.0 430.39496
78200.0 429.06234
78400.0 428.21177
78600.0 441.50023
78800.0 434.43328
79000.0 441.47511
79200.0 435.28189
79400.0 449.35659
79600.0 449.30561
79800.0 431.84177
80000.0 455.6239
80200.0 444.42852
80400.0 426.75384
80600.0 432.80378
80800.0 448.06909
81000.0 440.42063
81200.0 429.97351
81400.0 428.22371
81600.0 429.22056
81800.0 436.27883
82000.0 430.491
82200.0 428.7053
82400.0 430.69254
82600.0 423.84842
82800.0 452.50015
83000.0 431.54206
83200.0 432.08437
83400.0 436.70106
83600.0 448.99074
83800.0 437.78111
84000.0 444.65497
84200.0 442.58118
84400.0 432.51002
84600.0 422.06544
84800.0 435.22011
85000.0 429.54236
85200.0 432.12618
85400.0 434.49937
85600.0 428.80121
85800.0 444.84101
86000.0 425.70724
86200.0 430.96093
86400.0 438.95499
86600.0 439.50753
86800.0 445.29211
87000.0 448.45213
87200.0 425.99832
87400.0 435.52369
87600.0 436.73468
87800.0 432.0484
88000.0 427.79253
88200.0 434.98272
88400.0 432.59595
88600.0 428.56265
88800.0 417.20872
89000.0 427.95187
89200.0 433.7246
89400.0 445.22982
89600.0 430.10702
89800.0 425.41231
90000.0 433.33273
90200.0 443.78821
90400.0 437.00559
90600.0 425.25133
90800.0 446.78345
91000.0 433.33222
91200.0 420.82214
91400.0 434.1259
91600.0 435.39252
91800.0 430.98195
92000.0 420.42599
92200.0 417.77413
92400.0 419.04883
92600.0 422.34952
92800.0 435.70358
93000.0 419.81594
93200.0 436.53783
93400.0 435.93826
93600.0 439.46707
93800.0 434.35399
94000.0 434.87078
94200.0 429.19752
94400.0 432.95399
94600.0 435.50943
94800.0 436.45914
95000.0 443.13014
95200.0 433.02233
95400.0 418.45582
95600.0 432.67588
95800.0 422.43352
96000.0 429.62052
96200.0 423.92838
96400.0 436.85374
96600.0 427.10818
96800.0 441.62268
97000.0 440.89521
97200.0 428.55588
97400.0 436.74576
97600.0 437.33516
97800.0 430.54927
98000.0 440.31933
98200.0 437.40755
98400.0 423.11037
98600.0 432.63833
98800.0 433.58582
99000.0 425.94764
99200.0 422.75021
99400.0 407.04191
99600.0 417.41804
99800.0 424.9684
100000.0 428.64892
