0.0 157.58952
200.0 156.18452
400.0 155.41693
600.0 156.79165
800.0 150.6891
1000.0 153.12822
1200.0 155.0373
1400.0 153.76167
1600.0 148.18549
1800.0 153.56903
2000.0 154.82941
2200.0 155.10431
2400.0 154.55019
2600.0 157.54706
2800.0 156.53607
3000.0 153.68227
3200.0 149.64322
3400.0 146.90794
3600.0 149.89328
3800.0 150.85099
4000.0 155.63446
4200.0 156.51588
4400.0 156.98613
4600.0 154.81989
4800.0 156.25003
5000.0 158.67273
5200.0 155.43057
5400.0 155.0004
5600.0 154.34921
5800.0 150.26673
6000.0 152.20359
6200.0 153.5446
6400.0 159.99067
6600.0 154.5439
6800.0 154.45384
7000.0 153.29119
7200.0 154.79358
7400.0 152.05143
7600.0 150.78297
7800.0 154.81916
8000.0 156.47646
8200.0 155.96573
8400.0 153.85504
8600.0 154.25562
8800.0 152.88323
9000.0 154.10433
9200.0 149.27041
9400.0 153.32565
9600.0 152.21128
9800.0 156.57078
10000.0 154.05264
10200.0 152.88484
10400.0 155.41625
10600.0 155.80541
10800.0 156.67462
11000.0 156.83658
11200.0 152.39526
11400.0 152.72416
11600.0 150.52668
11800.0 153.63434
12000.0 153.39221
12200.0 151.98664
12400.0 155.11408
12600.0 151.45626
12800.0 154.47501
13000.0 157.91345
13200.0 159.87694
13400.0 158.11451
13600.0 154.08112
13800.0 151.66195
14000.0 152.5789
14200.0 154.91874
14400.0 154.67136
14600.0 153.83498
14800.0 149.31463
15000.0 151.73376
15200.0 150.73324
15400.0 155.38818
15600.0 157.79921
15800.0 155.50163
16000.0 154.1559
16200.0 156.16368
16400.0 158.16988
16600.0 152.64958
16800.0 151.89706
17000.0 149.77792
17200.0 157.51564
17400.0 154.43166
17600.0 152.7859
17800.0 152.7208
18000.0 157.40559
18200.0 154.04903
18400.0 156.35892
18600.0 156.92518
18800.0 156.27079
19000.0 154.81656
19200.0 158.91036
19400.0 152.95588
19600.0 150.94046
19800.0 153.85245
20000.0 154.42314
20200.0 153.58661
20400.0 154.00594
20600.0 153.38612
20800.0 154.81407
21000.0 155.8296
21200.0 157.91117
21400.0 158.14602
21600.0 155.42185
21800.0 153.75294
22000.0 153.54041
22200.0 150.51799
22400.0 152.85525
22600.0 152.23127
22800.0 152.73967
23000.0 153.4647
23200.0 152.28831
23400.0 157.98966
23600.0 157.92114
23800.0 152.0673
24000.0 149.07574
24200.0 152.62632
24400.0 156.57604
24600.0 151.9704
24800.0 153.18459
25000.0 155.65461
25200.0 156.63275
25400.0 155.92759
25600.0 154.94252
25800.0 154.75667
26000.0 153.37313
26200.0 152.28743
26400.0 149.9849
26600.0 149.64088
26800.0 149.70809
27000.0 152.56987
27200.0 154.2348
27400.0 156.62315
27600.0 157.76817
27800.0 155.05552
28000.0 151.02946
28200.0 151.14825
28400.0 156.44388
28600.0 153.62699
28800.0 155.67699
29000.0 154.6656
29200.0 154.47227
29400.0 152.7837
29600.0 153.12655
29800.0 149.9393
30000.0 151.5097
30200.0 150.85857
30400.0 152.92751
30600.0 157.10596
30800.0 153.68213
31000.0 153.6995
31200.0 154.64499
31400.0 154.38914
31600.0 155.67668
31800.0 154.92045
32000.0 158.44347
32200.0 157.9522
32400.0 152.01065
32600.0 149.00264
32800.0 153.26901
33000.0 154.59377
33200.0 152.98432
33400.0 155.63293
33600.0 160.63423
33800.0 154.75401
34000.0 151.02934
34200.0 148.29461
34400.0 151.64664
34600.0 154.19813
34800.0 150.94271
35000.0 151.75651
35200.0 152.74002
35400.0 157.39964
35600.0 153.14362
35800.0 150.63576
36000.0 152.18502
36200.0 156.26444
36400.0 158.31009
36600.0 150.51642
36800.0 152.38379
37000.0 153.98454
37200.0 158.4055
37400.0 157.74901
37600.0 156.00732
37800.0 156.17582
38000.0 156.4825
38200.0 153.93281
38400.0 151.27576
38600.0 150.44659
38800.0 154.44717
39000.0 153.97124
39200.0 152.06776
39400.0 148.95579
39600.0 149.8336
39800.0 155.0171
40000.0 154.54009
40200.0 151.30736
40400.0 150.73132
40600.0 156.92191
40800.0 158.28261
41000.0 153.89884
41200.0 152.77969
41400.0 155.61976
41600.0 155.44463
41800.0 152.66781
42000.0 150.3531
42200.0 151.44021
42400.0 151.78992
42600.0 151.85705
42800.0 155.3953
43000.0 160.36794
43200.0 155.60115
43400.0 153.90191
43600.0 150.21109
43800.0 154.37263
44000.0 157.28258
44200.0 159.00005
44400.0 154.02241
44600.0 151.83189
44800.0 153.22738
45000.0 153.9484
45200.0 152.29907
45400.0 152.22273
45600.0 153.20533
45800.0 153.81137
46000.0 152.91459
46200.0 153.62484
46400.0 156.10914
46600.0 156.46597
46800.0 155.53141
47000.0 155.82499
47200.0 155.51048
47400.0 154.5061
47600.0 155.01021
47800.0 151.31923
48000.0 146.87712
48200.0 146.4867
48400.0 144.31334
48600.0 146.73289
48800.0 149.635
49000.0 152.4592
49200.0 157.16165
49400.0 157.84982
49600.0 154.96456
49800.0 152.22197
50000.0 155.93556
50200.0 155.26792
50400.0 148.84792
50600.0 147.63825
50800.0 154.84782
51000.0 156.97861
51200.0 152.92696
51400.0 154.28775
51600.0 157.37093
51800.0 157.93594
52000.0 155.22686
52200.0 152.80579
52400.0 151.46522
52600.0 153.87976
52800.0 154.44604
53000.0 156.03123
53200.0 151.07086
53400.0 147.50652
53600.0 145.7106
53800.0 147.25018
54000.0 153.37403
54200.0 155.54175
54400.0 158.30424
54600.0 155.83855
54800.0 154.5131
55000.0 153.01958
55200.0 153.00042
55400.0 156.49912
55600.0 153.66208
55800.0 147.07192
56000.0 149.91293
56200.0 151.28006
56400.0 153.62898
56600.0 155.59468
56800.0 153.68182
57000.0 156.08384
57200.0 155.55925
57400.0 153.77468
57600.0 153.46641
57800.0 159.89074
58000.0 158.20458
58200.0 150.4914
58400.0 150.90564
58600.0 152.19971
58800.0 153.97767
59000.0 152.31102
59200.0 154.75548
59400.0 155.91037
59600.0 153.89268
59800.0 148.49362
60000.0 150.61288
60200.0 154.14802
60400.0 155.91073
60600.0 153.78299
60800.0 155.23391
61000.0 157.46477
61200.0 156.79184
61400.0 153.45233
61600.0 154.86098
61800.0 153.82452
62000.0 153.35733
62200.0 153.97593
62400.0 151.3124
62600.0 147.96152
62800.0 150.00547
63000.0 152.32317
63200.0 154.4255
63400.0 154.18395
63600.0 157.14182
63800.0 154.43385
64000.0 150.10806
64200.0 149.02822
64400.0 154.89107
64600.0 156.4466
64800.0 152.81042
65000.0 151.85435
65200.0 155.7489
65400.0 155.19148
65600.0 152.12276
65800.0 153.70269
66000.0 156.62246
66200.0 158.48394
66400.0 155.10083
66600.0 150.18104
66800.0 148.97487
67000.0 150.62151
67200.0 151.17984
67400.0 153.60241
67600.0 154.98813
67800.0 155.64444
68000.0 155.07733
68200.0 154.47369
68400.0 156.34649
68600.0 154.88137
68800.0 153.55007
69000.0 150.69812
69200.0 153.03653
69400.0 152.24284
69600.0 152.93972
69800.0 151.43355
70000.0 148.90606
70200.0 154.84035
70400.0 155.53185
70600.0 155.86816
70800.0 154.07938
71000.0 152.58625
71200.0 153.85565
71400.0 153.44118
71600.0 153.68045
71800.0 158.03667
72000.0 163.8716
72200.0 161.05123
72400.0 157.7034
72600.0 149.62103
72800.0 150.76825
73000.0 153.96328
73200.0 154.1791
73400.0 152.62958
73600.0 145.95737
73800.0 152.29603
74000.0 161.20721
74200.0 161.83025
74400.0 157.41667
74600.0 156.84707
74800.0 155.43659
75000.0 153.18612
75200.0 151.90571
75400.0 153.186
75600.0 155.62857
75800.0 155.53338
76000.0 155.51285
76200.0 156.19008
76400.0 154.91885
76600.0 150.02378
76800.0 151.16545
77000.0 152.1592
77200.0 156.85822
77400.0 153.80356
77600.0 155.00618
77800.0 152.44832
78000.0 154.38212
78200.0 153.76883
78400.0 155.18878
78600.0 151.68531
78800.0 154.84771
79000.0 155.45206
79200.0 156.30562
79400.0 158.40026
79600.0 156.5935
79800.0 152.0747
80000.0 149.91941
80200.0 151.82414
80400.0 153.70905
80600.0 153.96656
80800.0 151.70694
81000.0 153.93121
81200.0 159.24875
81400.0 159.96238
81600.0 156.71621
81800.0 155.1451
82000.0 154.40108
82200.0 156.00315
82400.0 153.62612
82600.0 151.36079
82800.0 154.16184
83000.0 153.53691
83200.0 151.86182
83400.0 153.22601
83600.0 155.43125
83800.0 155.18994
84000.0 155.08751
84200.0 152.23969
84400.0 152.91064
84600.0 149.80721
84800.0 158.84413
85000.0 158.85727
85200.0 154.9126
85400.0 145.50285
85600.0 148.40357
85800.0 155.54187
86000.0 160.76368
86200.0 155.51102
86400.0 154.5309
86600.0 153.40821
86800.0 153.26957
87000.0 151.89306
87200.0 152.12139
87400.0 150.16499
87600.0 148.9652
87800.0 148.31605
88000.0 149.60069
88200.0 153.30438
88400.0 156.34969
88600.0 156.56511
88800.0 157.28162
89000.0 156.50489
89200.0 153.18807
89400.0 152.67632
89600.0 157.04167
89800.0 157.513
90000.0 154.08259
90200.0 148.47694
90400.0 152.06431
90600.0 158.96585
90800.0 153.64295
91000.0 147.02449
91200.0 147.69099
91400.0 153.38045
91600.0 153.36992
91800.0 155.27238
92000.0 155.35051
92200.0 156.61775
92400.0 155.6198
92600.0 155.57819
92800.0 151.54012
93000.0 151.67829
93200.0 153.14241
93400.0 151.08352
93600.0 151.56291
93800.0 150.9745
94000.0 155.18462
94200.0 157.6585
94400.0 159.40737
94600.0 155.72608
94800.0 154.01279
95000.0 152.60465
95200.0 154.15516
95400.0 150.43786
95600.0 153.16578
95800.0 155.1173
96000.0 149.92407
96200.0 148.61609
96400.0 152.89233
96600.0 154.7244
96800.0 154.46111
97000.0 152.87646
97200.0 156.1635
97400.0 157.07966
97600.0 157.94581
97800.0 154.30263
98000.0 154.19486
98200.0 157.88819
98400.0 156.68732
98600.0 152.67031
98800.0 153.38285
99000.0 154.53337
99200.0 151.22163
99400.0 151.20575
99600.0 154.85034
99800.0 153.53107
100000.0 150.94505
