0.0 63.621833
200.0 -21.94634
400.0 -47.568981
600.0 40.788819
800.0 -12.73704
1000.0 12.592726
1200.0 21.457148
1400.0 -8.7069212
1600.0 -40.960538
1800.0 10.784775
2000.0 72.938215
2200.0 -18.412621
2400.0 -45.659506
2600.0 4.8994915
2800.0 -0.15162959
3000.0 9.6616332
3200.0 -14.994921
3400.0 18.86527
3600.0 2.7737749
3800.0 -59.061154
4000.0 59.315625
4200.0 7.332374
4400.0 -26.669323
4600.0 3.494859
4800.0 -7.1027565
5000.0 11.630418
5200.0 18.91315
5400.0 -47.581137
5600.0 25.277499
5800.0 39.74875
6000.0 -38.578414
6200.0 -46.084452
6400.0 120.79909
6600.0 -44.897179
6800.0 -34.435744
7000.0 33.405797
7200.0 26.790521
7400.0 -44.24828
7600.0 -2.9294318
7800.0 25.606186
8000.0 16.769956
8200.0 -6.2506813
8400.0 6.3890862
8600.0 11.33932
8800.0 -6.6480401
9000.0 -14.940535
9200.0 21.20224
9400.0 -31.011604
9600.0 7.6649666
9800.0 59.360438
10000.0 -57.460682
10200.0 -8.0958334
10400.0 14.510949
10600.0 20.175555
10800.0 22.441884
11000.0 -42.525126
11200.0 -30.707023
11400.0 81.278727
11600.0 -41.789746
11800.0 -6.6211175
12000.0 26.540104
12200.0 -26.00742
12400.0 13.841911
12600.0 1.1453381
12800.0 32.65323
13000.0 7.6356458
13200.0 -52.73259
13400.0 25.917618
13600.0 5.7553796
13800.0 17.326739
14000.0 -57.42931
14200.0 33.108788
14400.0 5.8620659
14600.0 -15.196859
14800.0 -2.3245123
15000.0 27.162014
15200.0 -10.237688
15400.0 -18.850627
15600.0 19.1046
15800.0 33.083965
16000.0 -21.080615
16200.0 -47.684687
16400.0 65.239485
16600.0 -22.191855
16800.0 -23.858047
17000.0 104.40523
17200.0 -54.277573
17400.0 -55.771728
17600.0 17.188113
17800.0 84.863108
18000.0 -42.886419
18200.0 -38.828359
18400.0 4.2008153
18600.0 57.286847
18800.0 -44.359946
19000.0 -11.985675
19200.0 44.201711
19400.0 10.803499
19600.0 -15.730514
19800.0 22.036579
20000.0 -21.035078
20200.0 -26.437304
20400.0 33.377548
20600.0 15.050604
20800.0 -31.053433
21000.0 11.949131
21200.0 9.6522691
21400.0 17.072085
21600.0 -30.335228
21800.0 12.712906
22000.0 -10.315638
22200.0 -17.838283
22400.0 41.592554
22600.0 38.432841
22800.0 -74.580658
23000.0 54.756185
23200.0 -29.926795
23400.0 -14.25624
23600.0 75.546781
23800.0 -47.418227
24000.0 -29.964615
24200.0 32.371692
24400.0 62.199111
24600.0 -47.145071
24800.0 -53.587152
25000.0 46.778055
25200.0 10.437446
25400.0 -22.191417
25600.0 -42.521661
25800.0 46.0568
26000.0 -16.029507
26200.0 8.0737987
26400.0 17.423026
26600.0 -52.326221
26800.0 34.966202
27000.0 14.709202
27200.0 -33.562493
27400.0 24.445469
27600.0 8.2892974
27800.0 -16.151326
28000.0 35.104755
28200.0 -65.181504
28400.0 36.593099
28600.0 37.999938
28800.0 -17.464506
29000.0 -10.975886
29200.0 -6.2560418
29400.0 -6.3209441
29600.0 29.379706
29800.0 -7.866735
30000.0 -4.561557
30200.0 24.595976
30400.0 -23.531418
30600.0 11.691047
30800.0 22.408795
31000.0 -6.4688055
31200.0 -46.325118
31400.0 16.489566
31600.0 68.680573
31800.0 -50.727541
32000.0 -14.345677
32200.0 33.772671
32400.0 -16.102619
32600.0 27.73822
32800.0 39.836098
33000.0 -51.969835
33200.0 12.85101
33400.0 25.833384
33600.0 -26.491636
33800.0 11.824657
34000.0 -47.389701
34200.0 0.7765822
34400.0 46.362709
34600.0 6.973059
34800.0 -71.060285
35000.0 23.034247
35200.0 10.225301
35400.0 -7.9642481
35600.0 0.38262745
35800.0 -14.048266
36000.0 12.17416
36200.0 6.1338194
36400.0 9.0679601
36600.0 -9.9158124
36800.0 1.462269
37000.0 30.914116
37200.0 38.374225
37400.0 -58.265392
37600.0 29.789866
37800.0 -34.146838
38000.0 24.21174
38200.0 52.547897
38400.0 -30.00337
38600.0 -31.804052
38800.0 11.780702
39000.0 35.242408
39200.0 -25.39754
39400.0 -45.805227
39600.0 40.27233
39800.0 17.476341
40000.0 18.962794
40200.0 -29.531549
40400.0 -4.2361152
40600.0 -1.1302253
40800.0 41.498063
41000.0 -39.816099
41200.0 20.36374
41400.0 11.109609
41600.0 -44.023733
41800.0 67.877592
42000.0 -22.779972
42200.0 17.922787
42400.0 -43.793559
42600.0 36.260832
42800.0 10.93232
43000.0 -34.993677
43200.0 -17.387148
43400.0 32.760073
43600.0 25.016555
43800.0 -48.247047
44000.0 -12.906714
44200.0 47.067929
44400.0 -4.2306151
44600.0 -46.982294
44800.0 -10.26261
45000.0 32.926511
45200.0 4.9987386
45400.0 4.0732795
45600.0 1.2279148
45800.0 -28.126111
46000.0 8.5707407
46200.0 16.278027
46400.0 4.3016485
46600.0 -45.475434
46800.0 42.521381
47000.0 -20.079638
47200.0 14.427136
47400.0 -8.2421002
47600.0 0.27349374
47800.0 -10.173803
48000.0 17.354182
48200.0 28.607016
48400.0 -59.949566
48600.0 32.099588
48800.0 47.594232
49000.0 -66.501028
49200.0 15.287061
49400.0 58.722872
49600.0 -28.892787
49800.0 -55.695151
50000.0 47.849822
50200.0 19.703541
50400.0 -38.354246
50600.0 4.8435673
50800.0 18.08234
51000.0 -8.9980055
51200.0 1.5108437
51400.0 -4.4606806
51600.0 -7.5916873
51800.0 -9.1272971
52000.0 29.308532
52200.0 -16.559146
52400.0 9.7384351
52600.0 19.903743
52800.0 -23.34462
53000.0 16.953457
53200.0 16.858419
53400.0 -17.763012
53600.0 -35.531207
53800.0 41.674806
54000.0 3.5607983
54200.0 5.2564833
54400.0 12.633014
54600.0 -4.0695428
54800.0 -57.225495
55000.0 56.492576
55200.0 28.696484
55400.0 -53.680722
55600.0 -3.5035854
55800.0 53.146036
56000.0 -17.655519
56200.0 -36.343819
56400.0 25.701651
56600.0 7.5097323
56800.0 -15.607122
57000.0 30.679569
57200.0 -45.488593
57400.0 1.1506918
57600.0 21.751349
57800.0 67.987379
58000.0 -69.060722
58200.0 -27.697516
58400.0 80.40184
58600.0 -20.059083
58800.0 4.3191119
59000.0 -49.515574
59200.0 65.162154
59400.0 -3.0947615
59600.0 -27.918222
59800.0 18.685155
60000.0 -21.071938
60200.0 29.428002
60400.0 6.8420052
60600.0 -60.490205
60800.0 1.5185964
61000.0 78.555671
61200.0 -30.029817
61400.0 -1.840931
61600.0 23.054424
61800.0 -23.009773
62000.0 38.240068
62200.0 19.356923
62400.0 -34.180752
62600.0 -29.157613
62800.0 21.923488
63000.0 43.459432
63200.0 -10.76836
63400.0 -58.981122
63600.0 28.689423
63800.0 36.413054
64000.0 -0.19424139
64200.0 -66.740477
64400.0 26.441359
64600.0 52.681596
64800.0 -1.9228278
65000.0 -56.807009
65200.0 5.6519154
65400.0 35.442703
65600.0 9.7130951
65800.0 -12.333963
66000.0 -0.84459121
66200.0 -4.4727617
66400.0 28.776833
66600.0 7.7292749
66800.0 -45.142542
67000.0 22.946523
67200.0 63.682357
67400.0 -60.43509
67600.0 -15.019125
67800.0 81.045648
68000.0 -39.86549
68200.0 -30.883823
68400.0 50.971338
68600.0 -1.6614869
68800.0 -43.071687
69000.0 54.452882
69200.0 3.8607538
69400.0 -8.0221343
69600.0 -7.8842107
69800.0 1.3421629
70000.0 11.217774
70200.0 8.6034012
70400.0 -46.608469
70600.0 38.178424
70800.0 -22.904022
71000.0 11.581997
71200.0 -21.097434
71400.0 11.99988
71600.0 29.945976
71800.0 -31.635339
72000.0 4.1994772
72200.0 50.216576
72400.0 -31.506989
72600.0 -7.9512146
72800.0 18.21161
73000.0 0.53177916
73200.0 -23.981783
73400.0 18.527876
73600.0 -12.996631
73800.0 59.642583
74000.0 -56.280549
74200.0 -2.6969935
74400.0 -15.870396
74600.0 -1.1869693
74800.0 49.535133
75000.0 -31.1088
75200.0 6.0679498
75400.0 -27.894188
75600.0 42.613881
75800.0 -15.090145
76000.0 -1.4538377
76200.0 40.577223
76400.0 -61.596767
76600.0 12.673098
76800.0 79.048179
77000.0 -38.658198
77200.0 -23.843101
77400.0 44.72147
77600.0 -21.095038
77800.0 -4.7202004
78000.0 -2.7674805
78200.0 23.644207
78400.0 -16.535865
78600.0 -19.73067
78800.0 40.677267
79000.0 -5.8373238
79200.0 -41.255243
79400.0 -4.4633197
79600.0 97.225977
79800.0 -45.654004
80000.0 -35.598682
80200.0 49.92999
80400.0 -10.753723
80600.0 -44.33183
80800.0 65.356326
81000.0 -5.9636527
81200.0 -48.704321
81400.0 54.610348
81600.0 13.891994
81800.0 -40.141867
82000.0 -43.29888
82200.0 59.692491
82400.0 -6.7285831
82600.0 17.495967
82800.0 -19.919046
83000.0 -1.224569
83200.0 10.035489
83400.0 -36.994486
83600.0 43.192123
83800.0 44.999304
84000.0 -24.728451
84200.0 -47.419705
84400.0 13.173664
84600.0 59.977652
84800.0 -45.988835
85000.0 15.218906
85200.0 6.3906352
85400.0 17.742405
85600.0 -40.815171
85800.0 5.7938467
86000.0 20.047051
86200.0 -11.036326
86400.0 -12.018008
86600.0 30.227949
86800.0 -4.5833107
87000.0 14.829762
87200.0 -38.251953
87400.0 28.793458
87600.0 10.239895
87800.0 -21.480524
88000.0 25.640679
88200.0 23.567388
88400.0 -48.987315
88600.0 18.951604
88800.0 38.25659
89000.0 -1.7995633
89200.0 -22.375236
89400.0 47.32462
89600.0 -30.539739
89800.0 6.6425892
90000.0 -33.650348
90200.0 -4.7744032
90400.0 77.759402
90600.0 -54.690192
90800.0 -11.442894
91000.0 18.060697
91200.0 -12.272285
91400.0 4.0848354
91600.0 48.6412
91800.0 -29.579967
92000.0 -33.742843
92200.0 51.965376
92400.0 -15.707768
92600.0 -2.5315956
92800.0 -31.808843
93000.0 19.394085
93200.0 -2.0452549
93400.0 35.583937
93600.0 -35.771596
93800.0 -6.8257251
94000.0 31.802479
94200.0 15.572645
94400.0 -10.331824
94600.0 -50.586996
94800.0 74.886354
95000.0 10.605522
95200.0 -45.066444
95400.0 20.234518
95600.0 -3.8277168
95800.0 -14.822083
96000.0 -6.9915183
96200.0 66.569289
96400.0 -52.704572
96600.0 5.5339016
96800.0 50.949615
97000.0 -22.02372
97200.0 2.5629441
97400.0 8.9021555
97600.0 -11.23809
97800.0 0.13541058
98000.0 -6.6899893
98200.0 60.734241
98400.0 -63.645991
98600.0 -0.07542255
98800.0 32.023384
99000.0 -21.922517
99200.0 36.914372
99400.0 -21.97777
99600.0 30.877999
99800.0 -46.052533
100000.0 21.119878
