0.0 46.49849
200.0 46.529904
400.0 46.465462
600.0 46.561468
800.0 46.490882
1000.0 46.543083
1200.0 46.518471
1400.0 46.529174
1600.0 46.558353
1800.0 46.570744
2000.0 46.529338
2200.0 46.575881
2400.0 46.559379
2600.0 46.604017
2800.0 46.587685
3000.0 46.593414
3200.0 46.61342
3400.0 46.596001
3600.0 46.530051
3800.0 46.614667
4000.0 46.522004
4200.0 46.578244
4400.0 46.553107
4600.0 46.491891
4800.0 46.529073
5000.0 46.502392
5200.0 46.511059
5400.0 46.515031
5600.0 46.520648
5800.0 46.46629
6000.0 46.594327
6200.0 46.526321
6400.0 46.5476
6600.0 46.611627
6800.0 46.504974
7000.0 46.624027
7200.0 46.509011
7400.0 46.528235
7600.0 46.546592
7800.0 46.529434
8000.0 46.546417
8200.0 46.524454
8400.0 46.485012
8600.0 46.576867
8800.0 46.502097
9000.0 46.565935
9200.0 46.524559
9400.0 46.587567
9600.0 46.601783
9800.0 46.519916
10000.0 46.652114
10200.0 46.561825
10400.0 46.539181
10600.0 46.550557
10800.0 46.483004
11000.0 46.540029
11200.0 46.516126
11400.0 46.547363
11600.0 46.482704
11800.0 46.56648
12000.0 46.45219
12200.0 46.598382
12400.0 46.473621
12600.0 46.592519
12800.0 46.542661
13000.0 46.491248
13200.0 46.512164
13400.0 46.5087
13600.0 46.523043
13800.0 46.51308
14000.0 46.492886
14200.0 46.540554
14400.0 46.508089
14600.0 46.5431
14800.0 46.516644
15000.0 46.603865
15200.0 46.502762
15400.0 46.605708
15600.0 46.530801
15800.0 46.602564
16000.0 46.517926
16200.0 46.537046
16400.0 46.516452
16600.0 46.473835
16800.0 46.510373
17000.0 46.5126
17200.0 46.489572
17400.0 46.527272
17600.0 46.506638
17800.0 46.511032
18000.0 46.565382
18200.0 46.504313
18400.0 46.588707
18600.0 46.549968
18800.0 46.527646
19000.0 46.629751
19200.0 46.499712
19400.0 46.669374
19600.0 46.525025
19800.0 46.628357
20000.0 46.587698
20200.0 46.531722
20400.0 46.599198
20600.0 46.483913
20800.0 46.552321
21000.0 46.580538
21200.0 46.527979
21400.0 46.49658
21600.0 46.59578
21800.0 46.535897
22000.0 46.533177
22200.0 46.559966
22400.0 46.522265
22600.0 46.606486
22800.0 46.544889
23000.0 46.571706
23200.0 46.522341
23400.0 46.535425
23600.0 46.52313
23800.0 46.478009
24000.0 46.503618
24200.0 46.496812
24400.0 46.517914
24600.0 46.511802
24800.0 46.520944
25000.0 46.525104
25200.0 46.574735
25400.0 46.556155
25600.0 46.535402
25800.0 46.516281
26000.0 46.577103
26200.0 46.516617
26400.0 46.555892
26600.0 46.512651
26800.0 46.518105
27000.0 46.538471
27200.0 46.496205
27400.0 46.51408
27600.0 46.468825
27800.0 46.517614
28000.0 46.498914
28200.0 46.475414
28400.0 46.430554
28600.0 46.580478
28800.0 46.51491
29000.0 46.549624
29200.0 46.563484
29400.0 46.522537
29600.0 46.570039
29800.0 46.551587
30000.0 46.548271
30200.0 46.559042
30400.0 46.47994
30600.0 46.639778
30800.0 46.386444
31000.0 46.588021
31200.0 46.473953
31400.0 46.522995
31600.0 46.453358
31800.0 46.575742
32000.0 46.460804
32200.0 46.599945
32400.0 46.575031
32600.0 46.522544
32800.0 46.612159
33000.0 46.572967
33200.0 46.480893
33400.0 46.609051
33600.0 46.50519
33800.0 46.516563
34000.0 46.540383
34200.0 46.498919
34400.0 46.501002
34600.0 46.557739
34800.0 46.480967
35000.0 46.558311
35200.0 46.523143
35400.0 46.510412
35600.0 46.566633
35800.0 46.52771
36000.0 46.53547
36200.0 46.600996
36400.0 46.5228
36600.0 46.647262
36800.0 46.537581
37000.0 46.606442
37200.0 46.542939
37400.0 46.503708
37600.0 46.566595
37800.0 46.49959
38000.0 46.50001
38200.0 46.500274
38400.0 46.541313
38600.0 46.521578
38800.0 46.520994
39000.0 46.534122
39200.0 46.559117
39400.0 46.518795
39600.0 46.574061
39800.0 46.515672
40000.0 46.575778
40200.0 46.569737
40400.0 46.476216
40600.0 46.618064
40800.0 46.48327
41000.0 46.518881
41200.0 46.554666
41400.0 46.507226
41600.0 46.47681
41800.0 46.499292
42000.0 46.472023
42200.0 46.546691
42400.0 46.48106
42600.0 46.523662
42800.0 46.569782
43000.0 46.506724
43200.0 46.617816
43400.0 46.472156
43600.0 46.592682
43800.0 46.530164
44000.0 46.534599
44200.0 46.556857
44400.0 46.477409
44600.0 46.584973
44800.0 46.465114
45000.0 46.492283
45200.0 46.465193
45400.0 46.475931
45600.0 46.503026
45800.0 46.422534
46000.0 46.555582
46200.0 46.487747
46400.0 46.526179
46600.0 46.496569
46800.0 46.556649
47000.0 46.547135
47200.0 46.501379
47400.0 46.618631
47600.0 46.469072
47800.0 46.600355
48000.0 46.541537
48200.0 46.561604
48400.0 46.552126
48600.0 46.558272
48800.0 46.510289
49000.0 46.509725
49200.0 46.550248
49400.0 46.491581
49600.0 46.527052
49800.0 46.489612
50000.0 46.464649
50200.0 46.547301
50400.0 46.448937
50600.0 46.606209
50800.0 46.556939
51000.0 46.520307
51200.0 46.575137
51400.0 46.565403
51600.0 46.537046
51800.0 46.576762
52000.0 46.525129
52200.0 46.522087
52400.0 46.53587
52600.0 46.531359
52800.0 46.461071
53000.0 46.548087
53200.0 46.424665
53400.0 46.505208
53600.0 46.45377
53800.0 46.45931
54000.0 46.47818
54200.0 46.458986
54400.0 46.495282
54600.0 46.515791
54800.0 46.499541
55000.0 46.535073
55200.0 46.522923
55400.0 46.560642
55600.0 46.559723
55800.0 46.509772
56000.0 46.591769
56200.0 46.500194
56400.0 46.632312
56600.0 46.4846
56800.0 46.563121
57000.0 46.586023
57200.0 46.433393
57400.0 46.541485
57600.0 46.457531
57800.0 46.47282
58000.0 46.529341
58200.0 46.453389
58400.0 46.537615
58600.0 46.484502
58800.0 46.514903
59000.0 46.532256
59200.0 46.544116
59400.0 46.497922
59600.0 46.603204
59800.0 46.491018
60000.0 46.57416
60200.0 46.604423
60400.0 46.527311
60600.0 46.534279
60800.0 46.538729
61000.0 46.588199
61200.0 46.490702
61400.0 46.507795
61600.0 46.50246
61800.0 46.503216
62000.0 46.525945
62200.0 46.512759
62400.0 46.509942
62600.0 46.515597
62800.0 46.575249
63000.0 46.528304
63200.0 46.590741
63400.0 46.565452
63600.0 46.549404
63800.0 46.563693
64000.0 46.514706
64200.0 46.602731
64400.0 46.472426
64600.0 46.612111
64800.0 46.467408
65000.0 46.558977
65200.0 46.534087
65400.0 46.513749
65600.0 46.53253
65800.0 46.522527
66000.0 46.549274
66200.0 46.554164
66400.0 46.526447
66600.0 46.586481
66800.0 46.55303
67000.0 46.571803
67200.0 46.563999
67400.0 46.5429
67600.0 46.546195
67800.0 46.525008
68000.0 46.485605
68200.0 46.564113
68400.0 46.474277
68600.0 46.523338
68800.0 46.482125
69000.0 46.55691
69200.0 46.508848
69400.0 46.514943
69600.0 46.54307
69800.0 46.601075
70000.0 46.527957
70200.0 46.617206
70400.0 46.560651
70600.0 46.602042
70800.0 46.550292
71000.0 46.566671
71200.0 46.52636
71400.0 46.535613
71600.0 46.513199
71800.0 46.498538
72000.0 46.534352
72200.0 46.543031
72400.0 46.520351
72600.0 46.49289
72800.0 46.551262
73000.0 46.525189
73200.0 46.529972
73400.0 46.562616
73600.0 46.56739
73800.0 46.481982
74000.0 46.557369
74200.0 46.46102
74400.0 46.520994
74600.0 46.525134
74800.0 46.421442
75000.0 46.596544
75200.0 46.434796
75400.0 46.557601
75600.0 46.554164
75800.0 46.53308
76000.0 46.568363
76200.0 46.519475
76400.0 46.536472
76600.0 46.583823
76800.0 46.494096
77000.0 46.57051
77200.0 46.51002
77400.0 46.518125
77600.0 46.53563
77800.0 46.516022
78000.0 46.530065
78200.0 46.556415
78400.0 46.512762
78600.0 46.569968
78800.0 46.46039
79000.0 46.580086
79200.0 46.521298
79400.0 46.553013
79600.0 46.522599
79800.0 46.561183
80000.0 46.520165
80200.0 46.553876
80400.0 46.569433
80600.0 46.583489
80800.0 46.575413
81000.0 46.565745
81200.0 46.593447
81400.0 46.514946
81600.0 46.555804
81800.0 46.531672
82000.0 46.521543
82200.0 46.485365
82400.0 46.546802
82600.0 46.47225
82800.0 46.568359
83000.0 46.497085
83200.0 46.514472
83400.0 46.532367
83600.0 46.578809
83800.0 46.568775
84000.0 46.59804
84200.0 46.549802
84400.0 46.5629
84600.0 46.553473
84800.0 46.544925
85000.0 46.573704
85200.0 46.496096
85400.0 46.557566
85600.0 46.50009
85800.0 46.532381
86000.0 46.521318
86200.0 46.549427
86400.0 46.471105
86600.0 46.571456
86800.0 46.535143
87000.0 46.598335
87200.0 46.539893
87400.0 46.602507
87600.0 46.588055
87800.0 46.514163
88000.0 46.57977
88200.0 46.470336
88400.0 46.594181
88600.0 46.475621
88800.0 46.514197
89000.0 46.516064
89200.0 46.545282
89400.0 46.51351
89600.0 46.522376
89800.0 46.589842
90000.0 46.534555
90200.0 46.529401
90400.0 46.580516
90600.0 46.534782
90800.0 46.574209
91000.0 46.523928
91200.0 46.490183
91400.0 46.511907
91600.0 46.465686
91800.0 46.536982
92000.0 46.445285
92200.0 46.547707
92400.0 46.513273
92600.0 46.526514
92800.0 46.553889
93000.0 46.543957
93200.0 46.533673
93400.0 46.554222
93600.0 46.514576
93800.0 46.619534
94000.0 46.476389
94200.0 46.58318
94400.0 46.479465
94600.0 46.588201
94800.0 46.44854
95000.0 46.512592
95200.0 46.514486
95400.0 46.431593
95600.0 46.544864
95800.0 46.501327
96000.0 46.520401
96200.0 46.56236
96400.0 46.501897
96600.0 46.563526
96800.0 46.548646
97000.0 46.515076
97200.0 46.541024
97400.0 46.557676
97600.0 46.54283
97800.0 46.511148
98000.0 46.491547
98200.0 46.532239
98400.0 46.444597
98600.0 46.529075
98800.0 46.456482
99000.0 46.514214
99200.0 46.479388
99400.0 46.473919
99600.0 46.559697
99800.0 46.534726
100000.0 46.534866
