0.0 22.333619
200.0 26.742299
400.0 21.015638
600.0 18.716278
800.0 11.728784
1000.0 2.2153096
1200.0 -6.4796047
1400.0 -15.481352
1600.0 -29.772177
1800.0 -35.50127
2000.0 -42.365432
2200.0 -51.355431
2400.0 -51.17625
2600.0 -48.38727
2800.0 -47.927152
3000.0 -37.39273
3200.0 -28.297212
3400.0 -10.749183
3600.0 4.712643
3800.0 24.51833
4000.0 44.460248
4200.0 60.462536
4400.0 72.441659
4600.0 71.807485
4800.0 69.024672
5000.0 61.846999
5200.0 45.774168
5400.0 28.814847
5600.0 25.499654
5800.0 5.000656
6000.0 2.0043508
6200.0 -6.3994329
6400.0 -15.445755
6600.0 -17.551146
6800.0 -17.860765
7000.0 -23.126505
7200.0 -23.323409
7400.0 -18.495141
7600.0 -15.887772
7800.0 -14.886378
8000.0 -4.8955158
8200.0 1.6043436
8400.0 10.122834
8600.0 21.610511
8800.0 43.395644
9000.0 63.783402
9200.0 86.430291
9400.0 97.212863
9600.0 92.753026
9800.0 85.912887
10000.0 64.750396
10200.0 52.435736
10400.0 28.595403
10600.0 11.633897
10800.0 -2.6210783
11000.0 -14.011845
11200.0 -27.620553
11400.0 -28.927438
11600.0 -35.245831
11800.0 -34.404667
12000.0 -35.130565
12200.0 -32.965272
12400.0 -26.991527
12600.0 -24.360179
12800.0 -17.12896
13000.0 -11.986273
13200.0 -0.19101183
13400.0 5.3363362
13600.0 20.603834
13800.0 37.489267
14000.0 58.298846
14200.0 86.30349
14400.0 95.136223
14600.0 107.06001
14800.0 92.102793
15000.0 78.32816
15200.0 55.626783
15400.0 26.214183
15600.0 15.247777
15800.0 -7.1479647
16000.0 -14.794162
16200.0 -26.395687
16400.0 -30.874801
16600.0 -35.024215
16800.0 -36.624164
17000.0 -34.224526
17200.0 -32.6252
17400.0 -30.145568
17600.0 -25.238243
17800.0 -15.479271
18000.0 -8.5189906
18200.0 7.412092
18400.0 13.990183
18600.0 27.609558
18800.0 34.783509
19000.0 49.664487
19200.0 68.224708
19400.0 91.060959
19600.0 102.46198
19800.0 107.00653
20000.0 84.265036
20200.0 54.6891
20400.0 26.131975
20600.0 -6.0089544
20800.0 -17.198943
21000.0 -32.654014
21200.0 -41.802926
21400.0 -45.764396
21600.0 -46.411526
21800.0 -48.655689
22000.0 -45.78761
22200.0 -36.157693
22400.0 -32.534996
22600.0 -22.087375
22800.0 -14.668761
23000.0 -2.2055271
23200.0 2.6044558
23400.0 17.197056
23600.0 25.612359
23800.0 28.962134
24000.0 39.211934
24200.0 44.810567
24400.0 51.279113
24600.0 58.083058
24800.0 60.007556
25000.0 60.679501
25200.0 46.209998
25400.0 28.944342
25600.0 -2.9853029
25800.0 -23.995806
26000.0 -46.121853
26200.0 -52.721302
26400.0 -56.655845
26600.0 -49.58951
26800.0 -46.630186
27000.0 -43.085632
27200.0 -31.733742
27400.0 -26.348873
27600.0 -15.440912
27800.0 -7.5947682
28000.0 2.3007699
28200.0 9.5761407
28400.0 22.620009
28600.0 31.739845
28800.0 41.677109
29000.0 47.309979
29200.0 52.271564
29400.0 52.957101
29600.0 51.150645
29800.0 43.411607
30000.0 38.752987
30200.0 21.71736
30400.0 5.8948052
30600.0 -16.001862
30800.0 -40.001865
31000.0 -66.657509
31200.0 -82.708524
31400.0 -93.236718
31600.0 -89.528847
31800.0 -77.952394
32000.0 -59.022303
32200.0 -41.956008
32400.0 -29.313946
32600.0 -17.885761
32800.0 -4.236109
33000.0 4.2906279
33200.0 9.9620443
33400.0 19.903084
33600.0 23.611686
33800.0 30.169754
34000.0 34.246085
34200.0 33.697569
34400.0 30.865986
34600.0 26.962593
34800.0 22.738461
35000.0 20.95335
35200.0 6.936466
35400.0 -1.2045977
35600.0 -16.219918
35800.0 -40.626246
36000.0 -65.727622
36200.0 -87.012897
36400.0 -99.846461
36600.0 -100.48807
36800.0 -87.236145
37000.0 -72.514092
37200.0 -57.994164
37400.0 -30.837792
37600.0 -16.561348
37800.0 3.793119
38000.0 14.691978
38200.0 28.049101
38400.0 39.136175
38600.0 40.722759
38800.0 39.721445
39000.0 45.487542
39200.0 33.943689
39400.0 38.068827
39600.0 22.290457
39800.0 20.34506
40000.0 6.5733106
40200.0 0.24504614
40400.0 -10.082869
40600.0 -21.420029
40800.0 -34.8564
41000.0 -41.176613
41200.0 -64.487232
41400.0 -80.814688
41600.0 -85.176668
41800.0 -92.027374
42000.0 -75.220341
42200.0 -58.476268
42400.0 -28.442172
42600.0 -7.0697731
42800.0 12.95725
43000.0 21.614448
43200.0 30.651818
43400.0 33.975198
43600.0 31.308195
43800.0 36.161318
44000.0 32.998183
44200.0 28.13803
44400.0 28.368637
44600.0 20.880367
44800.0 12.568497
45000.0 7.3212229
45200.0 0.53759913
45400.0 -11.436259
45600.0 -16.70821
45800.0 -29.853393
46000.0 -35.192535
46200.0 -42.906937
46400.0 -52.149902
46600.0 -49.882982
46800.0 -49.517973
47000.0 -45.858745
47200.0 -33.760316
47400.0 -17.094619
47600.0 2.090331
47800.0 33.701428
48000.0 71.521685
48200.0 112.08075
48400.0 120.60108
48600.0 102.47213
48800.0 81.51493
49000.0 60.496593
49200.0 45.031856
49400.0 32.704185
49600.0 24.835716
49800.0 11.016615
50000.0 -0.71152869
50200.0 -13.996835
50400.0 -14.09406
50600.0 -25.596962
50800.0 -27.298877
51000.0 -26.586914
51200.0 -29.900129
51400.0 -31.483394
51600.0 -29.501798
51800.0 -26.359746
52000.0 -16.665973
52200.0 -8.0457308
52400.0 2.0484763
52600.0 10.913022
52800.0 30.068022
53000.0 46.020892
53200.0 65.773644
53400.0 80.155597
53600.0 88.742215
53800.0 95.301121
54000.0 80.600411
54200.0 67.720268
54400.0 40.69031
54600.0 21.058308
54800.0 3.9288638
55000.0 -4.6613821
55200.0 -14.779372
55400.0 -15.69446
55600.0 -20.285815
55800.0 -24.205477
56000.0 -21.264892
56200.0 -26.569948
56400.0 -19.899146
56600.0 -20.084243
56800.0 -13.298839
57000.0 -8.8279584
57200.0 -1.3709802
57400.0 8.3129595
57600.0 13.640124
57800.0 25.08891
58000.0 34.441067
58200.0 45.622423
58400.0 53.582053
58600.0 62.432428
58800.0 61.057428
59000.0 54.001442
59200.0 42.59598
59400.0 23.943412
59600.0 4.8193794
59800.0 -12.717223
60000.0 -29.762801
60200.0 -39.61383
60400.0 -50.160928
60600.0 -56.183608
60800.0 -59.58573
61000.0 -51.00723
61200.0 -49.037003
61400.0 -36.887101
61600.0 -31.582267
61800.0 -16.077795
62000.0 -6.5437016
62200.0 11.546105
62400.0 21.017789
62600.0 31.091292
62800.0 37.003918
63000.0 49.202046
63200.0 44.729545
63400.0 45.43891
63600.0 46.611649
63800.0 32.861046
64000.0 25.803779
64200.0 15.372187
64400.0 2.9295011
64600.0 -10.364433
64800.0 -27.678256
65000.0 -37.446476
65200.0 -50.568719
65400.0 -56.574449
65600.0 -54.935451
65800.0 -54.564908
66000.0 -45.631947
66200.0 -35.98833
66400.0 -22.738459
66600.0 -10.51031
66800.0 -2.3724413
67000.0 10.329676
67200.0 22.985569
67400.0 26.813009
67600.0 32.03239
67800.0 34.083735
68000.0 31.266253
68200.0 30.365812
68400.0 21.359857
68600.0 17.671676
68800.0 15.390899
69000.0 9.2417788
69200.0 2.9668627
69400.0 0.065727847
69600.0 -5.4819423
69800.0 -7.423516
70000.0 -12.778644
70200.0 -11.036017
70400.0 -11.409624
70600.0 -10.589964
70800.0 -10.496839
71000.0 -2.6795861
71200.0 -7.3679437
71400.0 -1.8385739
71600.0 -1.9133797
71800.0 4.4722929
72000.0 -2.3462851
72200.0 6.7647633
72400.0 7.1588246
72600.0 13.685101
72800.0 13.851066
73000.0 24.051187
73200.0 21.009675
73400.0 26.948232
73600.0 23.966063
73800.0 19.994112
74000.0 11.774922
74200.0 8.6271165
74400.0 -7.1891433
74600.0 -9.3965742
74800.0 -26.060968
75000.0 -36.229658
75200.0 -46.277145
75400.0 -57.859258
75600.0 -63.901682
75800.0 -61.194604
76000.0 -59.248529
76200.0 -44.860615
76400.0 -36.42935
76600.0 -20.209833
76800.0 -1.4927612
77000.0 15.70924
77200.0 27.810867
77400.0 35.711725
77600.0 29.920749
77800.0 26.956212
78000.0 22.869167
78200.0 19.003134
78400.0 17.218258
78600.0 12.845212
78800.0 12.715732
79000.0 7.85088
79200.0 1.3920249
79400.0 -2.8891128
79600.0 -7.3508329
79800.0 -11.885797
80000.0 -16.027353
80200.0 -23.263235
80400.0 -24.021831
80600.0 -28.518956
80800.0 -32.758825
81000.0 -28.440413
81200.0 -25.038203
81400.0 -7.1068008
81600.0 3.075829
81800.0 28.704796
82000.0 39.47116
82200.0 55.322901
82400.0 62.992105
82600.0 61.85519
82800.0 64.647768
83000.0 57.696247
83200.0 45.782743
83400.0 41.421553
83600.0 27.947469
83800.0 16.757264
84000.0 3.3518771
84200.0 -6.5040724
84400.0 -14.117217
84600.0 -21.995144
84800.0 -24.83429
85000.0 -21.031954
85200.0 -20.171347
85400.0 -20.358319
85600.0 -8.967565
85800.0 -10.432428
86000.0 -1.9927712
86200.0 1.0938059
86400.0 1.4592103
86600.0 1.3627387
86800.0 5.105688
87000.0 3.1406724
87200.0 1.123221
87400.0 2.1097853
87600.0 5.4235101
87800.0 6.9899988
88000.0 11.197259
88200.0 7.1445368
88400.0 14.116579
88600.0 7.9436342
88800.0 3.0266584
89000.0 4.7684067
89200.0 0.55781736
89400.0 -7.0079273
89600.0 -9.4438225
89800.0 -14.533625
90000.0 -13.849849
90200.0 -19.689818
90400.0 -13.824712
90600.0 -17.993226
90800.0 -9.1793302
91000.0 -4.6186584
91200.0 4.5202069
91400.0 12.490221
91600.0 20.247211
91800.0 33.499601
92000.0 42.970437
92200.0 49.096196
92400.0 50.630201
92600.0 50.712895
92800.0 45.009107
93000.0 34.664429
93200.0 26.767836
93400.0 9.4361968
93600.0 -2.2415948
93800.0 -20.483016
94000.0 -29.029704
94200.0 -42.976838
94400.0 -50.316509
94600.0 -47.007645
94800.0 -50.019586
95000.0 -45.292274
95200.0 -39.154763
95400.0 -29.741377
95600.0 -23.059364
95800.0 -8.4746281
96000.0 -1.3952486
96200.0 10.685426
96400.0 24.108623
96600.0 29.591835
96800.0 37.921799
97000.0 46.440837
97200.0 45.400751
97400.0 49.293366
97600.0 45.387891
97800.0 37.713677
98000.0 29.077774
98200.0 17.523514
98400.0 -0.38483078
98600.0 -12.563022
98800.0 -25.596201
99000.0 -30.730233
99200.0 -47.819852
99400.0 -48.212652
99600.0 -52.040773
99800.0 -55.592961
100000.0 -46.191669
