0.0 -5140.8304
200.0 -5126.7863
400.0 -5132.06
600.0 -5127.6804
800.0 -5116.8219
1000.0 -5121.2115
1200.0 -5118.3988
1400.0 -5122.1159
1600.0 -5117.2343
1800.0 -5125.2462
2000.0 -5120.1444
2200.0 -5133.332
2400.0 -5128.1738
2600.0 -5130.4726
2800.0 -5130.7446
3000.0 -5124.7233
3200.0 -5129.4835
3400.0 -5127.5968
3600.0 -5130.614
3800.0 -5120.9597
4000.0 -5125.3775
4200.0 -5134.0295
4400.0 -5129.4162
4600.0 -5119.542
4800.0 -5130.8877
5000.0 -5119.8171
5200.0 -5128.5803
5400.0 -5130.2472
5600.0 -5123.7279
5800.0 -5129.4218
6000.0 -5130.4575
6200.0 -5128.8352
6400.0 -5122.7761
6600.0 -5136.1299
6800.0 -5136.7398
7000.0 -5130.4853
7200.0 -5133.4141
7400.0 -5132.0239
7600.0 -5130.4284
7800.0 -5136.2303
8000.0 -5124.3984
8200.0 -5116.9627
8400.0 -5127.2874
8600.0 -5124.9482
8800.0 -5111.4619
9000.0 -5121.0167
9200.0 -5130.7059
9400.0 -5127.1162
9600.0 -5119.0763
9800.0 -5130.5714
10000.0 -5127.6156
10200.0 -5135.7352
10400.0 -5133.0394
10600.0 -5130.3154
10800.0 -5126.7803
11000.0 -5133.3854
11200.0 -5121.1571
11400.0 -5130.3321
11600.0 -5124.8961
11800.0 -5122.0241
12000.0 -5116.8892
12200.0 -5119.4455
12400.0 -5122.5285
12600.0 -5121.325
12800.0 -5124.5477
13000.0 -5136.5137
13200.0 -5131.2346
13400.0 -5132.6474
13600.0 -5126.8458
13800.0 -5133.5278
14000.0 -5122.7284
14200.0 -5129.1932
14400.0 -5123.1815
14600.0 -5124.1342
14800.0 -5121.4647
15000.0 -5120.937
15200.0 -5125.9447
15400.0 -5124.8886
15600.0 -5136.564
15800.0 -5135.3111
16000.0 -5130.9149
16200.0 -5145.4557
16400.0 -5130.4106
16600.0 -5137.4544
16800.0 -5130.5353
17000.0 -5125.4018
17200.0 -5120.0148
17400.0 -5126.4558
17600.0 -5127.9319
17800.0 -5122.7859
18000.0 -5116.1103
18200.0 -5127.1881
18400.0 -5128.6308
18600.0 -5124.2822
18800.0 -5133.4082
19000.0 -5127.9377
19200.0 -5133.7699
19400.0 -5136.0563
19600.0 -5129.3042
19800.0 -5135.3546
20000.0 -5129.2032
20200.0 -5119.9702
20400.0 -5127.7446
20600.0 -5120.2419
20800.0 -5108.5276
21000.0 -5126.5897
21200.0 -5127.9864
21400.0 -5124.2872
21600.0 -5129.7199
21800.0 -5131.9369
22000.0 -5128.5553
22200.0 -5135.9497
22400.0 -5127.8007
22600.0 -5131.9803
22800.0 -5121.1971
23000.0 -5125.7263
23200.0 -5122.4951
23400.0 -5111.6868
23600.0 -5120.8544
23800.0 -5117.8765
24000.0 -5121.9845
24200.0 -5127.0575
24400.0 -5123.5347
24600.0 -5128.0765
24800.0 -5129.7544
25000.0 -5129.6207
25200.0 -5128.0835
25400.0 -5130.3409
25600.0 -5135.5104
25800.0 -5124.6811
26000.0 -5129.0143
26200.0 -5124.8095
26400.0 -5116.2025
26600.0 -5118.53
26800.0 -5111.5309
27000.0 -5119.6573
27200.0 -5112.3926
27400.0 -5128.437
27600.0 -5129.185
27800.0 -5128.3908
28000.0 -5124.9606
28200.0 -5133.8718
28400.0 -5130.2245
28600.0 -5124.469
28800.0 -5134.8146
29000.0 -5128.4086
29200.0 -5128.6907
29400.0 -5122.4798
29600.0 -5120.6883
29800.0 -5116.2255
30000.0 -5115.5085
30200.0 -5112.7545
30400.0 -5114.9726
30600.0 -5121.134
30800.0 -5129.3594
31000.0 -5122.691
31200.0 -5130.7071
31400.0 -5123.0767
31600.0 -5126.0294
31800.0 -5128.1923
32000.0 -5130.2037
32200.0 -5120.6525
32400.0 -5133.1935
32600.0 -5132.7139
32800.0 -5122.8382
33000.0 -5121.5872
33200.0 -5141.0522
33400.0 -5127.7629
33600.0 -5128.4845
33800.0 -5126.4154
34000.0 -5133.4229
34200.0 -5135.9627
34400.0 -5123.7095
34600.0 -5117.7466
34800.0 -5127.1579
35000.0 -5119.4133
35200.0 -5122.8645
35400.0 -5121.0499
35600.0 -5121.6568
35800.0 -5123.8375
36000.0 -5125.2249
36200.0 -5121.0298
36400.0 -5130.2308
36600.0 -5132.5964
36800.0 -5126.1057
37000.0 -5125.4333
37200.0 -5131.6304
37400.0 -5128.9288
37600.0 -5132.2594
37800.0 -5128.0186
38000.0 -5121.7036
38200.0 -5128.0739
38400.0 -5135.118
38600.0 -5126.8128
38800.0 -5124.989
39000.0 -5130.3162
39200.0 -5123.3986
39400.0 -5124.7066
39600.0 -5123.0385
39800.0 -5127.4242
40000.0 -5124.8039
40200.0 -5134.9846
40400.0 -5117.9417
40600.0 -5125.8417
40800.0 -5140.3677
41000.0 -5129.7935
41200.0 -5132.7782
41400.0 -5137.96
41600.0 -5129.9362
41800.0 -5135.3639
42000.0 -5126.5147
42200.0 -5127.297
42400.0 -5120.0422
42600.0 -5110.9273
42800.0 -5124.645
43000.0 -5118.2238
43200.0 -5118.8069
43400.0 -5125.8742
43600.0 -5124.2236
43800.0 -5135.487
44000.0 -5132.4111
44200.0 -5128.6278
44400.0 -5131.4891
44600.0 -5132.5246
44800.0 -5128.1651
45000.0 -5130.6473
45200.0 -5121.115
45400.0 -5121.1666
45600.0 -5130.264
45800.0 -5123.0348
46000.0 -5112.2687
46200.0 -5126.775
46400.0 -5130.7827
46600.0 -5128.8604
46800.0 -5129.8719
47000.0 -5136.2209
47200.0 -5133.0165
47400.0 -5137.9722
47600.0 -5135.1999
47800.0 -5130.4086
48000.0 -5126.176
48200.0 -5119.2083
48400.0 -5124.5589
48600.0 -5118.7087
48800.0 -5119.1909
49000.0 -5106.9292
49200.0 -5124.9621
49400.0 -5125.0829
49600.0 -5124.0228
49800.0 -5118.3914
50000.0 -5126.5972
50200.0 -5121.0431
50400.0 -5135.3361
50600.0 -5128.4582
50800.0 -5134.6954
51000.0 -5128.078
51200.0 -5132.2791
51400.0 -5138.5989
51600.0 -5130.8931
51800.0 -5132.8133
52000.0 -5129.2643
52200.0 -5125.1913
52400.0 -5114.031
52600.0 -5112.8588
52800.0 -5120.6956
53000.0 -5119.2276
53200.0 -5126.5018
53400.0 -5119.1014
53600.0 -5124.4081
53800.0 -5128.757
54000.0 -5132.9627
54200.0 -5127.8284
54400.0 -5129.8551
54600.0 -5134.6235
54800.0 -5134.4665
55000.0 -5131.7665
55200.0 -5131.4019
55400.0 -5142.0811
55600.0 -5130.4629
55800.0 -5132.5756
56000.0 -5140.0838
56200.0 -5131.1595
56400.0 -5133.621
56600.0 -5121.8018
56800.0 -5118.5206
57000.0 -5129.0189
57200.0 -5121.8006
57400.0 -5115.3209
57600.0 -5131.7348
57800.0 -5129.421
58000.0 -5120.7967
58200.0 -5129.6453
58400.0 -5136.725
58600.0 -5136.3115
58800.0 -5131.6756
59000.0 -5136.1805
59200.0 -5136.5027
59400.0 -5123.5334
59600.0 -5128.0287
59800.0 -5127.4237
60000.0 -5129.0476
60200.0 -5120.1964
60400.0 -5125.5862
60600.0 -5113.9438
60800.0 -5133.671
61000.0 -5120.2853
61200.0 -5133.7859
61400.0 -5131.8518
61600.0 -5141.7294
61800.0 -5134.9137
62000.0 -5136.5452
62200.0 -5134.0422
62400.0 -5134.2664
62600.0 -5123.8492
62800.0 -5124.5916
63000.0 -5125.9151
63200.0 -5121.9978
63400.0 -5126.3165
63600.0 -5129.0303
63800.0 -5126.6861
64000.0 -5125.0212
64200.0 -5122.9369
64400.0 -5137.8059
64600.0 -5126.4005
64800.0 -5124.6044
65000.0 -5140.5613
65200.0 -5128.4147
65400.0 -5131.659
65600.0 -5130.9878
65800.0 -5120.3445
66000.0 -5135.5537
66200.0 -5125.7755
66400.0 -5125.4591
66600.0 -5119.8188
66800.0 -5123.2647
67000.0 -5116.9959
67200.0 -5137.2211
67400.0 -5123.7
67600.0 -5132.3329
67800.0 -5128.5216
68000.0 -5134.82
68200.0 -5131.7745
68400.0 -5134.1096
68600.0 -5135.524
68800.0 -5124.1149
69000.0 -5123.3748
69200.0 -5128.3065
69400.0 -5114.1497
69600.0 -5121.7341
69800.0 -5115.3496
70000.0 -5130.6214
70200.0 -5122.6765
70400.0 -5122.6117
70600.0 -5127.1682
70800.0 -5133.87
71000.0 -5131.3914
71200.0 -5135.0615
71400.0 -5131.6705
71600.0 -5134.4341
71800.0 -5136.7987
72000.0 -5129.2095
72200.0 -5130.0264
72400.0 -5127.3836
72600.0 -5118.3735
72800.0 -5118.3759
73000.0 -5121.2428
73200.0 -5121.844
73400.0 -5119.8009
73600.0 -5123.2225
73800.0 -5134.2713
74000.0 -5137.8542
74200.0 -5128.9224
74400.0 -5135.3399
74600.0 -5136.8813
74800.0 -5134.7765
75000.0 -5128.9743
75200.0 -5131.5384
75400.0 -5126.0097
75600.0 -5130.9062
75800.0 -5126.9058
76000.0 -5122.6942
76200.0 -5121.8279
76400.0 -5122.4631
76600.0 -5133.9953
76800.0 -5124.695
77000.0 -5125.2255
77200.0 -5126.9045
77400.0 -5124.3958
77600.0 -5125.64
77800.0 -5131.2942
78000.0 -5133.0305
78200.0 -5126.8794
78400.0 -5134.1187
78600.0 -5131.5054
78800.0 -5145.1787
79000.0 -5134.4774
79200.0 -5136.6371
79400.0 -5138.3253
79600.0 -5131.1022
79800.0 -5130.2569
80000.0 -5124.3869
80200.0 -5128.9752
80400.0 -5129.492
80600.0 -5129.6546
80800.0 -5124.3961
81000.0 -5128.195
81200.0 -5125.7112
81400.0 -5134.1678
81600.0 -5129.8696
81800.0 -5131.1698
82000.0 -5135.7298
82200.0 -5139.1107
82400.0 -5133.9816
82600.0 -5134.2764
82800.0 -5142.6137
83000.0 -5126.0046
83200.0 -5122.8247
83400.0 -5129.9338
83600.0 -5132.2827
83800.0 -5115.5427
84000.0 -5124.8246
84200.0 -5123.5973
84400.0 -5132.556
84600.0 -5133.7744
84800.0 -5129.5205
85000.0 -5125.465
85200.0 -5140.2734
85400.0 -5130.595
85600.0 -5136.4877
85800.0 -5122.3058
86000.0 -5140.6723
86200.0 -5121.757
86400.0 -5126.1187
86600.0 -5125.0795
86800.0 -5131.08
87000.0 -5129.614
87200.0 -5121.8322
87400.0 -5130.7584
87600.0 -5134.5653
87800.0 -5126.3573
88000.0 -5130.6538
88200.0 -5134.538
88400.0 -5130.5902
88600.0 -5144.0387
88800.0 -5134.643
89000.0 -5143.8297
89200.0 -5137.2285
89400.0 -5125.2155
89600.0 -5128.3889
89800.0 -5134.9051
90000.0 -5122.5758
90200.0 -5118.1649
90400.0 -5123.6407
90600.0 -5128.5085
90800.0 -5119.0458
91000.0 -5126.0916
91200.0 -5128.0613
91400.0 -5132.1345
91600.0 -5130.855
91800.0 -5130.5787
92000.0 -5137.6305
92200.0 -5139.8862
92400.0 -5124.1215
92600.0 -5140.3826
92800.0 -5129.7832
93000.0 -5126.801
93200.0 -5122.3934
93400.0 -5129.2276
93600.0 -5119.5238
93800.0 -5122.7784
94000.0 -5117.4892
94200.0 -5128.7025
94400.0 -5120.3834
94600.0 -5131.7302
94800.0 -5131.2079
95000.0 -5122.0088
95200.0 -5131.127
95400.0 -5141.8157
95600.0 -5135.6409
95800.0 -5129.1361
96000.0 -5138.9949
96200.0 -5128.0965
96400.0 -5129.2972
96600.0 -5116.0262
96800.0 -5124.7906
97000.0 -5118.6646
97200.0 -5126.7256
97400.0 -5121.5066
97600.0 -5124.0157
97800.0 -5132.1921
98000.0 -5129.7496
98200.0 -5132.3381
98400.0 -5136.0248
98600.0 -5125.354
98800.0 -5142.9285
99000.0 -5123.1241
99200.0 -5135.2283
99400.0 -5114.0821
99600.0 -5128.8462
99800.0 -5107.9992
100000.0 -5122.5628
