0.0 0.0054902533
200.0 0.0055681167
400.0 0.0056318149
600.0 0.0056700672
800.0 0.005680146
1000.0 0.0056681565
1200.0 0.0056415383
1400.0 0.005608419
1600.0 0.0055815846
1800.0 0.0055657336
2000.0 0.005557499
2200.0 0.0055463708
2400.0 0.0055222076
2600.0 0.0054786051
2800.0 0.0054183808
3000.0 0.0053596947
3200.0 0.0053219565
3400.0 0.005319607
3600.0 0.0053626577
3800.0 0.0054524918
4000.0 0.0055636122
4200.0 0.0056433717
4400.0 0.0056708422
4600.0 0.0056585096
4800.0 0.0056362532
5000.0 0.0056242152
5200.0 0.0056243943
5400.0 0.0056330507
5600.0 0.0056406573
5800.0 0.0056380693
6000.0 0.0056181624
6200.0 0.0055801065
6400.0 0.005529509
6600.0 0.005479
6800.0 0.0054467586
7000.0 0.0054423449
7200.0 0.0054674828
7400.0 0.0055090332
7600.0 0.0055454855
7800.0 0.005564199
8000.0 0.0055570913
8200.0 0.0055287017
8400.0 0.0054947802
8600.0 0.0054748369
8800.0 0.0054764004
9000.0 0.0054987259
9200.0 0.0055333999
9400.0 0.0055689347
9600.0 0.0055921728
9800.0 0.0056025247
10000.0 0.0056008023
10200.0 0.0055875466
10400.0 0.0055678742
10600.0 0.005556824
10800.0 0.005574359
11000.0 0.0056335559
11200.0 0.0057182159
11400.0 0.0057911062
11600.0 0.0058190547
11800.0 0.0057930666
12000.0 0.0057190856
12200.0 0.0056253554
12400.0 0.0055501826
12600.0 0.0055112308
12800.0 0.0054995825
13000.0 0.0055051618
13200.0 0.0055100925
13400.0 0.0055057572
13600.0 0.0054979324
13800.0 0.0054903469
14000.0 0.0054850441
14200.0 0.0054874556
14400.0 0.0055002986
14600.0 0.0055185067
14800.0 0.0055392523
15000.0 0.005560491
15200.0 0.0055737967
15400.0 0.0055706186
15600.0 0.005550571
15800.0 0.0055211644
16000.0 0.0054956515
16200.0 0.0054819952
16400.0 0.0054853629
16600.0 0.0055036318
16800.0 0.0055385274
17000.0 0.0055850961
17200.0 0.0056243925
17400.0 0.0056425805
17600.0 0.0056329292
17800.0 0.00559211
18000.0 0.0055297695
18200.0 0.0054713084
18400.0 0.0054429082
18600.0 0.005452893
18800.0 0.0054916293
19000.0 0.0055399336
19200.0 0.0055799402
19400.0 0.0056041206
19600.0 0.0056141864
19800.0 0.0056126081
20000.0 0.0055998428
20200.0 0.0055803017
20400.0 0.0055651855
20600.0 0.0055570981
20800.0 0.0055528483
21000.0 0.0055449157
21200.0 0.0055263197
21400.0 0.0054888139
21600.0 0.0054331119
21800.0 0.0053729608
22000.0 0.0053296848
22200.0 0.0053164413
22400.0 0.0053384822
22600.0 0.0053930849
22800.0 0.0054670827
23000.0 0.0055381271
23200.0 0.005587071
23400.0 0.0056138935
23600.0 0.0056274144
23800.0 0.0056362098
24000.0 0.0056480074
24200.0 0.0056656699
24400.0 0.0056815648
24600.0 0.0056881138
24800.0 0.0056800537
25000.0 0.0056505473
25200.0 0.005601347
25400.0 0.0055468996
25600.0 0.0055021106
25800.0 0.0054750486
26000.0 0.0054631341
26200.0 0.0054571047
26400.0 0.0054490523
26600.0 0.0054383795
26800.0 0.0054269043
27000.0 0.0054141216
27200.0 0.0054142173
27400.0 0.005437387
27600.0 0.0054769957
27800.0 0.0055275718
28000.0 0.0055706645
28200.0 0.0055934589
28400.0 0.0055962331
28600.0 0.0055852112
28800.0 0.0055650338
29000.0 0.005546822
29200.0 0.005547486
29400.0 0.00557041
29600.0 0.005608773
29800.0 0.0056509793
30000.0 0.0056834254
30200.0 0.0056895321
30400.0 0.0056672572
30600.0 0.0056312658
30800.0 0.0055972531
31000.0 0.0055744448
31200.0 0.0055657612
31400.0 0.0055676443
31600.0 0.0055736081
31800.0 0.0055734253
32000.0 0.0055558013
32200.0 0.0055174101
32400.0 0.0054657355
32600.0 0.0054197136
32800.0 0.0053956499
33000.0 0.005401766
33200.0 0.005437052
33400.0 0.0054906343
33600.0 0.0055452965
33800.0 0.0055909206
34000.0 0.0056198038
34200.0 0.0056315425
34400.0 0.0056374694
34600.0 0.0056545508
34800.0 0.005680538
35000.0 0.0057084082
35200.0 0.0057256799
35400.0 0.0057187983
35600.0 0.0056775306
35800.0 0.0056037859
36000.0 0.005516847
36200.0 0.0054451407
36400.0 0.0054094326
36600.0 0.005406567
36800.0 0.0054202377
37000.0 0.00542761
37200.0 0.0054247708
37400.0 0.0054140126
37600.0 0.0054061321
37800.0 0.0054090193
38000.0 0.0054227978
38200.0 0.0054524411
38400.0 0.0054953301
38600.0 0.0055396597
38800.0 0.0055776698
39000.0 0.0056090141
39200.0 0.0056333124
39400.0 0.005653716
39600.0 0.0056767052
39800.0 0.0057087696
40000.0 0.005755002
40200.0 0.0058066414
40400.0 0.0058478802
40600.0 0.0058498616
40800.0 0.0057880123
41000.0 0.0056742682
41200.0 0.0055568104
41400.0 0.0054768181
41600.0 0.0054383796
41800.0 0.0054245074
42000.0 0.0054243974
42200.0 0.0054321063
42400.0 0.0054424138
42600.0 0.0054544221
42800.0 0.0054708296
43000.0 0.0054906162
43200.0 0.005519916
43400.0 0.0055620321
43600.0 0.0056067111
43800.0 0.0056458605
44000.0 0.0056763249
44200.0 0.005696141
44400.0 0.0056972622
44600.0 0.0056747781
44800.0 0.0056161262
45000.0 0.0055173685
45200.0 0.0054062178
45400.0 0.0053205619
45600.0 0.0052737318
45800.0 0.0052635258
46000.0 0.005285783
46200.0 0.0053297788
46400.0 0.0053844724
46600.0 0.0054364404
46800.0 0.0054868055
47000.0 0.0055375189
47200.0 0.0055867195
47400.0 0.0056254947
47600.0 0.0056565996
47800.0 0.0056744428
48000.0 0.0056734015
48200.0 0.0056571627
48400.0 0.0056326747
48600.0 0.0056006396
48800.0 0.0055573774
49000.0 0.0054965526
49200.0 0.0054198852
49400.0 0.0053467433
49600.0 0.0052972576
49800.0 0.0052807504
50000.0 0.0053000525
50200.0 0.0053540286
50400.0 0.0054352524
50600.0 0.005523893
50800.0 0.0056024185
51000.0 0.0056657727
51200.0 0.0057200397
51400.0 0.0057625824
51600.0 0.0057893592
51800.0 0.0058027454
52000.0 0.0057887505
52200.0 0.005734467
52400.0 0.0056442605
52600.0 0.0055453558
52800.0 0.005470636
53000.0 0.0054291914
53200.0 0.0054137746
53400.0 0.0054165418
53600.0 0.0054351575
53800.0 0.0054614695
54000.0 0.0054918766
54200.0 0.005514869
54400.0 0.0055227849
54600.0 0.0055194652
54800.0 0.0055135764
55000.0 0.0055172867
55200.0 0.0055356701
55400.0 0.0055686207
55600.0 0.0056123573
55800.0 0.0056661173
56000.0 0.0057173609
56200.0 0.0057528943
56400.0 0.005755479
56600.0 0.0057146953
56800.0 0.0056381127
57000.0 0.0055587662
57200.0 0.0055051392
57400.0 0.0054856121
57600.0 0.005497161
57800.0 0.0055265919
58000.0 0.0055592732
58200.0 0.0055852446
58400.0 0.0055976512
58600.0 0.0055954292
58800.0 0.0055839808
59000.0 0.0055716403
59200.0 0.005567706
59400.0 0.0055785546
59600.0 0.0056058564
59800.0 0.0056315747
60000.0 0.0056302343
60200.0 0.0055923744
60400.0 0.0055198423
60600.0 0.0054340805
60800.0 0.0053646791
61000.0 0.0053297582
61200.0 0.0053329396
61400.0 0.0053675342
61600.0 0.0054238409
61800.0 0.0054874579
62000.0 0.0055448071
62200.0 0.005583929
62400.0 0.0055987194
62600.0 0.0055981134
62800.0 0.0055871558
63000.0 0.0055742291
63200.0 0.0055633108
63400.0 0.0055598375
63600.0 0.0055612008
63800.0 0.0055596493
64000.0 0.0055418731
64200.0 0.0054935245
64400.0 0.0053989796
64600.0 0.0052733368
64800.0 0.0051683723
65000.0 0.0051101314
65200.0 0.0051002743
65400.0 0.0051448559
65600.0 0.0052389051
65800.0 0.0053526616
66000.0 0.0054547799
66200.0 0.0055313914
66400.0 0.005587097
66600.0 0.0056275864
66800.0 0.0056573953
67000.0 0.0056876629
67200.0 0.0057204099
67400.0 0.0057425377
67600.0 0.0057468726
67800.0 0.0057303538
68000.0 0.0056911155
68200.0 0.0056414057
68400.0 0.0055920114
68600.0 0.0055473327
68800.0 0.0055107005
69000.0 0.0054760128
69200.0 0.0054418742
69400.0 0.0054161015
69600.0 0.0053946829
69800.0 0.0053752059
70000.0 0.0053593878
70200.0 0.0053436883
70400.0 0.0053283006
70600.0 0.0053179664
70800.0 0.0053238646
71000.0 0.0053637135
71200.0 0.005456344
71400.0 0.0055809309
71600.0 0.0056865993
71800.0 0.0057428325
72000.0 0.0057537708
72200.0 0.0057433239
72400.0 0.0057275379
72600.0 0.0057102272
72800.0 0.0056932045
73000.0 0.005674062
73200.0 0.0056447285
73400.0 0.0056053773
73600.0 0.0055643784
73800.0 0.0055275581
74000.0 0.0054978486
74200.0 0.0054771354
74400.0 0.0054656688
74600.0 0.0054541325
74800.0 0.0054359728
75000.0 0.0054148953
75200.0 0.0053924551
75400.0 0.0053826999
75600.0 0.005408659
75800.0 0.0054914395
76000.0 0.0056087538
76200.0 0.0057123812
76400.0 0.005778056
76600.0 0.0058027387
76800.0 0.0057894772
77000.0 0.0057499871
77200.0 0.0057035251
77400.0 0.0056690136
77600.0 0.0056493427
77800.0 0.0056354802
78000.0 0.0056139021
78200.0 0.0055835922
78400.0 0.0055466607
78600.0 0.0055060847
78800.0 0.0054697046
79000.0 0.0054444644
79200.0 0.0054342647
79400.0 0.0054360887
79600.0 0.0054440631
79800.0 0.0054535873
80000.0 0.0054618801
80200.0 0.00546737
80400.0 0.0054754422
80600.0 0.0055027969
80800.0 0.0055539213
81000.0 0.005616612
81200.0 0.0056776458
81400.0 0.005727659
81600.0 0.005754224
81800.0 0.0057465935
82000.0 0.0057090399
82200.0 0.0056568195
82400.0 0.0056115114
82600.0 0.0055851621
82800.0 0.0055779555
83000.0 0.0055855409
83200.0 0.005601223
83400.0 0.00561563
83600.0 0.0056130396
83800.0 0.0055886983
84000.0 0.0055488357
84200.0 0.0055036324
84400.0 0.0054664448
84600.0 0.0054486398
84800.0 0.0054456373
85000.0 0.0054520013
85200.0 0.0054594843
85400.0 0.0054577758
85600.0 0.0054458888
85800.0 0.0054327263
86000.0 0.0054269746
86200.0 0.0054394131
86400.0 0.0054731535
86600.0 0.0055269438
86800.0 0.0055961532
87000.0 0.0056620165
87200.0 0.0057083918
87400.0 0.0057314986
87600.0 0.0057321003
87800.0 0.0057199069
88000.0 0.005703481
88200.0 0.0056837157
88400.0 0.0056576163
88600.0 0.0056225823
88800.0 0.0055725298
89000.0 0.005511862
89200.0 0.0054450462
89400.0 0.0053821917
89600.0 0.0053347738
89800.0 0.0053058011
90000.0 0.0052968841
90200.0 0.0053098241
90400.0 0.0053464826
90600.0 0.005410419
90800.0 0.0054982712
91000.0 0.0055958684
91200.0 0.0056809304
91400.0 0.0057262212
91600.0 0.0057374392
91800.0 0.005728159
92000.0 0.0057063162
92200.0 0.0056758992
92400.0 0.0056376313
92600.0 0.0055961575
92800.0 0.0055541008
93000.0 0.0055121064
93200.0 0.0054697398
93400.0 0.0054286695
93600.0 0.0053924968
93800.0 0.0053719743
94000.0 0.0053730396
94200.0 0.0054038621
94400.0 0.005466878
94600.0 0.0055486905
94800.0 0.005622157
95000.0 0.0056650579
95200.0 0.0056736991
95400.0 0.0056544684
95600.0 0.0056212965
95800.0 0.0055891248
96000.0 0.0055782437
96200.0 0.0055915333
96400.0 0.0056195294
96600.0 0.0056538605
96800.0 0.0056794392
97000.0 0.0056846622
97200.0 0.0056646877
97400.0 0.0056220962
97600.0 0.005566585
97800.0 0.0055083192
98000.0 0.0054534958
98200.0 0.0054153383
98400.0 0.0053961545
98600.0 0.0053901613
98800.0 0.00539295
99000.0 0.005402919
99200.0 0.0054204048
99400.0 0.0054504071
99600.0 0.0054979167
99800.0 0.0055577453
100000.0 0.0056208073
