0.0 -2944.7254
200.0 -2936.3135
400.0 -2964.3573
600.0 -2969.4451
800.0 -2973.6205
1000.0 -2981.8427
1200.0 -2993.1174
1400.0 -2987.33
1600.0 -2988.4545
1800.0 -2979.4047
2000.0 -2972.6417
2200.0 -2963.8407
2400.0 -2935.9898
2600.0 -2909.1509
2800.0 -2902.6281
3000.0 -2909.0806
3200.0 -2918.8809
3400.0 -2934.5512
3600.0 -2929.8377
3800.0 -2927.3382
4000.0 -2956.6924
4200.0 -2935.4457
4400.0 -2936.9082
4600.0 -2938.722
4800.0 -2922.514
5000.0 -2918.4701
5200.0 -2938.5372
5400.0 -2929.7612
5600.0 -2945.6524
5800.0 -2924.2228
6000.0 -2931.2515
6200.0 -2921.4066
6400.0 -2925.4117
6600.0 -2937.0474
6800.0 -2940.0282
7000.0 -2961.2676
7200.0 -2968.7859
7400.0 -2978.6303
7600.0 -2956.0113
7800.0 -2963.0432
8000.0 -2963.5983
8200.0 -2993.8696
8400.0 -2969.5394
8600.0 -2950.7981
8800.0 -2935.3089
9000.0 -2926.0813
9200.0 -2949.5422
9400.0 -2958.3002
9600.0 -2940.8224
9800.0 -2944.307
10000.0 -2948.8774
10200.0 -2956.8571
10400.0 -2931.1816
10600.0 -2942.9321
10800.0 -2943.0061
11000.0 -2944.6916
11200.0 -2933.2129
11400.0 -2951.6994
11600.0 -2966.0255
11800.0 -2956.7204
12000.0 -2956.8802
12200.0 -2965.7965
12400.0 -2986.1185
12600.0 -2961.0863
12800.0 -2969.1353
13000.0 -2976.1892
13200.0 -2933.2313
13400.0 -2927.3599
13600.0 -2937.2908
13800.0 -2943.8072
14000.0 -2948.4445
14200.0 -2937.6293
14400.0 -2933.9752
14600.0 -2946.739
14800.0 -2958.0192
15000.0 -2965.9759
15200.0 -2963.7247
15400.0 -2983.5169
15600.0 -2988.757
15800.0 -2984.4998
16000.0 -2973.6604
16200.0 -2988.1342
16400.0 -2966.3456
16600.0 -2973.5778
16800.0 -2966.7706
17000.0 -2957.6656
17200.0 -2940.5181
17400.0 -2960.4833
17600.0 -2941.0292
17800.0 -2908.5875
18000.0 -2918.8414
18200.0 -2921.8534
18400.0 -2955.8096
18600.0 -2940.2899
18800.0 -2941.1663
19000.0 -2951.2439
19200.0 -2957.359
19400.0 -2975.6329
19600.0 -2959.5902
19800.0 -2957.1957
20000.0 -2965.3269
20200.0 -2980.8448
20400.0 -2984.1105
20600.0 -2965.7826
20800.0 -2970.1338
21000.0 -2964.4134
21200.0 -2954.4937
21400.0 -2969.1167
21600.0 -2969.7759
21800.0 -2966.8052
22000.0 -2949.426
22200.0 -2948.7166
22400.0 -2945.4772
22600.0 -2947.017
22800.0 -2965.2406
23000.0 -2954.8663
23200.0 -2956.3616
23400.0 -2964.3562
23600.0 -2979.8975
23800.0 -2981.9382
24000.0 -2957.8207
24200.0 -2952.4847
24400.0 -2939.7176
24600.0 -2942.3048
24800.0 -2948.0148
25000.0 -2925.1954
25200.0 -2902.8376
25400.0 -2922.9568
25600.0 -2926.5788
25800.0 -2913.1889
26000.0 -2918.6768
26200.0 -2932.7708
26400.0 -2940.2534
26600.0 -2946.1596
26800.0 -2959.9906
27000.0 -2925.4307
27200.0 -2938.2052
27400.0 -2936.5133
27600.0 -2940.4522
27800.0 -2921.1612
28000.0 -2941.4166
28200.0 -2950.3026
28400.0 -2933.015
28600.0 -2907.3872
28800.0 -2920.6885
29000.0 -2947.2964
29200.0 -2949.3659
29400.0 -2938.5624
29600.0 -2937.4461
29800.0 -2950.4136
30000.0 -2959.8617
30200.0 -2956.1374
30400.0 -2951.591
30600.0 -2950.3804
30800.0 -2926.8255
31000.0 -2927.3842
31200.0 -2945.2555
31400.0 -2925.9244
31600.0 -2914.6884
31800.0 -2936.6672
32000.0 -2945.7149
32200.0 -2928.5948
32400.0 -2923.3968
32600.0 -2908.4871
32800.0 -2913.8244
33000.0 -2911.4407
33200.0 -2926.8528
33400.0 -2906.5722
33600.0 -2916.9651
33800.0 -2936.09
34000.0 -2950.6776
34200.0 -2941.9583
34400.0 -2972.2092
34600.0 -2983.5279
34800.0 -2995.3618
35000.0 -2981.8038
35200.0 -2986.1882
35400.0 -3006.8287
35600.0 -3015.3301
35800.0 -2991.0957
36000.0 -2996.2919
36200.0 -3005.2959
36400.0 -2983.7072
36600.0 -2992.3617
36800.0 -2987.2783
37000.0 -2989.4416
37200.0 -2977.2172
37400.0 -2984.7367
37600.0 -2997.5479
37800.0 -2995.3769
38000.0 -2998.5338
38200.0 -3007.2492
38400.0 -2994.9092
38600.0 -2991.8063
38800.0 -2989.9758
39000.0 -2996.7484
39200.0 -2978.8257
39400.0 -2969.2645
39600.0 -2959.6417
39800.0 -2977.5941
40000.0 -2970.9031
40200.0 -2955.6645
40400.0 -2939.1689
40600.0 -2941.9308
40800.0 -2928.8777
41000.0 -2930.1172
41200.0 -2897.8428
41400.0 -2914.07
41600.0 -2931.3169
41800.0 -2914.9755
42000.0 -2927.8203
42200.0 -2908.6523
42400.0 -2926.4806
42600.0 -2937.0137
42800.0 -2946.226
43000.0 -2936.6974
43200.0 -2936.3719
43400.0 -2935.5734
43600.0 -2925.3797
43800.0 -2933.2096
44000.0 -2919.5002
44200.0 -2899.5864
44400.0 -2889.9959
44600.0 -2907.6117
44800.0 -2914.5767
45000.0 -2908.7819
45200.0 -2901.7239
45400.0 -2896.0568
45600.0 -2891.6021
45800.0 -2919.5202
46000.0 -2908.0689
46200.0 -2896.2835
46400.0 -2881.0414
46600.0 -2878.9192
46800.0 -2880.5757
47000.0 -2879.5158
47200.0 -2887.1509
47400.0 -2901.4359
47600.0 -2938.2674
47800.0 -2929.6354
48000.0 -2948.9483
48200.0 -2963.7798
48400.0 -2973.7729
48600.0 -2957.5345
48800.0 -2969.777
49000.0 -3005.8402
49200.0 -3004.9128
49400.0 -2971.0819
49600.0 -2999.1995
49800.0 -3021.6201
50000.0 -2992.8091
50200.0 -2983.1823
50400.0 -2977.3834
50600.0 -2995.5598
50800.0 -2987.427
51000.0 -2972.5828
51200.0 -2958.6747
51400.0 -2955.6508
51600.0 -2944.8801
51800.0 -2963.1209
52000.0 -2965.2012
52200.0 -2955.4587
52400.0 -2940.1791
52600.0 -2935.7899
52800.0 -2930.5085
53000.0 -2917.1137
53200.0 -2901.988
53400.0 -2898.4565
53600.0 -2913.7859
53800.0 -2904.6997
54000.0 -2885.0237
54200.0 -2906.7456
54400.0 -2910.0859
54600.0 -2892.2293
54800.0 -2899.2494
55000.0 -2938.7242
55200.0 -2924.3728
55400.0 -2909.2062
55600.0 -2921.8898
55800.0 -2932.9009
56000.0 -2951.8514
56200.0 -2928.8366
56400.0 -2920.4784
56600.0 -2930.0557
56800.0 -2925.8543
57000.0 -2934.4523
57200.0 -2912.0659
57400.0 -2952.8759
57600.0 -2978.1829
57800.0 -2984.1363
58000.0 -2970.0152
58200.0 -2966.8755
58400.0 -2989.5475
58600.0 -2994.7347
58800.0 -2977.7651
59000.0 -2973.5409
59200.0 -2973.2393
59400.0 -2981.5642
59600.0 -2962.5902
59800.0 -2944.7539
60000.0 -2939.4733
60200.0 -2962.5428
60400.0 -2950.9789
60600.0 -2953.9816
60800.0 -2956.6183
61000.0 -2994.5219
61200.0 -2977.0977
61400.0 -2969.3941
61600.0 -2961.3057
61800.0 -2942.0228
62000.0 -2947.4155
62200.0 -2954.5157
62400.0 -2967.5989
62600.0 -2927.4617
62800.0 -2927.6141
63000.0 -2942.8452
63200.0 -2950.6277
63400.0 -2927.175
63600.0 -2913.5371
63800.0 -2925.3386
64000.0 -2924.026
64200.0 -2908.7042
64400.0 -2898.6988
64600.0 -2910.9211
64800.0 -2879.9915
65000.0 -2863.007
65200.0 -2878.8305
65400.0 -2893.9916
65600.0 -2889.4401
65800.0 -2884.3753
66000.0 -2884.859
66200.0 -2913.9771
66400.0 -2917.5704
66600.0 -2951.3946
66800.0 -2952.4518
67000.0 -2964.8816
67200.0 -2973.5675
67400.0 -2985.1994
67600.0 -2962.1501
67800.0 -2952.2697
68000.0 -2952.1765
68200.0 -2960.5624
68400.0 -2937.2763
68600.0 -2942.4583
68800.0 -2945.3587
69000.0 -2933.941
69200.0 -2936.9557
69400.0 -2951.5611
69600.0 -2933.9419
69800.0 -2948.9511
70000.0 -2945.1358
70200.0 -2945.0594
70400.0 -2932.5101
70600.0 -2931.3713
70800.0 -2925.5938
71000.0 -2896.8046
71200.0 -2908.1098
71400.0 -2922.6277
71600.0 -2929.3124
71800.0 -2895.4201
72000.0 -2886.1069
72200.0 -2909.5143
72400.0 -2935.5102
72600.0 -2927.1156
72800.0 -2934.6508
73000.0 -2934.7713
73200.0 -2934.651
73400.0 -2941.3275
73600.0 -2947.9699
73800.0 -2968.8481
74000.0 -2962.5319
74200.0 -2915.4546
74400.0 -2924.7778
74600.0 -2917.2619
74800.0 -2917.5324
75000.0 -2915.4399
75200.0 -2921.5874
75400.0 -2933.4295
75600.0 -2945.326
75800.0 -2957.6104
76000.0 -2981.5479
76200.0 -2971.9399
76400.0 -2984.1663
76600.0 -2953.4136
76800.0 -2968.951
77000.0 -2990.7278
77200.0 -2982.1937
77400.0 -2955.6864
77600.0 -2963.2478
77800.0 -2970.8533
78000.0 -2959.5325
78200.0 -2919.7799
78400.0 -2923.7037
78600.0 -2912.1502
78800.0 -2913.3154
79000.0 -2922.5159
79200.0 -2919.0724
79400.0 -2940.3574
79600.0 -2948.9194
79800.0 -2943.7266
80000.0 -2954.2504
80200.0 -2953.0957
80400.0 -2949.2259
80600.0 -2951.2681
80800.0 -2918.9391
81000.0 -2941.7917
81200.0 -2922.6651
81400.0 -2941.1352
81600.0 -2937.3222
81800.0 -2930.7181
82000.0 -2926.3548
82200.0 -2931.7288
82400.0 -2946.0803
82600.0 -2955.1732
82800.0 -2957.9652
83000.0 -2945.7471
83200.0 -2954.4618
83400.0 -2949.6908
83600.0 -2957.2859
83800.0 -2950.1598
84000.0 -2929.6667
84200.0 -2939.6866
84400.0 -2954.8046
84600.0 -2936.6467
84800.0 -2946.062
85000.0 -2954.2335
85200.0 -2953.4704
85400.0 -2967.3235
85600.0 -2954.4184
85800.0 -2981.7059
86000.0 -2981.0187
86200.0 -2968.5919
86400.0 -2959.5468
86600.0 -2995.4778
86800.0 -2997.2113
87000.0 -2993.8168
87200.0 -3000.8549
87400.0 -3033.127
87600.0 -3010.1416
87800.0 -3022.1443
88000.0 -3031.4001
88200.0 -3051.4557
88400.0 -3050.1679
88600.0 -3057.8703
88800.0 -3051.0519
89000.0 -3025.0839
89200.0 -3019.1204
89400.0 -3000.1612
89600.0 -2978.8373
89800.0 -2978.8857
90000.0 -2975.6803
90200.0 -2957.9543
90400.0 -2932.3323
90600.0 -2938.0105
90800.0 -2945.149
91000.0 -2922.7014
91200.0 -2921.0667
91400.0 -2900.0695
91600.0 -2921.9052
91800.0 -2939.9273
92000.0 -2961.3347
92200.0 -2969.1472
92400.0 -2955.2195
92600.0 -2953.6126
92800.0 -2957.1605
93000.0 -2958.2025
93200.0 -2949.3383
93400.0 -2944.7191
93600.0 -2930.2283
93800.0 -2918.5984
94000.0 -2909.9439
94200.0 -2913.1495
94400.0 -2911.3202
94600.0 -2944.8397
94800.0 -2929.3265
95000.0 -2914.1536
95200.0 -2921.876
95400.0 -2940.1821
95600.0 -2922.673
95800.0 -2914.6118
96000.0 -2917.5547
96200.0 -2936.241
96400.0 -2921.3879
96600.0 -2922.7049
96800.0 -2919.2748
97000.0 -2910.1245
97200.0 -2916.0524
97400.0 -2907.5557
97600.0 -2919.4454
97800.0 -2941.3344
98000.0 -2961.3655
98200.0 -2933.9617
98400.0 -2910.8422
98600.0 -2925.1852
98800.0 -2955.5327
99000.0 -2956.602
99200.0 -2926.3158
99400.0 -2921.2181
99600.0 -2928.1413
99800.0 -2932.6457
100000.0 -2899.1007
