0.0 0.0053614383
200.0 0.0053588653
400.0 0.0053370728
600.0 0.0053047605
800.0 0.0052700007
1000.0 0.0052406658
1200.0 0.0052275056
1400.0 0.00523449
1600.0 0.005256212
1800.0 0.005284814
2000.0 0.0053135359
2200.0 0.0053365698
2400.0 0.0053559662
2600.0 0.0053797241
2800.0 0.0054188858
3000.0 0.0054724035
3200.0 0.0055259313
3400.0 0.0055676601
3600.0 0.0055825041
3800.0 0.0055525031
4000.0 0.0054740285
4200.0 0.0053791014
4400.0 0.0052997648
4600.0 0.0052480259
4800.0 0.0052240851
5000.0 0.0052175411
5200.0 0.0052186989
5400.0 0.0052207455
5600.0 0.0052204655
5800.0 0.0052223046
6000.0 0.0052319064
6200.0 0.0052535327
6400.0 0.0052919092
6600.0 0.0053421261
6800.0 0.0054009693
7000.0 0.0054534393
7200.0 0.0054898015
7400.0 0.0055047043
7600.0 0.0054981593
7800.0 0.0054870081
8000.0 0.005484839
8200.0 0.0054914987
8400.0 0.0054965595
8600.0 0.005487555
8800.0 0.0054493374
9000.0 0.0053789081
9200.0 0.0052917787
9400.0 0.0052193006
9600.0 0.0051769075
9800.0 0.0051607215
10000.0 0.0051629133
10200.0 0.0051731806
10400.0 0.0051831101
10600.0 0.0051921978
10800.0 0.0052069472
11000.0 0.0052462424
11200.0 0.0053185866
11400.0 0.0054041695
11600.0 0.0054762327
11800.0 0.0055152975
12000.0 0.0055178245
12200.0 0.0054903531
12400.0 0.0054532574
12600.0 0.005424412
12800.0 0.0054070589
13000.0 0.0053936917
13200.0 0.0053801118
13400.0 0.005365129
13600.0 0.0053425539
13800.0 0.0053111676
14000.0 0.0052745368
14200.0 0.0052408726
14400.0 0.0052220092
14600.0 0.0052259176
14800.0 0.0052471143
15000.0 0.0052736005
15200.0 0.0052928864
15400.0 0.0052959783
15600.0 0.0052825202
15800.0 0.0052507582
16000.0 0.0052182632
16200.0 0.0052034626
16400.0 0.0052150378
16600.0 0.0052483509
16800.0 0.0052938646
17000.0 0.005340176
17200.0 0.0053715466
17400.0 0.0053851847
17600.0 0.005385729
17800.0 0.0053772761
18000.0 0.0053664112
18200.0 0.0053705518
18400.0 0.0053951084
18600.0 0.0054360123
18800.0 0.0054837596
19000.0 0.0055241562
19200.0 0.0055424926
19400.0 0.0055292566
19600.0 0.0054745846
19800.0 0.0053785889
20000.0 0.0052718709
20200.0 0.0051976174
20400.0 0.0051648841
20600.0 0.0051626898
20800.0 0.0051795799
21000.0 0.0051987511
21200.0 0.0052142887
21400.0 0.0052302767
21600.0 0.0052488543
21800.0 0.0052745666
22000.0 0.0053107703
22200.0 0.0053570047
22400.0 0.0054047974
22600.0 0.0054425947
22800.0 0.0054632098
23000.0 0.0054646796
23200.0 0.0054477797
23400.0 0.0054237051
23600.0 0.0054052217
23800.0 0.0053985888
24000.0 0.0053980239
24200.0 0.0053953804
24400.0 0.0053844288
24600.0 0.0053600424
24800.0 0.0053244092
25000.0 0.0052867947
25200.0 0.0052586358
25400.0 0.00524871
25600.0 0.0052614021
25800.0 0.0052870954
26000.0 0.0053218475
26200.0 0.0053501867
26400.0 0.0053569327
26600.0 0.0053376342
26800.0 0.0053026182
27000.0 0.0052685354
27200.0 0.005248643
27400.0 0.0052472193
27600.0 0.005262646
27800.0 0.0052886251
28000.0 0.0053163694
28200.0 0.0053404759
28400.0 0.0053555711
28600.0 0.0053589324
28800.0 0.0053560562
29000.0 0.005349978
29200.0 0.0053425399
29400.0 0.0053334997
29600.0 0.0053235602
29800.0 0.0053154236
30000.0 0.005304737
30200.0 0.0052839931
30400.0 0.0052462281
30600.0 0.005183236
30800.0 0.0050981399
31000.0 0.0050132984
31200.0 0.0049591272
31400.0 0.0049552259
31600.0 0.0050061315
31800.0 0.0050994671
32000.0 0.0051990371
32200.0 0.0052781142
32400.0 0.0053371955
32600.0 0.0053858285
32800.0 0.005432474
33000.0 0.0054711361
33200.0 0.0054929218
33400.0 0.0054859178
33600.0 0.0054478556
33800.0 0.0053845386
34000.0 0.0053125875
34200.0 0.005251083
34400.0 0.005214248
34600.0 0.0052031077
34800.0 0.005213272
35000.0 0.0052370014
35200.0 0.005264452
35400.0 0.0052878591
35600.0 0.005303413
35800.0 0.0053125194
36000.0 0.0053186001
36200.0 0.0053289235
36400.0 0.0053494973
36600.0 0.005383191
36800.0 0.005431548
37000.0 0.0054899324
37200.0 0.0055450143
37400.0 0.0055731327
37600.0 0.0055455165
37800.0 0.0054468449
38000.0 0.0053053461
38200.0 0.0052023757
38400.0 0.0051670216
38600.0 0.005180614
38800.0 0.0052204825
39000.0 0.0052664884
39200.0 0.0053064834
39400.0 0.0053362406
39600.0 0.005352658
39800.0 0.0053577403
40000.0 0.0053585908
40200.0 0.0053626587
40400.0 0.0053733756
40600.0 0.0053880315
40800.0 0.00540484
41000.0 0.0054171569
41200.0 0.0054075668
41400.0 0.0053577076
41600.0 0.0052605168
41800.0 0.0051490337
42000.0 0.0050790128
42200.0 0.0050702353
42400.0 0.0051201613
42600.0 0.0052042726
42800.0 0.0052800749
43000.0 0.0053261411
43200.0 0.0053428952
43400.0 0.0053396239
43600.0 0.005321176
43800.0 0.0052980205
44000.0 0.0052868883
44200.0 0.0052942968
44400.0 0.0053157888
44600.0 0.0053370003
44800.0 0.0053534174
45000.0 0.0053474607
45200.0 0.0053170442
45400.0 0.0052692611
45600.0 0.0052177163
45800.0 0.0051843595
46000.0 0.0051896669
46200.0 0.005241641
46400.0 0.0053328807
46600.0 0.0054293031
46800.0 0.005492721
47000.0 0.0055132601
47200.0 0.0055008963
47400.0 0.0054661359
47600.0 0.0054246187
47800.0 0.0053901434
48000.0 0.0053670711
48200.0 0.005352079
48400.0 0.0053409197
48600.0 0.0053303502
48800.0 0.0053191699
49000.0 0.0053089219
49200.0 0.0053007459
49400.0 0.0052945007
49600.0 0.005292016
49800.0 0.0052966561
50000.0 0.0053092405
50200.0 0.0053265344
50400.0 0.0053426952
50600.0 0.0053523285
50800.0 0.005346847
51000.0 0.0053379476
51200.0 0.0053321345
51400.0 0.0053308037
51600.0 0.0053344496
51800.0 0.0053444776
52000.0 0.0053502863
52200.0 0.0053435653
52400.0 0.0053236015
52600.0 0.0052875606
52800.0 0.0052366632
53000.0 0.0051855421
53200.0 0.0051567873
53400.0 0.0051646117
53600.0 0.0052123345
53800.0 0.0052885101
54000.0 0.0053622455
54200.0 0.0054039278
54400.0 0.0054037465
54600.0 0.0053739313
54800.0 0.0053383226
55000.0 0.0053111883
55200.0 0.0052979222
55400.0 0.0052949412
55600.0 0.0053040134
55800.0 0.0053205799
56000.0 0.0053351767
56200.0 0.0053414049
56400.0 0.0053346809
56600.0 0.0053133428
56800.0 0.005282908
57000.0 0.005268017
57200.0 0.0052906335
57400.0 0.0053522705
57600.0 0.0054268045
57800.0 0.0054826429
58000.0 0.0055053187
58200.0 0.0054866982
58400.0 0.0054348815
58600.0 0.0053701822
58800.0 0.0053135702
59000.0 0.0052775257
59200.0 0.0052643586
59400.0 0.0052671931
59600.0 0.005277403
59800.0 0.0052853775
60000.0 0.0052847312
60200.0 0.0052775451
60400.0 0.005269621
60600.0 0.0052695136
60800.0 0.0052856088
61000.0 0.0053242933
61200.0 0.0053859745
61400.0 0.0054567094
61600.0 0.0055107316
61800.0 0.0055317016
62000.0 0.0055259687
62200.0 0.0054934295
62400.0 0.0054371307
62600.0 0.0053711606
62800.0 0.0053125734
63000.0 0.0052695069
63200.0 0.005239933
63400.0 0.0052185081
63600.0 0.0052066861
63800.0 0.005206214
64000.0 0.0052158664
64200.0 0.0052325801
64400.0 0.0052555915
64600.0 0.0052984152
64800.0 0.0053892914
65000.0 0.0055187218
65200.0 0.0056304416
65400.0 0.0056885246
65600.0 0.0056938228
65800.0 0.0056660097
66000.0 0.0056297761
66200.0 0.0056016054
66400.0 0.0055833616
66600.0 0.0055652417
66800.0 0.0055367437
67000.0 0.0054905246
67200.0 0.0054240003
67400.0 0.0053495476
67600.0 0.0052840042
67800.0 0.0052354205
68000.0 0.0052030071
68200.0 0.0051849637
68400.0 0.0051754017
68600.0 0.0051757346
68800.0 0.0051859641
69000.0 0.0052067824
69200.0 0.0052394002
69400.0 0.0052828925
69600.0 0.0053352723
69800.0 0.0053882872
70000.0 0.0054304184
70200.0 0.0054459426
70400.0 0.0054315368
70600.0 0.0053872991
70800.0 0.0053174881
71000.0 0.0052385465
71200.0 0.0051740807
71400.0 0.0051434627
71600.0 0.0051548614
71800.0 0.0052032727
72000.0 0.0052720766
72200.0 0.005334648
72400.0 0.0053750905
72600.0 0.0053890274
72800.0 0.0053787924
73000.0 0.0053519803
73200.0 0.0053245815
73400.0 0.0053083229
73600.0 0.0053038342
73800.0 0.0053055155
74000.0 0.0053134862
74200.0 0.0053248446
74400.0 0.0053301202
74600.0 0.0053280539
74800.0 0.0053129656
75000.0 0.0052848559
75200.0 0.0052450745
75400.0 0.0052069717
75600.0 0.0051950289
75800.0 0.0052250661
76000.0 0.0052904377
76200.0 0.0053603569
76400.0 0.0054048632
76600.0 0.0054164844
76800.0 0.0054007446
77000.0 0.005366374
77200.0 0.0053237193
77400.0 0.0052882349
77600.0 0.0052668125
77800.0 0.0052604164
78000.0 0.0052689375
78200.0 0.0052835827
78400.0 0.0052910182
78600.0 0.0052906022
78800.0 0.0052824167
79000.0 0.0052707178
79200.0 0.0052599284
79400.0 0.005258709
79600.0 0.005272077
79800.0 0.0052959591
80000.0 0.0053234969
80200.0 0.0053519952
80400.0 0.005378221
80600.0 0.0054011321
80800.0 0.0054197239
81000.0 0.0054331658
81200.0 0.0054556694
81400.0 0.0054975349
81600.0 0.0055488625
81800.0 0.0055873053
82000.0 0.0055947573
82200.0 0.0055583237
82400.0 0.0054769557
82600.0 0.0053746578
82800.0 0.0052890574
83000.0 0.0052369891
83200.0 0.005215677
83400.0 0.0052121835
83600.0 0.0052168942
83800.0 0.0052229306
84000.0 0.0052302461
84200.0 0.005243745
84400.0 0.0052657228
84600.0 0.005292835
84800.0 0.0053233686
85000.0 0.0053552572
85200.0 0.0053851241
85400.0 0.0054072504
85600.0 0.0054204227
85800.0 0.0054233605
86000.0 0.0054176594
86200.0 0.0054022276
86400.0 0.0053736314
86600.0 0.0053372168
86800.0 0.0052968151
87000.0 0.0052578588
87200.0 0.0052215056
87400.0 0.0051820574
87600.0 0.0051318074
87800.0 0.005080672
88000.0 0.0050429938
88200.0 0.0050331883
88400.0 0.0050611635
88600.0 0.0051241933
88800.0 0.0052040512
89000.0 0.0052771456
89200.0 0.0053316038
89400.0 0.0053668871
89600.0 0.0053869154
89800.0 0.0053980023
90000.0 0.0054022595
90200.0 0.0053997876
90400.0 0.0053943067
90600.0 0.0053873676
90800.0 0.0053769304
91000.0 0.0053603935
91200.0 0.0053345567
91400.0 0.0052987491
91600.0 0.0052528331
91800.0 0.0051958376
92000.0 0.0051235671
92200.0 0.0050459016
92400.0 0.0049815549
92600.0 0.0049516267
92800.0 0.0049599479
93000.0 0.0050079589
93200.0 0.0050873698
93400.0 0.0051660414
93600.0 0.0052225037
93800.0 0.0052610901
94000.0 0.005295918
94200.0 0.0053337272
94400.0 0.0053767769
94600.0 0.0054228425
94800.0 0.0054696359
95000.0 0.0055097051
95200.0 0.0055338261
95400.0 0.0055390506
95600.0 0.0055171157
95800.0 0.0054650074
96000.0 0.0053953661
96200.0 0.0053280398
96400.0 0.0052798485
96600.0 0.0052534641
96800.0 0.0052449377
97000.0 0.0052502635
97200.0 0.0052601412
97400.0 0.005263911
97600.0 0.0052543005
97800.0 0.0052359242
98000.0 0.0052246162
98200.0 0.0052331198
98400.0 0.0052651743
98600.0 0.0053133985
98800.0 0.0053672989
99000.0 0.0054212371
99200.0 0.0054657079
99400.0 0.0054927763
99600.0 0.0054988309
99800.0 0.0054827813
100000.0 0.0054494737
