0.0 205.59756
200.0 204.23569
400.0 201.99813
600.0 199.75325
800.0 198.18202
1000.0 197.62399
1200.0 198.05579
1400.0 199.32286
1600.0 201.28291
1800.0 203.23106
2000.0 204.20063
2200.0 203.57014
2400.0 199.68815
2600.0 195.4779
2800.0 194.45842
3000.0 195.74197
3200.0 198.59153
3400.0 201.26296
3600.0 202.68555
3800.0 202.14997
4000.0 200.42211
4200.0 197.4683
4400.0 195.24743
4600.0 196.03074
4800.0 199.33132
5000.0 202.90686
5200.0 204.85159
5400.0 205.00865
5600.0 203.65071
5800.0 201.05695
6000.0 198.41622
6200.0 197.27996
6400.0 197.33522
6600.0 199.03544
6800.0 200.64455
7000.0 202.39221
7200.0 202.76231
7400.0 200.00858
7600.0 194.8561
7800.0 191.76237
8000.0 191.7045
8200.0 194.17572
8400.0 198.14268
8600.0 200.65987
8800.0 201.27715
9000.0 200.1374
9200.0 198.80993
9400.0 197.99411
9600.0 198.58289
9800.0 200.94858
10000.0 203.75893
10200.0 205.76718
10400.0 206.13601
10600.0 203.57015
10800.0 197.80693
11000.0 195.1048
11200.0 196.2197
11400.0 199.18946
11600.0 201.75538
11800.0 203.12127
12000.0 202.33037
12200.0 200.16502
12400.0 197.34365
12600.0 194.96924
12800.0 193.9614
13000.0 195.26751
13200.0 199.51518
13400.0 203.25558
13600.0 204.19488
13800.0 203.16526
14000.0 201.16131
14200.0 199.0883
14400.0 197.81475
14600.0 197.5224
14800.0 198.53368
15000.0 200.83035
15200.0 204.1278
15400.0 207.29629
15600.0 207.61033
15800.0 205.63951
16000.0 201.00481
16200.0 196.97122
16400.0 195.6251
16600.0 196.54862
16800.0 198.8361
17000.0 200.85924
17200.0 202.53688
17400.0 202.87377
17600.0 201.70568
17800.0 198.65432
18000.0 194.4793
18200.0 190.88574
18400.0 190.76649
18600.0 193.88816
18800.0 198.77889
19000.0 202.0982
19200.0 203.09705
19400.0 202.18139
19600.0 199.78946
19800.0 196.51962
20000.0 194.18066
20200.0 194.37424
20400.0 197.55904
20600.0 201.17822
20800.0 202.99295
21000.0 203.66107
21200.0 203.28732
21400.0 201.81925
21600.0 199.95075
21800.0 198.46116
22000.0 198.04612
22200.0 198.42175
22400.0 199.37402
22600.0 200.33903
22800.0 200.69116
23000.0 199.46249
23200.0 197.30378
23400.0 195.24057
23600.0 194.73522
23800.0 196.0387
24000.0 199.00789
24200.0 202.06631
24400.0 203.67322
24600.0 203.66119
24800.0 202.13001
25000.0 199.86853
25200.0 197.31161
25400.0 195.68188
25600.0 194.68229
25800.0 196.33252
26000.0 199.87985
26200.0 204.41364
26400.0 206.74602
26600.0 206.24409
26800.0 203.26899
27000.0 199.31183
27200.0 196.36867
27400.0 195.60736
27600.0 196.6276
27800.0 198.44807
28000.0 200.51456
28200.0 201.80368
28400.0 201.9648
28600.0 201.68635
28800.0 200.87301
29000.0 200.05961
29200.0 199.36181
29400.0 198.92061
29600.0 198.97931
29800.0 199.2828
30000.0 199.97322
30200.0 201.80864
30400.0 204.99769
30600.0 206.83679
30800.0 205.62143
31000.0 202.65784
31200.0 199.63876
31400.0 197.51541
31600.0 196.94999
31800.0 197.53747
32000.0 197.93611
32200.0 196.79839
32400.0 194.87068
32600.0 194.32997
32800.0 195.06748
33000.0 197.47048
33200.0 200.90204
33400.0 204.61645
33600.0 205.79823
33800.0 204.37284
34000.0 201.27276
34200.0 198.70451
34400.0 197.29384
34600.0 197.49942
34800.0 198.42181
35000.0 199.7446
35200.0 201.1425
35400.0 201.92172
35600.0 201.98794
35800.0 200.94634
36000.0 199.17852
36200.0 197.01981
36400.0 195.27675
36600.0 194.86888
36800.0 196.1002
37000.0 199.39349
37200.0 204.25815
37400.0 207.69128
37600.0 207.60192
37800.0 202.95162
38000.0 196.23685
38200.0 191.86433
38400.0 191.69527
38600.0 194.98502
38800.0 199.17109
39000.0 201.75624
39200.0 203.12062
39400.0 203.12109
39600.0 201.90867
39800.0 199.86889
40000.0 197.78051
40200.0 196.45534
40400.0 196.21933
40600.0 197.54947
40800.0 200.30043
41000.0 204.00383
41200.0 206.79342
41400.0 206.47653
41600.0 202.95525
41800.0 197.19488
42000.0 191.16113
42200.0 188.86606
42400.0 191.05858
42600.0 197.65493
42800.0 204.16599
43000.0 206.12174
43200.0 205.7207
43400.0 203.06821
43600.0 199.66194
43800.0 197.20484
44000.0 195.91599
44200.0 196.36813
44400.0 198.03057
44600.0 201.54243
44800.0 203.87696
45000.0 205.47619
45200.0 204.54503
45400.0 200.96157
45600.0 194.83103
45800.0 190.72237
46000.0 190.708
46200.0 194.3845
46400.0 199.60754
46600.0 203.71246
46800.0 205.33379
47000.0 204.47944
47200.0 201.65818
47400.0 198.53897
47600.0 196.30288
47800.0 195.43377
48000.0 196.09374
48200.0 198.18099
48400.0 200.39994
48600.0 201.61024
48800.0 201.75174
49000.0 201.254
49200.0 200.56382
49400.0 199.89086
49600.0 199.4516
49800.0 199.3422
50000.0 199.56647
50200.0 200.00857
50400.0 200.58394
50600.0 199.99563
50800.0 200.01105
51000.0 199.02781
51200.0 198.21585
51400.0 197.92693
51600.0 198.75745
51800.0 199.84735
52000.0 201.50209
52200.0 203.2136
52400.0 203.60265
52600.0 202.51644
52800.0 200.08128
53000.0 197.06466
53200.0 194.65176
53400.0 194.35486
53600.0 197.02235
53800.0 202.10738
54000.0 206.89612
54200.0 208.65306
54400.0 206.53852
54600.0 201.78488
54800.0 197.85798
55000.0 196.41685
55200.0 196.18132
55400.0 197.79497
55600.0 199.84039
55800.0 201.91437
56000.0 203.465
56200.0 203.66402
56400.0 202.23465
56600.0 198.56391
56800.0 194.2396
57000.0 191.38621
57200.0 192.04043
57400.0 196.18741
57600.0 202.06855
57800.0 205.69256
58000.0 205.57193
58200.0 203.69585
58400.0 200.50065
58600.0 197.0782
58800.0 194.94118
59000.0 194.83857
59200.0 197.07561
59400.0 200.84809
59600.0 203.51322
59800.0 204.28092
60000.0 203.62281
60200.0 202.04258
60400.0 200.26655
60600.0 198.99482
60800.0 198.70678
61000.0 199.48953
61200.0 201.03827
61400.0 202.45607
61600.0 202.57971
61800.0 202.026
62000.0 200.18915
62200.0 198.55654
62400.0 197.18047
62600.0 196.473
62800.0 196.57199
63000.0 197.87635
63200.0 199.81087
63400.0 201.68392
63600.0 202.82579
63800.0 203.1974
64000.0 202.74263
64200.0 201.29178
64400.0 199.05482
64600.0 197.17101
64800.0 196.42327
65000.0 197.77601
65200.0 199.24606
65400.0 199.37773
65600.0 197.40377
65800.0 191.96474
66000.0 187.80004
66200.0 187.658
66400.0 191.08369
66600.0 195.16176
66800.0 197.62551
67000.0 198.85989
67200.0 199.67504
67400.0 200.02137
67600.0 200.35699
67800.0 200.76718
68000.0 201.69457
68200.0 202.15878
68400.0 202.6336
68600.0 202.34844
68800.0 201.22466
69000.0 198.94242
69200.0 196.17594
69400.0 194.92592
69600.0 195.48252
69800.0 197.52951
70000.0 200.00075
70200.0 203.30548
70400.0 206.16201
70600.0 207.60737
70800.0 206.90217
71000.0 203.71543
71200.0 198.3859
71400.0 193.99274
71600.0 192.87911
71800.0 194.96651
72000.0 198.89782
72200.0 203.15197
72400.0 205.38515
72600.0 205.215
72800.0 202.78743
73000.0 199.7245
73200.0 197.58759
73400.0 196.94629
73600.0 197.17403
73800.0 198.43926
74000.0 200.02301
74200.0 201.21806
74400.0 202.43959
74600.0 202.28364
74800.0 201.4158
75000.0 198.84827
75200.0 195.35486
75400.0 192.40823
75600.0 191.97785
75800.0 195.46794
76000.0 201.63843
76200.0 206.2149
76400.0 207.52621
76600.0 205.78636
76800.0 202.25561
77000.0 198.65582
77200.0 196.61673
77400.0 195.62322
77600.0 196.33482
77800.0 198.67724
78000.0 201.36934
78200.0 203.09268
78400.0 203.89676
78600.0 202.96242
78800.0 201.47123
79000.0 199.8715
79200.0 199.20121
79400.0 199.10215
79600.0 199.54531
79800.0 200.33975
80000.0 201.28805
80200.0 201.74925
80400.0 201.47376
80600.0 199.69197
80800.0 195.90746
81000.0 193.22452
81200.0 192.93469
81400.0 194.92465
81600.0 198.66806
81800.0 202.31958
82000.0 203.53128
82200.0 202.31234
82400.0 199.71139
82600.0 196.92944
82800.0 195.41761
83000.0 196.29831
83200.0 198.67995
83400.0 201.42709
83600.0 202.89872
83800.0 203.25689
84000.0 202.73362
84200.0 201.78023
84400.0 200.63416
84600.0 199.91788
84800.0 199.64495
85000.0 199.86982
85200.0 200.06527
85400.0 200.43912
85600.0 200.44185
85800.0 200.33759
86000.0 199.9682
86200.0 199.18125
86400.0 198.76267
86600.0 198.30636
86800.0 198.65886
87000.0 200.49759
87200.0 203.93531
87400.0 206.16962
87600.0 205.96871
87800.0 203.55534
88000.0 201.09268
88200.0 199.66874
88400.0 199.78267
88600.0 201.08942
88800.0 202.66007
89000.0 203.44065
89200.0 202.87052
89400.0 201.49252
89600.0 200.03272
89800.0 198.89395
90000.0 198.42027
90200.0 198.52817
90400.0 198.86096
90600.0 199.33275
90800.0 199.88838
91000.0 200.18273
91200.0 200.43589
91400.0 200.27762
91600.0 200.80626
91800.0 202.89786
92000.0 205.34358
92200.0 205.29211
92400.0 204.04444
92600.0 202.00434
92800.0 200.33845
93000.0 199.4896
93200.0 199.01288
93400.0 199.00213
93600.0 198.28229
93800.0 197.66109
94000.0 197.11285
94200.0 196.53427
94400.0 195.16206
94600.0 193.85955
94800.0 193.78931
95000.0 195.40251
95200.0 198.66078
95400.0 201.77332
95600.0 203.42204
95800.0 203.20443
96000.0 201.43263
96200.0 199.25537
96400.0 197.42835
96600.0 196.7159
96800.0 198.18236
97000.0 201.75762
97200.0 205.29494
97400.0 206.63007
97600.0 205.52762
97800.0 202.49852
98000.0 198.92066
98200.0 196.92431
98400.0 196.95965
98600.0 198.46973
98800.0 200.6881
99000.0 202.31231
99200.0 202.99723
99400.0 202.29118
99600.0 199.75001
99800.0 195.39562
100000.0 190.76854
