0.0 3.0499051
200.0 3.0348058
400.0 3.0483893
600.0 3.0526897
800.0 3.0450359
1000.0 3.0318281
1200.0 3.0457196
1400.0 3.0509046
1600.0 3.0469799
1800.0 3.029347
2000.0 3.0474001
2200.0 3.0534124
2400.0 3.046673
2600.0 3.0447116
2800.0 3.0468718
3000.0 3.0511955
3200.0 3.0436949
3400.0 3.0449887
3600.0 3.046941
3800.0 3.04532
4000.0 3.0442638
4200.0 3.0436017
4400.0 3.0420933
4600.0 3.045185
4800.0 3.0402051
5000.0 3.0416518
5200.0 3.0453287
5400.0 3.0523786
5600.0 3.0434621
5800.0 3.0396611
6000.0 3.0599628
6200.0 3.0524078
6400.0 3.0414158
6600.0 3.0448027
6800.0 3.0529064
7000.0 3.0398212
7200.0 3.0456966
7400.0 3.0408474
7600.0 3.0443608
7800.0 3.0359796
8000.0 3.0554616
8200.0 3.0421385
8400.0 3.0352257
8600.0 3.0468645
8800.0 3.0554664
9000.0 3.0395945
9200.0 3.0469645
9400.0 3.0491171
9600.0 3.0453528
9800.0 3.0450369
10000.0 3.0515129
10200.0 3.0465539
10400.0 3.0445155
10600.0 3.0392364
10800.0 3.0505111
11000.0 3.0553843
11200.0 3.0373803
11400.0 3.0416774
11600.0 3.0478825
11800.0 3.0543364
12000.0 3.039911
12200.0 3.0377544
12400.0 3.0541221
12600.0 3.051865
12800.0 3.0449756
13000.0 3.0376732
13200.0 3.0533653
13400.0 3.0483832
13600.0 3.047254
13800.0 3.0365045
14000.0 3.0459836
14200.0 3.0452579
14400.0 3.0478145
14600.0 3.0341721
14800.0 3.0473146
15000.0 3.0397822
15200.0 3.0515908
15400.0 3.0473028
15600.0 3.0427353
15800.0 3.046732
16000.0 3.0509044
16200.0 3.0488429
16400.0 3.0361911
16600.0 3.0451953
16800.0 3.0541339
17000.0 3.0441241
17200.0 3.0361314
17400.0 3.0393338
17600.0 3.0553484
17800.0 3.0406401
18000.0 3.0382711
18200.0 3.0423202
18400.0 3.0601562
18600.0 3.0535763
18800.0 3.037411
19000.0 3.0466001
19200.0 3.0539591
19400.0 3.0531443
19600.0 3.0372133
19800.0 3.0454594
20000.0 3.0442077
20200.0 3.0452491
20400.0 3.0432591
20600.0 3.0428448
20800.0 3.0412431
21000.0 3.046336
21200.0 3.0462037
21400.0 3.0418741
21600.0 3.0452983
21800.0 3.0509598
22000.0 3.0425232
22200.0 3.0450765
22400.0 3.0550934
22600.0 3.0473207
22800.0 3.0427698
23000.0 3.0500506
23200.0 3.0549792
23400.0 3.0518791
23600.0 3.0399479
23800.0 3.0514264
24000.0 3.049267
24200.0 3.0440248
24400.0 3.0390586
24600.0 3.0456386
24800.0 3.0467154
25000.0 3.0419738
25200.0 3.0409556
25400.0 3.0490611
25600.0 3.0478859
25800.0 3.0452329
26000.0 3.0474308
26200.0 3.0546597
26400.0 3.0537918
26600.0 3.0454847
26800.0 3.0418601
27000.0 3.0549876
27200.0 3.0475764
27400.0 3.0424183
27600.0 3.0425692
27800.0 3.0538562
28000.0 3.0470782
28200.0 3.0372458
28400.0 3.0447172
28600.0 3.0519758
28800.0 3.0482509
29000.0 3.0355282
29200.0 3.0486413
29400.0 3.0468685
29600.0 3.0492646
29800.0 3.039672
30000.0 3.0455447
30200.0 3.0514452
30400.0 3.0465199
30600.0 3.0467352
30800.0 3.045045
31000.0 3.0528362
31200.0 3.0450354
31400.0 3.0382924
31600.0 3.0435268
31800.0 3.049442
32000.0 3.0419956
32200.0 3.0374083
32400.0 3.0451638
32600.0 3.0483512
32800.0 3.0394339
33000.0 3.0358745
33200.0 3.0543943
33400.0 3.059268
33600.0 3.0401443
33800.0 3.0337504
34000.0 3.0505705
34200.0 3.0536704
34400.0 3.042597
34600.0 3.0408132
34800.0 3.0497139
35000.0 3.0447512
35200.0 3.0426994
35400.0 3.0510769
35600.0 3.0439321
35800.0 3.0446036
36000.0 3.0466612
36200.0 3.044847
36400.0 3.0460728
36600.0 3.0462833
36800.0 3.0472345
37000.0 3.0400174
37200.0 3.045441
37400.0 3.0484533
37600.0 3.0466153
37800.0 3.0321802
38000.0 3.0500499
38200.0 3.0524006
38400.0 3.0462357
38600.0 3.0336173
38800.0 3.0478389
39000.0 3.0541522
39200.0 3.0522711
39400.0 3.0435042
39600.0 3.0439038
39800.0 3.0546777
40000.0 3.0491665
40200.0 3.0396626
40400.0 3.0407786
40600.0 3.0477917
40800.0 3.0456353
41000.0 3.0359329
41200.0 3.0429092
41400.0 3.0521808
41600.0 3.0458049
41800.0 3.0399828
42000.0 3.0480455
42200.0 3.0527937
42400.0 3.0505919
42600.0 3.0414892
42800.0 3.0493551
43000.0 3.0516448
43200.0 3.0492242
43400.0 3.0374062
43600.0 3.0442977
43800.0 3.0492517
44000.0 3.0482271
44200.0 3.0393051
44400.0 3.0399494
44600.0 3.0516695
44800.0 3.0489202
45000.0 3.0444867
45200.0 3.0348531
45400.0 3.0478672
45600.0 3.056944
45800.0 3.0456797
46000.0 3.0374278
46200.0 3.0452552
46400.0 3.0608075
46600.0 3.0487908
46800.0 3.0386637
47000.0 3.0545428
47200.0 3.0496604
47400.0 3.0451675
47600.0 3.0422647
47800.0 3.0422852
48000.0 3.0513988
48200.0 3.0380664
48400.0 3.042515
48600.0 3.042639
48800.0 3.0567777
49000.0 3.0392126
49200.0 3.0421996
49400.0 3.0509541
49600.0 3.059757
49800.0 3.035301
50000.0 3.050219
50200.0 3.0462375
50400.0 3.0502202
50600.0 3.0378692
50800.0 3.0388393
51000.0 3.0486821
51200.0 3.0465932
51400.0 3.0421759
51600.0 3.0468326
51800.0 3.0434246
52000.0 3.0476562
52200.0 3.0563112
52400.0 3.0409295
52600.0 3.0413141
52800.0 3.0561109
53000.0 3.051197
53200.0 3.039132
53400.0 3.0400467
53600.0 3.046982
53800.0 3.0426556
54000.0 3.0387628
54200.0 3.0416701
54400.0 3.0470397
54600.0 3.0485109
54800.0 3.0409828
55000.0 3.0357979
55200.0 3.0605484
55400.0 3.053456
55600.0 3.0400105
55800.0 3.0411085
56000.0 3.0529502
56200.0 3.0506953
56400.0 3.0414537
56600.0 3.0407164
56800.0 3.0516256
57000.0 3.0501815
57200.0 3.0430058
57400.0 3.0380951
57600.0 3.0508018
57800.0 3.0459922
58000.0 3.0443236
58200.0 3.0401964
58400.0 3.0465317
58600.0 3.0474176
58800.0 3.0330144
59000.0 3.0413519
59200.0 3.0451093
59400.0 3.043166
59600.0 3.0476658
59800.0 3.0439221
60000.0 3.0441218
60200.0 3.0504335
60400.0 3.0467564
60600.0 3.0496103
60800.0 3.0410147
61000.0 3.0425913
61200.0 3.0506238
61400.0 3.0471577
61600.0 3.0377791
61800.0 3.0425697
62000.0 3.0461213
62200.0 3.0446829
62400.0 3.0422335
62600.0 3.0436266
62800.0 3.0462586
63000.0 3.0521057
63200.0 3.0437297
63400.0 3.0494009
63600.0 3.0474761
63800.0 3.048079
64000.0 3.0452379
64200.0 3.0462086
64400.0 3.0444694
64600.0 3.0436562
64800.0 3.0428344
65000.0 3.0464262
65200.0 3.0468386
65400.0 3.0439605
65600.0 3.0425057
65800.0 3.042699
66000.0 3.051596
66200.0 3.0414588
66400.0 3.0418621
66600.0 3.0459468
66800.0 3.0477394
67000.0 3.0398742
67200.0 3.0355358
67400.0 3.0446937
67600.0 3.0455462
67800.0 3.0388947
68000.0 3.0387758
68200.0 3.0454993
68400.0 3.0489308
68600.0 3.0473497
68800.0 3.0423783
69000.0 3.0441027
69200.0 3.0514842
69400.0 3.0497435
69600.0 3.0406977
69800.0 3.0440826
70000.0 3.0540901
70200.0 3.0464762
70400.0 3.0391331
70600.0 3.0413838
70800.0 3.0450653
71000.0 3.0474785
71200.0 3.0385566
71400.0 3.0366006
71600.0 3.0495941
71800.0 3.0521936
72000.0 3.0420781
72200.0 3.0437041
72400.0 3.0481002
72600.0 3.0543027
72800.0 3.0481745
73000.0 3.0332055
73200.0 3.0482736
73400.0 3.0594269
73600.0 3.0462781
73800.0 3.0262842
74000.0 3.043023
74200.0 3.0519666
74400.0 3.0392155
74600.0 3.0297342
74800.0 3.0408884
75000.0 3.0467026
75200.0 3.0417001
75400.0 3.040814
75600.0 3.046627
75800.0 3.0491541
76000.0 3.0486493
76200.0 3.0387461
76400.0 3.047923
76600.0 3.0512113
76800.0 3.049275
77000.0 3.0442569
77200.0 3.0433423
77400.0 3.0525027
77600.0 3.055478
77800.0 3.0364591
78000.0 3.0364766
78200.0 3.0554135
78400.0 3.0499982
78600.0 3.0346898
78800.0 3.0318979
79000.0 3.0490834
79200.0 3.0556276
79400.0 3.0418329
79600.0 3.0394991
79800.0 3.0544126
80000.0 3.0549769
80200.0 3.0459621
80400.0 3.0456782
80600.0 3.0467043
80800.0 3.0510912
81000.0 3.0435892
81200.0 3.0407608
81400.0 3.0471735
81600.0 3.0522966
81800.0 3.0410803
82000.0 3.0394255
82200.0 3.045254
82400.0 3.0543247
82600.0 3.0429979
82800.0 3.038903
83000.0 3.0497798
83200.0 3.0548403
83400.0 3.0483927
83600.0 3.0422908
83800.0 3.0530647
84000.0 3.0571184
84200.0 3.0451947
84400.0 3.0324899
84600.0 3.0492545
84800.0 3.0521325
85000.0 3.0424957
85200.0 3.0318341
85400.0 3.0477313
85600.0 3.0519389
85800.0 3.0449702
86000.0 3.0391552
86200.0 3.0447654
86400.0 3.0530941
86600.0 3.0516231
86800.0 3.0444883
87000.0 3.0468933
87200.0 3.0580888
87400.0 3.0537856
87600.0 3.0464102
87800.0 3.047218
88000.0 3.0470722
88200.0 3.0518699
88400.0 3.0425965
88600.0 3.0464411
88800.0 3.0459522
89000.0 3.0455257
89200.0 3.0407831
89400.0 3.0479674
89600.0 3.0416472
89800.0 3.0469304
90000.0 3.0391964
90200.0 3.0493075
90400.0 3.0516264
90600.0 3.0489166
90800.0 3.0396142
91000.0 3.0579606
91200.0 3.0551824
91400.0 3.0428236
91600.0 3.0351508
91800.0 3.0523189
92000.0 3.0473392
92200.0 3.0399785
92400.0 3.0412835
92600.0 3.0478449
92800.0 3.045352
93000.0 3.0435004
93200.0 3.043168
93400.0 3.0502669
93600.0 3.0479512
93800.0 3.0446272
94000.0 3.0487704
94200.0 3.0550262
94400.0 3.0475333
94600.0 3.0463376
94800.0 3.0514232
95000.0 3.0524486
95200.0 3.0433555
95400.0 3.0444234
95600.0 3.0494634
95800.0 3.043702
96000.0 3.0421559
96200.0 3.0423325
96400.0 3.0458593
96600.0 3.0456939
96800.0 3.046301
97000.0 3.0438359
97200.0 3.0479515
97400.0 3.049941
97600.0 3.053208
97800.0 3.0480938
98000.0 3.0450895
98200.0 3.0446707
98400.0 3.0558295
98600.0 3.0446542
98800.0 3.0407791
99000.0 3.0462259
99200.0 3.0526109
99400.0 3.04053
99600.0 3.0452097
99800.0 3.0403115
100000.0 3.0541161
