0.0 -26.989944
200.0 11.518247
400.0 8.7592986
600.0 43.96567
800.0 -60.301579
1000.0 -0.5520538
1200.0 55.163398
1400.0 -19.511852
1600.0 -48.022125
1800.0 36.726762
2000.0 11.80238
2200.0 -58.56828
2400.0 2.8254402
2600.0 72.613858
2800.0 -28.828559
3000.0 -24.372397
3200.0 30.314272
3400.0 12.008562
3600.0 -52.88147
3800.0 43.688243
4000.0 22.277691
4200.0 -19.006183
4400.0 -7.7792689
4600.0 51.531466
4800.0 -45.523279
5000.0 7.6030786
5200.0 52.113831
5400.0 -48.176904
5600.0 23.042725
5800.0 8.9879445
6000.0 -22.488687
6200.0 28.536694
6400.0 -23.997759
6600.0 -5.3352863
6800.0 50.202702
7000.0 -11.889378
7200.0 -18.880616
7400.0 23.739399
7600.0 6.4696693
7800.0 10.367681
8000.0 -21.718249
8200.0 37.614127
8400.0 -11.395336
8600.0 -27.268446
8800.0 29.55928
9000.0 -14.189798
9200.0 29.142983
9400.0 -35.207916
9600.0 23.81282
9800.0 -15.31894
10000.0 -0.31091325
10200.0 -19.281018
10400.0 15.271349
10600.0 -26.845915
10800.0 22.695406
11000.0 44.693065
11200.0 -88.10774
11400.0 59.659261
11600.0 14.376571
11800.0 -27.457858
12000.0 31.745345
12200.0 -15.017493
12400.0 -32.088709
12600.0 47.489263
12800.0 -35.928798
13000.0 21.883038
13200.0 -7.7487144
13400.0 16.925361
13600.0 -7.4866185
13800.0 -56.217858
14000.0 79.650853
14200.0 -5.931755
14400.0 -59.771082
14600.0 11.162705
14800.0 47.768391
15000.0 -34.621836
15200.0 38.786079
15400.0 1.2172489
15600.0 2.8278534
15800.0 -2.8998494
16000.0 4.8253634
16200.0 5.7508996
16400.0 28.408307
16600.0 -25.229831
16800.0 -31.931142
17000.0 64.228694
17200.0 -17.822937
17400.0 -40.048035
17600.0 56.679168
17800.0 1.7621195
18000.0 -37.55007
18200.0 40.293771
18400.0 -31.884467
18600.0 35.28753
18800.0 -15.954508
19000.0 -25.348484
19200.0 -7.845016
19400.0 40.384265
19600.0 -8.022145
19800.0 -6.2689521
20000.0 -18.480674
20200.0 24.393808
20400.0 -4.0038034
20600.0 21.096918
20800.0 -32.303932
21000.0 12.995692
21200.0 -13.428241
21400.0 24.157386
21600.0 40.319769
21800.0 -74.413354
22000.0 32.755908
22200.0 -0.50648557
22400.0 23.213121
22600.0 -17.256181
22800.0 -50.07948
23000.0 44.998954
23200.0 29.073869
23400.0 -49.456503
23600.0 -16.997121
23800.0 51.556774
24000.0 -17.271328
24200.0 -34.534918
24400.0 86.13928
24600.0 -51.732854
24800.0 -36.756554
25000.0 31.559977
25200.0 29.542795
25400.0 -1.4264625
25600.0 -25.770224
25800.0 -9.4628566
26000.0 53.971516
26200.0 -29.636253
26400.0 -28.329246
26600.0 31.059
26800.0 -0.56432169
27000.0 -37.375931
27200.0 25.731875
27400.0 41.97357
27600.0 -14.340724
27800.0 -29.248571
28000.0 54.822767
28200.0 -45.370387
28400.0 5.9863809
28600.0 32.091733
28800.0 -43.079318
29000.0 22.882505
29200.0 22.92699
29400.0 -46.40846
29600.0 20.045337
29800.0 5.659147
30000.0 -17.569882
30200.0 25.073796
30400.0 -32.765237
30600.0 22.997014
30800.0 -14.652273
31000.0 -3.3490592
31200.0 -48.934578
31400.0 39.658273
31600.0 2.3050134
31800.0 1.4453989
32000.0 1.8096028
32200.0 -37.893158
32400.0 13.133735
32600.0 16.883625
32800.0 15.022517
33000.0 1.3655283
33200.0 -17.318118
33400.0 62.96548
33600.0 -56.942893
33800.0 39.948544
34000.0 18.626749
34200.0 -45.724428
34400.0 28.509594
34600.0 -5.3013736
34800.0 -2.1330382
35000.0 -32.400705
35200.0 4.8097416
35400.0 52.160842
35600.0 -76.383588
35800.0 62.283368
36000.0 4.3064236
36200.0 -44.120694
36400.0 9.1697227
36600.0 53.369359
36800.0 -41.22757
37000.0 -28.476922
37200.0 49.990303
37400.0 0.16904968
37600.0 -24.74547
37800.0 26.914308
38000.0 -0.9508474
38200.0 -6.075178
38400.0 36.444177
38600.0 -34.128944
38800.0 13.929267
39000.0 -1.674393
39200.0 -21.588471
39400.0 63.969196
39600.0 -96.534879
39800.0 33.525727
40000.0 31.953731
40200.0 -15.902723
40400.0 1.7075661
40600.0 -12.994328
40800.0 27.756861
41000.0 1.9917572
41200.0 -0.58026906
41400.0 -50.888084
41600.0 72.965026
41800.0 -10.136394
42000.0 -64.485334
42200.0 35.212735
42400.0 31.569812
42600.0 -53.185891
42800.0 15.420153
43000.0 18.986155
43200.0 -16.529906
43400.0 7.507157
43600.0 8.218869
43800.0 19.57298
44000.0 -34.941697
44200.0 -2.4969702
44400.0 6.406901
44600.0 22.205782
44800.0 5.4953388
45000.0 -20.920542
45200.0 18.330289
45400.0 -9.8464558
45600.0 -52.234441
45800.0 84.85008
46000.0 22.325028
46200.0 -82.917789
46400.0 20.996784
46600.0 6.7550791
46800.0 -17.986064
47000.0 17.579295
47200.0 36.427429
47400.0 -57.385635
47600.0 35.146683
47800.0 -27.637781
48000.0 21.196854
48200.0 -18.35647
48400.0 -35.084279
48600.0 53.787269
48800.0 -15.007718
49000.0 0.87122063
49200.0 -35.198736
49400.0 5.6021296
49600.0 8.9879747
49800.0 -6.7690723
50000.0 25.791032
50200.0 -12.770254
50400.0 -28.984626
50600.0 21.547414
50800.0 42.451816
51000.0 -31.305169
51200.0 -24.849921
51400.0 71.275804
51600.0 -48.12423
51800.0 6.7884084
52000.0 18.441889
52200.0 -4.3518553
52400.0 10.497662
52600.0 -22.872884
52800.0 -16.880105
53000.0 34.274047
53200.0 -16.197873
53400.0 20.348185
53600.0 -67.803107
53800.0 41.707767
54000.0 19.504712
54200.0 -73.575889
54400.0 30.978393
54600.0 28.587946
54800.0 -11.542709
55000.0 20.930108
55200.0 -47.147002
55400.0 16.391363
55600.0 13.943209
55800.0 -34.879153
56000.0 40.042577
56200.0 -26.9859
56400.0 -13.275229
56600.0 70.031178
56800.0 -59.673412
57000.0 2.1563561
57200.0 59.73484
57400.0 -51.069469
57600.0 1.2258902
57800.0 35.097544
58000.0 -3.1056087
58200.0 -30.484174
58400.0 6.8099764
58600.0 6.3814368
58800.0 -56.265967
59000.0 72.068115
59200.0 -29.284494
59400.0 -18.447072
59600.0 14.826175
59800.0 22.848719
60000.0 -42.308391
60200.0 37.177614
60400.0 24.448689
60600.0 -27.748056
60800.0 -40.141562
61000.0 39.172046
61200.0 11.29654
61400.0 -44.813597
61600.0 42.587474
61800.0 6.0403682
62000.0 -21.10144
62200.0 17.819112
62400.0 15.070902
62600.0 -4.2810215
62800.0 -24.646164
63000.0 -20.248481
63200.0 60.573859
63400.0 -3.9272453
63600.0 -94.495318
63800.0 76.002639
64000.0 22.34068
64200.0 -82.222335
64400.0 35.834759
64600.0 35.437119
64800.0 -65.366263
65000.0 26.58905
65200.0 18.882895
65400.0 -20.879632
65600.0 -3.9395786
65800.0 11.21911
66000.0 38.105089
66200.0 -60.628116
66400.0 22.999915
66600.0 9.2759623
66800.0 0.77803986
67000.0 -1.4636144
67200.0 -23.58334
67400.0 4.9411878
67600.0 11.154529
67800.0 13.593937
68000.0 -40.406457
68200.0 4.9229312
68400.0 38.399655
68600.0 -23.951307
68800.0 -25.124565
69000.0 45.252911
69200.0 4.3599281
69400.0 -26.772239
69600.0 -16.628109
69800.0 65.800693
70000.0 -45.010636
70200.0 8.9217345
70400.0 -21.119302
70600.0 1.60981
70800.0 24.845867
71000.0 34.245993
71200.0 -45.226308
71400.0 -3.4151911
71600.0 65.41771
71800.0 -82.730994
72000.0 62.615664
72200.0 -14.1861
72400.0 -27.286664
72600.0 82.533422
72800.0 -33.204236
73000.0 -65.786729
73200.0 91.2833
73400.0 -51.40777
73600.0 53.223552
73800.0 -56.544154
74000.0 13.153115
74200.0 13.728927
74400.0 -9.8751614
74600.0 2.2886736
74800.0 -44.614544
75000.0 37.042471
75200.0 24.915812
75400.0 -26.018413
75600.0 28.089869
75800.0 -36.246199
76000.0 25.142496
76200.0 -29.467146
76400.0 10.363689
76600.0 18.40603
76800.0 13.120091
77000.0 -45.403705
77200.0 51.031759
77400.0 -15.924816
77600.0 18.793878
77800.0 -19.984879
78000.0 -10.760423
78200.0 -16.21803
78400.0 54.280298
78600.0 0.11301217
78800.0 -56.518709
79000.0 9.5870843
79200.0 66.550268
79400.0 -27.296768
79600.0 -2.4340026
79800.0 41.477639
80000.0 -57.243962
80200.0 -27.146809
80400.0 84.43674
80600.0 -22.653304
80800.0 -45.870531
81000.0 70.287899
81200.0 -4.7744842
81400.0 -22.141579
81600.0 -14.814146
81800.0 43.660617
82000.0 -20.236401
82200.0 -15.958723
82400.0 13.466079
82600.0 -7.8605065
82800.0 -4.5729401
83000.0 4.1014829
83200.0 3.2136646
83400.0 -21.038146
83600.0 45.08473
83800.0 -15.627664
84000.0 -32.314906
84200.0 19.160966
84400.0 27.713695
84600.0 -25.410383
84800.0 -14.455617
85000.0 -16.665846
85200.0 40.515429
85400.0 15.014276
85600.0 2.2415756
85800.0 -42.986039
86000.0 36.221639
86200.0 -27.473169
86400.0 -1.5689402
86600.0 68.150532
86800.0 -53.578255
87000.0 -0.58958676
87200.0 41.135191
87400.0 -0.84137439
87600.0 -3.1304147
87800.0 -56.288042
88000.0 86.981109
88200.0 -29.365571
88400.0 2.3206784
88600.0 1.4024299
88800.0 -11.12674
89000.0 11.184184
89200.0 -23.311928
89400.0 -32.074163
89600.0 50.544921
89800.0 -9.6448076
90000.0 -33.441039
90200.0 13.637044
90400.0 52.549097
90600.0 -55.783041
90800.0 8.7058441
91000.0 32.349139
91200.0 -25.657522
91400.0 2.3194211
91600.0 0.024000611
91800.0 2.9235173
92000.0 -31.09432
92200.0 75.801485
92400.0 -31.900162
92600.0 -50.42526
92800.0 41.133085
93000.0 3.4591041
93200.0 -26.295975
93400.0 35.939028
93600.0 -21.019223
93800.0 3.7210717
94000.0 -20.446501
94200.0 56.171521
94400.0 -60.200171
94600.0 40.846875
94800.0 9.5028341
95000.0 -65.096629
95200.0 48.732574
95400.0 12.676058
95600.0 -56.578928
95800.0 -36.778848
96000.0 101.3972
96200.0 -12.821199
96400.0 -46.441658
96600.0 43.20277
96800.0 10.820787
97000.0 -43.296792
97200.0 30.502241
97400.0 -2.0807607
97600.0 4.8212539
97800.0 16.290072
98000.0 -18.953548
98200.0 23.164353
98400.0 9.2885906
98600.0 -24.107223
98800.0 4.2087511
99000.0 -15.95505
99200.0 40.64128
99400.0 30.372541
99600.0 -51.52673
99800.0 -31.382333
100000.0 89.259519
