0.0 393.29465
200.0 386.67359
400.0 385.08704
600.0 412.07811
800.0 392.01228
1000.0 395.58151
1200.0 411.44741
1400.0 400.02261
1600.0 393.93985
1800.0 400.39945
2000.0 388.09911
2200.0 391.29844
2400.0 389.84979
2600.0 399.60808
2800.0 398.47327
3000.0 387.79432
3200.0 387.25106
3400.0 410.91019
3600.0 396.85365
3800.0 402.76283
4000.0 399.57475
4200.0 408.01901
4400.0 397.54709
4600.0 393.9614
4800.0 402.19086
5000.0 402.39054
5200.0 380.67528
5400.0 394.63626
5600.0 393.09011
5800.0 392.13785
6000.0 397.79079
6200.0 390.41014
6400.0 390.27467
6600.0 395.34429
6800.0 407.74155
7000.0 399.32393
7200.0 397.62172
7400.0 394.99743
7600.0 407.0023
7800.0 402.23586
8000.0 402.05022
8200.0 392.85587
8400.0 391.35842
8600.0 396.99559
8800.0 395.04628
9000.0 396.97381
9200.0 393.27991
9400.0 401.02371
9600.0 392.60711
9800.0 397.31035
10000.0 394.05273
10200.0 402.36818
10400.0 395.30666
10600.0 397.30378
10800.0 415.31302
11000.0 398.75927
11200.0 397.56614
11400.0 408.82156
11600.0 397.51491
11800.0 404.58275
12000.0 386.69418
12200.0 398.31352
12400.0 390.49114
12600.0 394.78322
12800.0 391.91867
13000.0 396.91726
13200.0 391.00228
13400.0 410.52258
13600.0 399.6397
13800.0 388.22472
14000.0 407.26859
14200.0 407.80322
14400.0 409.85572
14600.0 397.72008
14800.0 411.86906
15000.0 405.42622
15200.0 394.47537
15400.0 400.28149
15600.0 403.91075
15800.0 383.67216
16000.0 393.81246
16200.0 396.47621
16400.0 391.85437
16600.0 389.28098
16800.0 394.33261
17000.0 400.79582
17200.0 399.05766
17400.0 402.73283
17600.0 407.45387
17800.0 404.95743
18000.0 396.35875
18200.0 393.12078
18400.0 400.98992
18600.0 388.85161
18800.0 397.08383
19000.0 393.02218
19200.0 393.46705
19400.0 398.05744
19600.0 392.65018
19800.0 400.86228
20000.0 387.94449
20200.0 399.65558
20400.0 408.10873
20600.0 407.33422
20800.0 403.96684
21000.0 405.42374
21200.0 403.31531
21400.0 389.10676
21600.0 398.84335
21800.0 404.48862
22000.0 392.49505
22200.0 396.45874
22400.0 393.85109
22600.0 399.51776
22800.0 392.39154
23000.0 396.78466
23200.0 392.16834
23400.0 405.35546
23600.0 407.65751
23800.0 394.18737
24000.0 401.81952
24200.0 409.60433
24400.0 389.49282
24600.0 400.05082
24800.0 390.37541
25000.0 388.84362
25200.0 386.81117
25400.0 400.38768
25600.0 400.53517
25800.0 390.81797
26000.0 387.53877
26200.0 394.26599
26400.0 392.26312
26600.0 412.11695
26800.0 399.3377
27000.0 385.05468
27200.0 403.13456
27400.0 404.172
27600.0 407.26519
27800.0 398.37909
28000.0 405.16966
28200.0 400.72039
28400.0 394.4023
28600.0 384.01065
28800.0 392.41426
29000.0 401.83125
29200.0 387.81846
29400.0 400.23615
29600.0 392.8135
29800.0 398.70969
30000.0 403.90003
30200.0 401.24386
30400.0 395.90723
30600.0 403.3041
30800.0 417.82235
31000.0 396.71705
31200.0 390.85347
31400.0 394.74416
31600.0 402.93806
31800.0 397.73098
32000.0 388.42321
32200.0 392.06072
32400.0 395.21964
32600.0 396.05641
32800.0 388.40503
33000.0 392.03667
33200.0 400.7128
33400.0 404.65932
33600.0 399.565
33800.0 400.504
34000.0 393.38504
34200.0 403.36396
34400.0 398.08875
34600.0 402.98789
34800.0 399.56705
35000.0 400.32721
35200.0 389.43049
35400.0 396.34882
35600.0 398.63211
35800.0 380.47217
36000.0 398.3161
36200.0 399.10957
36400.0 395.58138
36600.0 378.51158
36800.0 401.46801
37000.0 402.70611
37200.0 396.08029
37400.0 397.94795
37600.0 394.57284
37800.0 394.95636
38000.0 405.99244
38200.0 397.60807
38400.0 403.93107
38600.0 413.50284
38800.0 405.75769
39000.0 404.465
39200.0 403.0131
39400.0 400.0527
39600.0 400.21563
39800.0 394.68539
40000.0 388.12078
40200.0 401.65507
40400.0 395.29262
40600.0 399.87951
40800.0 400.22284
41000.0 394.83549
41200.0 389.19554
41400.0 383.0022
41600.0 402.66835
41800.0 392.91939
42000.0 380.2371
42200.0 378.61602
42400.0 399.10296
42600.0 395.1153
42800.0 394.99815
43000.0 393.65871
43200.0 410.23337
43400.0 398.41258
43600.0 401.87883
43800.0 393.98025
44000.0 397.09577
44200.0 403.29587
44400.0 381.86592
44600.0 383.55846
44800.0 388.87432
45000.0 402.87883
45200.0 386.04771
45400.0 391.02912
45600.0 403.83987
45800.0 396.09352
46000.0 410.81035
46200.0 405.27092
46400.0 395.22792
46600.0 394.69217
46800.0 395.05129
47000.0 396.39033
47200.0 402.37285
47400.0 389.0104
47600.0 389.27123
47800.0 393.34322
48000.0 400.56992
48200.0 389.58501
48400.0 383.50455
48600.0 396.04942
48800.0 404.80113
49000.0 422.20817
49200.0 394.32475
49400.0 389.75121
49600.0 402.20462
49800.0 390.97125
50000.0 396.73087
50200.0 399.13678
50400.0 392.98292
50600.0 391.15408
50800.0 390.057
51000.0 382.5143
51200.0 401.4632
51400.0 392.09726
51600.0 383.94838
51800.0 398.11684
52000.0 398.12969
52200.0 398.61941
52400.0 402.83312
52600.0 405.4828
52800.0 394.46405
53000.0 399.99501
53200.0 406.5176
53400.0 396.15399
53600.0 395.03745
53800.0 388.36667
54000.0 386.53201
54200.0 393.89876
54400.0 391.33825
54600.0 395.30852
54800.0 394.62718
55000.0 395.37014
55200.0 401.03127
55400.0 396.9244
55600.0 397.07858
55800.0 401.923
56000.0 405.12543
56200.0 398.70429
56400.0 401.82185
56600.0 398.74533
56800.0 392.80596
57000.0 401.41647
57200.0 394.05488
57400.0 397.26335
57600.0 391.67927
57800.0 390.30787
58000.0 385.42793
58200.0 387.23666
58400.0 382.51204
58600.0 390.29049
58800.0 387.90501
59000.0 394.40321
59200.0 396.67486
59400.0 403.20675
59600.0 389.35803
59800.0 394.54571
60000.0 407.47655
60200.0 399.23896
60400.0 397.42246
60600.0 400.91737
60800.0 398.8336
61000.0 394.078
61200.0 389.28546
61400.0 399.55751
61600.0 382.08755
61800.0 394.32414
62000.0 390.31738
62200.0 393.80772
62400.0 397.39748
62600.0 395.19961
62800.0 395.73613
63000.0 401.51957
63200.0 402.00453
63400.0 398.78895
63600.0 394.51878
63800.0 396.73799
64000.0 396.32832
64200.0 406.07086
64400.0 391.98914
64600.0 397.69323
64800.0 393.0478
65000.0 394.15969
65200.0 386.19616
65400.0 390.66302
65600.0 395.70088
65800.0 381.20719
66000.0 392.94707
66200.0 388.21253
66400.0 401.23872
66600.0 394.23363
66800.0 398.99442
67000.0 400.77876
67200.0 392.96833
67400.0 389.27254
67600.0 413.59977
67800.0 407.28085
68000.0 406.75065
68200.0 390.33338
68400.0 396.54153
68600.0 393.30633
68800.0 384.26165
69000.0 403.64956
69200.0 395.88858
69400.0 398.25228
69600.0 395.65431
69800.0 382.10652
70000.0 398.86441
70200.0 401.73771
70400.0 400.91756
70600.0 399.61397
70800.0 405.32961
71000.0 401.02022
71200.0 404.52558
71400.0 409.9301
71600.0 397.94576
71800.0 399.40258
72000.0 394.35881
72200.0 395.78376
72400.0 394.28346
72600.0 395.39631
72800.0 395.53412
73000.0 392.80807
73200.0 405.48037
73400.0 395.88245
73600.0 406.21222
73800.0 400.85767
74000.0 410.5064
74200.0 406.00612
74400.0 402.85572
74600.0 403.49286
74800.0 404.59955
75000.0 400.67805
75200.0 386.83368
75400.0 395.01769
75600.0 388.8415
75800.0 410.24428
76000.0 388.93281
76200.0 400.57374
76400.0 398.12153
76600.0 394.46343
76800.0 399.25157
77000.0 401.30206
77200.0 413.13007
77400.0 411.0959
77600.0 404.59071
77800.0 399.13295
78000.0 391.67497
78200.0 397.29818
78400.0 395.59278
78600.0 400.03736
78800.0 395.3943
79000.0 380.09917
79200.0 403.50464
79400.0 394.65379
79600.0 401.6457
79800.0 391.27116
80000.0 401.10134
80200.0 403.11454
80400.0 404.42522
80600.0 398.54467
80800.0 409.99852
81000.0 400.44564
81200.0 395.62601
81400.0 392.75397
81600.0 393.60699
81800.0 399.68459
82000.0 401.84274
82200.0 391.3303
82400.0 386.03735
82600.0 395.82078
82800.0 399.33335
83000.0 400.55115
83200.0 388.6354
83400.0 398.18034
83600.0 409.38758
83800.0 402.23226
84000.0 409.20499
84200.0 397.74551
84400.0 399.32348
84600.0 409.02357
84800.0 408.58528
85000.0 388.74643
85200.0 393.37415
85400.0 396.38173
85600.0 392.37742
85800.0 395.49699
86000.0 399.25179
86200.0 395.10379
86400.0 406.10024
86600.0 392.1818
86800.0 389.04848
87000.0 380.69257
87200.0 391.39048
87400.0 393.52206
87600.0 388.1547
87800.0 398.1126
88000.0 399.64402
88200.0 400.72806
88400.0 405.56463
88600.0 395.51282
88800.0 393.8014
89000.0 396.14546
89200.0 401.3498
89400.0 399.63385
89600.0 393.82307
89800.0 395.27132
90000.0 392.01611
90200.0 387.09437
90400.0 387.79713
90600.0 390.63148
90800.0 385.12737
91000.0 393.63811
91200.0 392.34783
91400.0 400.20466
91600.0 393.73298
91800.0 396.61385
92000.0 397.83627
92200.0 400.55795
92400.0 399.95445
92600.0 404.44227
92800.0 388.66888
93000.0 391.76576
93200.0 380.76815
93400.0 395.13099
93600.0 391.12095
93800.0 390.90065
94000.0 382.65743
94200.0 391.62482
94400.0 389.64115
94600.0 391.3568
94800.0 401.04575
95000.0 402.04717
95200.0 399.45153
95400.0 399.70669
95600.0 398.20154
95800.0 393.03037
96000.0 404.82741
96200.0 400.60538
96400.0 387.80847
96600.0 391.34978
96800.0 394.18885
97000.0 396.25693
97200.0 374.78938
97400.0 389.85754
97600.0 399.11017
97800.0 398.89628
98000.0 400.54006
98200.0 405.32691
98400.0 398.48221
98600.0 397.74123
98800.0 398.71846
99000.0 385.96268
99200.0 398.49143
99400.0 401.36219
99600.0 387.72302
99800.0 394.44496
100000.0 377.356
