0.0 0.0056460255
200.0 0.0056871954
400.0 0.0057163813
600.0 0.0057246838
800.0 0.0057098893
1000.0 0.0056825852
1200.0 0.0056611152
1400.0 0.0056570978
1600.0 0.0056707399
1800.0 0.0056915724
2000.0 0.0057101029
2200.0 0.0057202005
2400.0 0.0057130546
2600.0 0.0056848629
2800.0 0.0056420237
3000.0 0.0055998059
3200.0 0.0055750323
3400.0 0.0055739619
3600.0 0.0055934337
3800.0 0.0056258474
4000.0 0.0056626575
4200.0 0.0056936857
4400.0 0.0057164332
4600.0 0.005728817
4800.0 0.0057331802
5000.0 0.0057377542
5200.0 0.0057502245
5400.0 0.0057877618
5600.0 0.0058610048
5800.0 0.00596104
6000.0 0.0060413097
6200.0 0.0060606856
6400.0 0.0060002681
6600.0 0.0058795148
6800.0 0.0057602486
7000.0 0.0056845992
7200.0 0.0056541981
7400.0 0.0056544902
7600.0 0.0056664959
7800.0 0.0056735638
8000.0 0.0056722722
8200.0 0.0056635022
8400.0 0.0056525332
8600.0 0.0056432105
8800.0 0.0056377744
9000.0 0.0056331012
9200.0 0.0056384494
9400.0 0.0056659591
9600.0 0.0057246799
9800.0 0.0058156784
10000.0 0.0059093515
10200.0 0.0059678064
10400.0 0.0059696617
10600.0 0.0059182167
10800.0 0.0058355324
11000.0 0.0057533387
11200.0 0.0056999117
11400.0 0.0056795559
11600.0 0.0056823913
11800.0 0.0056918586
12000.0 0.0056991857
12200.0 0.0057022319
12400.0 0.0056977954
12600.0 0.0056862678
12800.0 0.0056704551
13000.0 0.0056534077
13200.0 0.0056412015
13400.0 0.0056394118
13600.0 0.0056501179
13800.0 0.0056729714
14000.0 0.0056951199
14200.0 0.0056998922
14400.0 0.0056743797
14600.0 0.0056225403
14800.0 0.0055617164
15000.0 0.0055175526
15200.0 0.0055054238
15400.0 0.0055289748
15600.0 0.0055861196
15800.0 0.0056660105
16000.0 0.0057444652
16200.0 0.0057962912
16400.0 0.0058139139
16600.0 0.005806057
16800.0 0.0057862498
17000.0 0.0057633705
17200.0 0.0057421182
17400.0 0.0057251022
17600.0 0.0057059431
17800.0 0.0056863048
18000.0 0.0056659657
18200.0 0.0056450871
18400.0 0.0056254083
18600.0 0.0056050073
18800.0 0.0055911044
19000.0 0.0055846134
19200.0 0.005587072
19400.0 0.0056005802
19600.0 0.005621065
19800.0 0.005646148
20000.0 0.0056737388
20200.0 0.0057012609
20400.0 0.0057261354
20600.0 0.0057539991
20800.0 0.0057867982
21000.0 0.0058254574
21200.0 0.0058617565
21400.0 0.0058822483
21600.0 0.0058759223
21800.0 0.0058328535
22000.0 0.0057498477
22200.0 0.0056503681
22400.0 0.0055652703
22600.0 0.0055163156
22800.0 0.0055046414
23000.0 0.0055177068
23200.0 0.0055428484
23400.0 0.0055671983
23600.0 0.0055820228
23800.0 0.0055865885
24000.0 0.0055892653
24200.0 0.0056025156
24400.0 0.0056295737
24600.0 0.0056714971
24800.0 0.0057230339
25000.0 0.0057669464
25200.0 0.0057940819
25400.0 0.0057990256
25600.0 0.005783981
25800.0 0.0057586196
26000.0 0.0057325412
26200.0 0.0057161484
26400.0 0.005722957
26600.0 0.0057526661
26800.0 0.0057907349
27000.0 0.0058161451
27200.0 0.0058101623
27400.0 0.0057696255
27600.0 0.0057022172
27800.0 0.0056310559
28000.0 0.0055770412
28200.0 0.0055518585
28400.0 0.0055579396
28600.0 0.0055837651
28800.0 0.0056102485
29000.0 0.0056234174
29200.0 0.0056182081
29400.0 0.0055993104
29600.0 0.0055786448
29800.0 0.0055701604
30000.0 0.0055814694
30200.0 0.0056075431
30400.0 0.0056447714
30600.0 0.0056849996
30800.0 0.0057195887
31000.0 0.0057451359
31200.0 0.0057646819
31400.0 0.0057852414
31600.0 0.0058089508
31800.0 0.0058402265
32000.0 0.0058727762
32200.0 0.0058943967
32400.0 0.0058909616
32600.0 0.0058515323
32800.0 0.0057725608
33000.0 0.0056717859
33200.0 0.0055814789
33400.0 0.0055239841
33600.0 0.0055046607
33800.0 0.005519513
34000.0 0.0055549237
34200.0 0.0055949201
34400.0 0.0056227709
34600.0 0.0056339164
34800.0 0.0056402545
35000.0 0.0056491134
35200.0 0.0056615137
35400.0 0.0056733309
35600.0 0.0056873904
35800.0 0.0057009796
36000.0 0.0057089339
36200.0 0.0057048997
36400.0 0.0056799313
36600.0 0.0056347163
36800.0 0.0055808201
37000.0 0.0055388518
37200.0 0.0055256319
37400.0 0.0055433046
37600.0 0.005586308
37800.0 0.0056448548
38000.0 0.0056975258
38200.0 0.0057270829
38400.0 0.0057344924
38600.0 0.0057269475
38800.0 0.0057268396
39000.0 0.0057446479
39200.0 0.0057806919
39400.0 0.0058329834
39600.0 0.0058884694
39800.0 0.0059257518
40000.0 0.0059245494
40200.0 0.0058698609
40400.0 0.0057700012
40600.0 0.005666027
40800.0 0.0055929187
41000.0 0.0055588779
41200.0 0.0055551852
41400.0 0.0055691809
41600.0 0.0055927945
41800.0 0.0056196601
42000.0 0.0056437534
42200.0 0.0056665833
42400.0 0.0056912224
42600.0 0.0057177282
42800.0 0.0057488666
43000.0 0.00578223
43200.0 0.0058179664
43400.0 0.0058563751
43600.0 0.0058964227
43800.0 0.0059199635
44000.0 0.0059034164
44200.0 0.0058276678
44400.0 0.0057136131
44600.0 0.0056123991
44800.0 0.0055574794
45000.0 0.0055520975
45200.0 0.0055850691
45400.0 0.0056341733
45600.0 0.0056757971
45800.0 0.0056841743
46000.0 0.0056612747
46200.0 0.005629609
46400.0 0.005606715
46600.0 0.0056046026
46800.0 0.0056223366
47000.0 0.005652713
47200.0 0.0056882635
47400.0 0.0057159273
47600.0 0.0057253654
47800.0 0.0056953821
48000.0 0.0056122587
48200.0 0.005494879
48400.0 0.0054012138
48600.0 0.0053708997
48800.0 0.0054053505
49000.0 0.0054806235
49200.0 0.0055590097
49400.0 0.0056119198
49600.0 0.0056310472
49800.0 0.0056292806
50000.0 0.0056208703
50200.0 0.0056183903
50400.0 0.0056291652
50600.0 0.0056548681
50800.0 0.005690454
51000.0 0.0057225045
51200.0 0.005731128
51400.0 0.0057148265
51600.0 0.0056849861
51800.0 0.005661554
52000.0 0.0056572225
52200.0 0.0056814891
52400.0 0.0057348203
52600.0 0.0057998313
52800.0 0.0058536167
53000.0 0.0058744092
53200.0 0.0058470177
53400.0 0.0057731545
53600.0 0.0056706068
53800.0 0.0055768022
54000.0 0.0055214953
54200.0 0.0055070449
54400.0 0.0055300634
54600.0 0.0055860463
54800.0 0.0056578653
55000.0 0.0057263743
55200.0 0.0057760968
55400.0 0.0057993316
55600.0 0.0058023439
55800.0 0.0057992224
56000.0 0.0057940318
56200.0 0.0057871718
56400.0 0.0057762136
56600.0 0.0057537392
56800.0 0.0057050604
57000.0 0.005633596
57200.0 0.0055557402
57400.0 0.005487763
57600.0 0.0054451181
57800.0 0.0054345548
58000.0 0.0054562088
58200.0 0.0055075056
58400.0 0.0055777238
58600.0 0.0056526515
58800.0 0.0057139536
59000.0 0.0057542247
59200.0 0.0057784949
59400.0 0.0057934848
59600.0 0.0058005971
59800.0 0.0058009984
60000.0 0.0057926175
60200.0 0.0057754489
60400.0 0.0057517082
60600.0 0.0057205052
60800.0 0.0056876139
61000.0 0.0056592365
61200.0 0.005637495
61400.0 0.0056118582
61600.0 0.00557299
61800.0 0.0055191048
62000.0 0.0054690539
62200.0 0.0054421802
62400.0 0.0054504803
62600.0 0.0054943516
62800.0 0.0055633444
63000.0 0.0056338574
63200.0 0.0056770495
63400.0 0.0056926642
63600.0 0.0056931846
63800.0 0.0056888028
64000.0 0.0056877064
64200.0 0.0056928512
64400.0 0.0057114752
64600.0 0.0057454571
64800.0 0.0057838902
65000.0 0.0058052784
65200.0 0.0057961436
65400.0 0.0057555867
65600.0 0.0056923386
65800.0 0.0056249984
66000.0 0.0055742239
66200.0 0.0055535934
66400.0 0.0055637428
66600.0 0.0055875154
66800.0 0.0056025969
67000.0 0.0055951258
67200.0 0.0055652389
67400.0 0.005525287
67600.0 0.0054871726
67800.0 0.0054690786
68000.0 0.0054898054
68200.0 0.005555095
68400.0 0.0056453027
68600.0 0.0057261557
68800.0 0.0057774765
69000.0 0.0057962464
69200.0 0.0057960163
69400.0 0.0057907843
69600.0 0.0057832363
69800.0 0.0057720734
70000.0 0.0057571769
70200.0 0.0057333148
70400.0 0.0056975523
70600.0 0.0056452334
70800.0 0.0055766723
71000.0 0.0055054391
71200.0 0.0054455136
71400.0 0.0054073195
71600.0 0.0053970463
71800.0 0.0054082145
72000.0 0.0054354643
72200.0 0.0054818683
72400.0 0.0055561261
72600.0 0.0056500056
72800.0 0.0057408387
73000.0 0.0058047188
73200.0 0.0058385176
73400.0 0.005844292
73600.0 0.0058304274
73800.0 0.005811794
74000.0 0.0057946443
74200.0 0.0057713931
74400.0 0.0057369281
74600.0 0.0056879792
74800.0 0.0056217935
75000.0 0.0055453242
75200.0 0.0054806578
75400.0 0.0054436073
75600.0 0.0054393052
75800.0 0.0054669096
76000.0 0.0055172884
76200.0 0.0055818998
76400.0 0.0056427139
76600.0 0.005687073
76800.0 0.0057168315
77000.0 0.0057293871
77200.0 0.0057281394
77400.0 0.0057172929
77600.0 0.0057021427
77800.0 0.0056883172
78000.0 0.0056781175
78200.0 0.0056749456
78400.0 0.0056686828
78600.0 0.0056375421
78800.0 0.0055736431
79000.0 0.0054882988
79200.0 0.0054061833
79400.0 0.0053533868
79600.0 0.0053463104
79800.0 0.005391837
80000.0 0.00548238
80200.0 0.005588345
80400.0 0.0056667324
80600.0 0.0057043521
80800.0 0.0057131102
81000.0 0.0057084724
81200.0 0.0057048785
81400.0 0.0057041258
81600.0 0.0057095479
81800.0 0.0057283882
82000.0 0.0057540605
82200.0 0.0057753714
82400.0 0.0057783649
82600.0 0.0057549224
82800.0 0.0057034585
83000.0 0.0056273738
83200.0 0.0055460626
83400.0 0.0054884396
83600.0 0.0054704439
83800.0 0.0054905886
84000.0 0.0055301746
84200.0 0.0055719934
84400.0 0.0056073375
84600.0 0.0056351016
84800.0 0.0056577588
85000.0 0.0056799913
85200.0 0.005708348
85400.0 0.0057477846
85600.0 0.0057905444
85800.0 0.0058253722
86000.0 0.0058458388
86200.0 0.0058425677
86400.0 0.0058075204
86600.0 0.0057460012
86800.0 0.0056749467
87000.0 0.0056138926
87200.0 0.0055728993
87400.0 0.0055495394
87600.0 0.0055381001
87800.0 0.0055313042
88000.0 0.0055235061
88200.0 0.0055266676
88400.0 0.0055509204
88600.0 0.0055978462
88800.0 0.0056621533
89000.0 0.005736561
89200.0 0.0058076837
89400.0 0.0058706659
89600.0 0.0059181978
89800.0 0.0059521336
90000.0 0.0059774876
90200.0 0.0059945047
90400.0 0.0060043759
90600.0 0.0059942096
90800.0 0.0059521407
91000.0 0.0058745329
91200.0 0.0057753274
91400.0 0.0056847417
91600.0 0.0056203065
91800.0 0.0055808684
92000.0 0.0055553734
92200.0 0.0055398235
92400.0 0.0055327588
92600.0 0.0055301679
92800.0 0.0055347742
93000.0 0.0055510623
93200.0 0.0055836058
93400.0 0.005643334
93600.0 0.0057341068
93800.0 0.0058306958
94000.0 0.0059002047
94200.0 0.0059293179
94400.0 0.0059245458
94600.0 0.0058933313
94800.0 0.0058412988
95000.0 0.0057842023
95200.0 0.0057337632
95400.0 0.0056901999
95600.0 0.00564766
95800.0 0.0056000825
96000.0 0.0055500344
96200.0 0.0055010691
96400.0 0.0054660221
96600.0 0.0054583534
96800.0 0.0054801407
97000.0 0.0055269637
97200.0 0.0055916877
97400.0 0.0056601485
97600.0 0.0057199865
97800.0 0.0057614278
98000.0 0.0057739809
98200.0 0.0057607124
98400.0 0.0057351289
98600.0 0.0057106811
98800.0 0.0056963229
99000.0 0.0056931576
99200.0 0.0056915153
99400.0 0.0056797654
99600.0 0.0056535378
99800.0 0.0056083976
100000.0 0.0055497749
