0.0 0.98013334
200.0 0.97251528
400.0 0.99409959
600.0 1.0045297
800.0 1.0363475
1000.0 1.0556586
1200.0 1.0682789
1400.0 1.0662415
1600.0 1.0432824
1800.0 0.99954468
2000.0 0.97355845
2200.0 0.95890213
2400.0 0.97176784
2600.0 0.99440087
2800.0 1.0240531
3000.0 1.0284123
3200.0 1.0265333
3400.0 0.99310339
3600.0 0.97419619
3800.0 0.96596865
4000.0 0.97178069
4200.0 0.99102516
4400.0 1.0042267
4600.0 1.0278879
4800.0 1.0553043
5000.0 1.0494589
5200.0 1.0147565
5400.0 0.97103273
5600.0 0.93071146
5800.0 0.90903795
6000.0 0.91308393
6200.0 0.93260208
6400.0 0.97575769
6600.0 1.0231502
6800.0 1.0465512
7000.0 1.0419388
7200.0 1.0375806
7400.0 1.0043151
7600.0 0.9976891
7800.0 0.98867143
8000.0 0.99128152
8200.0 1.0067368
8400.0 1.0101745
8600.0 1.01155
8800.0 1.0125106
9000.0 1.0150185
9200.0 0.99923728
9400.0 0.97752273
9600.0 0.95690577
9800.0 0.93329703
10000.0 0.93728647
10200.0 0.97149747
10400.0 1.0261101
10600.0 1.070851
10800.0 1.0790436
11000.0 1.0562992
11200.0 1.0247078
11400.0 1.0032711
11600.0 0.9983463
11800.0 0.99970472
12000.0 1.003079
12200.0 1.0028463
12400.0 1.0089631
12600.0 1.0120987
12800.0 1.001066
13000.0 0.98776852
13200.0 0.97474566
13400.0 0.97439832
13600.0 0.96193835
13800.0 0.96170042
14000.0 0.97675879
14200.0 1.0080552
14400.0 1.030209
14600.0 1.0496053
14800.0 1.0538236
15000.0 1.0403825
15200.0 1.0227591
15400.0 1.0158033
15600.0 0.99430373
15800.0 1.0018923
16000.0 1.0262939
16200.0 1.0263596
16400.0 1.0146276
16600.0 1.0054303
16800.0 0.99117088
17000.0 0.97983315
17200.0 0.98026656
17400.0 0.98794319
17600.0 0.99576344
17800.0 1.0054543
18000.0 1.0237049
18200.0 1.0229443
18400.0 1.0068618
18600.0 0.98260079
18800.0 0.95876135
19000.0 0.94757226
19200.0 0.94376525
19400.0 0.96786711
19600.0 1.0064887
19800.0 1.0537129
20000.0 1.0676198
20200.0 1.0616022
20400.0 1.0409419
20600.0 1.0008279
20800.0 0.98998088
21000.0 0.98154953
21200.0 0.99166149
21400.0 1.002846
21600.0 1.0002098
21800.0 1.0006437
22000.0 0.99958246
22200.0 0.99567793
22400.0 0.9831242
22600.0 0.96544877
22800.0 0.95607853
23000.0 0.96842107
23200.0 0.9778497
23400.0 1.0110255
23600.0 1.0546086
23800.0 1.0641463
24000.0 1.0592182
24200.0 1.0377729
24400.0 1.015903
24600.0 1.0051261
24800.0 0.98552875
25000.0 0.99335556
25200.0 1.0028509
25400.0 1.0040882
25600.0 1.0078599
25800.0 1.0065377
26000.0 0.99640304
26200.0 0.97177154
26400.0 0.96870082
26600.0 0.97402038
26800.0 0.99038707
27000.0 1.0143084
27200.0 1.0114604
27400.0 1.0152756
27600.0 1.0066213
27800.0 0.96911216
28000.0 0.96411477
28200.0 0.97876451
28400.0 0.99287514
28600.0 1.0244225
28800.0 1.0437094
29000.0 1.053152
29200.0 1.0416636
29400.0 1.0035037
29600.0 0.97030167
29800.0 0.96092747
30000.0 0.97222356
30200.0 0.99516238
30400.0 1.0190759
30600.0 1.0284799
30800.0 1.0289638
31000.0 1.0177826
31200.0 0.99720132
31400.0 0.97939879
31600.0 0.98018383
31800.0 0.97934949
32000.0 0.98737236
32200.0 1.003919
32400.0 1.0022413
32600.0 1.018526
32800.0 1.000497
33000.0 0.98531009
33200.0 0.95876553
33400.0 0.96429972
33600.0 0.95790816
33800.0 0.97365667
34000.0 1.0054631
34200.0 1.0421848
34400.0 1.0483357
34600.0 1.0423832
34800.0 1.0251283
35000.0 1.0114959
35200.0 0.98971168
35400.0 0.99916904
35600.0 0.98642487
35800.0 0.99588327
36000.0 1.0091459
36200.0 1.0087345
36400.0 1.001851
36600.0 0.97936005
36800.0 0.95750111
37000.0 0.94378985
37200.0 0.94280746
37400.0 0.9494902
37600.0 0.97918998
37800.0 1.0196728
38000.0 1.0511485
38200.0 1.0659942
38400.0 1.0241327
38600.0 1.0009166
38800.0 0.9864067
39000.0 0.97620358
39200.0 0.96879047
39400.0 0.98008969
39600.0 0.98864629
39800.0 1.0169729
40000.0 1.043396
40200.0 1.0494007
40400.0 1.0383928
40600.0 1.0227134
40800.0 1.0048982
41000.0 0.98953687
41200.0 0.985414
41400.0 0.99833543
41600.0 1.0071712
41800.0 0.99660658
42000.0 0.99136277
42200.0 0.99063129
42400.0 0.97248443
42600.0 0.96530399
42800.0 0.97050671
43000.0 0.98674396
43200.0 0.99868061
43400.0 1.0045483
43600.0 1.0017102
43800.0 0.99102375
44000.0 0.98831822
44200.0 1.0065947
44400.0 1.0286737
44600.0 1.0397638
44800.0 1.0419705
45000.0 1.0601124
45200.0 1.0438792
45400.0 1.0131868
45600.0 1.0074314
45800.0 0.99494319
46000.0 0.99640615
46200.0 0.99012832
46400.0 0.98013086
46600.0 0.97940926
46800.0 0.96493235
47000.0 0.96951492
47200.0 0.97333528
47400.0 0.99377083
47600.0 1.0091545
47800.0 1.019863
48000.0 1.0254338
48200.0 1.0246452
48400.0 1.0234424
48600.0 1.0062834
48800.0 0.99478228
49000.0 0.9871621
49200.0 0.99915174
49400.0 1.0071679
49600.0 1.0155086
49800.0 1.0067676
50000.0 0.98734152
50200.0 0.96293512
50400.0 0.93370067
50600.0 0.9207201
50800.0 0.93011751
51000.0 0.96726213
51200.0 1.0224653
51400.0 1.0590804
51600.0 1.070113
51800.0 1.0459985
52000.0 1.0159587
52200.0 0.99268415
52400.0 0.98228488
52600.0 0.96912353
52800.0 0.96898099
53000.0 0.98193702
53200.0 1.0011156
53400.0 1.0114667
53600.0 1.0191287
53800.0 1.0254168
54000.0 1.0062765
54200.0 0.99033935
54400.0 0.99032659
54600.0 0.97068528
54800.0 0.96836481
55000.0 0.99396539
55200.0 1.0230017
55400.0 1.0486485
55600.0 1.0445882
55800.0 1.0395546
56000.0 1.0051681
56200.0 0.97943507
56400.0 0.96617118
56600.0 0.95997091
56800.0 0.9671552
57000.0 0.99085453
57200.0 0.99966405
57400.0 1.0083019
57600.0 1.0102027
57800.0 0.99233571
58000.0 0.96901147
58200.0 0.97655198
58400.0 0.97422163
58600.0 0.9870012
58800.0 1.0064338
59000.0 1.0310105
59200.0 1.0375277
59400.0 1.0282974
59600.0 1.0162137
59800.0 0.98658782
60000.0 0.96478197
60200.0 0.949665
60400.0 0.94614438
60600.0 0.96661467
60800.0 1.0190485
61000.0 1.058035
61200.0 1.0746517
61400.0 1.0638171
61600.0 1.0401204
61800.0 1.0095359
62000.0 0.97856019
62200.0 0.97124095
62400.0 0.98604238
62600.0 1.0244242
62800.0 1.021185
63000.0 1.0176198
63200.0 1.0083952
63400.0 0.99628972
63600.0 0.98638789
63800.0 0.97878418
64000.0 0.98704761
64200.0 0.98729401
64400.0 0.98466594
64600.0 0.99496809
64800.0 1.0073485
65000.0 1.0201725
65200.0 1.0184096
65400.0 1.001479
65600.0 0.99932483
65800.0 1.0090713
66000.0 1.0177654
66200.0 1.0255064
66400.0 1.0431246
66600.0 1.0570457
66800.0 1.0629791
67000.0 1.0474495
67200.0 1.0184025
67400.0 1.0054729
67600.0 0.98862464
67800.0 0.98124125
68000.0 0.98653512
68200.0 0.98669268
68400.0 0.98338755
68600.0 0.9736432
68800.0 0.96468324
69000.0 0.97139147
69200.0 0.97412841
69400.0 0.99610833
69600.0 1.0098113
69800.0 1.020615
70000.0 1.0336161
70200.0 1.0463153
70400.0 1.0254284
70600.0 1.0114281
70800.0 1.0079874
71000.0 0.9946523
71200.0 1.0034321
71400.0 1.0237642
71600.0 1.0222555
71800.0 1.0122751
72000.0 0.98546417
72200.0 0.96417704
72400.0 0.96709045
72600.0 0.96384275
72800.0 0.97133566
73000.0 0.98631705
73200.0 1.0140095
73400.0 1.0219994
73600.0 1.0336665
73800.0 1.0365301
74000.0 1.0152542
74200.0 0.98835516
74400.0 0.96950641
74600.0 0.96649447
74800.0 0.9664674
75000.0 0.97082673
75200.0 1.006869
75400.0 1.0413987
75600.0 1.0578121
75800.0 1.0448235
76000.0 1.0299136
76200.0 0.99880708
76400.0 0.97694589
76600.0 0.95675137
76800.0 0.94579091
77000.0 0.94846357
77200.0 0.96137635
77400.0 0.98155671
77600.0 0.99048762
77800.0 1.0014558
78000.0 1.0084868
78200.0 1.0233293
78400.0 1.0319579
78600.0 1.0451418
78800.0 1.0473578
79000.0 1.0473957
79200.0 1.0378648
79400.0 1.0171428
79600.0 0.98863542
79800.0 0.96810098
80000.0 0.96203446
80200.0 0.96150657
80400.0 0.95920628
80600.0 0.96413586
80800.0 0.97108462
81000.0 0.97973301
81200.0 0.98912339
81400.0 0.9896257
81600.0 0.9896941
81800.0 0.99383121
82000.0 0.99904148
82200.0 1.0052836
82400.0 1.0151685
82600.0 1.0290219
82800.0 1.0223671
83000.0 1.0150385
83200.0 1.0154826
83400.0 1.003774
83600.0 0.99263156
83800.0 1.0094704
84000.0 0.99604987
84200.0 0.99224535
84400.0 0.99719841
84600.0 1.0027636
84800.0 1.0043636
85000.0 1.0003075
85200.0 1.0089211
85400.0 0.99718968
85600.0 0.98526189
85800.0 0.97451616
86000.0 0.96595799
86200.0 0.9781308
86400.0 0.99316798
86600.0 1.0117997
86800.0 1.0260102
87000.0 1.0328261
87200.0 1.0307604
87400.0 1.0259159
87600.0 0.98628054
87800.0 0.95721339
88000.0 0.95081011
88200.0 0.96094452
88400.0 0.98293192
88600.0 1.0036134
88800.0 1.0228551
89000.0 1.0253141
89200.0 1.0192266
89400.0 1.0136685
89600.0 0.99032901
89800.0 0.98391869
90000.0 0.99157237
90200.0 0.99719301
90400.0 1.0034875
90600.0 1.016996
90800.0 1.0316075
91000.0 1.0419343
91200.0 1.0137638
91400.0 0.96965063
91600.0 0.92712096
91800.0 0.91621082
92000.0 0.93265908
92200.0 0.9684024
92400.0 1.0063784
92600.0 1.0171004
92800.0 1.0251761
93000.0 1.0076634
93200.0 0.99270685
93400.0 0.99014483
93600.0 0.98807656
93800.0 0.99452793
94000.0 1.0011649
94200.0 1.0056944
94400.0 1.0120364
94600.0 1.033873
94800.0 1.0372006
95000.0 1.0298727
95200.0 1.0014047
95400.0 0.97089061
95600.0 0.9357478
95800.0 0.93166589
96000.0 0.94018011
96200.0 0.96478071
96400.0 1.0005242
96600.0 1.0238288
96800.0 1.0213269
97000.0 1.0063233
97200.0 0.98491794
97400.0 0.96925801
97600.0 0.97370162
97800.0 0.98757199
98000.0 1.0066692
98200.0 1.0306883
98400.0 1.0357376
98600.0 1.0272414
98800.0 1.0081933
99000.0 0.98823862
99200.0 0.9665791
99400.0 0.95671109
99600.0 0.9742211
99800.0 1.0137063
100000.0 1.0325352
