0.0 217.76745
200.0 213.49538
400.0 210.26402
600.0 209.30731
800.0 210.75795
1000.0 214.94528
1200.0 219.23697
1400.0 221.3976
1600.0 220.97668
1800.0 218.66929
2000.0 216.11427
2200.0 214.05264
2400.0 213.17346
2600.0 213.38466
2800.0 215.06802
3000.0 217.18483
3200.0 218.7479
3400.0 219.78986
3600.0 219.24406
3800.0 215.981
4000.0 210.81693
4200.0 209.42404
4400.0 211.29607
4600.0 214.09492
4800.0 216.50251
5000.0 217.80385
5200.0 217.32907
5400.0 215.9543
5600.0 214.28996
5800.0 214.15092
6000.0 216.51951
6200.0 219.97526
6400.0 221.04617
6600.0 220.37236
6800.0 218.49914
7000.0 216.47239
7200.0 215.13639
7400.0 214.95145
7600.0 215.43392
7800.0 215.45652
8000.0 213.55707
8200.0 209.30922
8400.0 207.79275
8600.0 208.97904
8800.0 211.87491
9000.0 215.10556
9200.0 216.92494
9400.0 217.17387
9600.0 216.20596
9800.0 214.7026
10000.0 213.83241
10200.0 213.61709
10400.0 215.01724
10600.0 216.81498
10800.0 218.76101
11000.0 220.19893
11200.0 220.30482
11400.0 217.51806
11600.0 211.40359
11800.0 208.73659
12000.0 210.04385
12200.0 213.81168
12400.0 217.98576
12600.0 220.62672
12800.0 220.70419
13000.0 218.20623
13200.0 214.33704
13400.0 210.80757
13600.0 208.9683
13800.0 209.90455
14000.0 213.73047
14200.0 218.74224
14400.0 220.67014
14600.0 219.60679
14800.0 217.64201
15000.0 214.88479
15200.0 212.93893
15400.0 212.31681
15600.0 213.75394
15800.0 217.60659
16000.0 222.2511
16200.0 225.35045
16400.0 225.04438
16600.0 219.9961
16800.0 213.93636
17000.0 212.0908
17200.0 212.57509
17400.0 214.66477
17600.0 218.03145
17800.0 221.09044
18000.0 222.01301
18200.0 219.92729
18400.0 215.0367
18600.0 211.18957
18800.0 208.93972
19000.0 208.90398
19200.0 210.66419
19400.0 213.15798
19600.0 214.96683
19800.0 216.24973
20000.0 217.0648
20200.0 217.63064
20400.0 217.64915
20600.0 216.93712
20800.0 216.01779
21000.0 214.20969
21200.0 212.20946
21400.0 210.82988
21600.0 210.9255
21800.0 212.44317
22000.0 215.27398
22200.0 218.46977
22400.0 220.69763
22600.0 221.17995
22800.0 218.82338
23000.0 215.10906
23200.0 211.16081
23400.0 208.90892
23600.0 209.82549
23800.0 214.09949
24000.0 219.21651
24200.0 222.12346
24400.0 222.29832
24600.0 219.76209
24800.0 216.47365
25000.0 213.76391
25200.0 212.06105
25400.0 212.46086
25600.0 214.24457
25800.0 216.86982
26000.0 219.42165
26200.0 221.11887
26400.0 221.30798
26600.0 220.22023
26800.0 219.2513
27000.0 217.01178
27200.0 214.01538
27400.0 210.93833
27600.0 209.88502
27800.0 211.73105
28000.0 215.31272
28200.0 218.09536
28400.0 219.68651
28600.0 219.8203
28800.0 219.1198
29000.0 217.4171
29200.0 215.82998
29400.0 214.84608
29600.0 214.65068
29800.0 215.43746
30000.0 216.30525
30200.0 216.78506
30400.0 216.47251
30600.0 215.83658
30800.0 214.76365
31000.0 212.97665
31200.0 211.79995
31400.0 211.47662
31600.0 212.94981
31800.0 215.2285
32000.0 217.56025
32200.0 219.03373
32400.0 219.63428
32600.0 219.54489
32800.0 218.29605
33000.0 216.6403
33200.0 215.33199
33400.0 215.132
33600.0 215.90092
33800.0 216.75274
34000.0 217.14086
34200.0 216.74273
34400.0 215.46786
34600.0 213.56391
34800.0 212.52672
35000.0 212.54066
35200.0 215.14419
35400.0 218.94118
35600.0 220.45869
35800.0 219.66566
36000.0 218.48265
36200.0 216.98378
36400.0 215.84365
36600.0 215.09184
36800.0 215.13936
37000.0 215.16659
37200.0 215.01243
37400.0 213.66763
37600.0 211.10868
37800.0 209.07176
38000.0 208.69686
38200.0 210.84071
38400.0 214.73654
38600.0 218.60101
38800.0 220.17332
39000.0 219.21806
39200.0 216.82599
39400.0 214.59112
39600.0 212.82518
39800.0 213.14969
40000.0 214.54056
40200.0 216.6506
40400.0 218.95164
40600.0 220.2507
40800.0 219.86106
41000.0 216.88235
41200.0 209.46201
41400.0 206.97654
41600.0 209.1593
41800.0 213.46616
42000.0 217.94367
42200.0 220.6518
42400.0 220.74885
42600.0 218.29668
42800.0 214.28926
43000.0 210.53457
43200.0 209.00603
43400.0 210.38446
43600.0 215.10394
43800.0 219.9995
44000.0 221.09264
44200.0 219.96749
44400.0 217.55183
44600.0 215.12451
44800.0 213.48834
45000.0 213.10203
45200.0 214.08741
45400.0 216.71748
45600.0 220.26496
45800.0 223.6969
46000.0 224.71856
46200.0 221.90503
46400.0 215.77408
46600.0 210.75853
46800.0 208.805
47000.0 209.76332
47200.0 213.0046
47400.0 217.04467
47600.0 220.18116
47800.0 221.68668
48000.0 221.44206
48200.0 219.73026
48400.0 217.32849
48600.0 215.60436
48800.0 213.99957
49000.0 212.39459
49200.0 212.05429
49400.0 212.67416
49600.0 214.43453
49800.0 216.37256
50000.0 217.55147
50200.0 218.10051
50400.0 217.87304
50600.0 217.73586
50800.0 217.62375
51000.0 217.41125
51200.0 217.42164
51400.0 216.90175
51600.0 216.64826
51800.0 216.1623
52000.0 215.94606
52200.0 215.51095
52400.0 215.72219
52600.0 214.43041
52800.0 213.43176
53000.0 211.90522
53200.0 211.75818
53400.0 213.46498
53600.0 215.52457
53800.0 217.60876
54000.0 218.68314
54200.0 218.99411
54400.0 218.55022
54600.0 217.47018
54800.0 215.90868
55000.0 214.31233
55200.0 213.22275
55400.0 212.88811
55600.0 212.70726
55800.0 212.03104
56000.0 210.51376
56200.0 209.77213
56400.0 210.30927
56600.0 212.8506
56800.0 216.15349
57000.0 218.43048
57200.0 218.66126
57400.0 217.36989
57600.0 215.37526
57800.0 214.69989
58000.0 215.65538
58200.0 218.32009
58400.0 222.24509
58600.0 224.48048
58800.0 224.00718
59000.0 220.40856
59200.0 214.89497
59400.0 212.55244
59600.0 213.10121
59800.0 215.25459
60000.0 217.3577
60200.0 218.93833
60400.0 218.78835
60600.0 217.03831
60800.0 213.92648
61000.0 210.97484
61200.0 209.54719
61400.0 210.20782
61600.0 213.36803
61800.0 219.3059
62000.0 221.65526
62200.0 220.22336
62400.0 216.96268
62600.0 213.95882
62800.0 212.38707
63000.0 213.07206
63200.0 215.84905
63400.0 219.55974
63600.0 222.85114
63800.0 223.70134
64000.0 221.20211
64200.0 215.12697
64400.0 211.58816
64600.0 211.70621
64800.0 213.58431
65000.0 216.26975
65200.0 218.3361
65400.0 219.33846
65600.0 218.60804
65800.0 216.06168
66000.0 212.53595
66200.0 209.36415
66400.0 208.13566
66600.0 209.90178
66800.0 214.94787
67000.0 220.01984
67200.0 221.6958
67400.0 220.25104
67600.0 217.97558
67800.0 215.31136
68000.0 213.23911
68200.0 212.57233
68400.0 213.49047
68600.0 215.96375
68800.0 219.89772
69000.0 224.20182
69200.0 226.34529
69400.0 224.40607
69600.0 218.9579
69800.0 213.62267
70000.0 211.5292
70200.0 212.34444
70400.0 214.12797
70600.0 216.37286
70800.0 218.69956
71000.0 219.82352
71200.0 219.02497
71400.0 216.74555
71600.0 212.577
71800.0 209.14087
72000.0 208.10716
72200.0 210.17693
72400.0 215.17783
72600.0 221.03317
72800.0 223.29135
73000.0 222.01572
73200.0 218.50658
73400.0 214.58574
73600.0 211.59594
73800.0 210.70815
74000.0 212.76588
74200.0 216.48994
74400.0 219.97746
74600.0 221.62957
74800.0 221.03911
75000.0 219.01672
75200.0 216.9438
75400.0 215.81753
75600.0 215.65074
75800.0 215.94425
76000.0 216.53513
76200.0 216.68766
76400.0 216.58908
76600.0 215.96086
76800.0 214.94454
77000.0 213.4906
77200.0 211.58701
77400.0 210.03719
77600.0 210.05617
77800.0 212.142
78000.0 216.01591
78200.0 220.28236
78400.0 222.27929
78600.0 220.72731
78800.0 215.67708
79000.0 209.79167
79200.0 206.72156
79400.0 208.24287
79600.0 214.8931
79800.0 220.29321
80000.0 222.34087
80200.0 222.21925
80400.0 219.91045
80600.0 216.70379
80800.0 214.36595
81000.0 213.41476
81200.0 213.67335
81400.0 214.67438
81600.0 216.07052
81800.0 217.11058
82000.0 217.69106
82200.0 217.3538
82400.0 216.84762
82600.0 216.18307
82800.0 215.99791
83000.0 216.95284
83200.0 218.58235
83400.0 220.14862
83600.0 220.80343
83800.0 220.51006
84000.0 218.14766
84200.0 214.69418
84400.0 213.07984
84600.0 213.6104
84800.0 214.59477
85000.0 215.72032
85200.0 216.51385
85400.0 216.85767
85600.0 216.79606
85800.0 216.31674
86000.0 215.29756
86200.0 213.83599
86400.0 212.5254
86600.0 212.19617
86800.0 213.26879
87000.0 215.60732
87200.0 218.43217
87400.0 220.35275
87600.0 220.33
87800.0 218.43885
88000.0 215.18439
88200.0 211.18705
88400.0 208.85791
88600.0 208.98433
88800.0 213.16335
89000.0 220.18432
89200.0 225.50593
89400.0 226.25723
89600.0 222.77627
89800.0 217.99924
90000.0 214.47346
90200.0 212.78485
90400.0 212.24641
90600.0 213.55297
90800.0 215.69589
91000.0 218.44593
91200.0 220.44054
91400.0 220.79179
91600.0 219.15963
91800.0 214.67688
92000.0 209.73891
92200.0 208.0013
92400.0 209.9428
92600.0 214.08743
92800.0 217.66868
93000.0 219.5982
93200.0 219.12489
93400.0 217.10314
93600.0 214.0734
93800.0 211.51788
94000.0 210.76374
94200.0 212.13921
94400.0 215.57862
94600.0 218.4204
94800.0 218.89388
95000.0 218.20933
95200.0 217.13741
95400.0 215.97322
95600.0 215.2699
95800.0 214.67532
96000.0 215.1677
96200.0 215.85732
96400.0 216.56392
96600.0 216.68705
96800.0 215.23655
97000.0 213.20233
97200.0 211.56873
97400.0 211.18544
97600.0 211.5945
97800.0 212.21517
98000.0 213.33052
98200.0 214.10456
98400.0 213.73962
98600.0 213.31714
98800.0 214.16845
99000.0 215.56088
99200.0 217.85056
99400.0 219.23164
99600.0 220.17664
99800.0 219.41317
100000.0 217.30123
