0.0 1082.6845
200.0 1084.6499
400.0 1083.5434
600.0 1084.9974
800.0 1090.0206
1000.0 1097.3035
1200.0 1104.3054
1400.0 1108.509
1600.0 1108.5763
1800.0 1102.8842
2000.0 1089.4053
2200.0 1071.8308
2400.0 1062.5675
2600.0 1066.9749
2800.0 1080.6912
3000.0 1096.6511
3200.0 1109.6615
3400.0 1118.0343
3600.0 1122.2083
3800.0 1120.7159
4000.0 1112.6019
4200.0 1100.5804
4400.0 1088.1893
4600.0 1078.8787
4800.0 1075.4802
5000.0 1079.6998
5200.0 1092.1331
5400.0 1109.546
5600.0 1123.5582
5800.0 1125.9368
6000.0 1112.2309
6200.0 1084.5323
6400.0 1059.0046
6600.0 1050.4599
6800.0 1060.0204
7000.0 1081.6771
7200.0 1103.3048
7400.0 1115.7387
7600.0 1117.8802
7800.0 1111.0634
8000.0 1097.7867
8200.0 1082.5367
8400.0 1070.8775
8600.0 1067.5306
8800.0 1074.7014
9000.0 1090.8325
9200.0 1106.8229
9400.0 1113.8485
9600.0 1112.6191
9800.0 1106.6314
10000.0 1098.0727
10200.0 1089.479
10400.0 1083.2778
10600.0 1081.5215
10800.0 1085.84
11000.0 1095.994
11200.0 1109.9099
11400.0 1122.5888
11600.0 1125.1524
11800.0 1110.7371
12000.0 1084.5804
12200.0 1062.4599
12400.0 1052.7975
12600.0 1057.4029
12800.0 1074.2469
13000.0 1093.1233
13200.0 1105.6922
13400.0 1111.7986
13600.0 1111.9763
13800.0 1106.148
14000.0 1095.4971
14200.0 1083.6999
14400.0 1075.4069
14600.0 1073.4932
14800.0 1078.7853
15000.0 1091.6117
15200.0 1114.2448
15400.0 1142.6189
15600.0 1150.7781
15800.0 1132.3265
16000.0 1102.1437
16200.0 1080.926
16400.0 1075.1856
16600.0 1080.6032
16800.0 1092.4604
17000.0 1105.5399
17200.0 1114.3443
17400.0 1114.4539
17600.0 1103.5389
17800.0 1085.8629
18000.0 1073.7663
18200.0 1072.4829
18400.0 1078.3036
18600.0 1086.7942
18800.0 1094.5884
19000.0 1099.2072
19200.0 1099.0908
19400.0 1094.5167
19600.0 1087.3227
19800.0 1081.5054
20000.0 1084.3083
20200.0 1102.6773
20400.0 1120.3111
20600.0 1123.8649
20800.0 1117.0154
21000.0 1104.0318
21200.0 1090.0103
21400.0 1081.7275
21600.0 1084.0793
21800.0 1096.382
22000.0 1108.98
22200.0 1106.8593
22400.0 1081.826
22600.0 1061.8195
22800.0 1059.9543
23000.0 1066.7447
23200.0 1077.7507
23400.0 1089.0497
23600.0 1096.6031
23800.0 1098.629
24000.0 1096.26
24200.0 1092.6328
24400.0 1091.1756
24600.0 1093.9347
24800.0 1103.1062
25000.0 1119.818
25200.0 1135.7936
25400.0 1139.5167
25600.0 1126.9145
25800.0 1100.509
26000.0 1079.6682
26200.0 1076.5623
26400.0 1084.0002
26600.0 1093.7895
26800.0 1099.937
27000.0 1100.1411
27200.0 1094.0127
27400.0 1082.9891
27600.0 1069.7592
27800.0 1059.2399
28000.0 1056.6385
28200.0 1066.2111
28400.0 1090.4152
28600.0 1118.0258
28800.0 1129.9107
29000.0 1122.7205
29200.0 1102.6465
29400.0 1080.1262
29600.0 1066.0132
29800.0 1065.112
30000.0 1076.9975
30200.0 1097.925
30400.0 1117.5432
30600.0 1124.2673
30800.0 1118.8554
31000.0 1109.9745
31200.0 1100.4781
31400.0 1091.2773
31600.0 1084.1232
31800.0 1081.2676
32000.0 1083.2898
32200.0 1089.4936
32400.0 1097.604
32600.0 1103.901
32800.0 1103.8746
33000.0 1094.8712
33200.0 1078.6203
33400.0 1063.179
33600.0 1056.615
33800.0 1062.8275
34000.0 1083.1559
34200.0 1107.482
34400.0 1119.1708
34600.0 1115.7574
34800.0 1101.7173
35000.0 1083.7038
35200.0 1070.5696
35400.0 1068.526
35600.0 1078.9055
35800.0 1097.3068
36000.0 1113.9424
36200.0 1121.3438
36400.0 1119.4346
36600.0 1112.7488
36800.0 1104.6759
37000.0 1096.8127
37200.0 1090.2323
37400.0 1086.2089
37600.0 1085.8474
37800.0 1089.6135
38000.0 1096.2163
38200.0 1101.0623
38400.0 1098.0863
38600.0 1084.8761
38800.0 1068.8108
39000.0 1059.3311
39200.0 1059.9606
39400.0 1071.2717
39600.0 1088.0892
39800.0 1096.9783
40000.0 1094.2273
40200.0 1087.0198
40400.0 1082.5852
40600.0 1084.0788
40800.0 1091.1661
41000.0 1101.0079
41200.0 1109.3096
41400.0 1113.3702
41600.0 1110.4643
41800.0 1094.2093
42000.0 1071.1248
42200.0 1064.0579
42400.0 1071.8995
42600.0 1085.8177
42800.0 1098.3824
43000.0 1104.8288
43200.0 1103.4456
43400.0 1095.954
43600.0 1085.7106
43800.0 1076.3334
44000.0 1071.293
44200.0 1073.692
44400.0 1084.5131
44600.0 1100.0654
44800.0 1112.1053
45000.0 1114.974
45200.0 1108.3823
45400.0 1095.4766
45600.0 1080.7574
45800.0 1068.1951
46000.0 1061.6078
46200.0 1065.061
46400.0 1080.951
46600.0 1105.064
46800.0 1124.7233
47000.0 1129.9111
47200.0 1118.2672
47400.0 1094.3378
47600.0 1072.2747
47800.0 1062.5794
48000.0 1064.6468
48200.0 1075.499
48400.0 1089.4455
48600.0 1099.6713
48800.0 1102.9652
49000.0 1100.5811
49200.0 1095.373
49400.0 1089.8294
49600.0 1086.2674
49800.0 1086.2172
50000.0 1089.8041
50200.0 1098.368
50400.0 1115.857
50600.0 1136.9436
50800.0 1144.7962
51000.0 1134.4077
51200.0 1109.9851
51400.0 1086.9869
51600.0 1077.3887
51800.0 1078.9772
52000.0 1086.8735
52200.0 1096.5803
52400.0 1104.0669
52600.0 1106.8165
52800.0 1102.658
53000.0 1089.7029
53200.0 1069.8191
53400.0 1055.2514
53600.0 1053.9874
53800.0 1065.0187
54000.0 1085.2004
54200.0 1104.152
54400.0 1110.734
54600.0 1106.5595
54800.0 1097.8801
55000.0 1089.3476
55200.0 1083.7885
55400.0 1082.7703
55600.0 1087.5247
55800.0 1097.8233
56000.0 1112.2236
56200.0 1127.7021
56400.0 1137.8084
56600.0 1133.151
56800.0 1106.7808
57000.0 1073.9683
57200.0 1057.245
57400.0 1058.8434
57600.0 1076.3148
57800.0 1103.8154
58000.0 1128.1594
58200.0 1135.5184
58400.0 1122.2104
58600.0 1100.2409
58800.0 1085.4071
59000.0 1078.8183
59200.0 1078.2304
59400.0 1082.7169
59600.0 1090.4591
59800.0 1098.6352
60000.0 1104.0861
60200.0 1104.8887
60400.0 1102.6143
60600.0 1100.0661
60800.0 1098.7612
61000.0 1098.4672
61200.0 1098.2398
61400.0 1096.9537
61600.0 1094.2977
61800.0 1091.2283
62000.0 1088.7874
62200.0 1087.6058
62400.0 1087.4947
62600.0 1086.7701
62800.0 1084.1801
63000.0 1079.2336
63200.0 1072.3668
63400.0 1065.6204
63600.0 1064.3041
63800.0 1075.0222
64000.0 1091.1142
64200.0 1097.5399
64400.0 1096.1993
64600.0 1094.0169
64800.0 1094.397
65000.0 1097.1915
65200.0 1101.4742
65400.0 1106.099
65600.0 1108.4027
65800.0 1104.1411
66000.0 1090.9399
66200.0 1076.5508
66400.0 1070.8552
66600.0 1073.8055
66800.0 1081.8148
67000.0 1091.2343
67200.0 1099.251
67400.0 1104.9644
67600.0 1109.6366
67800.0 1114.9353
68000.0 1119.3232
68200.0 1120.076
68400.0 1115.4307
68600.0 1104.01
68800.0 1087.7115
69000.0 1074.112
69200.0 1069.8107
69400.0 1075.0257
69600.0 1086.3688
69800.0 1099.9377
70000.0 1112.4114
70200.0 1119.8431
70400.0 1117.0658
70600.0 1101.9728
70800.0 1080.8358
71000.0 1064.3174
71200.0 1059.3819
71400.0 1067.8045
71600.0 1087.478
71800.0 1109.009
72000.0 1120.697
72200.0 1118.4595
72400.0 1104.5187
72600.0 1085.4788
72800.0 1070.7311
73000.0 1066.2564
73200.0 1071.5603
73400.0 1080.6397
73600.0 1088.3172
73800.0 1093.0475
74000.0 1095.0663
74200.0 1094.5206
74400.0 1091.802
74600.0 1088.1869
74800.0 1084.4618
75000.0 1081.4382
75200.0 1080.7894
75400.0 1084.2372
75600.0 1092.0573
75800.0 1101.8907
76000.0 1109.1349
76200.0 1109.6363
76400.0 1101.2585
76600.0 1085.6098
76800.0 1069.405
77000.0 1061.4201
77200.0 1069.3585
77400.0 1094.9008
77600.0 1124.6356
77800.0 1144.9674
78000.0 1147.6542
78200.0 1132.8222
78400.0 1114.6429
78600.0 1098.3919
78800.0 1083.4073
79000.0 1071.8896
79200.0 1067.1849
79400.0 1072.7506
79600.0 1087.5635
79800.0 1102.9174
80000.0 1110.4062
80200.0 1109.077
80400.0 1101.6818
80600.0 1091.387
80800.0 1081.4939
81000.0 1075.8672
81200.0 1077.1354
81400.0 1086.2767
81600.0 1100.1435
81800.0 1109.9081
82000.0 1108.1841
82200.0 1095.2025
82400.0 1078.7186
82600.0 1066.3424
82800.0 1061.4721
83000.0 1065.6025
83200.0 1078.4311
83400.0 1093.2734
83600.0 1100.5018
83800.0 1098.9306
84000.0 1092.8087
84200.0 1087.3314
84400.0 1085.5726
84600.0 1088.3029
84800.0 1094.6656
85000.0 1102.8557
85200.0 1110.7315
85400.0 1115.3939
85600.0 1111.5157
85800.0 1097.267
86000.0 1079.99
86200.0 1068.8122
86400.0 1067.4236
86600.0 1076.0586
86800.0 1092.0742
87000.0 1109.357
87200.0 1120.6586
87400.0 1121.0429
87600.0 1108.772
87800.0 1084.193
88000.0 1058.0359
88200.0 1047.0981
88400.0 1054.9675
88600.0 1077.3916
88800.0 1100.8731
89000.0 1112.6259
89200.0 1112.6162
89400.0 1104.4273
89600.0 1091.8301
89800.0 1079.3232
90000.0 1071.276
90200.0 1070.8231
90400.0 1081.6154
90600.0 1100.8006
90800.0 1113.4004
91000.0 1113.7034
91200.0 1107.2564
91400.0 1098.814
91600.0 1091.8702
91800.0 1089.8518
92000.0 1093.9978
92200.0 1102.0395
92400.0 1106.3098
92600.0 1095.1035
92800.0 1074.1898
93000.0 1065.9685
93200.0 1068.4726
93400.0 1075.7058
93600.0 1084.2512
93800.0 1091.51
94000.0 1095.4242
94200.0 1095.9859
94400.0 1094.8874
94600.0 1094.9656
94800.0 1098.5239
95000.0 1107.3218
95200.0 1125.1395
95400.0 1145.9289
95600.0 1151.3482
95800.0 1136.771
96000.0 1108.9721
96200.0 1089.7618
96400.0 1085.7647
96600.0 1088.5103
96800.0 1093.7932
97000.0 1098.8274
97200.0 1100.3767
97400.0 1096.9264
97600.0 1088.4115
97800.0 1077.3134
98000.0 1068.6122
98200.0 1065.8844
98400.0 1070.1655
98600.0 1084.2006
98800.0 1110.7379
99000.0 1128.8172
99200.0 1123.8036
99400.0 1104.7712
99600.0 1085.1764
99800.0 1074.3814
100000.0 1075.433
