0.0 3.0696098
200.0 3.0638692
400.0 3.059941
600.0 3.0618499
800.0 3.0670369
1000.0 3.0647148
1200.0 3.0620056
1400.0 3.0555015
1600.0 3.0589193
1800.0 3.0677633
2000.0 3.0679145
2200.0 3.0568896
2400.0 3.0527828
2600.0 3.0631638
2800.0 3.0662645
3000.0 3.0663967
3200.0 3.0581272
3400.0 3.0551987
3600.0 3.0707172
3800.0 3.0709395
4000.0 3.063482
4200.0 3.0600947
4400.0 3.0631895
4600.0 3.0644834
4800.0 3.0622635
5000.0 3.0596988
5200.0 3.0580571
5400.0 3.0547355
5600.0 3.0608999
5800.0 3.0700481
6000.0 3.057066
6200.0 3.0560831
6400.0 3.0621853
6600.0 3.0739665
6800.0 3.072486
7000.0 3.0554869
7200.0 3.0506135
7400.0 3.0677826
7600.0 3.0732034
7800.0 3.0659224
8000.0 3.0567427
8200.0 3.0549453
8400.0 3.0699295
8600.0 3.0669454
8800.0 3.0624868
9000.0 3.0586078
9200.0 3.0587053
9400.0 3.0675607
9600.0 3.0687732
9800.0 3.0664401
10000.0 3.0639951
10200.0 3.0628247
10400.0 3.0681913
10600.0 3.0701098
10800.0 3.0584189
11000.0 3.0580589
11200.0 3.0609079
11400.0 3.0668581
11600.0 3.0605985
11800.0 3.0544388
12000.0 3.056342
12200.0 3.0677096
12400.0 3.070101
12600.0 3.0609008
12800.0 3.0508893
13000.0 3.0589228
13200.0 3.0790324
13400.0 3.0751891
13600.0 3.0577233
13800.0 3.0633015
14000.0 3.0674658
14200.0 3.0721543
14400.0 3.0664734
14600.0 3.0604427
14800.0 3.0638095
15000.0 3.0652269
15200.0 3.0629981
15400.0 3.0558578
15600.0 3.0591751
15800.0 3.0643989
16000.0 3.0614935
16200.0 3.0607676
16400.0 3.0566716
16600.0 3.0588709
16800.0 3.064777
17000.0 3.0745316
17200.0 3.0617969
17400.0 3.0662122
17600.0 3.0626912
17800.0 3.0648482
18000.0 3.0684908
18200.0 3.0666913
18400.0 3.0573357
18600.0 3.0552809
18800.0 3.0624394
19000.0 3.069192
19200.0 3.0643317
19400.0 3.0512723
19600.0 3.058182
19800.0 3.0643706
20000.0 3.0748446
20200.0 3.0644177
20400.0 3.0587748
20600.0 3.0639149
20800.0 3.0737692
21000.0 3.0704782
21200.0 3.0672038
21400.0 3.0587929
21600.0 3.0648946
21800.0 3.0675759
22000.0 3.0678493
22200.0 3.0559983
22400.0 3.0593308
22600.0 3.0649711
22800.0 3.062014
23000.0 3.0631696
23200.0 3.0528537
23400.0 3.0579302
23600.0 3.0667997
23800.0 3.0680443
24000.0 3.0622766
24200.0 3.0572431
24400.0 3.0672886
24600.0 3.0711348
24800.0 3.06672
25000.0 3.0619353
25200.0 3.0596116
25400.0 3.0644743
25600.0 3.0646405
25800.0 3.0610232
26000.0 3.0607009
26200.0 3.0602611
26400.0 3.0643031
26600.0 3.0645568
26800.0 3.058877
27000.0 3.0594234
27200.0 3.0683544
27400.0 3.0637021
27600.0 3.065944
27800.0 3.0657242
28000.0 3.0643845
28200.0 3.069798
28400.0 3.0695434
28600.0 3.0627796
28800.0 3.0612977
29000.0 3.0530734
29200.0 3.0686113
29400.0 3.0638761
29600.0 3.0553572
29800.0 3.0560468
30000.0 3.0664791
30200.0 3.0630244
30400.0 3.0690014
30600.0 3.0563111
30800.0 3.0602147
31000.0 3.0689666
31200.0 3.0736019
31400.0 3.0651013
31600.0 3.0568176
31800.0 3.0597769
32000.0 3.0691873
32200.0 3.0616618
32400.0 3.0547503
32600.0 3.0575344
32800.0 3.0550176
33000.0 3.0625907
33200.0 3.0653576
33400.0 3.0613457
33600.0 3.0565812
33800.0 3.0593937
34000.0 3.0699038
34200.0 3.0672022
34400.0 3.0595515
34600.0 3.0591618
34800.0 3.0627978
35000.0 3.065599
35200.0 3.0624264
35400.0 3.0605041
35600.0 3.0596418
35800.0 3.0666968
36000.0 3.0602521
36200.0 3.0620672
36400.0 3.062233
36600.0 3.0685648
36800.0 3.0725003
37000.0 3.0632515
37200.0 3.069527
37400.0 3.0690595
37600.0 3.0630703
37800.0 3.0599677
38000.0 3.0633802
38200.0 3.0575763
38400.0 3.066736
38600.0 3.0617396
38800.0 3.0601428
39000.0 3.0548276
39200.0 3.0632909
39400.0 3.06872
39600.0 3.0655832
39800.0 3.0570397
40000.0 3.0625367
40200.0 3.0710934
40400.0 3.0726802
40600.0 3.0624075
40800.0 3.0570743
41000.0 3.0559213
41200.0 3.0670388
41400.0 3.0640985
41600.0 3.0569946
41800.0 3.0512408
42000.0 3.0634906
42200.0 3.0690017
42400.0 3.0670355
42600.0 3.057192
42800.0 3.0606421
43000.0 3.067301
43200.0 3.0658375
43400.0 3.0622643
43600.0 3.0605287
43800.0 3.0636657
44000.0 3.0604387
44200.0 3.0559069
44400.0 3.0609765
44600.0 3.0587987
44800.0 3.0531164
45000.0 3.0571686
45200.0 3.0529533
45400.0 3.0549733
45600.0 3.05637
45800.0 3.0549173
46000.0 3.0698805
46200.0 3.0601502
46400.0 3.0556231
46600.0 3.0635561
46800.0 3.0654474
47000.0 3.0674668
47200.0 3.0617047
47400.0 3.0611994
47600.0 3.0616809
47800.0 3.0667515
48000.0 3.0656153
48200.0 3.0601659
48400.0 3.0540882
48600.0 3.0593157
48800.0 3.0640987
49000.0 3.0655627
49200.0 3.0559461
49400.0 3.0545376
49600.0 3.0623386
49800.0 3.0754541
50000.0 3.065649
50200.0 3.0536561
50400.0 3.0611331
50600.0 3.0656648
50800.0 3.0663968
51000.0 3.0586534
51200.0 3.059702
51400.0 3.061061
51600.0 3.0648355
51800.0 3.058254
52000.0 3.0578476
52200.0 3.0656382
52400.0 3.0665387
52600.0 3.0606589
52800.0 3.0635181
53000.0 3.0691816
53200.0 3.0680736
53400.0 3.0598451
53600.0 3.0652921
53800.0 3.0592349
54000.0 3.0607301
54200.0 3.0601308
54400.0 3.0567313
54600.0 3.0634334
54800.0 3.0646418
55000.0 3.0608214
55200.0 3.0562281
55400.0 3.0577392
55600.0 3.0718914
55800.0 3.0699125
56000.0 3.0644979
56200.0 3.055903
56400.0 3.0622651
56600.0 3.0714181
56800.0 3.0721896
57000.0 3.0657193
57200.0 3.0586399
57400.0 3.0653449
57600.0 3.0700008
57800.0 3.0626362
58000.0 3.0620761
58200.0 3.0559385
58400.0 3.0623137
58600.0 3.0630095
58800.0 3.0641428
59000.0 3.053607
59200.0 3.0579995
59400.0 3.0647015
59600.0 3.0631765
59800.0 3.0586275
60000.0 3.0582485
60200.0 3.0672288
60400.0 3.0650278
60600.0 3.0657296
60800.0 3.0600574
61000.0 3.0647122
61200.0 3.0651173
61400.0 3.0659315
61600.0 3.0566719
61800.0 3.0585579
62000.0 3.0613134
62200.0 3.0602811
62400.0 3.0595206
62600.0 3.0548185
62800.0 3.0636969
63000.0 3.0658172
63200.0 3.060212
63400.0 3.06039
63600.0 3.0551597
63800.0 3.0603056
64000.0 3.0682127
64200.0 3.0741023
64400.0 3.0590316
64600.0 3.0520678
64800.0 3.0641508
65000.0 3.073592
65200.0 3.0751543
65400.0 3.0592004
65600.0 3.0617075
65800.0 3.0640656
66000.0 3.0713545
66200.0 3.0644661
66400.0 3.0578332
66600.0 3.0587846
66800.0 3.0653693
67000.0 3.0646226
67200.0 3.0556208
67400.0 3.0596713
67600.0 3.059579
67800.0 3.0657293
68000.0 3.0628482
68200.0 3.0561451
68400.0 3.0635901
68600.0 3.0640905
68800.0 3.0707091
69000.0 3.0623978
69200.0 3.0602788
69400.0 3.0600908
69600.0 3.0671244
69800.0 3.0685477
70000.0 3.0599244
70200.0 3.0541819
70400.0 3.0607548
70600.0 3.0649886
70800.0 3.0658077
71000.0 3.0622363
71200.0 3.0544058
71400.0 3.0639113
71600.0 3.0692804
71800.0 3.0633739
72000.0 3.0570223
72200.0 3.0578052
72400.0 3.0674095
72600.0 3.0655197
72800.0 3.0606213
73000.0 3.0524993
73200.0 3.0595099
73400.0 3.0625307
73600.0 3.0614512
73800.0 3.0560645
74000.0 3.0564214
74200.0 3.0680494
74400.0 3.0720118
74600.0 3.0582147
74800.0 3.0600707
75000.0 3.0624303
75200.0 3.0736853
75400.0 3.0653308
75600.0 3.0549665
75800.0 3.0553658
76000.0 3.061478
76200.0 3.0660928
76400.0 3.0645185
76600.0 3.0512172
76800.0 3.0533447
77000.0 3.0690668
77200.0 3.0685117
77400.0 3.0615465
77600.0 3.057948
77800.0 3.0644734
78000.0 3.0614307
78200.0 3.0689206
78400.0 3.0629004
78600.0 3.0647784
78800.0 3.0614738
79000.0 3.0617895
79200.0 3.0661458
79400.0 3.0622102
79600.0 3.0588488
79800.0 3.0567538
80000.0 3.0660708
80200.0 3.0575743
80400.0 3.062066
80600.0 3.0571907
80800.0 3.0555706
81000.0 3.0730323
81200.0 3.0653979
81400.0 3.0665305
81600.0 3.0544303
81800.0 3.0593192
82000.0 3.0732669
82200.0 3.0730221
82400.0 3.0561996
82600.0 3.0527628
82800.0 3.0596033
83000.0 3.065927
83200.0 3.0616414
83400.0 3.0565961
83600.0 3.0575923
83800.0 3.0589147
84000.0 3.0667333
84200.0 3.0658004
84400.0 3.0526119
84600.0 3.061665
84800.0 3.0683669
85000.0 3.06883
85200.0 3.0562626
85400.0 3.0615956
85600.0 3.0637176
85800.0 3.0674513
86000.0 3.0632605
86200.0 3.0570095
86400.0 3.0608335
86600.0 3.0607798
86800.0 3.0543384
87000.0 3.0560064
87200.0 3.0598623
87400.0 3.0604789
87600.0 3.0667929
87800.0 3.0602252
88000.0 3.057583
88200.0 3.0671902
88400.0 3.064312
88600.0 3.0637682
88800.0 3.0612775
89000.0 3.0601194
89200.0 3.0614382
89400.0 3.0636089
89600.0 3.0601844
89800.0 3.0536494
90000.0 3.0570582
90200.0 3.0606113
90400.0 3.0585999
90600.0 3.0572242
90800.0 3.0588649
91000.0 3.061333
91200.0 3.0639118
91400.0 3.0631003
91600.0 3.0620597
91800.0 3.0617621
92000.0 3.0660861
92200.0 3.0631185
92400.0 3.0622231
92600.0 3.061254
92800.0 3.0665068
93000.0 3.0647619
93200.0 3.059703
93400.0 3.0576102
93600.0 3.0624652
93800.0 3.0687855
94000.0 3.0586779
94200.0 3.0531383
94400.0 3.0558923
94600.0 3.0657073
94800.0 3.0673785
95000.0 3.0583564
95200.0 3.0543088
95400.0 3.0654892
95600.0 3.0717613
95800.0 3.069756
96000.0 3.0515458
96200.0 3.0593916
96400.0 3.0678727
96600.0 3.0687588
96800.0 3.0577171
97000.0 3.0560455
97200.0 3.0596773
97400.0 3.0616487
97600.0 3.0576158
97800.0 3.0548764
98000.0 3.0604591
98200.0 3.0634443
98400.0 3.061713
98600.0 3.0587566
98800.0 3.0570964
99000.0 3.0679612
99200.0 3.0641252
99400.0 3.0653106
99600.0 3.0546952
99800.0 3.0621719
100000.0 3.068967
