0.0 55.404385
200.0 55.451305
400.0 55.521353
600.0 55.499381
800.0 55.395967
1000.0 55.408358
1200.0 55.738927
1400.0 55.925378
1600.0 55.906217
1800.0 55.753723
2000.0 55.81443
2200.0 56.013595
2400.0 56.117726
2600.0 56.079356
2800.0 55.96432
3000.0 55.974098
3200.0 55.970005
3400.0 55.98986
3600.0 56.037644
3800.0 56.034423
4000.0 55.920472
4200.0 56.015399
4400.0 56.077992
4600.0 55.854801
4800.0 55.872345
5000.0 56.300987
5200.0 56.445291
5400.0 56.209335
5600.0 56.190768
5800.0 56.336695
6000.0 56.445636
6200.0 56.468864
6400.0 56.348961
6600.0 56.240766
6800.0 56.291102
7000.0 56.381169
7200.0 56.388939
7400.0 56.184449
7600.0 56.195546
7800.0 56.320553
8000.0 56.326133
8200.0 56.117674
8400.0 56.115288
8600.0 56.32995
8800.0 56.381341
9000.0 56.169878
9200.0 56.267825
9400.0 56.618942
9600.0 56.677187
9800.0 56.649193
10000.0 56.588607
10200.0 56.682806
10400.0 56.77393
10600.0 56.800404
10800.0 56.849652
11000.0 56.912291
11200.0 56.912203
11400.0 56.765617
11600.0 56.725453
11800.0 56.524015
12000.0 56.525577
12200.0 56.37577
12400.0 56.184461
12600.0 56.341491
12800.0 56.343807
13000.0 56.132947
13200.0 56.042027
13400.0 55.991573
13600.0 56.066749
13800.0 56.110831
14000.0 55.845592
14200.0 55.508737
14400.0 55.599048
14600.0 55.638953
14800.0 55.392095
15000.0 55.421523
15200.0 55.608345
15400.0 55.617795
15600.0 55.577937
15800.0 55.429724
16000.0 55.33967
16200.0 55.441062
16400.0 55.490817
16600.0 55.352387
16800.0 55.471977
17000.0 55.664492
17200.0 55.493273
17400.0 55.378484
17600.0 55.623902
17800.0 55.749469
18000.0 55.622644
18200.0 55.621756
18400.0 55.69791
18600.0 55.726548
18800.0 55.81043
19000.0 55.889418
19200.0 55.98418
19400.0 56.202209
19600.0 56.114478
19800.0 56.039274
20000.0 56.058949
20200.0 56.077562
20400.0 56.136294
20600.0 56.258746
20800.0 56.268094
21000.0 56.284161
21200.0 56.328361
21400.0 56.259243
21600.0 56.313141
21800.0 56.48742
22000.0 56.490093
22200.0 56.344074
22400.0 56.276968
22600.0 56.252595
22800.0 56.226922
23000.0 56.259735
23200.0 56.125616
23400.0 55.939133
23600.0 55.887708
23800.0 56.012053
24000.0 55.937841
24200.0 55.502381
24400.0 55.720119
24600.0 55.946027
24800.0 55.733413
25000.0 55.6411
25200.0 55.702291
25400.0 55.608219
25600.0 55.642995
25800.0 55.747738
26000.0 55.759209
26200.0 55.535717
26400.0 55.45255
26600.0 55.591252
26800.0 55.681893
27000.0 55.550679
27200.0 55.47727
27400.0 55.657734
27600.0 55.75899
27800.0 55.608469
28000.0 55.568132
28200.0 55.526854
28400.0 55.617135
28600.0 55.641555
28800.0 55.616717
29000.0 55.70121
29200.0 55.753569
29400.0 55.662628
29600.0 55.627488
29800.0 55.686223
30000.0 55.697995
30200.0 55.724034
30400.0 55.801793
30600.0 55.867849
30800.0 55.709171
31000.0 55.672424
31200.0 55.932864
31400.0 56.031895
31600.0 55.998003
31800.0 55.977612
32000.0 56.017915
32200.0 56.156213
32400.0 56.264105
32600.0 56.220009
32800.0 56.180658
33000.0 56.225543
33200.0 56.219555
33400.0 56.057482
33600.0 55.891886
33800.0 55.765276
34000.0 55.635033
34200.0 55.641647
34400.0 55.703931
34600.0 55.459201
34800.0 55.437887
35000.0 55.66405
35200.0 55.569482
35400.0 55.257267
35600.0 55.231802
35800.0 55.396745
36000.0 55.299213
36200.0 55.34425
36400.0 55.460746
36600.0 55.399374
36800.0 55.29587
37000.0 55.291883
37200.0 55.372961
37400.0 55.439122
37600.0 55.579055
37800.0 55.573901
38000.0 55.584094
38200.0 55.719283
38400.0 55.675998
38600.0 55.661044
38800.0 55.689781
39000.0 55.599809
39200.0 55.502435
39400.0 55.503963
39600.0 55.461086
39800.0 55.449463
40000.0 55.543044
40200.0 55.577543
40400.0 55.595788
40600.0 55.587174
40800.0 55.637814
41000.0 55.783825
41200.0 55.829966
41400.0 55.535832
41600.0 55.467199
41800.0 55.529965
42000.0 55.538161
42200.0 55.634421
42400.0 55.608288
42600.0 55.675876
42800.0 55.816541
43000.0 55.845033
43200.0 55.763869
43400.0 55.710279
43600.0 55.834128
43800.0 55.984331
44000.0 55.856021
44200.0 55.784824
44400.0 55.804758
44600.0 55.795653
44800.0 55.641494
45000.0 55.623694
45200.0 55.676152
45400.0 55.634174
45600.0 55.49733
45800.0 55.469897
46000.0 55.537955
46200.0 55.514107
46400.0 55.596683
46600.0 55.64216
46800.0 55.572468
47000.0 55.622552
47200.0 55.639746
47400.0 55.508508
47600.0 55.564254
47800.0 55.623937
48000.0 55.567778
48200.0 55.481958
48400.0 55.483319
48600.0 55.534389
48800.0 55.523285
49000.0 55.366105
49200.0 55.166538
49400.0 55.106307
49600.0 55.237751
49800.0 55.215012
50000.0 55.138812
50200.0 55.22301
50400.0 55.293558
50600.0 55.100994
50800.0 55.065696
51000.0 55.321087
51200.0 55.4824
51400.0 55.245195
51600.0 55.352282
51800.0 55.433542
52000.0 55.309973
52200.0 55.466593
52400.0 55.61844
52600.0 55.640163
52800.0 55.736187
53000.0 55.837601
53200.0 55.759938
53400.0 55.743936
53600.0 55.656116
53800.0 55.73245
54000.0 55.938059
54200.0 55.899627
54400.0 55.924424
54600.0 56.067706
54800.0 55.916873
55000.0 55.885647
55200.0 56.134013
55400.0 56.147191
55600.0 56.190365
55800.0 56.199372
56000.0 56.142433
56200.0 56.11786
56400.0 56.163969
56600.0 56.062929
56800.0 56.108886
57000.0 56.17704
57200.0 56.024816
57400.0 55.940573
57600.0 56.108467
57800.0 56.2136
58000.0 56.232258
58200.0 56.284055
58400.0 56.087274
58600.0 56.046341
58800.0 56.238676
59000.0 56.311897
59200.0 56.289331
59400.0 56.224921
59600.0 56.03543
59800.0 56.070475
60000.0 56.4313
60200.0 56.495843
60400.0 56.110588
60600.0 55.939214
60800.0 55.944957
61000.0 56.070044
61200.0 56.196583
61400.0 56.054947
61600.0 55.989453
61800.0 56.01482
62000.0 56.010841
62200.0 56.021067
62400.0 56.010763
62600.0 55.985356
62800.0 55.92505
63000.0 55.915544
63200.0 55.812601
63400.0 55.63583
63600.0 55.541349
63800.0 55.542808
64000.0 55.54037
64200.0 55.542601
64400.0 55.492557
64600.0 55.418888
64800.0 55.418039
65000.0 55.466563
65200.0 55.387108
65400.0 55.521997
65600.0 55.440252
65800.0 55.288281
66000.0 55.418078
66200.0 55.467092
66400.0 55.442394
66600.0 55.424269
66800.0 55.52375
67000.0 55.626611
67200.0 55.769778
67400.0 55.997193
67600.0 55.854744
67800.0 55.812913
68000.0 56.009295
68200.0 56.034904
68400.0 55.868426
68600.0 55.781782
68800.0 55.823483
69000.0 55.806909
69200.0 55.760272
69400.0 55.710473
69600.0 55.844519
69800.0 55.93908
70000.0 55.915112
70200.0 55.883253
70400.0 55.764397
70600.0 55.91977
70800.0 56.102477
71000.0 55.916658
71200.0 55.802348
71400.0 55.900197
71600.0 55.804716
71800.0 55.675731
72000.0 55.548989
72200.0 55.374282
72400.0 55.416902
72600.0 55.611761
72800.0 55.468394
73000.0 55.274452
73200.0 55.263937
73400.0 55.401771
73600.0 55.464408
73800.0 55.333494
74000.0 55.156416
74200.0 55.170711
74400.0 55.241476
74600.0 55.044463
74800.0 55.019816
75000.0 55.174129
75200.0 55.277455
75400.0 55.254652
75600.0 55.250544
75800.0 55.375286
76000.0 55.349211
76200.0 55.091198
76400.0 55.346931
76600.0 55.598206
76800.0 55.580391
77000.0 55.473552
77200.0 55.488293
77400.0 55.568184
77600.0 55.729344
77800.0 55.62405
78000.0 55.446185
78200.0 55.450647
78400.0 55.599778
78600.0 55.637701
78800.0 55.477399
79000.0 55.463834
79200.0 55.515739
79400.0 55.369706
79600.0 55.309853
79800.0 55.34672
80000.0 55.396295
80200.0 55.364026
80400.0 55.261618
80600.0 55.199086
80800.0 55.273648
81000.0 55.31758
81200.0 55.337944
81400.0 55.203231
81600.0 55.255157
81800.0 55.480124
82000.0 55.509018
82200.0 55.475636
82400.0 55.433905
82600.0 55.449937
82800.0 55.511032
83000.0 55.628226
83200.0 55.747196
83400.0 55.576994
83600.0 55.39037
83800.0 55.671951
84000.0 55.833925
84200.0 55.781462
84400.0 55.674549
84600.0 55.669847
84800.0 55.684412
85000.0 55.669521
85200.0 55.652019
85400.0 55.771416
85600.0 55.747232
85800.0 55.866599
86000.0 56.1285
86200.0 56.125177
86400.0 55.977511
86600.0 56.060891
86800.0 56.258962
87000.0 56.165208
87200.0 56.023603
87400.0 56.237866
87600.0 56.296407
87800.0 56.121741
88000.0 56.041184
88200.0 56.15958
88400.0 56.215224
88600.0 56.103654
88800.0 55.999995
89000.0 56.04526
89200.0 56.056437
89400.0 56.132075
89600.0 56.336391
89800.0 56.292898
90000.0 56.16559
90200.0 56.21319
90400.0 56.367263
90600.0 56.578379
90800.0 56.447241
91000.0 56.185036
91200.0 56.11052
91400.0 56.144191
91600.0 55.956648
91800.0 55.771531
92000.0 55.609686
92200.0 55.60762
92400.0 55.547355
92600.0 55.454467
92800.0 55.324817
93000.0 55.330735
93200.0 55.387238
93400.0 55.49673
93600.0 55.450434
93800.0 55.283989
94000.0 55.249341
94200.0 55.297094
94400.0 55.507499
94600.0 55.5848
94800.0 55.285446
95000.0 55.250156
95200.0 55.528177
95400.0 55.549138
95600.0 55.36274
95800.0 55.423947
96000.0 55.474814
96200.0 55.308701
96400.0 55.196018
96600.0 55.192409
96800.0 55.279877
97000.0 55.192296
97200.0 55.147978
97400.0 55.253332
97600.0 55.37113
97800.0 55.345724
98000.0 55.127047
98200.0 55.171612
98400.0 55.358444
98600.0 55.273513
98800.0 55.164684
99000.0 55.088942
99200.0 55.057275
99400.0 55.076979
99600.0 55.095493
99800.0 54.97664
100000.0 55.170433
