0.0 830.3785
200.0 820.59771
400.0 842.24769
600.0 849.96821
800.0 854.5918
1000.0 855.87764
1200.0 838.25955
1400.0 839.53771
1600.0 846.36149
1800.0 838.71438
2000.0 837.54337
2200.0 842.8571
2400.0 843.94699
2600.0 849.84315
2800.0 834.32819
3000.0 831.40724
3200.0 835.33047
3400.0 845.18664
3600.0 846.29121
3800.0 829.27648
4000.0 823.35329
4200.0 818.517
4400.0 835.43968
4600.0 841.66234
4800.0 852.46
5000.0 853.47112
5200.0 859.66883
5400.0 837.29491
5600.0 812.7272
5800.0 829.66745
6000.0 849.47551
6200.0 868.31214
6400.0 860.56479
6600.0 864.32884
6800.0 835.03843
7000.0 830.91888
7200.0 852.61869
7400.0 853.79838
7600.0 838.69676
7800.0 843.18351
8000.0 848.78462
8200.0 818.87093
8400.0 824.26687
8600.0 851.98927
8800.0 844.97092
9000.0 827.02662
9200.0 836.19926
9400.0 829.13928
9600.0 823.2694
9800.0 839.65018
10000.0 844.28066
10200.0 829.17517
10400.0 846.4065
10600.0 876.38057
10800.0 863.56537
11000.0 863.75872
11200.0 852.48641
11400.0 838.83642
11600.0 844.11429
11800.0 845.09382
12000.0 844.89682
12200.0 840.022
12400.0 849.20729
12600.0 845.4806
12800.0 829.19428
13000.0 820.61372
13200.0 816.19846
13400.0 820.07469
13600.0 838.86637
13800.0 835.91467
14000.0 850.22542
14200.0 856.8091
14400.0 841.57953
14600.0 833.751
14800.0 849.18871
15000.0 832.65398
15200.0 850.23377
15400.0 854.06952
15600.0 854.31127
15800.0 837.27701
16000.0 838.37836
16200.0 839.67741
16400.0 844.97092
16600.0 845.78968
16800.0 823.31672
17000.0 831.95674
17200.0 836.76846
17400.0 833.68261
17600.0 830.21717
17800.0 855.12105
18000.0 879.78093
18200.0 840.2848
18400.0 824.80396
18600.0 825.5065
18800.0 843.73669
19000.0 828.64921
19200.0 823.00403
19400.0 825.45873
19600.0 847.98893
19800.0 855.73836
20000.0 838.37734
20200.0 833.20357
20400.0 862.31558
20600.0 825.60071
20800.0 827.16607
21000.0 844.03975
21200.0 857.39627
21400.0 816.66604
21600.0 833.40816
21800.0 890.69804
22000.0 882.03046
22200.0 857.06007
22400.0 835.30676
22600.0 821.14508
22800.0 836.47966
23000.0 831.8622
23200.0 852.9422
23400.0 862.07818
23600.0 847.47596
23800.0 844.42279
24000.0 849.11549
24200.0 830.16159
24400.0 820.11542
24600.0 839.22425
24800.0 848.28623
25000.0 858.85303
25200.0 850.40717
25400.0 832.45515
25600.0 838.54725
25800.0 832.29187
26000.0 819.42209
26200.0 821.69672
26400.0 834.49575
26600.0 822.44019
26800.0 814.83608
27000.0 820.20143
27200.0 823.87273
27400.0 854.60889
27600.0 841.2978
27800.0 831.13971
28000.0 839.45856
28200.0 841.04287
28400.0 830.15246
28600.0 839.55518
28800.0 845.91629
29000.0 836.87928
29200.0 835.6214
29400.0 864.98694
29600.0 860.76842
29800.0 858.50416
30000.0 836.56147
30200.0 850.20178
30400.0 836.88882
30600.0 830.03721
30800.0 828.35716
31000.0 829.48125
31200.0 851.63011
31400.0 863.73887
31600.0 860.99202
31800.0 852.72151
32000.0 832.01025
32200.0 839.94783
32400.0 835.35371
32600.0 835.09232
32800.0 836.02211
33000.0 864.31588
33200.0 848.68597
33400.0 843.06051
33600.0 835.25155
33800.0 847.82814
34000.0 839.86237
34200.0 837.32585
34400.0 841.04202
34600.0 828.79313
34800.0 820.65219
35000.0 818.96305
35200.0 830.3741
35400.0 831.31631
35600.0 834.54338
35800.0 816.55663
36000.0 840.18975
36200.0 840.27139
36400.0 815.00035
36600.0 834.0309
36800.0 876.00899
37000.0 844.62136
37200.0 824.82593
37400.0 839.05438
37600.0 853.8423
37800.0 838.42847
38000.0 820.8237
38200.0 825.85661
38400.0 856.13666
38600.0 862.48546
38800.0 858.19765
39000.0 847.05525
39200.0 852.09529
39400.0 860.22521
39600.0 845.82728
39800.0 819.67559
40000.0 832.77302
40200.0 830.14631
40400.0 833.59292
40600.0 816.82053
40800.0 837.16319
41000.0 846.69546
41200.0 864.18939
41400.0 844.79735
41600.0 834.99112
41800.0 844.42515
42000.0 839.31325
42200.0 828.58908
42400.0 847.0831
42600.0 853.19751
42800.0 857.75736
43000.0 844.55748
43200.0 868.0546
43400.0 874.0922
43600.0 853.69208
43800.0 848.47627
44000.0 851.66868
44200.0 844.85776
44400.0 840.44854
44600.0 843.92197
44800.0 849.90901
45000.0 831.52852
45200.0 826.75505
45400.0 821.66089
45600.0 848.01652
45800.0 854.90773
46000.0 868.18333
46200.0 851.33342
46400.0 859.84152
46600.0 871.79573
46800.0 871.77146
47000.0 856.4912
47200.0 841.87938
47400.0 853.60716
47600.0 856.73863
47800.0 836.05962
48000.0 818.42434
48200.0 847.3317
48400.0 848.0565
48600.0 833.82221
48800.0 842.7801
49000.0 827.74959
49200.0 820.14488
49400.0 842.09333
49600.0 856.59439
49800.0 830.9798
50000.0 836.81379
50200.0 846.16023
50400.0 851.27129
50600.0 844.56116
50800.0 875.68397
51000.0 865.92236
51200.0 854.88439
51400.0 829.93371
51600.0 834.32816
51800.0 855.27917
52000.0 863.12758
52200.0 827.02469
52400.0 816.90443
52600.0 814.52983
52800.0 824.47056
53000.0 843.8403
53200.0 858.93739
53400.0 855.46922
53600.0 834.49955
53800.0 836.51593
54000.0 849.19062
54200.0 867.96138
54400.0 862.52859
54600.0 838.9484
54800.0 833.51036
55000.0 828.17069
55200.0 834.70349
55400.0 858.2662
55600.0 840.8032
55800.0 833.22261
56000.0 836.6361
56200.0 849.48262
56400.0 847.22022
56600.0 869.80366
56800.0 864.13958
57000.0 851.54575
57200.0 852.32167
57400.0 836.1557
57600.0 841.67941
57800.0 831.90059
58000.0 836.95302
58200.0 830.30299
58400.0 852.19829
58600.0 834.53528
58800.0 830.86738
59000.0 819.00984
59200.0 822.49715
59400.0 810.63435
59600.0 827.55873
59800.0 846.03261
60000.0 863.01666
60200.0 860.52411
60400.0 838.16763
60600.0 849.13895
60800.0 845.11644
61000.0 824.67008
61200.0 866.58756
61400.0 861.09586
61600.0 851.42096
61800.0 847.44214
62000.0 853.17164
62200.0 850.29517
62400.0 834.40372
62600.0 817.71465
62800.0 825.55039
63000.0 828.94402
63200.0 843.94697
63400.0 852.35803
63600.0 836.8903
63800.0 854.97245
64000.0 858.10341
64200.0 864.29482
64400.0 869.37875
64600.0 853.43274
64800.0 829.65059
65000.0 832.24592
65200.0 834.88673
65400.0 849.50338
65600.0 856.0622
65800.0 847.29109
66000.0 846.99286
66200.0 853.04063
66400.0 835.05862
66600.0 816.85389
66800.0 814.46287
67000.0 837.68652
67200.0 855.25423
67400.0 850.23184
67600.0 824.55346
67800.0 825.74284
68000.0 834.06083
68200.0 849.10804
68400.0 862.13566
68600.0 848.94442
68800.0 816.97136
69000.0 834.28134
69200.0 837.66543
69400.0 845.05879
69600.0 851.48897
69800.0 858.63729
70000.0 858.31421
70200.0 837.43152
70400.0 837.30849
70600.0 829.31687
70800.0 829.29628
71000.0 843.9458
71200.0 852.61407
71400.0 838.07795
71600.0 846.02578
71800.0 839.24056
72000.0 821.44136
72200.0 814.24233
72400.0 833.59451
72600.0 839.56765
72800.0 838.84298
73000.0 826.58283
73200.0 845.93502
73400.0 838.58268
73600.0 843.53822
73800.0 839.50755
74000.0 876.16883
74200.0 884.99951
74400.0 868.86437
74600.0 853.14585
74800.0 843.47681
75000.0 848.6335
75200.0 835.24059
75400.0 833.055
75600.0 836.50953
75800.0 857.94423
76000.0 833.19315
76200.0 845.85917
76400.0 848.33688
76600.0 824.70864
76800.0 807.79313
77000.0 823.63023
77200.0 824.28361
77400.0 833.21855
77600.0 819.23751
77800.0 836.7421
78000.0 848.55319
78200.0 849.54184
78400.0 836.51639
78600.0 850.60981
78800.0 812.97733
79000.0 823.40029
79200.0 841.34733
79400.0 870.23235
79600.0 849.02097
79800.0 846.72344
80000.0 849.8805
80200.0 865.95156
80400.0 852.98951
80600.0 850.25824
80800.0 842.06133
81000.0 837.81191
81200.0 834.83922
81400.0 828.572
81600.0 840.72097
81800.0 843.32243
82000.0 839.06592
82200.0 844.61579
82400.0 851.24685
82600.0 854.26177
82800.0 850.39976
83000.0 862.34979
83200.0 846.13009
83400.0 871.22383
83600.0 873.95105
83800.0 858.1641
84000.0 833.30607
84200.0 823.53448
84400.0 828.07516
84600.0 836.97212
84800.0 832.95105
85000.0 831.62698
85200.0 864.34127
85400.0 874.99554
85600.0 844.38675
85800.0 827.24464
86000.0 833.52601
86200.0 851.60893
86400.0 834.22025
86600.0 830.75058
86800.0 821.76589
87000.0 808.93839
87200.0 820.88478
87400.0 836.53254
87600.0 844.64014
87800.0 854.3447
88000.0 826.99485
88200.0 829.24765
88400.0 847.47053
88600.0 855.22948
88800.0 835.77784
89000.0 837.42151
89200.0 859.44541
89400.0 855.54742
89600.0 850.67041
89800.0 853.4111
90000.0 816.71168
90200.0 825.44477
90400.0 829.8364
90600.0 828.45698
90800.0 838.69714
91000.0 847.85834
91200.0 856.89614
91400.0 852.25788
91600.0 842.17165
91800.0 836.68093
92000.0 844.9219
92200.0 840.67994
92400.0 832.06387
92600.0 854.83995
92800.0 843.53335
93000.0 834.82076
93200.0 851.84358
93400.0 823.83358
93600.0 818.45128
93800.0 818.27973
94000.0 861.52622
94200.0 843.41816
94400.0 849.66254
94600.0 837.40215
94800.0 852.32234
95000.0 870.66937
95200.0 865.52912
95400.0 839.3632
95600.0 841.37072
95800.0 840.6156
96000.0 831.05803
96200.0 833.97819
96400.0 828.35154
96600.0 828.06731
96800.0 846.65917
97000.0 824.8028
97200.0 835.62815
97400.0 841.18853
97600.0 849.08402
97800.0 837.60931
98000.0 847.71179
98200.0 864.7759
98400.0 858.01174
98600.0 828.67925
98800.0 811.44765
99000.0 828.69368
99200.0 850.81745
99400.0 869.69553
99600.0 862.00112
99800.0 847.71854
100000.0 829.0703
