0.0 402.13794
200.0 404.0384
400.0 402.88986
600.0 412.84263
800.0 407.51614
1000.0 408.02284
1200.0 420.5853
1400.0 412.35648
1600.0 409.63474
1800.0 417.75683
2000.0 418.26048
2200.0 419.00518
2400.0 418.6759
2600.0 415.20494
2800.0 430.3449
3000.0 437.77783
3200.0 415.80282
3400.0 418.39767
3600.0 419.11316
3800.0 415.16889
4000.0 404.03424
4200.0 415.84935
4400.0 418.47197
4600.0 418.56762
4800.0 411.54428
5000.0 403.57927
5200.0 411.62393
5400.0 412.98705
5600.0 418.40349
5800.0 428.23157
6000.0 414.11003
6200.0 415.07901
6400.0 418.40764
6600.0 422.519
6800.0 414.11463
7000.0 434.46344
7200.0 399.80125
7400.0 413.86853
7600.0 419.38732
7800.0 412.84319
8000.0 404.24915
8200.0 413.53336
8400.0 419.4423
8600.0 396.32943
8800.0 426.18056
9000.0 430.37344
9200.0 415.96709
9400.0 413.03603
9600.0 420.83482
9800.0 417.95899
10000.0 415.65148
10200.0 406.34558
10400.0 407.56782
10600.0 415.93757
10800.0 401.48903
11000.0 410.14202
11200.0 400.39043
11400.0 414.71474
11600.0 418.60562
11800.0 407.1432
12000.0 418.28905
12200.0 423.07819
12400.0 420.14683
12600.0 408.03211
12800.0 412.57889
13000.0 421.42488
13200.0 418.65205
13400.0 412.00929
13600.0 404.11027
13800.0 408.22529
14000.0 405.26516
14200.0 408.31034
14400.0 413.68458
14600.0 408.08483
14800.0 413.50379
15000.0 413.11354
15200.0 425.22931
15400.0 416.89059
15600.0 424.37633
15800.0 415.12177
16000.0 415.71224
16200.0 415.2422
16400.0 408.14763
16600.0 411.01372
16800.0 409.68542
17000.0 408.29206
17200.0 409.66329
17400.0 416.49771
17600.0 427.76687
17800.0 420.41491
18000.0 413.87821
18200.0 431.12779
18400.0 417.95667
18600.0 417.43902
18800.0 417.29518
19000.0 422.59031
19200.0 403.35796
19400.0 414.54607
19600.0 418.91555
19800.0 413.11785
20000.0 402.74561
20200.0 406.98623
20400.0 409.99244
20600.0 420.89647
20800.0 417.8348
21000.0 415.0686
21200.0 407.97748
21400.0 422.49518
21600.0 420.93066
21800.0 413.68452
22000.0 416.53311
22200.0 419.69946
22400.0 412.51629
22600.0 401.95047
22800.0 413.06166
23000.0 410.59003
23200.0 414.47535
23400.0 402.0896
23600.0 422.109
23800.0 411.8995
24000.0 429.36312
24200.0 414.42628
24400.0 426.95078
24600.0 420.01628
24800.0 424.88854
25000.0 404.66903
25200.0 404.17648
25400.0 411.85971
25600.0 426.82551
25800.0 403.99929
26000.0 420.63398
26200.0 415.71887
26400.0 410.94594
26600.0 410.44553
26800.0 420.57217
27000.0 410.55
27200.0 413.49563
27400.0 426.7638
27600.0 431.72496
27800.0 417.34948
28000.0 418.56943
28200.0 409.91513
28400.0 412.58914
28600.0 418.72543
28800.0 415.25754
29000.0 410.55131
29200.0 410.39691
29400.0 406.69283
29600.0 408.79216
29800.0 419.37643
30000.0 409.31989
30200.0 423.15211
30400.0 417.63831
30600.0 429.667
30800.0 418.39753
31000.0 423.53485
31200.0 411.69421
31400.0 424.67428
31600.0 407.54778
31800.0 408.88444
32000.0 409.66984
32200.0 412.05043
32400.0 410.33685
32600.0 420.8327
32800.0 405.23247
33000.0 422.6396
33200.0 428.51983
33400.0 415.4156
33600.0 421.71419
33800.0 427.5071
34000.0 409.85994
34200.0 429.15344
34400.0 413.41033
34600.0 404.39101
34800.0 412.69288
35000.0 412.90885
35200.0 404.83749
35400.0 415.39373
35600.0 416.58628
35800.0 426.1833
36000.0 413.97236
36200.0 414.70891
36400.0 409.7514
36600.0 420.4613
36800.0 421.45209
37000.0 418.65052
37200.0 431.2376
37400.0 422.3417
37600.0 426.43591
37800.0 418.61357
38000.0 417.48003
38200.0 409.32145
38400.0 418.62454
38600.0 405.85751
38800.0 414.66354
39000.0 419.02404
39200.0 406.30424
39400.0 408.19581
39600.0 426.9373
39800.0 421.33321
40000.0 419.6007
40200.0 406.40596
40400.0 429.06799
40600.0 434.04013
40800.0 426.90073
41000.0 418.37392
41200.0 419.23241
41400.0 409.49866
41600.0 424.89547
41800.0 429.44718
42000.0 404.50019
42200.0 415.47645
42400.0 416.81406
42600.0 413.97048
42800.0 402.53051
43000.0 420.55908
43200.0 419.59899
43400.0 423.00565
43600.0 407.28503
43800.0 409.50614
44000.0 420.96169
44200.0 414.43538
44400.0 408.66456
44600.0 422.12847
44800.0 414.81864
45000.0 411.01017
45200.0 415.94843
45400.0 437.94223
45600.0 415.64452
45800.0 422.07641
46000.0 414.38172
46200.0 418.05955
46400.0 413.3028
46600.0 410.51378
46800.0 417.5063
47000.0 408.30849
47200.0 411.22906
47400.0 413.69209
47600.0 414.03161
47800.0 414.73157
48000.0 412.50717
48200.0 420.71654
48400.0 426.44403
48600.0 419.13385
48800.0 414.29779
49000.0 428.13741
49200.0 427.09024
49400.0 410.53336
49600.0 421.97808
49800.0 412.74886
50000.0 421.17963
50200.0 407.75305
50400.0 413.43768
50600.0 417.58414
50800.0 411.75781
51000.0 407.92343
51200.0 410.1588
51400.0 416.01819
51600.0 404.07117
51800.0 408.58376
52000.0 416.6909
52200.0 410.74415
52400.0 414.01316
52600.0 423.8702
52800.0 420.2905
53000.0 413.97057
53200.0 426.13677
53400.0 410.96854
53600.0 427.0168
53800.0 407.16218
54000.0 413.31755
54200.0 411.37058
54400.0 414.10781
54600.0 398.14488
54800.0 406.942
55000.0 421.25627
55200.0 419.05366
55400.0 404.22574
55600.0 410.96427
55800.0 413.84624
56000.0 427.49711
56200.0 409.16748
56400.0 414.19459
56600.0 413.5177
56800.0 420.09266
57000.0 414.65411
57200.0 411.54828
57400.0 424.77098
57600.0 412.44491
57800.0 419.2402
58000.0 414.41694
58200.0 414.71253
58400.0 410.97986
58600.0 408.0013
58800.0 422.21176
59000.0 415.39895
59200.0 410.36477
59400.0 410.22888
59600.0 430.68815
59800.0 415.49084
60000.0 399.72364
60200.0 404.98158
60400.0 415.12043
60600.0 397.48632
60800.0 401.62565
61000.0 417.05704
61200.0 415.82911
61400.0 408.65049
61600.0 413.07473
61800.0 421.15123
62000.0 418.28512
62200.0 413.86067
62400.0 412.82107
62600.0 421.98741
62800.0 418.60243
63000.0 407.22597
63200.0 412.6689
63400.0 411.62249
63600.0 410.74548
63800.0 403.85609
64000.0 404.03604
64200.0 405.95885
64400.0 414.13359
64600.0 399.77545
64800.0 416.47783
65000.0 415.95272
65200.0 410.69345
65400.0 404.15128
65600.0 420.45189
65800.0 425.13048
66000.0 418.83541
66200.0 424.90521
66400.0 410.01931
66600.0 409.57328
66800.0 416.31867
67000.0 416.33458
67200.0 399.46858
67400.0 404.6154
67600.0 409.64788
67800.0 403.67761
68000.0 396.64641
68200.0 413.24023
68400.0 407.47368
68600.0 407.23887
68800.0 410.68134
69000.0 405.72174
69200.0 420.35139
69400.0 414.35707
69600.0 414.14402
69800.0 424.41189
70000.0 417.79833
70200.0 424.41863
70400.0 410.14545
70600.0 417.83271
70800.0 403.29102
71000.0 409.96817
71200.0 412.45519
71400.0 398.91899
71600.0 418.3622
71800.0 417.02369
72000.0 403.05154
72200.0 408.3069
72400.0 416.88947
72600.0 417.85682
72800.0 414.03423
73000.0 419.18891
73200.0 422.09437
73400.0 417.19799
73600.0 409.90289
73800.0 410.16363
74000.0 418.28964
74200.0 416.36624
74400.0 410.91183
74600.0 408.60104
74800.0 402.58352
75000.0 410.62997
75200.0 413.36972
75400.0 414.73904
75600.0 411.28461
75800.0 408.81401
76000.0 422.97212
76200.0 426.37801
76400.0 420.37368
76600.0 417.37665
76800.0 417.96058
77000.0 414.1334
77200.0 413.15912
77400.0 416.45625
77600.0 412.82188
77800.0 404.16137
78000.0 418.90476
78200.0 409.25575
78400.0 403.08661
78600.0 395.52747
78800.0 401.96419
79000.0 407.43062
79200.0 417.29441
79400.0 393.28592
79600.0 410.31866
79800.0 415.93114
80000.0 416.59332
80200.0 414.4291
80400.0 415.053
80600.0 412.56172
80800.0 421.6011
81000.0 414.40179
81200.0 415.7686
81400.0 422.52034
81600.0 415.4271
81800.0 420.51354
82000.0 406.24994
82200.0 421.96715
82400.0 411.97674
82600.0 408.89914
82800.0 412.9805
83000.0 417.21864
83200.0 409.85038
83400.0 396.2907
83600.0 417.70162
83800.0 407.31608
84000.0 405.42306
84200.0 413.52521
84400.0 421.30691
84600.0 421.10687
84800.0 408.93813
85000.0 417.2915
85200.0 420.32002
85400.0 417.16019
85600.0 422.06165
85800.0 420.72846
86000.0 406.86013
86200.0 410.14544
86400.0 417.09292
86600.0 404.75804
86800.0 415.3659
87000.0 407.64584
87200.0 417.09657
87400.0 412.60647
87600.0 415.04471
87800.0 425.24604
88000.0 425.81147
88200.0 411.38003
88400.0 427.54218
88600.0 436.10061
88800.0 430.12263
89000.0 418.20515
89200.0 411.71102
89400.0 425.28578
89600.0 415.35977
89800.0 420.18012
90000.0 415.19825
90200.0 403.07333
90400.0 413.67548
90600.0 406.26742
90800.0 411.8555
91000.0 414.63611
91200.0 425.96818
91400.0 421.09863
91600.0 419.29242
91800.0 422.44464
92000.0 407.98471
92200.0 421.78764
92400.0 422.82623
92600.0 420.03615
92800.0 418.48084
93000.0 409.71727
93200.0 408.11927
93400.0 417.41243
93600.0 405.32343
93800.0 409.85343
94000.0 403.54451
94200.0 420.43197
94400.0 414.20833
94600.0 423.47623
94800.0 425.7973
95000.0 410.74778
95200.0 409.67721
95400.0 416.64375
95600.0 423.27811
95800.0 417.31641
96000.0 420.57011
96200.0 416.29731
96400.0 415.89099
96600.0 414.39011
96800.0 409.33501
97000.0 415.00523
97200.0 419.49197
97400.0 410.7289
97600.0 414.08201
97800.0 409.85894
98000.0 422.46854
98200.0 420.1619
98400.0 424.73943
98600.0 417.19367
98800.0 411.01493
99000.0 409.26479
99200.0 405.57282
99400.0 414.28664
99600.0 422.33769
99800.0 408.47563
100000.0 406.81637
