0.0 -9.7701281
200.0 -9.4793123
400.0 -10.72346
600.0 -10.636849
800.0 -11.103334
1000.0 -10.926114
1200.0 -9.8376111
1400.0 -10.292962
1600.0 -10.395711
1800.0 -9.7936924
2000.0 -9.4626764
2200.0 -9.1015126
2400.0 -8.830131
2600.0 -8.9899124
2800.0 -8.7755266
3000.0 -7.8989545
3200.0 -7.2679505
3400.0 -7.8357863
3600.0 -7.1529581
3800.0 -6.6933077
4000.0 -6.7762428
4200.0 -6.9965557
4400.0 -6.4399101
4600.0 -7.3866403
4800.0 -7.536408
5000.0 -6.9926472
5200.0 -7.6315464
5400.0 -7.7421757
5600.0 -6.9892099
5800.0 -6.7516614
6000.0 -7.0551934
6200.0 -6.8643905
6400.0 -6.2358749
6600.0 -6.4451833
6800.0 -7.0448094
7000.0 -7.4575801
7200.0 -7.1023673
7400.0 -7.5523193
7600.0 -8.3319791
7800.0 -7.476261
8000.0 -7.6557221
8200.0 -7.2782305
8400.0 -7.327994
8600.0 -7.3290436
8800.0 -6.1371241
9000.0 -7.8086169
9200.0 -7.6331552
9400.0 -6.1324077
9600.0 -7.9393873
9800.0 -7.9423998
10000.0 -7.5500446
10200.0 -7.1939882
10400.0 -7.4695115
10600.0 -6.7709461
10800.0 -5.7048941
11000.0 -6.7807481
11200.0 -6.0481786
11400.0 -5.8695338
11600.0 -5.9018064
11800.0 -5.55672
12000.0 -5.298749
12200.0 -5.4821412
12400.0 -5.3579885
12600.0 -4.6203692
12800.0 -5.6809009
13000.0 -5.8871329
13200.0 -6.0350931
13400.0 -6.0041931
13600.0 -6.2694498
13800.0 -6.8712921
14000.0 -4.7187521
14200.0 -7.1952705
14400.0 -7.7706123
14600.0 -8.0179446
14800.0 -8.252632
15000.0 -8.1695521
15200.0 -8.8476739
15400.0 -9.6280536
15600.0 -8.1347282
15800.0 -8.2538737
16000.0 -9.3313378
16200.0 -8.4353847
16400.0 -7.6272649
16600.0 -7.4920446
16800.0 -7.6869608
17000.0 -7.2125211
17200.0 -6.707618
17400.0 -7.4440203
17600.0 -7.1745238
17800.0 -6.9564727
18000.0 -8.0858264
18200.0 -8.5255659
18400.0 -7.4316557
18600.0 -8.128567
18800.0 -7.5822457
19000.0 -7.3726126
19200.0 -7.3009003
19400.0 -7.1602761
19600.0 -8.1596827
19800.0 -8.1994521
20000.0 -8.1518348
20200.0 -8.7786409
20400.0 -9.0513637
20600.0 -8.9619469
20800.0 -9.1758889
21000.0 -9.4939523
21200.0 -9.7630284
21400.0 -9.713764
21600.0 -9.8017747
21800.0 -9.9050438
22000.0 -10.504927
22200.0 -10.225082
22400.0 -9.9872679
22600.0 -10.229032
22800.0 -9.4508103
23000.0 -9.0245383
23200.0 -10.112251
23400.0 -9.0456655
23600.0 -8.8404297
23800.0 -9.6563618
24000.0 -9.1171769
24200.0 -8.7327279
24400.0 -8.8498283
24600.0 -8.3584764
24800.0 -8.2410985
25000.0 -8.4441829
25200.0 -8.8285811
25400.0 -8.1649585
25600.0 -9.4218342
25800.0 -7.2702531
26000.0 -8.7243702
26200.0 -8.9007011
26400.0 -8.587608
26600.0 -7.3777971
26800.0 -8.7424046
27000.0 -7.506039
27200.0 -8.3085661
27400.0 -8.3701954
27600.0 -8.935537
27800.0 -8.7773449
28000.0 -8.4859334
28200.0 -8.8385842
28400.0 -8.6838584
28600.0 -9.0648047
28800.0 -8.4912791
29000.0 -8.6927077
29200.0 -9.234426
29400.0 -9.1418434
29600.0 -9.1886982
29800.0 -8.6077298
30000.0 -9.1688963
30200.0 -9.2646419
30400.0 -7.9943619
30600.0 -9.3073734
30800.0 -7.8429127
31000.0 -8.2772618
31200.0 -8.3848218
31400.0 -8.2804195
31600.0 -7.5024272
31800.0 -7.7221954
32000.0 -8.3297665
32200.0 -7.7268938
32400.0 -8.2560097
32600.0 -8.6729118
32800.0 -8.8715477
33000.0 -8.6814353
33200.0 -8.7671666
33400.0 -9.1383933
33600.0 -9.4816127
33800.0 -9.1040445
34000.0 -9.5995777
34200.0 -10.103409
34400.0 -10.487519
34600.0 -10.699738
34800.0 -10.879571
35000.0 -11.002658
35200.0 -10.675728
35400.0 -11.21663
35600.0 -10.168281
35800.0 -10.118932
36000.0 -9.7539154
36200.0 -9.4368158
36400.0 -8.1725563
36600.0 -8.6894888
36800.0 -8.3394862
37000.0 -8.2546977
37200.0 -8.2263984
37400.0 -8.4014652
37600.0 -8.6508086
37800.0 -8.9874668
38000.0 -8.2991619
38200.0 -6.2139064
38400.0 -8.3425958
38600.0 -7.9359821
38800.0 -7.9427295
39000.0 -6.71981
39200.0 -8.407444
39400.0 -8.6202796
39600.0 -8.5832253
39800.0 -8.5589524
40000.0 -9.0032005
40200.0 -9.0949664
40400.0 -6.7211089
40600.0 -8.4873044
40800.0 -8.3570375
41000.0 -8.4930401
41200.0 -7.9003127
41400.0 -8.3709959
41600.0 -8.4505698
41800.0 -8.0020567
42000.0 -8.1522895
42200.0 -8.6763067
42400.0 -9.4799335
42600.0 -8.6520206
42800.0 -10.024494
43000.0 -10.695789
43200.0 -9.760224
43400.0 -7.9991805
43600.0 -9.4524678
43800.0 -7.9682989
44000.0 -8.4941061
44200.0 -7.7067417
44400.0 -7.8295595
44600.0 -8.6465864
44800.0 -8.5842431
45000.0 -8.8426689
45200.0 -9.3095541
45400.0 -8.7619848
45600.0 -8.5132099
45800.0 -9.3163549
46000.0 -8.3234176
46200.0 -9.8077571
46400.0 -7.3553426
46600.0 -9.2091617
46800.0 -10.208502
47000.0 -9.1064001
47200.0 -9.5521794
47400.0 -9.1525488
47600.0 -8.7253051
47800.0 -8.6545988
48000.0 -7.7612256
48200.0 -6.6110332
48400.0 -7.4532017
48600.0 -6.9492534
48800.0 -6.7595989
49000.0 -6.4666769
49200.0 -6.2871782
49400.0 -6.3585463
49600.0 -6.9518742
49800.0 -6.5857507
50000.0 -7.3293582
50200.0 -7.5751336
50400.0 -8.443662
50600.0 -8.8793338
50800.0 -8.1105814
51000.0 -9.8425017
51200.0 -9.0466421
51400.0 -9.76019
51600.0 -9.0866644
51800.0 -7.6562476
52000.0 -10.225356
52200.0 -10.223941
52400.0 -10.54408
52600.0 -10.548731
52800.0 -10.748714
53000.0 -10.316164
53200.0 -11.018397
53400.0 -9.9581529
53600.0 -10.331771
53800.0 -7.2370749
54000.0 -9.0217447
54200.0 -8.1524875
54400.0 -8.7366496
54600.0 -8.3573322
54800.0 -7.9942809
55000.0 -9.5711285
55200.0 -8.9862549
55400.0 -8.5559914
55600.0 -8.4123649
55800.0 -9.1298706
56000.0 -7.527228
56200.0 -8.4778366
56400.0 -7.6591466
56600.0 -7.5826837
56800.0 -7.278
57000.0 -7.2549626
57200.0 -7.7513048
57400.0 -6.3117044
57600.0 -8.06636
57800.0 -8.3847653
58000.0 -9.2689199
58200.0 -8.2615127
58400.0 -9.8777011
58600.0 -9.3044129
58800.0 -8.4382097
59000.0 -9.0851167
59200.0 -9.3704395
59400.0 -10.154408
59600.0 -9.4760635
59800.0 -8.486364
60000.0 -8.9498474
60200.0 -9.2193566
60400.0 -9.0566719
60600.0 -8.6906598
60800.0 -6.4898059
61000.0 -8.2629622
61200.0 -8.0260086
61400.0 -8.2484989
61600.0 -8.6543581
61800.0 -6.5218384
62000.0 -9.0748346
62200.0 -8.6921467
62400.0 -8.2893473
62600.0 -7.2598185
62800.0 -8.1096803
63000.0 -9.0840364
63200.0 -9.0891711
63400.0 -6.7146264
63600.0 -8.2008713
63800.0 -7.985702
64000.0 -8.359243
64200.0 -8.2424548
64400.0 -8.9824361
64600.0 -8.6324675
64800.0 -7.9992191
65000.0 -9.4249058
65200.0 -9.8872955
65400.0 -7.5810915
65600.0 -9.0642093
65800.0 -8.9441668
66000.0 -9.0634626
66200.0 -7.9185733
66400.0 -7.9313059
66600.0 -8.6370261
66800.0 -8.616585
67000.0 -8.1819507
67200.0 -9.4627285
67400.0 -9.7283586
67600.0 -9.1191688
67800.0 -9.5796774
68000.0 -10.090432
68200.0 -8.808651
68400.0 -9.5229469
68600.0 -9.0255563
68800.0 -9.316309
69000.0 -8.7636783
69200.0 -9.6701223
69400.0 -9.2616042
69600.0 -9.1729221
69800.0 -10.166876
70000.0 -9.0503293
70200.0 -8.8085037
70400.0 -8.8434714
70600.0 -7.7839067
70800.0 -8.9740502
71000.0 -8.8760562
71200.0 -8.1690375
71400.0 -8.7690312
71600.0 -8.122475
71800.0 -8.758479
72000.0 -7.6011951
72200.0 -8.2161215
72400.0 -8.8421408
72600.0 -7.1491091
72800.0 -8.2057517
73000.0 -8.4337463
73200.0 -8.2598685
73400.0 -8.7005465
73600.0 -8.7069648
73800.0 -7.7650371
74000.0 -8.6141506
74200.0 -8.8355578
74400.0 -7.9540159
74600.0 -6.8937157
74800.0 -8.5545963
75000.0 -8.1753618
75200.0 -5.3363171
75400.0 -8.1764775
75600.0 -6.5496935
75800.0 -8.3824589
76000.0 -7.2881937
76200.0 -7.7253148
76400.0 -7.5488865
76600.0 -7.3688162
76800.0 -7.1999693
77000.0 -7.5840922
77200.0 -7.9873048
77400.0 -7.38463
77600.0 -6.9237114
77800.0 -7.6845699
78000.0 -7.6728438
78200.0 -8.303308
78400.0 -7.6160129
78600.0 -6.1504204
78800.0 -7.7190963
79000.0 -7.9304923
79200.0 -7.0067489
79400.0 -7.0312662
79600.0 -7.7880493
79800.0 -6.679117
80000.0 -7.7109185
80200.0 -6.588365
80400.0 -6.8901554
80600.0 -7.5315993
80800.0 -7.3873381
81000.0 -7.4063093
81200.0 -8.0285431
81400.0 -7.6483464
81600.0 -7.7929353
81800.0 -8.3773916
82000.0 -8.7649586
82200.0 -7.2975633
82400.0 -9.0133631
82600.0 -8.9580146
82800.0 -9.590181
83000.0 -8.6050959
83200.0 -10.308473
83400.0 -10.114827
83600.0 -9.9290356
83800.0 -9.5056062
84000.0 -9.0429365
84200.0 -8.9903631
84400.0 -8.0795335
84600.0 -8.2422891
84800.0 -8.5942776
85000.0 -7.7809151
85200.0 -7.5789198
85400.0 -6.5610202
85600.0 -7.6563111
85800.0 -6.7190577
86000.0 -6.1099101
86200.0 -6.6855299
86400.0 -6.9548747
86600.0 -7.1654188
86800.0 -7.5396978
87000.0 -7.5309918
87200.0 -7.4019123
87400.0 -8.586412
87600.0 -8.3939385
87800.0 -9.1271691
88000.0 -9.1683506
88200.0 -9.182571
88400.0 -9.4392369
88600.0 -8.7788527
88800.0 -8.8623028
89000.0 -8.7044363
89200.0 -8.1754691
89400.0 -7.5127681
89600.0 -7.9946879
89800.0 -7.192796
90000.0 -7.2558771
90200.0 -7.2560437
90400.0 -7.0574303
90600.0 -6.8113196
90800.0 -7.4881656
91000.0 -6.9667717
91200.0 -7.9931204
91400.0 -7.5647991
91600.0 -7.3169197
91800.0 -8.4047231
92000.0 -8.3514556
92200.0 -7.8486582
92400.0 -7.8037034
92600.0 -7.9922105
92800.0 -8.1146483
93000.0 -8.1209267
93200.0 -7.5808922
93400.0 -8.1789513
93600.0 -7.9488522
93800.0 -7.237416
94000.0 -7.4960681
94200.0 -8.066532
94400.0 -7.7020149
94600.0 -7.7700798
94800.0 -8.1019284
95000.0 -6.7395096
95200.0 -7.7075727
95400.0 -8.0771185
95600.0 -8.2966991
95800.0 -7.8442498
96000.0 -7.510885
96200.0 -8.3591296
96400.0 -7.6295647
96600.0 -6.7614338
96800.0 -6.7137639
97000.0 -6.6237768
97200.0 -6.892119
97400.0 -6.9179113
97600.0 -7.1198122
97800.0 -7.8735639
98000.0 -7.3718683
98200.0 -8.4374549
98400.0 -8.6367494
98600.0 -8.6171558
98800.0 -8.7045202
99000.0 -8.8462544
99200.0 -9.1940739
99400.0 -9.4661691
99600.0 -10.283365
99800.0 -10.017727
100000.0 -10.499073
