0.0 119.1093
200.0 117.88537
400.0 116.88645
600.0 119.87747
800.0 119.55674
1000.0 120.07244
1200.0 117.29908
1400.0 118.84621
1600.0 120.54711
1800.0 119.08135
2000.0 117.43968
2200.0 116.50272
2400.0 116.64984
2600.0 115.26156
2800.0 115.95351
3000.0 118.28855
3200.0 120.99853
3400.0 118.80719
3600.0 118.77595
3800.0 117.75672
4000.0 120.16669
4200.0 119.44102
4400.0 122.20894
4600.0 117.57714
4800.0 116.54263
5000.0 118.64164
5200.0 118.63114
5400.0 117.67774
5600.0 120.62393
5800.0 125.02421
6000.0 120.03966
6200.0 119.19041
6400.0 122.64933
6600.0 118.18683
6800.0 117.74921
7000.0 119.49556
7200.0 118.7926
7400.0 122.41977
7600.0 121.30261
7800.0 115.36863
8000.0 118.1805
8200.0 117.86795
8400.0 116.68506
8600.0 119.48796
8800.0 119.79368
9000.0 119.90139
9200.0 121.97385
9400.0 120.79914
9600.0 121.83291
9800.0 124.90646
10000.0 121.77067
10200.0 118.525
10400.0 121.92483
10600.0 118.5648
10800.0 117.81294
11000.0 120.05716
11200.0 114.54532
11400.0 118.61172
11600.0 122.77883
11800.0 117.92713
12000.0 116.21829
12200.0 121.52209
12400.0 121.97236
12600.0 119.17818
12800.0 116.81317
13000.0 116.54972
13200.0 119.57889
13400.0 121.81512
13600.0 117.29741
13800.0 112.77532
14000.0 115.80344
14200.0 118.70088
14400.0 118.63719
14600.0 118.03754
14800.0 114.26223
15000.0 117.44158
15200.0 117.4505
15400.0 118.8093
15600.0 121.40485
15800.0 118.18269
16000.0 116.46681
16200.0 119.66084
16400.0 117.73616
16600.0 119.59533
16800.0 121.07527
17000.0 121.82603
17200.0 120.21402
17400.0 118.57808
17600.0 119.38737
17800.0 124.0742
18000.0 120.85493
18200.0 119.32116
18400.0 119.74973
18600.0 119.98111
18800.0 116.30421
19000.0 118.75161
19200.0 119.04638
19400.0 117.70886
19600.0 117.62181
19800.0 117.6653
20000.0 120.08671
20200.0 118.66712
20400.0 119.95099
20600.0 120.98257
20800.0 124.53748
21000.0 120.26985
21200.0 118.14957
21400.0 121.28534
21600.0 120.23025
21800.0 119.67732
22000.0 117.63961
22200.0 112.92792
22400.0 116.29874
22600.0 119.17234
22800.0 117.83585
23000.0 121.02324
23200.0 121.70023
23400.0 117.5975
23600.0 117.7016
23800.0 120.02066
24000.0 118.41192
24200.0 121.19784
24400.0 122.51235
24600.0 121.17436
24800.0 119.46064
25000.0 117.51362
25200.0 120.26591
25400.0 125.51295
25600.0 123.86622
25800.0 118.61394
26000.0 117.79687
26200.0 119.69694
26400.0 120.20606
26600.0 123.50027
26800.0 122.82867
27000.0 119.10511
27200.0 117.78507
27400.0 119.75344
27600.0 117.93402
27800.0 117.05916
28000.0 117.343
28200.0 120.09798
28400.0 122.04645
28600.0 122.64108
28800.0 119.18681
29000.0 120.66442
29200.0 117.71895
29400.0 117.2151
29600.0 119.55029
29800.0 116.48456
30000.0 112.9661
30200.0 119.06149
30400.0 117.73555
30600.0 116.79821
30800.0 119.46159
31000.0 117.71696
31200.0 116.38575
31400.0 120.57972
31600.0 118.85081
31800.0 120.90008
32000.0 119.70768
32200.0 117.50765
32400.0 123.54142
32600.0 117.63057
32800.0 114.54035
33000.0 118.41874
33200.0 116.48218
33400.0 119.5694
33600.0 119.1255
33800.0 114.71942
34000.0 115.59065
34200.0 119.77154
34400.0 115.32174
34600.0 118.69148
34800.0 122.79706
35000.0 117.90498
35200.0 119.48164
35400.0 117.36798
35600.0 118.01768
35800.0 121.06017
36000.0 122.96135
36200.0 121.18813
36400.0 115.34713
36600.0 121.59268
36800.0 120.02656
37000.0 117.88504
37200.0 118.23586
37400.0 119.28925
37600.0 118.69011
37800.0 116.88138
38000.0 115.90713
38200.0 115.90272
38400.0 118.6623
38600.0 120.03824
38800.0 118.40441
39000.0 117.77569
39200.0 116.88123
39400.0 118.58562
39600.0 120.97345
39800.0 120.19459
40000.0 119.03003
40200.0 119.26089
40400.0 120.73804
40600.0 123.29814
40800.0 120.44853
41000.0 119.99805
41200.0 119.39663
41400.0 114.96364
41600.0 119.46194
41800.0 121.41654
42000.0 120.10048
42200.0 117.71824
42400.0 116.38649
42600.0 119.07654
42800.0 120.16777
43000.0 116.83714
43200.0 117.14257
43400.0 119.08513
43600.0 115.99171
43800.0 117.31561
44000.0 114.64315
44200.0 115.4567
44400.0 119.0071
44600.0 121.10134
44800.0 117.01751
45000.0 115.08236
45200.0 117.3786
45400.0 117.69492
45600.0 122.62501
45800.0 122.96115
46000.0 120.59705
46200.0 118.63616
46400.0 119.03471
46600.0 117.66193
46800.0 120.52382
47000.0 118.56922
47200.0 116.83613
47400.0 118.25923
47600.0 115.31395
47800.0 118.64891
48000.0 120.38271
48200.0 119.81969
48400.0 120.28118
48600.0 121.00628
48800.0 118.90306
49000.0 120.20397
49200.0 124.0754
49400.0 112.54319
49600.0 116.73289
49800.0 119.25678
50000.0 119.35069
50200.0 119.07012
50400.0 117.14576
50600.0 117.92439
50800.0 119.08575
51000.0 122.37919
51200.0 121.42482
51400.0 121.23965
51600.0 121.68118
51800.0 119.21528
52000.0 120.57284
52200.0 119.10642
52400.0 118.31447
52600.0 115.40439
52800.0 115.84467
53000.0 117.86708
53200.0 118.40361
53400.0 119.22533
53600.0 118.79671
53800.0 119.30691
54000.0 121.87241
54200.0 118.87511
54400.0 121.03965
54600.0 122.48041
54800.0 115.79851
55000.0 117.7028
55200.0 117.12081
55400.0 118.89441
55600.0 117.24545
55800.0 118.41079
56000.0 119.91104
56200.0 119.94171
56400.0 116.1858
56600.0 115.96496
56800.0 120.65378
57000.0 119.5577
57200.0 117.4881
57400.0 121.09061
57600.0 119.46663
57800.0 117.30903
58000.0 121.79195
58200.0 124.04157
58400.0 119.62669
58600.0 117.38865
58800.0 116.06663
59000.0 118.32015
59200.0 120.70643
59400.0 118.61282
59600.0 114.90934
59800.0 118.01791
60000.0 121.58297
60200.0 120.36928
60400.0 123.30196
60600.0 120.25411
60800.0 120.14251
61000.0 118.43027
61200.0 118.9949
61400.0 116.00371
61600.0 116.49388
61800.0 120.66729
62000.0 120.15871
62200.0 118.76544
62400.0 118.18062
62600.0 114.03704
62800.0 119.09127
63000.0 119.29046
63200.0 121.37207
63400.0 119.49371
63600.0 118.48448
63800.0 120.56941
64000.0 122.21584
64200.0 122.59208
64400.0 117.71757
64600.0 116.01523
64800.0 118.37232
65000.0 119.6013
65200.0 118.98179
65400.0 117.60689
65600.0 118.66905
65800.0 118.78441
66000.0 118.94026
66200.0 117.16106
66400.0 117.53609
66600.0 122.09659
66800.0 122.37761
67000.0 120.29296
67200.0 119.78316
67400.0 116.42709
67600.0 116.19778
67800.0 122.94656
68000.0 120.87119
68200.0 118.0414
68400.0 117.76908
68600.0 115.68964
68800.0 116.06948
69000.0 121.78251
69200.0 116.95069
69400.0 118.21382
69600.0 118.93247
69800.0 116.41336
70000.0 117.65306
70200.0 116.37067
70400.0 114.15234
70600.0 114.50846
70800.0 116.9399
71000.0 120.47999
71200.0 116.96609
71400.0 116.01103
71600.0 121.45494
71800.0 118.18396
72000.0 122.41287
72200.0 119.43675
72400.0 118.31349
72600.0 120.71483
72800.0 117.33301
73000.0 117.19385
73200.0 117.65121
73400.0 116.24446
73600.0 118.68083
73800.0 117.98504
74000.0 116.61978
74200.0 114.3261
74400.0 117.88425
74600.0 120.44652
74800.0 122.33056
75000.0 119.33637
75200.0 115.53693
75400.0 119.37909
75600.0 119.07057
75800.0 119.46397
76000.0 120.46595
76200.0 120.17494
76400.0 119.03172
76600.0 124.5645
76800.0 122.24384
77000.0 116.59873
77200.0 118.15654
77400.0 119.38289
77600.0 117.37457
77800.0 119.20361
78000.0 114.6049
78200.0 114.98049
78400.0 119.38966
78600.0 124.06838
78800.0 120.33266
79000.0 117.60934
79200.0 120.77275
79400.0 120.58406
79600.0 118.091
79800.0 117.75598
80000.0 117.04152
80200.0 117.45622
80400.0 120.17637
80600.0 119.50771
80800.0 116.97175
81000.0 118.05257
81200.0 117.83163
81400.0 115.61579
81600.0 118.84124
81800.0 119.99859
82000.0 118.34797
82200.0 117.61434
82400.0 119.56989
82600.0 115.46078
82800.0 119.18072
83000.0 121.61851
83200.0 118.63686
83400.0 120.02531
83600.0 120.32839
83800.0 118.31094
84000.0 119.65205
84200.0 120.4333
84400.0 119.22278
84600.0 121.48968
84800.0 118.74754
85000.0 114.94978
85200.0 116.57376
85400.0 118.52629
85600.0 119.93824
85800.0 119.56641
86000.0 116.43601
86200.0 118.06447
86400.0 121.12531
86600.0 119.88463
86800.0 117.75664
87000.0 118.8155
87200.0 120.99403
87400.0 117.59857
87600.0 122.38858
87800.0 117.65715
88000.0 116.89198
88200.0 122.08815
88400.0 123.75223
88600.0 119.36614
88800.0 117.12389
89000.0 118.36506
89200.0 117.60223
89400.0 120.43146
89600.0 119.94372
89800.0 113.52448
90000.0 118.18894
90200.0 123.1265
90400.0 119.43364
90600.0 122.06911
90800.0 122.60956
91000.0 115.20415
91200.0 115.08773
91400.0 115.03493
91600.0 116.1581
91800.0 120.27418
92000.0 120.81974
92200.0 121.22154
92400.0 116.20956
92600.0 117.74802
92800.0 119.31347
93000.0 118.88004
93200.0 120.32905
93400.0 118.9995
93600.0 119.73477
93800.0 119.42234
94000.0 123.45373
94200.0 120.7816
94400.0 119.30761
94600.0 117.63205
94800.0 117.62637
95000.0 119.04381
95200.0 116.70911
95400.0 122.82005
95600.0 118.35327
95800.0 116.31598
96000.0 116.98161
96200.0 120.27499
96400.0 117.9477
96600.0 115.60377
96800.0 120.37756
97000.0 118.96287
97200.0 117.02272
97400.0 118.00127
97600.0 119.7239
97800.0 120.46192
98000.0 118.08168
98200.0 116.77607
98400.0 118.65129
98600.0 120.72419
98800.0 120.5752
99000.0 118.95306
99200.0 119.63992
99400.0 119.50286
99600.0 117.43876
99800.0 117.10225
100000.0 116.87383
