0.0 46.292813
200.0 44.515713
400.0 44.256162
600.0 44.322528
800.0 46.504765
1000.0 45.71772
1200.0 45.786531
1400.0 46.023276
1600.0 46.245535
1800.0 45.969101
2000.0 46.357786
2200.0 46.332087
2400.0 46.362132
2600.0 46.353371
2800.0 46.850195
3000.0 45.366874
3200.0 45.285203
3400.0 43.985207
3600.0 46.595063
3800.0 45.226772
4000.0 45.665441
4200.0 46.061981
4400.0 45.807786
4600.0 46.923801
4800.0 46.300486
5000.0 47.12525
5200.0 46.126279
5400.0 46.790939
5600.0 46.804006
5800.0 46.048872
6000.0 46.852197
6200.0 45.412629
6400.0 45.413894
6600.0 46.16314
6800.0 44.536023
7000.0 46.05416
7200.0 46.487032
7400.0 45.37005
7600.0 46.275311
7800.0 46.77612
8000.0 46.656086
8200.0 48.408369
8400.0 46.865251
8600.0 46.768453
8800.0 46.547634
9000.0 46.983757
9200.0 45.585136
9400.0 46.418325
9600.0 45.694139
9800.0 46.298149
10000.0 44.359218
10200.0 45.952407
10400.0 45.634299
10600.0 46.902998
10800.0 47.562125
11000.0 45.942325
11200.0 47.621067
11400.0 46.078103
11600.0 48.411187
11800.0 47.861336
12000.0 46.603278
12200.0 46.988457
12400.0 46.739746
12600.0 46.354592
12800.0 45.074251
13000.0 46.758328
13200.0 46.39623
13400.0 46.038951
13600.0 45.963729
13800.0 45.383781
14000.0 45.751164
14200.0 44.666858
14400.0 45.766187
14600.0 45.203747
14800.0 45.054579
15000.0 46.351451
15200.0 45.73028
15400.0 46.585815
15600.0 46.944173
15800.0 45.996393
16000.0 46.359072
16200.0 46.64134
16400.0 47.179203
16600.0 45.937909
16800.0 45.84493
17000.0 44.715877
17200.0 45.522435
17400.0 45.25023
17600.0 46.948059
17800.0 44.688901
18000.0 46.081138
18200.0 45.826629
18400.0 46.455754
18600.0 46.662299
18800.0 46.740207
19000.0 45.875854
19200.0 48.305074
19400.0 47.709912
19600.0 47.598026
19800.0 47.175323
20000.0 47.849995
20200.0 47.125431
20400.0 46.189257
20600.0 46.503623
20800.0 46.24938
21000.0 46.230746
21200.0 45.36698
21400.0 45.343876
21600.0 45.994795
21800.0 46.46842
22000.0 45.27094
22200.0 45.48688
22400.0 45.681758
22600.0 44.877997
22800.0 45.310998
23000.0 46.605309
23200.0 46.024459
23400.0 46.028481
23600.0 46.434526
23800.0 46.989805
24000.0 47.657824
24200.0 45.582007
24400.0 46.730813
24600.0 46.132261
24800.0 45.606256
25000.0 46.142848
25200.0 44.33671
25400.0 45.28207
25600.0 46.918849
25800.0 45.669094
26000.0 45.695758
26200.0 45.425875
26400.0 46.191326
26600.0 46.4102
26800.0 46.998841
27000.0 46.618344
27200.0 47.208705
27400.0 46.928061
27600.0 46.698092
27800.0 45.031323
28000.0 46.151881
28200.0 45.726937
28400.0 45.053964
28600.0 45.045534
28800.0 45.584608
29000.0 46.13375
29200.0 46.769026
29400.0 46.542909
29600.0 44.858439
29800.0 47.998541
30000.0 46.766305
30200.0 46.198072
30400.0 45.7695
30600.0 45.493921
30800.0 46.633966
31000.0 44.332801
31200.0 45.279511
31400.0 44.983376
31600.0 45.255401
31800.0 46.513411
32000.0 45.508428
32200.0 46.094042
32400.0 45.811227
32600.0 46.714457
32800.0 46.295329
33000.0 46.137868
33200.0 46.37038
33400.0 46.270618
33600.0 46.111794
33800.0 45.219846
34000.0 44.587541
34200.0 44.510193
34400.0 44.844219
34600.0 46.043473
34800.0 44.521583
35000.0 45.699062
35200.0 46.507491
35400.0 46.314058
35600.0 45.813941
35800.0 45.957281
36000.0 46.396028
36200.0 46.156926
36400.0 46.680811
36600.0 45.644965
36800.0 46.410077
37000.0 45.666454
37200.0 46.062417
37400.0 45.248827
37600.0 44.361722
37800.0 45.760029
38000.0 45.249429
38200.0 46.19438
38400.0 45.601011
38600.0 47.122403
38800.0 44.785704
39000.0 47.731545
39200.0 45.123645
39400.0 47.559519
39600.0 46.436957
39800.0 45.81247
40000.0 47.244439
40200.0 45.817982
40400.0 45.919982
40600.0 45.141067
40800.0 46.177129
41000.0 46.03387
41200.0 46.023055
41400.0 45.887139
41600.0 44.833675
41800.0 43.990736
42000.0 45.799619
42200.0 45.198917
42400.0 44.517385
42600.0 45.926379
42800.0 46.595033
43000.0 45.3926
43200.0 46.629444
43400.0 45.385622
43600.0 47.320085
43800.0 47.049272
44000.0 46.000249
44200.0 45.530928
44400.0 46.416323
44600.0 45.487705
44800.0 45.468575
45000.0 44.733547
45200.0 43.948749
45400.0 44.676712
45600.0 45.087389
45800.0 44.94862
46000.0 45.676356
46200.0 45.530091
46400.0 46.504887
46600.0 45.733266
46800.0 45.733451
47000.0 45.958201
47200.0 46.777851
47400.0 46.942984
47600.0 46.044652
47800.0 46.430208
48000.0 45.672803
48200.0 46.04118
48400.0 45.599062
48600.0 43.482566
48800.0 45.378043
49000.0 46.868962
49200.0 44.512449
49400.0 46.175519
49600.0 46.871623
49800.0 45.416052
50000.0 45.626546
50200.0 47.53017
50400.0 45.165647
50600.0 47.734925
50800.0 45.872247
51000.0 44.334524
51200.0 45.976992
51400.0 44.885036
51600.0 45.04387
51800.0 44.83179
52000.0 46.198721
52200.0 44.810087
52400.0 45.167799
52600.0 45.176346
52800.0 48.275515
53000.0 45.867231
53200.0 45.467288
53400.0 46.796401
53600.0 45.434662
53800.0 44.644253
54000.0 47.551279
54200.0 45.829241
54400.0 46.34943
54600.0 45.781644
54800.0 45.603208
55000.0 45.989635
55200.0 45.281703
55400.0 47.138083
55600.0 45.776225
55800.0 45.272734
56000.0 46.435697
56200.0 47.012642
56400.0 45.619225
56600.0 46.293962
56800.0 44.393874
57000.0 46.252973
57200.0 46.238641
57400.0 45.701884
57600.0 46.971595
57800.0 45.703269
58000.0 46.770801
58200.0 46.136393
58400.0 46.721392
58600.0 45.309696
58800.0 46.160754
59000.0 46.060857
59200.0 46.170968
59400.0 45.33154
59600.0 45.544497
59800.0 45.520228
60000.0 45.331549
60200.0 44.127961
60400.0 45.265753
60600.0 47.48889
60800.0 44.713633
61000.0 46.090647
61200.0 45.8036
61400.0 47.836235
61600.0 45.662003
61800.0 46.778637
62000.0 46.57615
62200.0 46.096616
62400.0 45.522561
62600.0 44.953188
62800.0 46.491389
63000.0 46.304976
63200.0 44.850016
63400.0 45.353779
63600.0 45.615958
63800.0 48.087878
64000.0 47.515205
64200.0 45.341205
64400.0 47.715073
64600.0 47.145683
64800.0 46.585344
65000.0 45.255553
65200.0 45.628465
65400.0 46.297323
65600.0 45.786761
65800.0 45.866918
66000.0 44.909162
66200.0 46.491752
66400.0 45.16982
66600.0 45.802758
66800.0 46.703533
67000.0 48.102531
67200.0 45.64235
67400.0 46.009972
67600.0 47.128085
67800.0 46.574074
68000.0 46.201914
68200.0 46.444852
68400.0 44.55914
68600.0 46.308184
68800.0 45.638898
69000.0 44.380724
69200.0 46.08399
69400.0 45.555808
69600.0 46.734709
69800.0 45.803166
70000.0 45.315619
70200.0 46.407138
70400.0 47.284867
70600.0 46.982813
70800.0 46.99054
71000.0 47.984756
71200.0 47.708818
71400.0 47.733157
71600.0 47.307192
71800.0 46.762947
72000.0 46.315397
72200.0 47.181154
72400.0 46.989588
72600.0 45.066652
72800.0 46.575335
73000.0 45.63644
73200.0 45.377462
73400.0 46.653551
73600.0 44.048369
73800.0 45.81243
74000.0 46.514857
74200.0 45.184065
74400.0 46.185048
74600.0 46.65651
74800.0 46.152204
75000.0 47.292991
75200.0 47.871308
75400.0 45.623383
75600.0 46.84978
75800.0 44.962237
76000.0 46.182241
76200.0 46.063919
76400.0 45.695299
76600.0 45.87249
76800.0 46.349331
77000.0 45.631929
77200.0 45.908941
77400.0 44.875925
77600.0 47.025089
77800.0 46.21496
78000.0 45.708615
78200.0 45.444457
78400.0 47.361621
78600.0 46.100035
78800.0 46.027872
79000.0 46.009518
79200.0 47.23329
79400.0 46.819461
79600.0 45.561265
79800.0 45.939268
80000.0 45.705263
80200.0 45.765462
80400.0 44.986607
80600.0 45.111802
80800.0 45.568164
81000.0 45.980762
81200.0 45.174867
81400.0 45.717557
81600.0 45.561764
81800.0 46.891058
82000.0 46.546504
82200.0 46.513887
82400.0 45.012321
82600.0 46.213531
82800.0 45.332825
83000.0 46.1854
83200.0 45.953288
83400.0 46.583785
83600.0 45.954153
83800.0 46.76596
84000.0 45.833757
84200.0 48.300276
84400.0 46.791092
84600.0 45.830312
84800.0 46.191391
85000.0 46.326897
85200.0 46.086748
85400.0 44.791395
85600.0 45.313711
85800.0 45.813096
86000.0 45.719293
86200.0 44.993247
86400.0 46.15672
86600.0 47.070663
86800.0 45.300838
87000.0 46.333366
87200.0 45.933841
87400.0 46.317038
87600.0 46.182311
87800.0 45.116507
88000.0 46.41743
88200.0 46.307353
88400.0 45.635864
88600.0 46.01706
88800.0 45.600706
89000.0 45.889008
89200.0 46.220006
89400.0 46.585523
89600.0 46.847599
89800.0 46.553017
90000.0 47.792322
90200.0 47.394023
90400.0 46.35219
90600.0 45.806244
90800.0 46.422283
91000.0 46.022477
91200.0 45.900294
91400.0 45.12937
91600.0 45.764399
91800.0 46.296532
92000.0 45.257815
92200.0 46.370663
92400.0 46.852938
92600.0 46.544852
92800.0 47.337907
93000.0 48.25992
93200.0 46.568036
93400.0 46.393487
93600.0 47.079808
93800.0 46.459874
94000.0 46.255797
94200.0 46.444821
94400.0 45.872183
94600.0 45.340009
94800.0 45.723853
95000.0 45.958895
95200.0 45.100053
95400.0 44.605421
95600.0 46.967076
95800.0 46.676491
96000.0 47.245795
96200.0 45.235241
96400.0 48.304831
96600.0 46.944232
96800.0 45.782856
97000.0 45.493919
97200.0 47.12703
97400.0 45.342772
97600.0 46.180039
97800.0 45.401148
98000.0 47.145226
98200.0 45.43631
98400.0 45.718305
98600.0 45.61471
98800.0 45.912245
99000.0 46.04085
99200.0 47.205982
99400.0 45.754078
99600.0 47.19855
99800.0 45.907281
100000.0 47.5532
