0.0 396.62984
200.0 396.85756
400.0 397.51859
600.0 399.0067
800.0 401.39977
1000.0 404.05165
1200.0 406.10584
1400.0 407.25067
1600.0 407.53896
1800.0 407.04066
2000.0 405.8993
2200.0 404.34016
2400.0 402.63512
2600.0 401.06038
2800.0 399.71914
3000.0 398.67057
3200.0 398.03296
3400.0 397.7635
3600.0 397.81122
3800.0 398.0675
4000.0 398.456
4200.0 398.81409
4400.0 399.1861
4600.0 399.64237
4800.0 400.38191
5000.0 401.63698
5200.0 403.38922
5400.0 405.3747
5600.0 407.0649
5800.0 407.80837
6000.0 407.05259
6200.0 404.54543
6400.0 401.204
6600.0 398.84459
6800.0 398.02857
7000.0 398.33776
7200.0 399.16508
7400.0 400.01278
7600.0 400.63227
7800.0 400.8894
8000.0 400.8235
8200.0 400.58091
8400.0 400.37798
8600.0 400.36901
8800.0 400.50034
9000.0 400.85889
9200.0 401.45474
9400.0 402.12013
9600.0 402.29743
9800.0 401.38774
10000.0 399.20348
10200.0 396.46958
10400.0 394.48162
10600.0 393.79264
10800.0 394.19756
11000.0 395.36113
11200.0 396.88574
11400.0 398.35291
11600.0 399.39015
11800.0 399.98313
12000.0 400.31617
12200.0 400.66079
12400.0 401.04005
12600.0 401.46006
12800.0 401.88211
13000.0 402.13851
13200.0 402.16291
13400.0 401.91646
13600.0 401.31414
13800.0 400.44398
14000.0 399.49462
14200.0 398.73752
14400.0 398.15838
14600.0 397.67194
14800.0 397.13027
15000.0 396.24788
15200.0 394.83635
15400.0 393.08644
15600.0 391.55915
15800.0 390.83236
16000.0 391.22908
16200.0 392.86179
16400.0 395.25987
16600.0 397.50828
16800.0 398.97343
17000.0 399.70123
17200.0 400.05637
17400.0 400.36507
17600.0 400.75749
17800.0 401.2258
18000.0 401.61974
18200.0 401.78345
18400.0 401.60168
18600.0 401.00914
18800.0 400.16364
19000.0 399.30874
19200.0 398.50944
19400.0 397.86233
19600.0 397.49533
19800.0 397.33583
20000.0 397.24471
20200.0 397.06451
20400.0 396.66957
20600.0 396.18001
20800.0 395.94485
21000.0 396.40571
21200.0 397.86845
21400.0 399.99017
21600.0 402.10748
21800.0 403.55297
22000.0 403.95767
22200.0 403.29998
22400.0 401.74939
22600.0 399.93154
22800.0 398.55501
23000.0 397.98171
23200.0 398.16305
23400.0 398.80371
23600.0 399.50999
23800.0 399.9729
24000.0 400.17206
24200.0 400.16455
24400.0 400.02376
24600.0 399.805
24800.0 399.73052
25000.0 399.90646
25200.0 400.30914
25400.0 400.90159
25600.0 401.71268
25800.0 402.65059
26000.0 403.4336
26200.0 403.76358
26400.0 403.45405
26600.0 402.52163
26800.0 401.1952
27000.0 399.7801
27200.0 398.61931
27400.0 397.85606
27600.0 397.3346
27800.0 396.7803
28000.0 396.1786
28200.0 395.65618
28400.0 395.49512
28600.0 396.03297
28800.0 397.33306
29000.0 399.27795
29200.0 401.47695
29400.0 403.3793
29600.0 404.67554
29800.0 405.42062
30000.0 405.7581
30200.0 405.70306
30400.0 405.24452
30600.0 404.46569
30800.0 403.44032
31000.0 402.26584
31200.0 401.17496
31400.0 400.33496
31600.0 399.6399
31800.0 399.04337
32000.0 398.57156
32200.0 398.20137
32400.0 398.06141
32600.0 398.23441
32800.0 398.59914
33000.0 399.23663
33200.0 400.10036
33400.0 401.08969
33600.0 402.03772
33800.0 402.72726
34000.0 403.00559
34200.0 402.78894
34400.0 402.01302
34600.0 400.73093
34800.0 399.17695
35000.0 397.78618
35200.0 396.97651
35400.0 396.81033
35600.0 397.08519
35800.0 397.49698
36000.0 397.8698
36200.0 398.05866
36400.0 398.10287
36600.0 398.21121
36800.0 398.68424
37000.0 399.70306
37200.0 401.23378
37400.0 402.83027
37600.0 404.10946
37800.0 404.7443
38000.0 404.67962
38200.0 403.92341
38400.0 402.6118
38600.0 401.10414
38800.0 399.71549
39000.0 398.60885
39200.0 397.80361
39400.0 397.32961
39600.0 397.23537
39800.0 397.50684
40000.0 398.07358
40200.0 399.02717
40400.0 400.41087
40600.0 401.98134
40800.0 403.54026
41000.0 404.91436
41200.0 405.89705
41400.0 406.41872
41600.0 406.27638
41800.0 405.4515
42000.0 404.04331
42200.0 402.15679
42400.0 400.06913
42600.0 398.3227
42800.0 397.22665
43000.0 396.69127
43200.0 396.545
43400.0 396.76242
43600.0 397.2931
43800.0 397.93241
44000.0 398.63569
44200.0 399.41562
44400.0 400.31726
44600.0 401.38355
44800.0 402.46593
45000.0 403.32488
45200.0 403.89584
45400.0 404.22962
45600.0 404.27273
45800.0 403.92623
46000.0 403.05163
46200.0 401.70163
46400.0 400.20114
46600.0 398.97687
46800.0 398.19051
47000.0 397.9701
47200.0 398.26469
47400.0 398.91498
47600.0 399.49926
47800.0 399.57551
48000.0 399.05595
48200.0 398.11464
48400.0 397.16381
48600.0 396.60827
48800.0 396.71041
49000.0 397.44701
49200.0 398.70194
49400.0 400.32339
49600.0 402.03685
49800.0 403.47415
50000.0 404.4128
50200.0 404.78259
50400.0 404.69409
50600.0 404.22551
50800.0 403.31921
51000.0 401.89205
51200.0 400.15399
51400.0 398.37362
51600.0 396.85081
51800.0 395.84116
52000.0 395.2607
52200.0 395.14743
52400.0 395.42749
52600.0 396.17623
52800.0 397.346
53000.0 398.85306
53200.0 400.71415
53400.0 402.70306
53600.0 404.3591
53800.0 405.33747
54000.0 405.62105
54200.0 405.29876
54400.0 404.56438
54600.0 403.59671
54800.0 402.6063
55000.0 401.6119
55200.0 400.54081
55400.0 399.35606
55600.0 398.04856
55800.0 396.74688
56000.0 395.61665
56200.0 394.97617
56400.0 395.03065
56600.0 396.05183
56800.0 397.91935
57000.0 399.98295
57200.0 401.59482
57400.0 402.49484
57600.0 402.6833
57800.0 402.35376
58000.0 401.69677
58200.0 400.88594
58400.0 400.14825
58600.0 399.67904
58800.0 399.55547
59000.0 399.46829
59200.0 399.04674
59400.0 398.17055
59600.0 397.00732
59800.0 396.00104
60000.0 395.51399
60200.0 395.87348
60400.0 397.09462
60600.0 398.97084
60800.0 400.83613
61000.0 402.04942
61200.0 402.31944
61400.0 401.83294
61600.0 401.12642
61800.0 400.73553
62000.0 400.79265
62200.0 401.21071
62400.0 401.60005
62600.0 401.73998
62800.0 401.50467
63000.0 400.96121
63200.0 400.26381
63400.0 399.72933
63600.0 399.48716
63800.0 399.52243
64000.0 399.86944
64200.0 400.64126
64400.0 401.79373
64600.0 402.94741
64800.0 403.71497
65000.0 403.83695
65200.0 403.0911
65400.0 401.54596
65600.0 399.68656
65800.0 398.19892
66000.0 397.54988
66200.0 397.74357
66400.0 398.39562
66600.0 398.98337
66800.0 399.16805
67000.0 398.93218
67200.0 398.38875
67400.0 397.80649
67600.0 397.51489
67800.0 397.6708
68000.0 398.29609
68200.0 399.28612
68400.0 400.42733
68600.0 401.34686
68800.0 401.77977
69000.0 401.66721
69200.0 401.2656
69400.0 401.04148
69600.0 401.36508
69800.0 402.40753
70000.0 404.04776
70200.0 405.79623
70400.0 406.94763
70600.0 406.94286
70800.0 405.52753
71000.0 403.06767
71200.0 400.59484
71400.0 398.95093
71600.0 398.19918
71800.0 398.09758
72000.0 398.39234
72200.0 398.86255
72400.0 399.33584
72600.0 399.71089
72800.0 399.9206
73000.0 400.00135
73200.0 400.03451
73400.0 400.17518
73600.0 400.6064
73800.0 401.514
74000.0 402.99386
74200.0 404.80718
74400.0 406.09416
74600.0 406.07493
74800.0 404.20546
75000.0 400.76504
75200.0 397.7186
75400.0 396.24412
75600.0 396.08929
75800.0 396.77684
76000.0 397.91588
76200.0 399.055
76400.0 400.03844
76600.0 400.71161
76800.0 400.94332
77000.0 400.98041
77200.0 401.06949
77400.0 401.23276
77600.0 401.52581
77800.0 401.91164
78000.0 402.35782
78200.0 402.66769
78400.0 402.501
78600.0 401.7204
78800.0 400.4247
79000.0 398.89641
79200.0 397.56296
79400.0 396.69765
79600.0 396.35798
79800.0 396.49619
80000.0 397.14484
80200.0 398.19064
80400.0 399.37155
80600.0 400.45645
80800.0 401.28038
81000.0 401.91383
81200.0 402.49994
81400.0 403.16343
81600.0 403.8406
81800.0 404.36814
82000.0 404.55376
82200.0 404.15926
82400.0 402.8796
82600.0 400.7366
82800.0 398.21877
83000.0 396.24812
83200.0 395.1662
83400.0 394.66846
83600.0 394.5265
83800.0 394.73733
84000.0 395.32649
84200.0 396.21841
84400.0 397.3678
84600.0 398.68807
84800.0 400.07811
85000.0 401.45894
85200.0 402.60088
85400.0 403.33167
85600.0 403.67055
85800.0 403.65294
86000.0 403.33342
86200.0 402.67898
86400.0 401.6247
86600.0 399.98992
86800.0 398.04619
87000.0 396.31458
87200.0 395.11011
87400.0 394.58196
87600.0 394.74089
87800.0 395.55223
88000.0 396.6927
88200.0 397.78885
88400.0 398.65988
88600.0 399.28343
88800.0 399.77537
89000.0 400.25927
89200.0 400.91355
89400.0 401.77411
89600.0 402.68629
89800.0 403.49401
90000.0 403.84737
90200.0 403.59081
90400.0 402.59573
90600.0 400.89754
90800.0 398.94627
91000.0 397.22289
91200.0 396.16871
91400.0 396.05214
91600.0 396.66613
91800.0 397.60186
92000.0 398.56064
92200.0 399.28469
92400.0 399.63361
92600.0 399.49098
92800.0 398.92304
93000.0 398.15885
93200.0 397.63285
93400.0 397.53623
93600.0 397.92321
93800.0 398.70195
94000.0 399.7055
94200.0 400.7431
94400.0 401.57801
94600.0 402.07972
94800.0 402.29948
95000.0 402.29783
95200.0 402.31194
95400.0 402.65061
95600.0 403.60296
95800.0 405.31497
96000.0 407.50246
96200.0 409.4102
96400.0 410.09024
96600.0 409.10704
96800.0 406.67608
97000.0 403.83116
97200.0 401.67985
97400.0 400.39749
97600.0 399.7361
97800.0 399.40257
98000.0 399.09885
98200.0 398.62963
98400.0 398.026
98600.0 397.50883
98800.0 397.19658
99000.0 397.2078
99200.0 397.61977
99400.0 398.42784
99600.0 399.58325
99800.0 400.97467
100000.0 402.31762
