0.0 1395.0889
200.0 1393.3162
400.0 1389.8735
600.0 1384.0529
800.0 1378.4958
1000.0 1380.5824
1200.0 1392.3842
1400.0 1405.2002
1600.0 1414.3215
1800.0 1420.4971
2000.0 1423.4806
2200.0 1421.3325
2400.0 1413.4761
2600.0 1404.3596
2800.0 1399.7613
3000.0 1398.9535
3200.0 1397.8862
3400.0 1394.9198
3600.0 1390.4087
3800.0 1385.8324
4000.0 1383.1873
4200.0 1385.2342
4400.0 1395.3682
4600.0 1415.3187
4800.0 1433.9783
5000.0 1437.4216
5200.0 1423.9729
5400.0 1398.7347
5600.0 1370.7876
5800.0 1351.5176
6000.0 1350.597
6200.0 1376.0506
6400.0 1425.1134
6600.0 1464.6752
6800.0 1470.9537
7000.0 1445.007
7200.0 1408.2812
7400.0 1384.4733
7600.0 1373.5518
7800.0 1373.0436
8000.0 1381.6959
8200.0 1396.6543
8400.0 1412.3439
8600.0 1422.7992
8800.0 1424.5152
9000.0 1414.219
9200.0 1388.2676
9400.0 1354.8217
9600.0 1337.5591
9800.0 1345.9579
10000.0 1377.178
10200.0 1414.964
10400.0 1436.4437
10600.0 1435.7355
10800.0 1420.4618
11000.0 1399.2853
11200.0 1379.3116
11400.0 1366.5125
11600.0 1365.4149
11800.0 1376.8341
12000.0 1395.8035
12200.0 1411.2084
12400.0 1416.4608
12600.0 1412.8432
12800.0 1404.8093
13000.0 1397.0086
13200.0 1392.1296
13400.0 1391.0221
13600.0 1393.5924
13800.0 1398.1813
14000.0 1402.026
14200.0 1401.9529
14400.0 1395.4732
14600.0 1376.6687
14800.0 1344.7488
15000.0 1329.4094
15200.0 1340.1398
15400.0 1367.1325
15600.0 1395.0466
15800.0 1410.3783
16000.0 1409.6726
16200.0 1395.6545
16400.0 1376.6346
16600.0 1364.3044
16800.0 1367.4593
17000.0 1386.313
17200.0 1407.3813
17400.0 1415.5976
17600.0 1412.8288
17800.0 1405.2213
18000.0 1396.491
18200.0 1389.4903
18400.0 1386.3833
18600.0 1388.1064
18800.0 1393.393
19000.0 1399.5249
19200.0 1403.5252
19400.0 1401.5727
19600.0 1391.7975
19800.0 1378.0881
20000.0 1367.2515
20200.0 1364.6383
20400.0 1373.3394
20600.0 1393.2689
20800.0 1416.8693
21000.0 1430.0787
21200.0 1425.2789
21400.0 1406.2129
21600.0 1381.2192
21800.0 1357.6397
22000.0 1341.9944
22200.0 1344.0483
22400.0 1370.1991
22600.0 1410.2305
22800.0 1439.5256
23000.0 1446.8619
23200.0 1432.9838
23400.0 1405.9562
23600.0 1381.464
23800.0 1369.2334
24000.0 1368.8621
24200.0 1377.39
24400.0 1390.8345
24600.0 1403.9534
24800.0 1411.5884
25000.0 1411.7931
25200.0 1406.0052
25400.0 1397.3799
25600.0 1388.9796
25800.0 1382.9718
26000.0 1380.9253
26200.0 1384.3155
26400.0 1393.589
26600.0 1406.7833
26800.0 1419.2335
27000.0 1424.7004
27200.0 1416.2174
27400.0 1392.9194
27600.0 1372.2183
27800.0 1367.4162
28000.0 1373.4531
28200.0 1383.6128
28400.0 1392.8288
28600.0 1397.0329
28800.0 1395.2145
29000.0 1389.7229
29200.0 1386.8196
29400.0 1394.9342
29600.0 1415.2177
29800.0 1431.8684
30000.0 1434.5971
30200.0 1429.1114
30400.0 1421.8183
30600.0 1414.5631
30800.0 1407.6713
31000.0 1401.4825
31200.0 1395.8196
31400.0 1390.5812
31600.0 1386.8818
31800.0 1385.317
32000.0 1385.6174
32200.0 1387.4557
32400.0 1390.7929
32600.0 1397.785
32800.0 1407.9964
33000.0 1415.807
33200.0 1417.273
33400.0 1411.8381
33600.0 1401.4432
33800.0 1389.6175
34000.0 1380.2534
34200.0 1376.8891
34400.0 1381.9615
34600.0 1395.7375
34800.0 1414.5091
35000.0 1429.2931
35200.0 1429.3472
35400.0 1409.627
35600.0 1380.6899
35800.0 1360.7483
36000.0 1354.8192
36200.0 1361.9211
36400.0 1378.7975
36600.0 1396.8299
36800.0 1406.0671
37000.0 1403.7998
37200.0 1393.9505
37400.0 1383.5044
37600.0 1378.119
37800.0 1380.9029
38000.0 1391.1952
38200.0 1405.6412
38400.0 1419.2052
38600.0 1426.4048
38800.0 1424.2535
39000.0 1416.5201
39200.0 1411.6001
39400.0 1407.8174
39600.0 1400.8482
39800.0 1390.6214
40000.0 1379.5056
40200.0 1370.0329
40400.0 1365.5826
40600.0 1370.9917
40800.0 1385.9452
41000.0 1399.9221
41200.0 1406.4981
41400.0 1408.4306
41600.0 1409.4867
41800.0 1410.6452
42000.0 1410.6669
42200.0 1407.2326
42400.0 1399.051
42600.0 1389.9644
42800.0 1385.7477
43000.0 1385.7657
43200.0 1386.6186
43400.0 1386.9485
43600.0 1387.2006
43800.0 1388.922
44000.0 1392.9096
44200.0 1399.4321
44400.0 1408.2213
44600.0 1418.293
44800.0 1428.2702
45000.0 1435.7369
45200.0 1437.0976
45400.0 1426.4077
45600.0 1399.3367
45800.0 1372.4745
46000.0 1363.784
46200.0 1370.9214
46400.0 1386.959
46600.0 1404.5947
46800.0 1417.679
47000.0 1421.2967
47200.0 1411.5124
47400.0 1384.6495
47600.0 1352.7137
47800.0 1338.1254
48000.0 1345.6352
48200.0 1371.066
48400.0 1400.7558
48600.0 1417.7618
48800.0 1418.9476
49000.0 1408.9663
49200.0 1393.1469
49400.0 1376.9956
49600.0 1366.4671
49800.0 1367.7361
50000.0 1384.6795
50200.0 1409.2794
50400.0 1423.8451
50600.0 1427.3213
50800.0 1426.202
51000.0 1423.0185
51200.0 1417.9231
51400.0 1411.1664
51600.0 1404.1706
51800.0 1397.143
52000.0 1390.7304
52200.0 1384.9667
52400.0 1380.4026
52600.0 1377.5609
52800.0 1378.942
53000.0 1389.7631
53200.0 1410.3727
53400.0 1420.9192
53600.0 1416.0254
53800.0 1407.5959
54000.0 1401.3967
54200.0 1398.3955
54400.0 1397.5171
54600.0 1396.942
54800.0 1394.2836
55000.0 1387.4455
55200.0 1375.0983
55400.0 1360.5544
55600.0 1352.5085
55800.0 1355.2959
56000.0 1369.4683
56200.0 1397.1974
56400.0 1430.0167
56600.0 1440.9082
56800.0 1427.8775
57000.0 1404.9206
57200.0 1385.0719
57400.0 1375.2906
57600.0 1376.8271
57800.0 1387.445
58000.0 1403.0556
58200.0 1418.3722
58400.0 1428.191
58600.0 1424.547
58800.0 1392.5439
59000.0 1360.055
59200.0 1349.7075
59400.0 1357.7102
59600.0 1379.4266
59800.0 1405.458
60000.0 1423.6214
60200.0 1426.3509
60400.0 1412.9965
60600.0 1388.291
60800.0 1363.0142
61000.0 1348.879
61200.0 1355.8961
61400.0 1390.3511
61600.0 1427.018
61800.0 1440.5987
62000.0 1434.6512
62200.0 1415.7168
62400.0 1393.9688
62600.0 1378.8496
62800.0 1373.8271
63000.0 1377.6767
63200.0 1387.453
63400.0 1399.2191
63600.0 1410.5672
63800.0 1421.7725
64000.0 1432.3044
64200.0 1435.336
64400.0 1424.6896
64600.0 1402.5486
64800.0 1378.553
65000.0 1364.1205
65200.0 1364.9546
65400.0 1380.6821
65600.0 1405.7254
65800.0 1429.3764
66000.0 1440.0398
66200.0 1429.0594
66400.0 1394.5201
66600.0 1361.1313
66800.0 1349.3201
67000.0 1355.3941
67200.0 1373.4425
67400.0 1394.9836
67600.0 1410.1753
67800.0 1414.3476
68000.0 1408.1573
68200.0 1395.3042
68400.0 1381.3208
68600.0 1372.424
68800.0 1374.6913
69000.0 1400.1291
69200.0 1440.9021
69400.0 1459.2429
69600.0 1450.8145
69800.0 1421.7145
70000.0 1387.061
70200.0 1362.4605
70400.0 1354.6405
70600.0 1366.2371
70800.0 1394.3871
71000.0 1426.6282
71200.0 1446.9632
71400.0 1446.3613
71600.0 1429.6057
71800.0 1411.4135
72000.0 1397.2547
72200.0 1386.0234
72400.0 1378.5366
72600.0 1376.5843
72800.0 1381.6456
73000.0 1393.7561
73200.0 1410.0767
73400.0 1424.2407
73600.0 1429.541
73800.0 1421.1694
74000.0 1394.5599
74200.0 1354.7701
74400.0 1327.6965
74600.0 1329.5315
74800.0 1363.514
75000.0 1413.2424
75200.0 1444.9025
75400.0 1448.6155
75600.0 1431.1333
75800.0 1404.8855
76000.0 1381.2758
76200.0 1366.2475
76400.0 1362.0675
76600.0 1370.455
76800.0 1389.1732
77000.0 1407.9913
77200.0 1417.7539
77400.0 1417.624
77600.0 1410.4242
77800.0 1400.1712
78000.0 1390.7428
78200.0 1385.5983
78400.0 1387.1137
78600.0 1394.943
78800.0 1405.8417
79000.0 1415.0696
79200.0 1418.5908
79400.0 1415.926
79600.0 1408.9874
79800.0 1399.4573
80000.0 1388.2368
80200.0 1377.6864
80400.0 1371.7211
80600.0 1374.3385
80800.0 1387.9784
81000.0 1407.7805
81200.0 1421.1165
81400.0 1421.5974
81600.0 1413.6272
81800.0 1404.2311
82000.0 1397.791
82200.0 1396.4773
82400.0 1401.5573
82600.0 1410.9469
82800.0 1417.1707
83000.0 1410.4176
83200.0 1392.6208
83400.0 1379.1785
83600.0 1375.3513
83800.0 1376.1375
84000.0 1378.5728
84200.0 1382.3822
84400.0 1387.2879
84600.0 1392.6096
84800.0 1397.1904
85000.0 1400.2004
85200.0 1402.3256
85400.0 1404.3081
85600.0 1406.1503
85800.0 1407.489
86000.0 1405.6423
86200.0 1391.837
86400.0 1371.7652
86600.0 1363.6697
86800.0 1369.0242
87000.0 1381.169
87200.0 1394.3343
87400.0 1404.1371
87600.0 1407.7091
87800.0 1404.2082
88000.0 1396.3428
88200.0 1388.2123
88400.0 1383.8188
88600.0 1386.0445
88800.0 1395.3408
89000.0 1408.0934
89200.0 1417.6753
89400.0 1419.7563
89600.0 1413.8517
89800.0 1401.0726
90000.0 1383.639
90200.0 1365.985
90400.0 1356.5575
90600.0 1360.3881
90800.0 1375.6298
91000.0 1398.5159
91200.0 1423.6937
91400.0 1440.6761
91600.0 1441.0807
91800.0 1422.4862
92000.0 1389.1463
92200.0 1360.137
92400.0 1349.1843
92600.0 1355.4406
92800.0 1373.7887
93000.0 1395.1034
93200.0 1409.2045
93400.0 1412.6314
93600.0 1407.2317
93800.0 1396.9195
94000.0 1386.1042
94200.0 1378.8342
94400.0 1378.3006
94600.0 1385.9181
94800.0 1400.9198
95000.0 1420.5874
95200.0 1440.6323
95400.0 1459.0484
95600.0 1472.3327
95800.0 1465.0066
96000.0 1429.2247
96200.0 1384.75
96400.0 1360.9627
96600.0 1362.6003
96800.0 1383.9992
97000.0 1412.6873
97200.0 1432.9782
97400.0 1435.2696
97600.0 1415.5306
97800.0 1386.4335
98000.0 1371.6271
98200.0 1371.491
98400.0 1379.613
98600.0 1391.0315
98800.0 1401.8502
99000.0 1408.6593
99200.0 1409.3071
99400.0 1403.0251
99600.0 1389.4491
99800.0 1370.127
100000.0 1353.8551
