0.0 46.11377
200.0 46.068089
400.0 46.095048
600.0 46.111422
800.0 46.071368
1000.0 46.145167
1200.0 46.134738
1400.0 46.099125
1600.0 46.139078
1800.0 46.169719
2000.0 46.109766
2200.0 46.157076
2400.0 46.192546
2600.0 46.10494
2800.0 46.155564
3000.0 46.189029
3200.0 46.100903
3400.0 46.10564
3600.0 46.154783
3800.0 46.104834
4000.0 46.075201
4200.0 46.146714
4400.0 46.131345
4600.0 46.063342
4800.0 46.131301
5000.0 46.175036
5200.0 46.095679
5400.0 46.169261
5600.0 46.207901
5800.0 46.123084
6000.0 46.158071
6200.0 46.16722
6400.0 46.152041
6600.0 46.117343
6800.0 46.179866
7000.0 46.107525
7200.0 46.111885
7400.0 46.151432
7600.0 46.091095
7800.0 46.127654
8000.0 46.092751
8200.0 46.144918
8400.0 46.102879
8600.0 46.115534
8800.0 46.123151
9000.0 46.155971
9200.0 46.144927
9400.0 46.166996
9600.0 46.138628
9800.0 46.13213
10000.0 46.143462
10200.0 46.186141
10400.0 46.026393
10600.0 46.144513
10800.0 46.193148
11000.0 46.035104
11200.0 46.11443
11400.0 46.180371
11600.0 46.085047
11800.0 46.108528
12000.0 46.166911
12200.0 46.138903
12400.0 46.08391
12600.0 46.20012
12800.0 46.121932
13000.0 46.163063
13200.0 46.153781
13400.0 46.194686
13600.0 46.165563
13800.0 46.123652
14000.0 46.169884
14200.0 46.099052
14400.0 46.120571
14600.0 46.137818
14800.0 46.126604
15000.0 46.082715
15200.0 46.126558
15400.0 46.145748
15600.0 46.100726
15800.0 46.145934
16000.0 46.131027
16200.0 46.174717
16400.0 46.122698
16600.0 46.177766
16800.0 46.155803
17000.0 46.107517
17200.0 46.158933
17400.0 46.114264
17600.0 46.11679
17800.0 46.114607
18000.0 46.099601
18200.0 46.130088
18400.0 46.12589
18600.0 46.109207
18800.0 46.16609
19000.0 46.110255
19200.0 46.155067
19400.0 46.119127
19600.0 46.169187
19800.0 46.140914
20000.0 46.10473
20200.0 46.13803
20400.0 46.128651
20600.0 46.064826
20800.0 46.10288
21000.0 46.117315
21200.0 46.07271
21400.0 46.115119
21600.0 46.115675
21800.0 46.112483
22000.0 46.12592
22200.0 46.113859
22400.0 46.164374
22600.0 46.145053
22800.0 46.071614
23000.0 46.181794
23200.0 46.187178
23400.0 46.057693
23600.0 46.169394
23800.0 46.178505
24000.0 46.085716
24200.0 46.092442
24400.0 46.176796
24600.0 46.089442
24800.0 46.082377
25000.0 46.15445
25200.0 46.075062
25400.0 46.133257
25600.0 46.146423
25800.0 46.125525
26000.0 46.176129
26200.0 46.126547
26400.0 46.168114
26600.0 46.135795
26800.0 46.160704
27000.0 46.152944
27200.0 46.090032
27400.0 46.170248
27600.0 46.110756
27800.0 46.134979
28000.0 46.127389
28200.0 46.111209
28400.0 46.088405
28600.0 46.153381
28800.0 46.132153
29000.0 46.050288
29200.0 46.170228
29400.0 46.094704
29600.0 46.08693
29800.0 46.149795
30000.0 46.11802
30200.0 46.123624
30400.0 46.10524
30600.0 46.201336
30800.0 46.124993
31000.0 46.126444
31200.0 46.161179
31400.0 46.138428
31600.0 46.121584
31800.0 46.126915
32000.0 46.118151
32200.0 46.11497
32400.0 46.06561
32600.0 46.171335
32800.0 46.085413
33000.0 46.104123
33200.0 46.142652
33400.0 46.162933
33600.0 46.091943
33800.0 46.186792
34000.0 46.17035
34200.0 46.103041
34400.0 46.150813
34600.0 46.220828
34800.0 46.09802
35000.0 46.133516
35200.0 46.13936
35400.0 46.137039
35600.0 46.107649
35800.0 46.136798
36000.0 46.10969
36200.0 46.11224
36400.0 46.133084
36600.0 46.153669
36800.0 46.097272
37000.0 46.157147
37200.0 46.164406
37400.0 46.151251
37600.0 46.168148
37800.0 46.104545
38000.0 46.165157
38200.0 46.188978
38400.0 46.063401
38600.0 46.127757
38800.0 46.191733
39000.0 46.094755
39200.0 46.116232
39400.0 46.135843
39600.0 46.152423
39800.0 46.057277
40000.0 46.190214
40200.0 46.158506
40400.0 46.094797
40600.0 46.142227
40800.0 46.178782
41000.0 46.134808
41200.0 46.130742
41400.0 46.158636
41600.0 46.133178
41800.0 46.109877
42000.0 46.128944
42200.0 46.108796
42400.0 46.117429
42600.0 46.10713
42800.0 46.126916
43000.0 46.092002
43200.0 46.154617
43400.0 46.112339
43600.0 46.101733
43800.0 46.157534
44000.0 46.107476
44200.0 46.127776
44400.0 46.149362
44600.0 46.116031
44800.0 46.117668
45000.0 46.146473
45200.0 46.132777
45400.0 46.116283
45600.0 46.159516
45800.0 46.107878
46000.0 46.149928
46200.0 46.146746
46400.0 46.129812
46600.0 46.194646
46800.0 46.097479
47000.0 46.097509
47200.0 46.164434
47400.0 46.099904
47600.0 46.121995
47800.0 46.122535
48000.0 46.112575
48200.0 46.109376
48400.0 46.142138
48600.0 46.155353
48800.0 46.081106
49000.0 46.169237
49200.0 46.167305
49400.0 46.108963
49600.0 46.172991
49800.0 46.105255
50000.0 46.126362
50200.0 46.14918
50400.0 46.093102
50600.0 46.100078
50800.0 46.106828
51000.0 46.128257
51200.0 46.095777
51400.0 46.110841
51600.0 46.154515
51800.0 46.129951
52000.0 46.102819
52200.0 46.192608
52400.0 46.128021
52600.0 46.101163
52800.0 46.192179
53000.0 46.135735
53200.0 46.076421
53400.0 46.156085
53600.0 46.133729
53800.0 46.031413
54000.0 46.116257
54200.0 46.097176
54400.0 46.082721
54600.0 46.110454
54800.0 46.122038
55000.0 46.103774
55200.0 46.118889
55400.0 46.163954
55600.0 46.105446
55800.0 46.143317
56000.0 46.147906
56200.0 46.12648
56400.0 46.158825
56600.0 46.13633
56800.0 46.108755
57000.0 46.150395
57200.0 46.105213
57400.0 46.115695
57600.0 46.087673
57800.0 46.09255
58000.0 46.123585
58200.0 46.112073
58400.0 46.069046
58600.0 46.159344
58800.0 46.12763
59000.0 46.112846
59200.0 46.156726
59400.0 46.166978
59600.0 46.090977
59800.0 46.180801
60000.0 46.129746
60200.0 46.098415
60400.0 46.135152
60600.0 46.152282
60800.0 46.050138
61000.0 46.131551
61200.0 46.131905
61400.0 46.086264
61600.0 46.09662
61800.0 46.153225
62000.0 46.10025
62200.0 46.111088
62400.0 46.142749
62600.0 46.151224
62800.0 46.088237
63000.0 46.134727
63200.0 46.171266
63400.0 46.105388
63600.0 46.147028
63800.0 46.146958
64000.0 46.148602
64200.0 46.143449
64400.0 46.169558
64600.0 46.152758
64800.0 46.139253
65000.0 46.145232
65200.0 46.144172
65400.0 46.071178
65600.0 46.135036
65800.0 46.156518
66000.0 46.09622
66200.0 46.109823
66400.0 46.167221
66600.0 46.103249
66800.0 46.10293
67000.0 46.183659
67200.0 46.139086
67400.0 46.099672
67600.0 46.165024
67800.0 46.141882
68000.0 46.185343
68200.0 46.134824
68400.0 46.220572
68600.0 46.141299
68800.0 46.127785
69000.0 46.163064
69200.0 46.138102
69400.0 46.111332
69600.0 46.10621
69800.0 46.15288
70000.0 46.089298
70200.0 46.1446
70400.0 46.096276
70600.0 46.145593
70800.0 46.124964
71000.0 46.130355
71200.0 46.153637
71400.0 46.147384
71600.0 46.150521
71800.0 46.159952
72000.0 46.122288
72200.0 46.159869
72400.0 46.111768
72600.0 46.133048
72800.0 46.157073
73000.0 46.057305
73200.0 46.160118
73400.0 46.140621
73600.0 46.090521
73800.0 46.151955
74000.0 46.148011
74200.0 46.112166
74400.0 46.151889
74600.0 46.15095
74800.0 46.144234
75000.0 46.153875
75200.0 46.162955
75400.0 46.155785
75600.0 46.157275
75800.0 46.120254
76000.0 46.151641
76200.0 46.070117
76400.0 46.117549
76600.0 46.132339
76800.0 46.124878
77000.0 46.079158
77200.0 46.16882
77400.0 46.110206
77600.0 46.117752
77800.0 46.12714
78000.0 46.143948
78200.0 46.121204
78400.0 46.144126
78600.0 46.127942
78800.0 46.120681
79000.0 46.100297
79200.0 46.17895
79400.0 46.102442
79600.0 46.116796
79800.0 46.155979
80000.0 46.128807
80200.0 46.156255
80400.0 46.162882
80600.0 46.139136
80800.0 46.144859
81000.0 46.142225
81200.0 46.159251
81400.0 46.138124
81600.0 46.103571
81800.0 46.134868
82000.0 46.13118
82200.0 46.095323
82400.0 46.119464
82600.0 46.122829
82800.0 46.070332
83000.0 46.129207
83200.0 46.085207
83400.0 46.102738
83600.0 46.070793
83800.0 46.147525
84000.0 46.138983
84200.0 46.090069
84400.0 46.148897
84600.0 46.127581
84800.0 46.155958
85000.0 46.125519
85200.0 46.120656
85400.0 46.151941
85600.0 46.144885
85800.0 46.154929
86000.0 46.091851
86200.0 46.112987
86400.0 46.152025
86600.0 46.099818
86800.0 46.107242
87000.0 46.106122
87200.0 46.112703
87400.0 46.133221
87600.0 46.161091
87800.0 46.091179
88000.0 46.160142
88200.0 46.164327
88400.0 46.122967
88600.0 46.141029
88800.0 46.159207
89000.0 46.11546
89200.0 46.140807
89400.0 46.122103
89600.0 46.119283
89800.0 46.112541
90000.0 46.137168
90200.0 46.093055
90400.0 46.098482
90600.0 46.148288
90800.0 46.125343
91000.0 46.080804
91200.0 46.179062
91400.0 46.118069
91600.0 46.121077
91800.0 46.185111
92000.0 46.131637
92200.0 46.129042
92400.0 46.187431
92600.0 46.111804
92800.0 46.07974
93000.0 46.184982
93200.0 46.086128
93400.0 46.118411
93600.0 46.128238
93800.0 46.106939
94000.0 46.092224
94200.0 46.17517
94400.0 46.105366
94600.0 46.107475
94800.0 46.159947
95000.0 46.16563
95200.0 46.116
95400.0 46.198617
95600.0 46.158947
95800.0 46.150098
96000.0 46.12993
96200.0 46.167348
96400.0 46.139854
96600.0 46.07494
96800.0 46.14784
97000.0 46.149671
97200.0 46.047832
97400.0 46.156987
97600.0 46.178162
97800.0 46.038403
98000.0 46.138236
98200.0 46.190099
98400.0 46.107875
98600.0 46.156442
98800.0 46.175614
99000.0 46.168188
99200.0 46.144135
99400.0 46.164717
99600.0 46.120895
99800.0 46.138292
100000.0 46.112489
