0.0 1232.7033
200.0 1222.9059
400.0 1224.5068
600.0 1235.9959
800.0 1252.8805
1000.0 1269.239
1200.0 1279.4278
1400.0 1277.0429
1600.0 1258.4049
1800.0 1230.621
2000.0 1209.2039
2200.0 1204.2462
2400.0 1218.4967
2600.0 1245.1944
2800.0 1265.9842
3000.0 1272.2648
3200.0 1266.7384
3400.0 1254.2731
3600.0 1241.2738
3800.0 1232.9647
4000.0 1232.0133
4200.0 1239.0762
4400.0 1255.697
4600.0 1282.4648
4800.0 1304.0122
5000.0 1304.0643
5200.0 1279.1528
5400.0 1240.2966
5600.0 1210.1752
5800.0 1199.342
6000.0 1208.9469
6200.0 1233.5981
6400.0 1263.1742
6600.0 1287.7198
6800.0 1295.0249
7000.0 1281.8361
7200.0 1260.0877
7400.0 1242.5268
7600.0 1232.236
7800.0 1228.7563
8000.0 1232.0093
8200.0 1241.0414
8400.0 1253.2686
8600.0 1265.0775
8800.0 1272.7382
9000.0 1273.8064
9200.0 1266.4251
9400.0 1248.7872
9600.0 1225.4218
9800.0 1210.0294
10000.0 1212.3105
10200.0 1235.0452
10400.0 1271.3451
10600.0 1299.4352
10800.0 1301.3848
11000.0 1275.9994
11200.0 1243.8139
11400.0 1226.678
11600.0 1221.7749
11800.0 1225.1147
12000.0 1234.7741
12200.0 1247.293
12400.0 1257.7644
12600.0 1262.5319
12800.0 1261.0926
13000.0 1255.4466
13200.0 1248.2188
13400.0 1241.0104
13600.0 1233.6694
13800.0 1228.484
14000.0 1230.4727
14200.0 1240.6349
14400.0 1253.3205
14600.0 1260.3495
14800.0 1256.0242
15000.0 1241.1313
15200.0 1222.9497
15400.0 1210.2102
15600.0 1209.0343
15800.0 1224.3441
16000.0 1249.8054
16200.0 1263.7689
16400.0 1263.7515
16600.0 1257.6592
16800.0 1250.2042
17000.0 1244.6562
17200.0 1243.1214
17400.0 1246.3216
17600.0 1254.3111
17800.0 1266.5286
18000.0 1279.2338
18200.0 1284.9941
18400.0 1278.014
18600.0 1257.3232
18800.0 1231.1688
19000.0 1213.6375
19200.0 1212.3442
19400.0 1230.1663
19600.0 1262.4512
19800.0 1291.8415
20000.0 1301.4299
20200.0 1284.7101
20400.0 1250.1399
20600.0 1228.2369
20800.0 1220.7534
21000.0 1222.1528
21200.0 1232.0274
21400.0 1246.5701
21600.0 1259.6618
21800.0 1267.3033
22000.0 1268.1854
22200.0 1262.4009
22400.0 1250.9699
22600.0 1236.5927
22800.0 1224.0752
23000.0 1219.192
23200.0 1225.7169
23400.0 1242.0868
23600.0 1258.6794
23800.0 1264.2506
24000.0 1254.8733
24200.0 1234.7909
24400.0 1214.4006
24600.0 1203.0549
24800.0 1206.2939
25000.0 1225.4789
25200.0 1245.4866
25400.0 1253.8742
25600.0 1254.2609
25800.0 1250.2053
26000.0 1244.4224
26200.0 1240.1721
26400.0 1241.0724
26600.0 1249.2315
26800.0 1264.5781
27000.0 1282.466
27200.0 1293.6529
27400.0 1289.5236
27600.0 1265.0046
27800.0 1235.7777
28000.0 1223.4145
28200.0 1226.5719
28400.0 1239.3113
28600.0 1255.2744
28800.0 1266.7586
29000.0 1267.3955
29200.0 1252.9726
29400.0 1225.1368
29600.0 1199.4879
29800.0 1190.8528
30000.0 1202.6417
30200.0 1229.9405
30400.0 1251.713
30600.0 1259.448
30800.0 1258.4472
31000.0 1250.947
31200.0 1239.9035
31400.0 1230.2122
31600.0 1226.8006
31800.0 1233.1141
32000.0 1249.785
32200.0 1269.219
32400.0 1280.3381
32600.0 1279.0726
32800.0 1265.5315
33000.0 1244.2621
33200.0 1224.7554
33400.0 1216.5401
33600.0 1222.3563
33800.0 1239.2454
34000.0 1258.0712
34200.0 1270.2603
34400.0 1272.4559
34600.0 1263.7036
34800.0 1247.3233
35000.0 1230.1366
35200.0 1218.5701
35400.0 1217.1014
35600.0 1227.8799
35800.0 1247.8256
36000.0 1264.1928
36200.0 1269.2015
36400.0 1264.3478
36600.0 1253.2169
36800.0 1240.6948
37000.0 1232.7108
37200.0 1234.4805
37400.0 1250.4658
37600.0 1282.381
37800.0 1316.0564
38000.0 1329.2341
38200.0 1310.0336
38400.0 1278.0366
38600.0 1261.9333
38800.0 1249.0741
39000.0 1238.3358
39200.0 1232.9971
39400.0 1235.7256
39600.0 1246.7489
39800.0 1262.709
40000.0 1275.9892
40200.0 1277.9199
40400.0 1264.6479
40600.0 1242.2989
40800.0 1223.2835
41000.0 1213.9382
41200.0 1215.7027
41400.0 1227.5315
41600.0 1242.2638
41800.0 1250.0673
42000.0 1250.3452
42200.0 1247.6712
42400.0 1245.5876
42600.0 1246.7892
42800.0 1252.2396
43000.0 1260.7762
43200.0 1269.1445
43400.0 1272.187
43600.0 1262.1714
43800.0 1240.5346
44000.0 1226.2758
44200.0 1225.4684
44400.0 1232.473
44600.0 1241.6394
44800.0 1249.4831
45000.0 1253.7618
45200.0 1253.5718
45400.0 1253.1879
45600.0 1259.3898
45800.0 1270.9344
46000.0 1279.2711
46200.0 1279.6327
46400.0 1272.0032
46600.0 1257.7348
46800.0 1240.9605
47000.0 1230.14
47200.0 1230.4761
47400.0 1239.2354
47600.0 1249.5131
47800.0 1256.2458
48000.0 1257.9938
48200.0 1254.3336
48400.0 1246.175
48600.0 1236.028
48800.0 1227.6717
49000.0 1225.2428
49200.0 1233.7242
49400.0 1254.9914
49600.0 1275.1729
49800.0 1279.6755
50000.0 1269.6656
50200.0 1251.6939
50400.0 1234.3037
50600.0 1225.8783
50800.0 1232.4666
51000.0 1260.5739
51200.0 1307.7311
51400.0 1339.2267
51600.0 1332.7279
51800.0 1299.1983
52000.0 1272.4827
52200.0 1252.2807
52400.0 1236.211
52600.0 1226.8369
52800.0 1226.4315
53000.0 1234.9601
53200.0 1249.1969
53400.0 1263.2367
53600.0 1271.3483
53800.0 1269.9684
54000.0 1258.1343
54200.0 1238.6782
54400.0 1219.7852
54600.0 1210.2606
54800.0 1214.2789
55000.0 1233.3503
55200.0 1264.6202
55400.0 1289.555
55600.0 1292.3607
55800.0 1277.8835
56000.0 1257.35
56200.0 1239.9124
56400.0 1230.2211
56600.0 1230.2398
56800.0 1239.6486
57000.0 1254.9834
57200.0 1270.0129
57400.0 1278.938
57600.0 1276.6851
57800.0 1256.0659
58000.0 1224.366
58200.0 1209.929
58400.0 1213.2178
58600.0 1227.324
58800.0 1246.2232
59000.0 1262.4032
59200.0 1269.6776
59400.0 1266.1318
59600.0 1253.0992
59800.0 1233.2526
60000.0 1210.2617
60200.0 1190.8132
60400.0 1186.1542
60600.0 1206.4186
60800.0 1249.0249
61000.0 1281.0556
61200.0 1289.203
61400.0 1277.2231
61600.0 1252.9122
61800.0 1229.1436
62000.0 1216.8209
62200.0 1218.4783
62400.0 1232.498
62600.0 1253.1997
62800.0 1269.0378
63000.0 1272.8882
63200.0 1266.8204
63400.0 1257.0998
63600.0 1248.4331
63800.0 1242.874
64000.0 1241.2971
64200.0 1243.3182
64400.0 1248.4993
64600.0 1256.1996
64800.0 1264.4544
65000.0 1269.0619
65200.0 1263.1556
65400.0 1245.8936
65600.0 1229.4843
65800.0 1223.5
66000.0 1227.4045
66200.0 1237.6663
66400.0 1250.7728
66600.0 1262.2772
66800.0 1267.9784
67000.0 1265.7541
67200.0 1258.2805
67400.0 1252.2202
67600.0 1252.6014
67800.0 1259.5987
68000.0 1268.5766
68200.0 1274.6243
68400.0 1274.9386
68600.0 1267.6733
68800.0 1251.8552
69000.0 1234.2126
69200.0 1227.5398
69400.0 1232.9693
69600.0 1243.2899
69800.0 1252.1161
70000.0 1256.0402
70200.0 1253.7788
70400.0 1246.3609
70600.0 1237.2759
70800.0 1230.289
71000.0 1231.7676
71200.0 1253.2421
71400.0 1276.8642
71600.0 1284.2605
71800.0 1278.0434
72000.0 1263.4151
72200.0 1246.7883
72400.0 1233.912
72600.0 1228.0494
72800.0 1230.0802
73000.0 1238.9367
73200.0 1252.5293
73400.0 1268.4246
73600.0 1282.6783
73800.0 1287.27
74000.0 1275.9044
74200.0 1250.1242
74400.0 1223.8761
74600.0 1210.5861
74800.0 1212.711
75000.0 1228.9179
75200.0 1254.0405
75400.0 1276.3707
75600.0 1285.3578
75800.0 1277.8873
76000.0 1258.9154
76200.0 1239.3312
76400.0 1225.4582
76600.0 1217.309
76800.0 1217.7999
77000.0 1228.5727
77200.0 1245.4785
77400.0 1261.9978
77600.0 1274.0992
77800.0 1279.9823
78000.0 1277.8507
78200.0 1268.3185
78400.0 1259.4102
78600.0 1256.2729
78800.0 1253.8926
79000.0 1248.6063
79200.0 1240.0494
79400.0 1229.9844
79600.0 1221.7243
79800.0 1221.6634
80000.0 1234.1121
80200.0 1247.0215
80400.0 1252.8854
80600.0 1256.9984
80800.0 1261.2365
81000.0 1264.2581
81200.0 1263.5695
81400.0 1257.0242
81600.0 1245.987
81800.0 1236.1899
82000.0 1232.1584
82200.0 1233.6618
82400.0 1238.2758
82600.0 1243.0321
82800.0 1245.674
83000.0 1245.781
83200.0 1244.0497
83400.0 1241.5204
83600.0 1239.9365
83800.0 1240.4685
84000.0 1242.7615
84200.0 1247.2141
84400.0 1253.3861
84600.0 1259.9645
84800.0 1265.6548
85000.0 1269.6397
85200.0 1269.7217
85400.0 1261.727
85600.0 1246.5273
85800.0 1231.2258
86000.0 1223.0332
86200.0 1224.618
86400.0 1234.9776
86600.0 1251.5315
86800.0 1269.4456
87000.0 1281.8836
87200.0 1283.3453
87400.0 1270.2036
87600.0 1241.022
87800.0 1210.9987
88000.0 1199.6789
88200.0 1208.1049
88400.0 1229.6478
88600.0 1252.0232
88800.0 1264.2631
89000.0 1265.4507
89200.0 1259.4963
89400.0 1250.2869
89600.0 1241.2644
89800.0 1235.6624
90000.0 1234.9956
90200.0 1239.5364
90400.0 1250.9563
90600.0 1273.1898
90800.0 1296.7217
91000.0 1301.621
91200.0 1283.8409
91400.0 1251.5052
91600.0 1223.3497
91800.0 1214.2854
92000.0 1223.8732
92200.0 1243.2451
92400.0 1260.2739
92600.0 1267.1871
92800.0 1264.2393
93000.0 1255.255
93200.0 1245.2165
93400.0 1238.1124
93600.0 1235.6163
93800.0 1237.6661
94000.0 1243.0275
94200.0 1250.0885
94400.0 1258.5864
94600.0 1271.5361
94800.0 1285.5648
95000.0 1287.1959
95200.0 1272.0358
95400.0 1246.7748
95600.0 1224.2724
95800.0 1215.1492
96000.0 1222.6693
96200.0 1244.9261
96400.0 1272.6269
96600.0 1291.22
96800.0 1292.3791
97000.0 1273.5673
97200.0 1242.1167
97400.0 1224.7441
97600.0 1225.2386
97800.0 1234.7507
98000.0 1247.9018
98200.0 1259.668
98400.0 1265.2481
98600.0 1262.2265
98800.0 1250.6093
99000.0 1232.7226
99200.0 1214.4694
99400.0 1204.6229
99600.0 1210.9498
99800.0 1237.7472
100000.0 1272.0287
