0.0 0.004961661
200.0 0.004962539
400.0 0.0049718515
600.0 0.0049976381
800.0 0.0050371165
1000.0 0.005071918
1200.0 0.0050770856
1400.0 0.0050427762
1600.0 0.0049748054
1800.0 0.0048919753
2000.0 0.0048230957
2200.0 0.0047848881
2400.0 0.0047735228
2600.0 0.0047781788
2800.0 0.0047852042
3000.0 0.0047900849
3200.0 0.0047917748
3400.0 0.0047928292
3600.0 0.0047982159
3800.0 0.0048161467
4000.0 0.0048503457
4200.0 0.0049020187
4400.0 0.0049750952
4600.0 0.0050687077
4800.0 0.0051602009
5000.0 0.0052169838
5200.0 0.0052282412
5400.0 0.0051937905
5600.0 0.0051167814
5800.0 0.0050211982
6000.0 0.0049394127
6200.0 0.0048895389
6400.0 0.0048660312
6600.0 0.0048558625
6800.0 0.0048481754
7000.0 0.0048405565
7200.0 0.004831124
7400.0 0.0048199979
7600.0 0.004814673
7800.0 0.0048180302
8000.0 0.004832269
8200.0 0.0048612796
8400.0 0.0049038424
8600.0 0.0049549546
8800.0 0.0050067308
9000.0 0.0050498949
9200.0 0.0050743239
9400.0 0.0050760454
9600.0 0.0050555976
9800.0 0.0050164739
10000.0 0.0049666453
10200.0 0.0049083131
10400.0 0.0048452101
10600.0 0.0047844764
10800.0 0.0047319999
11000.0 0.0046971548
11200.0 0.0046838826
11400.0 0.0046902661
11600.0 0.0047122734
11800.0 0.0047499987
12000.0 0.0047983038
12200.0 0.0048542693
12400.0 0.0049140663
12600.0 0.004972716
12800.0 0.0050213123
13000.0 0.005050672
13200.0 0.0050574739
13400.0 0.0050424249
13600.0 0.0050112558
13800.0 0.004970348
14000.0 0.0049262612
14200.0 0.0048862122
14400.0 0.0048568652
14600.0 0.0048390933
14800.0 0.0048325892
15000.0 0.0048351691
15200.0 0.0048409936
15400.0 0.0048452187
15600.0 0.0048466732
15800.0 0.0048471644
16000.0 0.0048483803
16200.0 0.0048521875
16400.0 0.0048649695
16600.0 0.0048975466
16800.0 0.0049580697
17000.0 0.0050417409
17200.0 0.0051196239
17400.0 0.0051681834
17600.0 0.0051818158
17800.0 0.0051622292
18000.0 0.0051141847
18200.0 0.0050504694
18400.0 0.0049864926
18600.0 0.0049318903
18800.0 0.0048853352
19000.0 0.0048487466
19200.0 0.0048197201
19400.0 0.0047985621
19600.0 0.0047898336
19800.0 0.0047920146
20000.0 0.0048039801
20200.0 0.0048231698
20400.0 0.0048480212
20600.0 0.0048796145
20800.0 0.0049176804
21000.0 0.0049597915
21200.0 0.0049958869
21400.0 0.0050139338
21600.0 0.0050168783
21800.0 0.005006545
22000.0 0.0049825129
22200.0 0.0049440443
22400.0 0.0048913061
22600.0 0.0048356636
22800.0 0.0047946926
23000.0 0.0047777028
23200.0 0.0047934532
23400.0 0.0048398641
23600.0 0.0049043888
23800.0 0.0049606775
24000.0 0.0049854236
24200.0 0.0049720412
24400.0 0.0049310601
24600.0 0.0048813828
24800.0 0.004840914
25000.0 0.0048229663
25200.0 0.0048293996
25400.0 0.0048504227
25600.0 0.0048736793
25800.0 0.0048894346
26000.0 0.0048898751
26200.0 0.0048784841
26400.0 0.0048600315
26600.0 0.0048378922
26800.0 0.0048199314
27000.0 0.0048125877
27200.0 0.0048201968
27400.0 0.0048425185
27600.0 0.0048795183
27800.0 0.0049280968
28000.0 0.0049764916
28200.0 0.0050168361
28400.0 0.0050499841
28600.0 0.0050808052
28800.0 0.0051070814
29000.0 0.0051194349
29200.0 0.0051110118
29400.0 0.005075724
29600.0 0.005005011
29800.0 0.0049090174
30000.0 0.0048211172
30200.0 0.0047631996
30400.0 0.0047366012
30600.0 0.004734264
30800.0 0.0047488034
31000.0 0.0047733317
31200.0 0.0048011243
31400.0 0.0048275047
31600.0 0.0048528255
31800.0 0.0048804098
32000.0 0.0049091514
32200.0 0.0049405134
32400.0 0.0049733652
32600.0 0.0050051046
32800.0 0.0050309188
33000.0 0.0050462756
33200.0 0.0050457591
33400.0 0.0050257707
33600.0 0.0049781867
33800.0 0.0048973254
34000.0 0.0047857214
34200.0 0.0046739206
34400.0 0.0046091597
34600.0 0.0045960328
34800.0 0.0046113705
35000.0 0.0046355227
35200.0 0.004661135
35400.0 0.0046891713
35600.0 0.0047249856
35800.0 0.004765305
36000.0 0.0048088567
36200.0 0.0048503551
36400.0 0.0048857082
36600.0 0.0049084138
36800.0 0.0049201546
37000.0 0.004922298
37200.0 0.0049242776
37400.0 0.0049279577
37600.0 0.0049289199
37800.0 0.0049289608
38000.0 0.0049198219
38200.0 0.0048903127
38400.0 0.0048237869
38600.0 0.0047282297
38800.0 0.004640432
39000.0 0.0045953669
39200.0 0.0045983699
39400.0 0.0046350119
39600.0 0.004683907
39800.0 0.0047211667
40000.0 0.0047339185
40200.0 0.0047344559
40400.0 0.0047363878
40600.0 0.0047491506
40800.0 0.004776256
41000.0 0.0048149251
41200.0 0.0048557683
41400.0 0.0048918734
41600.0 0.0049221789
41800.0 0.0049446923
42000.0 0.0049641354
42200.0 0.0049840339
42400.0 0.0050036303
42600.0 0.0050218501
42800.0 0.0050359482
43000.0 0.0050401867
43200.0 0.0050226495
43400.0 0.0049742184
43600.0 0.0049022565
43800.0 0.0048224524
44000.0 0.004755977
44200.0 0.0047154617
44400.0 0.0047024414
44600.0 0.0047083066
44800.0 0.004724951
45000.0 0.0047410456
45200.0 0.0047504969
45400.0 0.0047544861
45600.0 0.004759324
45800.0 0.0047730422
46000.0 0.0048037254
46200.0 0.0048489548
46400.0 0.0049026406
46600.0 0.0049561598
46800.0 0.0049997444
47000.0 0.0050292088
47200.0 0.0050443962
47400.0 0.0050511119
47600.0 0.0050565325
47800.0 0.0050609081
48000.0 0.0050551396
48200.0 0.0050132096
48400.0 0.0049202296
48600.0 0.004803325
48800.0 0.0047155959
49000.0 0.0046713104
49200.0 0.0046626414
49400.0 0.0046850777
49600.0 0.0047284258
49800.0 0.0047769533
50000.0 0.0048152176
50200.0 0.0048348721
50400.0 0.0048454327
50600.0 0.0048635188
50800.0 0.0048929677
51000.0 0.0049305086
51200.0 0.0049682086
51400.0 0.0049959777
51600.0 0.0050062944
51800.0 0.0049934405
52000.0 0.0049559224
52200.0 0.0048985775
52400.0 0.0048349222
52600.0 0.0047858306
52800.0 0.0047655486
53000.0 0.0047707683
53200.0 0.004791118
53400.0 0.0048197939
53600.0 0.0048548949
53800.0 0.0048904154
54000.0 0.0049227912
54200.0 0.0049529009
54400.0 0.0049827778
54600.0 0.0050100513
54800.0 0.005026802
55000.0 0.0050309118
55200.0 0.0050170065
55400.0 0.0049829031
55600.0 0.0049298317
55800.0 0.0048577258
56000.0 0.0047769306
56200.0 0.0047074978
56400.0 0.0046651632
56600.0 0.0046512864
56800.0 0.0046586783
57000.0 0.0046836719
57200.0 0.0047277839
57400.0 0.0047832442
57600.0 0.0048397532
57800.0 0.0048865846
58000.0 0.0049151757
58200.0 0.0049307794
58400.0 0.0049415701
58600.0 0.0049490011
58800.0 0.0049481024
59000.0 0.0049342379
59200.0 0.0049141288
59400.0 0.0048929771
59600.0 0.0048697647
59800.0 0.0048471989
60000.0 0.0048239886
60200.0 0.0048027064
60400.0 0.0047790771
60600.0 0.0047516716
60800.0 0.0047260829
61000.0 0.0047063182
61200.0 0.0046949047
61400.0 0.0047051184
61600.0 0.0047534878
61800.0 0.0048414314
62000.0 0.0049419494
62200.0 0.0050205463
62400.0 0.0050645035
62600.0 0.0050783768
62800.0 0.0050719352
63000.0 0.0050562707
63200.0 0.0050403398
63400.0 0.0050222521
63600.0 0.0049957642
63800.0 0.0049592837
64000.0 0.0049106516
64200.0 0.0048525383
64400.0 0.0047994224
64600.0 0.0047639007
64800.0 0.004750391
65000.0 0.004752937
65200.0 0.0047646435
65400.0 0.0047814178
65600.0 0.0047965761
65800.0 0.0048054219
66000.0 0.0048149745
66200.0 0.0048423829
66400.0 0.0049058478
66600.0 0.0050040167
66800.0 0.0051008143
67000.0 0.0051593418
67200.0 0.0051695771
67400.0 0.0051406208
67600.0 0.0050929472
67800.0 0.0050496087
68000.0 0.0050229857
68200.0 0.0050109421
68400.0 0.0050025561
68600.0 0.0049907699
68800.0 0.0049733296
69000.0 0.0049497576
69200.0 0.0049217519
69400.0 0.0048926981
69600.0 0.004870731
69800.0 0.0048558315
70000.0 0.0048419589
70200.0 0.0048277549
70400.0 0.0048184118
70600.0 0.0048182205
70800.0 0.0048289122
71000.0 0.0048509133
71200.0 0.0048852423
71400.0 0.0049276657
71600.0 0.0049662461
71800.0 0.00499201
72000.0 0.0049968614
72200.0 0.0049764711
72400.0 0.0049314968
72600.0 0.0048751055
72800.0 0.0048284955
73000.0 0.0048083708
73200.0 0.0048163715
73400.0 0.0048416709
73600.0 0.0048753797
73800.0 0.0049060416
74000.0 0.0049188262
74200.0 0.0049103926
74400.0 0.0048845411
74600.0 0.0048509187
74800.0 0.004822806
75000.0 0.0048080093
75200.0 0.004809718
75400.0 0.0048271298
75600.0 0.0048560617
75800.0 0.0048873299
76000.0 0.0049041897
76200.0 0.0048943681
76400.0 0.0048539447
76600.0 0.0047911425
76800.0 0.0047362595
77000.0 0.0047109153
77200.0 0.0047254842
77400.0 0.0047870688
77600.0 0.0048895049
77800.0 0.0049935901
78000.0 0.0050535306
78200.0 0.0050652329
78400.0 0.005046627
78600.0 0.0050150328
78800.0 0.0049866851
79000.0 0.0049660522
79200.0 0.0049515624
79400.0 0.0049380182
79600.0 0.0049206273
79800.0 0.0048966187
80000.0 0.0048645788
80200.0 0.0048291985
80400.0 0.0047983836
80600.0 0.0047766094
80800.0 0.0047703238
81000.0 0.0047943056
81200.0 0.0048521614
81400.0 0.0049316124
81600.0 0.0050089562
81800.0 0.0050554453
82000.0 0.0050594902
82200.0 0.0050278787
82400.0 0.0049769285
82600.0 0.0049236828
82800.0 0.0048837066
83000.0 0.0048643941
83200.0 0.0048644439
83400.0 0.0048733732
83600.0 0.0048716749
83800.0 0.0048512141
84000.0 0.0048179796
84200.0 0.0047826405
84400.0 0.0047575583
84600.0 0.0047538366
84800.0 0.0047780295
85000.0 0.0048255698
85200.0 0.0048812816
85400.0 0.0049302688
85600.0 0.00495825
85800.0 0.0049596957
86000.0 0.0049415173
86200.0 0.0049185372
86400.0 0.0049032421
86600.0 0.0048952247
86800.0 0.0048927255
87000.0 0.0048954791
87200.0 0.0048965413
87400.0 0.0048881146
87600.0 0.0048658811
87800.0 0.0048356196
88000.0 0.0048037855
88200.0 0.0047794231
88400.0 0.0047743175
88600.0 0.0047944022
88800.0 0.0048355392
89000.0 0.0048808256
89200.0 0.0049147067
89400.0 0.0049259634
89600.0 0.0049149324
89800.0 0.0048872774
90000.0 0.0048510247
90200.0 0.004817201
90400.0 0.004800418
90600.0 0.0048039267
90800.0 0.0048219715
91000.0 0.004846298
91200.0 0.0048672603
91400.0 0.0048797521
91600.0 0.0048789001
91800.0 0.0048692893
92000.0 0.0048613349
92200.0 0.0048574327
92400.0 0.0048614272
92600.0 0.004875704
92800.0 0.0048947511
93000.0 0.0049131872
93200.0 0.0049260475
93400.0 0.0049332121
93600.0 0.0049351774
93800.0 0.0049344569
94000.0 0.0049391336
94200.0 0.0049637767
94400.0 0.0050130016
94600.0 0.00507384
94800.0 0.0051149535
95000.0 0.0051152827
95200.0 0.0050722906
95400.0 0.0049955294
95600.0 0.0049129977
95800.0 0.0048497251
96000.0 0.004810974
96200.0 0.0047972105
96400.0 0.0047995323
96600.0 0.0048080123
96800.0 0.0048188861
97000.0 0.0048274406
97200.0 0.0048322394
97400.0 0.0048369905
97600.0 0.0048446135
97800.0 0.0048562192
98000.0 0.0048741537
98200.0 0.0048965351
98400.0 0.0049207922
98600.0 0.0049457093
98800.0 0.0049662528
99000.0 0.0049785255
99200.0 0.0049914356
99400.0 0.0050099807
99600.0 0.0050378169
99800.0 0.0050665003
100000.0 0.0050838678
