0.0 208.68232
200.0 211.71099
400.0 215.77216
600.0 218.96764
800.0 219.67235
1000.0 216.1494
1200.0 210.55032
1400.0 208.38212
1600.0 208.51855
1800.0 209.65737
2000.0 211.58298
2200.0 212.85479
2400.0 213.16795
2600.0 212.0011
2800.0 209.47448
3000.0 206.39189
3200.0 204.5249
3400.0 205.31712
3600.0 209.44799
3800.0 213.30319
4000.0 215.23685
4200.0 214.95143
4400.0 213.53773
4600.0 211.26114
4800.0 209.12183
5000.0 207.9108
5200.0 208.32284
5400.0 210.08628
5600.0 212.71943
5800.0 215.23886
6000.0 215.72204
6200.0 213.49733
6400.0 209.28128
6600.0 205.69299
6800.0 203.83545
7000.0 204.55465
7200.0 208.27841
7400.0 212.01731
7600.0 214.24444
7800.0 214.61275
8000.0 213.17658
8200.0 211.42568
8400.0 209.25759
8600.0 207.84419
8800.0 207.71423
9000.0 209.48858
9200.0 214.43585
9400.0 219.44743
9600.0 220.64575
9800.0 218.19694
10000.0 213.46133
10200.0 209.47737
10400.0 207.87468
10600.0 208.16332
10800.0 210.32899
11000.0 213.02906
11200.0 215.39732
11400.0 215.7567
11600.0 213.1362
11800.0 208.7201
12000.0 206.17862
12200.0 206.07537
12400.0 207.10791
12600.0 208.58334
12800.0 210.55497
13000.0 211.30252
13200.0 211.44891
13400.0 210.83899
13600.0 209.90717
13800.0 210.02452
14000.0 211.92644
14200.0 215.50308
14400.0 218.58331
14600.0 219.39063
14800.0 217.47361
15000.0 213.68479
15200.0 211.50428
15400.0 212.93364
15600.0 214.80577
15800.0 215.06608
16000.0 212.94191
16200.0 209.9583
16400.0 207.34099
16600.0 205.98294
16800.0 205.82532
17000.0 207.94522
17200.0 210.82626
17400.0 213.05957
17600.0 213.91276
17800.0 213.12075
18000.0 211.64318
18200.0 210.1924
18400.0 209.40225
18600.0 209.54829
18800.0 211.52769
19000.0 214.97637
19200.0 218.46815
19400.0 219.17484
19600.0 216.60387
19800.0 212.21098
20000.0 208.45669
20200.0 206.83145
20400.0 207.54697
20600.0 209.88304
20800.0 213.28763
21000.0 216.03706
21200.0 216.20904
21400.0 213.09467
21600.0 207.10492
21800.0 203.4899
22000.0 203.23189
22200.0 204.8527
22400.0 207.24119
22600.0 209.67668
22800.0 211.15148
23000.0 211.50314
23200.0 211.18198
23400.0 210.6129
23600.0 210.55403
23800.0 211.40995
24000.0 213.35452
24200.0 216.48904
24400.0 219.27421
24600.0 220.36474
24800.0 217.22004
25000.0 212.12036
25200.0 209.81337
25400.0 209.55079
25600.0 210.04592
25800.0 210.82179
26000.0 211.14183
26200.0 210.97211
26400.0 209.81705
26600.0 208.53851
26800.0 206.98333
27000.0 207.06466
27200.0 208.88342
27400.0 211.91625
27600.0 214.07066
27800.0 214.09995
28000.0 212.96977
28200.0 211.6217
28400.0 210.34616
28600.0 209.9682
28800.0 210.19992
29000.0 211.09861
29200.0 211.98253
29400.0 212.48914
29600.0 211.62203
29800.0 209.62534
30000.0 208.09902
30200.0 206.954
30400.0 206.75766
30600.0 207.77571
30800.0 210.03703
31000.0 212.11304
31200.0 212.81389
31400.0 212.16711
31600.0 211.06943
31800.0 210.03807
32000.0 209.99002
32200.0 210.39208
32400.0 211.18371
32600.0 212.18663
32800.0 212.96884
33000.0 212.94069
33200.0 211.06974
33400.0 206.8384
33600.0 204.14797
33800.0 204.7355
34000.0 207.43042
34200.0 211.6151
34400.0 214.45245
34600.0 215.4483
34800.0 213.43242
35000.0 209.37756
35200.0 204.69605
35400.0 201.66473
35600.0 202.12025
35800.0 206.64521
36000.0 212.29249
36200.0 214.94308
36400.0 215.6027
36600.0 214.27416
36800.0 211.71562
37000.0 209.0076
37200.0 206.97594
37400.0 206.89279
37600.0 208.41071
37800.0 211.83074
38000.0 216.3268
38200.0 220.10713
38400.0 219.80141
38600.0 215.33349
38800.0 207.99962
39000.0 203.23295
39200.0 202.75759
39400.0 205.31531
39600.0 209.45008
39800.0 213.12874
40000.0 215.1073
40200.0 215.37722
40400.0 213.42356
40600.0 210.42203
40800.0 207.38212
41000.0 206.38269
41200.0 207.03378
41400.0 208.98883
41600.0 211.7641
41800.0 216.1262
42000.0 219.55149
42200.0 221.36077
42400.0 220.7882
42600.0 216.75729
42800.0 210.74274
43000.0 205.96778
43200.0 204.89285
43400.0 206.58952
43600.0 209.99558
43800.0 213.88733
44000.0 216.6244
44200.0 217.11889
44400.0 214.68771
44600.0 210.28813
44800.0 207.07314
45000.0 206.24204
45200.0 207.55416
45400.0 209.19256
45600.0 211.16203
45800.0 212.52796
46000.0 212.7943
46200.0 212.15554
46400.0 210.5058
46600.0 208.57193
46800.0 206.7189
47000.0 206.65406
47200.0 209.08482
47400.0 213.14728
47600.0 216.23428
47800.0 217.66279
48000.0 216.79357
48200.0 214.23329
48400.0 210.99342
48600.0 209.44793
48800.0 209.2883
49000.0 210.12457
49200.0 211.13679
49400.0 211.62663
49600.0 211.51286
49800.0 210.09052
50000.0 207.80033
50200.0 205.39107
50400.0 204.4613
50600.0 206.22151
50800.0 210.16838
51000.0 213.31782
51200.0 214.67645
51400.0 214.30025
51600.0 212.54174
51800.0 210.31732
52000.0 208.39016
52200.0 207.76904
52400.0 208.57112
52600.0 211.38005
52800.0 215.02123
53000.0 217.53982
53200.0 216.77192
53400.0 212.94312
53600.0 208.37471
53800.0 205.75448
54000.0 205.05925
54200.0 206.44548
54400.0 209.36836
54600.0 212.00836
54800.0 213.44409
55000.0 213.11091
55200.0 211.76512
55400.0 210.24502
55600.0 209.10815
55800.0 209.06137
56000.0 210.52724
56200.0 213.50248
56400.0 218.64059
56600.0 223.72732
56800.0 224.9012
57000.0 219.83104
57200.0 212.84401
57400.0 208.91434
57600.0 207.4085
57800.0 207.69272
58000.0 210.11092
58200.0 213.57972
58400.0 216.49799
58600.0 217.24526
58800.0 215.16815
59000.0 210.96179
59200.0 207.93255
59400.0 206.92051
59600.0 207.82251
59800.0 209.61413
60000.0 211.36859
60200.0 213.03894
60400.0 213.13982
60600.0 212.10237
60800.0 209.88135
61000.0 208.19475
61200.0 208.49657
61400.0 211.18066
61600.0 214.54687
61800.0 216.83641
62000.0 217.06272
62200.0 215.88242
62400.0 213.07177
62600.0 211.28455
62800.0 212.73115
63000.0 214.85478
63200.0 214.86726
63400.0 212.89761
63600.0 209.91129
63800.0 207.53686
64000.0 205.82025
64200.0 206.02052
64400.0 207.58157
64600.0 209.61022
64800.0 210.64161
65000.0 210.68927
65200.0 210.39803
65400.0 210.17797
65600.0 210.3788
65800.0 211.42299
66000.0 212.69323
66200.0 214.16692
66400.0 215.27128
66600.0 214.77249
66800.0 211.70675
67000.0 208.37788
67200.0 207.02437
67400.0 208.22573
67600.0 210.27932
67800.0 212.71437
68000.0 213.71967
68200.0 212.60906
68400.0 208.73786
68600.0 203.45056
68800.0 199.27061
69000.0 199.56382
69200.0 203.97437
69400.0 207.71577
69600.0 209.7971
69800.0 211.61455
70000.0 212.96377
70200.0 213.56035
70400.0 213.51454
70600.0 212.6058
70800.0 210.93175
71000.0 209.16913
71200.0 208.12103
71400.0 207.81305
71600.0 208.78625
71800.0 210.89087
72000.0 213.57874
72200.0 215.76883
72400.0 215.83716
72600.0 213.59308
72800.0 208.57553
73000.0 203.98697
73200.0 201.73631
73400.0 203.75629
73600.0 208.98972
73800.0 213.43989
74000.0 215.97245
74200.0 216.32695
74400.0 215.2266
74600.0 212.51425
74800.0 209.89563
75000.0 208.431
75200.0 207.75655
75400.0 208.32348
75600.0 209.69725
75800.0 211.30906
76000.0 213.12896
76200.0 214.81788
76400.0 215.96681
76600.0 216.76641
76800.0 217.30644
77000.0 217.57828
77200.0 217.21292
77400.0 215.17627
77600.0 211.23713
77800.0 208.83755
78000.0 208.79342
78200.0 210.14419
78400.0 211.43625
78600.0 211.81777
78800.0 211.38936
79000.0 210.49252
79200.0 208.40094
79400.0 206.25276
79600.0 204.78709
79800.0 204.67362
80000.0 206.79787
80200.0 211.85456
80400.0 215.75157
80600.0 216.18415
80800.0 213.87382
81000.0 210.23409
81200.0 207.30615
81400.0 206.72059
81600.0 208.77141
81800.0 213.40152
82000.0 218.26841
82200.0 219.89017
82400.0 218.3241
82600.0 215.26811
82800.0 212.8009
83000.0 211.63524
83200.0 210.97396
83400.0 210.77689
83600.0 210.81142
83800.0 210.70508
84000.0 210.48805
84200.0 209.85472
84400.0 208.58424
84600.0 207.70852
84800.0 206.98802
85000.0 207.30639
85200.0 209.32197
85400.0 212.2681
85600.0 214.98306
85800.0 215.76579
86000.0 214.48037
86200.0 211.58967
86400.0 207.88512
86600.0 204.89944
86800.0 204.02694
87000.0 206.21643
87200.0 211.71626
87400.0 217.29888
87600.0 219.60758
87800.0 218.32623
88000.0 214.45701
88200.0 210.57665
88400.0 208.20824
88600.0 207.75209
88800.0 208.39928
89000.0 210.09166
89200.0 212.14911
89400.0 213.71696
89600.0 214.13697
89800.0 213.66564
90000.0 210.62486
90200.0 206.39109
90400.0 203.17896
90600.0 203.46537
90800.0 206.40605
91000.0 211.31774
91200.0 215.05927
91400.0 216.37667
91600.0 214.97042
91800.0 211.86815
92000.0 208.85324
92200.0 207.36035
92400.0 207.41293
92600.0 208.58461
92800.0 209.80084
93000.0 211.31022
93200.0 212.07964
93400.0 212.50837
93600.0 212.11881
93800.0 211.41714
94000.0 209.8597
94200.0 208.0543
94400.0 205.85422
94600.0 204.57721
94800.0 205.31256
95000.0 208.509
95200.0 213.61543
95400.0 217.92946
95600.0 219.06665
95800.0 215.73774
96000.0 209.39553
96200.0 203.71348
96400.0 201.65252
96600.0 203.25463
96800.0 206.2442
97000.0 209.1851
97200.0 211.72767
97400.0 213.07891
97600.0 213.50052
97800.0 213.06494
98000.0 211.44117
98200.0 209.14185
98400.0 207.45851
98600.0 206.08581
98800.0 206.59136
99000.0 208.98516
99200.0 213.19729
99400.0 217.1114
99600.0 218.57887
99800.0 216.35471
100000.0 211.36016
