0.0 2.8960627
200.0 2.888617
400.0 2.8856746
600.0 2.8944435
800.0 2.8825809
1000.0 2.8860227
1200.0 2.8954742
1400.0 2.8929149
1600.0 2.8933689
1800.0 2.8970131
2000.0 2.8981079
2200.0 2.8996013
2400.0 2.8983339
2600.0 2.8957952
2800.0 2.8994112
3000.0 2.893377
3200.0 2.89547
3400.0 2.8883818
3600.0 2.8822015
3800.0 2.8986048
4000.0 2.8798669
4200.0 2.8914806
4400.0 2.8921092
4600.0 2.8803674
4800.0 2.9071968
5000.0 2.8731477
5200.0 2.9070827
5400.0 2.8898056
5600.0 2.9077211
5800.0 2.8932524
6000.0 2.89839
6200.0 2.8944463
6400.0 2.9047513
6600.0 2.9002902
6800.0 2.8911676
7000.0 2.902119
7200.0 2.9018633
7400.0 2.8859556
7600.0 2.897134
7800.0 2.8920812
8000.0 2.8898666
8200.0 2.8836991
8400.0 2.888421
8600.0 2.8886069
8800.0 2.8781138
9000.0 2.8876674
9200.0 2.8805796
9400.0 2.8833256
9600.0 2.8870227
9800.0 2.8925977
10000.0 2.9095164
10200.0 2.878557
10400.0 2.9101302
10600.0 2.900459
10800.0 2.8993202
11000.0 2.8934423
11200.0 2.8998411
11400.0 2.8978453
11600.0 2.9032274
11800.0 2.8830475
12000.0 2.8991003
12200.0 2.8884508
12400.0 2.8947206
12600.0 2.8830533
12800.0 2.8992417
13000.0 2.8966697
13200.0 2.893343
13400.0 2.9019775
13600.0 2.9049669
13800.0 2.9052206
14000.0 2.8905906
14200.0 2.9085101
14400.0 2.8893892
14600.0 2.9010396
14800.0 2.8877181
15000.0 2.8961281
15200.0 2.8950162
15400.0 2.8900704
15600.0 2.8858746
15800.0 2.8969496
16000.0 2.8846307
16200.0 2.9027806
16400.0 2.8905264
16600.0 2.8959107
16800.0 2.8798023
17000.0 2.8976435
17200.0 2.8902517
17400.0 2.8959506
17600.0 2.9003575
17800.0 2.8936514
18000.0 2.8994068
18200.0 2.9035455
18400.0 2.9017979
18600.0 2.9061986
18800.0 2.8872027
19000.0 2.8988718
19200.0 2.8979503
19400.0 2.8947727
19600.0 2.8894522
19800.0 2.8930382
20000.0 2.8895386
20200.0 2.8982213
20400.0 2.8915522
20600.0 2.8970132
20800.0 2.89857
21000.0 2.8978672
21200.0 2.9066072
21400.0 2.9017166
21600.0 2.9040416
21800.0 2.8965259
22000.0 2.902006
22200.0 2.8900748
22400.0 2.8962675
22600.0 2.8818327
22800.0 2.8951572
23000.0 2.8764508
23200.0 2.9003497
23400.0 2.8842111
23600.0 2.8963169
23800.0 2.8836576
24000.0 2.9111614
24200.0 2.8852533
24400.0 2.9103682
24600.0 2.901568
24800.0 2.8985514
25000.0 2.9025338
25200.0 2.8902889
25400.0 2.9019118
25600.0 2.893371
25800.0 2.901056
26000.0 2.8868767
26200.0 2.8987351
26400.0 2.8965508
26600.0 2.8996118
26800.0 2.8844492
27000.0 2.9014591
27200.0 2.8924875
27400.0 2.8998599
27600.0 2.8994841
27800.0 2.888921
28000.0 2.8950404
28200.0 2.888933
28400.0 2.8919498
28600.0 2.8903596
28800.0 2.8992954
29000.0 2.8831617
29200.0 2.8933878
29400.0 2.891592
29600.0 2.8938704
29800.0 2.8986693
30000.0 2.8935354
30200.0 2.9184153
30400.0 2.8774259
30600.0 2.9182019
30800.0 2.8880702
31000.0 2.9089179
31200.0 2.8876816
31400.0 2.8858207
31600.0 2.891535
31800.0 2.8736852
32000.0 2.8933021
32200.0 2.8776706
32400.0 2.8948605
32600.0 2.8769045
32800.0 2.8969
33000.0 2.895617
33200.0 2.8919827
33400.0 2.898886
33600.0 2.9024458
33800.0 2.8996371
34000.0 2.8939113
34200.0 2.8996247
34400.0 2.9043149
34600.0 2.8875057
34800.0 2.9023421
35000.0 2.8708451
35200.0 2.9002875
35400.0 2.8758871
35600.0 2.9037571
35800.0 2.8725163
36000.0 2.8973778
36200.0 2.8824649
36400.0 2.896082
36600.0 2.8980304
36800.0 2.895418
37000.0 2.9006303
37200.0 2.9016553
37400.0 2.8967083
37600.0 2.906645
37800.0 2.8925418
38000.0 2.9027725
38200.0 2.8951885
38400.0 2.8981368
38600.0 2.8985962
38800.0 2.8970726
39000.0 2.8873276
39200.0 2.9006188
39400.0 2.8912239
39600.0 2.887378
39800.0 2.8970343
40000.0 2.8901498
40200.0 2.8948372
40400.0 2.8836066
40600.0 2.8937746
40800.0 2.8940533
41000.0 2.8944614
41200.0 2.8892204
41400.0 2.8886231
41600.0 2.8974078
41800.0 2.8968745
42000.0 2.9094489
42200.0 2.8912306
42400.0 2.9075397
42600.0 2.8984001
42800.0 2.8939595
43000.0 2.9100636
43200.0 2.8933316
43400.0 2.8891446
43600.0 2.8949029
43800.0 2.8857616
44000.0 2.9026469
44200.0 2.8825038
44400.0 2.8967708
44600.0 2.8903492
44800.0 2.8959658
45000.0 2.9007466
45200.0 2.8936216
45400.0 2.9037838
45600.0 2.898209
45800.0 2.9115278
46000.0 2.9040995
46200.0 2.91431
46400.0 2.8968683
46600.0 2.9051679
46800.0 2.8864971
47000.0 2.8977955
47200.0 2.8947061
47400.0 2.8980335
47600.0 2.8878892
47800.0 2.8965139
48000.0 2.8876571
48200.0 2.898356
48400.0 2.8944134
48600.0 2.8865464
48800.0 2.8995398
49000.0 2.885197
49200.0 2.8928395
49400.0 2.8855354
49600.0 2.892943
49800.0 2.8830498
50000.0 2.8928597
50200.0 2.8882895
50400.0 2.9026229
50600.0 2.9026944
50800.0 2.8930053
51000.0 2.900889
51200.0 2.9048195
51400.0 2.8949081
51600.0 2.9014216
51800.0 2.8969174
52000.0 2.9027973
52200.0 2.886635
52400.0 2.9040988
52600.0 2.8803026
52800.0 2.8941261
53000.0 2.8812116
53200.0 2.8959202
53400.0 2.8816244
53600.0 2.8814303
53800.0 2.8881133
54000.0 2.8928851
54200.0 2.8881985
54400.0 2.8987802
54600.0 2.9052534
54800.0 2.8937125
55000.0 2.8918764
55200.0 2.9080136
55400.0 2.8889133
55600.0 2.8949214
55800.0 2.8858716
56000.0 2.8997144
56200.0 2.8990133
56400.0 2.8796124
56600.0 2.8945055
56800.0 2.8839659
57000.0 2.898762
57200.0 2.8936166
57400.0 2.8900979
57600.0 2.890891
57800.0 2.8980526
58000.0 2.8910342
58200.0 2.8967454
58400.0 2.8925617
58600.0 2.8962796
58800.0 2.8928543
59000.0 2.9029153
59200.0 2.8848671
59400.0 2.9109302
59600.0 2.8789892
59800.0 2.9118577
60000.0 2.8983409
60200.0 2.9113289
60400.0 2.9010116
60600.0 2.8916226
60800.0 2.9145598
61000.0 2.8962893
61200.0 2.8865638
61400.0 2.9023571
61600.0 2.886122
61800.0 2.8985484
62000.0 2.8755134
62200.0 2.896704
62400.0 2.8786642
62600.0 2.8901578
62800.0 2.8949096
63000.0 2.8743828
63200.0 2.8977749
63400.0 2.8899519
63600.0 2.9028175
63800.0 2.9040685
64000.0 2.8842445
64200.0 2.9119833
64400.0 2.8861865
64600.0 2.9048791
64800.0 2.8911408
65000.0 2.9037324
65200.0 2.8774302
65400.0 2.8977044
65600.0 2.8874679
65800.0 2.8894887
66000.0 2.8896149
66200.0 2.8785824
66400.0 2.8794306
66600.0 2.8762028
66800.0 2.8943697
67000.0 2.8710541
67200.0 2.8906349
67400.0 2.8874539
67600.0 2.8915484
67800.0 2.884587
68000.0 2.8947516
68200.0 2.9020618
68400.0 2.8991367
68600.0 2.8848321
68800.0 2.9111439
69000.0 2.8863034
69200.0 2.9067239
69400.0 2.879849
69600.0 2.9107835
69800.0 2.8809784
70000.0 2.8938455
70200.0 2.8947786
70400.0 2.8895211
70600.0 2.8938142
70800.0 2.8880382
71000.0 2.890179
71200.0 2.9007755
71400.0 2.8928217
71600.0 2.8914567
71800.0 2.8892162
72000.0 2.892069
72200.0 2.897654
72400.0 2.8950553
72600.0 2.8842841
72800.0 2.8880155
73000.0 2.8790635
73200.0 2.8925738
73400.0 2.8793523
73600.0 2.8815966
73800.0 2.8954978
74000.0 2.8780398
74200.0 2.90533
74400.0 2.877601
74600.0 2.9095779
74800.0 2.8877566
75000.0 2.9013435
75200.0 2.9041817
75400.0 2.8868983
75600.0 2.9062102
75800.0 2.9044232
76000.0 2.8971315
76200.0 2.9018007
76400.0 2.8976735
76600.0 2.896984
76800.0 2.8928902
77000.0 2.8925084
77200.0 2.8776472
77400.0 2.9072012
77600.0 2.8789702
77800.0 2.8995819
78000.0 2.8888648
78200.0 2.8894529
78400.0 2.903756
78600.0 2.8958454
78800.0 2.9021207
79000.0 2.9002192
79200.0 2.8962184
79400.0 2.8949091
79600.0 2.897802
79800.0 2.895817
80000.0 2.8967546
80200.0 2.8966849
80400.0 2.8858448
80600.0 2.8992734
80800.0 2.8937481
81000.0 2.8949725
81200.0 2.8916615
81400.0 2.8907384
81600.0 2.8997756
81800.0 2.8961667
82000.0 2.9069846
82200.0 2.8942154
82400.0 2.9031516
82600.0 2.8980804
82800.0 2.9071255
83000.0 2.8970843
83200.0 2.891883
83400.0 2.8910825
83600.0 2.8817845
83800.0 2.8992109
84000.0 2.877411
84200.0 2.8885198
84400.0 2.8908707
84600.0 2.8791812
84800.0 2.9028609
85000.0 2.8862434
85200.0 2.9044557
85400.0 2.9020506
85600.0 2.8877242
85800.0 2.9071484
86000.0 2.8968161
86200.0 2.9015524
86400.0 2.8953697
86600.0 2.8941843
86800.0 2.89268
87000.0 2.8934881
87200.0 2.8957655
87400.0 2.8868179
87600.0 2.8844563
87800.0 2.8893103
88000.0 2.8782465
88200.0 2.8888147
88400.0 2.8803561
88600.0 2.8810424
88800.0 2.8836581
89000.0 2.8946105
89200.0 2.8862041
89400.0 2.8833795
89600.0 2.9051223
89800.0 2.8959173
90000.0 2.8971922
90200.0 2.8930358
90400.0 2.9000823
90600.0 2.8911377
90800.0 2.9160133
91000.0 2.8746266
91200.0 2.9159746
91400.0 2.8830032
91600.0 2.8976564
91800.0 2.8780877
92000.0 2.8909361
92200.0 2.884186
92400.0 2.8834758
92600.0 2.885805
92800.0 2.8862812
93000.0 2.8977809
93200.0 2.8942085
93400.0 2.8917736
93600.0 2.8904629
93800.0 2.9025893
94000.0 2.8903149
94200.0 2.9080559
94400.0 2.8828017
94600.0 2.9065415
94800.0 2.8982679
95000.0 2.895368
95200.0 2.8966217
95400.0 2.9024816
95600.0 2.9067115
95800.0 2.9062749
96000.0 2.8980396
96200.0 2.9043993
96400.0 2.9064826
96600.0 2.9013356
96800.0 2.8913024
97000.0 2.9058882
97200.0 2.8946979
97400.0 2.8984851
97600.0 2.8949494
97800.0 2.8949004
98000.0 2.8944233
98200.0 2.895117
98400.0 2.8937783
98600.0 2.8897763
98800.0 2.8894786
99000.0 2.8812147
99200.0 2.8880538
99400.0 2.8866511
99600.0 2.8833276
99800.0 2.8857778
100000.0 2.8861129
