0.0 2.1292741
200.0 2.1176235
400.0 2.0911855
600.0 2.1070061
800.0 2.1046403
1000.0 2.0908952
1200.0 2.1092528
1400.0 2.1017037
1600.0 2.0916534
1800.0 2.1177734
2000.0 2.1192295
2200.0 2.0992863
2400.0 2.1125335
2600.0 2.1233106
2800.0 2.110425
3000.0 2.1167692
3200.0 2.1384265
3400.0 2.1124548
3600.0 2.0930088
3800.0 2.1358551
4000.0 2.1215582
4200.0 2.0970631
4400.0 2.1211841
4600.0 2.1252275
4800.0 2.1087718
5000.0 2.1113766
5200.0 2.1265302
5400.0 2.1291366
5600.0 2.1273208
5800.0 2.1340022
6000.0 2.1238807
6200.0 2.1352546
6400.0 2.1232369
6600.0 2.1226459
6800.0 2.1232265
7000.0 2.1038113
7200.0 2.0902154
7400.0 2.1067772
7600.0 2.1067552
7800.0 2.0998282
8000.0 2.1074216
8200.0 2.1052754
8400.0 2.0942744
8600.0 2.1293289
8800.0 2.1248725
9000.0 2.1052461
9200.0 2.1209221
9400.0 2.1129323
9600.0 2.1115495
9800.0 2.1119874
10000.0 2.1088626
10200.0 2.1105021
10400.0 2.1085239
10600.0 2.0896368
10800.0 2.0926323
11000.0 2.1100508
11200.0 2.106852
11400.0 2.0931474
11600.0 2.1182445
11800.0 2.1150935
12000.0 2.0933364
12200.0 2.1197164
12400.0 2.1194515
12600.0 2.073312
12800.0 2.1199741
13000.0 2.1264662
13200.0 2.0996979
13400.0 2.1171319
13600.0 2.1025013
13800.0 2.110889
14000.0 2.1194386
14200.0 2.1035692
14400.0 2.1242797
14600.0 2.1112072
14800.0 2.1110956
15000.0 2.1228215
15200.0 2.1000732
15400.0 2.0893251
15600.0 2.1124296
15800.0 2.1167225
16000.0 2.0960975
16200.0 2.1062142
16400.0 2.1119917
16600.0 2.1149271
16800.0 2.1148573
17000.0 2.1047577
17200.0 2.0992192
17400.0 2.0993665
17600.0 2.0805638
17800.0 2.0725029
18000.0 2.1114496
18200.0 2.1069341
18400.0 2.0942044
18600.0 2.0958971
18800.0 2.098962
19000.0 2.0985246
19200.0 2.0897959
19400.0 2.0968229
19600.0 2.1004769
19800.0 2.0746721
20000.0 2.0717618
20200.0 2.0731084
20400.0 2.0674582
20600.0 2.0681397
20800.0 2.0753534
21000.0 2.0705629
21200.0 2.0708235
21400.0 2.0947891
21600.0 2.1001868
21800.0 2.0777372
22000.0 2.0915005
22200.0 2.1237905
22400.0 2.0995937
22600.0 2.0945477
22800.0 2.1148118
23000.0 2.1094788
23200.0 2.1129698
23400.0 2.1132683
23600.0 2.1002175
23800.0 2.109288
24000.0 2.120448
24200.0 2.1173147
24400.0 2.1111082
24600.0 2.1240867
24800.0 2.1370617
25000.0 2.127557
25200.0 2.1267709
25400.0 2.1382977
25600.0 2.1404335
25800.0 2.122819
26000.0 2.1292852
26200.0 2.1323714
26400.0 2.1280674
26600.0 2.1256962
26800.0 2.1329541
27000.0 2.1240806
27200.0 2.1279963
27400.0 2.1380558
27600.0 2.1266754
27800.0 2.1532456
28000.0 2.1329464
28200.0 2.1313206
28400.0 2.1435493
28600.0 2.1307665
28800.0 2.1239474
29000.0 2.126443
29200.0 2.11701
29400.0 2.1136244
29600.0 2.1049117
29800.0 2.109823
30000.0 2.1086352
30200.0 2.108651
30400.0 2.1123444
30600.0 2.1118207
30800.0 2.1064391
31000.0 2.1121777
31200.0 2.1225982
31400.0 2.1061726
31600.0 2.0854276
31800.0 2.0975952
32000.0 2.1024837
32200.0 2.0898852
32400.0 2.0899936
32600.0 2.0768861
32800.0 2.0643571
33000.0 2.0869529
33200.0 2.1072097
33400.0 2.0756752
33600.0 2.0846772
33800.0 2.0842521
34000.0 2.078084
34200.0 2.0911629
34400.0 2.1015507
34600.0 2.0980406
34800.0 2.1092835
35000.0 2.1105139
35200.0 2.1022573
35400.0 2.1203283
35600.0 2.1157397
35800.0 2.1122123
36000.0 2.1157659
36200.0 2.1119742
36400.0 2.122651
36600.0 2.1127836
36800.0 2.0882637
37000.0 2.1030176
37200.0 2.1207976
37400.0 2.082845
37600.0 2.0864661
37800.0 2.1075349
38000.0 2.114882
38200.0 2.1061108
38400.0 2.1314486
38600.0 2.1381817
38800.0 2.1213982
39000.0 2.1399612
39200.0 2.1611718
39400.0 2.1319016
39600.0 2.1356629
39800.0 2.1499382
40000.0 2.1462942
40200.0 2.1522953
40400.0 2.1352177
40600.0 2.1265496
40800.0 2.1504075
41000.0 2.1138127
41200.0 2.0979792
41400.0 2.1140868
41600.0 2.1118266
41800.0 2.0991758
42000.0 2.1054174
42200.0 2.1117276
42400.0 2.0998912
42600.0 2.1100576
42800.0 2.1173047
43000.0 2.0949832
43200.0 2.099769
43400.0 2.0917202
43600.0 2.0759894
43800.0 2.0817188
44000.0 2.0883658
44200.0 2.0937237
44400.0 2.0987859
44600.0 2.0981528
44800.0 2.1052212
45000.0 2.1084541
45200.0 2.0787082
45400.0 2.0934965
45600.0 2.1085496
45800.0 2.089898
46000.0 2.0813593
46200.0 2.0904592
46400.0 2.0934495
46600.0 2.1053533
46800.0 2.0876862
47000.0 2.0837305
47200.0 2.1082243
47400.0 2.1142763
47600.0 2.1027198
47800.0 2.1095121
48000.0 2.1111723
48200.0 2.1215822
48400.0 2.116836
48600.0 2.1066184
48800.0 2.1301261
49000.0 2.1103457
49200.0 2.1107639
49400.0 2.1377021
49600.0 2.1224234
49800.0 2.1254335
50000.0 2.1328353
50200.0 2.1197932
50400.0 2.1174878
50600.0 2.1116173
50800.0 2.1037839
51000.0 2.1069889
51200.0 2.1084425
51400.0 2.1014809
51600.0 2.1148441
51800.0 2.1129467
52000.0 2.1115607
52200.0 2.1240223
52400.0 2.101061
52600.0 2.1237851
52800.0 2.143491
53000.0 2.0945277
53200.0 2.1144583
53400.0 2.1239749
53600.0 2.1151654
53800.0 2.0990142
54000.0 2.1108916
54200.0 2.1174623
54400.0 2.1036427
54600.0 2.1051154
54800.0 2.0947474
55000.0 2.0676949
55200.0 2.0703794
55400.0 2.080316
55600.0 2.0669639
55800.0 2.0705599
56000.0 2.0699104
56200.0 2.049561
56400.0 2.0641646
56600.0 2.062104
56800.0 2.0772324
57000.0 2.0682879
57200.0 2.0549057
57400.0 2.0632315
57600.0 2.0476155
57800.0 2.0489
58000.0 2.0648532
58200.0 2.0660074
58400.0 2.0594787
58600.0 2.0711952
58800.0 2.0784438
59000.0 2.0836198
59200.0 2.0840073
59400.0 2.0960669
59600.0 2.0987075
59800.0 2.0897964
60000.0 2.1006123
60200.0 2.1041041
60400.0 2.089934
60600.0 2.0894698
60800.0 2.1137867
61000.0 2.1171427
61200.0 2.107656
61400.0 2.0976561
61600.0 2.1100904
61800.0 2.1069253
62000.0 2.1062118
62200.0 2.1255425
62400.0 2.1118335
62600.0 2.107837
62800.0 2.1259956
63000.0 2.1178385
63200.0 2.1027112
63400.0 2.1050668
63600.0 2.1145313
63800.0 2.1148783
64000.0 2.0940024
64200.0 2.08743
64400.0 2.0920059
64600.0 2.0981841
64800.0 2.0816322
65000.0 2.0635755
65200.0 2.0657976
65400.0 2.0758989
65600.0 2.0551592
65800.0 2.0535919
66000.0 2.0740787
66200.0 2.0776533
66400.0 2.0713634
66600.0 2.0695601
66800.0 2.0828453
67000.0 2.0933958
67200.0 2.0921161
67400.0 2.0949265
67600.0 2.1087193
67800.0 2.0979249
68000.0 2.1038586
68200.0 2.1216372
68400.0 2.1136035
68600.0 2.1223058
68800.0 2.1211579
69000.0 2.1309876
69200.0 2.1133192
69400.0 2.12023
69600.0 2.1178853
69800.0 2.1290563
70000.0 2.1363334
70200.0 2.1265649
70400.0 2.1212619
70600.0 2.1296256
70800.0 2.1105474
71000.0 2.1115594
71200.0 2.112996
71400.0 2.1101844
71600.0 2.1096021
71800.0 2.1174792
72000.0 2.1064358
72200.0 2.109983
72400.0 2.0899837
72600.0 2.1012304
72800.0 2.1133971
73000.0 2.0824788
73200.0 2.0762675
73400.0 2.0952251
73600.0 2.0729486
73800.0 2.0776638
74000.0 2.0869193
74200.0 2.0938705
74400.0 2.1012125
74600.0 2.1092091
74800.0 2.1137978
75000.0 2.1077442
75200.0 2.1201152
75400.0 2.1180828
75600.0 2.1198508
75800.0 2.1172575
76000.0 2.1159936
76200.0 2.1132287
76400.0 2.1117122
76600.0 2.1031101
76800.0 2.0962431
77000.0 2.0959871
77200.0 2.0860119
77400.0 2.1012484
77600.0 2.0973051
77800.0 2.076219
78000.0 2.1015781
78200.0 2.1066931
78400.0 2.1018012
78600.0 2.1011993
78800.0 2.1008225
79000.0 2.1219436
79200.0 2.105784
79400.0 2.0841713
79600.0 2.1086255
79800.0 2.1055257
80000.0 2.1057761
80200.0 2.0897369
80400.0 2.0906453
80600.0 2.0921778
80800.0 2.1222805
81000.0 2.117946
81200.0 2.1080487
81400.0 2.1276457
81600.0 2.1305355
81800.0 2.1262218
82000.0 2.1207225
82200.0 2.1423866
82400.0 2.137358
82600.0 2.1076951
82800.0 2.115621
83000.0 2.1151759
83200.0 2.1015408
83400.0 2.1059837
83600.0 2.0948464
83800.0 2.0932498
84000.0 2.0934113
84200.0 2.085981
84400.0 2.0794715
84600.0 2.0624338
84800.0 2.0759565
85000.0 2.0919582
85200.0 2.0619133
85400.0 2.0587316
85600.0 2.0501573
85800.0 2.0640194
86000.0 2.0807693
86200.0 2.0745977
86400.0 2.0719319
86600.0 2.0755657
86800.0 2.0821667
87000.0 2.095538
87200.0 2.0972254
87400.0 2.0804785
87600.0 2.0909777
87800.0 2.1002075
88000.0 2.1014471
88200.0 2.0969316
88400.0 2.1119737
88600.0 2.1051124
88800.0 2.1071354
89000.0 2.1215961
89200.0 2.1185706
89400.0 2.1255265
89600.0 2.095596
89800.0 2.1142072
90000.0 2.1246462
90200.0 2.1253224
90400.0 2.1329166
90600.0 2.105459
90800.0 2.1007203
91000.0 2.1349505
91200.0 2.1214331
91400.0 2.1067625
91600.0 2.1191559
91800.0 2.1229445
92000.0 2.1129774
92200.0 2.1026325
92400.0 2.0978087
92600.0 2.1049923
92800.0 2.1123856
93000.0 2.09504
93200.0 2.0935416
93400.0 2.1053129
93600.0 2.1098911
93800.0 2.1161412
94000.0 2.1150066
94200.0 2.1020095
94400.0 2.1009525
94600.0 2.1078909
94800.0 2.0972151
95000.0 2.0959497
95200.0 2.0952344
95400.0 2.0976931
95600.0 2.0950889
95800.0 2.1027714
96000.0 2.094055
96200.0 2.0805683
96400.0 2.0924969
96600.0 2.1132282
96800.0 2.0953651
97000.0 2.0784949
97200.0 2.0941036
97400.0 2.0999743
97600.0 2.093465
97800.0 2.1008846
98000.0 2.0979593
98200.0 2.1062209
98400.0 2.1078444
98600.0 2.1134476
98800.0 2.1197025
99000.0 2.1231284
99200.0 2.1238586
99400.0 2.1161334
99600.0 2.1157971
99800.0 2.1380579
100000.0 2.1164818
