0.0 84.221366
200.0 85.147029
400.0 83.117828
600.0 87.289422
800.0 84.869644
1000.0 84.855282
1200.0 90.263397
1400.0 83.557492
1600.0 84.915745
1800.0 86.035081
2000.0 86.36176
2200.0 87.668441
2400.0 87.860369
2600.0 88.407099
2800.0 89.66253
3000.0 87.980155
3200.0 87.551084
3400.0 88.179772
3600.0 89.562003
3800.0 86.388054
4000.0 87.899378
4200.0 86.004438
4400.0 86.234206
4600.0 87.16047
4800.0 86.375804
5000.0 85.04511
5200.0 84.296903
5400.0 85.608882
5600.0 84.775228
5800.0 85.163511
6000.0 83.968161
6200.0 86.666514
6400.0 86.389461
6600.0 87.149541
6800.0 87.512802
7000.0 86.224375
7200.0 88.137309
7400.0 87.865561
7600.0 86.222996
7800.0 83.873719
8000.0 84.225656
8200.0 85.069997
8400.0 87.017842
8600.0 85.328512
8800.0 85.350467
9000.0 86.17913
9200.0 89.010611
9400.0 86.851595
9600.0 87.75733
9800.0 88.683397
10000.0 86.78319
10200.0 88.532703
10400.0 84.894231
10600.0 85.49227
10800.0 88.609824
11000.0 83.576343
11200.0 83.409919
11400.0 85.082709
11600.0 87.47612
11800.0 85.424961
12000.0 89.179663
12200.0 86.156962
12400.0 86.264795
12600.0 83.31119
12800.0 83.595238
13000.0 86.82115
13200.0 86.82883
13400.0 85.399736
13600.0 83.666911
13800.0 84.664847
14000.0 87.203075
14200.0 83.20148
14400.0 86.033485
14600.0 87.706385
14800.0 86.10932
15000.0 85.496154
15200.0 89.399645
15400.0 85.80183
15600.0 86.138829
15800.0 85.464119
16000.0 88.446781
16200.0 86.278195
16400.0 86.002511
16600.0 85.050053
16800.0 85.183814
17000.0 82.917563
17200.0 83.300282
17400.0 88.024118
17600.0 85.185375
17800.0 86.92707
18000.0 86.405364
18200.0 84.48857
18400.0 87.331764
18600.0 86.043988
18800.0 86.467668
19000.0 87.098296
19200.0 88.471769
19400.0 88.369475
19600.0 89.05001
19800.0 88.087133
20000.0 88.883618
20200.0 86.338328
20400.0 86.77224
20600.0 88.933286
20800.0 85.973707
21000.0 82.389286
21200.0 87.528988
21400.0 86.177923
21600.0 84.015682
21800.0 85.096388
22000.0 85.862645
22200.0 89.344054
22400.0 87.061199
22600.0 86.483098
22800.0 87.059429
23000.0 87.086943
23200.0 87.273826
23400.0 82.69245
23600.0 85.701732
23800.0 87.605707
24000.0 83.946363
24200.0 86.389328
24400.0 83.015194
24600.0 82.740278
24800.0 87.62881
25000.0 85.488334
25200.0 83.237752
25400.0 87.694138
25600.0 87.172706
25800.0 87.514089
26000.0 86.733039
26200.0 85.571129
26400.0 84.810581
26600.0 87.003927
26800.0 85.388527
27000.0 83.22927
27200.0 85.268662
27400.0 86.784987
27600.0 85.762113
27800.0 82.04783
28000.0 84.331102
28200.0 86.757047
28400.0 87.562508
28600.0 81.977025
28800.0 83.197866
29000.0 85.665768
29200.0 87.138498
29400.0 86.575341
29600.0 86.206359
29800.0 86.576351
30000.0 86.330265
30200.0 87.366006
30400.0 86.347291
30600.0 83.510613
30800.0 88.739863
31000.0 82.447784
31200.0 84.540323
31400.0 85.057136
31600.0 86.218526
31800.0 83.850086
32000.0 87.538
32200.0 85.777421
32400.0 87.193621
32600.0 86.669587
32800.0 86.078769
33000.0 87.995219
33200.0 88.376841
33400.0 84.769098
33600.0 87.186804
33800.0 84.872555
34000.0 85.476205
34200.0 86.744917
34400.0 84.725506
34600.0 85.303993
34800.0 86.375391
35000.0 83.687373
35200.0 87.324137
35400.0 88.331497
35600.0 87.342599
35800.0 86.472448
36000.0 89.799992
36200.0 87.04706
36400.0 86.35251
36600.0 87.939488
36800.0 84.964915
37000.0 85.116038
37200.0 88.387486
37400.0 87.142233
37600.0 85.8694
37800.0 86.285759
38000.0 85.792034
38200.0 84.34054
38400.0 85.303908
38600.0 83.409451
38800.0 85.658961
39000.0 87.158692
39200.0 84.866485
39400.0 86.375218
39600.0 87.872171
39800.0 85.223562
40000.0 86.096485
40200.0 85.786527
40400.0 87.708652
40600.0 84.994061
40800.0 86.297638
41000.0 87.813281
41200.0 81.838664
41400.0 83.705778
41600.0 85.722803
41800.0 84.623336
42000.0 84.474319
42200.0 83.642056
42400.0 87.692007
42600.0 87.419818
42800.0 85.62112
43000.0 85.506502
43200.0 85.821022
43400.0 87.310779
43600.0 85.334671
43800.0 87.444144
44000.0 85.725678
44200.0 85.544246
44400.0 85.272772
44600.0 82.97798
44800.0 86.213617
45000.0 85.11652
45200.0 84.71072
45400.0 83.810825
45600.0 82.303871
45800.0 83.569385
46000.0 81.824477
46200.0 87.138684
46400.0 86.048517
46600.0 85.668415
46800.0 85.434682
47000.0 84.919313
47200.0 87.942812
47400.0 85.966498
47600.0 87.887849
47800.0 85.999705
48000.0 87.099461
48200.0 85.909208
48400.0 83.880086
48600.0 85.702322
48800.0 87.295641
49000.0 85.206216
49200.0 85.118056
49400.0 83.885762
49600.0 84.228335
49800.0 85.492948
50000.0 85.14123
50200.0 86.449585
50400.0 86.847388
50600.0 83.608199
50800.0 86.874177
51000.0 89.473865
51200.0 87.96533
51400.0 85.627355
51600.0 87.042777
51800.0 85.267226
52000.0 86.675119
52200.0 86.489307
52400.0 85.621204
52600.0 83.679807
52800.0 86.265436
53000.0 83.444555
53200.0 83.9616
53400.0 83.966132
53600.0 81.27115
53800.0 83.122882
54000.0 84.777077
54200.0 83.240321
54400.0 85.516537
54600.0 83.30887
54800.0 83.359239
55000.0 85.990045
55200.0 85.407555
55400.0 85.683075
55600.0 85.098624
55800.0 89.441688
56000.0 86.870427
56200.0 85.345727
56400.0 85.911367
56600.0 86.456101
56800.0 84.258262
57000.0 86.25509
57200.0 85.062534
57400.0 86.049583
57600.0 85.082944
57800.0 82.644978
58000.0 84.538352
58200.0 84.342219
58400.0 84.612857
58600.0 86.850035
58800.0 83.749272
59000.0 86.046809
59200.0 84.375061
59400.0 85.843382
59600.0 85.291797
59800.0 86.760321
60000.0 86.103725
60200.0 84.246359
60400.0 88.138559
60600.0 92.526556
60800.0 86.472397
61000.0 82.405358
61200.0 86.769855
61400.0 87.251124
61600.0 86.304439
61800.0 85.707583
62000.0 83.732382
62200.0 84.370644
62400.0 87.186628
62600.0 86.287886
62800.0 83.914053
63000.0 86.314545
63200.0 87.004347
63400.0 87.020383
63600.0 87.527187
63800.0 87.491026
64000.0 88.204837
64200.0 85.463858
64400.0 85.710576
64600.0 85.289558
64800.0 86.695121
65000.0 84.74635
65200.0 86.067796
65400.0 85.832314
65600.0 85.906666
65800.0 86.200316
66000.0 85.818242
66200.0 85.845163
66400.0 88.801349
66600.0 86.127789
66800.0 86.920096
67000.0 87.025324
67200.0 88.27703
67400.0 86.028453
67600.0 84.692575
67800.0 86.404712
68000.0 85.931782
68200.0 83.78501
68400.0 85.888337
68600.0 86.799564
68800.0 85.969426
69000.0 84.00409
69200.0 86.209994
69400.0 85.44408
69600.0 87.266748
69800.0 84.211621
70000.0 88.789946
70200.0 88.107047
70400.0 87.43807
70600.0 87.558546
70800.0 87.753699
71000.0 86.245151
71200.0 87.445885
71400.0 85.383663
71600.0 86.5393
71800.0 85.458475
72000.0 83.307719
72200.0 84.221846
72400.0 84.930605
72600.0 88.667718
72800.0 85.607619
73000.0 86.961399
73200.0 88.247795
73400.0 83.871465
73600.0 84.571298
73800.0 86.263251
74000.0 85.754644
74200.0 84.983391
74400.0 84.458472
74600.0 84.4824
74800.0 83.797898
75000.0 85.660005
75200.0 86.652983
75400.0 84.879771
75600.0 86.495168
75800.0 86.681127
76000.0 87.34656
76200.0 86.658519
76400.0 87.122668
76600.0 85.576936
76800.0 87.613004
77000.0 86.340347
77200.0 85.45019
77400.0 86.103137
77600.0 86.025668
77800.0 84.928926
78000.0 84.7644
78200.0 85.346026
78400.0 86.913534
78600.0 84.227108
78800.0 87.487421
79000.0 86.597703
79200.0 85.035149
79400.0 84.555927
79600.0 88.081176
79800.0 84.891619
80000.0 87.879724
80200.0 89.52169
80400.0 85.891299
80600.0 88.364585
80800.0 88.700861
81000.0 87.387273
81200.0 86.041607
81400.0 86.334412
81600.0 85.322652
81800.0 85.255439
82000.0 86.190192
82200.0 87.735613
82400.0 86.388341
82600.0 85.229249
82800.0 82.435948
83000.0 85.390727
83200.0 86.749819
83400.0 88.107064
83600.0 84.849049
83800.0 86.579793
84000.0 87.363026
84200.0 88.346463
84400.0 89.784887
84600.0 86.424229
84800.0 86.863819
85000.0 86.988212
85200.0 85.515318
85400.0 84.925596
85600.0 86.512156
85800.0 85.006507
86000.0 84.066828
86200.0 83.663658
86400.0 88.93942
86600.0 87.16205
86800.0 86.263993
87000.0 87.986464
87200.0 88.861288
87400.0 85.986227
87600.0 86.685018
87800.0 89.087089
88000.0 86.717045
88200.0 84.304272
88400.0 84.288135
88600.0 86.516967
88800.0 87.000011
89000.0 85.903545
89200.0 82.873019
89400.0 86.632364
89600.0 86.54663
89800.0 85.426137
90000.0 87.050908
90200.0 89.333879
90400.0 87.669776
90600.0 85.113367
90800.0 86.215189
91000.0 85.732736
91200.0 86.543248
91400.0 85.058346
91600.0 84.062123
91800.0 84.441039
92000.0 84.152059
92200.0 85.32234
92400.0 84.472596
92600.0 84.879184
92800.0 86.08732
93000.0 85.069104
93200.0 89.126172
93400.0 86.255632
93600.0 86.140962
93800.0 84.759885
94000.0 87.45929
94200.0 86.359088
94400.0 86.391503
94600.0 84.524445
94800.0 85.287908
95000.0 83.954978
95200.0 84.613522
95400.0 84.447504
95600.0 84.287329
95800.0 84.474538
96000.0 85.630857
96200.0 86.433421
96400.0 86.624198
96600.0 84.525663
96800.0 86.052191
97000.0 88.894948
97200.0 85.696713
97400.0 84.858868
97600.0 85.405367
97800.0 84.972972
98000.0 88.158304
98200.0 83.691037
98400.0 84.070155
98600.0 84.913853
98800.0 82.150666
99000.0 84.083796
99200.0 85.906944
99400.0 86.272744
99600.0 83.787263
99800.0 84.735391
100000.0 87.006222
