0.0 -5282.3592
200.0 -5283.017
400.0 -5295.0302
600.0 -5283.5978
800.0 -5281.9991
1000.0 -5281.5429
1200.0 -5278.4199
1400.0 -5277.6965
1600.0 -5281.7932
1800.0 -5269.8758
2000.0 -5277.8247
2200.0 -5272.6817
2400.0 -5271.4568
2600.0 -5275.7653
2800.0 -5272.8727
3000.0 -5271.9615
3200.0 -5278.3408
3400.0 -5278.1884
3600.0 -5276.8733
3800.0 -5282.5561
4000.0 -5278.7404
4200.0 -5281.729
4400.0 -5285.0206
4600.0 -5273.9371
4800.0 -5279.2205
5000.0 -5273.5629
5200.0 -5272.3314
5400.0 -5277.4989
5600.0 -5269.0564
5800.0 -5267.8953
6000.0 -5275.7712
6200.0 -5274.9443
6400.0 -5277.3233
6600.0 -5278.1817
6800.0 -5273.81
7000.0 -5275.3574
7200.0 -5278.8878
7400.0 -5282.6862
7600.0 -5275.3277
7800.0 -5275.8882
8000.0 -5278.31
8200.0 -5269.6236
8400.0 -5274.8051
8600.0 -5270.7727
8800.0 -5269.7011
9000.0 -5269.9756
9200.0 -5271.7036
9400.0 -5273.5107
9600.0 -5279.5436
9800.0 -5271.9962
10000.0 -5273.6923
10200.0 -5281.657
10400.0 -5275.5362
10600.0 -5278.4467
10800.0 -5282.0289
11000.0 -5274.5025
11200.0 -5280.3679
11400.0 -5280.1632
11600.0 -5276.4455
11800.0 -5282.0401
12000.0 -5277.6894
12200.0 -5273.4203
12400.0 -5278.0814
12600.0 -5274.0224
12800.0 -5269.0951
13000.0 -5273.4277
13200.0 -5269.9822
13400.0 -5272.1007
13600.0 -5280.3712
13800.0 -5273.8584
14000.0 -5280.2449
14200.0 -5284.627
14400.0 -5280.1273
14600.0 -5283.571
14800.0 -5282.3971
15000.0 -5278.6573
15200.0 -5276.5195
15400.0 -5276.7659
15600.0 -5270.2012
15800.0 -5272.8996
16000.0 -5267.9675
16200.0 -5271.9319
16400.0 -5273.8399
16600.0 -5278.4187
16800.0 -5272.2028
17000.0 -5280.344
17200.0 -5276.3372
17400.0 -5277.536
17600.0 -5280.5075
17800.0 -5279.3666
18000.0 -5277.3574
18200.0 -5280.4581
18400.0 -5271.4285
18600.0 -5273.8803
18800.0 -5270.5389
19000.0 -5264.131
19200.0 -5271.204
19400.0 -5271.9053
19600.0 -5269.9546
19800.0 -5274.8469
20000.0 -5277.8554
20200.0 -5274.4992
20400.0 -5280.0448
20600.0 -5284.5831
20800.0 -5272.5675
21000.0 -5278.7374
21200.0 -5277.1422
21400.0 -5282.0754
21600.0 -5273.4812
21800.0 -5273.7329
22000.0 -5268.5148
22200.0 -5270.998
22400.0 -5266.8616
22600.0 -5273.1657
22800.0 -5271.2126
23000.0 -5269.4316
23200.0 -5279.9976
23400.0 -5277.6695
23600.0 -5271.7669
23800.0 -5277.5391
24000.0 -5280.1182
24200.0 -5273.5458
24400.0 -5275.3315
24600.0 -5280.4243
24800.0 -5275.0091
25000.0 -5277.2369
25200.0 -5275.0485
25400.0 -5273.6652
25600.0 -5272.9908
25800.0 -5272.2557
26000.0 -5272.3671
26200.0 -5273.2898
26400.0 -5270.4978
26600.0 -5278.2848
26800.0 -5275.9963
27000.0 -5282.9809
27200.0 -5274.5784
27400.0 -5280.3151
27600.0 -5279.0803
27800.0 -5282.2762
28000.0 -5276.7736
28200.0 -5274.7837
28400.0 -5276.6058
28600.0 -5274.6039
28800.0 -5270.7778
29000.0 -5273.2053
29200.0 -5268.1504
29400.0 -5274.1792
29600.0 -5266.8038
29800.0 -5275.1967
30000.0 -5279.0479
30200.0 -5276.7591
30400.0 -5279.1965
30600.0 -5280.5635
30800.0 -5278.2851
31000.0 -5274.3716
31200.0 -5278.384
31400.0 -5275.5288
31600.0 -5277.279
31800.0 -5273.1603
32000.0 -5273.8867
32200.0 -5271.7177
32400.0 -5274.7914
32600.0 -5274.2975
32800.0 -5273.9449
33000.0 -5275.1918
33200.0 -5280.8705
33400.0 -5280.5458
33600.0 -5279.4684
33800.0 -5279.129
34000.0 -5280.6383
34200.0 -5277.8171
34400.0 -5276.0165
34600.0 -5279.1983
34800.0 -5272.7021
35000.0 -5274.4657
35200.0 -5271.7856
35400.0 -5277.9719
35600.0 -5271.2619
35800.0 -5278.3093
36000.0 -5275.4596
36200.0 -5276.2229
36400.0 -5276.0119
36600.0 -5287.618
36800.0 -5275.3612
37000.0 -5279.8748
37200.0 -5283.7763
37400.0 -5287.5205
37600.0 -5284.1523
37800.0 -5283.245
38000.0 -5280.9266
38200.0 -5278.2336
38400.0 -5278.0354
38600.0 -5275.5347
38800.0 -5270.6189
39000.0 -5275.4722
39200.0 -5272.8871
39400.0 -5274.4283
39600.0 -5274.6727
39800.0 -5279.3897
40000.0 -5275.1558
40200.0 -5278.663
40400.0 -5285.3854
40600.0 -5280.2336
40800.0 -5285.2555
41000.0 -5273.1046
41200.0 -5282.8039
41400.0 -5279.6498
41600.0 -5274.3917
41800.0 -5274.506
42000.0 -5277.0185
42200.0 -5277.6991
42400.0 -5278.1369
42600.0 -5271.5326
42800.0 -5276.7812
43000.0 -5277.9372
43200.0 -5271.6651
43400.0 -5284.8015
43600.0 -5280.5414
43800.0 -5286.692
44000.0 -5283.5947
44200.0 -5284.2651
44400.0 -5284.258
44600.0 -5278.6572
44800.0 -5276.3432
45000.0 -5278.5311
45200.0 -5276.4316
45400.0 -5274.9949
45600.0 -5276.0358
45800.0 -5280.427
46000.0 -5272.5643
46200.0 -5272.8889
46400.0 -5278.2024
46600.0 -5280.7056
46800.0 -5273.8385
47000.0 -5281.568
47200.0 -5275.2254
47400.0 -5285.4534
47600.0 -5275.1745
47800.0 -5284.7069
48000.0 -5276.6721
48200.0 -5279.5389
48400.0 -5275.0347
48600.0 -5283.1543
48800.0 -5268.4321
49000.0 -5272.7118
49200.0 -5270.4228
49400.0 -5275.0152
49600.0 -5274.3002
49800.0 -5271.9698
50000.0 -5277.5842
50200.0 -5279.1784
50400.0 -5283.9138
50600.0 -5285.8008
50800.0 -5281.1183
51000.0 -5283.2616
51200.0 -5282.9495
51400.0 -5273.7319
51600.0 -5275.3474
51800.0 -5275.1871
52000.0 -5275.0971
52200.0 -5270.9368
52400.0 -5276.0938
52600.0 -5276.3214
52800.0 -5271.7481
53000.0 -5279.1505
53200.0 -5278.9742
53400.0 -5277.453
53600.0 -5285.035
53800.0 -5278.7365
54000.0 -5281.3032
54200.0 -5282.5213
54400.0 -5280.6983
54600.0 -5276.2685
54800.0 -5276.416
55000.0 -5277.2154
55200.0 -5283.2443
55400.0 -5269.0775
55600.0 -5275.1499
55800.0 -5279.2856
56000.0 -5269.1151
56200.0 -5277.6552
56400.0 -5276.7404
56600.0 -5271.721
56800.0 -5274.3038
57000.0 -5268.9741
57200.0 -5271.7346
57400.0 -5274.6725
57600.0 -5272.814
57800.0 -5277.5794
58000.0 -5277.277
58200.0 -5277.8828
58400.0 -5278.7997
58600.0 -5281.3877
58800.0 -5277.1705
59000.0 -5276.5291
59200.0 -5280.1781
59400.0 -5271.8773
59600.0 -5267.5302
59800.0 -5269.5335
60000.0 -5271.1526
60200.0 -5267.5962
60400.0 -5278.3566
60600.0 -5274.0644
60800.0 -5274.8953
61000.0 -5278.0825
61200.0 -5274.201
61400.0 -5273.9016
61600.0 -5280.4081
61800.0 -5277.2357
62000.0 -5274.6364
62200.0 -5276.0276
62400.0 -5276.7856
62600.0 -5276.9415
62800.0 -5274.5963
63000.0 -5278.6386
63200.0 -5274.6177
63400.0 -5277.9107
63600.0 -5280.2491
63800.0 -5276.5454
64000.0 -5281.2072
64200.0 -5284.5442
64400.0 -5274.2848
64600.0 -5277.876
64800.0 -5282.7175
65000.0 -5269.3936
65200.0 -5272.6656
65400.0 -5273.3472
65600.0 -5269.9898
65800.0 -5279.5386
66000.0 -5274.9433
66200.0 -5274.3799
66400.0 -5279.1246
66600.0 -5282.9191
66800.0 -5282.7013
67000.0 -5272.1466
67200.0 -5283.1046
67400.0 -5274.5596
67600.0 -5282.1709
67800.0 -5275.6342
68000.0 -5275.9797
68200.0 -5279.0242
68400.0 -5273.4637
68600.0 -5272.5464
68800.0 -5273.3333
69000.0 -5275.7416
69200.0 -5268.505
69400.0 -5275.7339
69600.0 -5269.2819
69800.0 -5273.8057
70000.0 -5280.3379
70200.0 -5281.5031
70400.0 -5281.1464
70600.0 -5276.2731
70800.0 -5280.2549
71000.0 -5277.8907
71200.0 -5274.3649
71400.0 -5278.2821
71600.0 -5275.1813
71800.0 -5275.3183
72000.0 -5268.1605
72200.0 -5277.4251
72400.0 -5276.8869
72600.0 -5270.9046
72800.0 -5277.9798
73000.0 -5273.1302
73200.0 -5283.5019
73400.0 -5273.8442
73600.0 -5277.637
73800.0 -5277.4672
74000.0 -5281.0505
74200.0 -5278.9919
74400.0 -5279.8545
74600.0 -5268.183
74800.0 -5271.1493
75000.0 -5270.9743
75200.0 -5272.9794
75400.0 -5270.6231
75600.0 -5273.3811
75800.0 -5276.7524
76000.0 -5274.4117
76200.0 -5275.0103
76400.0 -5277.825
76600.0 -5275.9997
76800.0 -5279.2325
77000.0 -5274.9626
77200.0 -5278.3691
77400.0 -5276.4275
77600.0 -5280.6096
77800.0 -5273.9006
78000.0 -5264.012
78200.0 -5274.6701
78400.0 -5274.8226
78600.0 -5261.1312
78800.0 -5272.082
79000.0 -5273.6345
79200.0 -5280.0052
79400.0 -5278.3497
79600.0 -5279.3278
79800.0 -5275.3445
80000.0 -5284.9809
80200.0 -5272.1904
80400.0 -5280.7016
80600.0 -5278.5773
80800.0 -5276.4381
81000.0 -5272.991
81200.0 -5274.1244
81400.0 -5273.6672
81600.0 -5271.552
81800.0 -5273.5384
82000.0 -5274.7912
82200.0 -5270.0593
82400.0 -5280.3888
82600.0 -5277.0819
82800.0 -5278.5952
83000.0 -5284.0538
83200.0 -5284.3425
83400.0 -5274.3877
83600.0 -5281.1401
83800.0 -5282.6169
84000.0 -5270.4456
84200.0 -5277.6083
84400.0 -5270.9092
84600.0 -5271.6389
84800.0 -5277.1314
85000.0 -5270.801
85200.0 -5270.5268
85400.0 -5280.2042
85600.0 -5279.7752
85800.0 -5277.1624
86000.0 -5274.8838
86200.0 -5280.2503
86400.0 -5283.1453
86600.0 -5277.9874
86800.0 -5280.7081
87000.0 -5276.1334
87200.0 -5273.11
87400.0 -5271.8471
87600.0 -5274.0862
87800.0 -5272.1959
88000.0 -5269.1166
88200.0 -5275.9755
88400.0 -5276.9948
88600.0 -5273.5864
88800.0 -5282.8341
89000.0 -5277.0417
89200.0 -5281.5861
89400.0 -5278.695
89600.0 -5281.3562
89800.0 -5283.6261
90000.0 -5269.4051
90200.0 -5275.5031
90400.0 -5273.0461
90600.0 -5264.0362
90800.0 -5265.956
91000.0 -5277.36
91200.0 -5270.2623
91400.0 -5275.686
91600.0 -5272.3343
91800.0 -5276.8069
92000.0 -5276.149
92200.0 -5275.7528
92400.0 -5284.4872
92600.0 -5274.728
92800.0 -5277.9121
93000.0 -5280.9218
93200.0 -5279.4957
93400.0 -5279.6406
93600.0 -5280.6874
93800.0 -5276.6261
94000.0 -5283.4897
94200.0 -5272.9261
94400.0 -5277.133
94600.0 -5273.754
94800.0 -5272.9053
95000.0 -5269.146
95200.0 -5280.1554
95400.0 -5271.9172
95600.0 -5274.7302
95800.0 -5280.7494
96000.0 -5280.8396
96200.0 -5275.3315
96400.0 -5283.866
96600.0 -5278.7296
96800.0 -5278.0849
97000.0 -5276.4124
97200.0 -5278.7345
97400.0 -5278.0046
97600.0 -5271.7944
97800.0 -5273.1382
98000.0 -5275.9859
98200.0 -5272.9344
98400.0 -5268.4802
98600.0 -5272.5271
98800.0 -5269.9918
99000.0 -5264.6416
99200.0 -5267.2751
99400.0 -5276.1406
99600.0 -5272.1188
99800.0 -5279.0
100000.0 -5278.7116
