0.0 0.0038532285
1000.0 0.0038427459
2000.0 0.0038299719
3000.0 0.0038020297
4000.0 0.0037626612
5000.0 0.0038954226
6000.0 0.003891549
7000.0 0.0038464166
8000.0 0.0038918598
9000.0 0.003783042
10000.0 0.0038430575
11000.0 0.0038469516
12000.0 0.0038334245
13000.0 0.0039145824
14000.0 0.0038348692
15000.0 0.0037980572
16000.0 0.0037832063
17000.0 0.0037403625
18000.0 0.0039117226
19000.0 0.0038692066
20000.0 0.0038858216
21000.0 0.0037903711
22000.0 0.003761575
23000.0 0.0038392241
24000.0 0.0038836085
25000.0 0.0039381271
26000.0 0.0038197686
27000.0 0.0038375252
28000.0 0.0038773372
29000.0 0.0037744979
30000.0 0.0038961677
31000.0 0.0038448398
32000.0 0.0038713111
33000.0 0.003908754
34000.0 0.0038661185
35000.0 0.0038134731
36000.0 0.003807599
37000.0 0.0038502927
38000.0 0.0039323988
39000.0 0.0039128184
40000.0 0.003814425
41000.0 0.0038749069
42000.0 0.003903882
43000.0 0.003819155
44000.0 0.0039158191
45000.0 0.0038160825
46000.0 0.0038396539
47000.0 0.0038391174
48000.0 0.0037330998
49000.0 0.0038146173
50000.0 0.0038683508
51000.0 0.0038927341
52000.0 0.0038358811
53000.0 0.0037788984
54000.0 0.0037239258
55000.0 0.0038466505
56000.0 0.0038635181
57000.0 0.0038679774
58000.0 0.0039697153
59000.0 0.0038247108
60000.0 0.0039222506
61000.0 0.0038309119
62000.0 0.0038007198
63000.0 0.0038675313
64000.0 0.00388977
65000.0 0.0039867139
66000.0 0.0038444017
67000.0 0.0038368966
68000.0 0.003834856
69000.0 0.0038299603
70000.0 0.0039277427
71000.0 0.0038912513
72000.0 0.0039439701
73000.0 0.0038718585
74000.0 0.003817092
75000.0 0.0038563099
76000.0 0.0038115986
77000.0 0.0038844068
78000.0 0.003947816
79000.0 0.0039497757
80000.0 0.0038280753
81000.0 0.0038366406
82000.0 0.0038330081
83000.0 0.0038474947
84000.0 0.0039973514
85000.0 0.0039264812
86000.0 0.0038752896
87000.0 0.0039391526
88000.0 0.0037707727
89000.0 0.0038554596
90000.0 0.0037986371
91000.0 0.0038497331
92000.0 0.0039064701
93000.0 0.0038845183
94000.0 0.0039822663
95000.0 0.003891367
96000.0 0.0038273409
97000.0 0.0038416591
98000.0 0.0038251675
99000.0 0.0038978059
100000.0 0.0039663321
101000.0 0.0038787494
102000.0 0.0038141709
103000.0 0.0037958204
104000.0 0.0038664404
105000.0 0.0038663601
106000.0 0.0039334517
107000.0 0.0038725453
108000.0 0.0037913003
109000.0 0.0037712635
110000.0 0.003851076
111000.0 0.0039195277
112000.0 0.0038518664
113000.0 0.0038942898
114000.0 0.0037547946
115000.0 0.0038171777
116000.0 0.0038216553
117000.0 0.0038658676
118000.0 0.0039439194
119000.0 0.0038195548
120000.0 0.0038374713
121000.0 0.0037950428
122000.0 0.0038071665
123000.0 0.0039418911
124000.0 0.0039261063
125000.0 0.0039247788
126000.0 0.0037725541
127000.0 0.0038352504
128000.0 0.0038258753
129000.0 0.0038675673
130000.0 0.0039096468
131000.0 0.0038287445
132000.0 0.0037686814
133000.0 0.0037842183
134000.0 0.0038502832
135000.0 0.0039286011
136000.0 0.0038570428
137000.0 0.0038071024
138000.0 0.0038801981
139000.0 0.0037909844
140000.0 0.0039035404
141000.0 0.0038671297
142000.0 0.0038736905
143000.0 0.0039420832
144000.0 0.0038211712
145000.0 0.0037877911
146000.0 0.0038381531
147000.0 0.0038310736
148000.0 0.003858037
149000.0 0.0038749781
150000.0 0.0038443129
151000.0 0.0039294877
152000.0 0.0037999953
153000.0 0.003806585
154000.0 0.0038231872
155000.0 0.0038244264
156000.0 0.0039389365
157000.0 0.0038616317
158000.0 0.003856108
159000.0 0.0037768384
160000.0 0.0038213242
161000.0 0.0038961437
162000.0 0.0038721761
163000.0 0.0038615571
164000.0 0.0038579615
165000.0 0.003792203
166000.0 0.0038364549
167000.0 0.0037760699
168000.0 0.0038101637
169000.0 0.0038930706
170000.0 0.0038404752
171000.0 0.0039260101
172000.0 0.0038250446
173000.0 0.0037978598
174000.0 0.0038133351
175000.0 0.0038094731
176000.0 0.0039254438
177000.0 0.0038574859
178000.0 0.003840468
179000.0 0.0038736182
180000.0 0.0037537076
181000.0 0.0038899748
182000.0 0.0038163545
183000.0 0.0037732726
184000.0 0.0038924239
185000.0 0.0038868729
186000.0 0.0038705287
187000.0 0.0037938475
188000.0 0.0037314346
189000.0 0.0038439072
190000.0 0.0038267978
191000.0 0.0038946108
192000.0 0.0038498939
193000.0 0.0038448587
194000.0 0.0038853994
195000.0 0.0037682837
196000.0 0.0038900559
197000.0 0.003916752
198000.0 0.0039247876
199000.0 0.0037862591
200000.0 0.003793302
