0.0 264.9985
1000.0 265.95983
2000.0 267.91375
3000.0 264.7464
4000.0 262.18828
5000.0 265.93197
6000.0 272.55957
7000.0 262.69857
8000.0 261.30671
9000.0 266.01181
10000.0 267.16293
11000.0 264.18261
12000.0 261.04735
13000.0 264.66984
14000.0 270.48898
15000.0 265.15498
16000.0 258.49197
17000.0 264.85515
18000.0 265.96508
19000.0 266.30251
20000.0 266.8163
21000.0 267.65468
22000.0 262.20068
23000.0 261.81491
24000.0 271.15386
25000.0 267.34296
26000.0 259.96922
27000.0 264.34706
28000.0 265.99271
29000.0 265.896
30000.0 262.88006
31000.0 269.63689
32000.0 270.38209
33000.0 260.77173
34000.0 264.56874
35000.0 270.52141
36000.0 265.87851
37000.0 260.15687
38000.0 268.04467
39000.0 272.88735
40000.0 266.24026
41000.0 264.26157
42000.0 265.02808
43000.0 266.80414
44000.0 269.48234
45000.0 260.73648
46000.0 261.5715
47000.0 270.85266
48000.0 267.08034
49000.0 261.96439
50000.0 266.98138
51000.0 268.8649
52000.0 259.61218
53000.0 261.94254
54000.0 271.12713
55000.0 267.112
56000.0 262.53601
57000.0 263.83914
58000.0 275.57078
59000.0 270.99466
60000.0 263.22186
61000.0 266.0442
62000.0 267.83864
63000.0 260.66865
64000.0 259.12819
65000.0 270.13492
66000.0 266.62461
67000.0 261.06931
68000.0 267.02746
69000.0 273.70335
70000.0 260.26674
71000.0 262.27468
72000.0 267.21349
73000.0 268.23203
74000.0 256.47212
75000.0 258.67661
76000.0 266.53458
77000.0 264.65627
78000.0 264.14935
79000.0 266.39086
80000.0 267.15317
81000.0 265.82405
82000.0 258.8278
83000.0 267.78188
84000.0 271.24727
85000.0 264.59184
86000.0 263.31034
87000.0 265.39827
88000.0 273.84786
89000.0 266.77499
90000.0 259.62078
91000.0 266.4622
92000.0 268.93299
93000.0 259.80257
94000.0 254.89338
95000.0 265.46443
96000.0 268.71252
97000.0 263.00185
98000.0 258.67855
99000.0 270.61767
100000.0 267.36534
101000.0 263.7186
102000.0 266.00313
103000.0 266.73558
104000.0 262.88554
105000.0 261.70489
106000.0 270.51945
107000.0 267.13533
108000.0 259.40613
109000.0 265.34674
110000.0 270.33465
111000.0 264.57269
112000.0 264.25763
113000.0 265.88521
114000.0 266.67679
115000.0 265.59552
116000.0 260.59924
117000.0 267.31504
118000.0 271.05886
119000.0 262.60391
120000.0 264.28411
121000.0 267.91481
122000.0 266.51949
123000.0 258.14975
124000.0 267.5741
125000.0 270.77718
126000.0 262.25186
127000.0 262.52982
128000.0 267.96594
129000.0 265.94454
130000.0 259.308
131000.0 261.23985
132000.0 272.26838
133000.0 265.20383
134000.0 261.15207
135000.0 267.08698
136000.0 272.35896
137000.0 258.82713
138000.0 261.75141
139000.0 268.16078
140000.0 264.84555
141000.0 262.41484
142000.0 274.95826
143000.0 272.18532
144000.0 264.04333
145000.0 263.63458
146000.0 269.69822
147000.0 271.37391
148000.0 258.71148
149000.0 262.4304
150000.0 270.28084
151000.0 267.55594
152000.0 260.10992
153000.0 264.82035
154000.0 270.41956
155000.0 264.99673
156000.0 263.80134
157000.0 266.74207
158000.0 264.94671
159000.0 260.02642
160000.0 265.44319
161000.0 270.6765
162000.0 261.99212
163000.0 260.56123
164000.0 264.91809
165000.0 267.17382
166000.0 267.15238
167000.0 260.43939
168000.0 262.82921
169000.0 270.80486
170000.0 266.11756
171000.0 261.62633
172000.0 265.3072
173000.0 267.56313
174000.0 266.92256
175000.0 265.04152
176000.0 266.01185
177000.0 267.0567
178000.0 262.62451
179000.0 258.50044
180000.0 269.08064
181000.0 270.26292
182000.0 263.19576
183000.0 262.93418
184000.0 267.13322
185000.0 267.07578
186000.0 263.84097
187000.0 262.96266
188000.0 269.12976
189000.0 269.25065
190000.0 261.30187
191000.0 263.19637
192000.0 270.20465
193000.0 265.19725
194000.0 263.70252
195000.0 265.41833
196000.0 268.42787
197000.0 268.42035
198000.0 257.35876
199000.0 264.51186
200000.0 269.36097
