0.0 0.0038545135
1000.0 0.0038425291
2000.0 0.0038280786
3000.0 0.0037982797
4000.0 0.0037656918
5000.0 0.0038952633
6000.0 0.0038756426
7000.0 0.0038583312
8000.0 0.0038471423
9000.0 0.0038141641
10000.0 0.0038410933
11000.0 0.0039183264
12000.0 0.003983706
13000.0 0.0038626691
14000.0 0.0038651196
15000.0 0.0038299448
16000.0 0.0038390178
17000.0 0.0038449197
18000.0 0.0038990132
19000.0 0.0039332651
20000.0 0.0038193827
21000.0 0.0038494471
22000.0 0.0039269529
23000.0 0.0038350626
24000.0 0.0038991968
25000.0 0.0038183499
26000.0 0.0038214129
27000.0 0.0038233978
28000.0 0.0038008896
29000.0 0.0038901846
30000.0 0.0038945471
31000.0 0.0038740815
32000.0 0.0037854751
33000.0 0.0037880248
34000.0 0.003836738
35000.0 0.0038843846
36000.0 0.0039030733
37000.0 0.0037767955
38000.0 0.003854775
39000.0 0.0038607929
40000.0 0.0038405978
41000.0 0.0039038072
42000.0 0.0038203828
43000.0 0.0038267008
44000.0 0.0038725544
45000.0 0.003781444
46000.0 0.0038742181
47000.0 0.0038351773
48000.0 0.0038687637
49000.0 0.0039507685
50000.0 0.0038991154
51000.0 0.0038615499
52000.0 0.0037902673
53000.0 0.0038634998
54000.0 0.0039121697
55000.0 0.0038202238
56000.0 0.0039121241
57000.0 0.0038005363
58000.0 0.0038404214
59000.0 0.003840765
60000.0 0.0037957659
61000.0 0.0038801732
62000.0 0.003887832
63000.0 0.0038614244
64000.0 0.0037640381
65000.0 0.0038084881
66000.0 0.0038688212
67000.0 0.003844849
68000.0 0.003907344
69000.0 0.0038336168
70000.0 0.0038320588
71000.0 0.0038474794
72000.0 0.0038047882
73000.0 0.0038683243
74000.0 0.0038745275
75000.0 0.0038216261
76000.0 0.0038478294
77000.0 0.0037302876
78000.0 0.0038339057
79000.0 0.0038690719
80000.0 0.0038887019
81000.0 0.0038766395
82000.0 0.0037450736
83000.0 0.0037815392
84000.0 0.0038495
85000.0 0.0038631092
86000.0 0.0039114718
87000.0 0.0038472398
88000.0 0.0038485159
89000.0 0.0038079643
90000.0 0.0037793037
91000.0 0.0038713009
92000.0 0.003866371
93000.0 0.003945178
94000.0 0.0038409158
95000.0 0.0038273287
96000.0 0.0038321683
97000.0 0.0038266258
98000.0 0.0038885181
99000.0 0.0039124634
100000.0 0.0038675624
101000.0 0.0039010598
102000.0 0.0037841685
103000.0 0.0038629537
104000.0 0.0038296794
105000.0 0.0038760222
106000.0 0.0039128967
107000.0 0.0038144707
108000.0 0.0037990934
109000.0 0.0038166311
110000.0 0.0039323946
111000.0 0.0038927788
112000.0 0.003835588
113000.0 0.0038655254
114000.0 0.0038306673
115000.0 0.0038534277
116000.0 0.0038604739
117000.0 0.0038791882
118000.0 0.0039431433
119000.0 0.0038122543
120000.0 0.0038430568
121000.0 0.0037946993
122000.0 0.0038745487
123000.0 0.0039346135
124000.0 0.0038603763
125000.0 0.0038846453
126000.0 0.0038298985
127000.0 0.0038307403
128000.0 0.003841107
129000.0 0.0038687087
130000.0 0.003905812
131000.0 0.0038712018
132000.0 0.0038013934
133000.0 0.003807627
134000.0 0.0038707135
135000.0 0.00390627
136000.0 0.0038808565
137000.0 0.0038129817
138000.0 0.0038334444
139000.0 0.003874667
140000.0 0.003835907
141000.0 0.0039331356
142000.0 0.0038177602
143000.0 0.0038526849
144000.0 0.0038210099
145000.0 0.0037894588
146000.0 0.0039130934
147000.0 0.0039284608
148000.0 0.0038753656
149000.0 0.0038397557
150000.0 0.0038635672
151000.0 0.0038109753
152000.0 0.0038892016
153000.0 0.0038812361
154000.0 0.0038424746
155000.0 0.0038744516
156000.0 0.0038113113
157000.0 0.0038382902
158000.0 0.0038945621
159000.0 0.003915023
160000.0 0.0038710745
161000.0 0.0038096254
162000.0 0.0038294878
163000.0 0.0038444728
164000.0 0.0038621688
165000.0 0.0039036777
166000.0 0.0039277227
167000.0 0.0038465579
168000.0 0.0038106639
169000.0 0.0038565722
170000.0 0.003831534
171000.0 0.0039002721
172000.0 0.003893383
173000.0 0.0038217672
174000.0 0.0038584912
175000.0 0.0038388487
176000.0 0.0038482212
177000.0 0.00392783
178000.0 0.0038765451
179000.0 0.0038836153
180000.0 0.0039111009
181000.0 0.0037995866
182000.0 0.0038546614
183000.0 0.0038154354
184000.0 0.0038740309
185000.0 0.0039734225
186000.0 0.0038927647
187000.0 0.0038711356
188000.0 0.0038659045
189000.0 0.0037547157
190000.0 0.0038354807
191000.0 0.0038300041
192000.0 0.0038410436
193000.0 0.0038759458
194000.0 0.0038288269
195000.0 0.0038780511
196000.0 0.0038587905
197000.0 0.003810432
198000.0 0.0039158834
199000.0 0.0038379906
200000.0 0.0037983681
