0.0 275.15
1000.0 276.40243
2000.0 275.06772
3000.0 280.30148
4000.0 283.58561
5000.0 270.7938
6000.0 280.68001
7000.0 279.07777
8000.0 274.06608
9000.0 277.98783
10000.0 275.06852
11000.0 269.65287
12000.0 282.91404
13000.0 278.08308
14000.0 270.55527
15000.0 273.92761
16000.0 270.90272
17000.0 270.59193
18000.0 277.11167
19000.0 276.90297
20000.0 275.99336
21000.0 276.71699
22000.0 275.84049
23000.0 279.25047
24000.0 279.00347
25000.0 276.44588
26000.0 272.03402
27000.0 271.68237
28000.0 270.53328
29000.0 274.65529
30000.0 277.85043
31000.0 273.01218
32000.0 275.60288
33000.0 274.07158
34000.0 269.48266
35000.0 278.64879
36000.0 277.14075
37000.0 275.51463
38000.0 277.90004
39000.0 277.79
40000.0 274.20241
41000.0 275.98919
42000.0 273.29138
43000.0 272.05148
44000.0 276.55167
45000.0 273.32564
46000.0 275.97051
47000.0 275.31079
48000.0 274.63691
49000.0 273.46963
50000.0 270.89975
51000.0 274.58622
52000.0 279.24409
53000.0 277.18634
54000.0 275.71492
55000.0 278.06466
56000.0 273.72816
57000.0 272.12061
58000.0 273.40106
59000.0 275.57076
60000.0 273.9426
61000.0 271.70645
62000.0 276.53451
63000.0 274.14128
64000.0 276.06322
65000.0 276.79457
66000.0 274.10606
67000.0 278.44041
68000.0 275.20962
69000.0 277.47581
70000.0 274.80741
71000.0 275.38618
72000.0 270.90576
73000.0 278.14135
74000.0 276.66326
75000.0 279.76774
76000.0 275.13298
77000.0 272.45649
78000.0 272.47519
79000.0 281.20491
80000.0 276.18405
81000.0 273.69594
82000.0 274.87033
83000.0 272.16258
84000.0 278.43095
85000.0 272.09141
86000.0 273.08356
87000.0 278.55146
88000.0 276.75346
89000.0 273.6935
90000.0 278.25563
91000.0 274.04854
92000.0 276.42463
93000.0 272.87842
94000.0 274.33244
95000.0 271.40913
96000.0 276.80725
97000.0 272.6501
98000.0 272.96202
99000.0 279.09055
100000.0 275.4527
101000.0 270.56383
102000.0 270.1802
103000.0 274.62948
104000.0 271.19709
105000.0 270.66446
106000.0 279.3422
107000.0 275.21105
108000.0 276.87652
109000.0 275.17104
110000.0 274.10304
111000.0 278.73623
112000.0 273.06671
113000.0 271.42236
114000.0 276.3775
115000.0 277.80258
116000.0 277.88868
117000.0 279.94164
118000.0 273.32372
119000.0 276.85176
120000.0 276.45571
121000.0 279.05759
122000.0 274.83656
123000.0 274.75195
124000.0 278.27376
125000.0 269.85736
126000.0 272.07698
127000.0 274.54133
128000.0 276.08123
129000.0 271.78369
130000.0 271.46326
131000.0 272.60536
132000.0 273.66063
133000.0 274.68683
134000.0 275.49289
135000.0 274.47187
136000.0 278.92218
137000.0 279.77312
138000.0 276.23459
139000.0 271.86153
140000.0 272.51357
141000.0 273.89639
142000.0 275.77096
143000.0 274.71993
144000.0 275.51514
145000.0 273.94122
146000.0 272.12023
147000.0 275.00317
148000.0 278.44622
149000.0 272.92686
150000.0 275.82218
151000.0 275.83064
152000.0 274.08916
153000.0 274.40798
154000.0 271.98009
155000.0 273.56148
156000.0 276.4889
157000.0 268.7556
158000.0 279.01677
159000.0 275.06706
160000.0 273.49214
161000.0 279.01326
162000.0 268.67201
163000.0 276.83566
164000.0 276.36771
165000.0 274.04936
166000.0 275.68453
167000.0 271.64087
168000.0 275.47488
169000.0 276.80591
170000.0 275.16661
171000.0 272.7544
172000.0 280.50909
173000.0 274.24628
174000.0 274.32532
175000.0 277.02612
176000.0 271.34886
177000.0 275.90148
178000.0 275.76293
179000.0 278.54105
180000.0 273.86568
181000.0 274.46432
182000.0 272.62928
183000.0 272.89878
184000.0 272.53329
185000.0 281.21781
186000.0 277.61149
187000.0 268.40018
188000.0 275.39982
189000.0 276.8245
190000.0 276.26783
191000.0 276.26747
192000.0 277.8974
193000.0 278.1563
194000.0 277.86923
195000.0 276.96145
196000.0 273.62772
197000.0 273.40563
198000.0 277.52371
199000.0 278.41543
200000.0 274.16568
