0.0 275.15
1000.0 281.7939
2000.0 272.59243
3000.0 274.66397
4000.0 276.36752
5000.0 276.49356
6000.0 269.81841
7000.0 273.98885
8000.0 277.14392
9000.0 274.45563
10000.0 275.18782
11000.0 283.62224
12000.0 282.09648
13000.0 276.30851
14000.0 274.05134
15000.0 270.60725
16000.0 283.66703
17000.0 270.50652
18000.0 274.11783
19000.0 280.26122
20000.0 279.27864
21000.0 273.41072
22000.0 283.22069
23000.0 270.83111
24000.0 271.65735
25000.0 268.57067
26000.0 271.17719
27000.0 273.01623
28000.0 265.66203
29000.0 275.93192
30000.0 273.66507
31000.0 271.11815
32000.0 280.35276
33000.0 270.62009
34000.0 272.92437
35000.0 275.22956
36000.0 283.12429
37000.0 280.55408
38000.0 274.39214
39000.0 275.60538
40000.0 274.32122
41000.0 273.37748
42000.0 275.45087
43000.0 282.73448
44000.0 277.24112
45000.0 283.23811
46000.0 276.40622
47000.0 276.97331
48000.0 274.89613
49000.0 277.68399
50000.0 275.2397
51000.0 275.58378
52000.0 273.81049
53000.0 279.37389
54000.0 268.38635
55000.0 282.4814
56000.0 279.18687
57000.0 270.13023
58000.0 271.63321
59000.0 270.95483
60000.0 273.95433
61000.0 272.14722
62000.0 280.65749
63000.0 277.8257
64000.0 278.41714
65000.0 271.50267
66000.0 278.66314
67000.0 284.72829
68000.0 274.84384
69000.0 272.64109
70000.0 274.60693
71000.0 272.18499
72000.0 272.30196
73000.0 265.21757
74000.0 270.81126
75000.0 279.27405
76000.0 274.67329
77000.0 283.46667
78000.0 271.3351
79000.0 270.74656
80000.0 269.94123
81000.0 278.85072
82000.0 272.92688
83000.0 275.80956
84000.0 273.01835
85000.0 272.25325
86000.0 281.98674
87000.0 278.15204
88000.0 276.17032
89000.0 274.49282
90000.0 279.36252
91000.0 269.05469
92000.0 279.42052
93000.0 269.36783
94000.0 278.57752
95000.0 272.35919
96000.0 277.29302
97000.0 273.13264
98000.0 271.43522
99000.0 274.90383
100000.0 279.63657
101000.0 272.302
102000.0 278.07435
103000.0 274.00234
104000.0 276.04313
105000.0 271.51001
106000.0 274.46076
107000.0 273.73015
108000.0 278.07954
109000.0 271.05195
110000.0 272.74105
111000.0 272.33372
112000.0 270.10257
113000.0 269.4125
114000.0 274.91955
115000.0 280.34163
116000.0 276.21329
117000.0 274.48864
118000.0 276.28486
119000.0 275.21629
120000.0 279.95416
121000.0 277.05227
122000.0 271.7134
123000.0 276.5154
124000.0 280.46396
125000.0 273.70859
126000.0 274.41446
127000.0 280.41425
128000.0 281.12707
129000.0 272.41913
130000.0 279.05005
131000.0 278.88764
132000.0 276.2731
133000.0 273.76938
134000.0 277.07101
135000.0 273.80124
136000.0 280.31954
137000.0 280.46346
138000.0 278.76622
139000.0 280.25422
140000.0 273.45185
141000.0 274.6302
142000.0 275.28116
143000.0 271.00278
144000.0 271.58684
145000.0 281.20891
146000.0 282.2283
147000.0 281.7137
148000.0 277.99807
149000.0 272.79149
150000.0 277.93734
151000.0 270.77034
152000.0 274.77842
153000.0 271.42235
154000.0 269.17838
155000.0 276.72221
156000.0 272.62644
157000.0 277.01726
158000.0 277.15081
159000.0 272.48339
160000.0 279.9352
161000.0 270.55696
162000.0 280.5137
163000.0 278.82478
164000.0 272.47577
165000.0 279.06387
166000.0 274.17282
167000.0 269.34864
168000.0 278.36311
169000.0 273.96392
170000.0 269.30278
171000.0 271.66519
172000.0 277.39521
173000.0 280.37677
174000.0 274.97738
175000.0 278.53541
176000.0 274.93867
177000.0 278.37517
178000.0 273.37482
179000.0 274.10594
180000.0 276.53767
181000.0 272.96361
182000.0 273.75334
183000.0 269.99354
184000.0 277.15852
185000.0 266.5335
186000.0 275.32694
187000.0 276.00064
188000.0 269.87741
189000.0 275.74876
190000.0 277.37373
191000.0 277.79718
192000.0 274.21694
193000.0 274.62369
194000.0 283.4819
195000.0 273.0757
196000.0 276.4055
197000.0 275.36773
198000.0 272.47324
199000.0 277.11527
200000.0 275.89088
