0.0 275.15
1000.0 273.90534
2000.0 277.62802
3000.0 284.44788
4000.0 277.65302
5000.0 278.87253
6000.0 266.02497
7000.0 270.71464
8000.0 278.36473
9000.0 273.69981
10000.0 283.82818
11000.0 265.36594
12000.0 266.47779
13000.0 280.06671
14000.0 270.25572
15000.0 287.70587
16000.0 272.32597
17000.0 279.4544
18000.0 258.27586
19000.0 264.65526
20000.0 276.32283
21000.0 275.13502
22000.0 281.51566
23000.0 276.11058
24000.0 269.55922
25000.0 269.4478
26000.0 264.27096
27000.0 280.6418
28000.0 270.77349
29000.0 285.38645
30000.0 274.50648
31000.0 265.49041
32000.0 279.8245
33000.0 271.85946
34000.0 282.26168
35000.0 283.57488
36000.0 279.93063
37000.0 273.98777
38000.0 269.11868
39000.0 275.3092
40000.0 272.45858
41000.0 288.05282
42000.0 290.12787
43000.0 274.4944
44000.0 283.07711
45000.0 265.37597
46000.0 273.04786
47000.0 280.27601
48000.0 271.36999
49000.0 294.10856
50000.0 272.40495
51000.0 277.89251
52000.0 269.95938
53000.0 272.49265
54000.0 285.50662
55000.0 278.79729
56000.0 282.36936
57000.0 271.34032
58000.0 273.70268
59000.0 266.80053
60000.0 284.81741
61000.0 282.26889
62000.0 271.70814
63000.0 284.59847
64000.0 262.23417
65000.0 275.14555
66000.0 276.76839
67000.0 267.55183
68000.0 284.27448
69000.0 273.09462
70000.0 276.46022
71000.0 265.62306
72000.0 261.88358
73000.0 272.69772
74000.0 274.52673
75000.0 281.26835
76000.0 277.09749
77000.0 262.78595
78000.0 277.84733
79000.0 264.83899
80000.0 276.60078
81000.0 274.83364
82000.0 274.68314
83000.0 282.78193
84000.0 262.14882
85000.0 275.20118
86000.0 274.16515
87000.0 279.81705
88000.0 286.42472
89000.0 274.24092
90000.0 282.3566
91000.0 267.75404
92000.0 273.85747
93000.0 282.6912
94000.0 261.0782
95000.0 297.74153
96000.0 279.42978
97000.0 279.29002
98000.0 274.4326
99000.0 268.50842
100000.0 277.14856
101000.0 271.39004
102000.0 293.95786
103000.0 281.72547
104000.0 281.07757
105000.0 271.73787
106000.0 266.56275
107000.0 283.169
108000.0 268.96803
109000.0 296.84202
110000.0 283.69786
111000.0 276.37489
112000.0 277.58592
113000.0 269.66565
114000.0 272.85594
115000.0 285.9823
116000.0 279.64279
117000.0 284.51334
118000.0 270.36459
119000.0 273.70888
120000.0 271.89577
121000.0 282.49842
122000.0 285.13548
123000.0 266.88193
124000.0 278.57384
125000.0 267.41152
126000.0 276.79858
127000.0 282.30981
128000.0 264.6533
129000.0 299.52219
130000.0 274.88624
131000.0 277.60927
132000.0 274.83331
133000.0 270.07392
134000.0 281.90142
135000.0 281.57283
136000.0 289.2669
137000.0 278.78508
138000.0 276.2989
139000.0 272.00075
140000.0 273.35443
141000.0 278.67311
142000.0 277.35062
143000.0 291.19701
144000.0 281.66304
145000.0 267.78365
146000.0 281.73392
147000.0 270.63908
148000.0 275.36577
149000.0 287.46102
150000.0 260.74021
151000.0 282.25077
152000.0 280.14305
153000.0 278.3514
154000.0 277.4345
155000.0 267.15741
156000.0 273.74139
157000.0 271.22358
158000.0 285.30762
159000.0 284.95839
160000.0 275.71606
161000.0 272.41139
162000.0 264.60282
163000.0 284.09303
164000.0 278.15319
165000.0 274.98063
166000.0 279.05569
167000.0 259.69099
168000.0 283.47314
169000.0 266.56643
170000.0 271.28125
171000.0 280.61934
172000.0 269.00614
173000.0 296.13358
174000.0 272.47037
175000.0 270.09743
176000.0 278.00028
177000.0 266.07831
178000.0 279.70039
179000.0 277.07852
180000.0 269.22153
181000.0 289.47487
182000.0 268.15087
183000.0 271.24543
184000.0 267.11515
185000.0 266.22301
186000.0 279.51435
187000.0 273.7424
188000.0 287.4878
189000.0 272.52646
190000.0 274.43708
191000.0 274.46619
192000.0 263.11539
193000.0 284.82678
194000.0 271.94256
195000.0 281.37252
196000.0 271.58221
197000.0 264.49369
198000.0 273.02859
199000.0 266.71475
200000.0 277.3764
