0.0 0.0038725634
1000.0 0.0038307219
2000.0 0.0037475185
3000.0 0.0038836365
4000.0 0.0039984249
5000.0 0.0038319262
6000.0 0.0035591351
7000.0 0.0039751695
8000.0 0.0040390302
9000.0 0.0038284767
10000.0 0.0037792029
11000.0 0.0039085537
12000.0 0.004051081
13000.0 0.0038870077
14000.0 0.0036414979
15000.0 0.0038657111
16000.0 0.0041724161
17000.0 0.0038788546
18000.0 0.0038304951
19000.0 0.0038159528
20000.0 0.0037939509
21000.0 0.0037584108
22000.0 0.0039978579
23000.0 0.0040155559
24000.0 0.003614776
25000.0 0.003771573
26000.0 0.0041016913
27000.0 0.0039012639
28000.0 0.0038293016
29000.0 0.0038334814
30000.0 0.0039669422
31000.0 0.00367613
32000.0 0.0036458184
33000.0 0.0040639399
34000.0 0.0038914654
35000.0 0.0036401885
36000.0 0.003834238
37000.0 0.0040928223
38000.0 0.0037420301
39000.0 0.0035463253
40000.0 0.0038186301
41000.0 0.0039050515
42000.0 0.003871267
43000.0 0.0037944697
44000.0 0.0036824583
45000.0 0.0040655882
46000.0 0.0040267765
47000.0 0.0036268488
48000.0 0.00378271
49000.0 0.0040086855
50000.0 0.0037869175
51000.0 0.0037078865
52000.0 0.0041186378
53000.0 0.0040096888
54000.0 0.0036158455
55000.0 0.003781365
56000.0 0.0039825581
57000.0 0.0039238384
58000.0 0.0034437316
59000.0 0.0036211507
60000.0 0.0039515086
61000.0 0.0038270789
62000.0 0.0037506719
63000.0 0.004068763
64000.0 0.0041417586
65000.0 0.0036558351
66000.0 0.0038021397
67000.0 0.0040500586
68000.0 0.0037849575
69000.0 0.0035147016
70000.0 0.0040876411
71000.0 0.0039944748
72000.0 0.0037770581
73000.0 0.0037341939
74000.0 0.0042717743
75000.0 0.0041634877
76000.0 0.003805994
77000.0 0.0038876056
78000.0 0.0039100305
79000.0 0.0038121575
80000.0 0.0037796171
81000.0 0.0038365953
82000.0 0.004156196
83000.0 0.0037530574
84000.0 0.0036110429
85000.0 0.0038904463
86000.0 0.0039475264
87000.0 0.0038550901
88000.0 0.0035091402
89000.0 0.0037957137
90000.0 0.0041182284
91000.0 0.0038090964
92000.0 0.0037050711
93000.0 0.0041095897
94000.0 0.0043516414
95000.0 0.0038522086
96000.0 0.0037141984
97000.0 0.0039614335
98000.0 0.0041633944
99000.0 0.0036363051
100000.0 0.0037706262
101000.0 0.0039292215
102000.0 0.0038288516
103000.0 0.0037973963
104000.0 0.0039666938
105000.0 0.0040206221
106000.0 0.0036402674
107000.0 0.0037803743
108000.0 0.0041284601
109000.0 0.0038573365
110000.0 0.003647738
111000.0 0.0038912912
112000.0 0.0039052261
113000.0 0.0038339484
114000.0 0.0037999083
115000.0 0.0038465074
116000.0 0.0040720149
117000.0 0.003772755
118000.0 0.0036185783
119000.0 0.00397947
120000.0 0.0039040523
121000.0 0.0037474738
122000.0 0.0038066405
123000.0 0.0041890317
124000.0 0.0037618073
125000.0 0.0036298829
126000.0 0.0039955178
127000.0 0.00398284
128000.0 0.003745329
129000.0 0.0038313829
130000.0 0.0041331486
131000.0 0.0040421319
132000.0 0.0035705667
133000.0 0.0038635754
134000.0 0.0040462095
135000.0 0.0037824276
136000.0 0.0035670056
137000.0 0.0041562281
138000.0 0.0040184789
139000.0 0.0037371714
140000.0 0.0038792765
141000.0 0.0039880777
142000.0 0.0034667973
143000.0 0.0035738367
144000.0 0.0039147424
145000.0 0.0039329793
146000.0 0.0036736228
147000.0 0.0036059899
148000.0 0.0041618046
149000.0 0.0039873685
150000.0 0.0036499172
151000.0 0.0037625734
152000.0 0.004095039
153000.0 0.003880384
154000.0 0.003644303
155000.0 0.0038726411
156000.0 0.0039255252
157000.0 0.0037971194
158000.0 0.0038748347
159000.0 0.0040989852
160000.0 0.0038531331
161000.0 0.0036339346
162000.0 0.0040074129
163000.0 0.004073797
164000.0 0.0038760907
165000.0 0.0037787406
166000.0 0.0037796504
167000.0 0.0040795172
168000.0 0.0039692448
169000.0 0.0036287698
170000.0 0.0038239145
171000.0 0.0040242452
172000.0 0.0038590611
173000.0 0.0037622701
174000.0 0.0037894217
175000.0 0.0038706779
176000.0 0.003828475
177000.0 0.0037837143
178000.0 0.0039785334
179000.0 0.0041720058
180000.0 0.0036989754
181000.0 0.0036506434
182000.0 0.0039526841
183000.0 0.0039644931
184000.0 0.0037804638
185000.0 0.0037829034
186000.0 0.0039237569
187000.0 0.0039632051
188000.0 0.0036969502
189000.0 0.0036919727
190000.0 0.0040392548
191000.0 0.0039526569
192000.0 0.0036530056
193000.0 0.0038638633
194000.0 0.0039299401
195000.0 0.003854216
196000.0 0.0037260267
197000.0 0.0037263398
198000.0 0.0042277755
199000.0 0.0038939767
200000.0 0.0036874386
