0.0 0.0
1000.0 0.0
2000.0 0.0
3000.0 0.0
4000.0 -0.016769259
5000.0 -1.0856497
6000.0 -2.33387
7000.0 -3.182829
8000.0 -4.6357973
9000.0 -3.2424203
10000.0 -2.8604846
11000.0 -4.2344587
12000.0 -4.6858284
13000.0 -6.0958005
14000.0 -7.2837999
15000.0 -6.5701928
16000.0 -5.7710441
17000.0 -6.14509
18000.0 -5.8722861
19000.0 -5.631606
20000.0 -6.9194622
21000.0 -7.731154
22000.0 -7.8300353
23000.0 -6.2526302
24000.0 -6.0354761
25000.0 -7.1928827
26000.0 -5.3289504
27000.0 -6.1873426
28000.0 -6.0605924
29000.0 -4.6083113
30000.0 -4.5199242
31000.0 -4.346895
32000.0 -5.5641855
33000.0 -5.230056
34000.0 -7.460148
35000.0 -4.9778066
36000.0 -3.6906271
37000.0 -4.4174573
38000.0 -3.1938674
39000.0 -6.0885745
40000.0 -5.6775285
41000.0 -3.9949694
42000.0 -3.91087
43000.0 -4.8066054
44000.0 -4.7441701
45000.0 -4.0758819
46000.0 -5.8976066
47000.0 -6.5546714
48000.0 -4.6461786
49000.0 -4.1995531
50000.0 -3.8010731
51000.0 -4.1940664
52000.0 -3.6906535
53000.0 -4.122244
54000.0 -3.5981316
55000.0 -4.5323138
56000.0 -6.267863
57000.0 -3.9804772
58000.0 -5.203456
59000.0 -5.6644868
60000.0 -5.4594833
61000.0 -4.1350961
62000.0 -5.4098852
63000.0 -2.1528424
64000.0 -2.3535222
65000.0 -4.26588
66000.0 -4.1464301
67000.0 -3.8329617
68000.0 -4.6403851
69000.0 -5.6479676
70000.0 -5.5439181
71000.0 -4.856469
72000.0 -4.9559132
73000.0 -4.0567619
74000.0 -5.5634227
75000.0 -4.8858512
76000.0 -5.3686184
77000.0 -4.8685786
78000.0 -5.1386621
79000.0 -4.6343059
80000.0 -5.8804743
81000.0 -4.3135605
82000.0 -4.0708348
83000.0 -3.6788218
84000.0 -4.063478
85000.0 -5.9228903
86000.0 -5.351173
87000.0 -3.0279479
88000.0 -3.5027814
89000.0 -4.5620719
90000.0 -5.743399
91000.0 -5.4566319
92000.0 -5.3418381
93000.0 -4.7838146
94000.0 -4.6930561
95000.0 -4.7515301
96000.0 -5.1925729
97000.0 -4.1664322
98000.0 -4.2739772
99000.0 -5.4240987
100000.0 -5.1869145
101000.0 -6.0433643
102000.0 -6.6365096
103000.0 -4.7829142
104000.0 -5.5856104
105000.0 -5.9206848
106000.0 -5.3888957
107000.0 -4.3991497
108000.0 -4.6330401
109000.0 -4.9829005
110000.0 -4.2371544
111000.0 -5.6528573
112000.0 -5.4206258
113000.0 -5.1772589
114000.0 -6.3139756
115000.0 -3.2995576
116000.0 -4.5331981
117000.0 -3.4136246
118000.0 -4.9478305
119000.0 -5.5181511
120000.0 -6.463025
121000.0 -7.0669361
122000.0 -5.2117115
123000.0 -6.571679
124000.0 -5.9649798
125000.0 -6.0546965
126000.0 -5.7279874
127000.0 -5.0649812
128000.0 -5.3769893
129000.0 -6.7674705
130000.0 -7.5559341
131000.0 -5.5125502
132000.0 -4.4751058
133000.0 -3.4993546
134000.0 -3.8092003
135000.0 -5.271157
136000.0 -5.3909009
137000.0 -4.4420077
138000.0 -4.0508075
139000.0 -4.8576688
140000.0 -5.9488443
141000.0 -6.4113281
142000.0 -6.2293266
143000.0 -1.622896
144000.0 -5.9783559
145000.0 -3.6211614
146000.0 -3.5695644
147000.0 -3.3686747
148000.0 -4.4288858
149000.0 -5.2677232
150000.0 -5.7691179
151000.0 -5.6600537
152000.0 -3.872859
153000.0 -3.4512349
154000.0 -5.0779718
155000.0 -5.6770889
156000.0 -6.4322904
157000.0 -5.9019511
158000.0 -3.5010344
159000.0 -3.2929254
160000.0 -4.1212555
161000.0 -5.5032526
162000.0 -4.6828167
163000.0 -5.6189329
164000.0 -6.2516861
165000.0 -6.4233782
166000.0 -8.0908456
167000.0 -5.393642
168000.0 -3.9655037
169000.0 -5.3897347
170000.0 -6.4094929
171000.0 -3.4450511
172000.0 -3.5944962
173000.0 -3.9412299
174000.0 -4.3958202
175000.0 -5.9588254
176000.0 -5.8996312
177000.0 -5.1886998
178000.0 -4.0953166
179000.0 -5.2839175
180000.0 -4.4355652
181000.0 -3.3151915
182000.0 -3.4845845
183000.0 -4.3803223
184000.0 -5.4549864
185000.0 -4.8375425
186000.0 -3.4652702
187000.0 -5.4960123
188000.0 -5.4403533
189000.0 -6.5022899
190000.0 -5.6804421
191000.0 -2.6921335
192000.0 -3.7536281
193000.0 -6.9124519
194000.0 -6.2872629
195000.0 -6.5227472
196000.0 -5.819643
197000.0 -4.4136411
198000.0 -4.2666547
199000.0 -5.553559
200000.0 -7.5227105
