0.0 583.9702
1000.0 584.63933
2000.0 585.99309
3000.0 583.49368
4000.0 582.06084
5000.0 587.99411
6000.0 586.34903
7000.0 579.63533
8000.0 583.21199
9000.0 585.061
10000.0 585.82545
11000.0 581.90092
12000.0 581.30536
13000.0 587.27884
14000.0 584.59933
15000.0 580.29873
16000.0 583.81029
17000.0 585.3191
18000.0 584.54296
19000.0 582.89473
20000.0 585.83499
21000.0 586.79735
22000.0 580.64337
23000.0 581.51299
24000.0 586.77761
25000.0 584.80899
26000.0 582.98446
27000.0 584.12542
28000.0 583.222
29000.0 583.36625
30000.0 587.67974
31000.0 582.98484
32000.0 579.45605
33000.0 584.28231
34000.0 584.46542
35000.0 584.5126
36000.0 582.9349
37000.0 581.47832
38000.0 586.83698
39000.0 584.61811
40000.0 581.32915
41000.0 586.08839
42000.0 585.68747
43000.0 582.14689
44000.0 582.88966
45000.0 586.71793
46000.0 588.11388
47000.0 580.18156
48000.0 583.4373
49000.0 587.40491
50000.0 583.70392
51000.0 581.65896
52000.0 585.26294
53000.0 587.85949
54000.0 580.96519
55000.0 580.8209
56000.0 585.3782
57000.0 584.04778
58000.0 582.27156
59000.0 587.10233
60000.0 590.51542
61000.0 581.32169
62000.0 582.87236
63000.0 586.5499
64000.0 582.8808
65000.0 578.6637
66000.0 584.44506
67000.0 585.07853
68000.0 582.2708
69000.0 584.2659
70000.0 589.74369
71000.0 580.62057
72000.0 580.37654
73000.0 585.49215
74000.0 586.17907
75000.0 581.65894
76000.0 584.39018
77000.0 589.82733
78000.0 581.92383
79000.0 580.86674
80000.0 585.91336
81000.0 585.17358
82000.0 581.79616
83000.0 582.77948
84000.0 589.00769
85000.0 583.82385
86000.0 581.72867
87000.0 583.56828
88000.0 586.11978
89000.0 584.80914
90000.0 578.75311
91000.0 584.73921
92000.0 584.95008
93000.0 581.88724
94000.0 583.17117
95000.0 589.362
96000.0 582.15222
97000.0 579.54291
98000.0 586.49314
99000.0 585.01126
100000.0 582.85687
101000.0 585.0418
102000.0 590.21738
103000.0 582.65818
104000.0 581.9268
105000.0 586.5014
106000.0 585.80061
107000.0 581.3868
108000.0 583.6777
109000.0 589.38018
110000.0 586.55774
111000.0 579.67866
112000.0 584.95354
113000.0 587.27465
114000.0 583.64341
115000.0 582.3731
116000.0 583.76747
117000.0 585.82993
118000.0 583.76039
119000.0 580.77762
120000.0 584.25041
121000.0 589.1335
122000.0 582.94857
123000.0 582.61249
124000.0 585.37209
125000.0 586.16386
126000.0 580.97112
127000.0 583.23851
128000.0 588.72133
129000.0 583.10796
130000.0 580.93464
131000.0 586.39646
132000.0 587.60887
133000.0 582.58468
134000.0 582.70933
135000.0 584.1793
136000.0 584.67733
137000.0 583.90439
138000.0 582.01549
139000.0 583.83358
140000.0 589.23685
141000.0 582.98609
142000.0 581.95242
143000.0 584.49362
144000.0 584.42385
145000.0 583.77993
146000.0 584.4534
147000.0 586.63313
148000.0 580.87915
149000.0 580.68358
150000.0 590.75345
151000.0 586.38592
152000.0 581.17619
153000.0 584.20346
154000.0 587.35852
155000.0 583.06219
156000.0 579.40924
157000.0 586.50506
158000.0 586.21455
159000.0 580.54775
160000.0 584.54514
161000.0 586.34969
162000.0 583.75124
163000.0 581.79315
164000.0 584.30014
165000.0 590.39423
166000.0 582.68398
167000.0 581.30502
168000.0 584.68025
169000.0 586.30374
170000.0 581.72896
171000.0 576.43251
172000.0 585.2374
173000.0 585.17908
174000.0 583.011
175000.0 581.01476
176000.0 585.81754
177000.0 587.002
178000.0 580.90662
179000.0 581.93504
180000.0 584.48504
181000.0 584.9283
182000.0 584.1364
183000.0 579.13761
184000.0 581.51855
185000.0 587.4533
186000.0 585.05338
187000.0 581.06718
188000.0 585.87677
189000.0 590.02051
190000.0 584.14546
191000.0 582.2036
192000.0 585.09537
193000.0 586.84865
194000.0 580.0361
195000.0 579.67436
196000.0 587.28642
197000.0 585.57964
198000.0 582.42784
199000.0 584.50773
200000.0 585.18415
