0.0 531.0
1000.0 531.43342
2000.0 532.51159
3000.0 532.53664
4000.0 529.00043
5000.0 530.29036
6000.0 537.28528
7000.0 532.06414
8000.0 529.22918
9000.0 530.82218
10000.0 532.11033
11000.0 530.09433
12000.0 530.10448
13000.0 534.29686
14000.0 533.11674
15000.0 527.1013
16000.0 528.9973
17000.0 531.86494
18000.0 532.43418
19000.0 531.36182
20000.0 530.58356
21000.0 530.26649
22000.0 533.0344
23000.0 530.12918
24000.0 527.14964
25000.0 533.28549
26000.0 534.53796
27000.0 527.71842
28000.0 529.2153
29000.0 531.42086
30000.0 531.30561
31000.0 530.61327
32000.0 528.89593
33000.0 529.43872
34000.0 535.88605
35000.0 532.41149
36000.0 528.93755
37000.0 531.99107
38000.0 532.65293
39000.0 528.58771
40000.0 528.63095
41000.0 534.63048
42000.0 532.50191
43000.0 526.78866
44000.0 530.31421
45000.0 534.90151
46000.0 531.30982
47000.0 529.65347
48000.0 531.16561
49000.0 530.84559
50000.0 532.08266
51000.0 531.65413
52000.0 526.36941
53000.0 529.22264
54000.0 535.20645
55000.0 530.95218
56000.0 530.15295
57000.0 530.20988
58000.0 533.51257
59000.0 529.28157
60000.0 524.3689
61000.0 532.31895
62000.0 533.90455
63000.0 528.32001
64000.0 530.16306
65000.0 533.16929
66000.0 530.878
67000.0 527.91665
68000.0 534.80379
69000.0 535.87986
70000.0 529.55915
71000.0 530.06096
72000.0 532.86868
73000.0 533.23168
74000.0 526.4331
75000.0 528.72576
76000.0 534.23665
77000.0 530.59082
78000.0 529.5247
79000.0 530.68497
80000.0 530.42318
81000.0 531.78375
82000.0 534.20805
83000.0 529.05228
84000.0 526.45726
85000.0 532.51981
86000.0 531.68224
87000.0 529.0867
88000.0 530.32308
89000.0 536.53751
90000.0 532.30849
91000.0 526.44802
92000.0 531.77298
93000.0 533.35884
94000.0 530.13146
95000.0 529.22437
96000.0 532.99304
97000.0 535.23693
98000.0 527.30451
99000.0 529.04248
100000.0 531.51708
101000.0 530.52147
102000.0 530.96542
103000.0 533.98496
104000.0 532.1509
105000.0 527.56046
106000.0 531.56109
107000.0 534.21429
108000.0 525.81048
109000.0 525.49943
110000.0 531.69857
111000.0 532.32199
112000.0 528.98062
113000.0 530.06777
114000.0 536.97726
115000.0 530.18134
116000.0 528.53698
117000.0 532.94534
118000.0 533.21548
119000.0 526.36602
120000.0 530.35219
121000.0 533.76774
122000.0 530.28128
123000.0 529.62397
124000.0 532.07717
125000.0 533.90504
126000.0 528.2658
127000.0 527.67007
128000.0 534.66344
129000.0 533.1205
130000.0 530.42596
131000.0 531.41988
132000.0 530.82843
133000.0 527.3871
134000.0 531.7799
135000.0 534.04215
136000.0 526.70856
137000.0 528.6436
138000.0 532.79884
139000.0 530.49556
140000.0 528.75167
141000.0 534.29142
142000.0 540.79138
143000.0 529.40187
144000.0 528.31711
145000.0 532.91652
146000.0 533.10372
147000.0 528.58481
148000.0 526.61958
149000.0 535.10433
150000.0 532.83648
151000.0 528.65292
152000.0 531.37684
153000.0 539.99303
154000.0 531.8645
155000.0 529.71317
156000.0 529.56049
157000.0 534.8366
158000.0 530.20667
159000.0 525.63727
160000.0 530.32952
161000.0 530.93106
162000.0 530.04848
163000.0 533.28673
164000.0 533.50888
165000.0 526.26759
166000.0 529.48899
167000.0 534.13608
168000.0 532.50517
169000.0 531.13362
170000.0 530.28543
171000.0 531.90287
172000.0 531.32323
173000.0 528.27954
174000.0 529.0528
175000.0 535.01624
176000.0 530.85768
177000.0 526.40346
178000.0 531.61053
179000.0 533.48594
180000.0 530.83887
181000.0 528.68186
182000.0 534.37292
183000.0 533.11229
184000.0 526.39089
185000.0 530.25911
186000.0 532.31923
187000.0 530.40835
188000.0 530.91583
189000.0 533.4547
190000.0 527.34929
191000.0 526.34013
192000.0 531.38941
193000.0 531.97268
194000.0 531.13544
195000.0 531.56443
196000.0 530.67849
197000.0 528.62547
198000.0 531.27618
199000.0 535.21182
200000.0 529.3004
