0.0 1.0061749
1000.0 1.0123468
2000.0 1.0244325
3000.0 0.98505946
4000.0 1.0979801
5000.0 0.99822052
6000.0 0.9149594
7000.0 0.9913355
8000.0 0.98388576
9000.0 0.98690412
10000.0 0.99614751
11000.0 1.0088643
12000.0 1.0293412
13000.0 0.95636849
14000.0 0.96054301
15000.0 1.0330793
16000.0 0.99192564
17000.0 0.98595842
18000.0 1.016405
19000.0 0.99901786
20000.0 1.0100783
21000.0 0.93035352
22000.0 0.96203933
23000.0 1.0873863
24000.0 1.0252595
25000.0 0.98710668
26000.0 1.0488624
27000.0 1.0410053
28000.0 0.95952626
29000.0 0.95266024
30000.0 1.052913
31000.0 0.98045255
32000.0 0.99630839
33000.0 0.99834607
34000.0 1.0350051
35000.0 0.97343487
36000.0 0.97128604
37000.0 1.0203628
38000.0 1.0403453
39000.0 0.9723542
40000.0 1.0238046
41000.0 0.99899853
42000.0 1.0248069
43000.0 0.95504931
44000.0 1.0419145
45000.0 1.0718815
46000.0 0.98309683
47000.0 0.99836713
48000.0 0.97342983
49000.0 1.0073767
50000.0 0.95256598
51000.0 0.90907038
52000.0 1.0854569
53000.0 1.0189546
54000.0 0.93839707
55000.0 1.0104329
56000.0 1.1057617
57000.0 1.0393386
58000.0 1.0413497
59000.0 0.9919849
60000.0 1.0892147
61000.0 0.91456985
62000.0 0.9405896
63000.0 1.0284361
64000.0 1.003281
65000.0 1.0415317
66000.0 0.98511875
67000.0 1.0419662
68000.0 0.95654157
69000.0 0.96153386
70000.0 1.0093606
71000.0 1.0459725
72000.0 0.94676591
73000.0 0.98014985
74000.0 1.0517451
75000.0 0.99211099
76000.0 0.95293948
77000.0 1.0097603
78000.0 1.0020252
79000.0 0.98609431
80000.0 0.96723176
81000.0 0.98307265
82000.0 1.0250696
83000.0 1.0351441
84000.0 0.98511006
85000.0 1.021785
86000.0 1.0922574
87000.0 0.98857697
88000.0 0.9148261
89000.0 1.022796
90000.0 0.99380295
91000.0 1.0031696
92000.0 0.93342137
93000.0 1.0144154
94000.0 1.016873
95000.0 0.92803635
96000.0 1.0212133
97000.0 1.1053891
98000.0 0.94388391
99000.0 0.95880525
100000.0 0.99157213
101000.0 0.96789536
102000.0 0.97208354
103000.0 0.97462354
104000.0 1.1182432
105000.0 0.96570708
106000.0 0.99414823
107000.0 0.98602493
108000.0 1.0229369
109000.0 0.93732885
110000.0 1.0009956
111000.0 1.0438861
112000.0 0.97541879
113000.0 0.92729361
114000.0 1.0164923
115000.0 1.0782328
116000.0 0.98213714
117000.0 0.96378371
118000.0 1.0324283
119000.0 0.9577952
120000.0 0.92955172
121000.0 1.0371402
122000.0 1.0735513
123000.0 0.97303647
124000.0 1.0018619
125000.0 1.0377532
126000.0 0.96738925
127000.0 0.91957259
128000.0 1.022912
129000.0 1.0865561
130000.0 0.94132787
131000.0 0.97810639
132000.0 1.0907074
133000.0 0.98746345
134000.0 0.98641636
135000.0 0.99761285
136000.0 1.0875665
137000.0 1.0269064
138000.0 0.96401047
139000.0 0.9917589
140000.0 0.99402667
141000.0 0.98249888
142000.0 1.0352958
143000.0 0.97308245
144000.0 0.99771236
145000.0 0.9127934
146000.0 1.0471152
147000.0 1.0322084
148000.0 1.0060844
149000.0 0.97844998
150000.0 1.0413393
151000.0 0.97390831
152000.0 0.96257837
153000.0 0.98573506
154000.0 0.99604622
155000.0 0.94504785
156000.0 1.023434
157000.0 1.1340415
158000.0 0.97505831
159000.0 0.99105301
160000.0 1.0202105
161000.0 1.0462503
162000.0 0.94273177
163000.0 0.9719696
164000.0 1.014661
165000.0 1.0413906
166000.0 0.96317365
167000.0 1.0507447
168000.0 1.0415566
169000.0 0.91794207
170000.0 0.98078688
171000.0 1.0235565
172000.0 0.96510654
173000.0 0.97041523
174000.0 0.99079239
175000.0 1.0698636
176000.0 1.002954
177000.0 1.0058246
178000.0 1.0329558
179000.0 0.98585502
180000.0 0.99015912
181000.0 1.0095591
182000.0 1.0784376
183000.0 0.97495115
184000.0 0.94741989
185000.0 1.0227392
186000.0 0.99611772
187000.0 1.0331454
188000.0 0.96698708
189000.0 0.98408287
190000.0 1.0356791
191000.0 0.94521697
192000.0 0.93736391
193000.0 1.0297688
194000.0 0.9783213
195000.0 0.97803919
196000.0 0.99449148
197000.0 1.0398535
198000.0 1.0112967
199000.0 0.96761567
200000.0 1.0185163
