0.0 0.0
1000.0 0.0
2000.0 0.0
3000.0 0.0
4000.0 -0.0036567503
5000.0 -0.45654972
6000.0 -3.851734
7000.0 -5.3392696
8000.0 -5.3242555
9000.0 -5.0686732
10000.0 -6.1187222
11000.0 -6.7836011
12000.0 -8.440468
13000.0 -7.3222645
14000.0 -6.3883051
15000.0 -6.5519385
16000.0 -6.3880759
17000.0 -6.5967876
18000.0 -6.8819942
19000.0 -6.6985362
20000.0 -8.1440507
21000.0 -7.760741
22000.0 -6.6081775
23000.0 -10.333234
24000.0 -6.3768968
25000.0 -6.9657164
26000.0 -7.4569311
27000.0 -7.0155969
28000.0 -5.0013194
29000.0 -4.8721016
30000.0 -6.1011438
31000.0 -8.5462498
32000.0 -5.512259
33000.0 -6.9367191
34000.0 -5.6631253
35000.0 -4.4388027
36000.0 -6.0241434
37000.0 -6.3746559
38000.0 -6.9357719
39000.0 -7.5348826
40000.0 -6.7729042
41000.0 -6.135912
42000.0 -7.1515988
43000.0 -5.0538676
44000.0 -7.0623478
45000.0 -5.8546707
46000.0 -5.9765482
47000.0 -6.4812271
48000.0 -7.0692431
49000.0 -6.6489
50000.0 -5.4452318
51000.0 -6.8746116
52000.0 -7.0047829
53000.0 -6.5800175
54000.0 -6.2981555
55000.0 -8.9843505
56000.0 -8.4507388
57000.0 -7.7971153
58000.0 -5.8097345
59000.0 -6.7671688
60000.0 -6.2253677
61000.0 -6.947956
62000.0 -6.4173254
63000.0 -6.9993607
64000.0 -8.1670377
65000.0 -8.4815204
66000.0 -7.7327894
67000.0 -7.2321114
68000.0 -9.4124591
69000.0 -7.0397043
70000.0 -6.4698932
71000.0 -8.5428801
72000.0 -7.7861035
73000.0 -6.4304779
74000.0 -9.5968663
75000.0 -7.7037458
76000.0 -7.0868223
77000.0 -6.4172488
78000.0 -7.0889252
79000.0 -7.8466592
80000.0 -7.5781824
81000.0 -8.9641086
82000.0 -7.2920007
83000.0 -6.0650894
84000.0 -7.5753802
85000.0 -9.1917693
86000.0 -6.6044906
87000.0 -5.3517092
88000.0 -7.2990808
89000.0 -6.7595417
90000.0 -7.2565515
91000.0 -6.6525032
92000.0 -6.5260266
93000.0 -7.3793481
94000.0 -8.3741861
95000.0 -7.7917372
96000.0 -6.5075355
97000.0 -7.4187024
98000.0 -7.3798072
99000.0 -7.938382
100000.0 -6.6944839
101000.0 -8.4757232
102000.0 -7.2616335
103000.0 -8.7541747
104000.0 -8.3808089
105000.0 -8.4262293
106000.0 -6.5210784
107000.0 -9.6608932
108000.0 -9.1113993
109000.0 -8.8673086
110000.0 -8.1712566
111000.0 -7.1441278
112000.0 -9.0679783
113000.0 -8.1174114
114000.0 -7.4371631
115000.0 -6.9829955
116000.0 -7.6693497
117000.0 -6.5877725
118000.0 -7.6323386
119000.0 -8.1440624
120000.0 -8.3912313
121000.0 -7.2864957
122000.0 -6.0041592
123000.0 -8.1680827
124000.0 -8.0959303
125000.0 -7.1928678
126000.0 -7.329554
127000.0 -6.4931246
128000.0 -7.1437469
129000.0 -7.3901133
130000.0 -9.4901807
131000.0 -8.1057072
132000.0 -7.8817194
133000.0 -6.5333531
134000.0 -5.0781149
135000.0 -6.3317583
136000.0 -7.2377219
137000.0 -8.8683272
138000.0 -9.6795231
139000.0 -7.9073407
140000.0 -9.633616
141000.0 -7.8582708
142000.0 -10.074355
143000.0 -9.377234
144000.0 -8.13807
145000.0 -10.094186
146000.0 -7.6221256
147000.0 -9.2634833
148000.0 -10.287161
149000.0 -10.424491
150000.0 -8.1838294
151000.0 -7.1514171
152000.0 -6.3199035
153000.0 -6.6811971
154000.0 -8.536186
155000.0 -8.5257708
156000.0 -9.4464893
157000.0 -10.184225
158000.0 -6.9559212
159000.0 -8.071792
160000.0 -8.0181882
161000.0 -7.5640455
162000.0 -7.377901
163000.0 -7.3464583
164000.0 -8.0514566
165000.0 -8.4585903
166000.0 -8.9287126
167000.0 -7.91245
168000.0 -5.3422178
169000.0 -7.1991584
170000.0 -7.501329
171000.0 -8.1320476
172000.0 -6.7666855
173000.0 -8.7161805
174000.0 -10.294498
175000.0 -9.152623
176000.0 -6.8274431
177000.0 -7.6758867
178000.0 -8.3396145
179000.0 -8.3651333
180000.0 -7.4380986
181000.0 -7.828993
182000.0 -6.7365668
183000.0 -7.3533709
184000.0 -8.5582723
185000.0 -9.7423059
186000.0 -7.5150617
187000.0 -6.2643583
188000.0 -6.3913352
189000.0 -7.0567139
190000.0 -6.3613395
191000.0 -6.7319118
192000.0 -7.5322707
193000.0 -7.0208711
194000.0 -8.0991537
195000.0 -8.0072547
196000.0 -8.1073256
197000.0 -7.8455109
198000.0 -6.6669313
199000.0 -6.6621787
200000.0 -7.2183792
