0.0 0.0038506603
1000.0 0.0038412429
2000.0 0.0038157949
3000.0 0.0037775918
4000.0 0.003913317
5000.0 0.0039618492
6000.0 0.0036891222
7000.0 0.0037737996
8000.0 0.0039108011
9000.0 0.0038747634
10000.0 0.0037295809
11000.0 0.0037884754
12000.0 0.004002852
13000.0 0.0038969864
14000.0 0.0038322947
15000.0 0.0038455562
16000.0 0.0038854478
17000.0 0.0038872242
18000.0 0.0037846444
19000.0 0.0038561548
20000.0 0.0039738149
21000.0 0.0038054124
22000.0 0.0036967648
23000.0 0.0038488676
24000.0 0.0038899834
25000.0 0.0038318762
26000.0 0.0037877716
27000.0 0.0040420113
28000.0 0.0039127645
29000.0 0.0038049139
30000.0 0.0038658995
31000.0 0.0038999362
32000.0 0.0037470163
33000.0 0.003736247
34000.0 0.0039872315
35000.0 0.0038474495
36000.0 0.003778524
37000.0 0.0039124273
38000.0 0.0040059219
39000.0 0.0037292814
40000.0 0.003769205
41000.0 0.0039177948
42000.0 0.0039057429
43000.0 0.0037578381
44000.0 0.0038594793
45000.0 0.0039642549
46000.0 0.0037205378
47000.0 0.0037615818
48000.0 0.003874913
49000.0 0.003896749
50000.0 0.0038317114
51000.0 0.0037595795
52000.0 0.0038713808
53000.0 0.0039638988
54000.0 0.0037989418
55000.0 0.0037574167
56000.0 0.0038980406
57000.0 0.0039078488
58000.0 0.0038197271
59000.0 0.0038045565
60000.0 0.0039908276
61000.0 0.0039875032
62000.0 0.0037165529
63000.0 0.0038149454
64000.0 0.0039460582
65000.0 0.0038068624
66000.0 0.0037802088
67000.0 0.0039875497
68000.0 0.0039988623
69000.0 0.0037656801
70000.0 0.0038239803
71000.0 0.0039257331
72000.0 0.0037830556
73000.0 0.003734698
74000.0 0.003984318
75000.0 0.0038921112
76000.0 0.0037838729
77000.0 0.003861706
78000.0 0.0039069151
79000.0 0.0038300265
80000.0 0.0038025516
81000.0 0.0038815927
82000.0 0.0039777669
83000.0 0.0037597578
84000.0 0.0037734557
85000.0 0.0039166626
86000.0 0.0038765631
87000.0 0.0038295808
88000.0 0.0037988425
89000.0 0.0039000266
90000.0 0.0040115647
91000.0 0.0037769849
92000.0 0.0037936972
93000.0 0.0039309781
94000.0 0.0038730263
95000.0 0.0038226745
96000.0 0.0038581788
97000.0 0.0038204501
98000.0 0.0039121985
99000.0 0.0038815429
100000.0 0.0037331958
101000.0 0.0038900033
102000.0 0.0039750354
103000.0 0.0037048592
104000.0 0.0037539287
105000.0 0.0038941953
106000.0 0.0038667023
107000.0 0.0037588063
108000.0 0.0040892677
109000.0 0.0039781127
110000.0 0.0037917367
111000.0 0.0038441917
112000.0 0.0039663653
113000.0 0.003798362
114000.0 0.0036668936
115000.0 0.0038827606
116000.0 0.0039056695
117000.0 0.0037982974
118000.0 0.0038302311
119000.0 0.0040045618
120000.0 0.0038831653
121000.0 0.0037224328
122000.0 0.0038566752
123000.0 0.0039264478
124000.0 0.0037691819
125000.0 0.0037610993
126000.0 0.0039999879
127000.0 0.0038988585
128000.0 0.0038089743
129000.0 0.0038776988
130000.0 0.0038714594
131000.0 0.003622874
132000.0 0.0037693212
133000.0 0.0039300185
134000.0 0.0038044999
135000.0 0.0038310942
136000.0 0.0039144818
137000.0 0.0038270102
138000.0 0.0037330952
139000.0 0.0039752829
140000.0 0.0039092782
141000.0 0.0038063003
142000.0 0.0038308887
143000.0 0.0038913932
144000.0 0.0038424887
145000.0 0.0037755187
146000.0 0.0037812643
147000.0 0.0039447416
148000.0 0.0038921733
149000.0 0.003667346
150000.0 0.0038161418
151000.0 0.0038896182
152000.0 0.0038622675
153000.0 0.0037807261
154000.0 0.0037619004
155000.0 0.0039473499
156000.0 0.0038997937
157000.0 0.00372864
158000.0 0.0039057686
159000.0 0.0040134219
160000.0 0.0038222588
161000.0 0.003810133
162000.0 0.0038886719
163000.0 0.0038378552
164000.0 0.0037024001
165000.0 0.0038350686
166000.0 0.0039674935
167000.0 0.0038449402
168000.0 0.0038164116
169000.0 0.0038783369
170000.0 0.0038575045
171000.0 0.0037001423
172000.0 0.0038509764
173000.0 0.0039678559
174000.0 0.0038260407
175000.0 0.0037726024
176000.0 0.0039076556
177000.0 0.0038690092
178000.0 0.0037304461
179000.0 0.0039732633
180000.0 0.0039938708
181000.0 0.0038242038
182000.0 0.0037878344
183000.0 0.0039413717
184000.0 0.0038862445
185000.0 0.0036273923
186000.0 0.0038443999
187000.0 0.0039122515
188000.0 0.0037862587
189000.0 0.0038045395
190000.0 0.004056831
191000.0 0.0039305776
192000.0 0.003824612
193000.0 0.0038155005
194000.0 0.0039140427
195000.0 0.0040435945
196000.0 0.0037057361
197000.0 0.003801736
198000.0 0.0039260474
199000.0 0.0038340128
200000.0 0.0038361813
