0.0 477.9
1000.0 478.29017
2000.0 479.32154
3000.0 480.04679
4000.0 476.02245
5000.0 475.96432
6000.0 484.82047
7000.0 480.75072
8000.0 476.09105
9000.0 477.45285
10000.0 481.17417
11000.0 479.37821
12000.0 472.79901
13000.0 478.01349
14000.0 480.36763
15000.0 477.66487
16000.0 477.1726
17000.0 478.31279
18000.0 480.18544
19000.0 477.83966
20000.0 474.16483
21000.0 481.65645
22000.0 480.95619
23000.0 477.39591
24000.0 478.54729
25000.0 477.00015
26000.0 477.73395
27000.0 482.8795
28000.0 476.52467
29000.0 474.53691
30000.0 478.1316
31000.0 478.32476
32000.0 478.45408
33000.0 478.63056
34000.0 474.31907
35000.0 478.05656
36000.0 481.69226
37000.0 474.6198
38000.0 475.69272
39000.0 481.22706
40000.0 477.82288
41000.0 475.11774
42000.0 478.41328
43000.0 479.12015
44000.0 477.15311
45000.0 478.21351
46000.0 478.03494
47000.0 472.31426
48000.0 476.15338
49000.0 482.20663
50000.0 477.90631
51000.0 476.04459
52000.0 478.1929
53000.0 477.60186
54000.0 476.86538
55000.0 480.12806
56000.0 482.08145
57000.0 473.93949
58000.0 474.79768
59000.0 481.0901
60000.0 478.7424
61000.0 475.665
62000.0 478.14585
63000.0 478.83014
64000.0 476.44338
65000.0 474.05544
66000.0 480.47817
67000.0 480.50058
68000.0 475.11638
69000.0 477.33657
70000.0 482.91656
71000.0 476.06001
72000.0 474.60151
73000.0 477.94672
74000.0 479.75591
75000.0 477.43738
76000.0 478.61501
77000.0 478.03445
78000.0 475.21114
79000.0 473.48272
80000.0 481.31449
81000.0 480.0876
82000.0 474.91207
83000.0 476.95167
84000.0 479.42563
85000.0 478.96694
86000.0 474.79644
87000.0 468.2179
88000.0 477.61578
89000.0 480.20007
90000.0 476.41645
91000.0 476.84962
92000.0 483.6921
93000.0 478.40709
94000.0 474.3685
95000.0 480.38209
96000.0 480.97515
97000.0 474.07763
98000.0 475.36289
99000.0 480.69756
100000.0 478.64754
101000.0 475.65042
102000.0 477.52634
103000.0 483.76
104000.0 477.45956
105000.0 472.9287
106000.0 479.50407
107000.0 480.56071
108000.0 475.5809
109000.0 473.20655
110000.0 484.26554
111000.0 479.24803
112000.0 474.43861
113000.0 478.51657
114000.0 480.18767
115000.0 477.18952
116000.0 476.11693
117000.0 478.30983
118000.0 481.30396
119000.0 477.23557
120000.0 472.98037
121000.0 480.37432
122000.0 481.21929
123000.0 477.11808
124000.0 476.91628
125000.0 480.4088
126000.0 477.57926
127000.0 475.19516
128000.0 480.3211
129000.0 479.84644
130000.0 473.44044
131000.0 476.61597
132000.0 480.60308
133000.0 478.63971
134000.0 475.68553
135000.0 477.39293
136000.0 486.24829
137000.0 478.51022
138000.0 475.24297
139000.0 478.67269
140000.0 481.03959
141000.0 473.98367
142000.0 473.13662
143000.0 479.39065
144000.0 478.37613
145000.0 477.47657
146000.0 478.94485
147000.0 478.77619
148000.0 474.8852
149000.0 477.88366
150000.0 482.62179
151000.0 475.00219
152000.0 472.59709
153000.0 477.93395
154000.0 479.1631
155000.0 477.35592
156000.0 472.00875
157000.0 476.71306
158000.0 482.24367
159000.0 477.00532
160000.0 474.74117
161000.0 478.50408
162000.0 478.16806
163000.0 477.62418
164000.0 476.83912
165000.0 478.64484
166000.0 482.03119
167000.0 474.75164
168000.0 474.01939
169000.0 479.53148
170000.0 478.03644
171000.0 475.49662
172000.0 479.5858
173000.0 489.74615
174000.0 479.62483
175000.0 476.10607
176000.0 477.27843
177000.0 482.02236
178000.0 476.24292
179000.0 472.30287
180000.0 478.6299
181000.0 479.23879
182000.0 477.49329
183000.0 475.34961
184000.0 479.75721
185000.0 482.27675
186000.0 475.43466
187000.0 475.95124
188000.0 481.64121
189000.0 480.2535
190000.0 474.09091
191000.0 476.52374
192000.0 478.25361
193000.0 479.78077
194000.0 476.74268
195000.0 468.87394
196000.0 478.33781
197000.0 479.41877
198000.0 477.01362
199000.0 478.21056
200000.0 482.87988
