0.0 0.0038545135
1000.0 0.0038434745
2000.0 0.0038192783
3000.0 0.0038322516
4000.0 0.0039081795
5000.0 0.0038383266
6000.0 0.0037522354
7000.0 0.0038306976
8000.0 0.0038551544
9000.0 0.0038303285
10000.0 0.0038299676
11000.0 0.0039001065
12000.0 0.0038851753
13000.0 0.0037823016
14000.0 0.0038535157
15000.0 0.0038965306
16000.0 0.003855282
17000.0 0.0038423079
18000.0 0.0038509549
19000.0 0.0038773162
20000.0 0.0038776019
21000.0 0.0037951332
22000.0 0.0038431023
23000.0 0.0039446119
24000.0 0.003865357
25000.0 0.0038377875
26000.0 0.0038561645
27000.0 0.0038746631
28000.0 0.0038097182
29000.0 0.0038092732
30000.0 0.0039208929
31000.0 0.0038716089
32000.0 0.0038277505
33000.0 0.0038471612
34000.0 0.0038678573
35000.0 0.0038350169
36000.0 0.0037549264
37000.0 0.0038872436
38000.0 0.0038880828
39000.0 0.0038123897
40000.0 0.0038451997
41000.0 0.0039452992
42000.0 0.0038866282
43000.0 0.0037858369
44000.0 0.0038701052
45000.0 0.0038770408
46000.0 0.003822541
47000.0 0.0037999955
48000.0 0.0039210373
49000.0 0.0038868133
50000.0 0.003801991
51000.0 0.0038405404
52000.0 0.0038695068
53000.0 0.0038540723
54000.0 0.0038167946
55000.0 0.0038470693
56000.0 0.0039459064
57000.0 0.0038370516
58000.0 0.0038036803
59000.0 0.0038594146
60000.0 0.0038798863
61000.0 0.0038304475
62000.0 0.0038218238
63000.0 0.0039007756
64000.0 0.0038546974
65000.0 0.0037560589
66000.0 0.0038531101
67000.0 0.0038610121
68000.0 0.0038300109
69000.0 0.0038515853
70000.0 0.0039199216
71000.0 0.0038460774
72000.0 0.003794706
73000.0 0.0038743996
74000.0 0.0038745726
75000.0 0.0038360838
76000.0 0.0038410833
77000.0 0.0038999296
78000.0 0.0039203937
79000.0 0.0037833672
80000.0 0.0038291629
81000.0 0.0038960922
82000.0 0.003840144
83000.0 0.0038300779
84000.0 0.0038556949
85000.0 0.0038547942
86000.0 0.003842239
87000.0 0.0038082246
88000.0 0.0038760385
89000.0 0.0039122755
90000.0 0.0037740078
91000.0 0.003808756
92000.0 0.0038546322
93000.0 0.0038641892
94000.0 0.0038336515
95000.0 0.0038083802
96000.0 0.0039051689
97000.0 0.0038826629
98000.0 0.0037887758
99000.0 0.0038626347
100000.0 0.0039375726
101000.0 0.0038421131
102000.0 0.0038241902
103000.0 0.0038742689
104000.0 0.0038760465
105000.0 0.0037381265
106000.0 0.0038394352
107000.0 0.0038829837
108000.0 0.0038433698
109000.0 0.0038162028
110000.0 0.0038885657
111000.0 0.00390796
112000.0 0.0037866087
113000.0 0.0038245635
114000.0 0.0039032964
115000.0 0.003842661
116000.0 0.0038306923
117000.0 0.0038669517
118000.0 0.0038519007
119000.0 0.003789611
120000.0 0.0037992928
121000.0 0.0039187998
122000.0 0.0038677759
123000.0 0.0038242302
124000.0 0.0038551982
125000.0 0.0038567184
126000.0 0.0038571175
127000.0 0.0038434589
128000.0 0.0038139363
129000.0 0.0038608765
130000.0 0.0039234209
131000.0 0.0037995738
132000.0 0.0037925723
133000.0 0.0038569997
134000.0 0.0038620474
135000.0 0.0038336545
136000.0 0.0038531665
137000.0 0.0039021737
138000.0 0.0038405753
139000.0 0.0037900199
140000.0 0.003889664
141000.0 0.0039046994
142000.0 0.0038428187
143000.0 0.0038403067
144000.0 0.0038770835
145000.0 0.0038430199
146000.0 0.0037484677
147000.0 0.0038682972
148000.0 0.0038900189
149000.0 0.0038233278
150000.0 0.0038248704
151000.0 0.0038965259
152000.0 0.0038674916
153000.0 0.0037718043
154000.0 0.0038663597
155000.0 0.0039239601
156000.0 0.0038394387
157000.0 0.0038336211
158000.0 0.0038702594
159000.0 0.0038694934
160000.0 0.0037814901
161000.0 0.0038386853
162000.0 0.0039235535
163000.0 0.0038547963
164000.0 0.003835842
165000.0 0.0038488356
166000.0 0.0038566552
167000.0 0.0038468614
168000.0 0.0038522193
169000.0 0.0038558499
170000.0 0.0038456665
171000.0 0.0038495517
172000.0 0.0038756075
173000.0 0.0038581555
174000.0 0.0037983782
175000.0 0.0038640505
176000.0 0.0039141917
177000.0 0.0038087106
178000.0 0.0038112534
179000.0 0.0038693162
180000.0 0.003872869
181000.0 0.0038300294
182000.0 0.0038140218
183000.0 0.0039000983
184000.0 0.0039000219
185000.0 0.0037739487
186000.0 0.003819658
187000.0 0.0038757923
188000.0 0.0038593843
189000.0 0.0038155957
190000.0 0.0038494271
191000.0 0.0039295264
192000.0 0.0038416595
193000.0 0.0038080339
194000.0 0.0038993162
195000.0 0.0038951414
196000.0 0.0037714383
197000.0 0.003833673
198000.0 0.0039003281
199000.0 0.0038490764
200000.0 0.0038206502
