0.0 2.8071313
1000.0 2.1426418
2000.0 1.7649739
3000.0 1.5124209
4000.0 1.3207393
5000.0 1.1579557
6000.0 1.0145648
7000.0 0.88725783
8000.0 0.77472083
9000.0 0.67500724
10000.0 0.58636554
11000.0 0.50694896
12000.0 0.43786353
13000.0 0.37690918
14000.0 0.32339964
15000.0 0.27842882
16000.0 0.23852095
17000.0 0.20387646
18000.0 0.17430838
19000.0 0.1485921
20000.0 0.12699199
21000.0 0.1082829
22000.0 0.092353145
23000.0 0.078833533
24000.0 0.067306558
25000.0 0.057473771
26000.0 0.049117829
27000.0 0.042062075
28000.0 0.036073858
29000.0 0.030977414
30000.0 0.026655919
31000.0 0.022993855
32000.0 0.019884308
33000.0 0.017241794
34000.0 0.015017452
35000.0 0.013117381
36000.0 0.011514791
37000.0 0.010157959
38000.0 0.0090077763
39000.0 0.0080425693
40000.0 0.0072256219
41000.0 0.0065403913
42000.0 0.005965326
43000.0 0.0054906566
44000.0 0.005092092
45000.0 0.0047715011
46000.0 0.0045082241
47000.0 0.0043025651
48000.0 0.004143194
49000.0 0.0040223047
50000.0 0.0039389425
51000.0 0.0038899241
52000.0 0.0038663229
53000.0 0.0038575866
54000.0 0.0038531364
55000.0 0.003870159
56000.0 0.0038341029
57000.0 0.0037642887
58000.0 0.0039541961
59000.0 0.003938757
60000.0 0.0038259943
61000.0 0.0038340797
62000.0 0.0038825133
63000.0 0.0038744496
64000.0 0.0037554205
65000.0 0.0038114505
66000.0 0.0039577419
67000.0 0.0038630374
68000.0 0.0038276771
69000.0 0.0038703239
70000.0 0.0038738377
71000.0 0.003754091
72000.0 0.0038283878
73000.0 0.0039511742
74000.0 0.0038591114
75000.0 0.003834962
76000.0 0.0038782983
77000.0 0.003889812
78000.0 0.003756767
79000.0 0.0037820977
80000.0 0.0039353999
81000.0 0.0038686767
82000.0 0.0038083615
83000.0 0.0038748621
84000.0 0.0039072241
85000.0 0.0037729548
86000.0 0.0037833704
87000.0 0.0039382405
88000.0 0.0038666024
89000.0 0.0038043526
90000.0 0.0038592974
91000.0 0.0039172494
92000.0 0.0037936508
93000.0 0.0037638186
94000.0 0.0039202259
95000.0 0.0038804946
96000.0 0.0038118945
97000.0 0.0038614327
98000.0 0.0039411585
99000.0 0.0038042959
100000.0 0.0037537503
101000.0 0.0038814235
102000.0 0.0038833749
103000.0 0.0038250071
104000.0 0.0038332248
105000.0 0.003947638
106000.0 0.0038943749
107000.0 0.0037413977
108000.0 0.0038464883
109000.0 0.0038820919
110000.0 0.0038463219
111000.0 0.0038291804
112000.0 0.0038890677
113000.0 0.00399956
114000.0 0.0038052461
115000.0 0.0037856546
116000.0 0.003867649
117000.0 0.0038644799
118000.0 0.003823052
119000.0 0.0038254174
120000.0 0.0039730927
121000.0 0.0039291191
122000.0 0.0037853299
123000.0 0.0038392514
124000.0 0.0038837717
125000.0 0.0038408756
126000.0 0.0037816882
127000.0 0.0039096354
128000.0 0.00398044
129000.0 0.0038137973
130000.0 0.0038247969
131000.0 0.0038665579
132000.0 0.0038733246
133000.0 0.0038022941
134000.0 0.0037718631
135000.0 0.0039818335
136000.0 0.0039039808
137000.0 0.0038216627
138000.0 0.0038437755
139000.0 0.0038857587
140000.0 0.0038385025
141000.0 0.0037384842
142000.0 0.003914935
143000.0 0.0039248079
144000.0 0.0038192998
145000.0 0.0038279267
146000.0 0.0038928923
147000.0 0.0038718914
148000.0 0.003729325
149000.0 0.0038554955
150000.0 0.0039003658
151000.0 0.0038232888
152000.0 0.0038145586
153000.0 0.0039255461
154000.0 0.0039479393
155000.0 0.0037644661
156000.0 0.0038230767
157000.0 0.003899678
158000.0 0.0038507522
159000.0 0.0038161768
160000.0 0.0038987738
161000.0 0.0039770875
162000.0 0.0037769754
163000.0 0.0038120636
164000.0 0.003889476
165000.0 0.003868101
166000.0 0.003809533
167000.0 0.0038714802
168000.0 0.0039859477
169000.0 0.0038021712
170000.0 0.0037964847
171000.0 0.0038779806
172000.0 0.0038572267
173000.0 0.0038300769
174000.0 0.0038733531
175000.0 0.0039471753
176000.0 0.0037483925
177000.0 0.0037878072
178000.0 0.0038826938
179000.0 0.0038565873
180000.0 0.0038335566
181000.0 0.0038639151
182000.0 0.0038914154
183000.0 0.0038092709
184000.0 0.0036904455
185000.0 0.0038880045
186000.0 0.0038854308
187000.0 0.003839468
188000.0 0.0038531967
189000.0 0.0038633462
190000.0 0.0038453142
191000.0 0.0037519494
192000.0 0.0037881603
193000.0 0.0039650551
194000.0 0.0038770054
195000.0 0.0038310658
196000.0 0.003856347
197000.0 0.0038857405
198000.0 0.0038169301
199000.0 0.0037188872
200000.0 0.0039193465
