0.0 2.8071313
1000.0 2.0379246
2000.0 1.6258808
3000.0 1.3584287
4000.0 1.1292851
5000.0 0.95771864
6000.0 0.80338677
7000.0 0.66620018
8000.0 0.5535733
9000.0 0.4551213
10000.0 0.36853051
11000.0 0.2972606
12000.0 0.23918821
13000.0 0.19217931
14000.0 0.15417051
15000.0 0.12360931
16000.0 0.099013649
17000.0 0.079329598
18000.0 0.063514985
19000.0 0.05104924
20000.0 0.041070124
21000.0 0.033154092
22000.0 0.026841865
23000.0 0.021829582
24000.0 0.017850488
25000.0 0.014675821
26000.0 0.012182626
27000.0 0.010181692
28000.0 0.0086232336
29000.0 0.0073944982
30000.0 0.0064238228
31000.0 0.0056727396
32000.0 0.0050956183
33000.0 0.0046555821
34000.0 0.0043338554
35000.0 0.0041151642
36000.0 0.0039709393
37000.0 0.0038861252
38000.0 0.0038521181
39000.0 0.0038613852
40000.0 0.0038514263
41000.0 0.003851257
42000.0 0.0038972962
43000.0 0.0039057437
44000.0 0.0035415601
45000.0 0.0037252803
46000.0 0.0038864196
47000.0 0.0038758497
48000.0 0.0038247034
49000.0 0.00384181
50000.0 0.0039097607
51000.0 0.0039263841
52000.0 0.0036055824
53000.0 0.0037332798
54000.0 0.0039313165
55000.0 0.0038676444
56000.0 0.0038327925
57000.0 0.0038745247
58000.0 0.0038975951
59000.0 0.0037901555
60000.0 0.0035704391
61000.0 0.0039216976
62000.0 0.0039396918
63000.0 0.0038246889
64000.0 0.003840813
65000.0 0.0038826048
66000.0 0.0039008019
67000.0 0.0037034791
68000.0 0.0036769889
69000.0 0.0039979197
70000.0 0.0039034738
71000.0 0.0038260853
72000.0 0.0038554248
73000.0 0.0039157641
74000.0 0.0037315741
75000.0 0.003688099
76000.0 0.0039981305
77000.0 0.003902171
78000.0 0.0037898844
79000.0 0.0038691051
80000.0 0.0039469316
81000.0 0.0037511265
82000.0 0.0036720963
83000.0 0.0039643006
84000.0 0.00391793
85000.0 0.0038104618
86000.0 0.0038578522
87000.0 0.0039768658
88000.0 0.0038228485
89000.0 0.0036418509
90000.0 0.0039046718
91000.0 0.0039184822
92000.0 0.0038162602
93000.0 0.003840679
94000.0 0.0039983177
95000.0 0.0038278997
96000.0 0.0036541125
97000.0 0.0039113315
98000.0 0.0039112208
99000.0 0.0038067478
100000.0 0.0038345474
101000.0 0.0039847932
102000.0 0.0038553419
103000.0 0.003648351
104000.0 0.0038803005
105000.0 0.0038852198
106000.0 0.0038207192
107000.0 0.0038566955
108000.0 0.0039645277
109000.0 0.0037922248
110000.0 0.0036444842
111000.0 0.0039032158
112000.0 0.00391323
113000.0 0.0038152433
114000.0 0.0038164518
115000.0 0.0039677973
116000.0 0.0039043531
117000.0 0.0036461641
118000.0 0.0038498385
119000.0 0.0039163366
120000.0 0.0038277914
121000.0 0.003834688
122000.0 0.0040025472
123000.0 0.0039380172
124000.0 0.0036778907
125000.0 0.0038689659
126000.0 0.0039121232
127000.0 0.0038186
128000.0 0.0037582068
129000.0 0.003978147
130000.0 0.0039683573
131000.0 0.0037281551
132000.0 0.0038305291
133000.0 0.0038766798
134000.0 0.0038546762
135000.0 0.0038463616
136000.0 0.003871116
137000.0 0.0038654497
138000.0 0.0038006799
139000.0 0.0038253968
140000.0 0.0039989588
141000.0 0.0038313511
142000.0 0.0036925487
143000.0 0.0038443006
144000.0 0.0038844172
145000.0 0.0038443272
146000.0 0.0038005953
147000.0 0.0038067871
148000.0 0.0039733612
149000.0 0.0038778817
150000.0 0.0036388968
151000.0 0.0038454807
152000.0 0.0038926932
153000.0 0.0038187643
154000.0 0.0038055923
155000.0 0.0040234547
156000.0 0.0039567652
157000.0 0.0037191566
158000.0 0.0038361549
159000.0 0.003970054
160000.0 0.0038039037
161000.0 0.0036569491
162000.0 0.0039974824
163000.0 0.0039348125
164000.0 0.0037713614
165000.0 0.0038517191
166000.0 0.0040316725
167000.0 0.0040329455
168000.0 0.0037155365
169000.0 0.0038172044
170000.0 0.0039487655
171000.0 0.0038544938
172000.0 0.0037149235
173000.0 0.0039732635
174000.0 0.0040386801
175000.0 0.0038041619
176000.0 0.0038111597
177000.0 0.0039078837
178000.0 0.0038722509
179000.0 0.0037139186
180000.0 0.0038879923
181000.0 0.004052972
182000.0 0.003900231
183000.0 0.0038102724
184000.0 0.003827167
185000.0 0.0040312431
186000.0 0.0039091598
187000.0 0.0036930785
188000.0 0.0039095985
189000.0 0.0039727226
190000.0 0.0037669951
191000.0 0.0037975784
192000.0 0.0040925169
193000.0 0.0039231901
194000.0 0.0037637234
195000.0 0.0038719429
196000.0 0.0039227688
197000.0 0.0036902213
198000.0 0.0036041344
199000.0 0.0038880559
200000.0 0.0038691546
