0.0 2.8071313
1000.0 2.101341
2000.0 1.6035745
3000.0 1.3097869
4000.0 1.057523
5000.0 0.86198626
6000.0 0.69201522
7000.0 0.54865713
8000.0 0.4324844
9000.0 0.33886617
10000.0 0.26188467
11000.0 0.20347882
12000.0 0.15685633
13000.0 0.1211413
14000.0 0.093352412
15000.0 0.072103292
16000.0 0.055887821
17000.0 0.043273734
18000.0 0.033752599
19000.0 0.026353237
20000.0 0.02077018
21000.0 0.01644336
22000.0 0.013168688
23000.0 0.010666734
24000.0 0.0087610743
25000.0 0.0073096818
26000.0 0.0062189905
27000.0 0.0054088179
28000.0 0.0048282324
29000.0 0.0043979278
30000.0 0.0041248287
31000.0 0.0039664868
32000.0 0.0038955454
33000.0 0.0038622209
34000.0 0.0038441714
35000.0 0.0039413586
36000.0 0.0038974853
37000.0 0.0035301156
38000.0 0.0037965968
39000.0 0.003903709
40000.0 0.0038583844
41000.0 0.0037931457
42000.0 0.0038690861
43000.0 0.004073464
44000.0 0.0037723209
45000.0 0.0036582924
46000.0 0.00390128
47000.0 0.003912971
48000.0 0.0038017137
49000.0 0.0037579768
50000.0 0.0038881066
51000.0 0.0041383445
52000.0 0.0037380678
53000.0 0.0037259188
54000.0 0.0039593161
55000.0 0.003916452
56000.0 0.0037536744
57000.0 0.0038750974
58000.0 0.0040663475
59000.0 0.003749054
60000.0 0.0036963482
61000.0 0.0039483346
62000.0 0.0038953884
63000.0 0.0037292169
64000.0 0.0038898642
65000.0 0.0041328645
66000.0 0.0038369381
67000.0 0.0037285182
68000.0 0.0038869208
69000.0 0.0039138874
70000.0 0.0037703666
71000.0 0.0037011315
72000.0 0.004140004
73000.0 0.0040075776
74000.0 0.0037472767
75000.0 0.0038088709
76000.0 0.003878459
77000.0 0.0038728737
78000.0 0.0038819809
79000.0 0.0037852525
80000.0 0.0035541897
81000.0 0.0040012307
82000.0 0.0040058881
83000.0 0.0038185015
84000.0 0.0038135235
85000.0 0.0038795769
86000.0 0.0038664318
87000.0 0.0037484659
88000.0 0.003891982
89000.0 0.0041951071
90000.0 0.0038130162
91000.0 0.0037511757
92000.0 0.0038266193
93000.0 0.0039223673
94000.0 0.003907574
95000.0 0.0035902507
96000.0 0.0038272294
97000.0 0.0040004853
98000.0 0.0037951814
99000.0 0.0037810134
100000.0 0.0039865881
101000.0 0.0042390917
102000.0 0.0037529476
103000.0 0.0037623396
104000.0 0.0039641776
105000.0 0.0039006588
106000.0 0.0036138632
107000.0 0.0037076612
108000.0 0.0039852701
109000.0 0.0039342578
110000.0 0.003684533
111000.0 0.0038281836
112000.0 0.0041820328
113000.0 0.0039221764
114000.0 0.0037262216
115000.0 0.0038573189
116000.0 0.0040651448
117000.0 0.0036783964
118000.0 0.0036532744
119000.0 0.0039799221
120000.0 0.0039217431
121000.0 0.0037295386
122000.0 0.0038918138
123000.0 0.004065683
124000.0 0.0037721529
125000.0 0.0036601152
126000.0 0.0039181204
127000.0 0.0038745709
128000.0 0.0037953346
129000.0 0.0039207437
130000.0 0.0039690523
131000.0 0.0037591044
132000.0 0.0038505815
133000.0 0.0040930401
134000.0 0.0037788576
135000.0 0.003781409
136000.0 0.0038638941
137000.0 0.0038168744
138000.0 0.0039911853
139000.0 0.004150259
140000.0 0.0037295835
141000.0 0.0037149914
142000.0 0.0039703306
143000.0 0.0038959642
144000.0 0.003790349
145000.0 0.0038463601
146000.0 0.0038702948
147000.0 0.0039363968
148000.0 0.0037286231
149000.0 0.003738147
150000.0 0.0040314139
151000.0 0.0038962314
152000.0 0.0037207282
153000.0 0.0038634607
154000.0 0.0040371116
155000.0 0.0037855712
156000.0 0.0036388008
157000.0 0.0038788953
158000.0 0.0038809317
159000.0 0.0038389418
160000.0 0.0037848591
161000.0 0.0039394081
162000.0 0.0039606152
163000.0 0.0037127614
164000.0 0.0037423431
165000.0 0.0041342868
166000.0 0.0039103887
167000.0 0.0037479358
168000.0 0.0038891198
169000.0 0.003979695
170000.0 0.0037452047
171000.0 0.0037514181
172000.0 0.0040457389
173000.0 0.0039138289
174000.0 0.0037479451
175000.0 0.0038423032
176000.0 0.0039032844
177000.0 0.0037731654
178000.0 0.0037887876
179000.0 0.0040910981
180000.0 0.0038895844
181000.0 0.0036878193
182000.0 0.0038442966
183000.0 0.0039714353
184000.0 0.0037208593
185000.0 0.0035431367
186000.0 0.004008924
187000.0 0.0039138515
188000.0 0.0038082929
189000.0 0.0037877789
190000.0 0.0040153495
191000.0 0.0040604511
192000.0 0.0036968571
193000.0 0.0038286305
194000.0 0.0039644977
195000.0 0.0037857326
196000.0 0.0037460995
197000.0 0.0040292087
198000.0 0.0038872133
199000.0 0.003719858
200000.0 0.0038267446
