0.0 2.8071313
1000.0 2.6794906
2000.0 2.6369041
3000.0 2.5645989
4000.0 2.4804733
5000.0 2.3692192
6000.0 2.2552103
7000.0 2.1402211
8000.0 2.0277126
9000.0 1.8994776
10000.0 1.7704405
11000.0 1.6402409
12000.0 1.5082311
13000.0 1.3699363
14000.0 1.2299989
15000.0 1.1000431
16000.0 0.9808117
17000.0 0.86657964
18000.0 0.76469537
19000.0 0.67270366
20000.0 0.59070941
21000.0 0.51730984
22000.0 0.45358051
23000.0 0.39668563
24000.0 0.34594536
25000.0 0.30139999
26000.0 0.26246798
27000.0 0.22858646
28000.0 0.19899412
29000.0 0.17315427
30000.0 0.15055672
31000.0 0.13088472
32000.0 0.11380899
33000.0 0.099007528
34000.0 0.086117666
35000.0 0.074990693
36000.0 0.065334106
37000.0 0.056951642
38000.0 0.049688911
39000.0 0.043414624
40000.0 0.037953636
41000.0 0.033232676
42000.0 0.029145007
43000.0 0.025613437
44000.0 0.022547713
45000.0 0.019888576
46000.0 0.01758432
47000.0 0.015591831
48000.0 0.01386084
49000.0 0.012364593
50000.0 0.011063532
51000.0 0.0099431406
52000.0 0.0089720699
53000.0 0.0081305688
54000.0 0.0074047721
55000.0 0.0067794728
56000.0 0.0062428068
57000.0 0.0057830689
58000.0 0.005392785
59000.0 0.005060576
60000.0 0.0047803557
61000.0 0.0045485185
62000.0 0.0043591715
63000.0 0.0042029811
64000.0 0.0040840621
65000.0 0.0039917627
66000.0 0.0039282391
67000.0 0.0038834869
68000.0 0.0038572955
69000.0 0.003847079
70000.0 0.0038496475
71000.0 0.0038493067
72000.0 0.0038775303
73000.0 0.0038419346
74000.0 0.0038009176
75000.0 0.0039222609
76000.0 0.003809267
77000.0 0.003893702
78000.0 0.0038818346
79000.0 0.0038321055
80000.0 0.0038394718
81000.0 0.0038622053
82000.0 0.0038816418
83000.0 0.0038525405
84000.0 0.0039752739
85000.0 0.0038428784
86000.0 0.0038634989
87000.0 0.0038612028
88000.0 0.0038162186
89000.0 0.0038261057
90000.0 0.0038873318
91000.0 0.0038861287
92000.0 0.0038932617
93000.0 0.0037851072
94000.0 0.0037859048
95000.0 0.0038142608
96000.0 0.0038133316
97000.0 0.0039301404
98000.0 0.0039014921
99000.0 0.0038634581
100000.0 0.00379531
101000.0 0.0038093837
102000.0 0.0038732523
103000.0 0.0038806815
104000.0 0.0040063623
105000.0 0.0038744448
106000.0 0.0038644601
107000.0 0.0038170847
108000.0 0.0037945751
109000.0 0.0038746267
110000.0 0.0038926958
111000.0 0.0038979865
112000.0 0.0038673317
113000.0 0.0037493015
114000.0 0.00382591
115000.0 0.0037864651
116000.0 0.003910326
117000.0 0.0039053003
118000.0 0.003880785
119000.0 0.0038328962
120000.0 0.0037730447
121000.0 0.0038571704
122000.0 0.0038622051
123000.0 0.003925912
124000.0 0.0039439752
125000.0 0.0038374894
126000.0 0.003840246
127000.0 0.0037987429
128000.0 0.0038435796
129000.0 0.0039168065
130000.0 0.0038768501
131000.0 0.0039025772
132000.0 0.0038037807
133000.0 0.0037805598
134000.0 0.003824011
135000.0 0.0038374487
136000.0 0.0039068958
137000.0 0.0038939088
138000.0 0.0038270511
139000.0 0.0037975576
140000.0 0.0038216479
141000.0 0.0038603137
142000.0 0.0040128714
143000.0 0.003917717
144000.0 0.0039187629
145000.0 0.0038043224
146000.0 0.0037879033
147000.0 0.0038347294
148000.0 0.0038947877
149000.0 0.0039262617
150000.0 0.0038394922
151000.0 0.0038120123
152000.0 0.003794562
153000.0 0.003748572
154000.0 0.0038826685
155000.0 0.0038661153
156000.0 0.0038868506
157000.0 0.003853595
158000.0 0.0038029651
159000.0 0.0038422861
160000.0 0.0038467756
161000.0 0.0038608292
162000.0 0.0039750164
163000.0 0.0038627669
164000.0 0.0038873435
165000.0 0.0038295365
166000.0 0.0038079119
167000.0 0.0038593106
168000.0 0.0038790979
169000.0 0.0039189794
170000.0 0.0039194856
171000.0 0.0037925469
172000.0 0.003834785
173000.0 0.0038120257
174000.0 0.0038749559
175000.0 0.0038967057
176000.0 0.0038579326
177000.0 0.0039547738
178000.0 0.0038082559
179000.0 0.0038327357
180000.0 0.0038240521
181000.0 0.0038249009
182000.0 0.0039326748
183000.0 0.0038964085
184000.0 0.003838279
185000.0 0.0037684946
186000.0 0.0038510146
187000.0 0.0038931253
188000.0 0.0038659367
189000.0 0.0039017177
190000.0 0.0037798911
191000.0 0.0038166681
192000.0 0.0037993496
193000.0 0.0037883338
194000.0 0.0038759228
195000.0 0.0038729611
196000.0 0.0038856608
197000.0 0.0038272083
198000.0 0.0037351035
199000.0 0.0037967821
200000.0 0.003871589
