0.0 2.8071313
1000.0 2.0231785
2000.0 1.5317806
3000.0 1.2156728
4000.0 0.97464475
5000.0 0.76663354
6000.0 0.60186375
7000.0 0.46321883
8000.0 0.34410754
9000.0 0.25945391
10000.0 0.19174368
11000.0 0.14099683
12000.0 0.10404924
13000.0 0.076002246
14000.0 0.055836651
15000.0 0.041290271
16000.0 0.030569338
17000.0 0.022907326
18000.0 0.017260845
19000.0 0.013253634
20000.0 0.010337864
21000.0 0.008178669
22000.0 0.006673899
23000.0 0.0055829265
24000.0 0.0048527908
25000.0 0.0043607038
26000.0 0.0040542259
27000.0 0.0038979938
28000.0 0.0037908285
29000.0 0.0038082842
30000.0 0.0039020625
31000.0 0.0038693587
32000.0 0.003603793
33000.0 0.0040359967
34000.0 0.0041716627
35000.0 0.003801094
36000.0 0.0037859315
37000.0 0.0039566601
38000.0 0.0038702485
39000.0 0.0037116148
40000.0 0.0037587845
41000.0 0.004323437
42000.0 0.003939446
43000.0 0.0037529581
44000.0 0.0038176343
45000.0 0.0039285052
46000.0 0.0038840267
47000.0 0.003524394
48000.0 0.0038651397
49000.0 0.0040256373
50000.0 0.0037662067
51000.0 0.0037645436
52000.0 0.0039690657
53000.0 0.0039063227
54000.0 0.0035543971
55000.0 0.0037490196
56000.0 0.0041235679
57000.0 0.0038401996
58000.0 0.00374996
59000.0 0.0039026197
60000.0 0.0039890826
61000.0 0.0037240715
62000.0 0.0038525361
63000.0 0.0041385763
64000.0 0.0037413972
65000.0 0.0037097802
66000.0 0.0039313631
67000.0 0.0040140809
68000.0 0.0036352057
69000.0 0.0036987276
70000.0 0.0041365288
71000.0 0.0038838129
72000.0 0.003803948
73000.0 0.0037644448
74000.0 0.0039617267
75000.0 0.0041912072
76000.0 0.0037027715
77000.0 0.0037728244
78000.0 0.0039767142
79000.0 0.0038048706
80000.0 0.003638465
81000.0 0.0041734061
82000.0 0.0040317547
83000.0 0.0037318669
84000.0 0.0037455482
85000.0 0.0040054232
86000.0 0.0038555016
87000.0 0.0037169236
88000.0 0.0041132997
89000.0 0.0040860842
90000.0 0.0036616336
91000.0 0.0038493186
92000.0 0.00391254
93000.0 0.0038379315
94000.0 0.0038658211
95000.0 0.0039088213
96000.0 0.0037268049
97000.0 0.0036995072
98000.0 0.0040930865
99000.0 0.0040210172
100000.0 0.0036301168
101000.0 0.0037932237
102000.0 0.0039144647
103000.0 0.0037918632
104000.0 0.0039139104
105000.0 0.0039639992
106000.0 0.0034757186
107000.0 0.0037294526
108000.0 0.0038982583
109000.0 0.0038577611
110000.0 0.0038602568
111000.0 0.0037085879
112000.0 0.0037617391
113000.0 0.0041227446
114000.0 0.0039622504
115000.0 0.0034891955
116000.0 0.0037297719
117000.0 0.0039105318
118000.0 0.0039841477
119000.0 0.0036583219
120000.0 0.0035551605
121000.0 0.0041158085
122000.0 0.0040058597
123000.0 0.0037092235
124000.0 0.0038022017
125000.0 0.0039003774
126000.0 0.0038590113
127000.0 0.0037996605
128000.0 0.0039893532
129000.0 0.0041918301
130000.0 0.0036478571
131000.0 0.0037098005
132000.0 0.0039872491
133000.0 0.0038697369
134000.0 0.0035126162
135000.0 0.0033697796
136000.0 0.0039394098
137000.0 0.0039143979
138000.0 0.003801044
139000.0 0.0038170213
140000.0 0.0040151047
141000.0 0.0037141978
142000.0 0.0037462693
143000.0 0.0040556753
144000.0 0.0039571037
145000.0 0.0036369868
146000.0 0.0038972842
147000.0 0.0041300033
148000.0 0.0036193923
149000.0 0.0036637016
150000.0 0.0039290786
151000.0 0.0038742814
152000.0 0.0036659886
153000.0 0.0038310293
154000.0 0.0041137017
155000.0 0.0037497073
156000.0 0.00360416
157000.0 0.0037890483
158000.0 0.0039666346
159000.0 0.0038420289
160000.0 0.0036893221
161000.0 0.0037143182
162000.0 0.0041394494
163000.0 0.0039752053
164000.0 0.0036642122
165000.0 0.0038526576
166000.0 0.0039908394
167000.0 0.0037688002
168000.0 0.0034146478
169000.0 0.0040783433
170000.0 0.0040276832
171000.0 0.003660971
172000.0 0.0037789009
173000.0 0.0039783901
174000.0 0.003844884
175000.0 0.0038040152
176000.0 0.0038664657
177000.0 0.0038691766
178000.0 0.0038683609
179000.0 0.0036704051
180000.0 0.0038824225
181000.0 0.0041182329
182000.0 0.0038056519
183000.0 0.0035943991
184000.0 0.0038090251
185000.0 0.0039022194
186000.0 0.0039788429
187000.0 0.003619896
188000.0 0.0035593611
189000.0 0.0041442394
190000.0 0.003918488
191000.0 0.0036554642
192000.0 0.0038600408
193000.0 0.0041118682
194000.0 0.0037121536
195000.0 0.0035553237
196000.0 0.0038886091
197000.0 0.0039697537
198000.0 0.0036978234
199000.0 0.003726511
200000.0 0.0041126923
