0.0 2.8071313
1000.0 2.6703773
2000.0 2.6155105
3000.0 2.5269321
4000.0 2.4036248
5000.0 2.262768
6000.0 2.1148461
7000.0 1.971555
8000.0 1.8251641
9000.0 1.6606597
10000.0 1.4832873
11000.0 1.3026638
12000.0 1.133617
13000.0 0.97426066
14000.0 0.82304141
15000.0 0.69123435
16000.0 0.57638367
17000.0 0.47849362
18000.0 0.39407862
19000.0 0.323233
20000.0 0.26512959
21000.0 0.21674296
22000.0 0.17703319
23000.0 0.14427207
24000.0 0.11776313
25000.0 0.096184513
26000.0 0.078589104
27000.0 0.064323342
28000.0 0.052737314
29000.0 0.043264392
30000.0 0.035593676
31000.0 0.02941539
32000.0 0.024371286
33000.0 0.020303888
34000.0 0.016982909
35000.0 0.014294548
36000.0 0.012100844
37000.0 0.010318401
38000.0 0.00887445
39000.0 0.0077096082
40000.0 0.0067675155
41000.0 0.0060096181
42000.0 0.0054095541
43000.0 0.0049346456
44000.0 0.0045663402
45000.0 0.004292255
46000.0 0.004092426
47000.0 0.0039581507
48000.0 0.003881394
49000.0 0.0038467711
50000.0 0.0038454951
51000.0 0.003845096
52000.0 0.0038550911
53000.0 0.0039125749
54000.0 0.0037559683
55000.0 0.0038382221
56000.0 0.003861826
57000.0 0.0037965399
58000.0 0.0039561615
59000.0 0.0038872606
60000.0 0.0038270138
61000.0 0.0038168695
62000.0 0.0037554665
63000.0 0.0039843556
64000.0 0.0038755313
65000.0 0.0039246272
66000.0 0.0039436969
67000.0 0.0037627433
68000.0 0.0038247677
69000.0 0.0038407315
70000.0 0.0039081172
71000.0 0.0040070473
72000.0 0.0037660012
73000.0 0.0038510866
74000.0 0.0037694874
75000.0 0.0037701212
76000.0 0.0039271004
77000.0 0.0039125892
78000.0 0.0038738403
79000.0 0.0038036098
80000.0 0.0036700947
81000.0 0.0039100979
82000.0 0.003838874
83000.0 0.0039489543
84000.0 0.0039536541
85000.0 0.0037876114
86000.0 0.0038250183
87000.0 0.0037706262
88000.0 0.0038869696
89000.0 0.0039707685
90000.0 0.0038615788
91000.0 0.0039199293
92000.0 0.0037078166
93000.0 0.0037945336
94000.0 0.0038419278
95000.0 0.0038593312
96000.0 0.00402028
97000.0 0.0038267503
98000.0 0.0038650915
99000.0 0.0037847751
100000.0 0.0037628742
101000.0 0.0039134791
102000.0 0.0038941654
103000.0 0.0040344892
104000.0 0.0038374676
105000.0 0.0038191068
106000.0 0.0038513128
107000.0 0.003802666
108000.0 0.0039568141
109000.0 0.00392038
110000.0 0.0039156387
111000.0 0.0040058073
112000.0 0.0038113197
113000.0 0.0038394636
114000.0 0.0037546773
115000.0 0.0038218676
116000.0 0.0040170255
117000.0 0.0039305081
118000.0 0.0038286683
119000.0 0.0037697123
120000.0 0.0038556894
121000.0 0.0039282129
122000.0 0.0038707217
123000.0 0.0039932292
124000.0 0.0039292652
125000.0 0.0038049666
126000.0 0.0038655795
127000.0 0.0037861267
128000.0 0.0038692551
129000.0 0.0039083005
130000.0 0.00405445
131000.0 0.0041045756
132000.0 0.0038787111
133000.0 0.0038553165
134000.0 0.0038385668
135000.0 0.0038384357
136000.0 0.0039019331
137000.0 0.0040725569
138000.0 0.0039162958
139000.0 0.0038728996
140000.0 0.0039152196
141000.0 0.0037523912
142000.0 0.0039194931
143000.0 0.0037858216
144000.0 0.0038683513
145000.0 0.0039407787
146000.0 0.0037973473
147000.0 0.0037538243
148000.0 0.003819772
149000.0 0.0040684642
150000.0 0.0039056752
151000.0 0.0038678134
152000.0 0.0038680605
153000.0 0.0037704588
154000.0 0.0038801437
155000.0 0.0037917247
156000.0 0.0039040712
157000.0 0.0039705103
158000.0 0.0038180111
159000.0 0.0038136066
160000.0 0.003768013
161000.0 0.0038588097
162000.0 0.0039480542
163000.0 0.0038515305
164000.0 0.0038398953
165000.0 0.0038983225
166000.0 0.0037333554
167000.0 0.0039564015
168000.0 0.0038273977
169000.0 0.0038054545
170000.0 0.003969056
171000.0 0.0039114972
172000.0 0.0039991551
173000.0 0.003889204
174000.0 0.0037858591
175000.0 0.0038728756
176000.0 0.0037095879
177000.0 0.0037678904
178000.0 0.0038817457
179000.0 0.0039136202
180000.0 0.0038899946
181000.0 0.003720964
182000.0 0.0037080774
183000.0 0.003859046
184000.0 0.0038344873
185000.0 0.003881973
186000.0 0.0039262467
187000.0 0.0037890618
188000.0 0.0039937616
189000.0 0.0038307994
190000.0 0.003812179
191000.0 0.0039284198
192000.0 0.0039948687
193000.0 0.00393428
194000.0 0.003765207
195000.0 0.0038230249
196000.0 0.0038358183
197000.0 0.0038849885
198000.0 0.0039574874
199000.0 0.0037741373
200000.0 0.0038759285
