0.0 29.5
1000.0 29.98953
2000.0 30.388239
3000.0 31.025926
4000.0 31.715507
5000.0 32.638735
6000.0 33.509714
7000.0 34.902235
8000.0 36.30864
9000.0 38.673646
10000.0 41.350063
11000.0 44.715926
12000.0 48.683126
13000.0 53.3238
14000.0 58.56417
15000.0 64.885163
16000.0 71.779771
17000.0 79.342149
18000.0 88.092921
19000.0 97.396516
20000.0 107.92738
21000.0 119.16438
22000.0 131.62172
23000.0 144.84829
24000.0 158.94701
25000.0 173.72467
26000.0 189.07491
27000.0 204.26599
28000.0 219.00306
29000.0 232.7515
30000.0 244.85823
31000.0 254.65545
32000.0 261.79042
33000.0 265.64682
34000.0 266.71904
35000.0 266.15399
36000.0 263.81889
37000.0 263.64936
38000.0 268.58656
39000.0 263.32975
40000.0 265.19553
41000.0 268.42162
42000.0 262.35816
43000.0 267.63052
44000.0 266.60731
45000.0 263.48485
46000.0 266.36089
47000.0 261.54478
48000.0 267.16413
49000.0 268.10205
50000.0 264.52737
51000.0 268.87833
52000.0 262.11971
53000.0 261.23757
54000.0 258.63804
55000.0 259.96177
56000.0 269.63036
57000.0 266.19102
58000.0 267.44662
59000.0 263.37186
60000.0 258.44366
61000.0 255.68268
62000.0 265.01653
63000.0 267.75101
64000.0 265.41935
65000.0 269.25368
66000.0 261.18056
67000.0 262.97801
68000.0 261.4441
69000.0 260.93085
70000.0 270.98543
71000.0 266.5983
72000.0 271.72685
73000.0 264.9894
74000.0 261.09297
75000.0 263.21138
76000.0 266.44045
77000.0 277.83687
78000.0 266.32202
79000.0 267.69493
80000.0 264.34727
81000.0 263.40874
82000.0 268.72513
83000.0 261.95523
84000.0 272.34564
85000.0 265.91483
86000.0 263.86856
87000.0 261.34107
88000.0 253.84235
89000.0 264.80811
90000.0 269.85468
91000.0 264.81736
92000.0 266.51661
93000.0 262.88151
94000.0 260.211
95000.0 268.27294
96000.0 260.96428
97000.0 266.97901
98000.0 268.77685
99000.0 267.69647
100000.0 267.48135
101000.0 260.76576
102000.0 262.38897
103000.0 272.57766
104000.0 270.89217
105000.0 264.36551
106000.0 267.69811
107000.0 257.9601
108000.0 267.15001
109000.0 263.42763
110000.0 265.73239
111000.0 270.32007
112000.0 264.15056
113000.0 264.36956
114000.0 256.86594
115000.0 260.84895
116000.0 265.87256
117000.0 266.07534
118000.0 268.27376
119000.0 261.93496
120000.0 259.52478
121000.0 261.14185
122000.0 265.1419
123000.0 268.92087
124000.0 264.65574
125000.0 268.94274
126000.0 260.00962
127000.0 262.31516
128000.0 270.78204
129000.0 269.25491
130000.0 265.96007
131000.0 255.9928
132000.0 267.85885
133000.0 265.01491
134000.0 263.60242
135000.0 268.48343
136000.0 261.35514
137000.0 268.91649
138000.0 264.18576
139000.0 262.54139
140000.0 267.26107
141000.0 269.04826
142000.0 269.34391
143000.0 260.99553
144000.0 258.46757
145000.0 264.6507
146000.0 263.84522
147000.0 267.34567
148000.0 264.99279
149000.0 263.29774
150000.0 266.47949
151000.0 256.89252
152000.0 266.44239
153000.0 267.45446
154000.0 274.68449
155000.0 269.69159
156000.0 264.77149
157000.0 264.36024
158000.0 263.69201
159000.0 267.01997
160000.0 269.54824
161000.0 275.1653
162000.0 263.99534
163000.0 262.60616
164000.0 265.72478
165000.0 265.86962
166000.0 268.7948
167000.0 268.18548
168000.0 258.26485
169000.0 259.6815
170000.0 264.02188
171000.0 268.48615
172000.0 265.62901
173000.0 263.19817
174000.0 266.962
175000.0 258.44848
176000.0 266.63602
177000.0 265.36785
178000.0 266.139
179000.0 268.46617
180000.0 258.32682
181000.0 266.75422
182000.0 263.74008
183000.0 263.38128
184000.0 267.88427
185000.0 263.28406
186000.0 267.9327
187000.0 269.19469
188000.0 260.34942
189000.0 267.89409
190000.0 261.8824
191000.0 266.13751
192000.0 268.09044
193000.0 268.66674
194000.0 271.70834
195000.0 262.55165
196000.0 262.02589
197000.0 263.9672
198000.0 265.08221
199000.0 268.64836
200000.0 264.80438
