0.0 59.0
1000.0 64.558941
2000.0 68.869484
3000.0 72.50735
4000.0 75.857855
5000.0 79.257848
6000.0 82.828474
7000.0 86.614308
8000.0 90.620095
9000.0 94.879003
10000.0 99.43748
11000.0 104.38021
12000.0 109.60407
13000.0 115.21986
14000.0 121.25316
15000.0 127.45832
16000.0 134.20357
17000.0 141.41123
18000.0 148.99333
19000.0 157.13551
20000.0 165.58239
21000.0 174.61691
22000.0 184.12907
23000.0 194.10464
24000.0 204.60699
25000.0 215.66667
26000.0 227.26185
27000.0 239.31836
28000.0 251.88872
29000.0 265.00732
30000.0 278.61748
31000.0 292.68625
32000.0 307.21053
33000.0 322.16531
34000.0 337.34492
35000.0 352.90451
36000.0 368.57079
37000.0 384.30034
38000.0 400.00651
39000.0 415.40781
40000.0 430.50795
41000.0 445.04611
42000.0 458.91071
43000.0 471.77128
44000.0 483.77213
45000.0 494.37281
46000.0 503.815
47000.0 511.7177
48000.0 518.19653
49000.0 523.33679
50000.0 527.00295
51000.0 529.20737
52000.0 530.282
53000.0 530.68201
54000.0 530.88623
55000.0 530.10673
56000.0 531.76327
57000.0 535.03059
58000.0 526.32442
59000.0 527.01122
60000.0 532.13867
61000.0 531.76434
62000.0 529.54386
63000.0 529.91098
64000.0 535.45141
65000.0 532.81466
66000.0 526.16719
67000.0 530.43229
68000.0 532.06067
69000.0 530.0992
70000.0 529.93888
71000.0 535.51461
72000.0 532.02775
73000.0 526.45857
74000.0 530.6121
75000.0 531.72356
76000.0 529.73563
77000.0 529.21245
78000.0 535.38743
79000.0 534.18949
80000.0 527.16103
81000.0 530.17443
82000.0 532.95868
83000.0 529.89218
84000.0 528.42515
85000.0 534.62064
86000.0 534.12959
87000.0 527.03426
88000.0 530.26922
89000.0 533.14581
90000.0 530.60358
91000.0 527.97398
92000.0 533.64667
93000.0 535.05287
94000.0 527.84032
95000.0 529.63567
96000.0 532.79397
97000.0 530.50576
98000.0 526.90415
99000.0 533.14846
100000.0 535.53081
101000.0 529.59342
102000.0 529.5047
103000.0 532.18444
104000.0 531.80387
105000.0 526.61572
106000.0 529.00568
107000.0 536.11953
108000.0 531.19191
109000.0 529.56302
110000.0 531.19957
111000.0 531.99104
112000.0 529.24621
113000.0 524.32695
114000.0 533.10408
115000.0 534.02214
116000.0 530.22138
117000.0 530.36628
118000.0 532.27515
119000.0 532.16541
120000.0 525.48867
121000.0 527.44178
122000.0 534.03741
123000.0 531.52546
124000.0 529.48666
125000.0 531.45053
126000.0 534.20877
127000.0 528.31649
128000.0 525.16515
129000.0 532.70535
130000.0 532.19419
131000.0 530.27125
132000.0 529.96228
133000.0 533.24201
134000.0 534.67221
135000.0 525.10388
136000.0 528.57144
137000.0 532.33964
138000.0 531.31685
139000.0 529.3964
140000.0 531.56002
141000.0 536.25877
142000.0 528.07799
143000.0 527.63483
144000.0 532.4494
145000.0 532.04911
146000.0 529.07283
147000.0 530.02766
148000.0 536.69743
149000.0 530.77793
150000.0 528.73469
151000.0 532.26416
152000.0 532.6699
153000.0 527.60175
154000.0 526.60232
155000.0 535.02219
156000.0 532.274
157000.0 528.76578
158000.0 530.99578
159000.0 532.5946
160000.0 528.80665
161000.0 525.31267
162000.0 534.43087
163000.0 532.78609
164000.0 529.22769
165000.0 530.20073
166000.0 532.90403
167000.0 530.04642
168000.0 524.92315
169000.0 533.24775
170000.0 533.51386
171000.0 529.7501
172000.0 530.69851
173000.0 531.94953
174000.0 529.96098
175000.0 526.63629
176000.0 535.78584
177000.0 533.92096
178000.0 529.53566
179000.0 530.72784
180000.0 531.78853
181000.0 530.39212
182000.0 529.13975
183000.0 532.91626
184000.0 538.57558
185000.0 529.29445
186000.0 529.41129
187000.0 531.51546
188000.0 530.88346
189000.0 530.41815
190000.0 531.24597
191000.0 535.61648
192000.0 533.90437
193000.0 525.84351
194000.0 529.79451
195000.0 531.90375
196000.0 530.73886
197000.0 529.39722
198000.0 532.55956
199000.0 537.19907
200000.0 527.87979
