0.0 41.3
1000.0 45.952407
2000.0 49.545939
3000.0 52.604797
4000.0 55.946093
5000.0 59.105104
6000.0 62.670439
7000.0 66.706689
8000.0 70.954387
9000.0 75.740571
10000.0 81.260561
11000.0 87.295498
12000.0 93.855064
13000.0 100.95676
14000.0 108.65187
15000.0 116.95548
16000.0 125.93292
17000.0 135.58944
18000.0 146.01996
19000.0 157.05118
20000.0 168.86085
21000.0 181.35321
22000.0 194.58084
23000.0 208.45988
24000.0 222.92268
25000.0 237.95974
26000.0 253.19629
27000.0 268.80106
28000.0 284.10633
29000.0 299.04375
30000.0 313.40538
31000.0 326.66806
32000.0 338.56236
33000.0 348.90964
34000.0 357.33824
35000.0 363.55929
36000.0 367.90855
37000.0 370.56583
38000.0 371.6531
39000.0 371.35555
40000.0 371.67535
41000.0 371.6808
42000.0 370.21143
43000.0 369.94434
44000.0 382.21356
45000.0 375.82412
46000.0 370.55647
47000.0 370.89301
48000.0 372.53897
49000.0 371.98521
50000.0 369.8176
51000.0 369.29495
52000.0 379.93779
53000.0 375.55549
54000.0 369.14044
55000.0 371.15512
56000.0 372.2767
57000.0 370.93529
58000.0 370.20197
59000.0 373.66747
60000.0 381.18028
61000.0 369.442
62000.0 368.87867
63000.0 372.53944
64000.0 372.01739
65000.0 370.67779
66000.0 370.10049
67000.0 376.56013
68000.0 377.46225
69000.0 367.07906
70000.0 370.01603
71000.0 372.49411
72000.0 371.54682
73000.0 369.62851
74000.0 375.6127
75000.0 377.08284
76000.0 367.07261
77000.0 370.0572
78000.0 373.67637
79000.0 371.1084
80000.0 368.65299
81000.0 374.95895
82000.0 377.62981
83000.0 368.11381
84000.0 369.56038
85000.0 373.00251
86000.0 371.46888
87000.0 367.7257
88000.0 372.59921
89000.0 378.67233
90000.0 369.97819
91000.0 369.54302
92000.0 372.81351
93000.0 372.02172
94000.0 367.06688
95000.0 372.43525
96000.0 378.24831
97000.0 369.76808
98000.0 369.77157
99000.0 373.12378
100000.0 372.2199
101000.0 367.48168
102000.0 371.54949
103000.0 378.44731
104000.0 370.75115
105000.0 370.59461
106000.0 372.66842
107000.0 371.50601
108000.0 368.10677
109000.0 373.59949
110000.0 378.58111
111000.0 370.02418
112000.0 369.70827
113000.0 372.84662
114000.0 372.80727
115000.0 368.00564
116000.0 369.98825
117000.0 378.52296
118000.0 371.72645
119000.0 369.61049
120000.0 372.43876
121000.0 372.21535
122000.0 366.93754
123000.0 368.93095
124000.0 377.4314
125000.0 371.11285
126000.0 369.74314
127000.0 372.73734
128000.0 374.72334
129000.0 367.68622
130000.0 367.98832
131000.0 375.72749
132000.0 372.35001
133000.0 370.86654
134000.0 371.57087
135000.0 371.83842
136000.0 371.04413
137000.0 371.22534
138000.0 373.32224
139000.0 372.51646
140000.0 367.04726
141000.0 372.32338
142000.0 376.93132
143000.0 371.90486
144000.0 370.62013
145000.0 371.904
146000.0 373.32501
147000.0 373.1225
148000.0 367.83378
149000.0 370.82822
150000.0 378.77478
151000.0 371.86681
152000.0 370.3573
153000.0 372.732
154000.0 373.16154
155000.0 366.30085
156000.0 368.34734
157000.0 376.03027
158000.0 372.1679
159000.0 367.93589
160000.0 373.21675
161000.0 378.15048
162000.0 367.09244
163000.0 369.03108
164000.0 374.28715
165000.0 371.66594
166000.0 366.0518
167000.0 366.01328
168000.0 376.15235
169000.0 372.78276
170000.0 368.59591
171000.0 371.57673
172000.0 376.17304
173000.0 367.8368
174000.0 365.83996
175000.0 373.20831
176000.0 372.97975
177000.0 369.8768
178000.0 371.00788
179000.0 376.20697
180000.0 370.5065
181000.0 365.40944
182000.0 370.11855
183000.0 373.00869
184000.0 372.45902
185000.0 366.0648
186000.0 369.83654
187000.0 376.91329
188000.0 369.82271
189000.0 367.85349
190000.0 374.4317
191000.0 373.42385
192000.0 364.22868
193000.0 369.39514
194000.0 374.54016
195000.0 371.01772
196000.0 369.40837
197000.0 377.01054
198000.0 379.98866
199000.0 370.50448
200000.0 371.10682
