0.0 41.3
1000.0 44.984031
2000.0 49.06327
3000.0 52.162437
4000.0 55.609464
5000.0 59.059807
6000.0 62.669669
7000.0 66.835895
8000.0 71.350043
9000.0 76.271702
10000.0 81.918014
11000.0 88.077225
12000.0 94.736426
13000.0 101.98325
14000.0 109.8462
15000.0 118.3414
16000.0 127.65596
17000.0 137.57105
18000.0 148.14217
19000.0 159.52216
20000.0 171.6091
21000.0 184.34937
22000.0 197.86677
23000.0 211.99458
24000.0 226.61057
25000.0 241.66437
26000.0 257.05472
27000.0 272.61962
28000.0 287.98603
29000.0 302.96613
30000.0 317.21918
31000.0 330.40898
32000.0 342.10747
33000.0 351.68052
34000.0 359.47126
35000.0 365.27978
36000.0 368.97536
37000.0 370.90906
38000.0 372.65025
39000.0 372.33807
40000.0 370.79646
41000.0 371.90558
42000.0 375.00328
43000.0 368.96428
44000.0 362.77075
45000.0 373.12475
46000.0 373.46976
47000.0 371.68537
48000.0 370.42798
49000.0 372.06971
50000.0 375.90847
51000.0 367.47836
52000.0 365.83195
53000.0 375.08114
54000.0 373.70557
55000.0 370.10755
56000.0 370.09942
57000.0 373.72102
58000.0 373.5185
59000.0 364.52447
60000.0 367.24027
61000.0 375.40384
62000.0 372.31348
63000.0 369.41962
64000.0 371.57231
65000.0 375.93407
66000.0 369.48685
67000.0 368.63801
68000.0 374.05094
69000.0 372.01144
70000.0 367.93903
71000.0 375.41351
72000.0 376.08156
73000.0 369.18759
74000.0 370.17934
75000.0 373.6818
76000.0 371.71868
77000.0 366.24853
78000.0 374.28217
79000.0 377.29168
80000.0 371.66001
81000.0 369.90571
82000.0 370.69566
83000.0 375.51937
84000.0 368.86509
85000.0 368.27321
86000.0 375.64366
87000.0 370.6377
88000.0 369.85193
89000.0 373.95183
90000.0 371.4739
91000.0 364.53455
92000.0 372.27309
93000.0 374.90185
94000.0 370.25872
95000.0 371.31983
96000.0 374.14277
97000.0 367.66907
98000.0 364.89384
99000.0 373.46323
100000.0 372.85488
101000.0 369.24434
102000.0 372.37535
103000.0 375.60586
104000.0 368.60773
105000.0 365.41507
106000.0 374.16474
107000.0 373.28445
108000.0 369.70122
109000.0 372.72533
110000.0 374.02841
111000.0 365.82738
112000.0 368.25965
113000.0 374.76502
114000.0 372.62003
115000.0 368.45077
116000.0 368.52484
117000.0 377.72685
118000.0 373.07227
119000.0 367.91054
120000.0 371.77343
121000.0 374.89567
122000.0 370.6865
123000.0 365.24952
124000.0 375.24547
125000.0 376.18911
126000.0 368.93682
127000.0 368.70819
128000.0 375.02726
129000.0 372.93172
130000.0 365.9562
131000.0 373.31716
132000.0 376.74017
133000.0 371.22847
134000.0 369.5191
135000.0 371.70712
136000.0 371.92437
137000.0 372.17772
138000.0 370.17587
139000.0 367.72018
140000.0 375.09993
141000.0 373.24971
142000.0 368.27005
143000.0 370.62089
144000.0 377.98366
145000.0 370.45874
146000.0 366.19157
147000.0 372.03656
148000.0 374.91532
149000.0 368.89826
150000.0 369.76153
151000.0 375.68553
152000.0 372.52731
153000.0 364.00294
154000.0 372.82605
155000.0 375.15678
156000.0 368.52566
157000.0 369.76795
158000.0 373.08709
159000.0 371.07315
160000.0 369.13926
161000.0 373.56632
162000.0 379.18452
163000.0 369.12591
164000.0 369.11386
165000.0 375.57124
166000.0 371.68612
167000.0 364.86927
168000.0 371.88892
169000.0 376.49696
170000.0 369.63671
171000.0 370.89777
172000.0 372.48469
173000.0 375.80059
174000.0 369.59102
175000.0 366.16697
176000.0 373.88049
177000.0 375.17156
178000.0 369.56977
179000.0 369.58286
180000.0 372.5755
181000.0 372.95885
182000.0 365.6465
183000.0 369.13776
184000.0 375.93703
185000.0 371.4146
186000.0 369.08929
187000.0 374.77081
188000.0 377.11943
189000.0 364.36328
190000.0 368.26116
191000.0 374.33804
192000.0 371.21028
193000.0 368.40291
194000.0 375.89057
195000.0 376.01255
196000.0 367.8373
197000.0 370.99604
198000.0 376.00623
199000.0 369.20901
200000.0 369.06972
