0.0 -1841.7231
1000.0 45.807423
2000.0 33.97673
3000.0 11.494515
4000.0 60.944489
5000.0 44.85142
6000.0 92.402178
7000.0 74.362223
8000.0 67.825176
9000.0 78.33142
10000.0 61.923041
11000.0 119.73865
12000.0 123.93987
13000.0 90.040702
14000.0 126.71415
15000.0 116.61286
16000.0 111.21212
17000.0 107.00199
18000.0 94.184302
19000.0 86.392133
20000.0 74.037095
21000.0 64.100049
22000.0 61.586339
23000.0 54.356114
24000.0 48.214144
25000.0 42.18506
26000.0 36.489122
27000.0 30.706552
28000.0 26.530616
29000.0 23.192378
30000.0 19.859368
31000.0 17.301972
32000.0 14.497969
33000.0 12.63246
34000.0 10.751202
35000.0 9.418849
36000.0 8.0134397
37000.0 6.9235504
38000.0 5.9340911
39000.0 5.1744174
40000.0 4.4420525
41000.0 3.894719
42000.0 3.3852557
43000.0 2.96215
44000.0 2.6189461
45000.0 2.3109069
46000.0 2.0793455
47000.0 1.8600746
48000.0 1.6906307
49000.0 1.5444506
50000.0 1.4099607
51000.0 1.3129023
52000.0 1.2279793
53000.0 1.1558247
54000.0 1.1194371
55000.0 1.0656597
56000.0 1.0468375
57000.0 1.0163709
58000.0 1.0041392
59000.0 0.99936267
60000.0 1.0009618
61000.0 0.99645434
62000.0 1.0030935
63000.0 1.0016055
64000.0 0.96133881
65000.0 1.0503827
66000.0 0.9876926
67000.0 0.98763762
68000.0 1.0234438
69000.0 0.9960506
70000.0 1.0002477
71000.0 0.99757498
72000.0 1.0015084
73000.0 1.0357821
74000.0 0.96086563
75000.0 1.0125959
76000.0 1.0095179
77000.0 0.97428014
78000.0 1.0035247
79000.0 0.99436152
80000.0 1.0069556
81000.0 0.99174878
82000.0 0.98070368
83000.0 1.0339584
84000.0 0.95518712
85000.0 1.0266474
86000.0 1.0030088
87000.0 0.99476755
88000.0 1.0090477
89000.0 0.97526803
90000.0 1.02968
91000.0 0.9956402
92000.0 0.99103162
93000.0 1.0335794
94000.0 0.97714585
95000.0 1.0083316
96000.0 0.99940659
97000.0 0.98107384
98000.0 1.0350438
99000.0 0.97288017
100000.0 1.0166341
101000.0 1.0040578
102000.0 0.97357285
103000.0 1.0153346
104000.0 0.98462417
105000.0 1.0155888
106000.0 1.0080975
107000.0 0.97165875
108000.0 1.0305812
109000.0 0.96501672
110000.0 1.0033482
111000.0 1.0092735
112000.0 0.99001954
113000.0 1.0174302
114000.0 0.97150108
115000.0 0.99157828
116000.0 1.0221142
117000.0 0.96393616
118000.0 1.0352386
119000.0 0.98860279
120000.0 0.99979563
121000.0 1.0036854
122000.0 0.97568986
123000.0 1.0420854
124000.0 0.97639767
125000.0 1.0044713
126000.0 1.0172272
127000.0 0.97968893
128000.0 1.011403
129000.0 0.98732282
130000.0 1.0076466
131000.0 1.0216369
132000.0 0.9683131
133000.0 1.0313879
134000.0 0.97641927
135000.0 1.0041365
136000.0 0.99785533
137000.0 0.98423779
138000.0 1.0341042
139000.0 0.99347549
140000.0 1.0045153
141000.0 0.99216297
142000.0 1.0047198
143000.0 1.0121039
144000.0 0.96719251
145000.0 1.042301
146000.0 0.99970949
147000.0 0.98462803
148000.0 1.0206233
149000.0 0.98120428
150000.0 0.99139893
151000.0 1.0124253
152000.0 1.0010279
153000.0 0.98657758
154000.0 0.9981217
155000.0 1.0204424
156000.0 0.97448478
157000.0 1.0242494
158000.0 1.0321256
159000.0 0.97699647
160000.0 1.0106047
161000.0 0.99417422
162000.0 0.98864386
163000.0 1.022068
164000.0 0.98517129
165000.0 1.0124065
166000.0 0.96571593
167000.0 0.9938266
168000.0 1.0057213
169000.0 0.98046889
170000.0 1.0191503
171000.0 0.98274579
172000.0 1.0076557
173000.0 1.0161606
174000.0 0.96205154
175000.0 0.99485765
176000.0 1.0077956
177000.0 1.011265
178000.0 0.98913419
179000.0 1.0048852
180000.0 0.98994904
181000.0 0.98036264
182000.0 1.0350571
183000.0 0.97359914
184000.0 1.0201194
185000.0 0.98915974
186000.0 0.99862593
187000.0 1.0128225
188000.0 0.97560876
189000.0 1.0372987
190000.0 0.9919024
191000.0 0.98846478
192000.0 1.025587
193000.0 0.97659009
194000.0 1.0105443
195000.0 0.99632287
196000.0 0.98536142
197000.0 1.0435248
198000.0 0.98604573
199000.0 0.99761616
200000.0 0.99057055
