0.0 -1842.0728
1000.0 676.45579
2000.0 283.02506
3000.0 186.67824
4000.0 143.6369
5000.0 119.94156
6000.0 114.85693
7000.0 94.838737
8000.0 86.506745
9000.0 87.392494
10000.0 78.31081
11000.0 59.640926
12000.0 47.556628
13000.0 40.424919
14000.0 33.824362
15000.0 28.425865
16000.0 22.86421
17000.0 17.974122
18000.0 14.959368
19000.0 12.439793
20000.0 9.940305
21000.0 7.7855008
22000.0 6.7022842
23000.0 5.3160856
24000.0 4.0386307
25000.0 3.4912107
26000.0 2.9547237
27000.0 2.541186
28000.0 2.1461542
29000.0 1.7973912
30000.0 1.6281524
31000.0 1.4567742
32000.0 1.2302393
33000.0 1.1417317
34000.0 1.1257216
35000.0 1.0698277
36000.0 1.032226
37000.0 1.0141922
38000.0 0.98873119
39000.0 1.0059209
40000.0 0.9635163
41000.0 1.0094631
42000.0 0.99411314
43000.0 1.0300285
44000.0 1.0766122
45000.0 0.98204837
46000.0 1.0205425
47000.0 1.0040268
48000.0 1.0163252
49000.0 1.0397428
50000.0 0.95566104
51000.0 1.0172794
52000.0 1.077894
53000.0 0.96586592
54000.0 0.97896492
55000.0 1.0222648
56000.0 0.97391795
57000.0 0.9782508
58000.0 1.0279439
59000.0 1.0715558
60000.0 1.0164597
61000.0 0.99196977
62000.0 0.97293631
63000.0 0.98209383
64000.0 1.0417995
65000.0 0.9872017
66000.0 0.99058031
67000.0 1.0049971
68000.0 1.0068914
69000.0 1.0036453
70000.0 0.98342143
71000.0 0.99387564
72000.0 0.9714221
73000.0 1.0121665
74000.0 1.0066151
75000.0 0.95236843
76000.0 0.9732549
77000.0 1.0167738
78000.0 0.98611969
79000.0 0.96792756
80000.0 0.97664907
81000.0 0.992248
82000.0 1.049177
83000.0 0.97955201
84000.0 0.98357143
85000.0 1.0137549
86000.0 0.9758865
87000.0 1.0040004
88000.0 0.99898514
89000.0 0.97198373
90000.0 1.0004104
91000.0 1.0806941
92000.0 0.9655515
93000.0 0.97382728
94000.0 1.046076
95000.0 1.0001334
96000.0 0.95636711
97000.0 0.99955909
98000.0 1.0692419
99000.0 0.96159087
100000.0 0.96422606
101000.0 1.0054951
102000.0 0.99703841
103000.0 0.97302646
104000.0 0.97773813
105000.0 1.0388771
106000.0 1.0069827
107000.0 0.96681491
108000.0 1.0088849
109000.0 1.010532
110000.0 1.0024472
111000.0 1.0374161
112000.0 0.98709933
113000.0 0.98788373
114000.0 0.99697467
115000.0 0.99368241
116000.0 1.0314977
117000.0 0.96311263
118000.0 0.95418519
119000.0 1.0443638
120000.0 1.0197062
121000.0 0.96800937
122000.0 0.99425331
123000.0 1.0453635
124000.0 0.99468964
125000.0 0.98543823
126000.0 1.0304599
127000.0 0.9826663
128000.0 0.98216135
129000.0 0.98703642
130000.0 1.040221
131000.0 0.98180349
132000.0 0.97340274
133000.0 0.95323655
134000.0 1.0186384
135000.0 1.008353
136000.0 0.97204172
137000.0 1.0092429
138000.0 0.98165317
139000.0 1.0075082
140000.0 0.99368714
141000.0 1.0004787
142000.0 0.9830155
143000.0 1.0002756
144000.0 0.96585954
145000.0 1.0051164
146000.0 0.97935957
147000.0 1.000148
148000.0 0.98847443
149000.0 1.0481797
150000.0 0.97794533
151000.0 0.96510134
152000.0 1.0089649
153000.0 1.0803109
154000.0 0.96231958
155000.0 0.98263082
156000.0 1.0545998
157000.0 1.0101621
158000.0 0.98172255
159000.0 1.0050173
160000.0 1.0289405
161000.0 0.98276211
162000.0 0.92578758
163000.0 1.0567561
164000.0 1.0207605
165000.0 0.91239683
166000.0 0.98585789
167000.0 1.0581287
168000.0 0.97511742
169000.0 0.95174429
170000.0 1.066522
171000.0 0.98858157
172000.0 0.98015595
173000.0 0.92155447
174000.0 1.0329574
175000.0 1.0440074
176000.0 0.96230567
177000.0 0.98732391
178000.0 1.0094269
179000.0 0.96614161
180000.0 1.0005255
181000.0 0.99017468
182000.0 1.0575486
183000.0 1.0072185
184000.0 0.98520978
185000.0 1.0126388
186000.0 0.99675715
187000.0 0.94109497
188000.0 0.94811514
189000.0 1.0816134
190000.0 1.0060511
191000.0 0.9685325
192000.0 1.0597595
193000.0 1.01699
194000.0 0.95307637
195000.0 0.97050274
196000.0 1.0269741
197000.0 0.98443578
198000.0 0.93078878
199000.0 1.0341207
200000.0 1.0258898
