0.0 -1841.8971
1000.0 816.74778
2000.0 344.57812
3000.0 185.76102
4000.0 169.22843
5000.0 155.558
6000.0 106.11829
7000.0 123.01998
8000.0 102.80188
9000.0 96.659404
10000.0 84.370781
11000.0 70.08607
12000.0 60.793055
13000.0 53.975643
14000.0 47.637253
15000.0 40.370576
16000.0 33.997052
17000.0 25.398619
18000.0 21.431784
19000.0 18.303773
20000.0 15.219444
21000.0 12.674153
22000.0 10.974703
23000.0 8.6807225
24000.0 7.1959643
25000.0 6.1936361
26000.0 5.0138294
27000.0 4.1879201
28000.0 3.6499199
29000.0 3.0994881
30000.0 2.5711328
31000.0 2.3487567
32000.0 1.9544627
33000.0 1.7424759
34000.0 1.5360854
35000.0 1.4039706
36000.0 1.2764594
37000.0 1.1735896
38000.0 1.1292441
39000.0 1.0810201
40000.0 1.0473727
41000.0 1.0374396
42000.0 1.0276351
43000.0 0.98390612
44000.0 0.98641339
45000.0 1.0293344
46000.0 1.0105324
47000.0 0.90421619
48000.0 0.99007538
49000.0 1.0041537
50000.0 1.0152926
51000.0 0.99039379
52000.0 0.97998946
53000.0 1.0343139
54000.0 1.0000128
55000.0 1.0077595
56000.0 0.99270681
57000.0 0.97757482
58000.0 0.96808078
59000.0 1.0470216
60000.0 1.0375058
61000.0 0.93717751
62000.0 1.0076126
63000.0 1.0062254
64000.0 0.98444045
65000.0 1.0142306
66000.0 0.96033759
67000.0 1.003809
68000.0 1.0312604
69000.0 1.0251553
70000.0 0.99070632
71000.0 0.98164427
72000.0 1.057168
73000.0 0.98735788
74000.0 0.96495947
75000.0 1.0117226
76000.0 1.0307604
77000.0 0.98184435
78000.0 0.97553701
79000.0 1.0372272
80000.0 1.0095611
81000.0 0.94242435
82000.0 0.9954876
83000.0 1.0316285
84000.0 1.0053934
85000.0 0.95812383
86000.0 1.0044588
87000.0 1.0660011
88000.0 0.97121464
89000.0 0.95925963
90000.0 1.0378936
91000.0 1.0100775
92000.0 0.97175967
93000.0 0.95630828
94000.0 1.0510819
95000.0 1.0244182
96000.0 0.95378437
97000.0 0.99820931
98000.0 1.0588125
99000.0 0.99979471
100000.0 0.96421684
101000.0 1.0331507
102000.0 1.0336071
103000.0 0.94857973
104000.0 0.98050918
105000.0 1.0266358
106000.0 0.98305899
107000.0 0.99151274
108000.0 0.98790266
109000.0 1.0302229
110000.0 0.99609293
111000.0 0.9575332
112000.0 1.010689
113000.0 1.0130646
114000.0 0.97306108
115000.0 1.0153369
116000.0 1.0842116
117000.0 0.96345537
118000.0 0.95582361
119000.0 0.99195718
120000.0 0.9936962
121000.0 0.96662471
122000.0 0.99615811
123000.0 1.037307
124000.0 0.97893087
125000.0 0.9835965
126000.0 1.0043043
127000.0 1.0084368
128000.0 1.0142119
129000.0 1.0253648
130000.0 1.0412791
131000.0 0.97573237
132000.0 1.0316477
133000.0 0.99501933
134000.0 0.99214936
135000.0 1.0065281
136000.0 0.96877856
137000.0 0.92688126
138000.0 1.0612099
139000.0 1.0265872
140000.0 0.95576979
141000.0 1.0143789
142000.0 1.0130778
143000.0 0.98551556
144000.0 0.96716522
145000.0 1.055971
146000.0 1.0092913
147000.0 0.96236692
148000.0 1.0135496
149000.0 0.99804298
150000.0 0.98940655
151000.0 0.999523
152000.0 0.96062954
153000.0 0.9901112
154000.0 1.0265596
155000.0 1.0045375
156000.0 0.98033843
157000.0 1.042768
158000.0 0.98550836
159000.0 1.0122079
160000.0 0.99001106
161000.0 1.0068353
162000.0 1.0326499
163000.0 0.99616152
164000.0 0.96447659
165000.0 1.0303547
166000.0 1.00688
167000.0 1.0182807
168000.0 0.96120397
169000.0 0.99248034
170000.0 1.0459419
171000.0 1.0131199
172000.0 0.92969172
173000.0 1.0264903
174000.0 1.0471138
175000.0 0.94436993
176000.0 0.96823673
177000.0 1.0433774
178000.0 0.98827336
179000.0 0.98273858
180000.0 0.99597145
181000.0 0.99201763
182000.0 0.973647
183000.0 0.98459935
184000.0 1.0308493
185000.0 0.98617758
186000.0 0.97494785
187000.0 1.0394677
188000.0 1.0871891
189000.0 0.97409272
190000.0 0.97940557
191000.0 1.0143929
192000.0 1.0539335
193000.0 0.98133173
194000.0 0.96874024
195000.0 1.0166794
196000.0 1.0370337
197000.0 0.97518805
198000.0 1.0041097
199000.0 1.0144664
200000.0 0.9805926
