0.0 -1841.7231
1000.0 794.39182
2000.0 365.32165
3000.0 255.24099
4000.0 226.78837
5000.0 173.6539
6000.0 160.08768
7000.0 136.4243
8000.0 140.08063
9000.0 114.77696
10000.0 103.07831
11000.0 92.224526
12000.0 85.536227
13000.0 75.044948
14000.0 64.753343
15000.0 56.486198
16000.0 52.178489
17000.0 44.26307
18000.0 39.842946
19000.0 33.760074
20000.0 31.087457
21000.0 26.115521
22000.0 22.036035
23000.0 19.294645
24000.0 16.361274
25000.0 14.439796
26000.0 12.375057
27000.0 10.549347
28000.0 9.1162308
29000.0 7.7013155
30000.0 6.6801722
31000.0 5.8538077
32000.0 5.1299821
33000.0 4.3683411
34000.0 3.8499377
35000.0 3.3630114
36000.0 3.0291486
37000.0 2.6588011
38000.0 2.3453816
39000.0 2.0560365
40000.0 1.8859971
41000.0 1.6599518
42000.0 1.5397318
43000.0 1.4349455
44000.0 1.3187974
45000.0 1.2564772
46000.0 1.1495386
47000.0 1.0989237
48000.0 1.0831801
49000.0 1.0525755
50000.0 1.0149981
51000.0 1.0008285
52000.0 0.99973267
53000.0 1.0005778
54000.0 0.99218989
55000.0 1.0030028
56000.0 1.0009098
57000.0 1.0003848
58000.0 1.0436318
59000.0 1.0226195
60000.0 0.99229607
61000.0 0.99531752
62000.0 0.99633189
63000.0 0.99426794
64000.0 0.95674885
65000.0 0.9781413
66000.0 1.0376376
67000.0 1.0257012
68000.0 0.98348792
69000.0 0.99926941
70000.0 0.9955258
71000.0 0.97891909
72000.0 0.98095067
73000.0 1.0487978
74000.0 0.98325236
75000.0 1.0114929
76000.0 1.0095497
77000.0 1.001942
78000.0 0.96442544
79000.0 0.97912564
80000.0 1.0113098
81000.0 1.0023089
82000.0 1.01189
83000.0 1.0140985
84000.0 1.0040727
85000.0 0.98738065
86000.0 0.98530527
87000.0 1.0070076
88000.0 1.0107311
89000.0 0.98037648
90000.0 0.98799428
91000.0 1.0234752
92000.0 1.0098951
93000.0 0.9736798
94000.0 1.0042519
95000.0 1.0131794
96000.0 0.97403997
97000.0 0.99228544
98000.0 1.0078788
99000.0 0.97851725
100000.0 0.99046365
101000.0 1.0001002
102000.0 0.98024447
103000.0 1.0134162
104000.0 1.0153278
105000.0 1.0169396
106000.0 1.0033934
107000.0 0.979564
108000.0 1.0066784
109000.0 1.0180725
110000.0 1.0140209
111000.0 0.9962179
112000.0 0.99207764
113000.0 1.0574913
114000.0 0.9816598
115000.0 0.97390371
116000.0 1.0202758
117000.0 1.004201
118000.0 0.98389491
119000.0 0.99484647
120000.0 1.0125975
121000.0 1.0154217
122000.0 0.96839748
123000.0 1.000801
124000.0 1.0065082
125000.0 0.98126741
126000.0 0.97393902
127000.0 0.99456643
128000.0 1.0138416
129000.0 0.98090941
130000.0 1.0019691
131000.0 1.0300809
132000.0 0.99119333
133000.0 0.99167285
134000.0 0.99062193
135000.0 1.0337476
136000.0 1.0004477
137000.0 0.9924038
138000.0 0.99458243
139000.0 0.99809004
140000.0 1.0018122
141000.0 0.93313593
142000.0 0.98896058
143000.0 1.0111409
144000.0 0.98922148
145000.0 0.96711947
146000.0 0.99706489
147000.0 1.0301495
148000.0 0.9700931
149000.0 1.0265491
150000.0 1.0191907
151000.0 0.99833385
152000.0 1.0021057
153000.0 1.011145
154000.0 1.0038755
155000.0 0.9735711
156000.0 1.0107619
157000.0 1.0075182
158000.0 0.99805053
159000.0 0.96725615
160000.0 1.0208431
161000.0 1.0233985
162000.0 0.98888996
163000.0 1.0082299
164000.0 1.0052174
165000.0 0.99859178
166000.0 0.99473211
167000.0 0.99690269
168000.0 1.0476815
169000.0 1.0053817
170000.0 0.99994956
171000.0 1.0105195
172000.0 0.99779271
173000.0 0.98413064
174000.0 1.0010153
175000.0 1.0250876
176000.0 0.96860517
177000.0 0.98425869
178000.0 1.0047678
179000.0 0.97842246
180000.0 0.99024835
181000.0 1.0115389
182000.0 1.0074997
183000.0 0.99225424
184000.0 0.96724916
185000.0 1.0070351
186000.0 1.0266143
187000.0 0.99837633
188000.0 1.0143551
189000.0 1.0074804
190000.0 0.97996973
191000.0 0.96118656
192000.0 0.96953637
193000.0 1.0491688
194000.0 0.9958356
195000.0 0.98421738
196000.0 0.99164238
197000.0 0.99788471
198000.0 0.98637835
199000.0 0.9674401
200000.0 1.0101062
