0.0 -1842.3857
1000.0 459.57581
2000.0 322.75834
3000.0 200.26178
4000.0 170.70528
5000.0 117.17406
6000.0 115.7987
7000.0 82.7645
8000.0 85.63213
9000.0 61.427688
10000.0 51.781377
11000.0 43.623833
12000.0 34.715727
13000.0 29.110896
14000.0 22.706377
15000.0 17.120517
16000.0 15.155567
17000.0 11.865176
18000.0 8.8636749
19000.0 6.9313443
20000.0 5.235192
21000.0 4.4120518
22000.0 3.7586115
23000.0 2.9572245
24000.0 2.3778744
25000.0 1.9685405
26000.0 1.7334808
27000.0 1.4549503
28000.0 1.2451344
29000.0 1.1446125
30000.0 1.0508779
31000.0 1.054175
32000.0 1.0036328
33000.0 1.0260465
34000.0 0.94316989
35000.0 0.95507178
36000.0 0.97667743
37000.0 1.0033031
38000.0 1.0594315
39000.0 0.9619925
40000.0 0.90811061
41000.0 0.99872048
42000.0 0.9903538
43000.0 0.97948572
44000.0 1.0223058
45000.0 1.0668006
46000.0 0.97762362
47000.0 0.94970899
48000.0 1.0348605
49000.0 0.98310025
50000.0 0.98434877
51000.0 0.99934781
52000.0 1.0965324
53000.0 0.99115817
54000.0 0.97844772
55000.0 1.071562
56000.0 0.97615642
57000.0 1.027958
58000.0 0.96492214
59000.0 0.9876873
60000.0 1.0785088
61000.0 1.0513278
62000.0 0.98006621
63000.0 1.0122948
64000.0 1.017217
65000.0 0.99425348
66000.0 0.92175407
67000.0 1.0933602
68000.0 1.0681307
69000.0 0.9864863
70000.0 0.98960636
71000.0 1.0284695
72000.0 0.9361178
73000.0 0.97404282
74000.0 0.98692627
75000.0 1.0747368
76000.0 1.0090109
77000.0 0.93061584
78000.0 0.99566956
79000.0 0.98478986
80000.0 0.95579604
81000.0 0.98011804
82000.0 1.0391436
83000.0 1.0964441
84000.0 0.97034292
85000.0 0.94869169
86000.0 1.0239797
87000.0 1.0133613
88000.0 0.99333904
89000.0 0.9634778
90000.0 1.0349653
91000.0 1.0631639
92000.0 0.93478026
93000.0 0.97093257
94000.0 0.97906003
95000.0 0.99093714
96000.0 0.99502949
97000.0 0.95190394
98000.0 1.0802739
99000.0 0.94232201
100000.0 0.96373674
101000.0 0.99765054
102000.0 0.96507906
103000.0 0.93183986
104000.0 1.0134457
105000.0 1.0544736
106000.0 0.98417524
107000.0 0.986885
108000.0 1.0250637
109000.0 1.0543045
110000.0 0.89519075
111000.0 0.99109053
112000.0 1.0273707
113000.0 0.97088171
114000.0 0.91221747
115000.0 1.0695855
116000.0 1.0175934
117000.0 0.91916945
118000.0 0.98232148
119000.0 0.98819309
120000.0 0.96845527
121000.0 0.96362007
122000.0 1.0369753
123000.0 1.0234841
124000.0 1.0250349
125000.0 0.96619725
126000.0 1.0132897
127000.0 1.0308258
128000.0 0.96973102
129000.0 1.0048785
130000.0 1.0632129
131000.0 0.99032572
132000.0 0.91955786
133000.0 1.0098189
134000.0 1.060312
135000.0 0.98815645
136000.0 0.98906932
137000.0 1.110493
138000.0 0.99498491
139000.0 0.97600979
140000.0 0.99807192
141000.0 1.020691
142000.0 0.94996731
143000.0 0.96661113
144000.0 1.056059
145000.0 1.0029486
146000.0 0.94560174
147000.0 0.99972304
148000.0 1.0469952
149000.0 0.94227083
150000.0 0.97517542
151000.0 1.0611307
152000.0 0.98625359
153000.0 0.98777882
154000.0 0.99017252
155000.0 1.0423908
156000.0 1.036709
157000.0 1.0039836
158000.0 1.0544899
159000.0 1.0226588
160000.0 0.94504029
161000.0 0.96214013
162000.0 1.0531885
163000.0 0.999758
164000.0 0.94203649
165000.0 1.0436307
166000.0 0.97910981
167000.0 0.97364978
168000.0 0.97866931
169000.0 1.0865287
170000.0 0.95671968
171000.0 0.97711671
172000.0 0.99363904
173000.0 0.99946201
174000.0 0.94748071
175000.0 0.91484389
176000.0 1.1018617
177000.0 0.97040088
178000.0 0.96608632
179000.0 1.0003326
180000.0 1.0430778
181000.0 1.0334446
182000.0 0.97667167
183000.0 0.96920025
184000.0 0.99550162
185000.0 0.9437059
186000.0 0.9476931
187000.0 1.0287394
188000.0 1.0138398
189000.0 1.0032405
190000.0 0.98460931
191000.0 0.96393167
192000.0 1.0078384
193000.0 0.97741657
194000.0 0.9983428
195000.0 1.0071258
196000.0 1.0079559
197000.0 1.026427
198000.0 1.0767219
199000.0 1.0940397
200000.0 0.94895349
