0.0 -1841.6777
1000.0 1024.8903
2000.0 464.71436
3000.0 314.41868
4000.0 231.64114
5000.0 206.15457
6000.0 161.48117
7000.0 149.5422
8000.0 122.78559
9000.0 113.8094
10000.0 109.26634
11000.0 100.01046
12000.0 92.948502
13000.0 81.659879
14000.0 76.455325
15000.0 68.533116
16000.0 62.107553
17000.0 52.028151
18000.0 47.220994
19000.0 40.071036
20000.0 36.284965
21000.0 32.306214
22000.0 27.377419
23000.0 24.236317
24000.0 21.050162
25000.0 18.321011
26000.0 16.210609
27000.0 13.864486
28000.0 12.210756
29000.0 10.479119
30000.0 9.2354708
31000.0 8.0001963
32000.0 7.0779669
33000.0 6.2303664
34000.0 5.350749
35000.0 4.6756435
36000.0 4.0765465
37000.0 3.6130397
38000.0 3.2303942
39000.0 2.8949277
40000.0 2.5642808
41000.0 2.2847893
42000.0 2.0675234
43000.0 1.8932218
44000.0 1.6938105
45000.0 1.5841795
46000.0 1.4428803
47000.0 1.3475527
48000.0 1.2886578
49000.0 1.2079142
50000.0 1.1496715
51000.0 1.1044694
52000.0 1.0535938
53000.0 1.0334378
54000.0 1.0107862
55000.0 1.0153716
56000.0 1.0150155
57000.0 1.0084315
58000.0 0.98845238
59000.0 1.0008634
60000.0 1.0078823
61000.0 0.99796265
62000.0 1.0268852
63000.0 0.99985163
64000.0 0.99551613
65000.0 0.99468205
66000.0 0.98928929
67000.0 0.98510708
68000.0 1.0076615
69000.0 1.0346316
70000.0 0.99020934
71000.0 0.97361731
72000.0 1.0006974
73000.0 1.0103428
74000.0 0.99886565
75000.0 0.98013566
76000.0 0.99259825
77000.0 1.0586471
78000.0 1.0047501
79000.0 0.96561408
80000.0 1.0109108
81000.0 1.0044664
82000.0 0.98989605
83000.0 0.98726194
84000.0 1.0286703
85000.0 1.008726
86000.0 1.0016888
87000.0 0.98853879
88000.0 0.98196155
89000.0 1.0236496
90000.0 1.0178829
91000.0 0.95983526
92000.0 0.98358274
93000.0 1.0001699
94000.0 0.99877686
95000.0 1.0057002
96000.0 1.0065697
97000.0 1.0254787
98000.0 1.0251061
99000.0 0.97015505
100000.0 0.9973393
101000.0 1.0131314
102000.0 0.99995611
103000.0 0.99036116
104000.0 0.98839403
105000.0 1.0449233
106000.0 0.97652526
107000.0 0.9810682
108000.0 1.0228135
109000.0 1.0105888
110000.0 0.99013008
111000.0 0.9842859
112000.0 1.0342088
113000.0 1.0051585
114000.0 0.9703048
115000.0 1.0038996
116000.0 1.0095608
117000.0 0.99852828
118000.0 0.98294945
119000.0 0.99934042
120000.0 1.0301913
121000.0 0.98905761
122000.0 0.98014109
123000.0 1.0156919
124000.0 1.0068745
125000.0 0.97627578
126000.0 1.0130664
127000.0 1.0176652
128000.0 0.99890677
129000.0 0.99443107
130000.0 1.0133114
131000.0 1.0138197
132000.0 0.97606528
133000.0 1.0036843
134000.0 1.0200734
135000.0 0.99114045
136000.0 0.99619198
137000.0 0.99057523
138000.0 1.0155496
139000.0 0.98367421
140000.0 0.98314898
141000.0 1.0264475
142000.0 1.0060763
143000.0 0.97955778
144000.0 0.99833085
145000.0 1.035617
146000.0 0.98664979
147000.0 0.96000425
148000.0 1.0176518
149000.0 1.0201051
150000.0 0.99722196
151000.0 0.98664672
152000.0 1.0272593
153000.0 1.0049154
154000.0 0.95463508
155000.0 0.99889889
156000.0 1.0145064
157000.0 0.99074723
158000.0 0.98470774
159000.0 1.0361013
160000.0 1.0122716
161000.0 0.98534434
162000.0 0.9881807
163000.0 1.0069395
164000.0 0.99770849
165000.0 0.97951138
166000.0 1.0263457
167000.0 1.0006315
168000.0 0.98767371
169000.0 0.99675782
170000.0 1.0487403
171000.0 0.97938463
172000.0 0.96956141
173000.0 1.0228223
174000.0 1.0361654
175000.0 0.98876184
176000.0 1.0103637
177000.0 1.0148177
178000.0 0.97363436
179000.0 1.0008426
180000.0 1.0348461
181000.0 1.0054483
182000.0 0.98785135
183000.0 0.98333999
184000.0 0.99820157
185000.0 0.9988077
186000.0 1.0043496
187000.0 1.0044072
188000.0 0.98401215
189000.0 0.97479609
190000.0 1.0154283
191000.0 1.0136133
192000.0 0.98654274
193000.0 1.0247799
194000.0 0.99998361
195000.0 1.0055459
196000.0 0.99415118
197000.0 0.97768256
198000.0 0.99430733
199000.0 0.98236724
200000.0 0.99769113
