0.0 -1666.2084
2000.0 -1286.2826
4000.0 -1251.7938
6000.0 -1240.0775
8000.0 -1237.5388
10000.0 -1229.8146
12000.0 -1239.7603
14000.0 -1226.0044
16000.0 -1233.2636
18000.0 -1220.846
20000.0 -1233.8882
22000.0 -1215.8668
24000.0 -1242.6164
26000.0 -1225.4314
28000.0 -1238.4917
30000.0 -1241.2518
32000.0 -1239.8085
34000.0 -1231.3659
36000.0 -1241.2842
38000.0 -1232.6373
40000.0 -1230.5083
42000.0 -1228.3512
44000.0 -1233.2697
46000.0 -1220.9273
48000.0 -1220.7928
50000.0 -1226.8879
52000.0 -1246.4542
54000.0 -1223.5501
56000.0 -1232.1763
58000.0 -1232.8053
60000.0 -1222.8469
62000.0 -1220.6265
64000.0 -1220.2112
66000.0 -1231.4302
68000.0 -1243.9154
70000.0 -1227.3879
72000.0 -1229.7992
74000.0 -1227.4502
76000.0 -1232.4069
78000.0 -1235.1358
80000.0 -1222.7437
82000.0 -1224.2661
84000.0 -1234.1965
86000.0 -1236.5049
88000.0 -1223.2472
90000.0 -1224.5506
92000.0 -1223.0859
94000.0 -1250.1125
96000.0 -1229.6849
98000.0 -1227.0522
100000.0 -1222.1774
102000.0 -1242.3977
104000.0 -1225.896
106000.0 -1232.3034
108000.0 -1225.749
110000.0 -1228.4407
112000.0 -1233.2206
114000.0 -1243.6941
116000.0 -1215.9669
118000.0 -1229.5604
120000.0 -1231.4495
122000.0 -1226.9029
124000.0 -1248.5645
126000.0 -1221.5039
128000.0 -1223.1248
130000.0 -1246.8368
132000.0 -1242.2562
134000.0 -1231.2521
136000.0 -1245.9177
138000.0 -1234.168
140000.0 -1238.9528
142000.0 -1230.0163
144000.0 -1232.8708
146000.0 -1238.625
148000.0 -1249.8445
150000.0 -1246.4105
152000.0 -1240.72
154000.0 -1246.5462
156000.0 -1232.7399
158000.0 -1229.7101
160000.0 -1236.4651
162000.0 -1221.627
164000.0 -1235.3736
166000.0 -1222.2182
168000.0 -1215.3254
170000.0 -1230.7141
172000.0 -1241.1426
174000.0 -1228.4467
176000.0 -1235.2601
178000.0 -1224.4911
180000.0 -1254.6118
182000.0 -1228.4488
184000.0 -1218.6124
186000.0 -1233.1116
188000.0 -1224.1231
190000.0 -1227.706
192000.0 -1232.6572
194000.0 -1234.3445
196000.0 -1237.1766
198000.0 -1235.6633
200000.0 -1222.7704
202000.0 -1236.1954
204000.0 -1230.9909
206000.0 -1222.3134
208000.0 -1245.3334
210000.0 -1236.3302
212000.0 -1240.4377
214000.0 -1211.7101
216000.0 -1234.4343
218000.0 -1227.9849
220000.0 -1232.6102
222000.0 -1230.5054
224000.0 -1224.4871
226000.0 -1228.1281
228000.0 -1236.7519
230000.0 -1226.1927
232000.0 -1238.6747
234000.0 -1234.5898
236000.0 -1231.1189
238000.0 -1235.4639
240000.0 -1219.2858
242000.0 -1223.3903
244000.0 -1212.5896
246000.0 -1225.0173
248000.0 -1220.7858
250000.0 -1243.7676
252000.0 -1234.2292
254000.0 -1223.644
256000.0 -1243.1557
258000.0 -1230.8477
260000.0 -1229.1727
262000.0 -1230.0635
264000.0 -1224.0153
266000.0 -1241.2061
268000.0 -1227.8765
270000.0 -1212.678
272000.0 -1229.8814
274000.0 -1223.8636
276000.0 -1219.3386
278000.0 -1217.6613
280000.0 -1226.1094
282000.0 -1223.9727
284000.0 -1226.5614
286000.0 -1227.7358
288000.0 -1235.2582
290000.0 -1231.1867
292000.0 -1219.9587
294000.0 -1230.2002
296000.0 -1231.7714
298000.0 -1253.0543
300000.0 -1234.1971
302000.0 -1236.2493
304000.0 -1235.5482
306000.0 -1225.6537
308000.0 -1242.1723
310000.0 -1222.5747
312000.0 -1240.2657
314000.0 -1238.5169
316000.0 -1239.3887
318000.0 -1240.0325
320000.0 -1243.8784
322000.0 -1230.2428
324000.0 -1246.4808
326000.0 -1222.8374
328000.0 -1216.3587
330000.0 -1231.6266
332000.0 -1228.3835
334000.0 -1246.0154
336000.0 -1232.1747
338000.0 -1216.136
340000.0 -1226.4389
342000.0 -1214.9824
344000.0 -1226.2215
346000.0 -1226.5862
348000.0 -1225.8451
350000.0 -1244.5914
352000.0 -1227.754
354000.0 -1236.4945
356000.0 -1231.1066
358000.0 -1220.5504
360000.0 -1225.3521
362000.0 -1252.4127
364000.0 -1240.5422
366000.0 -1223.7891
368000.0 -1243.8322
370000.0 -1231.3069
372000.0 -1233.4131
374000.0 -1221.3387
376000.0 -1235.6014
378000.0 -1236.0339
380000.0 -1225.9954
382000.0 -1226.8249
384000.0 -1221.368
386000.0 -1238.0321
388000.0 -1227.4002
390000.0 -1225.2116
392000.0 -1222.5854
394000.0 -1228.1787
396000.0 -1240.3682
398000.0 -1227.9806
400000.0 -1223.6255
402000.0 -1238.089
404000.0 -1226.3465
406000.0 -1225.7235
408000.0 -1228.992
410000.0 -1227.7084
412000.0 -1229.4129
414000.0 -1233.8314
416000.0 -1235.2568
418000.0 -1235.8763
420000.0 -1217.8533
422000.0 -1231.1032
424000.0 -1230.482
426000.0 -1232.08
428000.0 -1226.1769
430000.0 -1230.9974
432000.0 -1225.0788
434000.0 -1221.4493
436000.0 -1243.1499
438000.0 -1222.5718
440000.0 -1248.1096
442000.0 -1240.3622
444000.0 -1236.8159
446000.0 -1234.0369
448000.0 -1256.2732
450000.0 -1246.4729
452000.0 -1246.0644
454000.0 -1248.2971
456000.0 -1224.9371
458000.0 -1217.2344
460000.0 -1235.8082
462000.0 -1226.2121
464000.0 -1236.9337
466000.0 -1230.0068
468000.0 -1230.0773
470000.0 -1216.5549
472000.0 -1218.2568
474000.0 -1237.7937
476000.0 -1219.5844
478000.0 -1239.5885
480000.0 -1222.8536
482000.0 -1228.2496
484000.0 -1236.6361
486000.0 -1240.5577
488000.0 -1219.905
490000.0 -1247.2938
492000.0 -1234.8048
494000.0 -1232.8866
496000.0 -1234.5397
498000.0 -1239.1833
500000.0 -1232.8756
502000.0 -1230.4092
504000.0 -1223.0158
506000.0 -1239.307
508000.0 -1242.1891
510000.0 -1227.6074
512000.0 -1239.6709
514000.0 -1221.0995
516000.0 -1238.8815
518000.0 -1238.7046
520000.0 -1224.8769
522000.0 -1223.2581
524000.0 -1243.9294
526000.0 -1248.667
528000.0 -1231.6352
530000.0 -1237.8217
532000.0 -1235.8209
534000.0 -1234.1554
536000.0 -1240.7608
538000.0 -1228.5418
540000.0 -1229.8243
542000.0 -1238.1965
544000.0 -1245.9171
546000.0 -1229.0927
548000.0 -1228.0343
550000.0 -1235.9198
552000.0 -1237.32
554000.0 -1232.6867
556000.0 -1213.6792
558000.0 -1230.3982
560000.0 -1233.9928
562000.0 -1240.7073
564000.0 -1231.9577
566000.0 -1228.5126
568000.0 -1237.0447
570000.0 -1222.7462
572000.0 -1233.5247
574000.0 -1234.6439
576000.0 -1250.0249
578000.0 -1236.0561
580000.0 -1236.7714
582000.0 -1227.119
584000.0 -1220.0909
586000.0 -1225.3553
588000.0 -1227.7485
590000.0 -1241.4517
592000.0 -1236.8089
594000.0 -1233.7556
596000.0 -1230.3667
598000.0 -1245.3052
600000.0 -1233.0171
602000.0 -1223.503
604000.0 -1239.8635
606000.0 -1226.6758
608000.0 -1235.7553
610000.0 -1242.5083
612000.0 -1224.4966
614000.0 -1234.5306
616000.0 -1244.5763
618000.0 -1239.986
620000.0 -1237.7865
622000.0 -1231.8228
624000.0 -1215.3571
626000.0 -1224.3917
628000.0 -1228.6406
630000.0 -1234.775
632000.0 -1231.0651
634000.0 -1227.0227
636000.0 -1244.5139
638000.0 -1246.2295
640000.0 -1231.1299
642000.0 -1240.4655
644000.0 -1227.8147
646000.0 -1222.2553
648000.0 -1222.585
650000.0 -1234.7522
652000.0 -1211.7891
654000.0 -1236.0993
656000.0 -1240.9418
658000.0 -1219.9389
660000.0 -1227.9213
662000.0 -1239.2939
664000.0 -1235.4855
666000.0 -1222.1657
668000.0 -1247.6146
670000.0 -1232.6579
672000.0 -1235.2345
674000.0 -1219.9635
676000.0 -1242.5639
678000.0 -1242.6477
680000.0 -1242.6162
682000.0 -1247.0435
684000.0 -1227.668
686000.0 -1248.8869
688000.0 -1216.1452
690000.0 -1235.9051
692000.0 -1234.9291
694000.0 -1230.2774
696000.0 -1239.711
698000.0 -1246.5203
700000.0 -1241.8453
702000.0 -1224.5378
704000.0 -1226.7425
706000.0 -1241.5233
708000.0 -1231.1616
710000.0 -1228.4286
712000.0 -1228.7335
714000.0 -1229.0485
716000.0 -1230.648
718000.0 -1236.3292
720000.0 -1246.2633
722000.0 -1235.8189
724000.0 -1232.3031
726000.0 -1240.4422
728000.0 -1235.6205
730000.0 -1222.7419
732000.0 -1233.3677
734000.0 -1238.6918
736000.0 -1240.0541
738000.0 -1225.4404
740000.0 -1229.3622
742000.0 -1225.8378
744000.0 -1228.5814
746000.0 -1236.5605
748000.0 -1221.4124
750000.0 -1233.9033
752000.0 -1218.5047
754000.0 -1217.6068
756000.0 -1229.9093
758000.0 -1221.2424
760000.0 -1226.4503
762000.0 -1227.9161
764000.0 -1238.8413
766000.0 -1242.3826
768000.0 -1234.3924
770000.0 -1233.1169
772000.0 -1226.8612
774000.0 -1244.8486
776000.0 -1239.0099
778000.0 -1232.8378
780000.0 -1230.0202
782000.0 -1236.6206
784000.0 -1237.3269
786000.0 -1237.8068
788000.0 -1235.6051
790000.0 -1229.8648
792000.0 -1225.5122
794000.0 -1238.3574
796000.0 -1225.7961
798000.0 -1235.3196
800000.0 -1222.2721
