0.0 180.0
2000.0 99.60633
4000.0 114.39072
6000.0 114.55484
8000.0 126.46604
10000.0 130.90605
12000.0 132.91902
14000.0 142.8252
16000.0 140.03435
18000.0 148.94542
20000.0 154.63559
22000.0 150.29892
24000.0 158.29383
26000.0 160.96552
28000.0 162.01647
30000.0 158.21801
32000.0 165.08792
34000.0 167.17588
36000.0 164.07481
38000.0 167.9428
40000.0 173.95626
42000.0 172.63439
44000.0 171.02125
46000.0 165.98845
48000.0 177.98842
50000.0 175.89458
52000.0 173.19284
54000.0 174.33227
56000.0 181.09892
58000.0 181.80803
60000.0 178.99245
62000.0 173.37396
64000.0 185.15143
66000.0 173.15633
68000.0 180.86935
70000.0 175.24066
72000.0 170.58848
74000.0 174.46172
76000.0 178.92853
78000.0 173.85573
80000.0 180.44307
82000.0 175.24953
84000.0 181.37556
86000.0 180.23859
88000.0 185.4574
90000.0 179.66287
92000.0 182.05611
94000.0 173.79935
96000.0 179.98977
98000.0 177.16176
100000.0 176.58047
102000.0 177.76854
104000.0 175.39241
106000.0 173.75862
108000.0 183.80493
110000.0 180.16967
112000.0 180.62685
114000.0 182.36696
116000.0 179.40838
118000.0 180.88468
120000.0 178.20117
122000.0 181.4109
124000.0 180.37856
126000.0 185.24731
128000.0 180.93902
130000.0 176.44736
132000.0 180.15731
134000.0 180.12385
136000.0 186.46594
138000.0 178.90114
140000.0 179.33643
142000.0 183.44141
144000.0 177.92327
146000.0 182.36168
148000.0 180.29098
150000.0 185.21093
152000.0 176.96352
154000.0 187.25879
156000.0 188.29554
158000.0 185.62124
160000.0 175.74064
162000.0 178.74447
164000.0 177.62904
166000.0 179.78353
168000.0 181.18703
170000.0 185.8298
172000.0 177.91229
174000.0 178.81718
176000.0 181.44541
178000.0 183.94402
180000.0 177.596
182000.0 180.82596
184000.0 183.1991
186000.0 181.69451
188000.0 181.70817
190000.0 179.76163
192000.0 182.21508
194000.0 179.6984
196000.0 182.48433
198000.0 176.2924
200000.0 178.56584
202000.0 184.61246
204000.0 179.70053
206000.0 182.44817
208000.0 182.18551
210000.0 184.93328
212000.0 175.67364
214000.0 176.71273
216000.0 185.13737
218000.0 178.74977
220000.0 180.24534
222000.0 179.96427
224000.0 181.83555
226000.0 177.71802
228000.0 174.78807
230000.0 176.9666
232000.0 174.8602
234000.0 176.24453
236000.0 179.36154
238000.0 172.83122
240000.0 182.91104
242000.0 176.19578
244000.0 183.45687
246000.0 181.59844
248000.0 178.30929
250000.0 183.17782
252000.0 181.26569
254000.0 189.01786
256000.0 182.46296
258000.0 178.23009
260000.0 181.33532
262000.0 182.49627
264000.0 180.45205
266000.0 180.66794
268000.0 185.10061
270000.0 178.95533
272000.0 182.57401
274000.0 185.0727
276000.0 181.79061
278000.0 173.76419
280000.0 184.72017
282000.0 178.78489
284000.0 179.1272
286000.0 180.14366
288000.0 178.00531
290000.0 178.68455
292000.0 172.35195
294000.0 181.22433
296000.0 179.75209
298000.0 176.08385
300000.0 182.25501
302000.0 174.48522
304000.0 177.72915
306000.0 172.67182
308000.0 183.93277
310000.0 184.47471
312000.0 178.91072
314000.0 177.91203
316000.0 178.9412
318000.0 185.75676
320000.0 174.17771
322000.0 177.30246
324000.0 182.80388
326000.0 180.64811
328000.0 177.87403
330000.0 176.50604
332000.0 185.05409
334000.0 182.73479
336000.0 185.24363
338000.0 179.92877
340000.0 175.02104
342000.0 180.1532
344000.0 186.7686
346000.0 180.50277
348000.0 178.65474
350000.0 177.87759
352000.0 175.0684
354000.0 178.30317
356000.0 178.60274
358000.0 185.82443
360000.0 179.39212
362000.0 176.20731
364000.0 182.473
366000.0 186.82435
368000.0 182.17172
370000.0 178.72203
372000.0 182.31108
374000.0 176.36759
376000.0 177.66325
378000.0 177.8437
380000.0 179.20653
382000.0 179.04217
384000.0 180.5925
386000.0 175.41956
388000.0 183.51436
390000.0 184.43146
392000.0 180.70475
394000.0 183.84441
396000.0 179.95445
398000.0 179.05997
400000.0 181.7857
402000.0 176.64416
404000.0 176.35509
406000.0 176.53813
408000.0 183.02063
410000.0 178.66412
412000.0 175.89365
414000.0 176.74514
416000.0 179.88145
418000.0 178.15668
420000.0 180.78107
422000.0 181.03038
424000.0 178.20911
426000.0 178.27297
428000.0 177.69336
430000.0 178.28518
432000.0 183.30407
434000.0 181.03354
436000.0 178.9308
438000.0 178.499
440000.0 182.75318
442000.0 180.14717
444000.0 181.6474
446000.0 174.03603
448000.0 174.42434
450000.0 181.71778
452000.0 182.66073
454000.0 175.60579
456000.0 184.3656
458000.0 179.30353
460000.0 181.34276
462000.0 185.19422
464000.0 177.05096
466000.0 181.46069
468000.0 173.27028
470000.0 181.26197
472000.0 174.88833
474000.0 182.15318
476000.0 177.7888
478000.0 179.11093
480000.0 185.45348
482000.0 176.39214
484000.0 176.86232
486000.0 177.16431
488000.0 173.49513
490000.0 183.60637
492000.0 176.93159
494000.0 177.99063
496000.0 174.90484
498000.0 180.99935
500000.0 181.40723
502000.0 180.2453
504000.0 182.28941
506000.0 175.49848
508000.0 186.43754
510000.0 179.69856
512000.0 180.16527
514000.0 177.45808
516000.0 180.84061
518000.0 176.2803
520000.0 175.12298
522000.0 183.85846
524000.0 178.64698
526000.0 177.86618
528000.0 182.61936
530000.0 180.71157
532000.0 180.0096
534000.0 187.11143
536000.0 178.50081
538000.0 177.8412
540000.0 185.97849
542000.0 173.90092
544000.0 177.80966
546000.0 181.61012
548000.0 180.74473
550000.0 184.61453
552000.0 180.16527
554000.0 181.61469
556000.0 182.12046
558000.0 175.81588
560000.0 182.07372
562000.0 184.48628
564000.0 182.70957
566000.0 183.79859
568000.0 180.26439
570000.0 185.78853
572000.0 179.04893
574000.0 177.50067
576000.0 177.36448
578000.0 181.93687
580000.0 175.35863
582000.0 178.90803
584000.0 181.94674
586000.0 179.02553
588000.0 180.39167
590000.0 177.53907
592000.0 183.18613
594000.0 173.68263
596000.0 181.10206
598000.0 182.91285
600000.0 176.87193
602000.0 180.89463
604000.0 176.04656
606000.0 174.14203
608000.0 180.81221
610000.0 181.26654
612000.0 178.98063
614000.0 177.9394
616000.0 177.71452
618000.0 179.2433
620000.0 181.90769
622000.0 174.11487
624000.0 179.80314
626000.0 180.84889
628000.0 182.85966
630000.0 185.57596
632000.0 181.36965
634000.0 182.29506
636000.0 183.48262
638000.0 178.53627
640000.0 175.57711
642000.0 179.78017
644000.0 182.79422
646000.0 182.19845
648000.0 179.7457
650000.0 180.01252
652000.0 178.85986
654000.0 183.83038
656000.0 181.98726
658000.0 181.92575
660000.0 185.21683
662000.0 184.37384
664000.0 177.41384
666000.0 183.09927
668000.0 176.46312
670000.0 175.19768
672000.0 179.80753
674000.0 186.87383
676000.0 180.12656
678000.0 173.9155
680000.0 186.54966
682000.0 187.87651
684000.0 180.65152
686000.0 178.99338
688000.0 180.67828
690000.0 178.37359
692000.0 176.89295
694000.0 182.18663
696000.0 175.16794
698000.0 180.97349
700000.0 179.90366
702000.0 183.6381
704000.0 180.12639
706000.0 178.20826
708000.0 181.39873
710000.0 176.67321
712000.0 175.76351
714000.0 178.12448
716000.0 175.13399
718000.0 178.18262
720000.0 180.62428
722000.0 176.88868
724000.0 178.82959
726000.0 181.27474
728000.0 173.62095
730000.0 181.05713
732000.0 181.61415
734000.0 179.02485
736000.0 179.24189
738000.0 179.70891
740000.0 174.48185
742000.0 176.08706
744000.0 179.02672
746000.0 182.21822
748000.0 174.34903
750000.0 182.32131
752000.0 180.62042
754000.0 177.12701
756000.0 180.24233
758000.0 176.55163
760000.0 177.1642
762000.0 182.18551
764000.0 176.67772
766000.0 180.60148
768000.0 178.81353
770000.0 177.41308
772000.0 184.45927
774000.0 176.54955
776000.0 178.50959
778000.0 185.3952
780000.0 178.97926
782000.0 177.15646
784000.0 176.20289
786000.0 180.82465
788000.0 177.2315
790000.0 181.80634
792000.0 181.05603
794000.0 180.60231
796000.0 181.60367
798000.0 180.79968
800000.0 181.25454
