0.0 952.70177
3500.0 3485.5494
7000.0 3717.4837
10500.0 3896.0982
14000.0 4207.9186
17500.0 4230.0961
21000.0 4438.1611
24500.0 4566.4473
28000.0 4540.2849
31500.0 4705.08
35000.0 4796.4369
38500.0 4909.8993
42000.0 5003.6264
45500.0 5074.3377
49000.0 5182.5271
52500.0 5259.7441
56000.0 5334.3006
59500.0 5277.7345
63000.0 5271.2566
66500.0 5315.0389
70000.0 5368.0302
73500.0 5530.8565
77000.0 5503.8342
80500.0 5786.1253
84000.0 5752.9216
87500.0 5653.5224
91000.0 5681.6295
94500.0 5524.1871
98000.0 5791.4451
101500.0 5820.6146
105000.0 5645.548
108500.0 5696.5381
112000.0 5729.4294
115500.0 5884.6893
119000.0 5747.4598
122500.0 5885.9839
126000.0 5760.8301
129500.0 5718.094
133000.0 5744.8249
136500.0 5895.5215
140000.0 5855.3409
143500.0 5871.1109
147000.0 5864.8527
150500.0 5737.5239
154000.0 5814.3789
157500.0 5889.2877
161000.0 5836.2645
164500.0 6039.0497
168000.0 5910.1049
171500.0 5757.6908
175000.0 5850.3135
178500.0 5830.0334
182000.0 5904.4391
185500.0 5847.2997
189000.0 6097.1233
192500.0 5836.8479
196000.0 5973.3277
199500.0 5769.8752
203000.0 5831.2078
206500.0 6076.0382
210000.0 5726.8688
213500.0 6029.3446
217000.0 5797.795
220500.0 5919.0367
224000.0 5812.5133
227500.0 6076.5187
231000.0 6061.2959
234500.0 5956.0479
238000.0 6082.854
241500.0 5956.5865
245000.0 6133.3812
248500.0 5957.0107
252000.0 5877.9737
255500.0 6087.4016
259000.0 6128.6007
262500.0 5830.1284
266000.0 6070.8705
269500.0 5919.7971
273000.0 5941.5268
276500.0 5893.8214
280000.0 5921.8515
283500.0 6095.6551
287000.0 5926.7306
290500.0 6064.6936
294000.0 5977.2776
297500.0 6071.166
301000.0 5837.1819
304500.0 5836.7229
308000.0 6078.6755
311500.0 5884.182
315000.0 5894.9516
318500.0 5947.3017
322000.0 5892.7075
325500.0 5823.0075
329000.0 5909.4113
332500.0 5967.9034
336000.0 6119.0119
339500.0 6035.1753
343000.0 5966.3116
346500.0 6085.274
350000.0 5888.6287
353500.0 6064.5835
357000.0 6049.8261
360500.0 5924.9351
364000.0 5971.7432
367500.0 5850.9004
371000.0 6041.788
374500.0 5977.7742
378000.0 6015.5015
381500.0 6052.8679
385000.0 5746.8777
388500.0 5832.4192
392000.0 5867.7196
395500.0 6095.181
399000.0 6034.0439
402500.0 5924.2002
406000.0 5893.7736
409500.0 6060.4666
413000.0 5914.801
416500.0 5918.6367
420000.0 6020.8071
423500.0 5990.7088
427000.0 6106.4841
430500.0 5979.0699
434000.0 6061.3214
437500.0 5913.066
441000.0 5750.8937
444500.0 5962.4446
448000.0 5972.1708
451500.0 6068.4766
455000.0 5723.9045
458500.0 5852.461
462000.0 5944.1829
465500.0 6140.7807
469000.0 6005.175
472500.0 5960.8209
476000.0 5912.4906
479500.0 5926.7283
483000.0 5984.3713
486500.0 6126.6996
490000.0 5940.7611
493500.0 6066.1425
497000.0 6101.1085
500500.0 5952.6263
504000.0 6111.0818
507500.0 6032.0806
511000.0 5999.4403
514500.0 5852.9703
518000.0 6056.274
521500.0 5974.1084
525000.0 5998.3294
528500.0 5887.1244
532000.0 6062.0611
535500.0 6058.8781
539000.0 5982.0968
542500.0 5891.5942
546000.0 6057.8944
549500.0 6030.015
553000.0 5781.0228
556500.0 5922.7033
560000.0 5835.0117
563500.0 5969.625
567000.0 5945.1433
570500.0 5938.1063
574000.0 5953.8787
577500.0 5905.6315
581000.0 5854.0084
584500.0 6000.3622
588000.0 5869.3868
591500.0 5840.7423
595000.0 6021.2713
598500.0 5885.9438
602000.0 5865.0202
605500.0 5847.0986
609000.0 6064.4142
612500.0 5759.4622
616000.0 5878.3923
619500.0 5899.3597
623000.0 5854.7309
626500.0 5876.1072
630000.0 6133.1886
633500.0 5961.4107
637000.0 5858.5983
640500.0 5827.0631
644000.0 5876.7111
647500.0 6001.1305
651000.0 5953.1976
654500.0 5864.6097
658000.0 5990.7766
661500.0 5855.1393
665000.0 5874.775
668500.0 6027.2241
672000.0 5942.3714
675500.0 5853.5282
679000.0 5915.717
682500.0 6013.4769
686000.0 6044.4793
689500.0 5883.5739
693000.0 5952.0011
696500.0 5958.7824
700000.0 5907.6159
703500.0 5968.3014
707000.0 6093.6643
710500.0 5895.1887
714000.0 5930.3895
717500.0 5924.9831
721000.0 6109.8273
724500.0 5869.1969
728000.0 5924.8934
731500.0 5947.0924
735000.0 5921.727
738500.0 5834.4173
742000.0 5967.1796
745500.0 6063.8628
749000.0 6035.1909
752500.0 5885.9823
756000.0 5819.6064
759500.0 5961.8369
763000.0 6058.5722
766500.0 5871.2423
770000.0 5812.789
773500.0 5914.3657
777000.0 5997.6553
780500.0 5938.474
784000.0 5878.6633
787500.0 6033.991
791000.0 6110.9099
794500.0 5852.118
798000.0 6026.6141
799995.0 5933.2891
