0.0 -1203.1694
3000.0 -1124.9495
6000.0 -1071.2143
9000.0 -1026.2968
12000.0 -986.82696
15000.0 -952.89227
18000.0 -923.97601
21000.0 -900.1721
24000.0 -880.24343
27000.0 -862.78425
30000.0 -847.3575
33000.0 -834.61926
36000.0 -824.16219
39000.0 -814.27525
42000.0 -808.43961
45000.0 -800.71622
48000.0 -794.77721
51000.0 -791.56762
54000.0 -786.84047
57000.0 -783.1292
60000.0 -780.09056
63000.0 -778.01888
66000.0 -775.29208
69000.0 -773.2172
72000.0 -771.31823
75000.0 -770.51629
78000.0 -769.3462
81000.0 -768.10159
84000.0 -763.95529
87000.0 -764.29375
90000.0 -765.43164
93000.0 -765.33524
96000.0 -764.97206
99000.0 -763.50903
102000.0 -763.6215
105000.0 -764.5578
108000.0 -764.07925
111000.0 -764.05818
114000.0 -764.59387
117000.0 -764.14229
120000.0 -763.42298
123000.0 -764.38579
126000.0 -764.83061
129000.0 -764.47958
132000.0 -764.03095
135000.0 -763.49899
138000.0 -762.8416
141000.0 -762.28885
144000.0 -762.96052
147000.0 -763.64315
150000.0 -763.35143
153000.0 -763.04727
156000.0 -763.23852
159000.0 -762.17848
162000.0 -762.90508
165000.0 -762.26145
168000.0 -762.06521
171000.0 -763.3132
174000.0 -763.25377
177000.0 -762.59279
180000.0 -763.67293
183000.0 -762.29625
186000.0 -763.41242
189000.0 -763.90424
192000.0 -762.63614
195000.0 -762.06049
198000.0 -762.62734
201000.0 -761.38005
204000.0 -762.19135
207000.0 -762.37465
210000.0 -762.83798
213000.0 -761.84801
216000.0 -761.67764
219000.0 -761.03384
222000.0 -760.76275
225000.0 -761.58736
228000.0 -761.59906
231000.0 -762.26864
234000.0 -763.00009
237000.0 -762.6275
240000.0 -762.50713
243000.0 -762.85091
246000.0 -763.4666
249000.0 -762.69726
252000.0 -763.52471
255000.0 -762.88313
258000.0 -762.83275
261000.0 -762.7946
264000.0 -762.21276
267000.0 -763.86836
270000.0 -763.28748
273000.0 -762.42899
276000.0 -763.72332
279000.0 -764.02542
282000.0 -762.11086
285000.0 -763.19724
288000.0 -762.39379
291000.0 -762.09181
294000.0 -762.25567
297000.0 -763.33449
300000.0 -763.57842
303000.0 -762.64237
306000.0 -763.29375
309000.0 -763.71793
312000.0 -763.84147
315000.0 -762.18641
318000.0 -762.80097
321000.0 -762.22918
324000.0 -762.71787
327000.0 -763.04449
330000.0 -761.96769
333000.0 -761.22725
336000.0 -762.59222
339000.0 -761.50931
342000.0 -761.42173
345000.0 -761.96913
348000.0 -762.35523
351000.0 -762.07123
354000.0 -761.3579
357000.0 -763.1414
360000.0 -762.31079
363000.0 -762.44479
366000.0 -761.90548
369000.0 -761.03002
372000.0 -762.90837
375000.0 -761.90942
378000.0 -761.87088
381000.0 -761.96566
384000.0 -762.20866
387000.0 -761.87205
390000.0 -760.85115
393000.0 -761.51306
396000.0 -762.38021
399000.0 -762.30304
402000.0 -762.29769
405000.0 -762.29883
408000.0 -762.13205
411000.0 -762.39413
414000.0 -762.06892
417000.0 -762.52491
420000.0 -762.84055
423000.0 -762.60292
426000.0 -761.65447
429000.0 -762.2302
432000.0 -762.94666
435000.0 -762.53291
438000.0 -761.01842
441000.0 -762.23206
444000.0 -761.95288
447000.0 -763.2648
450000.0 -762.46484
453000.0 -762.51006
456000.0 -762.77141
459000.0 -763.54129
462000.0 -763.99569
465000.0 -762.02672
468000.0 -763.65351
471000.0 -763.35643
474000.0 -764.09169
477000.0 -762.21158
480000.0 -763.35912
483000.0 -762.09346
486000.0 -761.94346
489000.0 -762.47743
492000.0 -762.87158
495000.0 -763.19202
498000.0 -762.56682
501000.0 -763.08924
504000.0 -763.3616
507000.0 -762.22547
510000.0 -763.27683
513000.0 -763.50252
516000.0 -762.4065
519000.0 -762.08988
522000.0 -762.85191
525000.0 -762.3389
528000.0 -761.80875
531000.0 -761.22169
534000.0 -762.60047
537000.0 -762.44797
540000.0 -763.49378
543000.0 -762.18817
546000.0 -761.89215
549000.0 -762.77716
552000.0 -763.37644
555000.0 -763.96543
558000.0 -762.65017
561000.0 -763.43098
564000.0 -763.03846
567000.0 -762.03909
570000.0 -762.00012
573000.0 -762.80506
576000.0 -762.8995
579000.0 -762.2656
582000.0 -761.95326
585000.0 -762.13574
588000.0 -762.64819
591000.0 -761.94272
594000.0 -760.85277
597000.0 -761.80223
600000.0 -761.79098
603000.0 -763.2104
606000.0 -762.61141
609000.0 -761.34449
612000.0 -762.42208
615000.0 -762.90788
618000.0 -763.49476
621000.0 -763.47828
624000.0 -762.75893
627000.0 -763.34813
630000.0 -763.03715
633000.0 -762.50331
636000.0 -763.08776
639000.0 -761.75137
642000.0 -762.83634
645000.0 -763.11749
648000.0 -761.76723
651000.0 -761.99496
654000.0 -762.31943
657000.0 -761.98751
660000.0 -762.82782
663000.0 -762.11229
666000.0 -762.16078
669000.0 -761.88925
672000.0 -763.24352
675000.0 -762.94077
678000.0 -762.02649
681000.0 -764.15686
684000.0 -763.00032
687000.0 -761.97002
690000.0 -763.66748
693000.0 -762.82509
696000.0 -762.51188
699000.0 -762.5496
702000.0 -762.72268
705000.0 -762.90716
708000.0 -761.79136
711000.0 -762.17547
714000.0 -761.93329
717000.0 -762.13657
720000.0 -762.95949
723000.0 -761.77225
726000.0 -763.11607
729000.0 -760.9953
732000.0 -762.86056
735000.0 -761.10605
738000.0 -761.53329
741000.0 -762.2266
744000.0 -761.70764
747000.0 -762.73371
750000.0 -761.38449
753000.0 -761.8578
756000.0 -761.31052
759000.0 -762.38245
762000.0 -763.12085
765000.0 -763.26247
768000.0 -761.78358
771000.0 -763.21283
774000.0 -761.52284
777000.0 -762.49117
780000.0 -764.06531
783000.0 -764.09268
786000.0 -763.48974
789000.0 -763.83388
792000.0 -763.42409
795000.0 -762.81492
798000.0 -762.82917
801000.0 -762.10813
804000.0 -761.77473
807000.0 -762.29225
810000.0 -762.85636
813000.0 -763.03783
816000.0 -763.07768
819000.0 -763.82549
822000.0 -762.91712
825000.0 -760.68176
828000.0 -760.19061
831000.0 -759.97579
834000.0 -760.12289
837000.0 -760.80148
840000.0 -760.47492
843000.0 -761.39289
846000.0 -761.83021
849000.0 -763.02363
852000.0 -762.23178
855000.0 -763.00689
858000.0 -762.76078
861000.0 -763.05486
864000.0 -762.87645
867000.0 -763.08096
870000.0 -763.65675
873000.0 -763.75424
876000.0 -762.48373
879000.0 -763.49975
882000.0 -763.65622
885000.0 -762.47765
888000.0 -762.19832
891000.0 -762.55395
894000.0 -763.15562
897000.0 -761.76017
900000.0 -762.1339
