0.0 463.03903
3500.0 260.64506
7000.0 276.70509
10500.0 294.86545
14000.0 296.45201
17500.0 322.69795
21000.0 329.8717
24500.0 339.84405
28000.0 364.91553
31500.0 370.6181
35000.0 380.17899
38500.0 384.0205
42000.0 391.58948
45500.0 398.15268
49000.0 400.99483
52500.0 404.26676
56000.0 408.60389
59500.0 424.91335
63000.0 435.38031
66500.0 438.6114
70000.0 441.25039
73500.0 432.18011
77000.0 441.17152
80500.0 419.47928
84000.0 428.38653
87500.0 442.82323
91000.0 444.4917
94500.0 465.04136
98000.0 442.97154
101500.0 442.212
105000.0 461.35328
108500.0 459.53956
112000.0 458.74662
115500.0 445.41136
119000.0 460.14652
122500.0 446.90368
126000.0 462.0092
129500.0 466.20688
133000.0 464.48791
136500.0 451.90761
140000.0 459.30137
143500.0 459.36869
147000.0 460.97054
150500.0 475.72935
154000.0 470.68669
157500.0 463.46421
161000.0 469.6505
164500.0 452.89444
168000.0 466.89209
171500.0 484.0333
175000.0 474.23636
178500.0 476.67928
182000.0 472.58922
185500.0 478.28278
189000.0 457.10171
192500.0 479.94893
196000.0 468.31202
199500.0 488.36584
203000.0 482.61088
206500.0 457.92328
210000.0 497.4489
213500.0 465.36532
217000.0 487.75682
220500.0 476.242
224000.0 484.79223
227500.0 455.9985
231000.0 458.32748
234500.0 469.87839
238000.0 457.88782
241500.0 479.86171
245000.0 460.82479
248500.0 481.15673
252000.0 485.15876
255500.0 470.82087
259000.0 462.91621
262500.0 492.54081
266000.0 470.0981
269500.0 484.93162
273000.0 483.66385
276500.0 484.59025
280000.0 482.14666
283500.0 465.75024
287000.0 482.0026
290500.0 467.67668
294000.0 475.08478
297500.0 464.10371
301000.0 487.2657
304500.0 487.52125
308000.0 465.0219
311500.0 482.5976
315000.0 479.33582
318500.0 475.79199
322000.0 478.51884
325500.0 493.00533
329000.0 483.4703
332500.0 476.48545
336000.0 461.80797
339500.0 470.75258
343000.0 478.58428
346500.0 463.87887
350000.0 486.3913
353500.0 469.15356
357000.0 469.3041
360500.0 478.64063
364000.0 474.24634
367500.0 485.1891
371000.0 466.04579
374500.0 474.3711
378000.0 472.4142
381500.0 466.2874
385000.0 494.84552
388500.0 491.24313
392000.0 485.07791
395500.0 459.83458
399000.0 468.11366
402500.0 478.63464
406000.0 482.77839
409500.0 464.2022
413000.0 479.40792
416500.0 475.52569
420000.0 468.88428
423500.0 474.36098
427000.0 462.13413
430500.0 472.39249
434000.0 466.40809
437500.0 480.80293
441000.0 499.55099
444500.0 475.68683
448000.0 476.43446
451500.0 464.58709
455000.0 500.1808
458500.0 486.93018
462000.0 477.60292
465500.0 458.8671
469000.0 470.98683
472500.0 473.96077
476000.0 476.92587
479500.0 475.87888
483000.0 469.44004
486500.0 457.90417
490000.0 476.74812
493500.0 464.36941
497000.0 459.98289
500500.0 478.70304
504000.0 462.08617
507500.0 470.35998
511000.0 468.70658
514500.0 483.75456
518000.0 463.62712
521500.0 470.97469
525000.0 467.88914
528500.0 478.8406
532000.0 461.78575
535500.0 464.86335
539000.0 472.55346
542500.0 481.78266
546000.0 466.46073
549500.0 469.6472
553000.0 493.57871
556500.0 476.15651
560000.0 482.42344
563500.0 472.05354
567000.0 477.65376
570500.0 477.86973
574000.0 471.6155
577500.0 476.28368
581000.0 485.86623
584500.0 466.11836
588000.0 481.28469
591500.0 483.90576
595000.0 466.8133
598500.0 482.14136
602000.0 482.59883
605500.0 486.31551
609000.0 462.25837
612500.0 491.38439
616000.0 479.90925
619500.0 477.64859
623000.0 481.42977
626500.0 482.31365
630000.0 455.7507
633500.0 472.48367
637000.0 483.02161
640500.0 484.44795
644000.0 477.66491
647500.0 467.06034
651000.0 471.80278
654500.0 479.87911
658000.0 468.03515
661500.0 481.61091
665000.0 478.69471
668500.0 462.66953
672000.0 470.18105
675500.0 479.72298
679000.0 473.15639
682500.0 466.05263
686000.0 464.85057
689500.0 481.13366
693000.0 471.61325
696500.0 471.25886
700000.0 478.81003
703500.0 470.62677
707000.0 457.36074
710500.0 479.6463
714000.0 476.12704
717500.0 479.30956
721000.0 458.36357
724500.0 483.88349
728000.0 477.54055
731500.0 472.62227
735000.0 476.44958
738500.0 482.92055
742000.0 466.4663
745500.0 456.60738
749000.0 459.22657
752500.0 476.45432
756000.0 481.00312
759500.0 466.51207
763000.0 460.70755
766500.0 477.49822
770000.0 482.30301
773500.0 474.25995
777000.0 465.45732
780500.0 471.82933
784000.0 478.79388
787500.0 463.29384
791000.0 457.45603
794500.0 480.90039
798000.0 466.51155
799995.0 473.05928
