0.0 952.70177
2000.0 5007.9586
4000.0 5474.6611
6000.0 5626.5899
8000.0 5660.156
10000.0 5733.2196
12000.0 5653.6735
14000.0 5775.0255
16000.0 5706.3694
18000.0 5825.733
20000.0 5707.2794
22000.0 5881.3747
24000.0 5623.5467
26000.0 5783.5459
28000.0 5671.2268
30000.0 5639.5655
32000.0 5649.2084
34000.0 5723.4988
36000.0 5641.7079
38000.0 5697.6445
40000.0 5743.0832
42000.0 5745.6642
44000.0 5707.4509
46000.0 5817.9036
48000.0 5817.1549
50000.0 5777.3867
52000.0 5574.0315
54000.0 5807.2209
56000.0 5724.8001
58000.0 5719.5797
60000.0 5818.0245
62000.0 5828.5405
64000.0 5838.5812
66000.0 5715.2202
68000.0 5596.3473
70000.0 5758.6882
72000.0 5734.3593
74000.0 5758.9463
76000.0 5724.2084
78000.0 5708.5595
80000.0 5807.5676
82000.0 5780.7317
84000.0 5687.5391
86000.0 5680.7311
88000.0 5790.6828
90000.0 5791.2184
92000.0 5817.7613
94000.0 5547.912
96000.0 5744.6933
98000.0 5762.1427
100000.0 5810.6312
102000.0 5630.8802
104000.0 5788.7213
106000.0 5716.642
108000.0 5765.0755
110000.0 5748.8409
112000.0 5715.075
114000.0 5616.2068
116000.0 5865.403
118000.0 5753.1068
120000.0 5729.9616
122000.0 5777.0538
124000.0 5569.5304
126000.0 5812.0275
128000.0 5813.5655
130000.0 5574.8962
132000.0 5620.9051
134000.0 5715.4449
136000.0 5586.6032
138000.0 5711.6209
140000.0 5644.2176
142000.0 5736.206
144000.0 5697.8074
146000.0 5654.0175
148000.0 5543.1769
150000.0 5583.396
152000.0 5641.4821
154000.0 5593.797
156000.0 5723.7381
158000.0 5735.1188
160000.0 5663.5422
162000.0 5810.0739
164000.0 5680.9085
166000.0 5810.1129
168000.0 5880.2912
170000.0 5730.7372
172000.0 5624.7168
174000.0 5754.8951
176000.0 5703.8369
178000.0 5786.3936
180000.0 5510.5781
182000.0 5739.3566
184000.0 5843.4013
186000.0 5707.6417
188000.0 5769.0753
190000.0 5749.8963
192000.0 5698.1224
194000.0 5695.1934
196000.0 5673.883
198000.0 5677.1094
200000.0 5798.615
202000.0 5688.1822
204000.0 5736.9594
206000.0 5802.0202
208000.0 5597.9238
210000.0 5672.4604
212000.0 5626.1037
214000.0 5904.4844
216000.0 5694.5761
218000.0 5758.7451
220000.0 5710.1733
222000.0 5726.2915
224000.0 5791.4055
226000.0 5754.0692
228000.0 5675.2737
230000.0 5782.2673
232000.0 5652.3643
234000.0 5697.8497
236000.0 5725.6421
238000.0 5679.0245
240000.0 5827.5096
242000.0 5810.5418
244000.0 5906.2668
246000.0 5773.754
248000.0 5846.732
250000.0 5607.1518
252000.0 5703.7735
254000.0 5803.7196
256000.0 5627.5749
258000.0 5723.4891
260000.0 5750.2494
262000.0 5735.1088
264000.0 5796.6646
266000.0 5629.4278
268000.0 5770.2269
270000.0 5903.4239
272000.0 5730.4582
274000.0 5798.9184
276000.0 5841.1566
278000.0 5850.5058
280000.0 5769.92
282000.0 5780.9622
284000.0 5765.2379
286000.0 5754.9595
288000.0 5686.2387
290000.0 5725.8927
292000.0 5828.561
294000.0 5727.697
296000.0 5706.6871
298000.0 5523.5901
300000.0 5710.7366
302000.0 5672.6525
304000.0 5685.3746
306000.0 5787.7682
308000.0 5616.814
310000.0 5807.1272
312000.0 5638.2585
314000.0 5643.9824
316000.0 5641.8871
318000.0 5645.1774
320000.0 5600.1431
322000.0 5743.8316
324000.0 5580.0409
326000.0 5797.6645
328000.0 5862.9582
330000.0 5711.8474
332000.0 5756.1856
334000.0 5574.5528
336000.0 5712.1048
338000.0 5874.4707
340000.0 5778.9697
342000.0 5868.392
344000.0 5782.3283
346000.0 5769.5731
348000.0 5778.0264
350000.0 5605.4745
352000.0 5749.4789
354000.0 5675.2771
356000.0 5725.8185
358000.0 5833.0655
360000.0 5790.6805
362000.0 5525.5268
364000.0 5640.2166
366000.0 5788.6431
368000.0 5606.6082
370000.0 5725.3269
372000.0 5699.3322
374000.0 5827.3962
376000.0 5683.1451
378000.0 5689.1494
380000.0 5752.6922
382000.0 5769.0884
384000.0 5817.7111
386000.0 5656.5137
388000.0 5765.5722
390000.0 5787.337
392000.0 5809.547
394000.0 5748.4871
396000.0 5635.6323
398000.0 5753.8873
400000.0 5793.7995
402000.0 5667.7248
404000.0 5774.3634
406000.0 5770.3845
408000.0 5768.8659
410000.0 5774.3969
412000.0 5750.3217
414000.0 5695.038
416000.0 5692.8035
418000.0 5682.4034
420000.0 5859.9155
422000.0 5716.4697
424000.0 5730.686
426000.0 5701.7616
428000.0 5787.054
430000.0 5719.5332
432000.0 5783.1967
434000.0 5820.0306
436000.0 5617.9524
438000.0 5799.4396
440000.0 5576.6923
442000.0 5623.0711
444000.0 5670.3344
446000.0 5702.9928
448000.0 5470.2213
450000.0 5582.197
452000.0 5584.4386
454000.0 5571.4194
456000.0 5791.9594
458000.0 5865.5648
460000.0 5680.0353
462000.0 5764.1069
464000.0 5671.6763
466000.0 5744.3909
468000.0 5741.9571
470000.0 5859.8556
472000.0 5838.4865
474000.0 5653.7919
476000.0 5835.3767
478000.0 5662.6529
480000.0 5804.2473
482000.0 5750.3758
484000.0 5674.2633
486000.0 5646.8031
488000.0 5839.334
490000.0 5571.4104
492000.0 5691.8706
494000.0 5714.2521
496000.0 5697.0413
498000.0 5657.1362
500000.0 5696.4748
502000.0 5730.1148
504000.0 5812.0
506000.0 5636.626
508000.0 5617.1167
510000.0 5768.5572
512000.0 5649.2907
514000.0 5825.2836
516000.0 5649.7036
518000.0 5649.7925
520000.0 5793.1908
522000.0 5796.2969
524000.0 5610.6687
526000.0 5571.9091
528000.0 5715.4064
530000.0 5662.4012
532000.0 5682.4261
534000.0 5689.551
536000.0 5631.3372
538000.0 5753.6801
540000.0 5744.2182
542000.0 5676.7453
544000.0 5588.4093
546000.0 5745.0863
548000.0 5763.3967
550000.0 5680.0198
552000.0 5684.3809
554000.0 5712.006
556000.0 5896.204
558000.0 5732.8127
560000.0 5706.6056
562000.0 5626.7069
564000.0 5712.7282
566000.0 5748.1966
568000.0 5676.0918
570000.0 5820.9975
572000.0 5709.0952
574000.0 5689.2489
576000.0 5552.7685
578000.0 5690.9742
580000.0 5670.3423
582000.0 5767.6262
584000.0 5835.7543
586000.0 5773.9973
588000.0 5759.3684
590000.0 5634.034
592000.0 5679.8977
594000.0 5691.3277
596000.0 5720.6949
598000.0 5580.571
600000.0 5726.1158
602000.0 5798.5183
604000.0 5641.9212
606000.0 5772.9054
608000.0 5672.7995
610000.0 5621.2497
612000.0 5792.3649
614000.0 5684.5969
616000.0 5605.7169
618000.0 5640.8033
620000.0 5658.292
622000.0 5714.9534
624000.0 5884.1031
626000.0 5777.7273
628000.0 5757.4744
630000.0 5704.9337
632000.0 5718.2824
634000.0 5763.6181
636000.0 5596.2304
638000.0 5581.055
640000.0 5725.0648
642000.0 5631.6935
644000.0 5759.0029
646000.0 5811.94
648000.0 5822.224
650000.0 5683.0779
652000.0 5924.8041
654000.0 5690.059
656000.0 5634.3467
658000.0 5837.7523
660000.0 5756.9592
662000.0 5645.2817
664000.0 5693.5424
666000.0 5811.8687
668000.0 5570.231
670000.0 5702.4902
672000.0 5720.6995
674000.0 5825.8672
676000.0 5621.1452
678000.0 5608.8292
680000.0 5626.4182
682000.0 5582.2363
684000.0 5758.3961
686000.0 5556.4347
688000.0 5858.3781
690000.0 5681.6586
692000.0 5699.7488
694000.0 5736.4444
696000.0 5649.9712
698000.0 5570.6796
700000.0 5612.7882
702000.0 5784.0698
704000.0 5773.4211
706000.0 5621.6863
708000.0 5726.3932
710000.0 5749.3347
712000.0 5735.8105
714000.0 5748.9228
716000.0 5729.297
718000.0 5679.7168
720000.0 5585.1532
722000.0 5686.5894
724000.0 5690.5511
726000.0 5634.8776
728000.0 5683.2193
730000.0 5812.306
732000.0 5706.6001
734000.0 5649.7216
736000.0 5642.429
738000.0 5785.845
740000.0 5744.4428
742000.0 5770.6929
744000.0 5745.2481
746000.0 5672.9067
748000.0 5809.3846
750000.0 5687.1598
752000.0 5862.4334
754000.0 5863.2645
756000.0 5743.6016
758000.0 5824.3825
760000.0 5771.9756
762000.0 5769.1675
764000.0 5651.9465
766000.0 5635.2524
768000.0 5688.1429
770000.0 5717.8384
772000.0 5773.5383
774000.0 5603.2337
776000.0 5629.6673
778000.0 5716.774
780000.0 5728.516
782000.0 5667.2033
784000.0 5682.7368
786000.0 5654.9671
788000.0 5691.0256
790000.0 5739.1349
792000.0 5784.3618
794000.0 5673.9842
796000.0 5789.8836
798000.0 5680.9957
800000.0 5812.0787
