0.0 180.0
3500.0 173.92077
7000.0 175.19248
10500.0 181.00697
14000.0 182.0823
17500.0 181.12085
21000.0 184.71316
24500.0 179.16636
28000.0 181.98707
31500.0 177.70757
35000.0 183.93518
38500.0 174.42046
42000.0 176.77331
45500.0 183.56982
49000.0 177.92697
52500.0 181.66847
56000.0 181.35934
59500.0 179.60285
63000.0 182.66747
66500.0 180.21223
70000.0 181.08638
73500.0 183.24435
77000.0 178.40728
80500.0 178.2713
84000.0 182.99554
87500.0 178.83397
91000.0 181.77939
94500.0 177.69059
98000.0 175.78215
101500.0 183.29811
105000.0 181.0761
108500.0 179.6528
112000.0 182.61403
115500.0 178.50565
119000.0 182.90061
122500.0 179.24007
126000.0 175.84523
129500.0 182.24682
133000.0 181.85661
136500.0 174.65444
140000.0 184.9202
143500.0 178.55912
147000.0 174.78123
150500.0 184.46508
154000.0 178.141
157500.0 176.775
161000.0 184.00359
164500.0 179.83488
168000.0 185.50862
171500.0 178.3336
175000.0 184.8696
178500.0 182.41461
182000.0 176.19978
185500.0 172.82264
189000.0 183.371
192500.0 179.17632
196000.0 180.17763
199500.0 178.154
203000.0 181.67044
206500.0 170.46908
210000.0 177.12697
213500.0 180.3874
217000.0 181.08456
220500.0 182.3419
224000.0 178.44967
227500.0 180.02845
231000.0 177.07087
234500.0 179.14622
238000.0 182.1157
241500.0 176.36204
245000.0 178.81169
248500.0 177.57775
252000.0 179.11036
255500.0 182.46101
259000.0 183.75183
262500.0 177.87263
266000.0 177.73693
269500.0 176.07555
273000.0 180.19708
276500.0 180.53171
280000.0 178.66951
283500.0 181.45421
287000.0 181.59227
290500.0 184.5532
294000.0 176.94905
297500.0 179.12717
301000.0 185.29476
304500.0 187.00229
308000.0 177.34164
311500.0 181.20131
315000.0 177.23153
318500.0 182.23844
322000.0 173.96809
325500.0 179.91806
329000.0 178.31046
332500.0 181.5021
336000.0 179.95167
339500.0 181.58326
343000.0 181.81729
346500.0 176.0003
350000.0 178.22471
353500.0 185.61566
357000.0 181.19062
360500.0 171.54665
364000.0 178.36442
367500.0 177.24669
371000.0 183.93112
374500.0 176.83763
378000.0 184.55194
381500.0 179.04867
385000.0 181.87838
388500.0 181.54917
392000.0 179.58164
395500.0 180.98128
399000.0 180.24225
402500.0 178.14396
406000.0 179.57455
409500.0 180.00832
413000.0 182.17134
416500.0 180.98875
420000.0 179.07136
423500.0 177.43236
427000.0 183.23597
430500.0 170.54611
434000.0 183.66112
437500.0 180.50373
441000.0 186.17095
444500.0 177.54513
448000.0 178.59989
451500.0 176.44305
455000.0 180.71572
458500.0 180.51203
462000.0 181.87537
465500.0 179.26823
469000.0 186.31463
472500.0 184.45593
476000.0 180.46372
479500.0 190.14295
483000.0 181.36797
486500.0 178.95061
490000.0 178.96293
493500.0 183.50932
497000.0 177.73456
500500.0 183.47159
504000.0 182.41185
507500.0 183.06363
511000.0 181.31923
514500.0 183.06662
518000.0 177.29987
521500.0 181.67931
525000.0 182.75183
528500.0 187.70758
532000.0 178.57428
535500.0 183.88736
539000.0 185.26794
542500.0 180.3065
546000.0 178.23738
549500.0 179.2748
553000.0 180.48243
556500.0 184.33477
560000.0 183.49009
563500.0 185.4606
567000.0 185.67977
570500.0 173.63877
574000.0 183.86358
577500.0 183.25071
581000.0 181.74266
584500.0 175.82537
588000.0 174.81275
591500.0 178.44891
595000.0 182.53736
598500.0 180.16261
602000.0 181.8871
605500.0 179.82441
609000.0 183.66263
612500.0 180.61104
616000.0 188.16303
619500.0 179.33794
623000.0 177.90037
626500.0 183.02296
630000.0 181.93505
633500.0 183.29039
637000.0 181.85601
640500.0 180.86641
644000.0 184.08641
647500.0 178.64573
651000.0 184.05543
654500.0 180.12124
658000.0 177.7648
661500.0 179.6314
665000.0 181.33854
668500.0 181.18784
672000.0 182.49632
675500.0 179.72235
679000.0 178.29544
682500.0 182.45586
686000.0 173.5232
689500.0 181.71714
693000.0 178.54025
696500.0 182.95059
700000.0 175.62381
703500.0 181.15104
707000.0 184.77385
710500.0 176.46787
714000.0 183.41307
717500.0 186.53122
721000.0 179.40186
724500.0 174.08113
728000.0 181.05728
731500.0 179.16276
735000.0 181.53211
738500.0 175.86913
742000.0 183.16179
745500.0 174.6936
749000.0 181.99368
752500.0 182.28074
756000.0 180.62372
759500.0 183.02822
763000.0 175.73588
766500.0 173.41815
770000.0 173.84169
773500.0 181.78968
777000.0 182.15105
780500.0 181.57869
784000.0 175.1675
787500.0 174.95793
791000.0 184.03697
794500.0 179.98832
798000.0 180.1433
799995.0 174.45903
