0.0 952.70177
3500.0 5837.4761
7000.0 5985.8966
10500.0 5649.4946
14000.0 5866.8078
17500.0 5928.286
21000.0 5855.1885
24500.0 5791.5723
28000.0 5874.9268
31500.0 5874.0529
35000.0 5621.4415
38500.0 5793.2874
42000.0 5760.2077
45500.0 5995.2695
49000.0 5708.4086
52500.0 5805.7837
56000.0 5804.6296
59500.0 5938.5217
63000.0 5839.5401
66500.0 5994.4599
70000.0 5792.6075
73500.0 5852.1023
77000.0 5825.3028
80500.0 5875.2893
84000.0 5938.9149
87500.0 5847.7104
91000.0 5967.0774
94500.0 5814.3543
98000.0 5885.2948
101500.0 5842.1594
105000.0 5720.9536
108500.0 5780.1847
112000.0 5868.6107
115500.0 5781.5289
119000.0 5912.9864
122500.0 5970.5359
126000.0 6039.101
129500.0 5986.4913
133000.0 5855.8166
136500.0 5823.0807
140000.0 5882.7398
143500.0 5782.9308
147000.0 5882.1239
150500.0 5887.5714
154000.0 5940.2113
157500.0 5911.6619
161000.0 5852.7608
164500.0 5721.4871
168000.0 5848.2762
171500.0 5997.2307
175000.0 5969.0337
178500.0 5976.7655
182000.0 5973.1904
185500.0 5939.1068
189000.0 5869.9027
192500.0 5982.2063
196000.0 5849.566
199500.0 5796.5426
203000.0 5885.2283
206500.0 5709.7341
210000.0 5812.4652
213500.0 5750.5983
217000.0 5809.4355
220500.0 5916.0583
224000.0 5648.7124
227500.0 6062.7235
231000.0 5960.9679
234500.0 5819.5259
238000.0 5709.8256
241500.0 5748.251
245000.0 6026.8591
248500.0 5870.4587
252000.0 5753.9229
255500.0 5713.0968
259000.0 5657.549
262500.0 5892.9686
266000.0 5701.866
269500.0 5872.5294
273000.0 6069.5956
276500.0 5986.4497
280000.0 5842.6251
283500.0 5917.7754
287000.0 6013.5467
290500.0 5909.6849
294000.0 5721.4285
297500.0 5947.9452
301000.0 5761.3733
304500.0 5880.2803
308000.0 5633.9222
311500.0 5679.9165
315000.0 5775.8952
318500.0 5762.8467
322000.0 5728.4423
325500.0 5912.4947
329000.0 5960.9987
332500.0 5983.6048
336000.0 5799.5589
339500.0 5815.726
343000.0 5780.297
346500.0 5943.0243
350000.0 6089.6964
353500.0 5808.1213
357000.0 5772.0474
360500.0 5820.0602
364000.0 5800.1724
367500.0 5742.8813
371000.0 5900.6134
374500.0 5772.3208
378000.0 5895.8342
381500.0 5841.3727
385000.0 5698.751
388500.0 5818.296
392000.0 5892.5795
395500.0 5774.3335
399000.0 5684.6584
402500.0 5665.8387
406000.0 5636.2337
409500.0 5985.5828
413000.0 5780.0341
416500.0 5884.4318
420000.0 5847.1501
423500.0 5923.5112
427000.0 5799.8653
430500.0 5830.2925
434000.0 5901.6442
437500.0 5787.6925
441000.0 6076.9988
444500.0 5989.1173
448000.0 5655.6058
451500.0 5762.2194
455000.0 5688.2076
458500.0 5605.6821
462000.0 5874.3002
465500.0 5795.9605
469000.0 5947.6174
472500.0 5733.6835
476000.0 5945.96
479500.0 5817.4606
483000.0 6003.9675
486500.0 5839.8471
490000.0 5799.6306
493500.0 5964.0899
497000.0 5956.4023
500500.0 5944.0753
504000.0 5964.0301
507500.0 5889.0549
511000.0 5888.8408
514500.0 5921.6603
518000.0 5902.666
521500.0 5741.9104
525000.0 5941.717
528500.0 5795.1786
532000.0 5814.6604
535500.0 5821.6096
539000.0 5821.7407
542500.0 5990.5917
546000.0 5890.2914
549500.0 6025.822
553000.0 5833.8819
556500.0 6055.7587
560000.0 6050.1383
563500.0 5767.6848
567000.0 5734.5158
570500.0 5717.7424
574000.0 6056.6961
577500.0 5784.8327
581000.0 5821.0459
584500.0 5837.1588
588000.0 5741.6129
591500.0 5868.1684
595000.0 5953.8598
598500.0 5795.3711
602000.0 5873.6404
605500.0 5807.9002
609000.0 5838.6943
612500.0 5675.2933
616000.0 5777.5997
619500.0 5819.894
623000.0 5896.5446
626500.0 5841.2834
630000.0 6027.2185
633500.0 5814.8271
637000.0 5873.3168
640500.0 5638.2358
644000.0 5996.9716
647500.0 5772.5237
651000.0 5767.0248
654500.0 5805.7536
658000.0 5745.3357
661500.0 5890.8788
665000.0 5770.0302
668500.0 5921.4383
672000.0 5773.6273
675500.0 5738.8193
679000.0 5748.066
682500.0 5922.6872
686000.0 5928.1823
689500.0 5946.8314
693000.0 5750.455
696500.0 5936.5084
700000.0 5939.5247
703500.0 5984.4442
707000.0 5769.1948
710500.0 5817.652
714000.0 5794.6118
717500.0 5805.6605
721000.0 5787.1224
724500.0 5756.8079
728000.0 5723.7836
731500.0 5927.7934
735000.0 5817.3964
738500.0 5826.6938
742000.0 5935.5913
745500.0 5985.1736
749000.0 5751.3536
752500.0 5758.2632
756000.0 5801.1731
759500.0 5862.5948
763000.0 5963.4288
766500.0 5731.6609
770000.0 5798.6699
773500.0 5840.1137
777000.0 5648.1078
780500.0 5864.8573
784000.0 5945.2377
787500.0 5766.0934
791000.0 5659.143
794500.0 5820.4996
798000.0 5723.7981
799995.0 5857.2259
