0.0 -1203.1694
3000.0 -845.34441
6000.0 -776.51647
9000.0 -767.44415
12000.0 -764.69941
15000.0 -763.81312
18000.0 -764.47849
21000.0 -763.06093
24000.0 -761.45271
27000.0 -763.52729
30000.0 -763.25884
33000.0 -763.59345
36000.0 -764.19965
39000.0 -761.33206
42000.0 -762.80921
45000.0 -762.62461
48000.0 -762.00598
51000.0 -759.06615
54000.0 -763.90364
57000.0 -760.43786
60000.0 -761.72225
63000.0 -762.59648
66000.0 -764.86285
69000.0 -764.1935
72000.0 -762.6277
75000.0 -764.82414
78000.0 -763.77538
81000.0 -763.27714
84000.0 -765.52924
87000.0 -763.79242
90000.0 -765.94764
93000.0 -764.11644
96000.0 -763.11064
99000.0 -764.18788
102000.0 -763.45532
105000.0 -761.36484
108000.0 -763.69866
111000.0 -763.11704
114000.0 -763.01361
117000.0 -763.57679
120000.0 -760.30578
123000.0 -762.03231
126000.0 -762.72422
129000.0 -764.9945
132000.0 -760.67296
135000.0 -760.88712
138000.0 -761.47521
141000.0 -761.78219
144000.0 -763.4714
147000.0 -764.58267
150000.0 -762.54496
153000.0 -761.92406
156000.0 -763.05699
159000.0 -761.32567
162000.0 -764.07005
165000.0 -762.35262
168000.0 -762.16787
171000.0 -763.22208
174000.0 -762.29148
177000.0 -764.40147
180000.0 -764.79915
183000.0 -763.45623
186000.0 -760.24777
189000.0 -764.40656
192000.0 -762.47294
195000.0 -760.50872
198000.0 -766.01716
201000.0 -763.86343
204000.0 -762.27574
207000.0 -765.64427
210000.0 -761.85203
213000.0 -763.05953
216000.0 -763.97726
219000.0 -763.10866
222000.0 -763.53865
225000.0 -765.64163
228000.0 -764.51289
231000.0 -764.35323
234000.0 -762.74921
237000.0 -763.35564
240000.0 -762.72131
243000.0 -762.84762
246000.0 -762.30373
249000.0 -764.09351
252000.0 -761.59889
255000.0 -765.04843
258000.0 -762.75776
261000.0 -763.31934
264000.0 -763.94184
267000.0 -763.63359
270000.0 -762.78448
273000.0 -763.61265
276000.0 -762.8683
279000.0 -763.63199
282000.0 -762.19087
285000.0 -764.11653
288000.0 -764.04731
291000.0 -765.31019
294000.0 -761.33605
297000.0 -762.72798
300000.0 -761.08935
303000.0 -762.38584
306000.0 -763.88564
309000.0 -762.7866
312000.0 -764.21867
315000.0 -761.10906
318000.0 -764.64527
321000.0 -762.32907
324000.0 -762.1666
327000.0 -763.61073
330000.0 -763.37537
333000.0 -764.01489
336000.0 -764.53225
339000.0 -762.39325
342000.0 -762.18454
345000.0 -762.31991
348000.0 -763.67497
351000.0 -765.83886
354000.0 -764.43183
357000.0 -764.62525
360000.0 -762.25119
363000.0 -762.35233
366000.0 -763.26493
369000.0 -762.49761
372000.0 -762.10745
375000.0 -761.32481
378000.0 -765.42525
381000.0 -760.05016
384000.0 -760.43216
387000.0 -761.498
390000.0 -763.99201
393000.0 -762.56107
396000.0 -761.58583
399000.0 -761.41385
402000.0 -762.70124
405000.0 -766.15605
408000.0 -767.17327
411000.0 -763.03746
414000.0 -762.69324
417000.0 -762.66459
420000.0 -764.91835
423000.0 -761.76454
426000.0 -761.78175
429000.0 -764.01206
432000.0 -764.59755
435000.0 -763.6162
438000.0 -762.94644
441000.0 -759.12343
444000.0 -764.81477
447000.0 -763.19501
450000.0 -764.11689
453000.0 -761.83416
456000.0 -762.77044
459000.0 -761.47289
462000.0 -764.09564
465000.0 -763.27364
468000.0 -765.34968
471000.0 -764.74266
474000.0 -761.77789
477000.0 -761.94268
480000.0 -764.45206
483000.0 -767.10961
486000.0 -764.6596
489000.0 -764.07154
492000.0 -762.02978
495000.0 -765.83213
498000.0 -762.62273
501000.0 -763.45619
504000.0 -763.42642
507000.0 -763.88217
510000.0 -763.15606
513000.0 -764.2723
516000.0 -759.87026
519000.0 -762.93065
522000.0 -762.9745
525000.0 -764.89299
528000.0 -762.83131
531000.0 -763.95157
534000.0 -762.78794
537000.0 -761.93609
540000.0 -763.89058
543000.0 -763.05255
546000.0 -762.20679
549000.0 -762.3932
552000.0 -763.71412
555000.0 -762.07502
558000.0 -759.26076
561000.0 -762.62866
564000.0 -759.61858
567000.0 -760.41809
570000.0 -763.14015
573000.0 -763.5238
576000.0 -760.79636
579000.0 -764.1721
582000.0 -764.50469
585000.0 -762.27221
588000.0 -763.32957
591000.0 -763.71306
594000.0 -762.5401
597000.0 -762.34784
600000.0 -763.02877
603000.0 -762.50733
606000.0 -764.1156
609000.0 -762.40227
612000.0 -763.268
615000.0 -762.23143
618000.0 -764.29427
621000.0 -764.69417
624000.0 -762.8394
627000.0 -764.60623
630000.0 -761.82033
633000.0 -763.28119
636000.0 -763.11652
639000.0 -764.26939
642000.0 -760.91247
645000.0 -762.36855
648000.0 -763.28417
651000.0 -760.60257
654000.0 -762.26861
657000.0 -765.75683
660000.0 -763.61644
663000.0 -761.28833
666000.0 -761.91836
669000.0 -762.78088
672000.0 -764.55663
675000.0 -763.88632
678000.0 -763.23594
681000.0 -764.60794
684000.0 -763.06418
687000.0 -762.16248
690000.0 -763.32223
693000.0 -764.44196
696000.0 -763.53552
699000.0 -761.5211
702000.0 -762.79745
705000.0 -761.99272
708000.0 -760.31319
711000.0 -763.70546
714000.0 -764.05459
717000.0 -762.83624
720000.0 -761.36346
723000.0 -757.69818
726000.0 -762.23783
729000.0 -762.98785
732000.0 -764.27425
735000.0 -765.26764
738000.0 -766.00749
741000.0 -763.07799
744000.0 -763.62364
747000.0 -762.67349
750000.0 -761.98717
753000.0 -762.56675
756000.0 -760.81695
759000.0 -761.90195
762000.0 -762.82098
765000.0 -762.9499
768000.0 -764.9976
771000.0 -763.10486
774000.0 -761.52354
777000.0 -764.92977
780000.0 -764.85947
783000.0 -763.27247
786000.0 -763.28029
789000.0 -761.75237
792000.0 -762.2299
795000.0 -761.79763
798000.0 -761.51524
801000.0 -763.3528
804000.0 -762.38437
807000.0 -765.59933
810000.0 -765.76954
813000.0 -761.43474
816000.0 -763.48246
819000.0 -760.7538
822000.0 -762.38215
825000.0 -764.94809
828000.0 -764.08875
831000.0 -765.54529
834000.0 -762.7123
837000.0 -762.46691
840000.0 -764.28155
843000.0 -763.49231
846000.0 -761.15938
849000.0 -763.70376
852000.0 -761.64611
855000.0 -763.06881
858000.0 -763.76043
861000.0 -762.46543
864000.0 -764.25788
867000.0 -765.27197
870000.0 -764.33783
873000.0 -762.84219
876000.0 -763.81835
879000.0 -763.63559
882000.0 -765.82086
885000.0 -765.0777
888000.0 -762.3434
891000.0 -761.61867
894000.0 -763.14395
897000.0 -763.82638
900000.0 -764.5734
