0.0 463.03903
3000.0 258.56541
6000.0 277.36971
9000.0 289.70735
12000.0 296.15307
15000.0 310.8791
18000.0 334.362
21000.0 341.67974
24000.0 351.13304
27000.0 351.726
30000.0 361.71329
33000.0 379.18265
36000.0 372.74117
39000.0 381.16754
42000.0 381.00268
45000.0 394.18726
48000.0 409.50583
51000.0 404.98881
54000.0 414.86196
57000.0 407.62184
60000.0 416.63458
63000.0 427.43499
66000.0 433.32172
69000.0 421.39064
72000.0 427.80615
75000.0 447.09727
78000.0 435.27557
81000.0 430.98427
84000.0 441.40152
87000.0 439.664
90000.0 434.83698
93000.0 453.11535
96000.0 451.92103
99000.0 448.70035
102000.0 445.18823
105000.0 450.50716
108000.0 440.78963
111000.0 452.4282
114000.0 458.22478
117000.0 449.45195
120000.0 468.65501
123000.0 470.0694
126000.0 445.18981
129000.0 457.82672
132000.0 454.94132
135000.0 445.54156
138000.0 468.78412
141000.0 469.16111
144000.0 470.57224
147000.0 459.64246
150000.0 460.70828
153000.0 468.2666
156000.0 435.17291
159000.0 477.89477
162000.0 467.00851
165000.0 459.98842
168000.0 469.39872
171000.0 460.52016
174000.0 455.77378
177000.0 475.37621
180000.0 458.28075
183000.0 475.10634
186000.0 456.44151
189000.0 469.14043
192000.0 458.47216
195000.0 470.39646
198000.0 442.90438
201000.0 465.2459
204000.0 480.47076
207000.0 455.72111
210000.0 453.93924
213000.0 472.7369
216000.0 460.28531
219000.0 475.3946
222000.0 448.6032
225000.0 448.4815
228000.0 460.85918
231000.0 471.2741
234000.0 457.98831
237000.0 466.28572
240000.0 474.49891
243000.0 467.94292
246000.0 461.78649
249000.0 455.26737
252000.0 471.31913
255000.0 466.72096
258000.0 437.47883
261000.0 471.18813
264000.0 478.80835
267000.0 459.71836
270000.0 464.67644
273000.0 463.63577
276000.0 471.80783
279000.0 461.5207
282000.0 463.70442
285000.0 464.84825
288000.0 471.8235
291000.0 468.40089
294000.0 466.24108
297000.0 462.21525
300000.0 463.79308
303000.0 473.13946
306000.0 461.69421
309000.0 464.65597
312000.0 478.769
315000.0 471.74742
318000.0 452.52323
321000.0 458.73224
324000.0 444.09032
327000.0 466.74959
330000.0 460.37114
333000.0 457.14414
336000.0 460.17852
339000.0 454.6187
342000.0 471.18784
345000.0 457.78557
348000.0 445.93342
351000.0 470.64286
354000.0 460.49897
357000.0 467.77192
360000.0 456.63644
363000.0 466.43068
366000.0 455.51757
369000.0 457.22864
372000.0 459.13305
375000.0 456.2845
378000.0 469.02958
381000.0 458.84779
384000.0 462.85336
387000.0 467.57806
390000.0 487.33415
393000.0 457.01996
396000.0 479.26851
399000.0 461.9029
402000.0 466.25701
405000.0 481.33769
408000.0 467.50259
411000.0 455.36581
414000.0 480.80636
417000.0 468.38617
420000.0 466.32354
423000.0 456.78316
426000.0 457.82737
429000.0 459.80202
432000.0 458.0082
435000.0 463.14399
438000.0 460.62952
441000.0 465.76959
444000.0 460.14515
447000.0 459.83751
450000.0 457.22973
453000.0 467.16753
456000.0 458.86534
459000.0 463.49458
462000.0 471.9662
465000.0 457.19445
468000.0 450.99703
471000.0 458.59184
474000.0 441.13929
477000.0 467.42344
480000.0 466.59333
483000.0 473.50766
486000.0 460.89412
489000.0 477.65939
492000.0 473.25762
495000.0 456.40935
498000.0 452.21258
501000.0 448.28037
504000.0 449.53764
507000.0 467.72261
510000.0 452.43937
513000.0 465.67774
516000.0 471.62727
519000.0 475.17196
522000.0 467.43435
525000.0 467.69712
528000.0 462.92335
531000.0 466.29286
534000.0 459.38239
537000.0 456.90132
540000.0 466.48664
543000.0 466.60744
546000.0 468.62046
549000.0 464.80543
552000.0 455.03571
555000.0 466.10808
558000.0 480.64211
561000.0 463.63799
564000.0 466.76591
567000.0 473.60855
570000.0 466.58221
573000.0 453.8909
576000.0 476.3888
579000.0 468.70746
582000.0 461.90563
585000.0 467.88628
588000.0 461.40312
591000.0 475.44149
594000.0 456.63827
597000.0 468.87853
600000.0 460.00998
603000.0 455.64265
606000.0 469.33787
609000.0 483.9134
612000.0 459.32241
615000.0 449.83946
618000.0 469.05724
621000.0 456.61006
624000.0 468.54913
627000.0 449.85462
630000.0 464.72041
633000.0 465.80225
636000.0 478.49863
639000.0 464.54627
642000.0 447.46251
645000.0 477.6419
648000.0 460.60942
651000.0 470.92556
654000.0 475.78248
657000.0 481.66143
660000.0 473.86104
663000.0 480.51737
666000.0 465.59635
669000.0 464.68726
672000.0 450.72359
675000.0 471.36794
678000.0 453.73253
681000.0 467.09515
684000.0 452.9586
687000.0 454.02518
690000.0 471.26769
693000.0 477.37023
696000.0 457.10301
699000.0 454.31828
702000.0 484.6335
705000.0 455.40386
708000.0 466.52204
711000.0 473.27422
714000.0 468.40596
717000.0 460.03926
720000.0 464.28921
723000.0 464.16861
726000.0 470.4156
729000.0 470.88654
732000.0 463.05576
735000.0 448.79779
738000.0 472.69566
741000.0 463.35491
744000.0 466.08921
747000.0 456.66342
750000.0 460.26757
753000.0 467.95685
756000.0 475.49488
759000.0 464.7084
762000.0 465.48059
765000.0 457.56973
768000.0 467.79027
771000.0 451.32063
774000.0 467.96288
777000.0 455.40367
780000.0 459.46306
783000.0 450.4569
786000.0 466.3404
789000.0 470.33496
792000.0 463.16852
795000.0 475.74889
798000.0 468.65028
801000.0 464.11039
804000.0 462.22105
807000.0 476.61329
810000.0 477.602
813000.0 446.30523
816000.0 471.75988
819000.0 476.57571
822000.0 471.92973
825000.0 442.60006
828000.0 456.89034
831000.0 480.1185
834000.0 462.07752
837000.0 473.77001
840000.0 460.45461
843000.0 472.34294
846000.0 465.1693
849000.0 465.77292
852000.0 467.74359
855000.0 453.42952
858000.0 466.67897
861000.0 473.85063
864000.0 470.03432
867000.0 475.40858
870000.0 458.46351
873000.0 458.33957
876000.0 460.07006
879000.0 468.28646
882000.0 462.37459
885000.0 463.82837
888000.0 459.11631
891000.0 465.95267
894000.0 446.32287
897000.0 458.19903
900000.0 464.88242
