0.0 -1203.1694
3500.0 -821.39927
7000.0 -768.53336
10500.0 -758.69955
14000.0 -758.38994
17500.0 -758.9756
21000.0 -758.45579
24500.0 -757.43186
28000.0 -758.91427
31500.0 -757.11033
35000.0 -759.28628
38500.0 -756.84447
42000.0 -756.27731
45500.0 -758.17782
49000.0 -756.77773
52500.0 -757.00563
56000.0 -759.01341
59500.0 -758.80101
63000.0 -758.39802
66500.0 -758.80834
70000.0 -758.09203
73500.0 -758.97354
77000.0 -757.08422
80500.0 -757.67656
84000.0 -753.86556
87500.0 -754.15234
91000.0 -758.42571
94500.0 -756.89332
98000.0 -758.28963
101500.0 -759.85014
105000.0 -759.18807
108500.0 -757.47239
112000.0 -757.73368
115500.0 -757.76101
119000.0 -758.19387
122500.0 -757.87113
126000.0 -757.40805
129500.0 -754.58212
133000.0 -757.66395
136500.0 -758.15188
140000.0 -757.42223
143500.0 -755.25909
147000.0 -756.87416
150500.0 -757.05672
154000.0 -758.39433
157500.0 -757.77934
161000.0 -757.67682
164500.0 -759.36281
168000.0 -756.56643
171500.0 -757.50283
175000.0 -758.46982
178500.0 -757.27027
182000.0 -755.8831
185500.0 -758.11437
189000.0 -756.94841
192500.0 -758.23878
196000.0 -758.24489
199500.0 -756.26421
203000.0 -759.23399
206500.0 -752.34099
210000.0 -757.34445
213500.0 -757.64981
217000.0 -756.82406
220500.0 -758.44701
224000.0 -759.35565
227500.0 -759.01528
231000.0 -756.49294
234500.0 -754.14726
238000.0 -759.50463
241500.0 -758.17869
245000.0 -759.13475
248500.0 -757.35088
252000.0 -757.67794
255500.0 -759.35138
259000.0 -759.234
262500.0 -757.83547
266000.0 -756.5097
269500.0 -755.89385
273000.0 -757.17824
276500.0 -757.74996
280000.0 -757.72932
283500.0 -759.71137
287000.0 -759.37372
290500.0 -758.36085
294000.0 -757.01563
297500.0 -757.9656
301000.0 -756.44951
304500.0 -759.34557
308000.0 -758.42347
311500.0 -760.20287
315000.0 -759.06708
318500.0 -759.09065
322000.0 -756.46815
325500.0 -757.75611
329000.0 -757.52057
332500.0 -757.50706
336000.0 -756.70751
339500.0 -756.92609
343000.0 -758.55799
346500.0 -758.41302
350000.0 -756.76998
353500.0 -759.08763
357000.0 -756.78739
360500.0 -756.07265
364000.0 -758.2117
367500.0 -757.90588
371000.0 -757.04676
374500.0 -755.19102
378000.0 -759.27702
381500.0 -759.88367
385000.0 -758.18497
388500.0 -759.56208
392000.0 -760.63963
395500.0 -759.39457
399000.0 -758.36047
402500.0 -758.44186
406000.0 -757.83691
409500.0 -758.58833
413000.0 -757.68095
416500.0 -758.16692
420000.0 -757.93624
423500.0 -758.82576
427000.0 -759.77254
430500.0 -755.45961
434000.0 -759.80418
437500.0 -759.48416
441000.0 -759.35624
444500.0 -753.45706
448000.0 -756.32426
451500.0 -756.60714
455000.0 -756.86804
458500.0 -759.53958
462000.0 -758.51967
465500.0 -758.14132
469000.0 -758.57133
472500.0 -756.26948
476000.0 -757.20986
479500.0 -757.69441
483000.0 -757.27903
486500.0 -760.44707
490000.0 -757.39386
493500.0 -755.19503
497000.0 -756.68774
500500.0 -758.8658
504000.0 -755.46222
507500.0 -757.57111
511000.0 -758.03964
514500.0 -758.6624
518000.0 -757.26831
521500.0 -757.70406
525000.0 -756.0138
528500.0 -754.7355
532000.0 -757.58382
535500.0 -759.12192
539000.0 -759.29193
542500.0 -756.08734
546000.0 -756.48821
549500.0 -754.75944
553000.0 -757.49403
556500.0 -759.62608
560000.0 -759.22682
563500.0 -756.50818
567000.0 -758.40772
570500.0 -756.81838
574000.0 -759.10866
577500.0 -757.19215
581000.0 -758.5794
584500.0 -755.50326
588000.0 -758.2987
591500.0 -756.26475
595000.0 -751.38575
598500.0 -755.4453
602000.0 -759.00562
605500.0 -756.33912
609000.0 -758.29267
612500.0 -757.58966
616000.0 -759.16869
619500.0 -755.63424
623000.0 -757.38527
626500.0 -756.70122
630000.0 -759.72474
633500.0 -753.8684
637000.0 -756.93252
640500.0 -759.30209
644000.0 -758.57444
647500.0 -753.8346
651000.0 -754.09576
654500.0 -758.34148
658000.0 -757.10472
661500.0 -759.32205
665000.0 -756.94393
668500.0 -758.60265
672000.0 -757.44254
675500.0 -756.26349
679000.0 -757.51955
682500.0 -758.84194
686000.0 -757.45029
689500.0 -758.93372
693000.0 -759.55365
696500.0 -759.49889
700000.0 -759.90435
703500.0 -761.61217
707000.0 -759.10584
710500.0 -756.93382
714000.0 -759.84906
717500.0 -758.25718
721000.0 -755.18153
724500.0 -755.90198
728000.0 -757.57148
731500.0 -756.72163
735000.0 -757.77116
738500.0 -756.94471
742000.0 -758.16083
745500.0 -758.42141
749000.0 -755.36273
752500.0 -759.45987
756000.0 -759.01276
759500.0 -758.39584
763000.0 -759.33249
766500.0 -758.17837
770000.0 -756.8704
773500.0 -759.03438
777000.0 -757.32658
780500.0 -754.42082
784000.0 -753.15683
787500.0 -755.51163
791000.0 -758.94844
794500.0 -758.70104
798000.0 -758.46764
799995.0 -759.97536
