0.0 180.0
2000.0 179.13797
4000.0 173.75225
6000.0 180.51854
8000.0 179.01061
10000.0 180.69662
12000.0 178.28194
14000.0 181.3983
16000.0 183.16682
18000.0 182.4074
20000.0 179.69726
22000.0 180.54929
24000.0 181.55323
26000.0 175.46488
28000.0 180.70959
30000.0 176.76131
32000.0 177.724
34000.0 179.85261
36000.0 180.61889
38000.0 184.138
40000.0 178.62388
42000.0 179.59181
44000.0 182.90795
46000.0 183.40641
48000.0 184.15691
50000.0 182.31754
52000.0 185.37673
54000.0 180.8118
56000.0 179.26595
58000.0 178.48903
60000.0 183.08367
62000.0 181.21306
64000.0 179.91648
66000.0 179.31104
68000.0 179.2725
70000.0 178.58492
72000.0 172.95534
74000.0 181.54095
76000.0 182.8323
78000.0 181.49462
80000.0 179.52568
82000.0 180.46054
84000.0 179.99596
86000.0 179.67941
88000.0 179.53584
90000.0 177.95719
92000.0 182.86674
94000.0 180.21756
96000.0 181.6403
98000.0 177.47664
100000.0 178.0623
102000.0 182.03737
104000.0 178.1201
106000.0 175.97044
108000.0 177.1824
110000.0 178.88263
112000.0 180.90342
114000.0 181.85614
116000.0 181.7733
118000.0 174.88143
120000.0 178.68519
122000.0 178.47304
124000.0 183.38279
126000.0 178.24689
128000.0 181.9368
130000.0 178.34187
132000.0 180.87782
134000.0 179.37945
136000.0 176.84727
138000.0 179.75626
140000.0 179.35087
142000.0 180.20351
144000.0 178.76508
146000.0 179.51305
148000.0 182.51842
150000.0 183.52238
152000.0 181.24051
154000.0 180.51451
156000.0 181.81608
158000.0 179.20517
160000.0 178.57805
162000.0 181.83687
164000.0 176.06882
166000.0 176.97379
168000.0 181.50443
170000.0 178.43093
172000.0 181.63846
174000.0 176.82062
176000.0 180.13865
178000.0 179.74119
180000.0 178.40273
182000.0 180.07743
184000.0 179.24155
186000.0 179.49223
188000.0 180.43341
190000.0 180.49022
192000.0 182.75785
194000.0 180.75966
196000.0 179.92863
198000.0 182.60566
200000.0 183.12645
202000.0 181.6754
204000.0 180.33161
206000.0 178.0823
208000.0 183.17003
210000.0 179.08448
212000.0 179.62079
214000.0 181.12906
216000.0 180.3235
218000.0 181.92039
220000.0 182.24879
222000.0 182.2281
224000.0 182.43689
226000.0 179.78731
228000.0 181.70348
230000.0 179.93463
232000.0 176.38551
234000.0 183.35498
236000.0 179.17038
238000.0 180.16896
240000.0 181.60415
242000.0 178.48906
244000.0 179.44823
246000.0 181.49376
248000.0 180.0491
250000.0 181.62598
252000.0 176.47949
254000.0 179.16069
256000.0 183.25789
258000.0 178.71558
260000.0 181.86305
262000.0 182.64009
264000.0 177.70186
266000.0 183.05457
268000.0 177.32094
270000.0 182.86792
272000.0 183.77626
274000.0 183.7945
276000.0 179.11363
278000.0 181.65563
280000.0 178.13864
282000.0 179.2942
284000.0 177.50841
286000.0 181.37508
288000.0 178.20389
290000.0 177.15186
292000.0 182.46378
294000.0 179.91342
296000.0 177.86452
298000.0 179.34514
300000.0 180.06572
302000.0 180.36591
304000.0 179.71726
306000.0 181.5251
308000.0 176.70519
310000.0 178.13029
312000.0 178.48263
314000.0 179.30166
316000.0 178.86088
318000.0 177.30259
320000.0 183.64836
322000.0 177.89798
324000.0 179.90525
326000.0 175.64558
328000.0 181.96965
330000.0 179.20673
332000.0 179.83764
334000.0 182.36332
336000.0 179.65852
338000.0 176.18989
340000.0 177.3146
342000.0 178.99606
344000.0 182.42071
346000.0 182.87472
348000.0 183.31863
350000.0 178.73452
352000.0 185.80227
354000.0 177.21747
356000.0 181.02262
358000.0 186.23567
360000.0 175.54917
362000.0 178.61868
364000.0 181.07619
366000.0 183.48088
368000.0 177.70842
370000.0 182.47525
372000.0 178.59898
374000.0 178.93792
376000.0 181.78559
378000.0 181.82228
380000.0 180.24505
382000.0 181.84752
384000.0 180.24762
386000.0 177.9498
388000.0 181.56759
390000.0 175.66686
392000.0 181.10807
394000.0 180.29177
396000.0 181.32693
398000.0 178.33126
400000.0 178.72016
402000.0 181.16359
404000.0 179.00059
406000.0 178.49107
408000.0 181.19815
410000.0 178.85139
412000.0 179.29751
414000.0 184.10072
416000.0 180.58294
418000.0 178.25595
420000.0 179.16644
422000.0 183.91065
424000.0 178.41787
426000.0 174.6142
428000.0 176.30473
430000.0 180.18456
432000.0 179.33417
434000.0 177.11086
436000.0 181.20382
438000.0 179.49618
440000.0 178.15903
442000.0 180.89203
444000.0 177.26653
446000.0 184.03798
448000.0 180.83562
450000.0 180.41069
452000.0 180.26734
454000.0 181.27838
456000.0 181.92992
458000.0 179.47309
460000.0 182.18538
462000.0 177.90562
464000.0 183.17216
466000.0 178.99212
468000.0 182.46869
470000.0 179.71857
472000.0 182.69671
474000.0 177.8727
476000.0 178.89693
478000.0 180.9519
480000.0 179.77631
482000.0 178.84623
484000.0 180.34844
486000.0 175.51764
488000.0 183.95225
490000.0 182.15589
492000.0 176.93
494000.0 181.38189
496000.0 175.52758
498000.0 176.7676
500000.0 179.9934
502000.0 177.71711
504000.0 177.25386
506000.0 182.59794
508000.0 186.53073
510000.0 179.02121
512000.0 182.31556
514000.0 180.29066
516000.0 179.54257
518000.0 182.57639
520000.0 178.54117
522000.0 177.45665
524000.0 178.08702
526000.0 182.22895
528000.0 179.19923
530000.0 181.67903
532000.0 177.6644
534000.0 178.31956
536000.0 182.38602
538000.0 181.33519
540000.0 179.23165
542000.0 177.88521
544000.0 182.20867
546000.0 179.05213
548000.0 179.91091
550000.0 179.91361
552000.0 180.96164
554000.0 180.79964
556000.0 182.09744
558000.0 185.21619
560000.0 177.70914
562000.0 178.95056
564000.0 181.18333
566000.0 180.80317
568000.0 178.03362
570000.0 180.70143
572000.0 176.40393
574000.0 182.24927
576000.0 182.5422
578000.0 178.20895
580000.0 180.02683
582000.0 180.81514
584000.0 181.03102
586000.0 185.22461
588000.0 181.60087
590000.0 180.26628
592000.0 178.45445
594000.0 176.39069
596000.0 180.28481
598000.0 180.61803
600000.0 179.39316
602000.0 181.2883
604000.0 182.1963
606000.0 183.75712
608000.0 179.87523
610000.0 182.20803
612000.0 179.47762
614000.0 181.79691
616000.0 180.52112
618000.0 178.52911
620000.0 181.03148
622000.0 177.77723
624000.0 182.2398
626000.0 179.99943
628000.0 177.4818
630000.0 180.70055
632000.0 180.18223
634000.0 184.50408
636000.0 179.46906
638000.0 173.42242
640000.0 175.92828
642000.0 179.72997
644000.0 183.07073
646000.0 177.78723
648000.0 178.23749
650000.0 178.87464
652000.0 179.85776
654000.0 177.35052
656000.0 182.59775
658000.0 175.06486
660000.0 178.85332
662000.0 179.98321
664000.0 178.98938
666000.0 178.94274
668000.0 176.46176
670000.0 180.87238
672000.0 182.83169
674000.0 180.455
676000.0 181.65698
678000.0 182.98773
680000.0 182.39808
682000.0 176.79343
684000.0 180.77863
686000.0 180.59225
688000.0 181.24302
690000.0 180.84987
692000.0 183.25132
694000.0 175.66391
696000.0 179.18017
698000.0 180.48814
700000.0 178.46133
702000.0 179.32867
704000.0 178.84543
706000.0 181.55199
708000.0 181.2344
710000.0 181.44072
712000.0 181.61015
714000.0 182.64981
716000.0 182.63085
718000.0 179.7205
720000.0 176.4151
722000.0 179.81823
724000.0 179.98642
726000.0 183.20947
728000.0 185.31416
730000.0 181.35379
732000.0 178.7305
734000.0 179.22334
736000.0 181.20068
738000.0 185.67518
740000.0 178.02639
742000.0 178.41515
744000.0 181.59512
746000.0 179.69337
748000.0 179.60177
750000.0 183.03746
752000.0 177.02072
754000.0 179.76211
756000.0 177.80336
758000.0 182.37713
760000.0 179.09731
762000.0 177.07547
764000.0 176.83388
766000.0 179.39397
768000.0 180.30488
770000.0 182.86201
772000.0 180.48006
774000.0 180.74953
776000.0 180.70106
778000.0 179.46414
780000.0 181.31547
782000.0 178.01037
784000.0 180.42067
786000.0 182.10323
788000.0 179.36075
790000.0 178.46476
792000.0 177.2712
794000.0 177.92429
796000.0 178.45729
798000.0 182.59046
800000.0 179.96757
