0.0 463.03903
2000.0 375.69297
4000.0 434.97268
6000.0 455.53314
8000.0 461.40625
10000.0 457.44489
12000.0 467.14189
14000.0 455.10882
16000.0 462.17868
18000.0 452.10671
20000.0 464.01523
22000.0 447.14863
24000.0 471.93721
26000.0 454.5471
28000.0 467.71274
30000.0 470.44275
32000.0 470.92094
34000.0 460.92586
36000.0 471.28657
38000.0 463.33111
40000.0 460.84074
42000.0 459.9642
44000.0 461.78386
46000.0 450.36471
48000.0 452.33305
50000.0 456.74952
52000.0 476.3956
54000.0 453.11127
56000.0 462.41121
58000.0 464.02537
60000.0 453.2125
62000.0 453.50537
64000.0 452.56022
66000.0 463.29973
68000.0 472.34832
70000.0 458.11243
72000.0 460.17789
74000.0 456.66064
76000.0 461.32327
78000.0 465.41708
80000.0 454.38066
82000.0 453.90179
84000.0 464.09204
86000.0 466.98134
88000.0 454.49759
90000.0 455.8342
92000.0 455.35691
94000.0 482.14785
96000.0 461.34791
98000.0 457.83363
100000.0 453.94243
102000.0 470.35999
104000.0 454.69283
106000.0 462.6473
108000.0 457.25719
110000.0 461.52654
112000.0 466.15742
114000.0 474.44672
116000.0 447.07727
118000.0 461.50041
120000.0 462.92283
122000.0 457.7538
124000.0 478.30434
126000.0 449.95182
128000.0 454.88993
130000.0 476.67317
132000.0 472.55612
134000.0 460.15372
136000.0 474.61977
138000.0 465.31169
140000.0 469.41474
142000.0 461.23608
144000.0 462.24547
146000.0 467.45047
148000.0 479.73829
150000.0 475.35441
152000.0 471.08703
154000.0 478.18023
156000.0 464.66258
158000.0 458.38207
160000.0 468.0534
162000.0 453.86142
164000.0 466.87909
166000.0 452.73048
168000.0 448.68214
170000.0 460.08062
172000.0 469.56857
174000.0 457.87361
176000.0 464.33641
178000.0 455.19213
180000.0 482.7965
182000.0 456.74876
184000.0 447.7086
186000.0 463.08987
188000.0 454.67584
190000.0 457.67765
192000.0 464.61884
194000.0 464.24164
196000.0 466.03971
198000.0 465.01191
200000.0 453.41919
202000.0 466.77885
204000.0 461.1675
206000.0 453.15589
208000.0 476.78851
210000.0 466.80931
212000.0 469.82706
214000.0 440.5198
216000.0 463.97722
218000.0 457.43264
220000.0 464.37681
222000.0 462.12856
224000.0 455.56475
226000.0 459.22089
228000.0 466.88559
230000.0 460.29791
232000.0 470.14302
234000.0 465.98827
236000.0 461.17432
238000.0 466.03337
240000.0 452.24097
242000.0 454.06118
244000.0 443.68597
246000.0 456.02092
248000.0 451.90041
250000.0 473.81317
252000.0 466.19958
254000.0 453.8759
256000.0 472.40874
258000.0 460.47321
260000.0 459.50148
262000.0 458.24405
264000.0 453.71768
266000.0 471.14697
268000.0 457.74348
270000.0 443.93909
272000.0 459.76289
274000.0 453.49271
276000.0 449.4799
278000.0 450.14229
280000.0 458.39165
282000.0 454.994
284000.0 457.47152
286000.0 457.16471
288000.0 464.57841
290000.0 461.19706
292000.0 450.51264
294000.0 460.77749
296000.0 462.15546
298000.0 481.43075
300000.0 464.34006
302000.0 465.91719
304000.0 466.33707
306000.0 458.12493
308000.0 471.02724
310000.0 450.61085
312000.0 470.57636
314000.0 467.32486
316000.0 468.67783
318000.0 470.81068
320000.0 473.17268
322000.0 459.84597
324000.0 478.00206
326000.0 453.36156
328000.0 448.22793
330000.0 466.77968
332000.0 461.06048
334000.0 475.49991
336000.0 462.48993
338000.0 447.33912
340000.0 457.42267
342000.0 445.88362
344000.0 456.18055
346000.0 456.42371
348000.0 455.2797
350000.0 474.11959
352000.0 457.29204
354000.0 466.98805
356000.0 462.23075
358000.0 453.92587
360000.0 456.70602
362000.0 481.35586
364000.0 469.59245
366000.0 452.63889
368000.0 474.98778
370000.0 460.24326
372000.0 461.75657
374000.0 451.78384
376000.0 464.91259
378000.0 464.69928
380000.0 457.3463
382000.0 458.10863
384000.0 452.11382
386000.0 468.21259
388000.0 458.10984
390000.0 456.10819
392000.0 454.36128
394000.0 458.61634
396000.0 469.55674
398000.0 457.94483
400000.0 454.90982
402000.0 467.19549
404000.0 459.59743
406000.0 456.73866
408000.0 459.05848
410000.0 459.45464
412000.0 458.76467
414000.0 464.06331
416000.0 465.12349
418000.0 467.54245
420000.0 448.83389
422000.0 460.42143
424000.0 461.51547
426000.0 460.5638
428000.0 456.88817
430000.0 458.51183
432000.0 453.27769
434000.0 451.24925
436000.0 473.19588
438000.0 453.58705
440000.0 476.20263
442000.0 468.90601
444000.0 466.26491
446000.0 464.77658
448000.0 484.84878
450000.0 475.23626
452000.0 474.08404
454000.0 476.11174
456000.0 456.04328
458000.0 450.13603
460000.0 467.70125
462000.0 455.48639
464000.0 465.66384
466000.0 459.90719
468000.0 460.48891
470000.0 448.13742
472000.0 450.55125
474000.0 468.38552
476000.0 451.30624
478000.0 471.78809
480000.0 451.43969
482000.0 456.94666
484000.0 466.1092
486000.0 470.25901
488000.0 448.66976
490000.0 476.4892
492000.0 465.76716
494000.0 464.43245
496000.0 465.59782
498000.0 470.16886
500000.0 462.50432
502000.0 461.75188
504000.0 453.48799
506000.0 469.44523
508000.0 472.05753
510000.0 458.01376
512000.0 470.15271
514000.0 451.57686
516000.0 470.15613
518000.0 468.66361
520000.0 456.11545
522000.0 452.25836
524000.0 475.49572
526000.0 475.64051
528000.0 459.83504
530000.0 468.03009
532000.0 464.76802
534000.0 464.48709
536000.0 472.70453
538000.0 459.36091
540000.0 458.58356
542000.0 470.39033
544000.0 475.40364
546000.0 458.70366
548000.0 459.04418
550000.0 465.52065
552000.0 469.21122
554000.0 463.04851
556000.0 445.81889
558000.0 459.95472
560000.0 464.90018
562000.0 470.68926
564000.0 462.48501
566000.0 458.05603
568000.0 465.25375
570000.0 454.42932
572000.0 465.3381
574000.0 464.16832
576000.0 479.04563
578000.0 465.45951
580000.0 466.6841
582000.0 458.33098
584000.0 451.30881
586000.0 456.92598
588000.0 458.01719
590000.0 471.67981
592000.0 467.39958
594000.0 464.30072
596000.0 459.25391
598000.0 473.53771
600000.0 464.01227
602000.0 455.55548
604000.0 471.16994
606000.0 458.61781
608000.0 466.63765
610000.0 472.16272
612000.0 455.83239
614000.0 464.3747
616000.0 475.14795
618000.0 469.87084
620000.0 468.575
622000.0 462.31802
624000.0 448.17575
626000.0 455.54229
628000.0 459.41739
630000.0 463.80595
632000.0 461.57203
634000.0 459.00967
636000.0 473.74895
638000.0 476.02774
640000.0 462.78648
642000.0 471.83137
644000.0 456.51779
646000.0 454.7958
648000.0 454.21811
650000.0 465.14483
652000.0 442.06031
654000.0 466.94029
656000.0 470.02964
658000.0 450.40065
660000.0 459.90678
662000.0 470.41338
664000.0 465.10378
666000.0 452.89638
668000.0 476.84835
670000.0 462.71692
672000.0 466.41904
674000.0 452.88658
676000.0 471.31011
678000.0 471.29325
680000.0 472.3888
682000.0 477.92471
684000.0 457.87543
686000.0 477.90827
688000.0 446.76188
690000.0 466.15664
692000.0 463.70603
694000.0 460.76734
696000.0 469.95113
698000.0 475.58864
700000.0 471.88715
702000.0 456.07832
704000.0 457.49432
706000.0 473.06999
708000.0 462.3
710000.0 460.39738
712000.0 458.8908
714000.0 461.3004
716000.0 461.71461
718000.0 467.26996
720000.0 476.27509
722000.0 466.15329
724000.0 462.40678
726000.0 471.03527
728000.0 466.07246
730000.0 452.15347
732000.0 462.73553
734000.0 466.89501
736000.0 469.16299
738000.0 458.31963
740000.0 460.87479
742000.0 456.15957
744000.0 460.00373
746000.0 468.18482
748000.0 452.85831
750000.0 465.65172
752000.0 451.5999
754000.0 452.15005
756000.0 462.46043
758000.0 454.80154
760000.0 459.27811
762000.0 458.32686
764000.0 467.593
766000.0 471.90684
768000.0 463.86641
770000.0 462.00885
772000.0 456.15802
774000.0 475.40638
776000.0 468.50106
778000.0 463.53225
780000.0 459.40041
782000.0 466.06851
784000.0 468.02543
786000.0 468.58923
788000.0 467.0686
790000.0 462.43193
792000.0 456.79724
794000.0 467.88556
796000.0 455.56247
798000.0 465.11489
800000.0 456.13139
