0.0 1.8232527
2000.0 1.6044033
4000.0 1.5019396
6000.0 1.3329038
8000.0 1.161364
10000.0 0.98653807
12000.0 0.84349738
14000.0 0.7760813
16000.0 0.78718846
18000.0 0.80835435
20000.0 0.7935005
22000.0 0.78171541
24000.0 0.79740437
26000.0 0.81052347
28000.0 0.81018263
30000.0 0.80765006
32000.0 0.78986494
34000.0 0.80384127
36000.0 0.80290436
38000.0 0.80372649
40000.0 0.80111465
42000.0 0.80717442
44000.0 0.80089773
46000.0 0.81074934
48000.0 0.81107215
50000.0 0.81015856
52000.0 0.77803616
54000.0 0.81015451
56000.0 0.82530737
58000.0 0.81082593
60000.0 0.78587269
62000.0 0.7896367
64000.0 0.82270772
66000.0 0.84415997
68000.0 0.79362909
70000.0 0.79763784
72000.0 0.82593515
74000.0 0.79036021
76000.0 0.79355725
78000.0 0.80999586
80000.0 0.78302282
82000.0 0.79255351
84000.0 0.81057779
86000.0 0.81090365
88000.0 0.78452834
90000.0 0.8140982
92000.0 0.81673139
94000.0 0.77532981
96000.0 0.78965804
98000.0 0.80822274
100000.0 0.82164041
102000.0 0.79699031
104000.0 0.79306781
106000.0 0.79085623
108000.0 0.7892086
110000.0 0.82451483
112000.0 0.80946677
114000.0 0.7819848
116000.0 0.80857503
118000.0 0.80824155
120000.0 0.81127651
122000.0 0.81751661
124000.0 0.81388521
126000.0 0.79341403
128000.0 0.76756101
130000.0 0.81422649
132000.0 0.80086557
134000.0 0.79608881
136000.0 0.78158304
138000.0 0.80240236
140000.0 0.8097202
142000.0 0.79425863
144000.0 0.79256679
146000.0 0.81086247
148000.0 0.81218336
150000.0 0.802427
152000.0 0.8113699
154000.0 0.78981335
156000.0 0.80199092
158000.0 0.798463
160000.0 0.79524461
162000.0 0.80440327
164000.0 0.81479595
166000.0 0.80693089
168000.0 0.79010271
170000.0 0.80900414
172000.0 0.78743963
174000.0 0.79182749
176000.0 0.80679705
178000.0 0.79127294
180000.0 0.79459089
182000.0 0.79235584
184000.0 0.79634548
186000.0 0.80732995
188000.0 0.82559707
190000.0 0.79912424
192000.0 0.82631483
194000.0 0.7881604
196000.0 0.78405164
198000.0 0.82590552
200000.0 0.79044445
