0.0 -1203.1694
2000.0 -1371.3757
4000.0 -1465.6374
6000.0 -1507.7339
8000.0 -1507.3177
10000.0 -1488.8079
12000.0 -1499.5403
14000.0 -1507.4187
16000.0 -1494.1345
18000.0 -1495.7374
20000.0 -1505.6488
22000.0 -1498.15
24000.0 -1493.9499
26000.0 -1503.762
28000.0 -1501.5911
30000.0 -1493.8281
32000.0 -1500.6177
34000.0 -1503.5396
36000.0 -1495.4517
38000.0 -1498.0641
40000.0 -1504.0718
42000.0 -1496.959
44000.0 -1496.2641
46000.0 -1503.3417
48000.0 -1499.7417
50000.0 -1494.9339
52000.0 -1501.5971
54000.0 -1501.8711
56000.0 -1495.7725
58000.0 -1499.8735
60000.0 -1502.8157
62000.0 -1495.2925
64000.0 -1498.1893
66000.0 -1499.4465
68000.0 -1499.8556
70000.0 -1499.4776
72000.0 -1496.809
74000.0 -1499.0261
76000.0 -1502.9202
78000.0 -1495.8402
80000.0 -1499.3938
82000.0 -1502.7752
84000.0 -1495.198
86000.0 -1499.682
88000.0 -1501.352
90000.0 -1497.9051
92000.0 -1496.5963
94000.0 -1501.8232
96000.0 -1500.7604
98000.0 -1495.2095
100000.0 -1500.4663
102000.0 -1500.0493
104000.0 -1497.7513
106000.0 -1493.2046
108000.0 -1501.2732
110000.0 -1498.182
112000.0 -1492.914
114000.0 -1497.7169
116000.0 -1502.2427
118000.0 -1497.5233
120000.0 -1496.4468
122000.0 -1502.3621
124000.0 -1498.7453
126000.0 -1493.9955
128000.0 -1498.11
130000.0 -1501.3987
132000.0 -1493.4645
134000.0 -1496.6488
136000.0 -1500.0112
138000.0 -1503.6683
140000.0 -1499.8901
142000.0 -1497.0037
144000.0 -1504.8184
146000.0 -1502.1638
148000.0 -1496.9676
150000.0 -1501.3735
152000.0 -1502.5047
154000.0 -1497.2413
156000.0 -1500.008
158000.0 -1508.4444
160000.0 -1500.9111
162000.0 -1497.8186
164000.0 -1499.9483
166000.0 -1503.6462
168000.0 -1496.1687
170000.0 -1499.7363
172000.0 -1505.7507
174000.0 -1503.4342
176000.0 -1497.7583
178000.0 -1497.3385
180000.0 -1504.4212
182000.0 -1497.0349
184000.0 -1498.517
186000.0 -1503.7418
188000.0 -1505.111
190000.0 -1497.7112
192000.0 -1500.1943
194000.0 -1504.1232
196000.0 -1499.334
198000.0 -1498.4438
200000.0 -1500.5679
