0.0 180.0
2000.0 81.025663
4000.0 110.11343
6000.0 121.24595
8000.0 145.62408
10000.0 164.23692
12000.0 188.29239
14000.0 194.96775
16000.0 181.59243
18000.0 185.34157
20000.0 192.53581
22000.0 187.31191
24000.0 189.11604
26000.0 177.14886
28000.0 192.34835
30000.0 191.76614
32000.0 181.03651
34000.0 197.34401
36000.0 180.49316
38000.0 186.84608
40000.0 186.82295
42000.0 194.44709
44000.0 184.07709
46000.0 186.33026
48000.0 198.02005
50000.0 194.72562
52000.0 189.03889
54000.0 188.69817
56000.0 191.39236
58000.0 190.20796
60000.0 176.7733
62000.0 189.57272
64000.0 194.68853
66000.0 197.33336
68000.0 191.12208
70000.0 190.67077
72000.0 196.87827
74000.0 186.59241
76000.0 188.21088
78000.0 188.0217
80000.0 188.78607
82000.0 186.09659
84000.0 185.36781
86000.0 184.97158
88000.0 190.95491
90000.0 193.02874
92000.0 189.70893
94000.0 190.60592
96000.0 194.86206
98000.0 179.35964
100000.0 183.48345
102000.0 185.86148
104000.0 188.54683
106000.0 192.66358
108000.0 186.28044
110000.0 196.94223
112000.0 188.93427
114000.0 187.2249
116000.0 189.04602
118000.0 193.03379
120000.0 187.69596
122000.0 185.9653
124000.0 195.35805
126000.0 188.46688
128000.0 192.28632
130000.0 194.18482
132000.0 192.44679
134000.0 185.32249
136000.0 195.87726
138000.0 186.02767
140000.0 203.51564
142000.0 190.63267
144000.0 190.01986
146000.0 193.88033
148000.0 184.3643
150000.0 193.30031
152000.0 195.86959
154000.0 188.49789
156000.0 193.85883
158000.0 189.67979
160000.0 182.97629
162000.0 188.87314
164000.0 193.46986
166000.0 200.3786
168000.0 192.638
170000.0 188.47786
172000.0 186.37675
174000.0 189.55334
176000.0 196.87534
178000.0 194.87185
180000.0 190.92862
182000.0 179.24621
184000.0 195.91693
186000.0 190.74889
188000.0 180.75775
190000.0 191.71073
192000.0 182.84651
194000.0 188.69737
196000.0 197.62745
198000.0 202.79276
200000.0 191.85545
