0.0 -1666.2084
2000.0 -1364.2152
4000.0 -1227.6777
6000.0 -1022.1497
8000.0 -833.74103
10000.0 -650.58801
12000.0 -491.70782
14000.0 -418.00138
16000.0 -447.95685
18000.0 -461.26515
20000.0 -446.96205
22000.0 -426.81356
24000.0 -434.06684
26000.0 -439.41282
28000.0 -425.69657
30000.0 -432.74983
32000.0 -433.22902
34000.0 -440.28328
36000.0 -441.27732
38000.0 -437.10037
40000.0 -435.82098
42000.0 -439.07502
44000.0 -445.04971
46000.0 -430.4634
48000.0 -437.11871
50000.0 -440.72881
52000.0 -467.05023
54000.0 -423.29545
56000.0 -434.03404
58000.0 -459.78902
60000.0 -431.09326
62000.0 -441.37587
64000.0 -446.59793
66000.0 -452.25708
68000.0 -458.69565
70000.0 -438.62986
72000.0 -443.45532
74000.0 -464.72216
76000.0 -451.43791
78000.0 -452.66476
80000.0 -451.74141
82000.0 -435.90862
84000.0 -445.07313
86000.0 -437.6746
88000.0 -445.29375
90000.0 -454.83579
92000.0 -447.94973
94000.0 -433.94943
96000.0 -456.03822
98000.0 -453.17603
100000.0 -432.19792
102000.0 -424.15952
104000.0 -418.96643
106000.0 -455.30604
108000.0 -442.32286
110000.0 -450.77358
112000.0 -438.10099
114000.0 -438.13278
116000.0 -458.62647
118000.0 -447.07602
120000.0 -431.72322
122000.0 -426.1459
124000.0 -437.66227
126000.0 -433.10623
128000.0 -436.54538
130000.0 -436.19238
132000.0 -413.96777
134000.0 -434.82811
136000.0 -447.02666
138000.0 -456.6207
140000.0 -451.45965
142000.0 -447.70411
144000.0 -437.4767
146000.0 -447.84097
148000.0 -466.11928
150000.0 -465.09188
152000.0 -450.70183
154000.0 -432.16094
156000.0 -440.08903
158000.0 -463.22155
160000.0 -448.21966
162000.0 -439.72987
164000.0 -443.63947
166000.0 -460.01711
168000.0 -454.18547
170000.0 -452.06117
172000.0 -474.67125
174000.0 -464.95772
176000.0 -436.58082
178000.0 -421.8585
180000.0 -442.16128
182000.0 -469.50913
184000.0 -437.3508
186000.0 -456.79845
188000.0 -456.84335
190000.0 -442.36477
192000.0 -436.52957
194000.0 -449.88709
196000.0 -450.05224
198000.0 -431.66734
200000.0 -424.07621
