0.0 -1666.2084
2000.0 -1385.8581
4000.0 -1306.3473
6000.0 -1211.162
8000.0 -1078.0198
10000.0 -972.15942
12000.0 -900.24423
14000.0 -891.57296
16000.0 -915.61226
18000.0 -931.37407
20000.0 -927.80627
22000.0 -926.38596
24000.0 -889.10042
26000.0 -900.93101
28000.0 -934.85856
30000.0 -926.13959
32000.0 -901.90931
34000.0 -916.55354
36000.0 -922.98673
38000.0 -925.43514
40000.0 -900.91986
42000.0 -899.19881
44000.0 -923.29094
46000.0 -919.8944
48000.0 -901.95623
50000.0 -916.17252
52000.0 -923.88642
54000.0 -918.69714
56000.0 -926.37647
58000.0 -928.0327
60000.0 -884.26734
62000.0 -908.64586
64000.0 -913.76127
66000.0 -927.43157
68000.0 -933.79181
70000.0 -909.84586
72000.0 -918.18179
74000.0 -923.36363
76000.0 -907.33562
78000.0 -905.40222
80000.0 -908.10776
82000.0 -903.6929
84000.0 -906.1543
86000.0 -912.72527
88000.0 -914.1178
90000.0 -917.32122
92000.0 -908.89706
94000.0 -913.67266
96000.0 -898.14095
98000.0 -925.08097
100000.0 -928.39503
102000.0 -903.35671
104000.0 -935.43388
106000.0 -921.72715
108000.0 -914.98032
110000.0 -888.20434
112000.0 -906.70528
114000.0 -923.94648
116000.0 -915.56597
118000.0 -913.18542
120000.0 -920.48377
122000.0 -895.22788
124000.0 -901.40304
126000.0 -906.39029
128000.0 -915.70607
130000.0 -918.2215
132000.0 -929.84776
134000.0 -928.4769
136000.0 -930.672
138000.0 -947.85593
140000.0 -920.96737
142000.0 -909.96536
144000.0 -920.99807
146000.0 -924.70195
148000.0 -902.04325
150000.0 -918.00432
152000.0 -916.64931
154000.0 -911.7371
156000.0 -897.42503
158000.0 -907.10612
160000.0 -914.13379
162000.0 -906.11001
164000.0 -903.99431
166000.0 -929.72464
168000.0 -921.69517
170000.0 -915.60409
172000.0 -906.6391
174000.0 -910.15913
176000.0 -932.54375
178000.0 -922.29022
180000.0 -915.33215
182000.0 -908.16831
184000.0 -913.44222
186000.0 -913.86044
188000.0 -918.035
190000.0 -897.4083
192000.0 -916.41143
194000.0 -920.27104
196000.0 -897.42276
198000.0 -895.5345
200000.0 -924.73616
