0.0 -1666.2084
2000.0 -1363.7426
4000.0 -1223.5176
6000.0 -1017.8379
8000.0 -810.76098
10000.0 -649.51172
12000.0 -478.62875
14000.0 -382.55847
16000.0 -427.84173
18000.0 -455.59095
20000.0 -427.16793
22000.0 -395.51545
24000.0 -426.26556
26000.0 -434.19172
28000.0 -412.06592
30000.0 -412.96718
32000.0 -428.23279
34000.0 -426.2202
36000.0 -412.71478
38000.0 -418.84283
40000.0 -428.48524
42000.0 -447.55014
44000.0 -412.4989
46000.0 -405.4057
48000.0 -429.52204
50000.0 -420.32121
52000.0 -412.93434
54000.0 -429.85762
56000.0 -423.39808
58000.0 -423.59966
60000.0 -419.9938
62000.0 -433.93107
64000.0 -425.77477
66000.0 -433.75635
68000.0 -424.63296
70000.0 -424.04118
72000.0 -431.8907
74000.0 -418.72403
76000.0 -434.32831
78000.0 -426.61822
80000.0 -415.25117
82000.0 -430.60191
84000.0 -438.88443
86000.0 -407.33147
88000.0 -422.5444
90000.0 -424.97061
92000.0 -437.13687
94000.0 -427.24653
96000.0 -420.61526
98000.0 -410.38032
100000.0 -405.07331
102000.0 -423.85816
104000.0 -408.905
106000.0 -427.09542
108000.0 -425.07937
110000.0 -425.14558
112000.0 -412.19967
114000.0 -395.31671
116000.0 -420.78897
118000.0 -417.34922
120000.0 -419.45781
122000.0 -408.97323
124000.0 -402.09888
126000.0 -394.53856
128000.0 -425.9377
130000.0 -423.12496
132000.0 -422.00082
134000.0 -433.98321
136000.0 -424.70593
138000.0 -409.01933
140000.0 -443.71981
142000.0 -433.72881
144000.0 -419.63952
146000.0 -410.85167
148000.0 -427.5236
150000.0 -401.74837
152000.0 -404.67403
154000.0 -431.80176
156000.0 -432.27293
158000.0 -411.44118
160000.0 -434.56683
162000.0 -425.47919
164000.0 -423.70683
166000.0 -425.85198
168000.0 -433.46771
170000.0 -431.92609
172000.0 -425.76525
174000.0 -440.91218
176000.0 -443.50107
178000.0 -412.30111
180000.0 -418.96855
182000.0 -400.1641
184000.0 -428.70071
186000.0 -421.8973
188000.0 -428.94149
190000.0 -424.26877
192000.0 -415.41063
194000.0 -416.35055
196000.0 -441.37771
198000.0 -439.90815
200000.0 -420.53808
