0.0 463.03903
2000.0 200.04353
4000.0 244.03616
6000.0 264.74068
8000.0 275.15168
10000.0 289.26271
12000.0 278.57446
14000.0 276.20091
16000.0 279.88271
18000.0 289.51814
20000.0 283.25698
22000.0 268.57973
24000.0 290.72633
26000.0 293.5148
28000.0 275.83078
30000.0 281.96209
32000.0 280.0278
34000.0 279.35704
36000.0 290.29928
38000.0 274.60727
40000.0 289.4155
42000.0 283.1673
44000.0 283.43638
46000.0 273.70582
48000.0 282.69599
50000.0 268.04697
52000.0 264.13802
54000.0 286.4467
56000.0 292.53807
58000.0 270.72599
60000.0 291.78347
62000.0 293.40093
64000.0 284.83765
66000.0 287.96762
68000.0 288.07026
70000.0 297.39974
72000.0 283.57554
74000.0 261.9437
76000.0 297.72382
78000.0 281.69852
80000.0 289.73662
82000.0 292.22225
84000.0 283.85824
86000.0 274.13685
88000.0 297.6771
90000.0 286.37219
92000.0 281.7406
94000.0 283.65617
96000.0 288.13892
98000.0 287.86619
100000.0 285.67129
102000.0 295.69498
104000.0 288.52508
106000.0 274.81999
108000.0 288.93107
110000.0 269.90022
112000.0 272.9903
114000.0 280.98729
116000.0 279.31793
118000.0 263.79616
120000.0 277.63948
122000.0 284.61683
124000.0 292.05266
126000.0 278.65285
128000.0 285.31405
130000.0 280.8729
132000.0 268.32359
134000.0 281.16435
136000.0 286.68171
138000.0 288.05304
140000.0 283.39165
142000.0 294.71541
144000.0 285.09997
146000.0 287.18368
148000.0 291.37715
150000.0 281.48279
152000.0 292.42997
154000.0 277.00633
156000.0 288.25684
158000.0 289.28154
160000.0 270.38693
162000.0 270.11188
164000.0 290.5308
166000.0 286.66139
168000.0 278.14316
170000.0 270.80082
172000.0 279.71029
174000.0 283.56605
176000.0 291.17407
178000.0 277.27961
180000.0 283.20116
182000.0 289.25143
184000.0 284.5941
186000.0 270.16165
188000.0 278.15529
190000.0 283.28511
192000.0 271.45715
194000.0 282.39948
196000.0 283.91158
198000.0 286.5721
200000.0 262.46346
