0.0 463.03903
2000.0 200.93371
4000.0 247.69384
6000.0 263.04396
8000.0 278.25868
10000.0 285.61995
12000.0 285.85582
14000.0 310.7497
16000.0 299.8306
18000.0 301.92279
20000.0 295.60437
22000.0 307.19347
24000.0 297.11473
26000.0 294.22857
28000.0 290.70601
30000.0 291.7679
32000.0 299.16751
34000.0 277.53368
36000.0 296.26874
38000.0 299.56187
40000.0 297.96444
42000.0 300.21727
44000.0 296.39455
46000.0 306.47433
48000.0 299.1439
50000.0 301.88521
52000.0 286.60304
54000.0 309.96131
56000.0 295.93669
58000.0 287.57752
60000.0 292.66762
62000.0 305.28863
64000.0 288.9095
66000.0 295.53764
68000.0 307.10498
70000.0 287.28772
72000.0 298.85602
74000.0 302.69493
76000.0 293.47782
78000.0 295.44511
80000.0 298.63539
82000.0 292.35085
84000.0 305.62345
86000.0 299.2637
88000.0 293.16599
90000.0 294.29456
92000.0 288.47694
94000.0 296.18911
96000.0 301.11003
98000.0 315.69801
100000.0 289.32334
102000.0 291.77816
104000.0 291.45105
106000.0 277.6539
108000.0 294.15217
110000.0 292.57099
112000.0 296.73307
114000.0 279.96706
116000.0 303.13045
118000.0 287.21793
120000.0 294.44898
122000.0 296.97555
124000.0 298.61094
126000.0 293.73381
128000.0 293.02675
130000.0 307.58951
132000.0 295.89983
134000.0 307.58911
136000.0 291.46183
138000.0 299.30313
140000.0 297.35256
142000.0 286.78093
144000.0 297.06784
146000.0 302.87253
148000.0 302.98526
150000.0 290.53505
152000.0 302.63953
154000.0 292.66801
156000.0 289.12607
158000.0 292.90812
160000.0 294.00963
162000.0 280.38683
164000.0 302.06648
166000.0 298.35255
168000.0 281.16354
170000.0 299.27376
172000.0 297.4245
174000.0 293.77398
176000.0 292.45505
178000.0 289.90802
180000.0 302.1219
182000.0 294.69186
184000.0 293.16927
186000.0 289.75568
188000.0 300.07214
190000.0 297.72712
192000.0 291.6823
194000.0 288.54505
196000.0 299.30341
198000.0 303.87596
200000.0 288.68974
