0.0 180.0
2000.0 80.374849
4000.0 104.68565
6000.0 112.8453
8000.0 128.03666
10000.0 157.06402
12000.0 167.9672
14000.0 169.24944
16000.0 152.54894
18000.0 155.84751
20000.0 156.24773
22000.0 171.3912
24000.0 159.95954
26000.0 166.86844
28000.0 162.01556
30000.0 162.59339
32000.0 163.98625
34000.0 163.01075
36000.0 156.00183
38000.0 163.50593
40000.0 160.60888
42000.0 169.77038
44000.0 164.66935
46000.0 159.48759
48000.0 170.31683
50000.0 159.85309
52000.0 161.12403
54000.0 162.07984
56000.0 164.35946
58000.0 172.49048
60000.0 161.66011
62000.0 171.17263
64000.0 165.97419
66000.0 163.43677
68000.0 164.08071
70000.0 161.86849
72000.0 166.42442
74000.0 174.7598
76000.0 161.6011
78000.0 155.75371
80000.0 161.12897
82000.0 168.37384
84000.0 163.64371
86000.0 173.15957
88000.0 156.84713
90000.0 169.40214
92000.0 170.52603
94000.0 160.27957
96000.0 160.40365
98000.0 172.9934
100000.0 158.58422
102000.0 164.90607
104000.0 168.598
106000.0 164.81789
108000.0 164.70818
110000.0 160.61022
112000.0 171.12027
114000.0 163.01531
116000.0 165.89976
118000.0 164.43212
120000.0 167.82738
122000.0 161.65216
124000.0 170.29076
126000.0 164.257
128000.0 162.6775
130000.0 163.7518
132000.0 168.0539
134000.0 163.45137
136000.0 163.78519
138000.0 165.71295
140000.0 161.28187
142000.0 162.11027
144000.0 168.07371
146000.0 162.91009
148000.0 171.21214
150000.0 164.85835
152000.0 164.21739
154000.0 161.8922
156000.0 171.02727
158000.0 162.19988
160000.0 161.76702
162000.0 164.9117
164000.0 172.26687
166000.0 163.48352
168000.0 160.42556
170000.0 167.54725
172000.0 162.9958
174000.0 158.93434
176000.0 162.83814
178000.0 172.67299
180000.0 160.64128
182000.0 161.14065
184000.0 163.92648
186000.0 161.55727
188000.0 165.44067
190000.0 166.02377
192000.0 163.69976
194000.0 166.78787
196000.0 159.7421
198000.0 159.53068
200000.0 164.03826
