0.0 1.8232527
2000.0 1.6970975
4000.0 1.7360627
6000.0 1.7557023
8000.0 1.7526538
10000.0 1.7461704
12000.0 1.7563798
14000.0 1.7583118
16000.0 1.7552004
18000.0 1.7434637
20000.0 1.7583952
22000.0 1.7413778
24000.0 1.7557951
26000.0 1.7555872
28000.0 1.7546187
30000.0 1.7495561
32000.0 1.7565734
34000.0 1.7462175
36000.0 1.7489651
38000.0 1.7472635
40000.0 1.7536317
42000.0 1.7483439
44000.0 1.748859
46000.0 1.7534715
48000.0 1.7501119
50000.0 1.7556619
52000.0 1.7579334
54000.0 1.748444
56000.0 1.75718
58000.0 1.7522809
60000.0 1.7501096
62000.0 1.7586494
64000.0 1.7542252
66000.0 1.7504986
68000.0 1.7584119
70000.0 1.7530141
72000.0 1.7550905
74000.0 1.760998
76000.0 1.7541899
78000.0 1.7614992
80000.0 1.7565606
82000.0 1.7526609
84000.0 1.7503689
86000.0 1.7540798
88000.0 1.7558449
90000.0 1.7523687
92000.0 1.7634734
94000.0 1.7533127
96000.0 1.7577309
98000.0 1.7486449
100000.0 1.7546357
102000.0 1.747754
104000.0 1.7517548
106000.0 1.755464
108000.0 1.7643833
110000.0 1.7493768
112000.0 1.7501202
114000.0 1.7572993
116000.0 1.7512227
118000.0 1.7529273
120000.0 1.7588206
122000.0 1.7471164
124000.0 1.7567863
126000.0 1.7487046
128000.0 1.7560003
130000.0 1.7530015
132000.0 1.7492366
134000.0 1.7572711
136000.0 1.751363
138000.0 1.760569
140000.0 1.745915
142000.0 1.7542799
144000.0 1.7524813
146000.0 1.7503632
148000.0 1.75663
150000.0 1.7446794
152000.0 1.7538175
154000.0 1.7484779
156000.0 1.7625214
158000.0 1.754256
160000.0 1.7529332
162000.0 1.7453182
164000.0 1.7559791
166000.0 1.7577953
168000.0 1.7474317
170000.0 1.7518083
172000.0 1.7432137
174000.0 1.7531881
176000.0 1.755687
178000.0 1.7566561
180000.0 1.7511308
182000.0 1.7510671
184000.0 1.7522479
186000.0 1.7483704
188000.0 1.7563503
190000.0 1.7548219
192000.0 1.7486639
194000.0 1.7543102
196000.0 1.7503149
198000.0 1.7515621
200000.0 1.7556181
