0.0 463.03903
2000.0 209.92894
4000.0 281.86392
6000.0 317.60316
8000.0 383.8091
10000.0 492.9032
12000.0 564.21069
14000.0 598.07404
16000.0 584.3842
18000.0 550.31415
20000.0 550.73299
22000.0 593.4765
24000.0 562.1805
26000.0 534.46157
28000.0 575.23814
30000.0 586.41838
32000.0 547.07464
34000.0 562.47582
36000.0 582.72897
38000.0 553.59083
40000.0 552.63598
42000.0 566.07301
44000.0 600.83277
46000.0 555.55614
48000.0 552.21987
50000.0 551.40418
52000.0 581.35658
54000.0 572.04055
56000.0 573.81036
58000.0 569.35608
60000.0 581.66079
62000.0 559.663
64000.0 547.85814
66000.0 559.5291
68000.0 590.81092
70000.0 585.79049
72000.0 575.76467
74000.0 576.55824
76000.0 545.62521
78000.0 567.87555
80000.0 532.57745
82000.0 568.04652
84000.0 548.23965
86000.0 558.87867
88000.0 574.68694
90000.0 564.11744
92000.0 561.10495
94000.0 544.57212
96000.0 609.49775
98000.0 581.77187
100000.0 581.17582
102000.0 555.61898
104000.0 593.17447
106000.0 586.76719
108000.0 532.18645
110000.0 564.16177
112000.0 548.5233
114000.0 607.2642
116000.0 551.31497
118000.0 551.25225
120000.0 576.99764
122000.0 579.59144
124000.0 569.81798
126000.0 542.80417
128000.0 572.50379
130000.0 550.80432
132000.0 570.51113
134000.0 536.78326
136000.0 541.026
138000.0 552.21792
140000.0 566.40629
142000.0 548.87556
144000.0 589.52273
146000.0 562.19312
148000.0 573.52549
150000.0 518.28828
152000.0 571.2721
154000.0 579.45169
156000.0 572.34006
158000.0 566.5774
160000.0 551.53419
162000.0 546.78832
164000.0 518.18282
166000.0 571.52554
168000.0 582.50009
170000.0 543.38426
172000.0 551.41447
174000.0 574.44183
176000.0 546.21782
178000.0 566.04058
180000.0 559.61152
182000.0 582.53361
184000.0 587.63662
186000.0 552.78007
188000.0 562.02301
190000.0 575.2089
192000.0 571.10278
194000.0 565.88533
196000.0 590.78895
198000.0 541.99746
200000.0 559.83322
