0.0 463.03903
2000.0 198.98329
4000.0 238.38494
6000.0 255.36144
8000.0 289.54413
10000.0 279.04676
12000.0 278.49321
14000.0 259.24813
16000.0 273.63392
18000.0 271.48909
20000.0 262.32774
22000.0 270.00394
24000.0 263.44189
26000.0 263.60217
28000.0 264.1122
30000.0 255.47766
32000.0 274.74932
34000.0 278.81338
36000.0 276.55016
38000.0 271.09736
40000.0 262.6099
42000.0 258.62469
44000.0 272.21993
46000.0 267.97842
48000.0 254.29111
50000.0 266.62678
52000.0 266.56082
54000.0 273.81356
56000.0 272.33552
58000.0 271.20451
60000.0 268.17752
62000.0 270.50875
64000.0 276.14588
66000.0 269.1276
68000.0 262.79661
70000.0 275.64222
72000.0 272.32341
74000.0 270.63155
76000.0 264.01701
78000.0 260.29982
80000.0 279.39728
82000.0 261.93514
84000.0 268.23716
86000.0 277.24332
88000.0 278.4383
90000.0 258.6356
92000.0 269.77733
94000.0 272.68208
96000.0 261.28314
98000.0 273.36865
100000.0 261.92953
102000.0 264.17439
104000.0 279.45415
106000.0 280.22341
108000.0 271.02344
110000.0 283.40009
112000.0 271.85379
114000.0 262.28741
116000.0 260.66444
118000.0 275.34254
120000.0 258.59361
122000.0 273.72726
124000.0 275.52776
126000.0 273.72
128000.0 271.23271
130000.0 275.41121
132000.0 264.21085
134000.0 262.44153
136000.0 254.80498
138000.0 262.75214
140000.0 271.4367
142000.0 271.89056
144000.0 266.96283
146000.0 286.57454
148000.0 276.56148
150000.0 265.7384
152000.0 261.15391
154000.0 275.23977
156000.0 269.0893
158000.0 266.2097
160000.0 279.52248
162000.0 277.91435
164000.0 270.2144
166000.0 261.63346
168000.0 281.03163
170000.0 262.89329
172000.0 275.20663
174000.0 269.58485
176000.0 284.65618
178000.0 268.33392
180000.0 265.95431
182000.0 262.31926
184000.0 274.78386
186000.0 271.26588
188000.0 264.20705
190000.0 265.28396
192000.0 273.58296
194000.0 284.02091
196000.0 254.43387
198000.0 282.88202
200000.0 270.92079
