0.0 463.03903
2000.0 215.82633
4000.0 280.56679
6000.0 334.75419
8000.0 450.85826
10000.0 602.26407
12000.0 759.50316
14000.0 804.42986
16000.0 778.1766
18000.0 777.07488
20000.0 758.14683
22000.0 809.22881
24000.0 773.00828
26000.0 777.69843
28000.0 763.66107
30000.0 778.75872
32000.0 821.64218
34000.0 737.50393
36000.0 787.131
38000.0 783.65423
40000.0 757.93304
42000.0 758.56796
44000.0 783.42094
46000.0 770.41157
48000.0 731.12946
50000.0 766.11272
52000.0 758.32234
54000.0 774.9145
56000.0 770.89595
58000.0 747.27848
60000.0 788.71222
62000.0 781.70535
64000.0 780.14688
66000.0 752.62499
68000.0 780.77293
70000.0 763.25662
72000.0 781.23473
74000.0 785.51934
76000.0 721.812
78000.0 755.5568
80000.0 787.01862
82000.0 770.26916
84000.0 777.40372
86000.0 776.45717
88000.0 755.05922
90000.0 739.82517
92000.0 780.50315
94000.0 769.68851
96000.0 770.27817
98000.0 752.83383
100000.0 770.23764
102000.0 802.31659
104000.0 742.38581
106000.0 749.69809
108000.0 773.03976
110000.0 764.06563
112000.0 762.51385
114000.0 765.43789
116000.0 771.0021
118000.0 730.25733
120000.0 753.84661
122000.0 806.73797
124000.0 738.91458
126000.0 758.27481
128000.0 790.03638
130000.0 750.98735
132000.0 783.92621
134000.0 791.93088
136000.0 788.86922
138000.0 741.60585
140000.0 744.23402
142000.0 772.33741
144000.0 773.05353
146000.0 797.34026
148000.0 735.56759
150000.0 781.11279
152000.0 774.96357
154000.0 742.38151
156000.0 784.94293
158000.0 727.1627
160000.0 747.43522
162000.0 771.79807
164000.0 798.20293
166000.0 763.74493
168000.0 790.00812
170000.0 779.97078
172000.0 799.02881
174000.0 770.05658
176000.0 764.36704
178000.0 732.35581
180000.0 756.09362
182000.0 747.86517
184000.0 746.41335
186000.0 777.51895
188000.0 773.23497
190000.0 749.29633
192000.0 737.02692
194000.0 767.76806
196000.0 814.03697
198000.0 788.02503
200000.0 777.8603
