0.0 180.0
2000.0 70.202125
4000.0 67.87117
6000.0 69.705614
8000.0 70.802958
10000.0 67.397063
12000.0 69.115391
14000.0 68.494897
16000.0 70.352895
18000.0 68.824031
20000.0 70.393201
22000.0 69.006761
24000.0 70.634601
26000.0 70.768305
28000.0 65.846891
30000.0 73.364666
32000.0 71.45778
34000.0 63.639536
36000.0 69.536067
38000.0 70.555282
40000.0 69.932585
42000.0 70.352362
44000.0 69.959931
46000.0 70.759238
48000.0 69.766111
50000.0 67.093468
52000.0 70.206828
54000.0 71.625237
56000.0 69.287789
58000.0 68.889707
60000.0 69.169495
62000.0 69.145379
64000.0 64.591986
66000.0 71.028597
68000.0 69.288681
70000.0 66.071729
72000.0 68.923022
74000.0 69.627399
76000.0 71.987559
78000.0 68.930314
80000.0 72.519556
82000.0 71.881226
84000.0 69.954904
86000.0 68.823113
88000.0 71.034136
90000.0 71.544029
92000.0 71.356331
94000.0 69.358826
96000.0 70.947375
98000.0 68.787878
100000.0 67.125777
102000.0 71.268588
104000.0 67.633828
106000.0 69.261393
108000.0 72.420886
110000.0 68.86849
112000.0 64.609415
114000.0 70.037411
116000.0 69.586389
118000.0 67.944108
120000.0 74.178069
122000.0 73.322876
124000.0 67.785472
126000.0 70.731769
128000.0 68.770971
130000.0 69.781709
132000.0 69.906962
134000.0 71.04677
136000.0 69.35509
138000.0 70.160838
140000.0 70.236303
142000.0 72.722694
144000.0 68.829263
146000.0 69.858939
148000.0 69.943838
150000.0 71.152604
152000.0 69.235989
154000.0 72.794639
156000.0 70.934376
158000.0 70.331415
160000.0 66.402717
162000.0 69.87663
164000.0 69.696653
166000.0 66.698551
168000.0 68.825137
170000.0 70.302043
172000.0 70.492673
174000.0 69.039818
176000.0 72.305507
178000.0 72.230944
180000.0 69.000722
182000.0 67.909137
184000.0 68.665096
186000.0 71.673999
188000.0 68.836683
190000.0 72.329095
192000.0 72.739119
194000.0 70.573634
196000.0 71.520371
198000.0 72.862013
200000.0 68.357273
