0.0 952.70177
2000.0 463.45341
4000.0 367.14138
6000.0 451.35982
8000.0 409.75248
10000.0 496.75056
12000.0 452.01316
14000.0 423.92833
16000.0 398.03764
18000.0 395.53888
20000.0 410.87565
22000.0 408.43783
24000.0 335.75119
26000.0 454.96847
28000.0 447.17534
30000.0 329.43068
32000.0 431.87984
34000.0 407.05119
36000.0 437.6265
38000.0 419.4392
40000.0 417.33286
42000.0 360.90441
44000.0 485.69615
46000.0 384.75908
48000.0 388.93868
50000.0 374.99389
52000.0 417.39878
54000.0 454.82495
56000.0 398.13166
58000.0 363.14821
60000.0 413.77423
62000.0 482.59084
64000.0 369.38654
66000.0 440.9247
68000.0 343.14509
70000.0 467.29578
72000.0 326.86327
74000.0 403.4126
76000.0 432.22247
78000.0 351.32754
80000.0 377.52189
82000.0 418.41457
84000.0 303.29598
86000.0 384.84594
88000.0 417.83404
90000.0 415.6638
92000.0 379.73238
94000.0 374.3061
96000.0 424.81618
98000.0 412.49696
100000.0 329.57748
102000.0 419.30314
104000.0 304.94971
106000.0 424.2022
108000.0 425.73802
110000.0 493.94924
112000.0 372.90695
114000.0 441.63851
116000.0 394.06079
118000.0 361.36908
120000.0 412.12634
122000.0 399.43341
124000.0 446.11373
126000.0 475.41213
128000.0 434.17887
130000.0 338.89272
132000.0 483.81119
134000.0 401.55627
136000.0 374.302
138000.0 377.63208
140000.0 314.77938
142000.0 422.20546
144000.0 440.95805
146000.0 399.58292
148000.0 443.60733
150000.0 376.88718
152000.0 452.6412
154000.0 416.34763
156000.0 368.07195
158000.0 421.231
160000.0 437.18829
162000.0 406.04239
164000.0 353.27497
166000.0 346.3374
168000.0 509.46896
170000.0 404.85596
172000.0 465.53832
174000.0 377.23922
176000.0 390.64749
178000.0 412.24275
180000.0 473.85046
182000.0 443.38734
184000.0 395.62205
186000.0 372.53255
188000.0 393.84588
190000.0 279.56375
192000.0 430.44542
194000.0 463.86771
196000.0 375.0838
198000.0 434.516
200000.0 444.93263
