0.0 1.8232527
2000.0 1.6048553
4000.0 1.5052947
6000.0 1.3271009
8000.0 1.1646701
10000.0 0.99765564
12000.0 0.85373945
14000.0 0.78054063
16000.0 0.80985103
18000.0 0.81679134
20000.0 0.78879175
22000.0 0.79043968
24000.0 0.85306562
26000.0 0.81397567
28000.0 0.81707936
30000.0 0.81504892
32000.0 0.82520588
34000.0 0.84317605
36000.0 0.83572519
38000.0 0.81626424
40000.0 0.80863781
42000.0 0.81209991
44000.0 0.8081538
46000.0 0.80415997
48000.0 0.81679656
50000.0 0.82818497
52000.0 0.81769653
54000.0 0.8256407
56000.0 0.83950912
58000.0 0.83293747
60000.0 0.80755609
62000.0 0.83119076
64000.0 0.8316878
66000.0 0.81637481
68000.0 0.7789509
70000.0 0.80728087
72000.0 0.82392921
74000.0 0.79576773
76000.0 0.82751867
78000.0 0.8148074
80000.0 0.81227589
82000.0 0.84379212
84000.0 0.8258929
86000.0 0.81646313
88000.0 0.82586484
90000.0 0.8281603
92000.0 0.82732179
94000.0 0.82796468
96000.0 0.83489784
98000.0 0.86778283
100000.0 0.82952066
102000.0 0.81682466
104000.0 0.77679341
106000.0 0.82376589
108000.0 0.83570568
110000.0 0.81002815
112000.0 0.8085764
114000.0 0.81874254
116000.0 0.82546182
118000.0 0.84663253
120000.0 0.81736244
122000.0 0.81041769
124000.0 0.81338922
126000.0 0.8207476
128000.0 0.79497863
130000.0 0.80769027
132000.0 0.8261623
134000.0 0.8162083
136000.0 0.7888859
138000.0 0.83296363
140000.0 0.83386095
142000.0 0.81057067
144000.0 0.79401505
146000.0 0.79335504
148000.0 0.79800407
150000.0 0.80573585
152000.0 0.82612893
154000.0 0.78240136
156000.0 0.83061985
158000.0 0.82519283
160000.0 0.81734008
162000.0 0.8356442
164000.0 0.84208997
166000.0 0.81894017
168000.0 0.84271475
170000.0 0.83360389
172000.0 0.80206926
174000.0 0.82865006
176000.0 0.84498908
178000.0 0.84235958
180000.0 0.83207821
182000.0 0.82119294
184000.0 0.84553059
186000.0 0.86310276
188000.0 0.83549539
190000.0 0.83075999
192000.0 0.78094662
194000.0 0.83715367
196000.0 0.8345758
198000.0 0.84205259
200000.0 0.81541153
