0.0 -1666.2084
2000.0 -1373.5596
4000.0 -1273.4483
6000.0 -1107.7011
8000.0 -929.34463
10000.0 -782.89342
12000.0 -693.3184
14000.0 -654.20146
16000.0 -689.57422
18000.0 -735.49698
20000.0 -717.16928
22000.0 -669.23619
24000.0 -677.92445
26000.0 -715.76549
28000.0 -693.59845
30000.0 -693.77933
32000.0 -712.43362
34000.0 -699.69767
36000.0 -681.58246
38000.0 -668.45221
40000.0 -699.8011
42000.0 -690.25283
44000.0 -696.82218
46000.0 -671.36856
48000.0 -684.83199
50000.0 -698.79684
52000.0 -699.42013
54000.0 -696.06961
56000.0 -677.11125
58000.0 -683.11314
60000.0 -705.9602
62000.0 -696.60608
64000.0 -683.47671
66000.0 -681.05217
68000.0 -714.14487
70000.0 -694.36113
72000.0 -688.7629
74000.0 -688.38713
76000.0 -695.00126
78000.0 -685.63575
80000.0 -682.61283
82000.0 -721.46745
84000.0 -706.64768
86000.0 -683.90751
88000.0 -674.49646
90000.0 -682.46821
92000.0 -662.8708
94000.0 -685.82589
96000.0 -683.99828
98000.0 -688.77536
100000.0 -723.74547
102000.0 -683.20595
104000.0 -678.16696
106000.0 -698.3328
108000.0 -701.46315
110000.0 -691.49804
112000.0 -685.55794
114000.0 -711.18638
116000.0 -674.87605
118000.0 -680.68685
120000.0 -705.0639
122000.0 -691.96796
124000.0 -688.18498
126000.0 -701.44658
128000.0 -702.8487
130000.0 -697.97357
132000.0 -676.84881
134000.0 -704.71994
136000.0 -710.93485
138000.0 -684.58653
140000.0 -672.44636
142000.0 -690.22124
144000.0 -705.39728
146000.0 -698.88424
148000.0 -681.78489
150000.0 -697.10817
152000.0 -691.67584
154000.0 -688.77941
156000.0 -684.91213
158000.0 -676.9572
160000.0 -675.75136
162000.0 -690.91935
164000.0 -682.98317
166000.0 -681.41388
168000.0 -698.55614
170000.0 -704.12166
172000.0 -685.9376
174000.0 -699.43058
176000.0 -700.52321
178000.0 -689.58738
180000.0 -670.49427
182000.0 -700.96128
184000.0 -708.54346
186000.0 -694.89743
188000.0 -677.41745
190000.0 -664.55682
192000.0 -684.5662
194000.0 -696.71699
196000.0 -680.83241
198000.0 -667.39312
200000.0 -701.2332
