0.0 952.70177
2000.0 503.86696
4000.0 454.03982
6000.0 463.28067
8000.0 453.53592
10000.0 484.85559
12000.0 406.77926
14000.0 425.72179
16000.0 410.12936
18000.0 375.12729
20000.0 437.17528
22000.0 375.20373
24000.0 375.87158
26000.0 373.79912
28000.0 426.009
30000.0 383.94709
32000.0 339.39121
34000.0 370.15014
36000.0 341.52683
38000.0 454.77452
40000.0 392.5022
42000.0 418.91372
44000.0 406.14535
46000.0 416.58985
48000.0 413.95486
50000.0 386.38217
52000.0 395.41302
54000.0 366.96985
56000.0 404.73443
58000.0 409.85628
60000.0 382.08367
62000.0 381.18281
64000.0 355.09682
66000.0 416.42786
68000.0 442.12939
70000.0 457.47714
72000.0 407.21563
74000.0 368.57692
76000.0 405.4318
78000.0 380.68446
80000.0 420.92154
82000.0 461.72651
84000.0 395.05817
86000.0 430.30957
88000.0 487.24393
90000.0 414.77909
92000.0 421.62868
94000.0 430.42787
96000.0 383.93447
98000.0 381.89893
100000.0 467.00357
102000.0 306.69572
104000.0 403.0112
106000.0 381.04693
108000.0 353.64315
110000.0 403.90183
112000.0 366.48368
114000.0 366.27231
116000.0 373.17254
118000.0 417.05428
120000.0 426.53479
122000.0 433.07352
124000.0 345.09577
126000.0 431.45328
128000.0 352.21752
130000.0 380.5769
132000.0 413.51313
134000.0 380.98463
136000.0 397.97567
138000.0 434.51319
140000.0 431.09189
142000.0 390.01759
144000.0 409.85286
146000.0 433.93906
148000.0 410.52242
150000.0 365.28334
152000.0 414.47537
154000.0 377.78421
156000.0 387.69244
158000.0 445.46474
160000.0 374.90526
162000.0 379.40399
164000.0 429.52103
166000.0 362.10547
168000.0 372.59461
170000.0 431.1196
172000.0 424.7755
174000.0 404.86551
176000.0 395.35414
178000.0 410.67755
180000.0 397.32019
182000.0 412.25952
184000.0 422.27867
186000.0 360.47024
188000.0 400.18044
190000.0 378.35263
192000.0 405.65231
194000.0 402.44381
196000.0 325.95925
198000.0 370.98819
200000.0 405.5083
