0.0 -1666.2084
2000.0 -1364.5177
4000.0 -1230.4844
6000.0 -1038.9883
8000.0 -836.02132
10000.0 -660.40827
12000.0 -508.16268
14000.0 -426.79149
16000.0 -449.1691
18000.0 -476.71477
20000.0 -455.60785
22000.0 -444.81807
24000.0 -461.69914
26000.0 -470.27825
28000.0 -436.47242
30000.0 -438.88723
32000.0 -459.61627
34000.0 -438.29573
36000.0 -441.13238
38000.0 -449.14795
40000.0 -464.77252
42000.0 -457.88911
44000.0 -446.34412
46000.0 -445.60062
48000.0 -488.01654
50000.0 -494.67408
52000.0 -447.31019
54000.0 -439.6362
56000.0 -466.9786
58000.0 -467.68487
60000.0 -453.90833
62000.0 -463.72217
64000.0 -454.06471
66000.0 -438.37833
68000.0 -440.14968
70000.0 -453.40264
72000.0 -474.71262
74000.0 -455.24937
76000.0 -446.37986
78000.0 -460.00292
80000.0 -437.4042
82000.0 -451.2404
84000.0 -453.24577
86000.0 -479.21172
88000.0 -452.83372
90000.0 -466.60065
92000.0 -476.34092
94000.0 -469.53847
96000.0 -466.5976
98000.0 -448.11856
100000.0 -432.21038
102000.0 -457.2434
104000.0 -457.64048
106000.0 -441.82579
108000.0 -443.30904
110000.0 -469.35945
112000.0 -462.95038
114000.0 -455.45044
116000.0 -477.27826
118000.0 -448.4819
120000.0 -445.67613
122000.0 -447.10378
124000.0 -440.48947
126000.0 -440.70412
128000.0 -463.57265
130000.0 -451.07817
132000.0 -450.40754
134000.0 -468.22506
136000.0 -464.87363
138000.0 -484.1366
140000.0 -466.17349
142000.0 -459.5783
144000.0 -441.66847
146000.0 -465.18114
148000.0 -445.40982
150000.0 -455.34946
152000.0 -467.99683
154000.0 -458.08347
156000.0 -476.20018
158000.0 -488.90786
160000.0 -495.48917
162000.0 -458.99441
164000.0 -442.56447
166000.0 -454.49157
168000.0 -455.27721
170000.0 -452.52847
172000.0 -429.70597
174000.0 -436.66204
176000.0 -467.51893
178000.0 -469.31047
180000.0 -463.6412
182000.0 -441.98257
184000.0 -448.47275
186000.0 -479.58752
188000.0 -459.12465
190000.0 -462.17243
192000.0 -456.54868
194000.0 -475.67322
196000.0 -462.88812
198000.0 -446.78483
200000.0 -463.12466
