0.0 1.8232527
2000.0 1.6828276
4000.0 1.7241958
6000.0 1.7439846
8000.0 1.7275387
10000.0 1.7256006
12000.0 1.7345476
14000.0 1.7344597
16000.0 1.7219662
18000.0 1.7190588
20000.0 1.7298755
22000.0 1.7219586
24000.0 1.7142298
26000.0 1.7195206
28000.0 1.7347352
30000.0 1.720059
32000.0 1.7300247
34000.0 1.7297482
36000.0 1.7281964
38000.0 1.7217598
40000.0 1.7275608
42000.0 1.7287085
44000.0 1.7235013
46000.0 1.7255823
48000.0 1.71992
50000.0 1.7261241
52000.0 1.7318045
54000.0 1.7195135
56000.0 1.7296977
58000.0 1.7325993
60000.0 1.7338131
62000.0 1.725664
64000.0 1.731642
66000.0 1.729026
68000.0 1.7207283
70000.0 1.7263382
72000.0 1.7319335
74000.0 1.7281631
76000.0 1.7265738
78000.0 1.7324496
80000.0 1.718417
82000.0 1.719379
84000.0 1.7322085
86000.0 1.729155
88000.0 1.7223786
90000.0 1.729888
92000.0 1.7279464
94000.0 1.7235132
96000.0 1.7273041
98000.0 1.7360287
100000.0 1.7309087
102000.0 1.7331079
104000.0 1.7283707
106000.0 1.7252515
108000.0 1.7402896
110000.0 1.7212596
112000.0 1.7285239
114000.0 1.7211153
116000.0 1.7262324
118000.0 1.7239137
120000.0 1.7316052
122000.0 1.7332929
124000.0 1.724263
126000.0 1.7169866
128000.0 1.7427368
130000.0 1.7260936
132000.0 1.7256433
134000.0 1.7379121
136000.0 1.7257178
138000.0 1.7316414
140000.0 1.7291873
142000.0 1.7324502
144000.0 1.7271314
146000.0 1.734297
148000.0 1.7340411
150000.0 1.7244311
152000.0 1.7296028
154000.0 1.7310559
156000.0 1.7277493
158000.0 1.726961
160000.0 1.7346774
162000.0 1.7296885
164000.0 1.7253932
166000.0 1.732841
168000.0 1.7285077
170000.0 1.7230519
172000.0 1.7294056
174000.0 1.7320564
176000.0 1.7259112
178000.0 1.7264134
180000.0 1.7270408
182000.0 1.7296442
184000.0 1.7250767
186000.0 1.7228798
188000.0 1.7320515
190000.0 1.7305228
192000.0 1.736568
194000.0 1.7238976
196000.0 1.7152108
198000.0 1.7280812
200000.0 1.7363801
