0.0 -1203.1694
2000.0 -1147.1023
4000.0 -933.91865
6000.0 -669.69806
8000.0 -353.19711
10000.0 -1.887211
12000.0 305.34126
14000.0 431.37641
16000.0 414.55985
18000.0 382.83157
20000.0 379.57893
22000.0 436.32874
24000.0 397.98959
26000.0 393.10078
28000.0 383.07765
30000.0 417.50015
32000.0 447.42426
34000.0 347.41649
36000.0 417.78785
38000.0 429.35963
40000.0 371.76371
42000.0 369.72649
44000.0 414.51223
46000.0 407.93342
48000.0 338.10077
50000.0 376.49202
52000.0 378.85854
54000.0 406.89389
56000.0 384.64555
58000.0 363.74289
60000.0 410.69617
62000.0 400.32653
64000.0 394.09522
66000.0 371.4922
68000.0 382.93024
70000.0 378.63246
72000.0 399.97773
74000.0 399.34552
76000.0 336.46959
78000.0 393.23433
80000.0 414.83354
82000.0 372.62331
84000.0 396.93823
86000.0 413.98907
88000.0 389.30688
90000.0 335.53818
92000.0 386.58883
94000.0 394.91212
96000.0 392.73662
98000.0 366.27078
100000.0 398.63991
102000.0 417.87619
104000.0 369.1672
106000.0 383.49112
108000.0 403.53392
110000.0 371.51219
112000.0 383.5239
114000.0 383.85623
116000.0 401.52944
118000.0 353.00368
120000.0 389.80692
122000.0 420.9635
124000.0 359.11576
126000.0 388.32594
128000.0 421.7872
130000.0 368.57653
132000.0 395.52134
134000.0 418.84074
136000.0 407.40971
138000.0 361.81412
140000.0 375.84928
142000.0 421.26867
144000.0 421.03022
146000.0 406.01097
148000.0 361.10194
150000.0 418.22934
152000.0 407.27881
154000.0 364.367
156000.0 409.99687
158000.0 335.03597
160000.0 362.37073
162000.0 403.27736
164000.0 409.93633
166000.0 380.6213
168000.0 420.10248
170000.0 407.03766
172000.0 429.39275
174000.0 436.67683
176000.0 393.58593
178000.0 363.10608
180000.0 386.33325
182000.0 365.91503
184000.0 360.32314
186000.0 410.74885
188000.0 391.70168
190000.0 373.29346
192000.0 364.25205
194000.0 384.01304
196000.0 452.64583
198000.0 409.1538
200000.0 383.28567
