0.0 -1666.2084
2000.0 -1470.8192
4000.0 -1505.3263
6000.0 -1522.0555
8000.0 -1514.4668
10000.0 -1506.182
12000.0 -1514.1754
14000.0 -1517.1823
16000.0 -1511.5874
18000.0 -1510.7503
20000.0 -1517.112
22000.0 -1507.6599
24000.0 -1510.9747
26000.0 -1510.8172
28000.0 -1510.4292
30000.0 -1512.0
32000.0 -1513.3455
34000.0 -1511.8675
36000.0 -1515.8835
38000.0 -1516.187
40000.0 -1500.6762
42000.0 -1510.267
44000.0 -1512.6261
46000.0 -1506.0668
48000.0 -1507.9117
50000.0 -1509.9743
52000.0 -1513.1653
54000.0 -1507.5152
56000.0 -1511.6562
58000.0 -1509.4268
60000.0 -1514.141
62000.0 -1512.2955
64000.0 -1507.677
66000.0 -1503.9925
68000.0 -1508.6395
70000.0 -1514.1087
72000.0 -1509.2408
74000.0 -1515.9498
76000.0 -1514.7709
78000.0 -1497.7741
80000.0 -1507.8264
82000.0 -1508.4776
84000.0 -1511.3793
86000.0 -1504.4699
88000.0 -1511.4136
90000.0 -1511.1857
92000.0 -1505.3419
94000.0 -1501.9334
96000.0 -1514.265
98000.0 -1511.1262
100000.0 -1505.1913
102000.0 -1510.5232
104000.0 -1510.3248
106000.0 -1514.6853
108000.0 -1511.6396
110000.0 -1509.6315
112000.0 -1507.6042
114000.0 -1514.1946
116000.0 -1511.9509
118000.0 -1511.4247
120000.0 -1502.8843
122000.0 -1505.0254
124000.0 -1516.8431
126000.0 -1511.924
128000.0 -1506.4232
130000.0 -1510.4596
132000.0 -1508.6663
134000.0 -1510.5347
136000.0 -1503.7897
138000.0 -1517.5588
140000.0 -1507.162
142000.0 -1508.923
144000.0 -1510.3199
146000.0 -1509.9777
148000.0 -1506.1111
150000.0 -1517.0138
152000.0 -1513.4594
154000.0 -1503.2773
156000.0 -1514.6828
158000.0 -1508.5695
160000.0 -1508.8759
162000.0 -1514.7126
164000.0 -1514.3932
166000.0 -1509.3379
168000.0 -1505.7993
170000.0 -1516.7431
172000.0 -1511.98
174000.0 -1509.5326
176000.0 -1513.6
178000.0 -1518.8743
180000.0 -1511.0096
182000.0 -1505.7324
184000.0 -1516.9738
186000.0 -1508.5054
188000.0 -1507.142
190000.0 -1512.4308
192000.0 -1513.2894
194000.0 -1509.71
196000.0 -1516.7468
198000.0 -1514.7212
200000.0 -1510.3461
