0.0 -1666.2084
2000.0 -1366.9049
4000.0 -1245.3586
6000.0 -1047.2619
8000.0 -854.6559
10000.0 -695.31466
12000.0 -564.54162
14000.0 -500.98505
16000.0 -529.35085
18000.0 -562.95459
20000.0 -532.01202
22000.0 -510.8782
24000.0 -522.75004
26000.0 -522.34777
28000.0 -539.87835
30000.0 -566.36953
32000.0 -558.96398
34000.0 -530.14271
36000.0 -533.48594
38000.0 -538.5261
40000.0 -528.82884
42000.0 -528.74306
44000.0 -518.19456
46000.0 -517.72529
48000.0 -524.79582
50000.0 -555.16209
52000.0 -536.69984
54000.0 -520.21317
56000.0 -557.73505
58000.0 -545.3475
60000.0 -530.63709
62000.0 -552.79402
64000.0 -548.2354
66000.0 -534.418
68000.0 -532.11496
70000.0 -542.31772
72000.0 -528.15147
74000.0 -542.21684
76000.0 -542.17265
78000.0 -541.82746
80000.0 -562.09129
82000.0 -552.71692
84000.0 -535.61023
86000.0 -529.73249
88000.0 -537.82971
90000.0 -539.20718
92000.0 -526.67209
94000.0 -513.26177
96000.0 -530.23442
98000.0 -534.95658
100000.0 -510.22426
102000.0 -549.1262
104000.0 -540.63709
106000.0 -531.49399
108000.0 -535.03848
110000.0 -547.08145
112000.0 -539.70605
114000.0 -542.5714
116000.0 -509.15365
118000.0 -508.33232
120000.0 -541.07952
122000.0 -554.57549
124000.0 -533.9325
126000.0 -521.07232
128000.0 -503.78447
130000.0 -516.27007
132000.0 -539.4317
134000.0 -547.83152
136000.0 -552.35494
138000.0 -546.97794
140000.0 -530.77385
142000.0 -522.9284
144000.0 -501.95186
146000.0 -508.21772
148000.0 -550.07731
150000.0 -522.58565
152000.0 -515.7204
154000.0 -505.01175
156000.0 -528.43276
158000.0 -551.04253
160000.0 -547.85189
162000.0 -529.53629
164000.0 -524.52302
166000.0 -521.48545
168000.0 -544.60882
170000.0 -549.77001
172000.0 -542.16842
174000.0 -532.82806
176000.0 -525.53894
178000.0 -529.59121
180000.0 -532.94994
182000.0 -518.8228
184000.0 -520.37581
186000.0 -538.89157
188000.0 -539.69809
190000.0 -535.82042
192000.0 -551.08868
194000.0 -535.2163
196000.0 -530.40903
198000.0 -552.84218
200000.0 -543.80264
