0.0 463.03903
2000.0 194.34538
4000.0 214.84344
6000.0 233.18851
8000.0 246.2633
10000.0 225.00331
12000.0 230.04359
14000.0 236.82902
16000.0 233.92925
18000.0 228.0176
20000.0 225.97349
22000.0 233.54025
24000.0 222.92679
26000.0 224.81784
28000.0 235.86251
30000.0 236.65646
32000.0 223.03093
34000.0 229.60004
36000.0 230.31438
38000.0 236.76839
40000.0 233.27396
42000.0 242.46153
44000.0 228.18177
46000.0 234.74221
48000.0 226.95435
50000.0 237.15934
52000.0 228.76062
54000.0 224.38846
56000.0 231.58738
58000.0 241.6695
60000.0 223.98627
62000.0 222.53472
64000.0 222.52303
66000.0 240.69475
68000.0 229.46259
70000.0 231.16281
72000.0 222.16319
74000.0 233.39679
76000.0 240.28785
78000.0 221.46016
80000.0 221.73939
82000.0 224.90566
84000.0 239.38724
86000.0 228.19546
88000.0 223.52918
90000.0 218.45849
92000.0 235.76538
94000.0 230.36657
96000.0 232.68394
98000.0 226.73453
100000.0 237.20566
102000.0 243.33399
104000.0 241.45876
106000.0 232.63969
108000.0 227.7855
110000.0 243.18037
112000.0 229.47641
114000.0 225.8811
116000.0 233.72053
118000.0 243.5115
120000.0 229.21815
122000.0 228.43013
124000.0 245.12259
126000.0 236.47353
128000.0 225.58337
130000.0 225.10896
132000.0 227.47878
134000.0 230.52549
136000.0 229.54693
138000.0 233.07135
140000.0 230.12038
142000.0 228.20328
144000.0 224.96425
146000.0 219.66873
148000.0 221.81311
150000.0 235.14009
152000.0 238.93316
154000.0 228.22444
156000.0 229.28104
158000.0 223.40868
160000.0 233.04255
162000.0 231.79951
164000.0 229.66868
166000.0 227.99959
168000.0 229.75028
170000.0 236.30666
172000.0 232.60205
174000.0 224.11921
176000.0 232.90655
178000.0 237.43679
180000.0 232.31992
182000.0 224.20901
184000.0 237.77979
186000.0 229.02415
188000.0 231.66691
190000.0 225.49816
192000.0 232.44301
194000.0 235.93853
196000.0 229.23539
198000.0 231.58383
200000.0 235.82539
