0.0 -1203.1694
2000.0 -1177.8627
4000.0 -1034.0753
6000.0 -879.28769
8000.0 -725.61376
10000.0 -578.5081
12000.0 -480.90949
14000.0 -468.05874
16000.0 -512.64398
18000.0 -512.20974
20000.0 -469.80367
22000.0 -470.52404
24000.0 -493.22278
26000.0 -489.59549
28000.0 -491.30396
30000.0 -516.64961
32000.0 -501.9455
34000.0 -465.46185
36000.0 -488.04256
38000.0 -509.42219
40000.0 -486.79026
42000.0 -496.16153
44000.0 -508.66359
46000.0 -498.03179
48000.0 -498.01717
50000.0 -510.85228
52000.0 -479.76448
54000.0 -476.07468
56000.0 -501.45577
58000.0 -508.4208
60000.0 -478.6574
62000.0 -478.74052
64000.0 -509.70549
66000.0 -509.77526
68000.0 -499.15742
70000.0 -474.41257
72000.0 -477.32204
74000.0 -514.80689
76000.0 -493.4908
78000.0 -484.00575
80000.0 -509.65407
82000.0 -543.00209
84000.0 -532.81534
86000.0 -505.9256
88000.0 -490.50529
90000.0 -462.88101
92000.0 -496.68007
94000.0 -508.31496
96000.0 -476.03746
98000.0 -476.90671
100000.0 -481.74524
102000.0 -493.3755
104000.0 -508.8431
106000.0 -521.71008
108000.0 -481.93682
110000.0 -468.40281
112000.0 -495.49473
114000.0 -487.85742
116000.0 -502.67238
118000.0 -504.774
120000.0 -477.88611
122000.0 -491.08611
124000.0 -489.18821
126000.0 -515.0345
128000.0 -537.85567
130000.0 -497.74664
132000.0 -478.27985
134000.0 -475.58176
136000.0 -492.8926
138000.0 -480.54106
140000.0 -507.54028
142000.0 -486.99041
144000.0 -480.20302
146000.0 -490.46473
148000.0 -516.63802
150000.0 -492.1519
152000.0 -498.24142
154000.0 -515.68664
156000.0 -514.99031
158000.0 -493.25667
160000.0 -472.57538
162000.0 -481.44609
164000.0 -502.86821
166000.0 -467.46199
168000.0 -487.327
170000.0 -511.27662
172000.0 -486.88796
174000.0 -494.52596
176000.0 -503.0053
178000.0 -519.5673
180000.0 -501.17579
182000.0 -478.87794
184000.0 -452.64512
186000.0 -479.70538
188000.0 -517.1622
190000.0 -492.18673
192000.0 -479.18639
194000.0 -488.33625
196000.0 -497.42293
198000.0 -526.42258
200000.0 -504.49408
