0.0 180.0
2000.0 82.595954
4000.0 109.02923
6000.0 132.44043
8000.0 163.87533
10000.0 218.0794
12000.0 254.3212
14000.0 273.03033
16000.0 262.3507
18000.0 254.89315
20000.0 252.29342
22000.0 268.85442
24000.0 261.108
26000.0 252.62901
28000.0 256.85552
30000.0 262.01992
32000.0 253.44919
34000.0 247.8938
36000.0 267.49421
38000.0 258.38187
40000.0 248.20611
42000.0 258.72978
44000.0 266.91291
46000.0 261.88371
48000.0 268.39797
50000.0 241.82101
52000.0 260.45046
54000.0 266.02253
56000.0 248.26787
58000.0 247.69585
60000.0 279.95645
62000.0 264.25335
64000.0 258.82718
66000.0 262.65811
68000.0 260.97403
70000.0 245.80788
72000.0 265.6771
74000.0 272.4165
76000.0 250.415
78000.0 257.47965
80000.0 258.64867
82000.0 261.21956
84000.0 236.55116
86000.0 256.55567
88000.0 258.43485
90000.0 262.47256
92000.0 247.59973
94000.0 263.03505
96000.0 268.01539
98000.0 265.25426
100000.0 274.57817
102000.0 263.31368
104000.0 260.07387
106000.0 256.14111
108000.0 272.72819
110000.0 261.34303
112000.0 269.00391
114000.0 255.83185
116000.0 263.38987
118000.0 263.68398
120000.0 252.63467
122000.0 258.73899
124000.0 258.70961
126000.0 270.27418
128000.0 267.33797
130000.0 257.18114
132000.0 248.67772
134000.0 262.48943
136000.0 258.31728
138000.0 251.37334
140000.0 263.57605
142000.0 264.48369
144000.0 253.3059
146000.0 249.63013
148000.0 264.42065
150000.0 268.58521
152000.0 254.26938
154000.0 266.20379
156000.0 268.83243
158000.0 256.43585
160000.0 261.31418
162000.0 262.98768
164000.0 257.7931
166000.0 253.03793
168000.0 241.41089
170000.0 255.41494
172000.0 261.03784
174000.0 253.52063
176000.0 267.00352
178000.0 247.58524
180000.0 242.38907
182000.0 254.52309
184000.0 264.53653
186000.0 259.21118
188000.0 258.39678
190000.0 261.42319
192000.0 252.62979
194000.0 247.43843
196000.0 254.59267
198000.0 265.40745
200000.0 266.49346
