0.0 1.8232527
2000.0 1.6685186
4000.0 1.6886302
6000.0 1.6910664
8000.0 1.6838776
10000.0 1.6851474
12000.0 1.6951293
14000.0 1.6915943
16000.0 1.688872
18000.0 1.6922044
20000.0 1.6906706
22000.0 1.6892899
24000.0 1.6881223
26000.0 1.6884402
28000.0 1.6864137
30000.0 1.6869846
32000.0 1.6743077
34000.0 1.6859528
36000.0 1.6878554
38000.0 1.6799561
40000.0 1.6920643
42000.0 1.6871582
44000.0 1.6923452
46000.0 1.6764869
48000.0 1.6942447
50000.0 1.6881348
52000.0 1.6685811
54000.0 1.6829915
56000.0 1.6870487
58000.0 1.6882803
60000.0 1.6929574
62000.0 1.6867647
64000.0 1.692076
66000.0 1.6712764
68000.0 1.6792318
70000.0 1.6805849
72000.0 1.6746768
74000.0 1.6867116
76000.0 1.6952197
78000.0 1.681921
80000.0 1.6807733
82000.0 1.6884863
84000.0 1.690953
86000.0 1.6858079
88000.0 1.6878376
90000.0 1.686644
92000.0 1.6875852
94000.0 1.6814046
96000.0 1.6840529
98000.0 1.6955204
100000.0 1.6897231
102000.0 1.6928869
104000.0 1.6923006
106000.0 1.6873876
108000.0 1.6903096
110000.0 1.6888752
112000.0 1.6999558
114000.0 1.688722
116000.0 1.6965432
118000.0 1.6903575
120000.0 1.6843808
122000.0 1.6828177
124000.0 1.6887574
126000.0 1.68493
128000.0 1.6876089
130000.0 1.6865165
132000.0 1.687877
134000.0 1.6720759
136000.0 1.6826801
138000.0 1.6913605
140000.0 1.6886458
142000.0 1.6842102
144000.0 1.6870638
146000.0 1.6827491
148000.0 1.6815564
150000.0 1.6891662
152000.0 1.6973073
154000.0 1.6833996
156000.0 1.6917399
158000.0 1.6886653
160000.0 1.6936066
162000.0 1.6870911
164000.0 1.6903426
166000.0 1.6954888
168000.0 1.6946959
170000.0 1.6887828
172000.0 1.6847567
174000.0 1.687221
176000.0 1.6865274
178000.0 1.6905571
180000.0 1.6850006
182000.0 1.6762374
184000.0 1.6831131
186000.0 1.683795
188000.0 1.6940945
190000.0 1.7035293
192000.0 1.6835379
194000.0 1.6898049
196000.0 1.6934869
198000.0 1.6856698
200000.0 1.6916408
