0.0 1.8232527
2000.0 1.6328461
4000.0 1.604807
6000.0 1.5761624
8000.0 1.5889509
10000.0 1.6025579
12000.0 1.6041392
14000.0 1.5859731
16000.0 1.5661706
18000.0 1.5941004
20000.0 1.5895292
22000.0 1.5848034
24000.0 1.5760483
26000.0 1.5989928
28000.0 1.6060143
30000.0 1.5880691
32000.0 1.5749969
34000.0 1.5817912
36000.0 1.5901288
38000.0 1.5845972
40000.0 1.5941908
42000.0 1.5927995
44000.0 1.577605
46000.0 1.5801116
48000.0 1.5891882
50000.0 1.5826984
52000.0 1.5627299
54000.0 1.5826469
56000.0 1.5931773
58000.0 1.5765497
60000.0 1.5784458
62000.0 1.5956921
64000.0 1.5814513
66000.0 1.5729293
68000.0 1.582447
70000.0 1.586158
72000.0 1.582181
74000.0 1.6016156
76000.0 1.5786062
78000.0 1.5918816
80000.0 1.5812584
82000.0 1.5740621
84000.0 1.5881259
86000.0 1.5902481
88000.0 1.5917502
90000.0 1.5830443
92000.0 1.5839517
94000.0 1.5825868
96000.0 1.6036421
98000.0 1.5844957
100000.0 1.5916611
102000.0 1.5944571
104000.0 1.5779963
106000.0 1.5842606
108000.0 1.5832962
110000.0 1.5861569
112000.0 1.5791266
114000.0 1.5782433
116000.0 1.589956
118000.0 1.5863889
120000.0 1.5806427
122000.0 1.592989
124000.0 1.5913777
126000.0 1.5872299
128000.0 1.5788144
130000.0 1.5890627
132000.0 1.5939132
134000.0 1.5922106
136000.0 1.5790007
138000.0 1.599542
140000.0 1.6182396
142000.0 1.5898237
144000.0 1.5731686
146000.0 1.5927421
148000.0 1.5798723
150000.0 1.5822642
152000.0 1.5772353
154000.0 1.5853214
156000.0 1.5863416
158000.0 1.5678064
160000.0 1.591345
162000.0 1.6020202
164000.0 1.593347
166000.0 1.5714984
168000.0 1.559341
170000.0 1.5893601
172000.0 1.5849149
174000.0 1.5776623
176000.0 1.5835013
178000.0 1.5707884
180000.0 1.5936592
182000.0 1.5896072
184000.0 1.5650922
186000.0 1.5733141
188000.0 1.5935738
190000.0 1.5768045
192000.0 1.5759684
194000.0 1.5755964
196000.0 1.584935
198000.0 1.5903294
200000.0 1.5973295
