0.0 -1203.1694
2000.0 -1153.4146
4000.0 -954.2663
6000.0 -708.83412
8000.0 -432.8736
10000.0 -131.38293
12000.0 107.83723
14000.0 223.65081
16000.0 172.55123
18000.0 156.79113
20000.0 155.80796
22000.0 189.01352
24000.0 187.23612
26000.0 154.47895
28000.0 137.05409
30000.0 171.64707
32000.0 198.7562
34000.0 135.61346
36000.0 140.78508
38000.0 177.22159
40000.0 190.58249
42000.0 185.44596
44000.0 178.48296
46000.0 155.21859
48000.0 163.58925
50000.0 177.31643
52000.0 161.73625
54000.0 178.78594
56000.0 180.0228
58000.0 138.85965
60000.0 190.98525
62000.0 177.79682
64000.0 118.23199
66000.0 153.87058
68000.0 168.59139
70000.0 158.29637
72000.0 156.79727
74000.0 120.45994
76000.0 165.1911
78000.0 171.87699
80000.0 211.13057
82000.0 159.28969
84000.0 159.26887
86000.0 176.17978
88000.0 181.18466
90000.0 152.33859
92000.0 158.96674
94000.0 170.77807
96000.0 165.14542
98000.0 114.31623
100000.0 161.90992
102000.0 197.75606
104000.0 168.6878
106000.0 128.8937
108000.0 136.42412
110000.0 178.96024
112000.0 187.76067
114000.0 172.33255
116000.0 140.78319
118000.0 125.98425
120000.0 160.26188
122000.0 178.20477
124000.0 160.44612
126000.0 158.56915
128000.0 186.78642
130000.0 156.85331
132000.0 166.43116
134000.0 189.83509
136000.0 174.11967
138000.0 177.52769
140000.0 163.29252
142000.0 198.86896
144000.0 188.68409
146000.0 174.50492
148000.0 209.57338
150000.0 178.20855
152000.0 163.52951
154000.0 172.00618
156000.0 162.58254
158000.0 170.95594
160000.0 123.29794
162000.0 149.01231
164000.0 184.79428
166000.0 192.60124
168000.0 159.58301
170000.0 113.41514
172000.0 157.59911
174000.0 165.60232
176000.0 137.70226
178000.0 140.63024
180000.0 190.5726
182000.0 147.10065
184000.0 153.37955
186000.0 184.50771
188000.0 162.46666
190000.0 195.0557
192000.0 179.56785
194000.0 166.05665
196000.0 180.43723
198000.0 171.94302
200000.0 130.99479
