0.0 -1203.1694
2000.0 -1355.0901
4000.0 -1441.1407
6000.0 -1480.4151
8000.0 -1477.3205
10000.0 -1459.4414
12000.0 -1471.7575
14000.0 -1478.4538
16000.0 -1464.8852
18000.0 -1466.9554
20000.0 -1477.5315
22000.0 -1468.6272
24000.0 -1464.8203
26000.0 -1474.8412
28000.0 -1473.0404
30000.0 -1464.6723
32000.0 -1471.9434
34000.0 -1474.2855
36000.0 -1466.1327
38000.0 -1468.963
40000.0 -1475.3911
42000.0 -1468.9158
44000.0 -1466.8609
46000.0 -1474.4154
48000.0 -1470.296
50000.0 -1467.2265
52000.0 -1476.9645
54000.0 -1470.3683
56000.0 -1467.6975
58000.0 -1477.4817
60000.0 -1469.839
62000.0 -1469.192
64000.0 -1479.1221
66000.0 -1472.6683
68000.0 -1468.8372
70000.0 -1471.3153
72000.0 -1475.2608
74000.0 -1466.8045
76000.0 -1470.655
78000.0 -1477.5398
80000.0 -1474.584
82000.0 -1469.1663
84000.0 -1470.18
86000.0 -1476.6057
88000.0 -1467.6088
90000.0 -1470.9316
92000.0 -1477.2007
94000.0 -1469.5657
96000.0 -1467.4433
98000.0 -1475.7827
100000.0 -1471.6362
102000.0 -1469.5186
104000.0 -1475.4293
106000.0 -1473.4812
108000.0 -1468.4804
110000.0 -1475.4235
112000.0 -1475.8391
114000.0 -1470.7186
116000.0 -1466.3033
118000.0 -1473.7954
120000.0 -1471.9293
122000.0 -1466.885
124000.0 -1470.8006
126000.0 -1476.7887
128000.0 -1474.1414
130000.0 -1468.7962
132000.0 -1472.1748
134000.0 -1475.4698
136000.0 -1468.303
138000.0 -1472.346
140000.0 -1478.4037
142000.0 -1468.6589
144000.0 -1469.34
146000.0 -1476.3173
148000.0 -1466.6638
150000.0 -1470.4279
152000.0 -1474.3368
154000.0 -1465.2837
156000.0 -1471.8003
158000.0 -1472.3047
160000.0 -1469.8913
162000.0 -1465.215
164000.0 -1470.1372
166000.0 -1473.2081
168000.0 -1462.5085
170000.0 -1467.088
172000.0 -1472.3409
174000.0 -1466.4482
176000.0 -1466.4995
178000.0 -1471.8049
180000.0 -1469.3188
182000.0 -1461.5007
184000.0 -1470.2493
186000.0 -1472.2477
188000.0 -1469.3281
190000.0 -1465.461
192000.0 -1473.8316
194000.0 -1469.3435
196000.0 -1461.0246
198000.0 -1466.5154
200000.0 -1472.6833
