0.0 1.8232527
2000.0 1.6457812
4000.0 1.6298858
6000.0 1.6332935
8000.0 1.6378458
10000.0 1.6356868
12000.0 1.6332889
14000.0 1.6368542
16000.0 1.6443321
18000.0 1.6302192
20000.0 1.6431437
22000.0 1.642545
24000.0 1.6487948
26000.0 1.6405481
28000.0 1.6424828
30000.0 1.635361
32000.0 1.6281521
34000.0 1.6386173
36000.0 1.6295877
38000.0 1.6499254
40000.0 1.6328549
42000.0 1.657337
44000.0 1.648554
46000.0 1.6383083
48000.0 1.6379318
50000.0 1.636133
52000.0 1.6379748
54000.0 1.6376659
56000.0 1.6420372
58000.0 1.6429134
60000.0 1.6407324
62000.0 1.6461674
64000.0 1.6391569
66000.0 1.6400572
68000.0 1.6445249
70000.0 1.6387722
72000.0 1.6588753
74000.0 1.6408013
76000.0 1.6327296
78000.0 1.6437006
80000.0 1.6446215
82000.0 1.6393035
84000.0 1.6456732
86000.0 1.6510779
88000.0 1.63582
90000.0 1.6483886
92000.0 1.6427874
94000.0 1.6461268
96000.0 1.6441128
98000.0 1.6461618
100000.0 1.654033
102000.0 1.6478162
104000.0 1.6517225
106000.0 1.6564344
108000.0 1.6362715
110000.0 1.6452983
112000.0 1.6430873
114000.0 1.6452764
116000.0 1.6376459
118000.0 1.6457065
120000.0 1.635151
122000.0 1.6420029
124000.0 1.6352796
126000.0 1.6463456
128000.0 1.6486939
130000.0 1.657923
132000.0 1.6383999
134000.0 1.6415469
136000.0 1.643029
138000.0 1.6611088
140000.0 1.6538001
142000.0 1.6432141
144000.0 1.6396763
146000.0 1.6475308
148000.0 1.6469225
150000.0 1.6426682
152000.0 1.64534
154000.0 1.6578519
156000.0 1.6449252
158000.0 1.6263546
160000.0 1.6327105
162000.0 1.6499883
164000.0 1.633486
166000.0 1.6417925
168000.0 1.6467364
170000.0 1.633835
172000.0 1.6263654
174000.0 1.6479336
176000.0 1.6437382
178000.0 1.6242924
180000.0 1.6447086
182000.0 1.6421856
184000.0 1.6448875
186000.0 1.626819
188000.0 1.6487155
190000.0 1.6487592
192000.0 1.640143
194000.0 1.6310629
196000.0 1.6340425
198000.0 1.6350814
200000.0 1.6433973
