0.0 463.03903
2000.0 205.85094
4000.0 265.61859
6000.0 304.79109
8000.0 324.68401
10000.0 375.09162
12000.0 411.02611
14000.0 401.034
16000.0 394.22068
18000.0 408.98761
20000.0 401.48397
22000.0 398.18291
24000.0 383.11567
26000.0 404.1522
28000.0 408.39714
30000.0 392.18944
32000.0 423.21805
34000.0 400.37077
36000.0 400.59962
38000.0 414.96949
40000.0 400.29623
42000.0 397.6333
44000.0 390.12744
46000.0 403.11168
48000.0 396.93113
50000.0 387.40743
52000.0 392.43443
54000.0 415.25258
56000.0 383.42083
58000.0 413.26433
60000.0 403.336
62000.0 403.71828
64000.0 397.85897
66000.0 403.96057
68000.0 405.7777
70000.0 395.41076
72000.0 408.59436
74000.0 388.75479
76000.0 402.68245
78000.0 413.1814
80000.0 388.90936
82000.0 388.93743
84000.0 389.15549
86000.0 412.46227
88000.0 405.55285
90000.0 405.39718
92000.0 405.28071
94000.0 394.43521
96000.0 395.831
98000.0 400.63453
100000.0 404.84235
102000.0 412.93492
104000.0 417.35984
106000.0 407.2924
108000.0 386.29542
110000.0 398.20593
112000.0 395.56534
114000.0 394.70915
116000.0 406.7088
118000.0 387.26689
120000.0 403.43184
122000.0 383.46712
124000.0 365.35577
126000.0 405.29831
128000.0 408.25531
130000.0 390.42378
132000.0 376.17119
134000.0 403.63015
136000.0 398.53943
138000.0 384.78677
140000.0 396.77735
142000.0 412.89582
144000.0 419.12861
146000.0 397.16428
148000.0 408.49016
150000.0 406.24483
152000.0 397.86615
154000.0 405.02798
156000.0 419.34079
158000.0 397.47538
160000.0 391.34637
162000.0 404.37529
164000.0 390.12352
166000.0 387.68002
168000.0 398.75451
170000.0 381.96791
172000.0 406.53355
174000.0 394.40693
176000.0 414.47603
178000.0 399.56311
180000.0 409.2025
182000.0 402.65725
184000.0 418.45487
186000.0 401.61955
188000.0 402.90135
190000.0 399.18112
192000.0 402.96902
194000.0 377.99328
196000.0 421.7819
198000.0 404.132
200000.0 394.63285
