0.0 -1666.2084
2000.0 -1457.0823
4000.0 -1476.5057
6000.0 -1486.5705
8000.0 -1469.2883
10000.0 -1478.2666
12000.0 -1483.0165
14000.0 -1476.3183
16000.0 -1475.2126
18000.0 -1485.9996
20000.0 -1478.8409
22000.0 -1474.8968
24000.0 -1475.5433
26000.0 -1474.9284
28000.0 -1479.1243
30000.0 -1472.3834
32000.0 -1472.5368
34000.0 -1474.7593
36000.0 -1481.9246
38000.0 -1466.9314
40000.0 -1481.5813
42000.0 -1481.6559
44000.0 -1479.4809
46000.0 -1460.6908
48000.0 -1481.4246
50000.0 -1478.1222
52000.0 -1466.1019
54000.0 -1476.7456
56000.0 -1475.3922
58000.0 -1478.9001
60000.0 -1468.1232
62000.0 -1476.4902
64000.0 -1476.3584
66000.0 -1470.955
68000.0 -1471.4486
70000.0 -1476.0716
72000.0 -1468.8509
74000.0 -1478.556
76000.0 -1485.0457
78000.0 -1470.4038
80000.0 -1466.6522
82000.0 -1474.7994
84000.0 -1484.9656
86000.0 -1470.3973
88000.0 -1473.897
90000.0 -1475.6404
92000.0 -1468.807
94000.0 -1465.5604
96000.0 -1469.2253
98000.0 -1483.8764
100000.0 -1476.6653
102000.0 -1473.6159
104000.0 -1484.6693
106000.0 -1475.0963
108000.0 -1473.108
110000.0 -1478.1389
112000.0 -1486.9152
114000.0 -1470.9795
116000.0 -1481.0016
118000.0 -1472.0567
120000.0 -1473.2701
122000.0 -1466.0895
124000.0 -1478.1725
126000.0 -1474.03
128000.0 -1470.4646
130000.0 -1477.6173
132000.0 -1481.3014
134000.0 -1467.39
136000.0 -1464.7715
138000.0 -1475.7728
140000.0 -1471.6806
142000.0 -1465.3649
144000.0 -1480.4693
146000.0 -1476.9744
148000.0 -1470.0992
150000.0 -1478.8318
152000.0 -1470.2855
154000.0 -1475.9757
156000.0 -1476.4124
158000.0 -1478.3112
160000.0 -1476.9202
162000.0 -1471.5717
164000.0 -1475.2633
166000.0 -1476.9323
168000.0 -1486.3512
170000.0 -1470.1647
172000.0 -1478.641
174000.0 -1479.3946
176000.0 -1474.9411
178000.0 -1476.0381
180000.0 -1477.039
182000.0 -1467.3654
184000.0 -1469.3234
186000.0 -1475.2932
188000.0 -1483.2903
190000.0 -1476.8614
192000.0 -1470.8056
194000.0 -1480.4847
196000.0 -1476.8096
198000.0 -1471.6721
200000.0 -1479.4424
