0.0 1.8232527
2000.0 1.608736
4000.0 1.5283782
6000.0 1.3870451
8000.0 1.228598
10000.0 1.093639
12000.0 0.99381584
14000.0 0.98766164
16000.0 1.0346039
18000.0 1.0211551
20000.0 1.0076099
22000.0 0.99451118
24000.0 0.97680867
26000.0 1.0159781
28000.0 1.0160731
30000.0 0.98747994
32000.0 1.0050993
34000.0 1.0156335
36000.0 1.0225668
38000.0 0.99317407
40000.0 0.97372341
42000.0 0.98920096
44000.0 1.0086399
46000.0 1.0189901
48000.0 1.0077224
50000.0 0.99091046
52000.0 1.0007633
54000.0 0.98987542
56000.0 1.0065488
58000.0 0.97668325
60000.0 0.96614422
62000.0 0.99079519
64000.0 0.99368176
66000.0 0.98934951
68000.0 0.9813854
70000.0 1.0131853
72000.0 1.0318197
74000.0 1.0084604
76000.0 1.0147561
78000.0 1.0180398
80000.0 0.97929664
82000.0 0.98900213
84000.0 1.0138577
86000.0 1.0081921
88000.0 0.99003193
90000.0 0.97460612
92000.0 1.0123225
94000.0 1.0206281
96000.0 1.023483
98000.0 0.99881326
100000.0 0.99671239
102000.0 0.99615406
104000.0 1.0267506
106000.0 1.0228585
108000.0 1.0255859
110000.0 1.0261159
112000.0 0.98457997
114000.0 0.99613187
116000.0 1.0330679
118000.0 1.0212545
120000.0 1.0246097
122000.0 0.97972512
124000.0 0.99765911
126000.0 1.0337464
128000.0 1.0269397
130000.0 1.0078728
132000.0 0.98239596
134000.0 0.96396042
136000.0 0.97720717
138000.0 1.0128365
140000.0 1.0279103
142000.0 1.0090601
144000.0 0.99845525
146000.0 1.0077814
148000.0 0.9902474
150000.0 0.99990018
152000.0 0.99048139
154000.0 0.97769637
156000.0 0.9968135
158000.0 1.0075331
160000.0 1.0221391
162000.0 1.0165447
164000.0 1.0142008
166000.0 1.0272257
168000.0 1.0395572
170000.0 1.015169
172000.0 0.99731033
174000.0 1.0003801
176000.0 1.0049176
178000.0 0.98674171
180000.0 0.98998829
182000.0 1.0069416
184000.0 0.98920954
186000.0 0.99719369
188000.0 0.98878671
190000.0 1.0285707
192000.0 1.0209958
194000.0 0.99759125
196000.0 0.99930609
198000.0 1.0085412
200000.0 0.99739479
