0.0 952.70177
2000.0 460.42592
4000.0 389.0458
6000.0 382.56227
8000.0 403.02559
10000.0 511.39658
12000.0 437.77027
14000.0 345.34819
16000.0 345.90447
18000.0 330.62397
20000.0 402.72767
22000.0 357.84894
24000.0 404.55697
26000.0 409.84983
28000.0 417.97475
30000.0 437.38725
32000.0 368.24401
34000.0 379.91239
36000.0 401.71252
38000.0 349.8395
40000.0 426.6707
42000.0 440.65551
44000.0 466.96248
46000.0 406.26905
48000.0 417.52983
50000.0 435.18074
52000.0 448.67209
54000.0 409.29858
56000.0 385.27764
58000.0 345.42813
60000.0 351.93402
62000.0 388.14017
64000.0 458.26144
66000.0 402.41099
68000.0 381.37079
70000.0 383.59411
72000.0 297.02788
74000.0 364.04252
76000.0 410.9808
78000.0 442.11588
80000.0 428.34933
82000.0 376.92034
84000.0 385.27205
86000.0 325.99111
88000.0 439.617
90000.0 371.36634
92000.0 406.93645
94000.0 394.80775
96000.0 447.88905
98000.0 380.29215
100000.0 363.18091
102000.0 404.76077
104000.0 394.65127
106000.0 351.72083
108000.0 378.0992
110000.0 396.87756
112000.0 375.25335
114000.0 354.29882
116000.0 354.13648
118000.0 380.02292
120000.0 431.98658
122000.0 382.93124
124000.0 331.80687
126000.0 371.11871
128000.0 381.92987
130000.0 418.88728
132000.0 404.32624
134000.0 479.0432
136000.0 419.01687
138000.0 374.46225
140000.0 393.67876
142000.0 400.69001
144000.0 390.59247
146000.0 409.67948
148000.0 382.27496
150000.0 412.26765
152000.0 376.39512
154000.0 511.86716
156000.0 391.29232
158000.0 353.68406
160000.0 351.99457
162000.0 311.92673
164000.0 413.46741
166000.0 379.72662
168000.0 390.58291
170000.0 363.16178
172000.0 386.70088
174000.0 388.91345
176000.0 373.39697
178000.0 384.71635
180000.0 434.89758
182000.0 386.14387
184000.0 378.01821
186000.0 374.22682
188000.0 415.23516
190000.0 333.12623
192000.0 398.19931
194000.0 372.92492
196000.0 400.45373
198000.0 371.87132
200000.0 419.97128
