0.0 1.8232527
2000.0 1.6183549
4000.0 1.569243
6000.0 1.4752038
8000.0 1.4172106
10000.0 1.3416689
12000.0 1.2678611
14000.0 1.2395063
16000.0 1.2619113
18000.0 1.2883811
20000.0 1.2691069
22000.0 1.2551614
24000.0 1.2637302
26000.0 1.2741132
28000.0 1.2538687
30000.0 1.2443999
32000.0 1.2529286
34000.0 1.2553374
36000.0 1.2346979
38000.0 1.2409155
40000.0 1.2390599
42000.0 1.2625745
44000.0 1.2412404
46000.0 1.253035
48000.0 1.2582204
50000.0 1.25846
52000.0 1.2444175
54000.0 1.2559786
56000.0 1.2502274
58000.0 1.256142
60000.0 1.2570307
62000.0 1.2414163
64000.0 1.2766568
66000.0 1.2646685
68000.0 1.257331
70000.0 1.2641923
72000.0 1.2751152
74000.0 1.2763538
76000.0 1.2630542
78000.0 1.2741251
80000.0 1.2693242
82000.0 1.2725158
84000.0 1.2552951
86000.0 1.2636118
88000.0 1.2730218
90000.0 1.2763844
92000.0 1.3006042
94000.0 1.2641348
96000.0 1.2514492
98000.0 1.2600229
100000.0 1.2514293
102000.0 1.2483336
104000.0 1.2558743
106000.0 1.2524293
108000.0 1.2552963
110000.0 1.2448089
112000.0 1.275803
114000.0 1.2450254
116000.0 1.2386083
118000.0 1.264914
120000.0 1.2553319
122000.0 1.2494899
124000.0 1.2523719
126000.0 1.2746168
128000.0 1.2671193
130000.0 1.2686293
132000.0 1.2355764
134000.0 1.2482642
136000.0 1.2513562
138000.0 1.2563375
140000.0 1.2394231
142000.0 1.2579718
144000.0 1.2448244
146000.0 1.2524957
148000.0 1.255874
150000.0 1.2511312
152000.0 1.2574198
154000.0 1.2440081
156000.0 1.2561226
158000.0 1.2691016
160000.0 1.2373547
162000.0 1.2583775
164000.0 1.243292
166000.0 1.2735324
168000.0 1.2654428
170000.0 1.2465606
172000.0 1.2606616
174000.0 1.2592971
176000.0 1.2505081
178000.0 1.2538376
180000.0 1.2578892
182000.0 1.2382666
184000.0 1.2506158
186000.0 1.2521006
188000.0 1.2663177
190000.0 1.2563966
192000.0 1.2505454
194000.0 1.2577835
196000.0 1.2478599
198000.0 1.2654768
200000.0 1.275233
