0.0 463.03903
2000.0 206.7594
4000.0 269.29745
6000.0 290.28765
8000.0 329.36651
10000.0 404.03761
12000.0 432.08539
14000.0 435.38386
16000.0 392.42284
18000.0 400.90822
20000.0 401.93776
22000.0 440.89343
24000.0 411.48617
26000.0 429.25888
28000.0 416.77516
30000.0 418.2616
32000.0 421.84463
34000.0 419.33523
36000.0 401.30519
38000.0 420.60903
40000.0 413.15657
42000.0 436.72397
44000.0 423.60188
46000.0 410.27212
48000.0 438.12966
50000.0 411.21233
52000.0 414.48176
54000.0 416.94052
56000.0 422.80471
58000.0 443.72124
60000.0 415.86079
62000.0 440.33117
64000.0 426.9585
66000.0 420.43113
68000.0 422.08762
70000.0 416.39682
72000.0 428.11667
74000.0 449.55895
76000.0 415.70898
78000.0 400.66694
80000.0 414.49446
82000.0 433.13145
84000.0 420.96346
86000.0 445.44245
88000.0 403.47969
90000.0 435.77669
92000.0 438.66782
94000.0 412.30943
96000.0 412.62861
98000.0 445.01498
100000.0 407.94825
102000.0 424.21083
104000.0 433.70809
106000.0 423.98398
108000.0 423.70175
110000.0 413.16002
112000.0 440.19647
114000.0 419.34696
116000.0 426.76703
118000.0 422.99162
120000.0 431.72572
122000.0 415.84032
124000.0 438.06261
126000.0 422.54113
128000.0 418.47795
130000.0 421.24152
132000.0 432.30841
134000.0 420.46869
136000.0 421.32742
138000.0 426.28648
140000.0 414.88778
142000.0 417.01879
144000.0 432.35938
146000.0 419.07627
148000.0 440.43279
150000.0 424.08806
152000.0 422.43923
154000.0 416.45782
156000.0 439.95722
158000.0 417.24932
160000.0 416.13579
162000.0 424.22531
164000.0 443.14604
166000.0 420.55139
168000.0 412.68499
170000.0 431.00509
172000.0 419.29675
174000.0 408.8489
176000.0 418.89118
178000.0 444.19075
180000.0 413.23991
182000.0 414.52451
184000.0 421.69089
186000.0 415.59624
188000.0 425.58604
190000.0 427.08603
192000.0 421.10766
194000.0 429.05164
196000.0 410.92683
198000.0 410.38296
200000.0 421.97843
