0.0 463.03903
2000.0 210.19551
4000.0 281.45533
6000.0 316.87763
8000.0 401.69815
10000.0 492.37681
12000.0 572.3
14000.0 632.18272
16000.0 584.07384
18000.0 564.13065
20000.0 582.12643
22000.0 599.62398
24000.0 573.70949
26000.0 568.34364
28000.0 583.44276
30000.0 595.62476
32000.0 588.69034
34000.0 578.14631
36000.0 578.1459
38000.0 594.64211
40000.0 570.74832
42000.0 589.04078
44000.0 585.65444
46000.0 613.64287
48000.0 579.65283
50000.0 561.77144
52000.0 576.31035
54000.0 582.74912
56000.0 572.49819
58000.0 558.38326
60000.0 577.68159
62000.0 579.52825
64000.0 585.4931
66000.0 563.53121
68000.0 566.9086
70000.0 583.52837
72000.0 574.34916
74000.0 556.79842
76000.0 558.62267
78000.0 563.56583
80000.0 589.66939
82000.0 565.92574
84000.0 594.00499
86000.0 576.59486
88000.0 566.34681
90000.0 594.99218
92000.0 596.45385
94000.0 577.67592
96000.0 567.6904
98000.0 608.86912
100000.0 580.83527
102000.0 553.38093
104000.0 587.28599
106000.0 571.06502
108000.0 587.71838
110000.0 579.79358
112000.0 575.66468
114000.0 578.45485
116000.0 552.20894
118000.0 580.30129
120000.0 610.66119
122000.0 576.72158
124000.0 582.19031
126000.0 621.99445
128000.0 571.96032
130000.0 572.28229
132000.0 538.1267
134000.0 586.45265
136000.0 581.59831
138000.0 577.40148
140000.0 570.59482
142000.0 604.16347
144000.0 568.80067
146000.0 586.14073
148000.0 566.17866
150000.0 564.10135
152000.0 591.01378
154000.0 592.50685
156000.0 573.92166
158000.0 566.93407
160000.0 579.36798
162000.0 605.55325
164000.0 584.53308
166000.0 583.65785
168000.0 613.87934
170000.0 572.44466
172000.0 584.14368
174000.0 567.06272
176000.0 580.7561
178000.0 566.038
180000.0 572.41464
182000.0 578.37585
184000.0 604.19343
186000.0 573.90645
188000.0 580.65918
190000.0 576.98604
192000.0 589.33819
194000.0 567.35037
196000.0 567.48344
198000.0 588.22068
200000.0 608.39949
