0.0 180.0
2000.0 58.371369
4000.0 47.654085
6000.0 44.621455
8000.0 45.107664
10000.0 47.949979
12000.0 44.609321
14000.0 46.174704
16000.0 46.37711
18000.0 44.718306
20000.0 44.27347
22000.0 44.676869
24000.0 45.114373
26000.0 42.553452
28000.0 45.695969
30000.0 45.922889
32000.0 44.447215
34000.0 44.987635
36000.0 44.221123
38000.0 44.625478
40000.0 45.046127
42000.0 47.08441
44000.0 45.667101
46000.0 42.411716
48000.0 44.446074
50000.0 44.413759
52000.0 45.73537
54000.0 46.747633
56000.0 45.910615
58000.0 44.922275
60000.0 45.990928
62000.0 46.833401
64000.0 45.776603
66000.0 44.130718
68000.0 43.017693
70000.0 44.969817
72000.0 43.418612
74000.0 45.080602
76000.0 45.769423
78000.0 44.337357
80000.0 45.129079
82000.0 45.36043
84000.0 44.54741
86000.0 46.378347
88000.0 45.303851
90000.0 43.944104
92000.0 46.459212
94000.0 45.649759
96000.0 44.390847
98000.0 45.721326
100000.0 45.290137
102000.0 44.993142
104000.0 44.614466
106000.0 47.126191
108000.0 43.979425
110000.0 45.788108
112000.0 44.93084
114000.0 44.781807
116000.0 42.765704
118000.0 46.274052
120000.0 45.014037
122000.0 43.010995
124000.0 45.840323
126000.0 44.9835
128000.0 45.100863
130000.0 45.018073
132000.0 46.888432
134000.0 44.055057
136000.0 44.705906
138000.0 45.66889
140000.0 44.451024
142000.0 43.853254
144000.0 44.489461
146000.0 45.262529
148000.0 42.647537
150000.0 44.459058
152000.0 46.964976
154000.0 46.226561
156000.0 44.620542
158000.0 45.384977
160000.0 44.387112
162000.0 44.266089
164000.0 44.814051
166000.0 43.811394
168000.0 44.480546
170000.0 44.833774
172000.0 45.18987
174000.0 43.838664
176000.0 45.933993
178000.0 45.341128
180000.0 42.83801
182000.0 43.867618
184000.0 43.740109
186000.0 44.762713
188000.0 44.214703
190000.0 45.642439
192000.0 46.190023
194000.0 44.466869
196000.0 45.439238
198000.0 44.942258
200000.0 45.132079
