0.0 -1666.2084
2000.0 -1436.3347
4000.0 -1438.6494
6000.0 -1449.4627
8000.0 -1433.3
10000.0 -1436.1508
12000.0 -1446.6182
14000.0 -1427.4841
16000.0 -1441.3692
18000.0 -1443.7491
20000.0 -1440.0449
22000.0 -1435.4699
24000.0 -1440.8101
26000.0 -1445.5642
28000.0 -1439.4741
30000.0 -1442.211
32000.0 -1441.9155
34000.0 -1443.8214
36000.0 -1451.1387
38000.0 -1439.1078
40000.0 -1433.3888
42000.0 -1450.8412
44000.0 -1436.091
46000.0 -1436.8829
48000.0 -1448.327
50000.0 -1449.4847
52000.0 -1436.0102
54000.0 -1437.8424
56000.0 -1447.1838
58000.0 -1438.9295
60000.0 -1436.2788
62000.0 -1443.2717
64000.0 -1436.4521
66000.0 -1437.2562
68000.0 -1439.3879
70000.0 -1442.9747
72000.0 -1441.4015
74000.0 -1432.6313
76000.0 -1440.3529
78000.0 -1446.0472
80000.0 -1438.2723
82000.0 -1437.5071
84000.0 -1443.5258
86000.0 -1439.4868
88000.0 -1437.7749
90000.0 -1422.5959
92000.0 -1443.6721
94000.0 -1442.3234
96000.0 -1431.2917
98000.0 -1435.0753
100000.0 -1439.2371
102000.0 -1434.6129
104000.0 -1435.3909
106000.0 -1445.4183
108000.0 -1438.7345
110000.0 -1440.6228
112000.0 -1434.7198
114000.0 -1437.4509
116000.0 -1437.4422
118000.0 -1435.3381
120000.0 -1441.0806
122000.0 -1444.7967
124000.0 -1440.4819
126000.0 -1429.4487
128000.0 -1428.6777
130000.0 -1444.726
132000.0 -1438.8762
134000.0 -1432.391
136000.0 -1443.7915
138000.0 -1441.109
140000.0 -1426.4073
142000.0 -1432.0511
144000.0 -1435.2226
146000.0 -1445.6673
148000.0 -1437.1529
150000.0 -1434.8988
152000.0 -1447.1984
154000.0 -1449.5708
156000.0 -1437.7591
158000.0 -1438.5556
160000.0 -1439.613
162000.0 -1432.7299
164000.0 -1435.5698
166000.0 -1450.1199
168000.0 -1446.9865
170000.0 -1437.1483
172000.0 -1437.4884
174000.0 -1448.6578
176000.0 -1439.7305
178000.0 -1443.0808
180000.0 -1449.7279
182000.0 -1452.5369
184000.0 -1434.6637
186000.0 -1436.6147
188000.0 -1442.7662
190000.0 -1450.9592
192000.0 -1436.971
194000.0 -1443.4732
196000.0 -1450.6711
198000.0 -1435.553
200000.0 -1438.1218
