0.0 952.70177
2000.0 453.62552
4000.0 400.38776
6000.0 347.74066
8000.0 399.87383
10000.0 418.23422
12000.0 456.34452
14000.0 378.62911
16000.0 418.67367
18000.0 373.73111
20000.0 386.11305
22000.0 384.77282
24000.0 420.93006
26000.0 400.22235
28000.0 436.58858
30000.0 427.65179
32000.0 392.80535
34000.0 400.55103
36000.0 418.48343
38000.0 353.65672
40000.0 366.25679
42000.0 459.63401
44000.0 432.50604
46000.0 411.6054
48000.0 431.65164
50000.0 449.09632
52000.0 314.33311
54000.0 411.88402
56000.0 434.67843
58000.0 348.88588
60000.0 403.08251
62000.0 352.27683
64000.0 357.28648
66000.0 439.78943
68000.0 471.57471
70000.0 420.5515
72000.0 302.75561
74000.0 376.40877
76000.0 388.35933
78000.0 386.80997
80000.0 341.42216
82000.0 395.79441
84000.0 355.94206
86000.0 371.36967
88000.0 436.71808
90000.0 358.86657
92000.0 391.83803
94000.0 396.81172
96000.0 373.03742
98000.0 505.13569
100000.0 343.76484
102000.0 379.55204
104000.0 415.20069
106000.0 428.68213
108000.0 387.97781
110000.0 461.45976
112000.0 549.32662
114000.0 407.85737
116000.0 392.54748
118000.0 396.99091
120000.0 441.94592
122000.0 370.90929
124000.0 368.87462
126000.0 371.83529
128000.0 376.75843
130000.0 337.26224
132000.0 390.7025
134000.0 439.48697
136000.0 393.7994
138000.0 358.75958
140000.0 474.03921
142000.0 441.22822
144000.0 368.97695
146000.0 494.06185
148000.0 398.57089
150000.0 368.0807
152000.0 408.19318
154000.0 377.99075
156000.0 362.11186
158000.0 351.54703
160000.0 384.20326
162000.0 412.52227
164000.0 450.57549
166000.0 463.21153
168000.0 356.4567
170000.0 415.73288
172000.0 382.65937
174000.0 442.09704
176000.0 334.1904
178000.0 407.61001
180000.0 322.06866
182000.0 425.27757
184000.0 400.05124
186000.0 423.20027
188000.0 350.82863
190000.0 330.42265
192000.0 437.30631
194000.0 323.23245
196000.0 482.40026
198000.0 397.80987
200000.0 400.69595
