0.0 1.8232527
2000.0 1.6410234
4000.0 1.6201923
6000.0 1.6130948
8000.0 1.625016
10000.0 1.6146496
12000.0 1.6118282
14000.0 1.6227845
16000.0 1.6299689
18000.0 1.6182599
20000.0 1.6124201
22000.0 1.6262578
24000.0 1.6275397
26000.0 1.6261942
28000.0 1.6256219
30000.0 1.6141611
32000.0 1.6273086
34000.0 1.6218325
36000.0 1.6253598
38000.0 1.6301523
40000.0 1.6163971
42000.0 1.6233488
44000.0 1.6204232
46000.0 1.6361644
48000.0 1.6237324
50000.0 1.609261
52000.0 1.6136475
54000.0 1.6201833
56000.0 1.6237083
58000.0 1.6383821
60000.0 1.6130019
62000.0 1.6331629
64000.0 1.6263923
66000.0 1.6201952
68000.0 1.6172616
70000.0 1.6218626
72000.0 1.607712
74000.0 1.6353711
76000.0 1.6262375
78000.0 1.6342643
80000.0 1.6243944
82000.0 1.6311708
84000.0 1.6306198
86000.0 1.6092659
88000.0 1.6221548
90000.0 1.6211489
92000.0 1.6145836
94000.0 1.6214763
96000.0 1.6266995
98000.0 1.6194058
100000.0 1.6106131
102000.0 1.6217333
104000.0 1.623551
106000.0 1.6268202
108000.0 1.6229685
110000.0 1.6277038
112000.0 1.6232353
114000.0 1.6131688
116000.0 1.627189
118000.0 1.626357
120000.0 1.625304
122000.0 1.6118263
124000.0 1.6320703
126000.0 1.6255957
128000.0 1.6190318
130000.0 1.6150877
132000.0 1.6193139
134000.0 1.6403955
136000.0 1.6245163
138000.0 1.625404
140000.0 1.6183042
142000.0 1.6193161
144000.0 1.6357808
146000.0 1.6165338
148000.0 1.6319664
150000.0 1.6299698
152000.0 1.6323346
154000.0 1.6439218
156000.0 1.6235939
158000.0 1.6256499
160000.0 1.6319618
162000.0 1.6242191
164000.0 1.6222011
166000.0 1.6261113
168000.0 1.626547
170000.0 1.6228743
172000.0 1.6333391
174000.0 1.6200012
176000.0 1.6236011
178000.0 1.6100605
180000.0 1.6322738
182000.0 1.6120077
184000.0 1.6145309
186000.0 1.6286301
188000.0 1.6165882
190000.0 1.6308706
192000.0 1.630748
194000.0 1.6252388
196000.0 1.627094
198000.0 1.6410511
200000.0 1.6268214
