0.0 952.70177
2000.0 379.2163
4000.0 429.07438
6000.0 385.1126
8000.0 280.7114
10000.0 443.4513
12000.0 432.27373
14000.0 338.56589
16000.0 394.978
18000.0 484.54832
20000.0 471.27961
22000.0 399.80872
24000.0 430.45273
26000.0 391.13562
28000.0 386.64046
30000.0 489.7441
32000.0 470.31318
34000.0 424.31962
36000.0 363.40609
38000.0 327.89861
40000.0 304.82148
42000.0 295.89722
44000.0 285.74472
46000.0 370.23523
48000.0 406.34289
50000.0 586.78739
52000.0 414.99741
54000.0 610.92228
56000.0 334.89081
58000.0 370.34164
60000.0 440.87032
62000.0 451.33981
64000.0 357.09385
66000.0 382.58951
68000.0 263.74752
70000.0 332.4814
72000.0 469.92454
74000.0 497.43813
76000.0 368.01894
78000.0 402.66388
80000.0 297.16001
82000.0 381.90751
84000.0 444.94244
86000.0 384.06578
88000.0 462.92241
90000.0 336.0351
92000.0 435.95718
94000.0 559.93065
96000.0 440.52074
98000.0 512.48935
100000.0 482.11389
102000.0 317.49438
104000.0 546.44988
106000.0 340.81103
108000.0 586.94512
110000.0 350.62258
112000.0 468.42836
114000.0 442.96418
116000.0 315.04454
118000.0 382.77526
120000.0 249.45979
122000.0 515.31466
124000.0 553.08741
126000.0 404.54553
128000.0 536.51066
130000.0 366.56105
132000.0 373.78739
134000.0 380.14882
136000.0 454.64878
138000.0 419.03581
140000.0 449.75126
142000.0 482.72722
144000.0 362.322
146000.0 482.26869
148000.0 446.90034
150000.0 428.53763
152000.0 524.92079
154000.0 495.64422
156000.0 500.60298
158000.0 479.88627
160000.0 530.20187
162000.0 428.03821
164000.0 469.79708
166000.0 534.17187
168000.0 363.90225
170000.0 276.19041
172000.0 377.51268
174000.0 475.12479
176000.0 281.57016
178000.0 435.37644
180000.0 416.82795
182000.0 575.38583
184000.0 408.96875
186000.0 390.07905
188000.0 407.92059
190000.0 383.21179
192000.0 392.7109
194000.0 354.46853
196000.0 287.33267
198000.0 300.62959
200000.0 248.75839
