0.0 952.70177
2000.0 365.98949
4000.0 277.64703
6000.0 384.79416
8000.0 298.64393
10000.0 418.37024
12000.0 452.38257
14000.0 343.30048
16000.0 426.19383
18000.0 356.76405
20000.0 514.18201
22000.0 385.43334
24000.0 393.25409
26000.0 371.91025
28000.0 266.6964
30000.0 441.93687
32000.0 344.18628
34000.0 378.84959
36000.0 455.4711
38000.0 443.72492
40000.0 337.70989
42000.0 457.02811
44000.0 442.25591
46000.0 416.67491
48000.0 541.14155
50000.0 450.66151
52000.0 424.71563
54000.0 528.86278
56000.0 429.3475
58000.0 396.17003
60000.0 459.324
62000.0 562.90688
64000.0 503.341
66000.0 452.2123
68000.0 279.94738
70000.0 481.67618
72000.0 406.39406
74000.0 388.81628
76000.0 244.93709
78000.0 291.61673
80000.0 435.69082
82000.0 323.88592
84000.0 417.18542
86000.0 355.44309
88000.0 341.82358
90000.0 516.18142
92000.0 448.38312
94000.0 396.47635
96000.0 266.47533
98000.0 384.1869
100000.0 248.12105
102000.0 336.74956
104000.0 631.55012
106000.0 354.24135
108000.0 477.19045
110000.0 331.58669
112000.0 397.00803
114000.0 283.1964
116000.0 353.49667
118000.0 278.06557
120000.0 345.41512
122000.0 347.03608
124000.0 362.75742
126000.0 490.39678
128000.0 359.71866
130000.0 319.85458
132000.0 279.30448
134000.0 300.7407
136000.0 396.68695
138000.0 432.02249
140000.0 423.84477
142000.0 295.38535
144000.0 563.88011
146000.0 396.03859
148000.0 425.90904
150000.0 413.69983
152000.0 445.58298
154000.0 407.4152
156000.0 277.53475
158000.0 427.49795
160000.0 288.59978
162000.0 486.08345
164000.0 410.35171
166000.0 491.64841
168000.0 384.8712
170000.0 493.49816
172000.0 338.30359
174000.0 339.47002
176000.0 511.53287
178000.0 345.65153
180000.0 512.43057
182000.0 425.52746
184000.0 396.90476
186000.0 358.59669
188000.0 461.05497
190000.0 453.02542
192000.0 404.60942
194000.0 426.92133
196000.0 511.61831
198000.0 427.38544
200000.0 520.48381
