0.0 952.70177
2000.0 420.9504
4000.0 509.48581
6000.0 438.13231
8000.0 450.01467
10000.0 454.13443
12000.0 473.15762
14000.0 432.18514
16000.0 372.94739
18000.0 412.20984
20000.0 404.50999
22000.0 458.93891
24000.0 339.30814
26000.0 397.55985
28000.0 469.99011
30000.0 391.12683
32000.0 406.095
34000.0 395.41926
36000.0 437.75569
38000.0 453.30856
40000.0 397.20689
42000.0 394.67832
44000.0 391.2889
46000.0 367.831
48000.0 365.75037
50000.0 321.75764
52000.0 449.99984
54000.0 381.46452
56000.0 457.26402
58000.0 366.36811
60000.0 534.06477
62000.0 319.42501
64000.0 364.40569
66000.0 389.43044
68000.0 407.93924
70000.0 435.408
72000.0 291.00433
74000.0 342.44686
76000.0 274.56532
78000.0 327.51072
80000.0 483.71824
82000.0 364.19619
84000.0 406.56489
86000.0 472.07811
88000.0 472.0551
90000.0 374.77065
92000.0 316.68206
94000.0 407.53988
96000.0 408.43714
98000.0 336.36203
100000.0 310.60588
102000.0 344.75466
104000.0 315.24538
106000.0 256.26587
108000.0 401.23019
110000.0 464.70697
112000.0 356.99879
114000.0 386.20033
116000.0 311.21905
118000.0 457.70659
120000.0 499.81051
122000.0 386.11642
124000.0 341.2136
126000.0 385.87666
128000.0 379.30449
130000.0 342.63068
132000.0 377.90227
134000.0 292.04244
136000.0 344.21143
138000.0 366.64908
140000.0 482.61857
142000.0 386.18547
144000.0 428.18829
146000.0 403.94414
148000.0 390.78677
150000.0 433.6017
152000.0 523.268
154000.0 351.62227
156000.0 367.80201
158000.0 339.47821
160000.0 400.12931
162000.0 421.39356
164000.0 455.76178
166000.0 459.12353
168000.0 374.0355
170000.0 418.21752
172000.0 388.57139
174000.0 437.10899
176000.0 325.44615
178000.0 453.99184
180000.0 370.67197
182000.0 393.04404
184000.0 300.23185
186000.0 436.73039
188000.0 413.06795
190000.0 454.94452
192000.0 366.58663
194000.0 372.10133
196000.0 495.69023
198000.0 341.51292
200000.0 432.38008
