0.0 1.8232527
2000.0 1.6201697
4000.0 1.573406
6000.0 1.488194
8000.0 1.4452889
10000.0 1.3591715
12000.0 1.3121169
14000.0 1.2793131
16000.0 1.266123
18000.0 1.3046609
20000.0 1.2905656
22000.0 1.2735798
24000.0 1.2659238
26000.0 1.289638
28000.0 1.3002359
30000.0 1.2696704
32000.0 1.2642663
34000.0 1.2775378
36000.0 1.2703798
38000.0 1.2620764
40000.0 1.2708581
42000.0 1.2796869
44000.0 1.272892
46000.0 1.2510397
48000.0 1.2725624
50000.0 1.3023728
52000.0 1.2914273
54000.0 1.3117279
56000.0 1.2647821
58000.0 1.2686307
60000.0 1.2936514
62000.0 1.2855544
64000.0 1.2878201
66000.0 1.2732783
68000.0 1.3046365
70000.0 1.283378
72000.0 1.2764971
74000.0 1.2689314
76000.0 1.2390855
78000.0 1.2571021
80000.0 1.2772781
82000.0 1.2844566
84000.0 1.2676879
86000.0 1.2890939
88000.0 1.294003
90000.0 1.2700496
92000.0 1.2552865
94000.0 1.2619627
96000.0 1.2804637
98000.0 1.265282
100000.0 1.2631456
102000.0 1.2802685
104000.0 1.2992138
106000.0 1.3079842
108000.0 1.3062378
110000.0 1.2824677
112000.0 1.2804515
114000.0 1.2891057
116000.0 1.2814232
118000.0 1.2733378
120000.0 1.2851733
122000.0 1.2784641
124000.0 1.2747837
126000.0 1.2828072
128000.0 1.2857829
130000.0 1.260132
132000.0 1.264315
134000.0 1.284693
136000.0 1.2726871
138000.0 1.2758836
140000.0 1.2646751
142000.0 1.2598189
144000.0 1.2679546
146000.0 1.2788267
148000.0 1.2755154
150000.0 1.2865761
152000.0 1.2738031
154000.0 1.2669054
156000.0 1.291833
158000.0 1.2829591
160000.0 1.2892483
162000.0 1.2818962
164000.0 1.2815273
166000.0 1.2754023
168000.0 1.2960799
170000.0 1.285875
172000.0 1.2815443
174000.0 1.2546072
176000.0 1.2745432
178000.0 1.2839424
180000.0 1.2676767
182000.0 1.2631377
184000.0 1.2840397
186000.0 1.2789488
188000.0 1.2725456
190000.0 1.2850097
192000.0 1.2922023
194000.0 1.2804567
196000.0 1.2740524
198000.0 1.272298
200000.0 1.2830311
