0.0 952.70177
2000.0 451.09858
4000.0 402.4572
6000.0 371.11097
8000.0 471.81744
10000.0 416.95316
12000.0 444.28103
14000.0 388.25547
16000.0 417.41896
18000.0 413.43346
20000.0 425.9733
22000.0 458.09645
24000.0 368.05708
26000.0 442.97613
28000.0 344.71398
30000.0 365.02171
32000.0 322.55368
34000.0 371.16769
36000.0 369.21817
38000.0 372.90266
40000.0 332.45497
42000.0 439.00828
44000.0 413.76492
46000.0 416.84473
48000.0 421.25638
50000.0 451.23453
52000.0 511.11962
54000.0 438.25831
56000.0 397.50924
58000.0 338.28534
60000.0 409.98875
62000.0 344.64851
64000.0 406.06937
66000.0 400.41371
68000.0 500.76745
70000.0 295.47109
72000.0 324.60654
74000.0 477.18933
76000.0 366.15114
78000.0 364.40964
80000.0 423.98232
82000.0 316.44849
84000.0 447.28199
86000.0 409.43102
88000.0 409.76945
90000.0 385.45451
92000.0 411.2006
94000.0 387.53197
96000.0 455.46878
98000.0 320.21081
100000.0 448.61288
102000.0 338.48189
104000.0 474.68516
106000.0 375.41857
108000.0 438.02824
110000.0 378.92479
112000.0 365.56702
114000.0 408.61337
116000.0 403.95452
118000.0 395.84028
120000.0 405.54136
122000.0 362.22092
124000.0 397.5884
126000.0 432.60306
128000.0 455.81215
130000.0 325.13551
132000.0 341.77206
134000.0 408.98153
136000.0 415.844
138000.0 405.35569
140000.0 430.2179
142000.0 420.9967
144000.0 340.50643
146000.0 374.49499
148000.0 423.93484
150000.0 334.89651
152000.0 452.23379
154000.0 450.23345
156000.0 442.45487
158000.0 433.13097
160000.0 329.60802
162000.0 365.95636
164000.0 401.47985
166000.0 421.15768
168000.0 468.52515
170000.0 411.58311
172000.0 416.47994
174000.0 304.90291
176000.0 457.06916
178000.0 479.1346
180000.0 391.82845
182000.0 409.1454
184000.0 430.84728
186000.0 417.39038
188000.0 518.61568
190000.0 306.95412
192000.0 353.41341
194000.0 395.27409
196000.0 368.43551
198000.0 407.58563
200000.0 376.1828
