0.0 463.03903
2000.0 212.47306
4000.0 280.47105
6000.0 340.69495
8000.0 421.55931
10000.0 560.99598
12000.0 654.22578
14000.0 702.35388
16000.0 674.88119
18000.0 655.69709
20000.0 649.00945
22000.0 691.61163
24000.0 671.68442
26000.0 649.87274
28000.0 660.74517
30000.0 674.03029
32000.0 651.98259
34000.0 637.69169
36000.0 688.11255
38000.0 664.67162
40000.0 638.4951
42000.0 665.56661
44000.0 686.61721
46000.0 673.67989
48000.0 690.43742
50000.0 622.06981
52000.0 669.99295
54000.0 684.32675
56000.0 638.65398
58000.0 637.18248
60000.0 720.1709
62000.0 679.77565
64000.0 665.81715
66000.0 675.67198
68000.0 671.3398
70000.0 632.32579
72000.0 683.43815
74000.0 700.77485
76000.0 644.17732
78000.0 662.35072
80000.0 665.35795
82000.0 671.9714
84000.0 608.51345
86000.0 659.97382
88000.0 664.80791
90000.0 675.19468
92000.0 636.93522
94000.0 676.64165
96000.0 689.45325
98000.0 682.35043
100000.0 706.33562
102000.0 677.3584
104000.0 669.02418
106000.0 658.90739
108000.0 701.57666
110000.0 672.28902
112000.0 691.99616
114000.0 658.11184
116000.0 677.55438
118000.0 678.31096
120000.0 649.8873
122000.0 665.59029
124000.0 665.51471
126000.0 695.26387
128000.0 687.71064
130000.0 661.58282
132000.0 639.70829
134000.0 675.23807
136000.0 664.50547
138000.0 646.6426
140000.0 678.03334
142000.0 680.36818
144000.0 651.61398
146000.0 642.1583
148000.0 680.20602
150000.0 690.9191
152000.0 654.0925
154000.0 684.79304
156000.0 691.55504
158000.0 659.6656
160000.0 672.21481
162000.0 676.51979
164000.0 663.15705
166000.0 650.92466
168000.0 621.0148
170000.0 657.03938
172000.0 671.50394
174000.0 652.16637
176000.0 686.85028
178000.0 636.89796
180000.0 623.53112
182000.0 654.74515
184000.0 680.50412
186000.0 666.80496
188000.0 664.70997
190000.0 672.49522
192000.0 649.87474
194000.0 636.52028
196000.0 654.92413
198000.0 682.7445
200000.0 685.5382
