0.0 -1203.1694
2000.0 -1163.0686
4000.0 -984.52667
6000.0 -775.79063
8000.0 -550.52209
10000.0 -327.95069
12000.0 -149.49886
14000.0 -118.37949
16000.0 -149.78552
18000.0 -166.46671
20000.0 -156.52663
22000.0 -173.57165
24000.0 -150.71928
26000.0 -87.033559
28000.0 -140.5876
30000.0 -195.76608
32000.0 -177.79784
34000.0 -111.37207
36000.0 -144.36276
38000.0 -147.7001
40000.0 -157.2533
42000.0 -178.67554
44000.0 -140.97309
46000.0 -112.31258
48000.0 -169.62592
50000.0 -173.56142
52000.0 -149.96746
54000.0 -127.51996
56000.0 -152.65735
58000.0 -156.68019
60000.0 -134.33485
62000.0 -148.24384
64000.0 -155.99784
66000.0 -151.14832
68000.0 -167.5378
70000.0 -140.84949
72000.0 -165.13752
74000.0 -162.79003
76000.0 -125.85953
78000.0 -157.28792
80000.0 -166.23219
82000.0 -134.17792
84000.0 -135.68222
86000.0 -168.41314
88000.0 -152.53429
90000.0 -185.56416
92000.0 -166.63483
94000.0 -157.44226
96000.0 -162.43155
98000.0 -202.98732
100000.0 -151.67943
102000.0 -166.2479
104000.0 -111.01561
106000.0 -134.61197
108000.0 -137.6314
110000.0 -181.43829
112000.0 -155.94312
114000.0 -154.90327
116000.0 -172.60555
118000.0 -135.02898
120000.0 -162.42122
122000.0 -209.27141
124000.0 -163.8885
126000.0 -157.72187
128000.0 -130.34746
130000.0 -129.19514
132000.0 -157.08436
134000.0 -134.83886
136000.0 -129.97295
138000.0 -168.18913
140000.0 -144.95944
142000.0 -163.34044
144000.0 -159.57806
146000.0 -153.40957
148000.0 -140.29997
150000.0 -159.90272
152000.0 -161.43974
154000.0 -131.77676
156000.0 -139.60473
158000.0 -171.11317
160000.0 -173.25367
162000.0 -156.56984
164000.0 -137.87859
166000.0 -129.96382
168000.0 -153.26446
170000.0 -176.31793
172000.0 -158.10421
174000.0 -140.40899
176000.0 -158.20943
178000.0 -146.18517
180000.0 -178.30565
182000.0 -154.84789
184000.0 -133.16079
186000.0 -175.64123
188000.0 -154.88009
190000.0 -153.99976
192000.0 -168.64971
194000.0 -171.18882
196000.0 -180.22929
198000.0 -143.97265
200000.0 -168.68906
