0.0 1.8232527
2000.0 1.6077899
4000.0 1.5227612
6000.0 1.3890229
8000.0 1.2196876
10000.0 1.0771049
12000.0 0.9722744
14000.0 0.91757993
16000.0 0.95268707
18000.0 0.99147672
20000.0 0.97574906
22000.0 0.9460451
24000.0 0.94909849
26000.0 0.94972461
28000.0 0.94713766
30000.0 0.94655109
32000.0 0.93529584
34000.0 0.94651928
36000.0 0.93483682
38000.0 0.9674659
40000.0 0.94894432
42000.0 0.95799858
44000.0 0.95410779
46000.0 0.93614849
48000.0 0.96247837
50000.0 0.97803227
52000.0 0.96544076
54000.0 0.95042964
56000.0 0.95059191
58000.0 0.95676016
60000.0 0.99536102
62000.0 0.94753236
64000.0 0.93390252
66000.0 0.97254352
68000.0 0.9565127
70000.0 0.95171873
72000.0 0.92365662
74000.0 0.92979492
76000.0 0.96546157
78000.0 0.95041238
80000.0 0.92605877
82000.0 0.94240541
84000.0 0.9680739
86000.0 0.96406179
88000.0 0.9850408
90000.0 0.95660127
92000.0 0.95657812
94000.0 0.95210423
96000.0 0.95538347
98000.0 0.95785216
100000.0 0.94935004
102000.0 0.97281067
104000.0 0.95527325
106000.0 0.96778511
108000.0 0.97112195
110000.0 0.97508871
112000.0 0.97032263
114000.0 0.92398629
116000.0 0.95366286
118000.0 0.97813732
120000.0 0.97065927
122000.0 0.97317701
124000.0 0.9503156
126000.0 0.94962881
128000.0 0.97125777
130000.0 0.97706628
132000.0 0.96148414
134000.0 0.94742913
136000.0 0.94089443
138000.0 0.93429275
140000.0 0.95201317
142000.0 0.98362529
144000.0 0.99217437
146000.0 0.96881476
148000.0 0.93345418
150000.0 0.94913867
152000.0 0.96237819
154000.0 0.96779541
156000.0 0.94094833
158000.0 0.92369782
160000.0 0.97291238
162000.0 0.9832921
164000.0 0.9537287
166000.0 0.94961283
168000.0 0.95418534
170000.0 0.95962932
172000.0 0.92675258
174000.0 0.94502723
176000.0 0.93968793
178000.0 0.96619201
180000.0 0.98795666
182000.0 0.95875929
184000.0 0.9479815
186000.0 0.97696968
188000.0 0.97788068
190000.0 0.95021052
192000.0 0.93608291
194000.0 0.94786897
196000.0 0.96455667
198000.0 0.9646592
200000.0 0.95619133
