0.0 463.03903
2000.0 202.41986
4000.0 253.66846
6000.0 278.12507
8000.0 277.39646
10000.0 302.4409
12000.0 313.95562
14000.0 330.76269
16000.0 323.0364
18000.0 316.40543
20000.0 320.139
22000.0 326.36533
24000.0 317.74293
26000.0 325.42204
28000.0 324.62382
30000.0 313.21931
32000.0 320.85378
34000.0 331.43923
36000.0 321.35868
38000.0 305.30601
40000.0 308.3382
42000.0 300.33543
44000.0 324.04873
46000.0 305.49809
48000.0 325.38121
50000.0 322.06162
52000.0 325.21316
54000.0 304.52754
56000.0 310.04048
58000.0 319.2509
60000.0 333.54748
62000.0 322.54991
64000.0 320.30143
66000.0 319.3947
68000.0 334.42708
70000.0 318.15517
72000.0 321.80658
74000.0 326.9005
76000.0 320.71836
78000.0 328.28969
80000.0 346.15357
82000.0 317.88686
84000.0 333.96869
86000.0 319.92535
88000.0 318.1644
90000.0 327.89078
92000.0 326.67268
94000.0 315.87591
96000.0 327.61646
98000.0 327.81232
100000.0 309.61034
102000.0 336.0263
104000.0 316.28163
106000.0 330.83575
108000.0 328.59459
110000.0 322.38539
112000.0 312.13902
114000.0 306.52837
116000.0 315.31864
118000.0 310.84152
120000.0 310.0973
122000.0 324.09208
124000.0 324.44786
126000.0 312.02159
128000.0 324.39992
130000.0 330.61552
132000.0 309.59136
134000.0 326.03631
136000.0 327.75502
138000.0 322.61733
140000.0 316.13777
142000.0 326.3611
144000.0 326.36468
146000.0 320.60744
148000.0 315.79955
150000.0 319.58552
152000.0 314.60791
154000.0 332.4024
156000.0 322.96852
158000.0 312.29474
160000.0 321.90229
162000.0 317.09899
164000.0 311.23321
166000.0 302.26155
168000.0 313.65296
170000.0 316.75037
172000.0 310.21543
174000.0 314.27697
176000.0 317.55341
178000.0 331.78665
180000.0 320.5825
182000.0 297.51877
184000.0 338.05507
186000.0 323.41412
188000.0 305.83016
190000.0 322.71114
192000.0 311.07509
194000.0 311.50424
196000.0 303.55412
198000.0 330.41819
200000.0 322.24296
