0.0 1.8232527
2000.0 1.6036011
4000.0 1.495474
6000.0 1.3182303
8000.0 1.14447
10000.0 0.96551271
12000.0 0.80223924
14000.0 0.74032116
16000.0 0.7750253
18000.0 0.81040602
20000.0 0.76632519
22000.0 0.74414504
24000.0 0.77818616
26000.0 0.77317513
28000.0 0.74377082
30000.0 0.75235143
32000.0 0.77771221
34000.0 0.78897047
36000.0 0.76349932
38000.0 0.75244242
40000.0 0.76313453
42000.0 0.79423478
44000.0 0.78435553
46000.0 0.7568318
48000.0 0.77243397
50000.0 0.77591186
52000.0 0.77312235
54000.0 0.76134674
56000.0 0.74913238
58000.0 0.7524169
60000.0 0.75544643
62000.0 0.76566617
64000.0 0.78105446
66000.0 0.75720293
68000.0 0.76404833
70000.0 0.75739614
72000.0 0.73254138
74000.0 0.76789673
76000.0 0.78567975
78000.0 0.74475395
80000.0 0.76438359
82000.0 0.76574045
84000.0 0.77551348
86000.0 0.73379743
88000.0 0.76841098
90000.0 0.75628624
92000.0 0.74719626
94000.0 0.77787175
96000.0 0.77102306
98000.0 0.75943043
100000.0 0.75879764
102000.0 0.76090156
104000.0 0.74526964
106000.0 0.75486112
108000.0 0.78599604
110000.0 0.7601148
112000.0 0.72444063
114000.0 0.73809874
116000.0 0.74630031
118000.0 0.7535569
120000.0 0.7564229
122000.0 0.76469709
124000.0 0.75223598
126000.0 0.73478029
128000.0 0.74098426
130000.0 0.76969543
132000.0 0.77010233
134000.0 0.78081526
136000.0 0.76051838
138000.0 0.78816633
140000.0 0.7524304
142000.0 0.77157422
144000.0 0.76234397
146000.0 0.76822118
148000.0 0.76227086
150000.0 0.77569514
152000.0 0.77372774
154000.0 0.7675029
156000.0 0.74984382
158000.0 0.76337456
160000.0 0.76532415
162000.0 0.7428805
164000.0 0.78332337
166000.0 0.76933933
168000.0 0.7640031
170000.0 0.75519486
172000.0 0.79682743
174000.0 0.75120295
176000.0 0.75051826
178000.0 0.76591775
180000.0 0.80489787
182000.0 0.76251039
184000.0 0.76002311
186000.0 0.77483495
188000.0 0.77011137
190000.0 0.73726483
192000.0 0.72963247
194000.0 0.75667241
196000.0 0.76785097
198000.0 0.74707153
200000.0 0.74991208
