0.0 463.03903
2000.0 208.9494
4000.0 284.65531
6000.0 310.94426
8000.0 373.95931
10000.0 471.29393
12000.0 519.18153
14000.0 523.74745
16000.0 522.23002
18000.0 486.95683
20000.0 513.19621
22000.0 500.14923
24000.0 518.34141
26000.0 516.21479
28000.0 515.61724
30000.0 537.85853
32000.0 502.31149
34000.0 496.38278
36000.0 525.57009
38000.0 517.26634
40000.0 538.17034
42000.0 514.03216
44000.0 521.63737
46000.0 536.18087
48000.0 542.25989
50000.0 521.88804
52000.0 499.1878
54000.0 528.15005
56000.0 517.61205
58000.0 495.96699
60000.0 517.13205
62000.0 533.19325
64000.0 548.74285
66000.0 484.65775
68000.0 534.98853
70000.0 538.46289
72000.0 510.00994
74000.0 517.39133
76000.0 523.65056
78000.0 521.54805
80000.0 526.94376
82000.0 530.45275
84000.0 518.46701
86000.0 501.5513
88000.0 514.51876
90000.0 493.81378
92000.0 519.24424
94000.0 523.88655
96000.0 510.49906
98000.0 533.91475
100000.0 549.49074
102000.0 517.03786
104000.0 511.0691
106000.0 539.13468
108000.0 494.05987
110000.0 540.60541
112000.0 497.4031
114000.0 514.22997
116000.0 523.98139
118000.0 525.66404
120000.0 504.59733
122000.0 500.33968
124000.0 524.32823
126000.0 503.42078
128000.0 499.58815
130000.0 514.0526
132000.0 503.5722
134000.0 507.53106
136000.0 503.02254
138000.0 519.13876
140000.0 522.73288
142000.0 515.2853
144000.0 505.95798
146000.0 528.67171
148000.0 531.2733
150000.0 496.34717
152000.0 504.49897
154000.0 542.84173
156000.0 550.29091
158000.0 516.25456
160000.0 505.85786
162000.0 510.15932
164000.0 510.90832
166000.0 501.38802
168000.0 509.95903
170000.0 505.20991
172000.0 522.503
174000.0 530.60194
176000.0 506.67642
178000.0 491.65355
180000.0 497.11012
182000.0 511.61178
184000.0 514.35286
186000.0 490.95775
188000.0 497.13186
190000.0 519.02897
192000.0 513.75392
194000.0 541.90008
196000.0 517.47821
198000.0 525.14613
200000.0 514.45548
