0.0 31434.82
8000.0 35558.892
16000.0 35399.958
24000.0 36174.048
32000.0 37224.385
40000.0 38160.816
48000.0 39749.818
56000.0 42269.419
64000.0 43568.316
72000.0 45682.268
80000.0 47584.075
88000.0 49997.925
96000.0 52611.149
104000.0 55163.504
112000.0 58036.7
120000.0 60579.859
128000.0 62274.424
136000.0 63170.774
144000.0 63138.781
152000.0 62190.845
160000.0 60904.806
168000.0 59796.603
176000.0 59076.343
184000.0 58585.847
192000.0 59331.411
200000.0 59547.118
208000.0 60332.01
216000.0 62376.519
224000.0 62132.468
232000.0 61656.822
240000.0 62561.441
248000.0 61125.206
256000.0 58887.643
264000.0 60340.785
272000.0 59052.582
280000.0 59025.074
288000.0 60865.54
296000.0 59956.168
304000.0 60949.235
312000.0 61644.215
320000.0 60419.68
328000.0 60464.779
336000.0 60972.185
344000.0 59684.292
352000.0 59293.69
360000.0 60761.105
368000.0 59974.488
376000.0 60106.942
384000.0 62006.737
392000.0 60817.036
400000.0 61588.459
408000.0 61240.104
416000.0 59191.187
424000.0 60785.125
432000.0 60237.494
440000.0 59464.442
448000.0 61238.052
456000.0 60637.322
464000.0 60975.407
472000.0 61392.612
480000.0 59782.289
488000.0 59819.646
496000.0 60511.288
504000.0 58914.72
512000.0 60688.127
520000.0 60688.095
528000.0 60791.256
536000.0 61898.13
544000.0 61282.567
552000.0 61171.083
560000.0 60922.018
568000.0 59986.816
576000.0 59540.028
584000.0 59840.955
592000.0 59739.031
600000.0 59543.388
608000.0 61702.109
616000.0 61615.401
624000.0 61370.353
632000.0 62194.631
640000.0 60936.207
648000.0 61382.16
656000.0 60327.808
664000.0 60407.346
672000.0 61240.595
680000.0 59573.277
688000.0 60545.526
696000.0 60266.93
704000.0 57888.916
712000.0 59629.733
720000.0 58854.167
728000.0 58339.725
736000.0 60703.429
744000.0 60823.688
752000.0 60884.728
760000.0 60976.073
768000.0 61263.217
776000.0 60891.116
784000.0 58811.206
792000.0 58804.643
800000.0 60432.234
