0.0 -1203.1694
2000.0 -1175.9102
4000.0 -1027.7962
6000.0 -866.42234
8000.0 -703.49466
10000.0 -551.05276
12000.0 -439.71609
14000.0 -427.40453
16000.0 -450.80902
18000.0 -459.19382
20000.0 -469.58141
22000.0 -433.2322
24000.0 -460.79544
26000.0 -480.46698
28000.0 -463.55438
30000.0 -466.92175
32000.0 -457.32792
34000.0 -447.87204
36000.0 -460.31409
38000.0 -462.74669
40000.0 -441.31087
42000.0 -458.52206
44000.0 -458.26432
46000.0 -460.08519
48000.0 -465.84088
50000.0 -461.03001
52000.0 -435.08803
54000.0 -445.01106
56000.0 -481.21662
58000.0 -475.85511
60000.0 -449.18959
62000.0 -475.0921
64000.0 -447.01103
66000.0 -436.73204
68000.0 -432.38176
70000.0 -455.90751
72000.0 -487.57131
74000.0 -477.50641
76000.0 -461.8127
78000.0 -476.62326
80000.0 -443.10688
82000.0 -462.76578
84000.0 -466.49498
86000.0 -445.57291
88000.0 -428.54178
90000.0 -452.58159
92000.0 -473.18591
94000.0 -463.17338
96000.0 -460.20416
98000.0 -434.64718
100000.0 -452.60536
102000.0 -485.65741
104000.0 -460.65338
106000.0 -450.34943
108000.0 -483.14456
110000.0 -465.93282
112000.0 -452.28226
114000.0 -469.06118
116000.0 -497.36569
118000.0 -495.56798
120000.0 -458.82759
122000.0 -457.7597
124000.0 -467.04687
126000.0 -469.02986
128000.0 -433.29833
130000.0 -455.424
132000.0 -469.23096
134000.0 -443.59538
136000.0 -430.29355
138000.0 -473.79899
140000.0 -463.63009
142000.0 -431.07771
144000.0 -443.82982
146000.0 -472.81804
148000.0 -463.29307
150000.0 -449.05474
152000.0 -464.95253
154000.0 -482.42604
156000.0 -464.7338
158000.0 -431.02523
160000.0 -426.98245
162000.0 -462.44304
164000.0 -481.78191
166000.0 -447.20115
168000.0 -462.58792
170000.0 -480.66261
172000.0 -486.4079
174000.0 -455.18666
176000.0 -450.50805
178000.0 -467.22504
180000.0 -448.65511
182000.0 -445.55791
184000.0 -458.57953
186000.0 -459.9967
188000.0 -441.9547
190000.0 -444.27807
192000.0 -477.73664
194000.0 -456.57737
196000.0 -447.64565
198000.0 -466.62005
200000.0 -483.83567
