0.0 -1203.1694
2000.0 -1149.4329
4000.0 -942.043
6000.0 -685.22538
8000.0 -380.68168
10000.0 -54.164181
12000.0 227.59435
14000.0 358.6223
16000.0 337.78435
18000.0 273.05483
20000.0 302.61353
22000.0 332.86491
24000.0 285.01558
26000.0 274.10337
28000.0 324.29143
30000.0 319.72273
32000.0 301.0688
34000.0 282.92748
36000.0 331.90044
38000.0 290.45325
40000.0 297.56273
42000.0 340.54455
44000.0 324.46576
46000.0 307.96257
48000.0 326.09093
50000.0 330.38559
52000.0 312.96292
54000.0 292.8148
56000.0 297.6784
58000.0 315.7586
60000.0 323.29347
62000.0 284.00877
64000.0 251.83251
66000.0 339.56499
68000.0 314.20309
70000.0 273.30879
72000.0 315.99816
74000.0 315.12748
76000.0 302.63693
78000.0 300.9173
80000.0 353.42513
82000.0 302.05883
84000.0 268.2524
86000.0 314.82307
88000.0 345.5596
90000.0 299.7341
92000.0 310.15292
94000.0 279.95312
96000.0 270.26407
98000.0 316.7248
100000.0 286.81584
102000.0 262.47839
104000.0 314.76828
106000.0 301.45234
108000.0 343.40151
110000.0 344.84151
112000.0 302.36318
114000.0 327.98148
116000.0 318.34736
118000.0 306.87215
120000.0 305.10621
122000.0 321.21972
124000.0 280.88714
126000.0 267.60045
128000.0 326.78849
130000.0 314.12688
132000.0 269.92898
134000.0 330.6539
136000.0 318.50181
138000.0 276.21496
140000.0 279.84156
142000.0 288.35848
144000.0 300.06549
146000.0 293.06612
148000.0 348.63642
150000.0 283.80425
152000.0 309.59539
154000.0 323.49914
156000.0 311.59467
158000.0 289.58066
160000.0 332.49233
162000.0 292.62151
164000.0 297.2427
166000.0 283.58555
168000.0 351.94365
170000.0 302.89878
172000.0 296.11241
174000.0 321.17133
176000.0 336.92991
178000.0 294.55415
180000.0 282.98066
182000.0 312.55903
184000.0 323.41852
186000.0 360.0335
188000.0 312.57846
190000.0 302.68818
192000.0 339.73003
194000.0 320.17971
196000.0 275.82477
198000.0 314.01226
200000.0 342.66119
