0.0 1.8232527
2000.0 1.6063073
4000.0 1.5143525
6000.0 1.3574696
8000.0 1.1944947
10000.0 1.0279239
12000.0 0.91986168
14000.0 0.8527489
16000.0 0.8870295
18000.0 0.90126719
20000.0 0.90050275
22000.0 0.94238165
24000.0 0.88714437
26000.0 0.84237263
28000.0 0.87424731
30000.0 0.93683934
32000.0 0.89821911
34000.0 0.8692373
36000.0 0.86530241
38000.0 0.87431386
40000.0 0.88005191
42000.0 0.90694607
44000.0 0.88125061
46000.0 0.87747845
48000.0 0.89965101
50000.0 0.92399636
52000.0 0.91199637
54000.0 0.87635757
56000.0 0.88499051
58000.0 0.89048518
60000.0 0.87116443
62000.0 0.85302708
64000.0 0.88373214
66000.0 0.88456882
68000.0 0.9279578
70000.0 0.88108312
72000.0 0.88515793
74000.0 0.89392176
76000.0 0.88029403
78000.0 0.87642267
80000.0 0.91800961
82000.0 0.85938079
84000.0 0.88047858
86000.0 0.88141016
88000.0 0.89602763
90000.0 0.90074175
92000.0 0.92067678
94000.0 0.88717065
96000.0 0.93138506
98000.0 0.91239906
100000.0 0.90284621
102000.0 0.86569962
104000.0 0.87197742
106000.0 0.87530924
108000.0 0.89104313
110000.0 0.91475384
112000.0 0.89346945
114000.0 0.88686376
116000.0 0.87554316
118000.0 0.87734624
120000.0 0.88757224
122000.0 0.91869335
124000.0 0.91530868
126000.0 0.89420893
128000.0 0.85424459
130000.0 0.86153024
132000.0 0.88010493
134000.0 0.8676901
136000.0 0.8764222
138000.0 0.88401388
140000.0 0.89291351
142000.0 0.88266749
144000.0 0.87432394
146000.0 0.88163105
148000.0 0.89030118
150000.0 0.8717097
152000.0 0.90573756
154000.0 0.86428471
156000.0 0.86491699
158000.0 0.90585751
160000.0 0.88739499
162000.0 0.87020727
164000.0 0.87031266
166000.0 0.8841351
168000.0 0.89668374
170000.0 0.89511347
172000.0 0.88565682
174000.0 0.85351914
176000.0 0.9034315
178000.0 0.91429575
180000.0 0.88885113
182000.0 0.89289108
184000.0 0.88188766
186000.0 0.89994692
188000.0 0.91593488
190000.0 0.8855271
192000.0 0.89092847
194000.0 0.91231129
196000.0 0.90199238
198000.0 0.88871644
200000.0 0.89653972
