0.0 952.70177
8000.0 285.82886
16000.0 319.00076
24000.0 229.09671
32000.0 422.38412
40000.0 440.68542
48000.0 322.56668
56000.0 310.89096
64000.0 454.47978
72000.0 327.54429
80000.0 326.28424
88000.0 381.86779
96000.0 587.42004
104000.0 455.06266
112000.0 405.5604
120000.0 314.49849
128000.0 430.08776
136000.0 378.34317
144000.0 611.40674
152000.0 432.62899
160000.0 357.12609
168000.0 380.73545
176000.0 357.28725
184000.0 353.12066
192000.0 348.89641
200000.0 402.4697
208000.0 299.38887
216000.0 386.36486
224000.0 399.11485
232000.0 347.11578
240000.0 367.82987
248000.0 314.66667
256000.0 506.67109
264000.0 373.94553
272000.0 455.564
280000.0 431.93486
288000.0 379.14012
296000.0 362.74574
304000.0 384.14436
312000.0 551.03048
320000.0 377.67071
328000.0 344.02484
336000.0 413.8695
344000.0 317.56088
352000.0 463.5542
360000.0 416.79271
368000.0 304.06084
376000.0 411.12772
384000.0 326.02531
392000.0 385.45908
400000.0 432.6455
408000.0 343.88608
416000.0 427.95521
424000.0 408.80109
432000.0 269.32657
440000.0 387.27732
448000.0 406.95747
456000.0 310.08563
464000.0 320.2705
472000.0 326.26666
480000.0 466.74289
488000.0 418.29767
496000.0 755.43346
504000.0 353.21894
512000.0 431.59035
520000.0 348.24755
528000.0 400.26631
536000.0 399.32553
544000.0 332.01461
552000.0 549.2856
560000.0 232.14151
568000.0 436.02591
576000.0 331.8358
584000.0 457.99181
592000.0 440.09061
600000.0 273.92784
608000.0 457.48135
616000.0 406.91664
624000.0 429.17163
632000.0 457.98443
640000.0 459.316
648000.0 499.00961
656000.0 496.52384
664000.0 523.7004
672000.0 295.19717
680000.0 332.61915
688000.0 568.73715
696000.0 382.45186
704000.0 410.58036
712000.0 335.87712
720000.0 351.40451
728000.0 419.77262
736000.0 391.76615
744000.0 308.77514
752000.0 348.41827
760000.0 388.16603
768000.0 397.1847
776000.0 392.41949
784000.0 339.98109
792000.0 406.84211
800000.0 485.14575
