0.0 -1203.1694
2000.0 -1167.9555
4000.0 -1001.168
6000.0 -809.20526
8000.0 -614.11972
10000.0 -418.48498
12000.0 -269.62
14000.0 -233.75244
16000.0 -268.75724
18000.0 -323.52557
20000.0 -307.42562
22000.0 -265.16072
24000.0 -268.66049
26000.0 -301.66562
28000.0 -276.50775
30000.0 -251.02497
32000.0 -298.92284
34000.0 -291.42178
36000.0 -279.0488
38000.0 -291.73149
40000.0 -293.56953
42000.0 -257.56951
44000.0 -257.87252
46000.0 -299.29949
48000.0 -269.60883
50000.0 -274.04923
52000.0 -296.78138
54000.0 -301.09336
56000.0 -270.77178
58000.0 -279.67409
60000.0 -301.42165
62000.0 -281.27948
64000.0 -259.06801
66000.0 -295.57668
68000.0 -283.06294
70000.0 -244.62316
72000.0 -283.1664
74000.0 -286.46809
76000.0 -310.39354
78000.0 -321.42807
80000.0 -280.94156
82000.0 -274.86771
84000.0 -304.21381
86000.0 -287.47689
88000.0 -263.97232
90000.0 -250.48915
92000.0 -272.0308
94000.0 -295.05907
96000.0 -265.64619
98000.0 -270.54968
100000.0 -269.90753
102000.0 -298.12116
104000.0 -275.60339
106000.0 -298.62184
108000.0 -336.90696
110000.0 -305.47564
112000.0 -288.26622
114000.0 -279.39319
116000.0 -295.27532
118000.0 -269.48937
120000.0 -297.52287
122000.0 -295.20482
124000.0 -271.08339
126000.0 -257.03366
128000.0 -289.04232
130000.0 -271.77903
132000.0 -259.80081
134000.0 -298.05008
136000.0 -281.62927
138000.0 -270.77013
140000.0 -248.29555
142000.0 -277.18819
144000.0 -299.21216
146000.0 -264.19242
148000.0 -246.49854
150000.0 -271.0705
152000.0 -271.34742
154000.0 -303.30779
156000.0 -271.17121
158000.0 -230.82342
160000.0 -264.68123
162000.0 -284.27145
164000.0 -306.27888
166000.0 -267.61768
168000.0 -297.8304
170000.0 -287.97584
172000.0 -293.7208
174000.0 -297.05826
176000.0 -291.42123
178000.0 -263.70375
180000.0 -284.23091
182000.0 -313.61995
184000.0 -266.23909
186000.0 -298.56428
188000.0 -273.10248
190000.0 -242.53981
192000.0 -283.78128
194000.0 -291.30435
196000.0 -281.13283
198000.0 -271.94135
200000.0 -292.99579
