0.0 1.8232527
2000.0 1.6024572
4000.0 1.4754362
6000.0 1.2841423
8000.0 1.0933839
10000.0 0.86905196
12000.0 0.68017052
14000.0 0.57393846
16000.0 0.596945
18000.0 0.61797729
20000.0 0.60737425
22000.0 0.58172968
24000.0 0.58935303
26000.0 0.61022009
28000.0 0.58428012
30000.0 0.58874734
32000.0 0.60504997
34000.0 0.6015753
36000.0 0.5829601
38000.0 0.59374025
40000.0 0.62169802
42000.0 0.60957083
44000.0 0.59874013
46000.0 0.60956991
48000.0 0.61772184
50000.0 0.60918173
52000.0 0.61804574
54000.0 0.59876493
56000.0 0.58347416
58000.0 0.5970951
60000.0 0.58636818
62000.0 0.60523693
64000.0 0.63203146
66000.0 0.60519425
68000.0 0.60307059
70000.0 0.60906636
72000.0 0.59030057
74000.0 0.59620793
76000.0 0.60775944
78000.0 0.61269791
80000.0 0.59801437
82000.0 0.58603448
84000.0 0.6119927
86000.0 0.60340374
88000.0 0.58989879
90000.0 0.61584673
92000.0 0.60977459
94000.0 0.60754652
96000.0 0.61179369
98000.0 0.59070317
100000.0 0.59303296
102000.0 0.62520049
104000.0 0.60801818
106000.0 0.60859596
108000.0 0.58897767
110000.0 0.59308781
112000.0 0.59557081
114000.0 0.57578249
116000.0 0.61299125
118000.0 0.61117193
120000.0 0.58416496
122000.0 0.59197225
124000.0 0.59589767
126000.0 0.62757884
128000.0 0.60419087
130000.0 0.60403541
132000.0 0.61254159
134000.0 0.59563265
136000.0 0.57827118
138000.0 0.62049229
140000.0 0.61288038
142000.0 0.58807981
144000.0 0.58748093
146000.0 0.58725182
148000.0 0.59377635
150000.0 0.59071284
152000.0 0.60519776
154000.0 0.57819358
156000.0 0.60331799
158000.0 0.60607005
160000.0 0.57526423
162000.0 0.56146188
164000.0 0.60358828
166000.0 0.61462389
168000.0 0.58130623
170000.0 0.59021861
172000.0 0.60328972
174000.0 0.5859252
176000.0 0.58910841
178000.0 0.61466804
180000.0 0.58399088
182000.0 0.5828422
184000.0 0.60054512
186000.0 0.59073809
188000.0 0.6141676
190000.0 0.61646024
192000.0 0.56242534
194000.0 0.58303141
196000.0 0.59190703
198000.0 0.59894236
200000.0 0.5671195
