0.0 180.0
8000.0 179.21964
16000.0 180.96085
24000.0 186.85267
32000.0 177.68292
40000.0 182.9864
48000.0 178.98038
56000.0 184.66931
64000.0 181.32453
72000.0 182.41479
80000.0 182.08415
88000.0 174.73112
96000.0 188.14376
104000.0 177.2687
112000.0 183.60966
120000.0 183.09123
128000.0 187.04362
136000.0 182.12906
144000.0 184.20508
152000.0 179.09939
160000.0 179.81613
168000.0 169.29838
176000.0 175.01505
184000.0 174.0058
192000.0 178.91361
200000.0 179.93807
208000.0 184.14693
216000.0 183.88172
224000.0 180.2358
232000.0 181.04959
240000.0 180.4683
248000.0 178.1237
256000.0 182.57804
264000.0 183.74287
272000.0 178.61083
280000.0 179.38585
288000.0 170.24893
296000.0 175.16292
304000.0 178.98771
312000.0 178.6482
320000.0 187.15964
328000.0 177.98138
336000.0 176.01452
344000.0 184.5457
352000.0 177.54198
360000.0 175.27547
368000.0 167.45892
376000.0 185.71164
384000.0 181.76773
392000.0 177.86982
400000.0 176.92134
408000.0 185.52906
416000.0 176.21569
424000.0 185.44563
432000.0 174.43478
440000.0 185.72751
448000.0 177.92368
456000.0 179.76055
464000.0 181.87931
472000.0 174.35444
480000.0 185.04711
488000.0 180.94175
496000.0 177.15455
504000.0 181.39584
512000.0 171.72329
520000.0 181.04382
528000.0 185.18031
536000.0 181.40721
544000.0 172.94264
552000.0 175.15431
560000.0 177.49869
568000.0 178.016
576000.0 180.97218
584000.0 184.59589
592000.0 184.96266
600000.0 177.59546
608000.0 175.73448
616000.0 177.11183
624000.0 182.44583
632000.0 183.55008
640000.0 174.11298
648000.0 178.41966
656000.0 183.55977
664000.0 185.65469
672000.0 175.52076
680000.0 178.38351
688000.0 181.5569
696000.0 176.68379
704000.0 182.66682
712000.0 180.56569
720000.0 180.22903
728000.0 181.10401
736000.0 175.98156
744000.0 178.88719
752000.0 184.52371
760000.0 187.23535
768000.0 174.84807
776000.0 174.46867
784000.0 175.07296
792000.0 179.17293
800000.0 180.65901
