0.0 952.70177
2000.0 353.32518
4000.0 366.44939
6000.0 371.59186
8000.0 369.77517
10000.0 385.35751
12000.0 462.58045
14000.0 449.48432
16000.0 454.65647
18000.0 310.37749
20000.0 455.13611
22000.0 261.20638
24000.0 476.8818
26000.0 384.87308
28000.0 421.13046
30000.0 364.51477
32000.0 459.56975
34000.0 280.76387
36000.0 372.00168
38000.0 348.09855
40000.0 371.25946
42000.0 348.18451
44000.0 388.62383
46000.0 380.2641
48000.0 357.10333
50000.0 457.28743
52000.0 455.12228
54000.0 323.50377
56000.0 511.63943
58000.0 346.50197
60000.0 363.72546
62000.0 498.68668
64000.0 370.43686
66000.0 363.37574
68000.0 520.19137
70000.0 398.63938
72000.0 406.62673
74000.0 545.24245
76000.0 412.64339
78000.0 445.36036
80000.0 447.73076
82000.0 402.20776
84000.0 401.0327
86000.0 319.39251
88000.0 454.96397
90000.0 355.47944
92000.0 526.661
94000.0 409.0319
96000.0 512.36599
98000.0 291.92661
100000.0 426.42197
102000.0 345.9342
104000.0 373.05234
106000.0 395.75446
108000.0 585.80151
110000.0 325.32138
112000.0 302.88093
114000.0 463.95783
116000.0 408.17471
118000.0 381.31311
120000.0 469.85112
122000.0 339.0056
124000.0 478.54744
126000.0 302.37808
128000.0 419.40119
130000.0 421.99399
132000.0 330.92154
134000.0 468.78758
136000.0 402.52448
138000.0 498.8514
140000.0 237.86912
142000.0 419.41048
144000.0 396.13751
146000.0 341.49594
148000.0 513.79908
150000.0 287.50805
152000.0 381.50684
154000.0 366.48518
156000.0 522.87361
158000.0 386.08602
160000.0 412.70876
162000.0 364.10656
164000.0 440.3686
166000.0 459.75768
168000.0 342.75383
170000.0 413.58686
172000.0 236.5653
174000.0 423.57825
176000.0 518.85593
178000.0 454.45435
180000.0 371.52581
182000.0 416.59645
184000.0 387.11091
186000.0 327.7982
188000.0 458.45316
190000.0 454.22937
192000.0 342.95953
194000.0 432.0636
196000.0 453.34068
198000.0 430.46132
200000.0 441.81852
