0.0 180.0
2000.0 79.616676
4000.0 101.47172
6000.0 113.60332
8000.0 118.33894
10000.0 136.94846
12000.0 147.79037
14000.0 148.29155
16000.0 142.50422
18000.0 145.19371
20000.0 150.11616
22000.0 142.65504
24000.0 140.6718
26000.0 142.45171
28000.0 149.11641
30000.0 140.36918
32000.0 143.44517
34000.0 153.04918
36000.0 145.85221
38000.0 142.62199
40000.0 152.61638
42000.0 143.4638
44000.0 144.09966
46000.0 141.8276
48000.0 134.96007
50000.0 137.92107
52000.0 151.54229
54000.0 147.91397
56000.0 143.01022
58000.0 141.75565
60000.0 154.85169
62000.0 149.99018
64000.0 144.47159
66000.0 143.49693
68000.0 142.79882
70000.0 152.9034
72000.0 150.95341
74000.0 144.31313
76000.0 144.74773
78000.0 147.349
80000.0 141.95811
82000.0 133.60881
84000.0 138.34288
86000.0 145.76636
88000.0 145.44601
90000.0 153.7671
92000.0 144.44981
94000.0 138.057
96000.0 147.05013
98000.0 148.06934
100000.0 147.0075
102000.0 137.3402
104000.0 144.56471
106000.0 138.27595
108000.0 145.6508
110000.0 147.37984
112000.0 136.45892
114000.0 153.49534
116000.0 142.5058
118000.0 143.77474
120000.0 156.34671
122000.0 147.03545
124000.0 148.84674
126000.0 141.78292
128000.0 136.07021
130000.0 145.23076
132000.0 143.97951
134000.0 145.91425
136000.0 142.10726
138000.0 143.59477
140000.0 138.58805
142000.0 149.89032
144000.0 143.91414
146000.0 145.99987
148000.0 143.37217
150000.0 139.15739
152000.0 141.6168
154000.0 141.96403
156000.0 148.51677
158000.0 143.69082
160000.0 150.54689
162000.0 147.93656
164000.0 138.70339
166000.0 153.64701
168000.0 142.62594
170000.0 138.76692
172000.0 154.80331
174000.0 147.85008
176000.0 144.15993
178000.0 143.04814
180000.0 149.28039
182000.0 152.72258
184000.0 154.34242
186000.0 150.80587
188000.0 136.26402
190000.0 147.29453
192000.0 145.10952
194000.0 140.62109
196000.0 144.75884
198000.0 144.47744
200000.0 144.5096
