0.0 952.70177
2000.0 391.74821
4000.0 368.94085
6000.0 452.56616
8000.0 409.70543
10000.0 417.67875
12000.0 347.4522
14000.0 336.21662
16000.0 269.22559
18000.0 440.64452
20000.0 385.12016
22000.0 421.88468
24000.0 498.324
26000.0 442.84207
28000.0 374.51343
30000.0 431.03564
32000.0 517.2125
34000.0 390.67853
36000.0 513.42538
38000.0 376.37392
40000.0 307.81094
42000.0 369.27036
44000.0 405.20436
46000.0 328.21422
48000.0 410.37461
50000.0 346.7033
52000.0 280.71565
54000.0 317.57544
56000.0 391.56641
58000.0 413.48351
60000.0 385.23366
62000.0 398.50767
64000.0 353.55215
66000.0 386.49852
68000.0 373.03106
70000.0 387.51859
72000.0 478.04357
74000.0 510.95057
76000.0 432.58329
78000.0 411.86971
80000.0 363.02972
82000.0 372.25456
84000.0 335.48774
86000.0 341.20232
88000.0 424.33914
90000.0 523.82269
92000.0 509.40213
94000.0 443.11974
96000.0 401.40693
98000.0 334.98373
100000.0 412.00637
102000.0 477.00542
104000.0 387.03835
106000.0 313.03623
108000.0 401.94979
110000.0 371.92281
112000.0 362.90039
114000.0 404.65231
116000.0 458.75811
118000.0 363.12504
120000.0 405.36727
122000.0 408.04602
124000.0 401.67721
126000.0 418.59724
128000.0 421.78204
130000.0 369.80463
132000.0 366.81468
134000.0 366.58986
136000.0 418.58045
138000.0 412.44786
140000.0 397.78891
142000.0 459.21192
144000.0 464.56743
146000.0 404.21723
148000.0 340.83983
150000.0 361.19994
152000.0 313.18709
154000.0 386.33104
156000.0 376.1982
158000.0 402.7026
160000.0 308.19502
162000.0 341.65556
164000.0 376.32702
166000.0 293.18952
168000.0 306.32142
170000.0 362.00004
172000.0 387.38188
174000.0 396.66137
176000.0 274.86939
178000.0 387.77222
180000.0 442.84632
182000.0 447.48341
184000.0 387.16129
186000.0 461.5609
188000.0 397.93166
190000.0 503.13576
192000.0 494.50028
194000.0 448.96107
196000.0 366.22338
198000.0 303.36577
200000.0 439.93641
