0.0 -1666.2084
2000.0 -1382.6717
4000.0 -1295.1051
6000.0 -1171.5253
8000.0 -1030.0335
10000.0 -930.79966
12000.0 -861.09122
14000.0 -849.52972
16000.0 -879.22741
18000.0 -885.7117
20000.0 -855.96835
22000.0 -837.49543
24000.0 -855.09242
26000.0 -856.04383
28000.0 -874.89683
30000.0 -877.74076
32000.0 -870.94946
34000.0 -859.17153
36000.0 -863.2385
38000.0 -876.30856
40000.0 -879.38659
42000.0 -865.21343
44000.0 -879.35118
46000.0 -862.87466
48000.0 -845.19373
50000.0 -865.64583
52000.0 -869.5978
54000.0 -856.57437
56000.0 -869.34084
58000.0 -873.07857
60000.0 -877.00395
62000.0 -864.58113
64000.0 -881.34986
66000.0 -878.91237
68000.0 -866.49869
70000.0 -867.74726
72000.0 -865.6405
74000.0 -886.04363
76000.0 -865.84553
78000.0 -863.05209
80000.0 -874.83265
82000.0 -886.70261
84000.0 -888.69398
86000.0 -880.90067
88000.0 -864.6563
90000.0 -858.43752
92000.0 -868.2684
94000.0 -863.45818
96000.0 -854.31495
98000.0 -857.80607
100000.0 -859.91307
102000.0 -846.67481
104000.0 -880.727
106000.0 -877.41654
108000.0 -856.61464
110000.0 -847.52846
112000.0 -846.52699
114000.0 -882.71483
116000.0 -869.25987
118000.0 -874.62575
120000.0 -880.0785
122000.0 -869.32584
124000.0 -872.08738
126000.0 -879.76243
128000.0 -887.888
130000.0 -871.34393
132000.0 -848.65835
134000.0 -850.93727
136000.0 -858.45488
138000.0 -849.92987
140000.0 -864.04958
142000.0 -872.57414
144000.0 -850.41337
146000.0 -866.04051
148000.0 -885.45418
150000.0 -850.12582
152000.0 -862.54202
154000.0 -880.88046
156000.0 -897.04066
158000.0 -862.89255
160000.0 -859.84809
162000.0 -862.00387
164000.0 -859.67424
166000.0 -862.70955
168000.0 -854.22355
170000.0 -868.24607
172000.0 -885.11005
174000.0 -874.86128
176000.0 -873.84793
178000.0 -887.54993
180000.0 -885.19051
182000.0 -871.74747
184000.0 -849.68158
186000.0 -867.64431
188000.0 -867.69309
190000.0 -871.09293
192000.0 -852.47178
194000.0 -850.07543
196000.0 -869.80622
198000.0 -898.082
200000.0 -876.23623
