0.0 1.8232527
2000.0 1.611042
4000.0 1.5433409
6000.0 1.4253484
8000.0 1.286638
10000.0 1.168193
12000.0 1.1033547
14000.0 1.0667093
16000.0 1.0908647
18000.0 1.1365576
20000.0 1.1031038
22000.0 1.0706104
24000.0 1.1027836
26000.0 1.1293402
28000.0 1.1155818
30000.0 1.1031333
32000.0 1.0819718
34000.0 1.0969271
36000.0 1.0963366
38000.0 1.104709
40000.0 1.1012867
42000.0 1.0921124
44000.0 1.1038912
46000.0 1.1366655
48000.0 1.102521
50000.0 1.1162826
52000.0 1.0863047
54000.0 1.1060928
56000.0 1.1004587
58000.0 1.1211387
60000.0 1.1163399
62000.0 1.0829445
64000.0 1.0875928
66000.0 1.0959358
68000.0 1.0875311
70000.0 1.0972878
72000.0 1.1209431
74000.0 1.111927
76000.0 1.1137322
78000.0 1.1217165
80000.0 1.1056045
82000.0 1.1157178
84000.0 1.1202802
86000.0 1.0962889
88000.0 1.0804937
90000.0 1.106102
92000.0 1.1130464
94000.0 1.1053682
96000.0 1.0967336
98000.0 1.092807
100000.0 1.1126499
102000.0 1.0976919
104000.0 1.1021869
106000.0 1.1020654
108000.0 1.1219272
110000.0 1.1032205
112000.0 1.1160388
114000.0 1.1257565
116000.0 1.1254023
118000.0 1.1289296
120000.0 1.1041211
122000.0 1.0981228
124000.0 1.0922819
126000.0 1.1052647
128000.0 1.1045583
130000.0 1.1172471
132000.0 1.1214493
134000.0 1.1068666
136000.0 1.098939
138000.0 1.1167755
140000.0 1.121521
142000.0 1.108633
144000.0 1.0898337
146000.0 1.1142994
148000.0 1.1077087
150000.0 1.0749209
152000.0 1.1122451
154000.0 1.132274
156000.0 1.119324
158000.0 1.073535
160000.0 1.0925945
162000.0 1.1251948
164000.0 1.1314862
166000.0 1.0995821
168000.0 1.1041457
170000.0 1.1068949
172000.0 1.1259759
174000.0 1.0986353
176000.0 1.1119546
178000.0 1.1043144
180000.0 1.0831542
182000.0 1.1145739
184000.0 1.103025
186000.0 1.0962496
188000.0 1.0825393
190000.0 1.0939667
192000.0 1.1008543
194000.0 1.098268
196000.0 1.0974329
198000.0 1.1171392
200000.0 1.1207169
