0.0 952.70177
2000.0 415.3363
4000.0 518.05758
6000.0 377.09468
8000.0 487.53356
10000.0 372.52881
12000.0 364.95428
14000.0 432.97355
16000.0 432.11761
18000.0 435.78087
20000.0 357.45714
22000.0 364.62718
24000.0 400.69345
26000.0 526.73167
28000.0 336.33821
30000.0 376.57783
32000.0 455.64844
34000.0 398.08528
36000.0 386.28964
38000.0 386.95714
40000.0 366.89441
42000.0 414.51461
44000.0 480.5419
46000.0 360.18252
48000.0 399.4912
50000.0 389.33363
52000.0 284.7071
54000.0 428.15873
56000.0 369.7318
58000.0 478.35298
60000.0 435.7128
62000.0 371.27856
64000.0 565.22162
66000.0 297.58837
68000.0 551.06792
70000.0 266.80959
72000.0 353.05384
74000.0 409.42196
76000.0 383.1704
78000.0 330.52612
80000.0 360.81849
82000.0 402.11521
84000.0 402.59684
86000.0 461.62456
88000.0 416.25178
90000.0 429.66333
92000.0 434.79065
94000.0 367.04482
96000.0 475.49094
98000.0 411.08429
100000.0 359.90292
102000.0 399.30192
104000.0 277.18979
106000.0 359.03194
108000.0 449.17783
110000.0 388.45883
112000.0 436.69878
114000.0 363.24545
116000.0 349.13463
118000.0 499.03163
120000.0 415.84771
122000.0 348.64368
124000.0 295.12883
126000.0 454.96794
128000.0 426.86286
130000.0 395.78833
132000.0 363.64318
134000.0 485.28226
136000.0 418.77028
138000.0 421.49538
140000.0 389.46241
142000.0 293.36865
144000.0 362.90998
146000.0 306.74543
148000.0 372.44978
150000.0 367.37667
152000.0 417.15293
154000.0 368.54278
156000.0 440.08703
158000.0 399.44974
160000.0 270.48927
162000.0 448.47354
164000.0 446.97917
166000.0 370.65341
168000.0 434.9049
170000.0 345.84241
172000.0 418.96139
174000.0 389.41382
176000.0 323.97849
178000.0 378.57744
180000.0 352.34115
182000.0 491.09637
184000.0 515.83414
186000.0 358.00844
188000.0 443.48331
190000.0 371.73527
192000.0 361.4212
194000.0 407.32529
196000.0 449.22191
198000.0 328.93285
200000.0 371.13567
