0.0 463.03903
4000.0 446.96708
8000.0 460.4939
12000.0 458.61942
16000.0 471.18547
20000.0 462.26024
24000.0 467.03461
28000.0 464.8644
32000.0 457.18416
36000.0 464.63109
40000.0 459.49904
44000.0 470.51955
48000.0 473.73242
52000.0 476.87035
56000.0 461.15072
60000.0 470.97158
64000.0 462.82419
68000.0 461.16757
72000.0 444.91709
76000.0 470.32495
80000.0 461.81886
84000.0 463.02864
88000.0 461.845
92000.0 470.41354
96000.0 467.2586
100000.0 458.05442
104000.0 458.20311
108000.0 455.79093
112000.0 465.36302
116000.0 467.60073
120000.0 459.65677
124000.0 471.74105
128000.0 468.02133
132000.0 465.29716
136000.0 454.92882
140000.0 461.36918
144000.0 459.86227
148000.0 469.51752
152000.0 466.23016
156000.0 467.71079
160000.0 459.38114
164000.0 452.92631
168000.0 466.9091
172000.0 467.25386
176000.0 463.39569
180000.0 458.93016
184000.0 461.08797
188000.0 464.15396
192000.0 470.13343
196000.0 462.85544
200000.0 471.08165
204000.0 463.89209
208000.0 471.19375
212000.0 462.06354
216000.0 463.87122
220000.0 468.8239
224000.0 469.30778
228000.0 467.42114
232000.0 453.74098
236000.0 460.9049
240000.0 467.16561
244000.0 461.61963
248000.0 463.16533
252000.0 453.98273
256000.0 471.41976
260000.0 467.83162
264000.0 457.1272
268000.0 456.14732
272000.0 472.75322
276000.0 460.75889
280000.0 458.2508
284000.0 456.62956
288000.0 458.41865
292000.0 469.37696
296000.0 457.54565
300000.0 463.20809
304000.0 462.31169
308000.0 454.56333
312000.0 459.13568
316000.0 460.10871
320000.0 472.42422
324000.0 462.79529
328000.0 468.10583
332000.0 462.62138
336000.0 462.16059
340000.0 456.13101
344000.0 469.26617
348000.0 471.57601
352000.0 477.96503
356000.0 465.66966
360000.0 451.58956
364000.0 465.80747
368000.0 457.14409
372000.0 459.435
376000.0 467.63236
380000.0 463.66941
384000.0 463.67602
388000.0 467.07156
392000.0 465.88947
396000.0 466.45248
400000.0 459.74672
404000.0 460.46811
408000.0 466.12121
412000.0 461.23193
416000.0 464.53861
420000.0 460.89476
424000.0 458.9691
428000.0 453.53319
432000.0 461.32624
436000.0 466.1358
440000.0 458.30324
444000.0 456.00734
448000.0 465.18863
452000.0 463.72674
456000.0 468.00364
460000.0 468.66079
464000.0 471.19921
468000.0 469.3896
472000.0 469.97614
476000.0 460.20145
480000.0 462.4636
484000.0 463.93538
488000.0 473.20595
492000.0 455.14165
496000.0 451.53399
500000.0 463.02205
504000.0 455.97476
508000.0 479.83894
512000.0 468.99568
516000.0 461.86232
520000.0 459.28627
524000.0 458.11801
528000.0 460.97911
532000.0 457.03083
536000.0 469.17693
540000.0 461.06249
544000.0 468.7207
548000.0 462.80985
552000.0 465.5128
556000.0 468.43456
560000.0 457.14593
564000.0 466.08308
568000.0 457.98064
572000.0 453.78836
576000.0 469.5787
580000.0 463.10804
584000.0 465.69126
588000.0 467.15718
592000.0 459.06319
596000.0 463.77169
600000.0 461.47798
604000.0 468.68888
608000.0 462.71806
612000.0 461.69525
616000.0 464.37959
620000.0 465.69245
624000.0 468.80079
628000.0 456.56113
632000.0 463.5078
636000.0 461.67321
640000.0 452.56478
644000.0 470.93829
648000.0 458.50509
652000.0 462.67314
656000.0 469.72158
660000.0 460.08927
664000.0 460.43928
668000.0 453.93713
672000.0 470.32339
676000.0 467.30152
680000.0 469.20794
684000.0 465.04202
688000.0 466.23663
692000.0 471.40285
696000.0 460.93006
700000.0 459.0809
704000.0 460.06898
708000.0 466.21445
712000.0 467.18106
716000.0 469.80674
720000.0 453.81708
724000.0 463.0041
728000.0 476.7094
732000.0 459.77333
736000.0 466.12771
740000.0 457.96205
744000.0 467.14239
748000.0 462.01462
752000.0 455.37502
756000.0 457.3883
760000.0 460.71692
764000.0 454.89438
768000.0 463.82331
772000.0 464.27396
776000.0 464.84246
780000.0 466.42299
784000.0 464.12117
788000.0 461.39461
792000.0 456.01935
796000.0 459.07049
800000.0 462.9556
