0.0 180.0
4500.0 96.69492
9000.0 98.597219
13500.0 96.954051
18000.0 100.85728
22500.0 101.51518
27000.0 109.9155
31500.0 109.73164
36000.0 114.00196
40500.0 123.64547
45000.0 122.46414
49500.0 125.34163
54000.0 133.89564
58500.0 134.29786
63000.0 139.66091
67500.0 141.38217
72000.0 149.56875
76500.0 146.93298
81000.0 153.75241
85500.0 161.11519
90000.0 161.09101
94500.0 167.08484
99000.0 179.54208
103500.0 175.51317
108000.0 179.0547
112500.0 187.69273
117000.0 191.59474
121500.0 185.44897
126000.0 200.70353
130500.0 194.24866
135000.0 189.65737
139500.0 197.1111
144000.0 191.45222
148500.0 186.29186
153000.0 181.25924
157500.0 185.04354
162000.0 183.07824
166500.0 179.17794
171000.0 175.82546
175500.0 180.82569
180000.0 176.59652
184500.0 166.74107
189000.0 171.28551
193500.0 167.35678
198000.0 172.58036
202500.0 177.97724
207000.0 171.06234
211500.0 173.9341
216000.0 175.58324
220500.0 170.57211
225000.0 179.7526
229500.0 177.5383
234000.0 182.19048
238500.0 183.63916
243000.0 186.40279
247500.0 187.14767
252000.0 187.86315
256500.0 193.65142
261000.0 188.64335
265500.0 182.6535
270000.0 190.31432
274500.0 186.37822
279000.0 181.41594
283500.0 182.34681
288000.0 177.45666
292500.0 176.37956
297000.0 186.20614
301500.0 176.13865
306000.0 174.11968
310500.0 174.4193
315000.0 172.75859
319500.0 171.36977
324000.0 179.89899
328500.0 175.23378
333000.0 172.66346
337500.0 177.87337
342000.0 179.04568
346500.0 179.78222
351000.0 177.85384
355500.0 177.09569
360000.0 183.64098
364500.0 182.75633
369000.0 186.45149
373500.0 183.16903
378000.0 185.86761
382500.0 184.26559
387000.0 184.92765
391500.0 178.95543
396000.0 187.66937
400500.0 181.74645
405000.0 179.17253
409500.0 184.34201
414000.0 177.33961
418500.0 176.11239
423000.0 179.99999
427500.0 175.76953
432000.0 170.04255
436500.0 177.01624
441000.0 174.7343
445500.0 178.0082
450000.0 169.21216
454500.0 181.28688
459000.0 170.28638
463500.0 175.64066
468000.0 177.40166
472500.0 182.4329
477000.0 183.05838
481500.0 183.1659
486000.0 181.07346
490500.0 189.86204
495000.0 181.94927
499500.0 185.70185
504000.0 189.13428
508500.0 185.20138
513000.0 180.10817
517500.0 187.41989
522000.0 184.19379
526500.0 174.97557
531000.0 173.79433
535500.0 175.97607
540000.0 175.71567
544500.0 178.96028
549000.0 175.07235
553500.0 174.06969
558000.0 174.09447
562500.0 179.52207
567000.0 178.06099
571500.0 174.92163
576000.0 177.77681
580500.0 177.08673
585000.0 174.13966
589500.0 180.38322
594000.0 180.0243
598500.0 180.7694
603000.0 184.49083
607500.0 185.65415
612000.0 188.52466
616500.0 186.55549
621000.0 187.15423
625500.0 180.01072
630000.0 179.9024
634500.0 186.34473
639000.0 185.3887
643500.0 183.36077
648000.0 176.18325
652500.0 175.2895
657000.0 178.65637
661500.0 175.02364
666000.0 175.62361
670500.0 167.76959
675000.0 178.34384
679500.0 173.89134
684000.0 182.17241
688500.0 174.62245
693000.0 177.48346
697500.0 179.90427
702000.0 175.38354
706500.0 178.02994
711000.0 180.72514
715500.0 176.46895
720000.0 179.02864
724500.0 181.82509
729000.0 179.11939
733500.0 183.20955
738000.0 187.50003
742500.0 182.50867
747000.0 176.04487
751500.0 177.42957
756000.0 175.28066
760500.0 171.89779
765000.0 174.55053
769500.0 165.99827
774000.0 176.84852
778500.0 178.99535
783000.0 180.10473
787500.0 172.67647
792000.0 175.15198
796500.0 176.06546
801000.0 174.72394
805500.0 179.34415
810000.0 177.35474
814500.0 183.18166
819000.0 181.07411
823500.0 183.78159
828000.0 184.73797
832500.0 178.40875
837000.0 183.16799
841500.0 185.15127
846000.0 180.61347
850500.0 185.63688
855000.0 176.47716
859500.0 179.2319
864000.0 183.96976
868500.0 174.5842
873000.0 169.53988
877500.0 173.68756
882000.0 169.84443
886500.0 169.26925
891000.0 169.99214
895500.0 175.23157
900000.0 177.31574
