0.0 952.70177
4500.0 5260.117
9000.0 5535.3487
13500.0 6018.2888
18000.0 5790.5781
22500.0 5701.8254
27000.0 5812.6903
31500.0 5860.3572
36000.0 5890.6933
40500.0 5691.6686
45000.0 5563.5254
49500.0 5926.8312
54000.0 5780.1629
58500.0 5874.0736
63000.0 5749.593
67500.0 5807.2347
72000.0 5459.9888
76500.0 5681.726
81000.0 5717.8843
85500.0 5802.8333
90000.0 5600.4141
94500.0 5624.0643
99000.0 5771.1963
103500.0 5894.6939
108000.0 5402.5406
112500.0 5832.1412
117000.0 5617.7349
121500.0 5630.5446
126000.0 5657.6079
130500.0 5760.2552
135000.0 5836.964
139500.0 5683.1517
144000.0 5552.9054
148500.0 5729.0255
153000.0 5724.7073
157500.0 5506.0382
162000.0 5614.0251
166500.0 5772.3182
171000.0 5902.2792
175500.0 5690.6143
180000.0 5844.1644
184500.0 5655.6853
189000.0 5871.1658
193500.0 5651.9261
198000.0 5742.3753
202500.0 6014.5345
207000.0 5868.3657
211500.0 5535.1336
216000.0 5728.2963
220500.0 5818.4634
225000.0 5833.4754
229500.0 5672.5069
234000.0 5620.1374
238500.0 5872.7897
243000.0 5882.3317
247500.0 5658.3084
252000.0 5573.2927
256500.0 5809.4083
261000.0 5845.8177
265500.0 6020.6225
270000.0 5765.7677
274500.0 5817.5166
279000.0 6015.5964
283500.0 5816.8026
288000.0 5710.2203
292500.0 5658.7658
297000.0 5932.1638
301500.0 5837.9303
306000.0 5704.7015
310500.0 5652.452
315000.0 5772.4899
319500.0 5839.1765
324000.0 5555.9524
328500.0 5822.001
333000.0 6093.0404
337500.0 5727.1544
342000.0 5738.4559
346500.0 5767.6935
351000.0 6056.8837
355500.0 5698.4848
360000.0 6013.2439
364500.0 5949.0329
369000.0 5580.9975
373500.0 5596.1482
378000.0 5816.1825
382500.0 5876.5104
387000.0 5685.2856
391500.0 5739.1349
396000.0 5884.8351
400500.0 5525.2994
405000.0 5524.0519
409500.0 5699.8017
414000.0 5569.7402
418500.0 6099.4086
423000.0 5786.8686
427500.0 5657.0988
432000.0 5921.4696
436500.0 5835.2806
441000.0 5752.6641
445500.0 5756.49
450000.0 5778.1257
454500.0 5864.2004
459000.0 5595.9726
463500.0 5679.394
468000.0 5912.3158
472500.0 5907.0245
477000.0 5883.7414
481500.0 5703.1059
486000.0 5824.5928
490500.0 5972.8659
495000.0 5647.3889
499500.0 5768.1825
504000.0 5963.7835
508500.0 5588.3007
513000.0 5954.5364
517500.0 5786.5138
522000.0 5691.0351
526500.0 5678.9505
531000.0 5897.8076
535500.0 5725.2726
540000.0 5566.0846
544500.0 5579.977
549000.0 5977.4022
553500.0 5786.1704
558000.0 5632.4984
562500.0 5830.7815
567000.0 5819.8267
571500.0 5626.7058
576000.0 5653.5026
580500.0 5909.6836
585000.0 5733.8785
589500.0 5647.2023
594000.0 5890.968
598500.0 5906.1011
603000.0 5648.6664
607500.0 5583.6219
612000.0 5968.1231
616500.0 5916.2091
621000.0 5600.1099
625500.0 5935.3626
630000.0 6013.0987
634500.0 5840.8718
639000.0 5985.7135
643500.0 6023.8284
648000.0 5715.066
652500.0 5689.2979
657000.0 5724.5902
661500.0 5790.5681
666000.0 5890.2107
670500.0 5692.759
675000.0 5701.3928
679500.0 5752.9642
684000.0 6055.4014
688500.0 5725.3025
693000.0 5751.0029
697500.0 5835.6966
702000.0 5917.1468
706500.0 5681.5503
711000.0 5918.9593
715500.0 5764.3317
720000.0 5853.7496
724500.0 5721.6291
729000.0 5532.8419
733500.0 5771.4394
738000.0 5917.2886
742500.0 5798.9028
747000.0 5610.8868
751500.0 5846.8159
756000.0 5981.2032
760500.0 5649.4458
765000.0 5738.3289
769500.0 5736.1588
774000.0 5772.9257
778500.0 5877.4115
783000.0 5837.451
787500.0 5601.0072
792000.0 5834.1083
796500.0 5659.6982
801000.0 5637.8582
805500.0 5809.7678
810000.0 5798.7326
814500.0 5650.0237
819000.0 5721.2029
823500.0 5735.1343
828000.0 5751.1836
832500.0 5671.0538
837000.0 5871.3475
841500.0 5825.2494
846000.0 5822.2317
850500.0 5776.981
855000.0 5941.7989
859500.0 5907.6544
864000.0 5516.4708
868500.0 5976.909
873000.0 5810.816
877500.0 6023.6505
882000.0 6013.7247
886500.0 5941.7347
891000.0 5801.7499
895500.0 5916.0871
900000.0 5887.5042
