0.0 180.0
3500.0 182.15704
7000.0 177.8063
10500.0 183.1884
14000.0 181.0859
17500.0 181.42534
21000.0 180.99962
24500.0 181.1398
28000.0 180.93802
31500.0 180.28598
35000.0 183.56895
38500.0 182.22402
42000.0 180.09288
45500.0 178.07957
49000.0 180.61464
52500.0 180.82489
56000.0 179.77628
59500.0 179.36051
63000.0 177.49822
66500.0 180.5149
70000.0 180.23755
73500.0 180.50246
77000.0 179.59203
80500.0 180.78384
84000.0 176.30793
87500.0 181.02483
91000.0 176.38438
94500.0 178.00526
98000.0 176.46361
101500.0 179.51009
105000.0 181.74497
108500.0 180.67721
112000.0 180.37559
115500.0 179.15343
119000.0 180.12507
122500.0 180.48703
126000.0 177.45953
129500.0 179.17449
133000.0 183.18905
136500.0 181.78561
140000.0 178.26563
143500.0 178.67803
147000.0 179.45201
150500.0 180.78326
154000.0 177.94991
157500.0 176.65685
161000.0 178.63858
164500.0 183.3692
168000.0 180.38702
171500.0 178.89883
175000.0 179.13103
178500.0 174.79989
182000.0 176.55402
185500.0 177.65785
189000.0 181.08141
192500.0 178.61839
196000.0 176.99944
199500.0 182.9597
203000.0 178.60715
206500.0 181.67786
210000.0 178.72069
213500.0 182.33749
217000.0 180.69341
220500.0 175.16974
224000.0 182.39664
227500.0 176.5227
231000.0 178.53227
234500.0 177.77258
238000.0 182.21746
241500.0 182.41078
245000.0 176.75704
248500.0 178.49802
252000.0 180.25401
255500.0 180.10818
259000.0 183.28354
262500.0 179.12476
266000.0 181.03625
269500.0 182.00859
273000.0 176.61139
276500.0 177.92331
280000.0 179.30663
283500.0 178.119
287000.0 178.7105
290500.0 180.29927
294000.0 182.31349
297500.0 178.37902
301000.0 180.56214
304500.0 178.8286
308000.0 181.16127
311500.0 179.33759
315000.0 182.13505
318500.0 179.26486
322000.0 183.66138
325500.0 177.42756
329000.0 177.84772
332500.0 176.80917
336000.0 182.17397
339500.0 182.0491
343000.0 181.5151
346500.0 181.00559
350000.0 174.18329
353500.0 182.04785
357000.0 180.47469
360500.0 179.11719
364000.0 184.38408
367500.0 183.85696
371000.0 179.96639
374500.0 178.48428
378000.0 181.30135
381500.0 179.74078
385000.0 180.27419
388500.0 180.64093
392000.0 178.76087
395500.0 182.0648
399000.0 181.80233
402500.0 181.64519
406000.0 183.15987
409500.0 179.06818
413000.0 180.49952
416500.0 178.26475
420000.0 182.39701
423500.0 181.74752
427000.0 179.54009
430500.0 179.56725
434000.0 177.26348
437500.0 180.44926
441000.0 176.19119
444500.0 176.98555
448000.0 180.7077
451500.0 179.37858
455000.0 179.6304
458500.0 183.45819
462000.0 177.02271
465500.0 181.32317
469000.0 176.99297
472500.0 181.99493
476000.0 177.27671
479500.0 179.91779
483000.0 177.73809
486500.0 178.2624
490000.0 181.20028
493500.0 178.92173
497000.0 179.60798
500500.0 179.37428
504000.0 181.33512
507500.0 179.66303
511000.0 180.50964
514500.0 178.22981
518000.0 178.72583
521500.0 181.87411
525000.0 178.14513
528500.0 181.36037
532000.0 181.88658
535500.0 179.45331
539000.0 180.73592
542500.0 176.43764
546000.0 178.8399
549500.0 178.37662
553000.0 181.00132
556500.0 175.26227
560000.0 179.47147
563500.0 181.10901
567000.0 180.24452
570500.0 181.82462
574000.0 177.10338
577500.0 180.69624
581000.0 179.61348
584500.0 179.02959
588000.0 179.70844
591500.0 180.17978
595000.0 175.99135
598500.0 178.79234
602000.0 180.16244
605500.0 179.83285
609000.0 180.75697
612500.0 182.96869
616000.0 181.39566
619500.0 179.71019
623000.0 180.78831
626500.0 180.2917
630000.0 176.43789
633500.0 179.66683
637000.0 180.88587
640500.0 183.54015
644000.0 178.04428
647500.0 180.62392
651000.0 179.59026
654500.0 179.17677
658000.0 183.31909
661500.0 178.16064
665000.0 179.83065
668500.0 176.81133
672000.0 181.8226
675500.0 180.69618
679000.0 179.98549
682500.0 178.49041
686000.0 174.1751
689500.0 178.75726
693000.0 181.66059
696500.0 178.69468
700000.0 178.63408
703500.0 176.0914
707000.0 180.02294
710500.0 180.14433
714000.0 180.65094
717500.0 178.43451
721000.0 180.95712
724500.0 178.04275
728000.0 181.21123
731500.0 178.26473
735000.0 182.41035
738500.0 178.91311
742000.0 177.77123
745500.0 177.16801
749000.0 181.89569
752500.0 181.66645
756000.0 181.4971
759500.0 179.435
763000.0 177.47298
766500.0 183.51272
770000.0 179.88957
773500.0 181.57579
777000.0 183.06453
780500.0 176.19092
784000.0 178.35915
787500.0 176.85827
791000.0 181.6786
794500.0 181.06234
798000.0 181.4226
799995.0 179.36368
