0.0 -1203.1694
3500.0 -1183.9956
7000.0 -1175.2032
10500.0 -1166.6304
14000.0 -1157.1945
17500.0 -1146.8247
21000.0 -1135.0338
24500.0 -1122.8217
28000.0 -1109.4725
31500.0 -1096.6014
35000.0 -1082.9808
38500.0 -1068.0346
42000.0 -1052.9549
45500.0 -1036.8221
49000.0 -1022.0049
52500.0 -1005.0832
56000.0 -988.80261
59500.0 -971.74162
63000.0 -956.11506
66500.0 -939.15136
70000.0 -921.65633
73500.0 -903.86745
77000.0 -886.46918
80500.0 -869.88801
84000.0 -853.8649
87500.0 -835.47641
91000.0 -819.05328
94500.0 -805.24049
98000.0 -790.85029
101500.0 -772.24795
105000.0 -759.5282
108500.0 -744.35183
112000.0 -734.59138
115500.0 -722.29848
119000.0 -715.68435
122500.0 -708.15678
126000.0 -699.52405
129500.0 -696.83004
133000.0 -695.35021
136500.0 -692.31006
140000.0 -694.12364
143500.0 -701.71821
147000.0 -707.38315
150500.0 -710.599
154000.0 -719.48822
157500.0 -729.69243
161000.0 -740.47432
164500.0 -748.02534
168000.0 -759.49316
171500.0 -766.35937
175000.0 -770.38672
178500.0 -775.16222
182000.0 -780.93784
185500.0 -786.85195
189000.0 -788.78707
192500.0 -791.72519
196000.0 -791.55333
199500.0 -793.1936
203000.0 -792.16921
206500.0 -788.69041
210000.0 -787.89593
213500.0 -785.80948
217000.0 -781.81844
220500.0 -777.00846
224000.0 -770.49477
227500.0 -763.94723
231000.0 -753.475
234500.0 -746.71718
238000.0 -740.25339
241500.0 -734.94041
245000.0 -731.06337
248500.0 -726.52511
252000.0 -719.63028
255500.0 -720.76242
259000.0 -719.02867
262500.0 -720.52374
266000.0 -720.73564
269500.0 -725.43557
273000.0 -730.85916
276500.0 -735.89444
280000.0 -744.02465
283500.0 -750.18644
287000.0 -757.69186
290500.0 -761.28632
294000.0 -764.93441
297500.0 -770.8582
301000.0 -776.23846
304500.0 -779.8534
308000.0 -782.52864
311500.0 -786.08232
315000.0 -790.01767
318500.0 -790.22771
322000.0 -789.3628
325500.0 -786.11246
329000.0 -783.64597
332500.0 -781.95519
336000.0 -774.03614
339500.0 -768.74132
343000.0 -766.66773
346500.0 -758.25953
350000.0 -753.42701
353500.0 -746.40335
357000.0 -741.03675
360500.0 -737.33291
364000.0 -732.73761
367500.0 -731.61385
371000.0 -727.26564
374500.0 -729.50392
378000.0 -727.15171
381500.0 -728.72553
385000.0 -729.13386
388500.0 -733.12544
392000.0 -735.96715
395500.0 -742.00527
399000.0 -746.96877
402500.0 -749.84962
406000.0 -756.29359
409500.0 -762.44376
413000.0 -767.10669
416500.0 -770.6632
420000.0 -776.09994
423500.0 -778.22766
427000.0 -777.95763
430500.0 -780.01168
434000.0 -782.82063
437500.0 -783.23345
441000.0 -784.63661
444500.0 -780.51163
448000.0 -779.32848
451500.0 -775.54333
455000.0 -770.58076
458500.0 -765.9783
462000.0 -761.20411
465500.0 -758.50514
469000.0 -752.47887
472500.0 -749.45629
476000.0 -746.79225
479500.0 -742.31401
483000.0 -742.15185
486500.0 -737.58769
490000.0 -734.72419
493500.0 -734.70942
497000.0 -734.13513
500500.0 -736.90244
504000.0 -736.71045
507500.0 -736.04895
511000.0 -740.67421
514500.0 -744.0063
518000.0 -748.09666
521500.0 -749.55014
525000.0 -753.49418
528500.0 -758.09649
532000.0 -764.99567
535500.0 -766.41439
539000.0 -766.74222
542500.0 -770.67407
546000.0 -771.87849
549500.0 -771.9649
553000.0 -773.06251
556500.0 -776.31648
560000.0 -775.25229
563500.0 -772.42391
567000.0 -771.24934
570500.0 -770.2137
574000.0 -767.92985
577500.0 -766.24309
581000.0 -766.98184
584500.0 -763.79885
588000.0 -758.75026
591500.0 -757.4686
595000.0 -752.53303
598500.0 -747.76746
602000.0 -745.72228
605500.0 -740.65988
609000.0 -740.14327
612500.0 -733.77165
616000.0 -731.85708
619500.0 -729.46207
623000.0 -730.32821
626500.0 -731.37069
630000.0 -734.92263
633500.0 -740.42954
637000.0 -743.00415
640500.0 -751.84112
644000.0 -756.24035
647500.0 -757.25194
651000.0 -758.72069
654500.0 -764.82916
658000.0 -763.83595
661500.0 -760.48957
665000.0 -760.99738
668500.0 -761.46898
672000.0 -759.34379
675500.0 -761.38448
679000.0 -760.6344
682500.0 -758.85979
686000.0 -759.25484
689500.0 -755.98212
693000.0 -755.99063
696500.0 -755.35978
700000.0 -754.1489
703500.0 -754.25318
707000.0 -754.02724
710500.0 -756.42889
714000.0 -758.29983
717500.0 -760.55475
721000.0 -764.41494
724500.0 -771.25669
728000.0 -773.89112
731500.0 -776.42694
735000.0 -778.52743
738500.0 -779.79372
742000.0 -779.99726
745500.0 -778.61165
749000.0 -779.63902
752500.0 -776.9928
756000.0 -775.95122
759500.0 -772.62612
763000.0 -768.28785
766500.0 -766.90538
770000.0 -763.29561
773500.0 -758.46648
777000.0 -750.74913
780500.0 -746.23828
784000.0 -738.51874
787500.0 -733.09561
791000.0 -728.70504
794500.0 -720.16372
798000.0 -714.03721
799995.0 -710.11784
