0.0 -964.24098
3000.0 -698.57409
6000.0 -701.01574
9000.0 -690.96363
12000.0 -708.88633
15000.0 -704.27056
18000.0 -709.828
21000.0 -713.1803
24000.0 -696.82388
27000.0 -706.68888
30000.0 -703.4852
33000.0 -705.96243
36000.0 -709.01111
39000.0 -707.2832
42000.0 -700.93564
45000.0 -704.11918
48000.0 -706.75852
51000.0 -721.00915
54000.0 -704.87209
57000.0 -715.56969
60000.0 -713.58259
63000.0 -718.09763
66000.0 -705.66833
69000.0 -691.11908
72000.0 -702.01069
75000.0 -732.52875
78000.0 -711.71772
81000.0 -725.83853
84000.0 -695.58288
87000.0 -709.24404
90000.0 -720.58829
93000.0 -710.64228
96000.0 -693.32465
99000.0 -701.77946
102000.0 -712.43338
105000.0 -707.64944
108000.0 -713.67859
111000.0 -730.37517
114000.0 -702.89464
117000.0 -715.28381
120000.0 -713.64646
123000.0 -710.84722
126000.0 -702.3265
129000.0 -703.59323
132000.0 -701.36527
135000.0 -707.41385
138000.0 -705.62174
141000.0 -708.11833
144000.0 -718.09992
147000.0 -717.25265
150000.0 -708.3026
153000.0 -696.43143
156000.0 -705.16958
159000.0 -705.01972
162000.0 -716.08516
165000.0 -695.02755
168000.0 -720.66495
171000.0 -720.35874
174000.0 -698.05111
177000.0 -720.07085
180000.0 -729.93671
183000.0 -709.40319
186000.0 -696.36784
189000.0 -720.93999
192000.0 -696.71741
195000.0 -708.99903
198000.0 -720.77826
201000.0 -713.75659
204000.0 -705.02987
207000.0 -701.35805
210000.0 -716.57591
213000.0 -729.78633
216000.0 -720.96862
219000.0 -710.08951
222000.0 -724.94419
225000.0 -709.44049
228000.0 -715.4378
231000.0 -703.44054
234000.0 -719.60066
237000.0 -698.83262
240000.0 -708.75085
243000.0 -691.71814
246000.0 -693.53097
249000.0 -705.63001
252000.0 -711.77458
255000.0 -706.78005
258000.0 -716.47485
261000.0 -705.1756
264000.0 -727.57263
267000.0 -716.50874
270000.0 -720.21982
273000.0 -720.965
276000.0 -718.59495
279000.0 -719.02809
282000.0 -712.26037
285000.0 -702.1489
288000.0 -704.54013
291000.0 -693.51198
294000.0 -708.5796
297000.0 -709.50335
300000.0 -715.13306
303000.0 -728.83175
306000.0 -710.9404
309000.0 -721.32609
312000.0 -699.85025
315000.0 -706.89997
318000.0 -698.81343
321000.0 -695.46929
324000.0 -720.59422
327000.0 -713.26427
330000.0 -721.35595
333000.0 -709.47229
336000.0 -705.17491
339000.0 -714.51172
342000.0 -713.2253
345000.0 -713.62308
348000.0 -695.82494
351000.0 -698.72644
354000.0 -712.43779
357000.0 -713.71453
360000.0 -686.1539
363000.0 -704.16951
366000.0 -718.81877
369000.0 -718.94203
372000.0 -682.47283
375000.0 -693.31396
378000.0 -716.5405
381000.0 -695.45778
384000.0 -719.12425
387000.0 -710.37464
390000.0 -730.42255
393000.0 -721.09096
396000.0 -714.79149
399000.0 -709.56078
402000.0 -711.62359
405000.0 -707.53985
408000.0 -715.66081
411000.0 -708.99561
414000.0 -729.34828
417000.0 -715.49284
420000.0 -697.82263
423000.0 -698.55858
426000.0 -714.1777
429000.0 -707.86831
432000.0 -716.66759
435000.0 -698.21934
438000.0 -705.51066
441000.0 -706.00584
444000.0 -717.74311
447000.0 -703.30668
450000.0 -706.81351
453000.0 -714.10349
456000.0 -712.25013
459000.0 -725.12632
462000.0 -714.98206
465000.0 -708.65977
468000.0 -707.38307
471000.0 -716.39846
474000.0 -717.98855
477000.0 -710.67145
480000.0 -703.68858
483000.0 -701.36015
486000.0 -697.96576
489000.0 -716.76726
492000.0 -696.10973
495000.0 -710.82731
498000.0 -698.15006
501000.0 -709.22494
504000.0 -700.85077
507000.0 -716.30696
510000.0 -720.30473
513000.0 -701.55087
516000.0 -701.24701
519000.0 -711.59618
522000.0 -698.71948
525000.0 -715.5135
528000.0 -705.80662
531000.0 -711.28183
534000.0 -709.62333
537000.0 -694.0353
540000.0 -721.67021
543000.0 -703.07264
546000.0 -712.26591
549000.0 -709.29542
552000.0 -709.46592
555000.0 -697.0894
558000.0 -717.23893
561000.0 -707.74529
564000.0 -702.01622
567000.0 -705.20204
570000.0 -705.10606
573000.0 -704.80113
576000.0 -710.20091
579000.0 -725.72522
582000.0 -699.0233
585000.0 -709.87106
588000.0 -700.35491
591000.0 -704.7067
594000.0 -709.13125
597000.0 -721.16007
600000.0 -689.05136
603000.0 -703.02569
606000.0 -710.12098
609000.0 -717.57367
612000.0 -693.98521
615000.0 -706.88437
618000.0 -709.34145
621000.0 -716.10246
624000.0 -712.4856
627000.0 -708.90342
630000.0 -714.16139
633000.0 -708.46909
636000.0 -710.57897
639000.0 -703.7311
642000.0 -722.14196
645000.0 -705.47583
648000.0 -703.6601
651000.0 -721.60155
654000.0 -702.92841
657000.0 -700.55953
660000.0 -712.99073
663000.0 -714.20638
666000.0 -715.34757
669000.0 -704.80552
672000.0 -697.57571
675000.0 -702.59687
678000.0 -706.94692
681000.0 -714.79067
684000.0 -703.60843
687000.0 -700.71467
690000.0 -725.67611
693000.0 -710.13465
696000.0 -713.44034
699000.0 -721.39516
702000.0 -708.61598
705000.0 -717.71287
708000.0 -718.64856
711000.0 -695.67985
714000.0 -713.871
717000.0 -710.57209
720000.0 -698.84709
723000.0 -708.58201
726000.0 -692.48969
729000.0 -708.12787
732000.0 -685.8539
735000.0 -720.63925
738000.0 -714.42353
741000.0 -708.80217
744000.0 -725.88707
747000.0 -719.55885
750000.0 -703.75104
753000.0 -717.46685
756000.0 -693.72942
759000.0 -704.99058
762000.0 -718.37284
765000.0 -704.66917
768000.0 -709.93395
771000.0 -692.57555
774000.0 -709.51398
777000.0 -710.68389
780000.0 -686.79417
783000.0 -720.80882
786000.0 -696.03667
789000.0 -713.23078
792000.0 -718.18766
795000.0 -704.43296
798000.0 -705.0864
801000.0 -700.53391
804000.0 -705.34098
807000.0 -713.37157
810000.0 -712.03902
813000.0 -723.52069
816000.0 -697.06193
819000.0 -719.62086
822000.0 -721.06832
825000.0 -726.11954
828000.0 -716.14917
831000.0 -710.15177
834000.0 -713.91049
837000.0 -707.89074
840000.0 -724.56906
843000.0 -708.67056
846000.0 -715.80458
849000.0 -707.82849
852000.0 -705.08781
855000.0 -715.67635
858000.0 -712.08693
861000.0 -705.56691
864000.0 -709.16782
867000.0 -688.74617
870000.0 -703.59285
873000.0 -707.83803
876000.0 -695.95685
879000.0 -706.54096
882000.0 -701.65241
885000.0 -701.99572
888000.0 -710.59998
891000.0 -702.81517
894000.0 -719.64767
897000.0 -703.56309
900000.0 -719.74802
