0.0 -5623.4534
3000.0 -4147.6394
6000.0 -4152.7687
9000.0 -4164.6877
12000.0 -4123.6688
15000.0 -4147.3006
18000.0 -4118.7881
21000.0 -4103.6753
24000.0 -4128.3117
27000.0 -4153.21
30000.0 -4077.6879
33000.0 -4104.4605
36000.0 -4150.5414
39000.0 -4110.2811
42000.0 -4161.2589
45000.0 -4131.4598
48000.0 -4107.1537
51000.0 -4145.5989
54000.0 -4155.9841
57000.0 -4145.2293
60000.0 -4107.1808
63000.0 -4136.9433
66000.0 -4117.8255
69000.0 -4172.4952
72000.0 -4132.9622
75000.0 -4127.1847
78000.0 -4155.1038
81000.0 -4164.8936
84000.0 -4128.1778
87000.0 -4128.6658
90000.0 -4149.9291
93000.0 -4120.3168
96000.0 -4143.8235
99000.0 -4130.7106
102000.0 -4102.6318
105000.0 -4155.264
108000.0 -4147.2699
111000.0 -4113.9717
114000.0 -4137.79
117000.0 -4131.2847
120000.0 -4137.6797
123000.0 -4125.608
126000.0 -4138.4713
129000.0 -4120.5803
132000.0 -4084.5518
135000.0 -4132.4557
138000.0 -4113.7324
141000.0 -4138.0363
144000.0 -4134.2539
147000.0 -4178.9229
150000.0 -4158.671
153000.0 -4149.5747
156000.0 -4129.5409
159000.0 -4180.1249
162000.0 -4143.4717
165000.0 -4136.1116
168000.0 -4150.2816
171000.0 -4112.9752
174000.0 -4165.5544
177000.0 -4150.4904
180000.0 -4123.5079
183000.0 -4096.0384
186000.0 -4147.858
189000.0 -4148.2309
192000.0 -4116.9742
195000.0 -4118.7858
198000.0 -4159.2231
201000.0 -4097.072
204000.0 -4125.4624
207000.0 -4137.3989
210000.0 -4144.67
213000.0 -4122.4078
216000.0 -4099.4655
219000.0 -4182.9783
222000.0 -4172.0954
225000.0 -4128.4272
228000.0 -4103.8663
231000.0 -4163.9376
234000.0 -4128.8592
237000.0 -4135.9737
240000.0 -4134.2111
243000.0 -4124.2527
246000.0 -4159.2115
249000.0 -4141.0413
252000.0 -4122.4319
255000.0 -4153.8734
258000.0 -4156.015
261000.0 -4161.8462
264000.0 -4128.0521
267000.0 -4105.4541
270000.0 -4129.3024
273000.0 -4141.2671
276000.0 -4112.1184
279000.0 -4146.7228
282000.0 -4158.8987
285000.0 -4088.0948
288000.0 -4133.8567
291000.0 -4140.1456
294000.0 -4125.6354
297000.0 -4083.7899
300000.0 -4160.7136
303000.0 -4099.4925
306000.0 -4148.1174
309000.0 -4167.5373
312000.0 -4132.3484
315000.0 -4155.6534
318000.0 -4139.4845
321000.0 -4114.0905
324000.0 -4108.0131
327000.0 -4127.8058
330000.0 -4127.6507
333000.0 -4094.4548
336000.0 -4144.714
339000.0 -4152.5353
342000.0 -4135.8953
345000.0 -4157.5393
348000.0 -4100.7275
351000.0 -4163.995
354000.0 -4118.9991
357000.0 -4138.3908
360000.0 -4150.1977
363000.0 -4113.0695
366000.0 -4159.6939
369000.0 -4114.0645
372000.0 -4171.1511
375000.0 -4140.0148
378000.0 -4121.3819
381000.0 -4185.5091
384000.0 -4157.645
387000.0 -4149.8481
390000.0 -4103.6844
393000.0 -4169.217
396000.0 -4112.3511
399000.0 -4125.9067
402000.0 -4150.7936
405000.0 -4168.4297
408000.0 -4131.5901
411000.0 -4133.3641
414000.0 -4085.9782
417000.0 -4113.3975
420000.0 -4132.39
423000.0 -4116.2886
426000.0 -4160.1192
429000.0 -4140.7219
432000.0 -4152.1029
435000.0 -4132.3219
438000.0 -4135.7315
441000.0 -4128.9485
444000.0 -4115.4327
447000.0 -4122.3668
450000.0 -4191.6063
453000.0 -4140.449
456000.0 -4162.4808
459000.0 -4167.0855
462000.0 -4132.268
465000.0 -4200.2224
468000.0 -4159.0075
471000.0 -4165.3186
474000.0 -4101.2067
477000.0 -4116.0877
480000.0 -4144.6671
483000.0 -4150.041
486000.0 -4134.2922
489000.0 -4079.7607
492000.0 -4135.5789
495000.0 -4179.6813
498000.0 -4151.7614
501000.0 -4123.7744
504000.0 -4168.8223
507000.0 -4155.8591
510000.0 -4113.5458
513000.0 -4129.3704
516000.0 -4153.8671
519000.0 -4099.0735
522000.0 -4152.2069
525000.0 -4140.1475
528000.0 -4155.829
531000.0 -4144.6851
534000.0 -4158.1471
537000.0 -4100.5026
540000.0 -4142.1818
543000.0 -4164.5631
546000.0 -4140.4662
549000.0 -4150.3019
552000.0 -4116.381
555000.0 -4129.0316
558000.0 -4092.2115
561000.0 -4131.5759
564000.0 -4129.0138
567000.0 -4159.6204
570000.0 -4151.1283
573000.0 -4128.2261
576000.0 -4145.207
579000.0 -4111.1177
582000.0 -4187.9137
585000.0 -4095.8597
588000.0 -4136.7263
591000.0 -4124.9527
594000.0 -4141.9424
597000.0 -4142.9823
600000.0 -4192.7923
603000.0 -4135.9957
606000.0 -4147.8493
609000.0 -4155.784
612000.0 -4141.6006
615000.0 -4119.3523
618000.0 -4138.3841
621000.0 -4126.6478
624000.0 -4140.5713
627000.0 -4181.328
630000.0 -4110.9262
633000.0 -4153.6508
636000.0 -4144.8406
639000.0 -4124.984
642000.0 -4127.7798
645000.0 -4142.0525
648000.0 -4161.8134
651000.0 -4107.2575
654000.0 -4129.4974
657000.0 -4161.6564
660000.0 -4183.7357
663000.0 -4131.0652
666000.0 -4150.426
669000.0 -4122.2777
672000.0 -4145.8918
675000.0 -4115.3257
678000.0 -4140.5075
681000.0 -4150.3455
684000.0 -4129.9506
687000.0 -4100.7008
690000.0 -4121.6284
693000.0 -4124.3386
696000.0 -4183.5411
699000.0 -4120.7673
702000.0 -4147.1629
705000.0 -4139.7596
708000.0 -4118.9525
711000.0 -4135.599
714000.0 -4167.9476
717000.0 -4151.089
720000.0 -4156.8889
723000.0 -4094.3891
726000.0 -4123.2613
729000.0 -4112.0501
732000.0 -4150.7936
735000.0 -4109.5835
738000.0 -4112.1972
741000.0 -4102.2479
744000.0 -4148.4256
747000.0 -4144.7939
750000.0 -4128.3617
753000.0 -4150.5949
756000.0 -4162.5377
759000.0 -4123.0104
762000.0 -4148.2911
765000.0 -4134.6876
768000.0 -4155.695
771000.0 -4086.9557
774000.0 -4103.9356
777000.0 -4185.8313
780000.0 -4164.7755
783000.0 -4105.0017
786000.0 -4136.2414
789000.0 -4159.1243
792000.0 -4180.3578
795000.0 -4147.6296
798000.0 -4096.8618
801000.0 -4090.7061
804000.0 -4170.0311
807000.0 -4114.9471
810000.0 -4147.5672
813000.0 -4149.6491
816000.0 -4145.4423
819000.0 -4145.323
822000.0 -4139.0451
825000.0 -4101.9102
828000.0 -4138.993
831000.0 -4150.1111
834000.0 -4159.8267
837000.0 -4141.0166
840000.0 -4132.0189
843000.0 -4168.0268
846000.0 -4162.7022
849000.0 -4152.5375
852000.0 -4150.9793
855000.0 -4129.7253
858000.0 -4126.2404
861000.0 -4126.3067
864000.0 -4163.1869
867000.0 -4099.0958
870000.0 -4166.3277
873000.0 -4101.6991
876000.0 -4153.1649
879000.0 -4135.175
882000.0 -4147.4239
885000.0 -4140.8659
888000.0 -4139.8877
891000.0 -4111.909
894000.0 -4156.8543
897000.0 -4080.7285
900000.0 -4154.7192
