0.0 952.70177
3500.0 3280.9896
7000.0 3331.3625
10500.0 3379.0057
14000.0 3499.8589
17500.0 3533.4739
21000.0 3579.5121
24500.0 3733.5783
28000.0 3877.6248
31500.0 3795.275
35000.0 3826.0035
38500.0 3966.5906
42000.0 3949.5998
45500.0 4164.6118
49000.0 4212.254
52500.0 4362.9499
56000.0 4421.9749
59500.0 4688.5674
63000.0 4590.3142
66500.0 4641.5746
70000.0 4836.2843
73500.0 5078.3002
77000.0 4994.5745
80500.0 5111.5472
84000.0 5181.4329
87500.0 5369.4568
91000.0 5442.6651
94500.0 5522.8761
98000.0 5526.1188
101500.0 5857.3374
105000.0 5861.5955
108500.0 5948.5788
112000.0 5922.175
115500.0 6086.5528
119000.0 6038.5339
122500.0 6139.4405
126000.0 6266.3138
129500.0 6199.5192
133000.0 6070.3495
136500.0 6222.7125
140000.0 6296.6447
143500.0 6214.9785
147000.0 6063.6255
150500.0 6325.6363
154000.0 6144.5303
157500.0 6018.9809
161000.0 5823.8448
164500.0 5923.1868
168000.0 5679.2649
171500.0 5833.6709
175000.0 5653.6548
178500.0 5789.4301
182000.0 5757.5368
185500.0 5494.0514
189000.0 5680.1197
192500.0 5616.0109
196000.0 5529.0676
199500.0 5623.1147
203000.0 5518.8492
206500.0 5773.0573
210000.0 5667.3213
213500.0 5677.4567
217000.0 5799.3552
220500.0 5627.6962
224000.0 5818.3789
227500.0 5764.6435
231000.0 5903.3833
234500.0 5716.978
238000.0 5936.7036
241500.0 5936.6521
245000.0 5986.0492
248500.0 5997.2298
252000.0 6212.3099
255500.0 6062.8268
259000.0 6024.7959
262500.0 6121.9688
266000.0 6055.1969
269500.0 6040.6578
273000.0 6078.1501
276500.0 6030.8765
280000.0 5908.519
283500.0 5916.0231
287000.0 5702.3082
290500.0 5880.7906
294000.0 5718.7158
297500.0 5773.781
301000.0 5893.4261
304500.0 5734.9159
308000.0 5750.1418
311500.0 5664.4349
315000.0 5617.1911
318500.0 5667.5672
322000.0 5581.2632
325500.0 5624.8349
329000.0 5603.7493
332500.0 5684.2158
336000.0 5824.8634
339500.0 5891.8729
343000.0 5617.4961
346500.0 5888.5432
350000.0 6000.5203
353500.0 6002.6038
357000.0 5875.239
360500.0 5859.5812
364000.0 6031.2812
367500.0 5970.6611
371000.0 6141.9391
374500.0 5879.0723
378000.0 6097.0021
381500.0 6110.2116
385000.0 6015.2545
388500.0 6005.8653
392000.0 6080.5429
395500.0 6049.9182
399000.0 6028.1064
402500.0 6033.7171
406000.0 5865.5678
409500.0 5701.4396
413000.0 5803.0594
416500.0 5685.9729
420000.0 5737.731
423500.0 5738.114
427000.0 5812.8569
430500.0 5749.6221
434000.0 5674.3615
437500.0 5778.7397
441000.0 5565.7101
444500.0 5769.5165
448000.0 5564.2727
451500.0 5721.3992
455000.0 5950.4712
458500.0 5948.2685
462000.0 5763.541
465500.0 5741.8522
469000.0 5880.5833
472500.0 5788.2511
476000.0 5848.2469
479500.0 6105.0482
483000.0 5788.321
486500.0 5847.0012
490000.0 6128.4717
493500.0 6110.2898
497000.0 5994.8633
500500.0 5814.7262
504000.0 5938.9252
507500.0 5964.6128
511000.0 5904.8898
514500.0 5869.9508
518000.0 5984.0942
521500.0 5900.0688
525000.0 5866.2388
528500.0 5735.0552
532000.0 5747.3957
535500.0 5746.9977
539000.0 5852.0081
542500.0 5746.565
546000.0 5765.8902
549500.0 5617.6259
553000.0 5612.9035
556500.0 5715.7022
560000.0 5629.479
563500.0 5849.5137
567000.0 5943.1918
570500.0 5848.2447
574000.0 5884.2002
577500.0 5849.9779
581000.0 5954.8251
584500.0 5769.823
588000.0 5928.483
591500.0 5852.9713
595000.0 5731.6107
598500.0 5791.0243
602000.0 5683.2763
605500.0 5894.0905
609000.0 5819.9384
612500.0 5931.8139
616000.0 5943.5909
619500.0 5984.4901
623000.0 5888.1582
626500.0 5803.6805
630000.0 5995.8114
633500.0 5894.56
637000.0 6048.4546
640500.0 5857.0852
644000.0 5814.004
647500.0 5873.9163
651000.0 5829.4406
654500.0 5728.7911
658000.0 5815.9524
661500.0 6001.3887
665000.0 5875.446
668500.0 5726.2072
672000.0 5985.558
675500.0 5575.9515
679000.0 5823.5797
682500.0 5823.6105
686000.0 5876.0995
689500.0 5849.8355
693000.0 5889.2687
696500.0 5884.4896
700000.0 5991.4849
703500.0 5840.0145
707000.0 6041.9892
710500.0 5857.3728
714000.0 5749.5158
717500.0 5765.2413
721000.0 5801.2498
724500.0 5722.6914
728000.0 5743.2843
731500.0 5739.4625
735000.0 5683.5297
738500.0 5767.5864
742000.0 5592.9803
745500.0 5776.3783
749000.0 5630.133
752500.0 5707.3561
756000.0 5801.6448
759500.0 5653.403
763000.0 5771.1234
766500.0 5800.9994
770000.0 5764.8106
773500.0 5873.4973
777000.0 6081.3877
780500.0 5912.0323
784000.0 5925.4801
787500.0 6108.4963
791000.0 5945.15
794500.0 6214.2992
798000.0 6171.1489
799995.0 6145.0215
