0.0 463.03903
4500.0 449.42255
9000.0 454.06896
13500.0 443.08376
18000.0 459.93996
22500.0 467.82182
27000.0 456.971
31500.0 435.19209
36000.0 460.69432
40500.0 470.5534
45000.0 460.08831
49500.0 473.27632
54000.0 481.01917
58500.0 474.24396
63000.0 476.90619
67500.0 485.21902
72000.0 440.26115
76500.0 482.27201
81000.0 472.0565
85500.0 458.36402
90000.0 475.8302
94500.0 458.12394
99000.0 433.83039
103500.0 466.27311
108000.0 457.26771
112500.0 450.22056
117000.0 469.78559
121500.0 470.12683
126000.0 465.66626
130500.0 458.14787
135000.0 472.63889
139500.0 453.60672
144000.0 487.42962
148500.0 451.11066
153000.0 463.99521
157500.0 449.79318
162000.0 447.45025
166500.0 464.19201
171000.0 486.20954
175500.0 462.8703
180000.0 462.96189
184500.0 451.88215
189000.0 466.2434
193500.0 453.0265
198000.0 447.29581
202500.0 456.07191
207000.0 449.00713
211500.0 474.2918
216000.0 475.57
220500.0 463.69933
225000.0 444.70519
229500.0 459.38665
234000.0 461.09478
238500.0 446.82803
243000.0 463.87192
247500.0 483.11181
252000.0 452.20488
256500.0 467.20471
261000.0 483.38147
265500.0 450.35164
270000.0 433.3271
274500.0 445.19459
279000.0 452.47319
283500.0 465.63905
288000.0 467.40136
292500.0 474.04524
297000.0 477.24212
301500.0 476.86311
306000.0 485.75356
310500.0 480.09489
315000.0 461.96305
319500.0 456.10602
324000.0 458.31004
328500.0 454.0851
333000.0 464.11804
337500.0 490.04597
342000.0 455.74533
346500.0 480.72497
351000.0 469.98123
355500.0 474.82141
360000.0 455.50105
364500.0 449.03724
369000.0 472.01636
373500.0 477.98112
378000.0 446.22277
382500.0 447.96343
387000.0 475.49804
391500.0 458.23367
396000.0 462.07172
400500.0 463.8192
405000.0 445.94225
409500.0 466.76511
414000.0 462.2136
418500.0 458.54456
423000.0 478.24382
427500.0 462.57572
432000.0 472.54443
436500.0 465.67579
441000.0 451.72776
445500.0 464.32511
450000.0 456.65199
454500.0 461.3962
459000.0 465.55681
463500.0 465.6698
468000.0 476.46607
472500.0 472.82518
477000.0 453.25516
481500.0 475.22199
486000.0 467.56996
490500.0 451.42532
495000.0 448.78141
499500.0 429.29335
504000.0 470.03915
508500.0 447.50723
513000.0 481.40506
517500.0 464.94737
522000.0 476.21007
526500.0 467.92274
531000.0 463.64147
535500.0 452.91975
540000.0 486.29081
544500.0 436.4432
549000.0 457.01601
553500.0 458.44323
558000.0 459.09216
562500.0 458.80464
567000.0 450.74242
571500.0 459.68823
576000.0 485.54156
580500.0 483.75641
585000.0 450.09958
589500.0 482.79011
594000.0 466.18236
598500.0 495.20892
603000.0 454.76668
607500.0 487.53884
612000.0 473.13412
616500.0 450.85816
621000.0 485.2925
625500.0 450.80674
630000.0 449.84673
634500.0 456.73768
639000.0 448.11433
643500.0 455.93101
648000.0 454.33776
652500.0 449.31496
657000.0 453.69862
661500.0 448.60452
666000.0 462.08817
670500.0 448.14773
675000.0 457.12194
679500.0 469.97616
684000.0 476.83658
688500.0 495.27139
693000.0 475.79316
697500.0 465.7695
702000.0 460.81902
706500.0 460.39729
711000.0 458.63115
715500.0 463.88431
720000.0 462.47196
724500.0 473.83185
729000.0 465.00419
733500.0 455.66761
738000.0 450.63345
742500.0 454.66982
747000.0 445.36989
751500.0 476.36355
756000.0 471.16848
760500.0 462.17731
765000.0 466.82142
769500.0 470.0282
774000.0 504.19102
778500.0 482.55041
783000.0 467.04663
787500.0 459.03354
792000.0 496.84332
796500.0 473.7204
801000.0 455.6971
805500.0 463.64778
810000.0 465.77893
814500.0 483.4456
819000.0 468.16041
823500.0 472.03927
828000.0 470.19884
832500.0 467.06922
837000.0 463.02521
841500.0 488.10122
846000.0 474.37453
850500.0 476.09695
855000.0 445.00687
859500.0 442.14027
864000.0 489.96913
868500.0 464.7972
873000.0 463.07366
877500.0 462.02788
882000.0 453.90556
886500.0 482.03649
891000.0 469.7171
895500.0 477.6553
900000.0 485.13344
