0.0 180.0
3000.0 176.55936
6000.0 179.37955
9000.0 180.89008
12000.0 179.81898
15000.0 177.98627
18000.0 181.19299
21000.0 181.72163
24000.0 183.78281
27000.0 180.11351
30000.0 179.99597
33000.0 179.0411
36000.0 179.10095
39000.0 176.36264
42000.0 179.72323
45000.0 180.75119
48000.0 183.17859
51000.0 179.77623
54000.0 177.27639
57000.0 178.29436
60000.0 179.66585
63000.0 184.89048
66000.0 178.87337
69000.0 181.91314
72000.0 177.65613
75000.0 182.29839
78000.0 174.7435
81000.0 179.44911
84000.0 184.94697
87000.0 180.32639
90000.0 181.64364
93000.0 180.32972
96000.0 182.64843
99000.0 178.1491
102000.0 180.74735
105000.0 180.00541
108000.0 182.3563
111000.0 179.7915
114000.0 178.8722
117000.0 180.06874
120000.0 181.64387
123000.0 182.70342
126000.0 179.00261
129000.0 182.31925
132000.0 180.77288
135000.0 180.73627
138000.0 180.81545
141000.0 178.97229
144000.0 179.15422
147000.0 177.39715
150000.0 178.27621
153000.0 180.05911
156000.0 180.29127
159000.0 178.8597
162000.0 182.59438
165000.0 180.46135
168000.0 178.43745
171000.0 180.26963
174000.0 180.35527
177000.0 179.99815
180000.0 184.67337
183000.0 177.26874
186000.0 180.39571
189000.0 176.23524
192000.0 179.03205
195000.0 181.01907
198000.0 181.72686
201000.0 179.16173
204000.0 177.17648
207000.0 181.22574
210000.0 183.29511
213000.0 179.25029
216000.0 183.49965
219000.0 177.59685
222000.0 177.78439
225000.0 179.40565
228000.0 178.67092
231000.0 180.29782
234000.0 177.72264
237000.0 180.38166
240000.0 181.30378
243000.0 181.84339
246000.0 180.26728
249000.0 182.08391
252000.0 185.76347
255000.0 178.43729
258000.0 180.67745
261000.0 180.199
264000.0 178.93644
267000.0 179.65372
270000.0 176.99309
273000.0 181.27307
276000.0 180.4321
279000.0 176.38364
282000.0 180.25034
285000.0 179.4367
288000.0 181.82265
291000.0 180.62025
294000.0 180.23922
297000.0 179.02138
300000.0 180.06206
303000.0 174.42035
306000.0 177.84674
309000.0 179.07484
312000.0 183.07128
315000.0 180.85549
318000.0 180.37249
321000.0 179.3608
324000.0 178.24928
327000.0 181.1221
330000.0 176.43923
333000.0 180.61722
336000.0 180.61871
339000.0 181.38581
342000.0 182.99633
345000.0 176.83513
348000.0 179.88614
351000.0 183.12409
354000.0 177.50445
357000.0 180.30505
360000.0 179.84111
363000.0 180.21097
366000.0 181.21999
369000.0 179.12928
372000.0 179.56066
375000.0 178.94542
378000.0 175.96444
381000.0 177.73803
384000.0 182.78591
387000.0 176.57295
390000.0 182.1724
393000.0 179.70998
396000.0 178.19752
399000.0 180.65899
402000.0 178.1568
405000.0 181.79697
408000.0 177.57391
411000.0 182.64151
414000.0 177.98924
417000.0 183.43912
420000.0 180.2072
423000.0 179.5231
426000.0 178.2754
429000.0 179.82792
432000.0 180.97294
435000.0 179.47817
438000.0 176.08297
441000.0 181.62312
444000.0 178.37591
447000.0 179.3503
450000.0 180.35428
453000.0 181.62901
456000.0 180.18395
459000.0 178.1954
462000.0 182.36263
465000.0 177.458
468000.0 179.09672
471000.0 182.70384
474000.0 176.70786
477000.0 178.93766
480000.0 182.42898
483000.0 182.09791
486000.0 181.85694
489000.0 177.36557
492000.0 182.62825
495000.0 177.79529
498000.0 179.97355
501000.0 176.67902
504000.0 180.26774
507000.0 177.73082
510000.0 180.23799
513000.0 179.87332
516000.0 178.36613
519000.0 180.55512
522000.0 175.98677
525000.0 179.18066
528000.0 179.14041
531000.0 180.77061
534000.0 180.73233
537000.0 177.66208
540000.0 178.51185
543000.0 182.07208
546000.0 182.434
549000.0 181.50675
552000.0 183.27843
555000.0 180.23757
558000.0 179.69487
561000.0 177.59231
564000.0 181.06325
567000.0 180.41389
570000.0 178.18907
573000.0 181.9939
576000.0 176.71355
579000.0 178.119
582000.0 177.16604
585000.0 177.38584
588000.0 178.50273
591000.0 180.45069
594000.0 180.63908
597000.0 181.1568
600000.0 179.73252
603000.0 177.99092
606000.0 177.33952
609000.0 181.44005
612000.0 176.41054
615000.0 177.45027
618000.0 176.78026
621000.0 177.1506
624000.0 183.09361
627000.0 178.84721
630000.0 182.10162
633000.0 180.51292
636000.0 174.73022
639000.0 181.36057
642000.0 181.65054
645000.0 182.00319
648000.0 180.05618
651000.0 182.95384
654000.0 180.66949
657000.0 179.87782
660000.0 182.34712
663000.0 179.04128
666000.0 178.65807
669000.0 175.4181
672000.0 181.34251
675000.0 180.67118
678000.0 181.59949
681000.0 182.91572
684000.0 185.29029
687000.0 179.45878
690000.0 176.84625
693000.0 182.02094
696000.0 183.27658
699000.0 180.77162
702000.0 181.94774
705000.0 176.84244
708000.0 179.60172
711000.0 180.16592
714000.0 179.8615
717000.0 179.59687
720000.0 183.16877
723000.0 181.56792
726000.0 179.80755
729000.0 176.82613
732000.0 180.63165
735000.0 176.71718
738000.0 181.60659
741000.0 175.48653
744000.0 182.12191
747000.0 179.04392
750000.0 177.31638
753000.0 179.50836
756000.0 180.22703
759000.0 182.36105
762000.0 175.82896
765000.0 181.81537
768000.0 179.31237
771000.0 179.86542
774000.0 180.44158
777000.0 179.4715
780000.0 179.75607
783000.0 182.57067
786000.0 178.76807
789000.0 182.40205
792000.0 179.15829
795000.0 179.49328
798000.0 182.58102
801000.0 177.7647
804000.0 181.37068
807000.0 179.12749
810000.0 179.6895
813000.0 180.63324
816000.0 182.47656
819000.0 177.8275
822000.0 179.8543
825000.0 181.90394
828000.0 177.39986
831000.0 184.58381
834000.0 175.80935
837000.0 175.83333
840000.0 178.10523
843000.0 179.77047
846000.0 177.04005
849000.0 183.31203
852000.0 178.29049
855000.0 176.97252
858000.0 180.05286
861000.0 182.38008
864000.0 176.93421
867000.0 178.03492
870000.0 177.95358
873000.0 182.76985
876000.0 178.65868
879000.0 179.58892
882000.0 177.76348
885000.0 178.13117
888000.0 179.31601
891000.0 177.31237
894000.0 179.22729
897000.0 181.47291
900000.0 178.92536
