0.0 180.0
3000.0 182.95954
6000.0 179.31136
9000.0 178.64271
12000.0 179.52253
15000.0 180.16004
18000.0 180.75691
21000.0 178.01607
24000.0 178.70343
27000.0 181.85212
30000.0 182.06065
33000.0 181.37969
36000.0 180.32552
39000.0 182.50175
42000.0 178.71993
45000.0 179.92795
48000.0 179.66555
51000.0 179.14745
54000.0 178.44172
57000.0 182.43068
60000.0 178.15773
63000.0 175.06714
66000.0 179.49442
69000.0 178.96545
72000.0 180.79653
75000.0 181.52437
78000.0 181.24071
81000.0 181.31315
84000.0 178.70844
87000.0 178.7629
90000.0 179.19055
93000.0 182.05976
96000.0 177.25605
99000.0 179.1775
102000.0 180.72821
105000.0 178.37339
108000.0 180.24393
111000.0 178.22246
114000.0 179.14967
117000.0 181.68031
120000.0 179.70994
123000.0 178.96799
126000.0 178.78365
129000.0 179.51974
132000.0 179.96435
135000.0 180.61824
138000.0 178.3068
141000.0 182.08777
144000.0 184.04443
147000.0 180.44012
150000.0 178.91644
153000.0 179.01931
156000.0 178.94286
159000.0 180.8144
162000.0 181.07033
165000.0 181.12149
168000.0 181.38066
171000.0 182.00545
174000.0 181.58403
177000.0 182.20915
180000.0 180.51003
183000.0 179.48956
186000.0 179.55905
189000.0 185.87061
192000.0 182.69754
195000.0 179.94531
198000.0 180.71227
201000.0 178.72182
204000.0 178.78543
207000.0 181.35927
210000.0 180.98119
213000.0 179.62778
216000.0 179.36057
219000.0 181.45012
222000.0 180.54743
225000.0 178.55197
228000.0 180.17822
231000.0 180.32716
234000.0 174.59852
237000.0 178.22553
240000.0 179.81666
243000.0 179.73576
246000.0 177.76361
249000.0 181.24586
252000.0 182.0574
255000.0 179.88039
258000.0 180.52698
261000.0 180.31438
264000.0 179.23367
267000.0 179.39749
270000.0 181.05865
273000.0 180.46132
276000.0 178.05302
279000.0 180.76656
282000.0 180.64473
285000.0 177.43082
288000.0 178.76447
291000.0 179.0857
294000.0 182.45973
297000.0 179.91399
300000.0 179.6518
303000.0 177.87042
306000.0 179.54217
309000.0 182.34232
312000.0 182.2698
315000.0 179.66332
318000.0 182.0528
321000.0 180.87276
324000.0 179.44318
327000.0 178.70011
330000.0 182.48845
333000.0 178.88643
336000.0 180.8429
339000.0 181.04726
342000.0 178.36606
345000.0 180.47459
348000.0 182.85222
351000.0 180.24618
354000.0 182.16271
357000.0 180.11803
360000.0 180.36529
363000.0 180.13757
366000.0 182.45712
369000.0 179.54136
372000.0 181.77365
375000.0 180.06408
378000.0 178.82308
381000.0 179.41127
384000.0 180.65438
387000.0 180.16369
390000.0 181.35646
393000.0 179.26047
396000.0 180.01283
399000.0 178.41079
402000.0 176.05968
405000.0 177.42412
408000.0 180.12182
411000.0 183.23657
414000.0 177.55147
417000.0 182.06099
420000.0 176.35093
423000.0 176.75361
426000.0 181.63705
429000.0 179.75985
432000.0 178.37701
435000.0 179.3568
438000.0 177.50857
441000.0 181.15684
444000.0 181.49082
447000.0 183.7905
450000.0 179.17224
453000.0 180.09475
456000.0 179.56154
459000.0 178.86095
462000.0 184.06655
465000.0 180.2497
468000.0 177.17981
471000.0 180.78549
474000.0 181.2684
477000.0 182.49066
480000.0 180.1233
483000.0 183.23045
486000.0 180.0562
489000.0 182.80917
492000.0 179.74775
495000.0 179.5147
498000.0 179.12422
501000.0 178.79785
504000.0 179.97194
507000.0 178.65583
510000.0 180.40191
513000.0 179.66793
516000.0 180.98539
519000.0 182.26237
522000.0 179.8854
525000.0 180.64992
528000.0 181.99478
531000.0 178.48703
534000.0 177.81605
537000.0 178.16522
540000.0 180.72927
543000.0 181.22781
546000.0 179.77906
549000.0 178.72532
552000.0 175.94922
555000.0 178.28664
558000.0 176.87315
561000.0 177.05112
564000.0 179.53098
567000.0 177.4945
570000.0 181.29738
573000.0 180.36028
576000.0 185.07386
579000.0 180.11493
582000.0 179.75681
585000.0 180.44578
588000.0 177.73362
591000.0 179.6319
594000.0 178.56246
597000.0 182.94876
600000.0 180.65078
603000.0 181.26346
606000.0 177.05133
609000.0 181.54363
612000.0 181.07852
615000.0 181.89737
618000.0 181.87799
621000.0 178.86071
624000.0 179.89948
627000.0 180.29558
630000.0 176.21368
633000.0 178.45844
636000.0 180.00375
639000.0 182.75343
642000.0 179.76032
645000.0 181.62151
648000.0 183.42481
651000.0 181.55035
654000.0 176.392
657000.0 180.29358
660000.0 179.29496
663000.0 178.85811
666000.0 184.64238
669000.0 180.66752
672000.0 179.1311
675000.0 179.84676
678000.0 180.37886
681000.0 180.80781
684000.0 180.69284
687000.0 180.3971
690000.0 181.21791
693000.0 178.17645
696000.0 179.55308
699000.0 180.98466
702000.0 182.89862
705000.0 178.26476
708000.0 178.3768
711000.0 180.40299
714000.0 178.92314
717000.0 179.67194
720000.0 178.80853
723000.0 182.66488
726000.0 176.7698
729000.0 176.59665
732000.0 180.99991
735000.0 179.6981
738000.0 181.66775
741000.0 178.35007
744000.0 177.24245
747000.0 180.76334
750000.0 177.66773
753000.0 179.14459
756000.0 179.14006
759000.0 179.91582
762000.0 180.8251
765000.0 180.33545
768000.0 180.84733
771000.0 179.00025
774000.0 180.77657
777000.0 178.3514
780000.0 182.25943
783000.0 177.197
786000.0 176.56068
789000.0 180.35216
792000.0 180.9636
795000.0 181.3448
798000.0 177.57696
801000.0 176.83916
804000.0 178.31708
807000.0 180.7553
810000.0 180.77503
813000.0 184.29007
816000.0 182.45359
819000.0 180.81869
822000.0 178.60523
825000.0 178.52398
828000.0 182.79822
831000.0 179.31715
834000.0 178.60332
837000.0 180.51344
840000.0 180.11388
843000.0 180.78912
846000.0 180.27079
849000.0 182.06644
852000.0 178.26141
855000.0 180.46651
858000.0 179.50742
861000.0 180.24959
864000.0 179.09579
867000.0 178.82904
870000.0 179.55826
873000.0 180.00357
876000.0 176.62614
879000.0 177.76472
882000.0 183.17733
885000.0 181.76503
888000.0 177.74659
891000.0 178.54039
894000.0 181.23109
897000.0 180.10824
900000.0 177.25155
