0.0 952.70177
4000.0 3590.7368
8000.0 4018.981
12000.0 4448.8096
16000.0 4745.5319
20000.0 4764.8473
24000.0 4983.0265
28000.0 5117.2921
32000.0 5282.2654
36000.0 5434.8778
40000.0 5317.7225
44000.0 5489.3884
48000.0 5403.0631
52000.0 5602.9186
56000.0 5456.9328
60000.0 5544.6366
64000.0 5438.0008
68000.0 5570.2007
72000.0 5867.0351
76000.0 5661.2403
80000.0 5633.2863
84000.0 5621.3776
88000.0 5525.7044
92000.0 5638.2746
96000.0 5698.3737
100000.0 5773.3107
104000.0 5813.6147
108000.0 5602.1649
112000.0 5689.0101
116000.0 5724.1822
120000.0 5755.7085
124000.0 5693.3344
128000.0 5674.0507
132000.0 5697.9841
136000.0 5542.3047
140000.0 5728.5764
144000.0 5752.2205
148000.0 5707.4118
152000.0 5781.9172
156000.0 5489.022
160000.0 5826.6711
164000.0 5766.507
168000.0 5671.698
172000.0 5760.2266
176000.0 5661.4848
180000.0 5765.9499
184000.0 5628.7426
188000.0 5669.1187
192000.0 5649.9796
196000.0 5642.3487
200000.0 5743.9902
204000.0 5709.4261
208000.0 5659.291
212000.0 5815.8965
216000.0 5579.2171
220000.0 5691.8352
224000.0 5672.1287
228000.0 5828.4592
232000.0 5832.5981
236000.0 5717.316
240000.0 5639.9831
244000.0 5617.1504
248000.0 5739.2402
252000.0 5680.9989
256000.0 5656.0789
260000.0 5681.8789
264000.0 5699.2046
268000.0 5576.6038
272000.0 5649.5877
276000.0 5677.1433
280000.0 5594.5438
284000.0 5724.3721
288000.0 5768.3026
292000.0 5887.745
296000.0 5714.2042
300000.0 5643.5853
304000.0 5773.9524
308000.0 5612.8136
312000.0 5739.1285
316000.0 5734.2219
320000.0 5835.3117
324000.0 5629.6782
328000.0 5740.0434
332000.0 5579.7593
336000.0 5575.204
340000.0 5826.7955
344000.0 5552.5152
348000.0 5743.5047
352000.0 5818.5508
356000.0 5749.5075
360000.0 5716.689
364000.0 5639.4452
368000.0 5651.3735
372000.0 5641.1243
376000.0 5768.6032
380000.0 5741.6342
384000.0 5687.8833
388000.0 5629.5412
392000.0 5695.0154
396000.0 5700.8763
400000.0 5661.7689
404000.0 5800.2942
408000.0 5643.9671
412000.0 5812.9891
416000.0 5716.451
420000.0 5695.224
424000.0 5753.8228
428000.0 5749.4744
432000.0 5639.2246
436000.0 5732.9189
440000.0 5642.3064
444000.0 5653.1859
448000.0 5845.9585
452000.0 5664.564
456000.0 5602.12
460000.0 5688.5082
464000.0 5801.4254
468000.0 5901.1397
472000.0 5849.3599
476000.0 5766.1974
480000.0 5585.7407
484000.0 5780.2878
488000.0 5887.265
492000.0 5785.011
496000.0 5839.3584
500000.0 5671.3685
504000.0 5645.3116
508000.0 5563.3235
512000.0 5710.8126
516000.0 5706.0055
520000.0 5834.1441
524000.0 5751.1815
528000.0 5656.5946
532000.0 5717.6179
536000.0 5757.9072
540000.0 5563.2047
544000.0 5755.2833
548000.0 5699.1462
552000.0 5699.2454
556000.0 5671.5984
560000.0 5679.341
564000.0 5651.0621
568000.0 5712.8066
572000.0 5743.6792
576000.0 5788.9923
580000.0 5831.24
584000.0 5665.1314
588000.0 5697.0869
592000.0 5631.5594
596000.0 5670.7311
600000.0 5789.9729
604000.0 5810.8082
608000.0 5672.2538
612000.0 5729.0876
616000.0 5782.531
620000.0 5662.6539
624000.0 5702.9349
628000.0 5643.3368
632000.0 5678.8755
636000.0 5627.0021
640000.0 5809.9771
644000.0 5640.2059
648000.0 5728.2974
652000.0 5740.2822
656000.0 5673.7279
660000.0 5591.7653
664000.0 5764.0297
668000.0 5785.3672
672000.0 5702.424
676000.0 5703.1571
680000.0 5551.4952
684000.0 5694.4543
688000.0 5688.491
692000.0 5787.759
696000.0 5831.2246
700000.0 5712.9209
704000.0 5712.5477
708000.0 5681.5772
712000.0 5817.8288
716000.0 5832.7586
720000.0 5691.2282
724000.0 5747.4789
728000.0 5872.3628
732000.0 5673.2798
736000.0 5726.2783
740000.0 5859.1429
744000.0 5729.0085
748000.0 5844.8427
752000.0 5707.542
756000.0 5693.5986
760000.0 5789.7632
764000.0 5794.8162
768000.0 5749.0779
772000.0 5589.6881
776000.0 5734.7172
780000.0 5734.1455
784000.0 5792.6523
788000.0 5789.0121
792000.0 5673.5073
796000.0 5682.4049
800000.0 5674.3058
