0.0 -1666.2084
4500.0 -1208.1269
9000.0 -1219.0044
13500.0 -1244.393
18000.0 -1249.8676
22500.0 -1230.3465
27000.0 -1209.8793
31500.0 -1241.4209
36000.0 -1231.1251
40500.0 -1220.6968
45000.0 -1224.2661
49500.0 -1226.6532
54000.0 -1239.1623
58500.0 -1220.2268
63000.0 -1219.8114
67500.0 -1219.7288
72000.0 -1237.3879
76500.0 -1230.9716
81000.0 -1203.4204
85500.0 -1235.5947
90000.0 -1218.4916
94500.0 -1230.7476
99000.0 -1239.7666
103500.0 -1231.656
108000.0 -1232.9762
112500.0 -1244.8562
117000.0 -1222.93
121500.0 -1215.0205
126000.0 -1240.4058
130500.0 -1215.9536
135000.0 -1226.6488
139500.0 -1234.207
144000.0 -1256.5107
148500.0 -1228.7136
153000.0 -1241.6695
157500.0 -1239.9498
162000.0 -1235.077
166500.0 -1242.7358
171000.0 -1215.4466
175500.0 -1208.4915
180000.0 -1210.8275
184500.0 -1215.8962
189000.0 -1239.7731
193500.0 -1225.3008
198000.0 -1213.4109
202500.0 -1207.6285
207000.0 -1225.9905
211500.0 -1242.6885
216000.0 -1218.9081
220500.0 -1236.837
225000.0 -1234.0592
229500.0 -1235.7962
234000.0 -1222.884
238500.0 -1235.4496
243000.0 -1227.7799
247500.0 -1230.3552
252000.0 -1220.4913
256500.0 -1205.1423
261000.0 -1227.4294
265500.0 -1227.0731
270000.0 -1228.4539
274500.0 -1221.0236
279000.0 -1237.9705
283500.0 -1225.9061
288000.0 -1241.7547
292500.0 -1233.1378
297000.0 -1246.8966
301500.0 -1227.2346
306000.0 -1231.121
310500.0 -1227.6504
315000.0 -1213.7174
319500.0 -1237.4248
324000.0 -1217.0253
328500.0 -1210.1474
333000.0 -1227.3446
337500.0 -1241.4211
342000.0 -1228.4083
346500.0 -1229.2713
351000.0 -1231.3394
355500.0 -1249.5006
360000.0 -1232.945
364500.0 -1225.709
369000.0 -1227.1028
373500.0 -1210.9316
378000.0 -1232.1398
382500.0 -1235.213
387000.0 -1225.3789
391500.0 -1235.1766
396000.0 -1215.7726
400500.0 -1233.5286
405000.0 -1245.1423
409500.0 -1212.8941
414000.0 -1241.6927
418500.0 -1238.4087
423000.0 -1228.651
427500.0 -1238.9995
432000.0 -1226.1008
436500.0 -1220.866
441000.0 -1221.1862
445500.0 -1223.9378
450000.0 -1224.9526
454500.0 -1214.138
459000.0 -1246.7102
463500.0 -1216.2348
468000.0 -1227.7211
472500.0 -1231.6812
477000.0 -1246.1777
481500.0 -1225.3616
486000.0 -1210.054
490500.0 -1212.0381
495000.0 -1225.9478
499500.0 -1229.9842
504000.0 -1222.2704
508500.0 -1242.0814
513000.0 -1222.9202
517500.0 -1233.2445
522000.0 -1236.8925
526500.0 -1197.8348
531000.0 -1228.4011
535500.0 -1246.3301
540000.0 -1227.5669
544500.0 -1216.8792
549000.0 -1197.4478
553500.0 -1209.6534
558000.0 -1223.1077
562500.0 -1213.1922
567000.0 -1228.3667
571500.0 -1229.1067
576000.0 -1206.3669
580500.0 -1199.9246
585000.0 -1224.5843
589500.0 -1218.0359
594000.0 -1240.297
598500.0 -1238.5531
603000.0 -1227.8338
607500.0 -1239.4541
612000.0 -1227.3251
616500.0 -1218.3064
621000.0 -1234.1933
625500.0 -1232.0663
630000.0 -1210.4787
634500.0 -1224.1973
639000.0 -1204.7641
643500.0 -1230.5118
648000.0 -1237.0682
652500.0 -1235.3006
657000.0 -1228.2198
661500.0 -1211.7917
666000.0 -1227.6318
670500.0 -1240.1018
675000.0 -1212.0343
679500.0 -1224.3233
684000.0 -1212.9823
688500.0 -1260.9785
693000.0 -1233.1884
697500.0 -1204.3241
702000.0 -1227.2836
706500.0 -1203.9412
711000.0 -1229.143
715500.0 -1246.2703
720000.0 -1205.205
724500.0 -1233.186
729000.0 -1236.4933
733500.0 -1240.7962
738000.0 -1234.4645
742500.0 -1223.4512
747000.0 -1213.7713
751500.0 -1241.5792
756000.0 -1202.3052
760500.0 -1226.2964
765000.0 -1231.7546
769500.0 -1225.0491
774000.0 -1228.6171
778500.0 -1238.5662
783000.0 -1218.912
787500.0 -1222.7245
792000.0 -1222.2624
796500.0 -1225.4687
801000.0 -1221.9496
805500.0 -1246.7829
810000.0 -1209.1264
814500.0 -1227.1034
819000.0 -1212.6469
823500.0 -1229.5155
828000.0 -1230.8365
832500.0 -1218.3411
837000.0 -1211.6567
841500.0 -1204.4039
846000.0 -1243.4102
850500.0 -1213.8252
855000.0 -1236.9896
859500.0 -1218.755
864000.0 -1226.9509
868500.0 -1223.4571
873000.0 -1199.3723
877500.0 -1232.8776
882000.0 -1218.8781
886500.0 -1232.8296
891000.0 -1216.8083
895500.0 -1227.1817
900000.0 -1226.2611
