0.0 180.0
3500.0 101.32215
7000.0 107.56527
10500.0 114.62485
14000.0 115.24161
17500.0 125.44435
21000.0 128.23305
24500.0 132.10966
28000.0 141.85585
31500.0 144.07264
35000.0 147.78931
38500.0 149.28264
42000.0 152.22498
45500.0 154.77633
49000.0 155.88118
52500.0 157.15309
56000.0 158.83909
59500.0 165.17917
63000.0 169.24805
66500.0 170.50409
70000.0 171.52997
73500.0 168.00402
77000.0 171.49931
80500.0 163.06675
84000.0 166.52932
87500.0 172.14139
91000.0 172.78998
94500.0 180.77838
98000.0 172.19904
101500.0 171.90378
105000.0 179.34469
108500.0 178.63963
112000.0 178.33139
115500.0 173.14749
119000.0 178.87557
122500.0 173.72761
126000.0 179.59967
129500.0 181.23146
133000.0 180.56323
136500.0 175.67281
140000.0 178.54704
143500.0 178.57321
147000.0 179.1959
150500.0 184.93318
154000.0 182.97292
157500.0 180.16528
161000.0 182.57012
164500.0 176.05643
168000.0 181.49782
171500.0 188.16123
175000.0 184.35281
178500.0 185.30245
182000.0 183.7125
185500.0 185.9258
189000.0 177.69195
192500.0 186.57349
196000.0 182.0498
199500.0 189.84544
203000.0 187.60828
206500.0 178.01132
210000.0 193.37636
213500.0 180.90431
217000.0 189.6087
220500.0 185.13247
224000.0 188.45626
227500.0 177.26309
231000.0 178.16845
234500.0 182.6587
238000.0 177.99754
241500.0 186.53958
245000.0 179.13924
248500.0 187.043
252000.0 188.59874
255500.0 183.02508
259000.0 179.95225
262500.0 191.46841
266000.0 182.74411
269500.0 188.51044
273000.0 188.01761
276500.0 188.37774
280000.0 187.42782
283500.0 181.05394
287000.0 187.37182
290500.0 181.80282
294000.0 184.68262
297500.0 180.41388
301000.0 189.41778
304500.0 189.51712
308000.0 180.77081
311500.0 187.60312
315000.0 186.33515
318500.0 184.95754
322000.0 186.01756
325500.0 191.64898
329000.0 187.94237
332500.0 185.22711
336000.0 179.52144
339500.0 182.99854
343000.0 186.043
346500.0 180.32647
350000.0 189.07787
353500.0 182.37694
357000.0 182.43546
360500.0 186.0649
364000.0 184.35669
367500.0 188.61053
371000.0 181.16883
374500.0 184.40518
378000.0 183.64447
381500.0 181.26276
385000.0 192.36433
388500.0 190.96395
392000.0 188.56731
395500.0 178.75431
399000.0 181.97269
402500.0 186.06257
406000.0 187.6734
409500.0 180.45217
413000.0 186.36318
416500.0 184.85402
420000.0 182.27226
423500.0 184.40125
427000.0 179.64823
430500.0 183.63602
434000.0 181.30967
437500.0 186.90547
441000.0 194.19352
444500.0 184.91666
448000.0 185.20729
451500.0 180.60179
455000.0 194.43835
458500.0 189.28735
462000.0 185.66151
465500.0 178.37822
469000.0 183.08959
472500.0 184.24567
476000.0 185.39831
479500.0 184.99131
483000.0 182.4883
486500.0 178.00389
490000.0 185.32922
493500.0 180.51717
497000.0 178.81197
500500.0 186.08917
504000.0 179.62959
507500.0 182.84592
511000.0 182.20318
514500.0 188.05287
518000.0 180.22861
521500.0 183.08488
525000.0 181.88541
528500.0 186.14264
532000.0 179.5128
535500.0 180.70918
539000.0 183.6986
542500.0 187.28633
546000.0 181.33014
549500.0 182.56883
553000.0 191.87188
556500.0 185.09924
560000.0 187.53542
563500.0 183.50426
567000.0 185.68127
570500.0 185.76523
574000.0 183.33398
577500.0 185.14867
581000.0 188.87376
584500.0 181.19705
588000.0 187.09275
591500.0 188.11165
595000.0 181.46719
598500.0 187.42576
602000.0 187.6036
605500.0 189.04841
609000.0 179.69653
612500.0 191.01886
616000.0 186.55806
619500.0 185.67926
623000.0 187.14914
626500.0 187.49274
630000.0 177.16676
633500.0 183.67147
637000.0 187.76795
640500.0 188.32242
644000.0 185.68561
647500.0 181.56323
651000.0 183.40678
654500.0 186.54635
658000.0 181.94217
661500.0 187.21956
665000.0 186.08593
668500.0 179.85636
672000.0 182.77636
675500.0 186.48565
679000.0 183.93298
682500.0 181.17149
686000.0 180.70421
689500.0 187.03404
693000.0 183.33311
696500.0 183.19534
700000.0 186.13076
703500.0 182.94963
707000.0 177.79264
710500.0 186.45585
714000.0 185.08778
717500.0 186.32494
721000.0 178.18248
724500.0 188.10299
728000.0 185.63726
731500.0 183.72535
735000.0 185.21316
738500.0 187.72867
742000.0 181.3323
745500.0 177.49978
749000.0 178.51796
752500.0 185.21501
756000.0 186.98329
759500.0 181.35009
763000.0 179.09367
766500.0 185.62081
770000.0 187.4886
773500.0 184.36197
777000.0 180.94008
780500.0 183.41711
784000.0 186.12448
787500.0 180.09905
791000.0 177.82968
794500.0 186.94335
798000.0 181.34989
799995.0 183.89523
