0.0 952.70177
4500.0 3214.289
9000.0 3305.6366
13500.0 3457.8876
18000.0 3513.9957
22500.0 3677.6787
27000.0 3635.6263
31500.0 3839.4981
36000.0 3934.5493
40500.0 3896.0217
45000.0 4141.2344
49500.0 4299.3034
54000.0 4315.341
58500.0 4541.5935
63000.0 4648.4377
67500.0 4824.2147
72000.0 4854.3803
76500.0 5165.1677
81000.0 5227.3807
85500.0 5296.6552
90000.0 5515.5473
94500.0 5554.1651
99000.0 5466.6744
103500.0 5759.553
108000.0 5841.304
112500.0 5786.7353
117000.0 5821.264
121500.0 6079.5235
126000.0 5790.4559
130500.0 6004.6921
135000.0 6146.2387
139500.0 5974.0548
144000.0 6048.3935
148500.0 6106.3333
153000.0 6116.3018
157500.0 5893.1962
162000.0 5827.0591
166500.0 5806.1335
171000.0 5794.9274
175500.0 5574.036
180000.0 5594.4877
184500.0 5773.8363
189000.0 5606.8449
193500.0 5663.3067
198000.0 5534.652
202500.0 5421.5376
207000.0 5634.5503
211500.0 5617.0735
216000.0 5650.6306
220500.0 5867.2996
225000.0 5712.8502
229500.0 5866.7717
234000.0 5841.0349
238500.0 5886.5099
243000.0 5905.4825
247500.0 5935.9142
252000.0 5963.9256
256500.0 5831.0362
261000.0 5955.3009
265500.0 6072.7632
270000.0 5812.2705
274500.0 5857.8683
279000.0 5917.7226
283500.0 5816.759
288000.0 5849.9308
292500.0 5790.9382
297000.0 5471.2828
301500.0 5665.3905
306000.0 5673.0716
310500.0 5613.5704
315000.0 5632.5724
319500.0 5692.2951
324000.0 5482.1222
328500.0 5625.0791
333000.0 5748.3128
337500.0 5681.8303
342000.0 5705.2745
346500.0 5747.2618
351000.0 5888.6966
355500.0 5968.6752
360000.0 5857.1186
364500.0 5889.4272
369000.0 5867.1162
373500.0 5979.3579
378000.0 5932.6161
382500.0 5945.4563
387000.0 5927.4958
391500.0 6053.0895
396000.0 5787.2325
400500.0 5868.663
405000.0 5858.486
409500.0 5663.4824
414000.0 5800.0717
418500.0 5755.5563
423000.0 5608.1142
427500.0 5672.9502
432000.0 5810.57
436500.0 5605.0738
441000.0 5651.473
445500.0 5563.882
450000.0 5815.7684
454500.0 5558.2294
459000.0 5888.3645
463500.0 5793.8086
468000.0 5831.5693
472500.0 5768.9571
477000.0 5791.3331
481500.0 5849.1593
486000.0 5946.4102
490500.0 5741.8651
495000.0 5970.1056
499500.0 5886.4802
504000.0 5786.4664
508500.0 5869.5189
513000.0 5975.8797
517500.0 5761.474
522000.0 5789.2184
526500.0 5961.1059
531000.0 5932.3004
535500.0 5808.5125
540000.0 5787.2314
544500.0 5664.8716
549000.0 5724.681
553500.0 5734.0081
558000.0 5707.8353
562500.0 5563.3531
567000.0 5612.896
571500.0 5731.5579
576000.0 5680.3715
580500.0 5756.6345
585000.0 5873.3803
589500.0 5770.9053
594000.0 5853.7076
598500.0 5861.1879
603000.0 5823.6379
607500.0 5856.2589
612000.0 5824.4831
616500.0 5863.9431
621000.0 5859.5567
625500.0 6040.5706
630000.0 6004.859
634500.0 5770.4998
639000.0 5724.1967
643500.0 5665.7537
648000.0 5772.5078
652500.0 5722.7231
657000.0 5586.035
661500.0 5657.6323
666000.0 5614.8765
670500.0 5842.1188
675000.0 5614.4121
679500.0 5754.6777
684000.0 5575.9841
688500.0 5813.5693
693000.0 5767.1636
697500.0 5765.7348
702000.0 5911.1102
706500.0 5888.623
711000.0 5849.551
715500.0 5972.9368
720000.0 5947.3224
724500.0 5876.3114
729000.0 5936.6349
733500.0 5832.599
738000.0 5716.9047
742500.0 5812.084
747000.0 5957.2881
751500.0 5787.1637
756000.0 5703.6526
760500.0 5671.8079
765000.0 5519.0024
769500.0 5709.7488
774000.0 5439.9503
778500.0 5399.3332
783000.0 5423.9501
787500.0 5646.6389
792000.0 5656.2005
796500.0 5709.5927
801000.0 5831.4877
805500.0 5766.3583
810000.0 5901.5836
814500.0 5758.0366
819000.0 5881.2086
823500.0 5815.6088
828000.0 5790.4198
832500.0 5971.2567
837000.0 5854.8463
841500.0 5792.7949
846000.0 5896.7825
850500.0 5748.4436
855000.0 5910.4088
859500.0 5755.8974
864000.0 5563.4971
868500.0 5707.2505
873000.0 5736.8056
877500.0 5596.5298
882000.0 5656.4355
886500.0 5668.6151
891000.0 5673.0797
895500.0 5558.0772
900000.0 5541.2366
