0.0 952.70177
4000.0 3383.6795
8000.0 3626.8008
12000.0 3789.8514
16000.0 4003.1697
20000.0 4271.2876
24000.0 4426.9221
28000.0 4611.3146
32000.0 4638.8362
36000.0 4735.2051
40000.0 4849.3716
44000.0 4848.4979
48000.0 5109.728
52000.0 5179.3591
56000.0 5158.5165
60000.0 5374.6885
64000.0 5279.1656
68000.0 5385.8106
72000.0 5247.1735
76000.0 5620.5731
80000.0 5361.1746
84000.0 5447.1604
88000.0 5389.4621
92000.0 5521.0344
96000.0 5477.0228
100000.0 5596.7207
104000.0 5400.9141
108000.0 5424.4119
112000.0 5536.4428
116000.0 5628.8886
120000.0 5683.1153
124000.0 5559.65
128000.0 5522.1613
132000.0 5665.29
136000.0 5540.2263
140000.0 5734.1354
144000.0 5523.6179
148000.0 5730.434
152000.0 5678.1012
156000.0 5755.737
160000.0 5959.9127
164000.0 5646.7706
168000.0 5641.7294
172000.0 5680.5938
176000.0 5537.9267
180000.0 5734.017
184000.0 5684.3253
188000.0 5780.1614
192000.0 5688.4926
196000.0 5690.0752
200000.0 5704.4285
204000.0 5692.3754
208000.0 5830.5228
212000.0 5556.8233
216000.0 5705.379
220000.0 5823.6826
224000.0 5697.7267
228000.0 5711.4234
232000.0 5729.9767
236000.0 5687.1702
240000.0 5784.0921
244000.0 5643.626
248000.0 5595.3806
252000.0 5546.7349
256000.0 5834.3444
260000.0 5880.6654
264000.0 5527.7061
268000.0 5745.8977
272000.0 5672.9173
276000.0 5751.5569
280000.0 5728.6404
284000.0 5675.3091
288000.0 5758.5086
292000.0 5845.2679
296000.0 5850.6839
300000.0 5717.8993
304000.0 5650.4131
308000.0 5740.3975
312000.0 5725.6156
316000.0 5758.6156
320000.0 5736.1763
324000.0 5644.4867
328000.0 5736.1979
332000.0 5812.8572
336000.0 5741.0834
340000.0 5811.4835
344000.0 5692.6729
348000.0 5700.8056
352000.0 5655.5565
356000.0 5650.0803
360000.0 5637.3865
364000.0 5754.0578
368000.0 5735.9928
372000.0 5672.8285
376000.0 5690.0594
380000.0 5661.902
384000.0 5800.4269
388000.0 5709.7175
392000.0 5633.9544
396000.0 5626.3291
400000.0 5627.6906
404000.0 5777.3052
408000.0 5637.3661
412000.0 5604.1189
416000.0 5719.0416
420000.0 5839.6747
424000.0 5849.6072
428000.0 5722.1521
432000.0 5777.7425
436000.0 5711.7272
440000.0 5658.5851
444000.0 5669.9995
448000.0 5673.7773
452000.0 5733.0577
456000.0 5737.2857
460000.0 5671.3262
464000.0 5706.9624
468000.0 5705.2126
472000.0 5676.7035
476000.0 5792.5754
480000.0 5831.7895
484000.0 5746.1467
488000.0 5698.0829
492000.0 5720.033
496000.0 5588.2143
500000.0 5622.0396
504000.0 5624.1709
508000.0 5814.8657
512000.0 5530.2984
516000.0 5720.1442
520000.0 5782.8402
524000.0 5776.1516
528000.0 5699.8459
532000.0 5612.8255
536000.0 5572.5743
540000.0 5793.8815
544000.0 5661.4827
548000.0 5429.4668
552000.0 5666.6043
556000.0 5831.0296
560000.0 5709.328
564000.0 5588.367
568000.0 5806.4328
572000.0 5691.6655
576000.0 5814.1906
580000.0 5754.2223
584000.0 5794.0626
588000.0 5518.9486
592000.0 5691.109
596000.0 5646.9477
600000.0 5712.4376
604000.0 5689.2605
608000.0 5746.0812
612000.0 5595.0814
616000.0 5760.0649
620000.0 5772.1278
624000.0 5707.4102
628000.0 5745.6104
632000.0 5604.2184
636000.0 5766.6677
640000.0 5844.4423
644000.0 5819.5614
648000.0 5912.7145
652000.0 5503.1714
656000.0 5568.3851
660000.0 5680.0593
664000.0 5652.4044
668000.0 5826.0204
672000.0 5726.2808
676000.0 5781.3045
680000.0 5767.5534
684000.0 5654.5162
688000.0 5850.6343
692000.0 5676.4187
696000.0 5824.0214
700000.0 5694.9026
704000.0 5675.2036
708000.0 5577.3947
712000.0 5731.4679
716000.0 5768.1185
720000.0 5603.4671
724000.0 5707.989
728000.0 5661.879
732000.0 5687.0626
736000.0 5697.069
740000.0 5713.0178
744000.0 5546.4039
748000.0 5690.122
752000.0 5770.5992
756000.0 5579.6737
760000.0 5766.0662
764000.0 5839.597
768000.0 5664.4474
772000.0 5857.0297
776000.0 5785.6333
780000.0 5724.9629
784000.0 5706.5643
788000.0 5699.598
792000.0 5610.2259
796000.0 5572.5575
800000.0 5674.388
