0.0 463.03903
3500.0 377.83825
7000.0 495.48115
10500.0 434.54544
14000.0 465.2607
17500.0 469.02
21000.0 455.25081
24500.0 482.1382
28000.0 448.0869
31500.0 454.68137
35000.0 464.53572
38500.0 463.56891
42000.0 473.84326
45500.0 480.71442
49000.0 459.06552
52500.0 432.75728
56000.0 459.8213
59500.0 426.36937
63000.0 471.75097
66500.0 436.78603
70000.0 475.19676
73500.0 455.37469
77000.0 465.67246
80500.0 465.37561
84000.0 460.62027
87500.0 489.83814
91000.0 474.51396
94500.0 457.17568
98000.0 465.22235
101500.0 463.43487
105000.0 453.89164
108500.0 480.32516
112000.0 442.5752
115500.0 477.10279
119000.0 467.0901
122500.0 463.93918
126000.0 490.2522
129500.0 456.18344
133000.0 483.31098
136500.0 455.7886
140000.0 450.75699
143500.0 478.65458
147000.0 459.23717
150500.0 460.35122
154000.0 462.38424
157500.0 466.95556
161000.0 453.27847
164500.0 462.05495
168000.0 486.50253
171500.0 469.18436
175000.0 471.03559
178500.0 451.67244
182000.0 464.73588
185500.0 472.27505
189000.0 460.03226
192500.0 489.1837
196000.0 436.76755
199500.0 460.61542
203000.0 484.97516
206500.0 447.83251
210000.0 454.77951
213500.0 476.0303
217000.0 462.85346
220500.0 450.27865
224000.0 475.22305
227500.0 462.48787
231000.0 475.215
234500.0 455.43687
238000.0 481.10864
241500.0 462.57795
245000.0 441.68838
248500.0 464.84559
252000.0 455.21879
255500.0 449.9044
259000.0 444.50321
262500.0 469.43748
266000.0 459.67365
269500.0 456.04727
273000.0 495.59672
276500.0 458.97852
280000.0 454.2929
283500.0 452.53073
287000.0 463.46938
290500.0 477.1754
294000.0 443.50239
297500.0 471.73334
301000.0 459.60276
304500.0 449.37377
308000.0 461.55731
311500.0 468.24681
315000.0 467.62384
318500.0 438.64808
322000.0 469.87773
325500.0 442.03455
329000.0 486.27069
332500.0 461.57688
336000.0 464.72532
339500.0 480.92454
343000.0 464.33923
346500.0 470.98456
350000.0 468.07785
353500.0 473.18568
357000.0 477.7652
360500.0 447.06509
364000.0 451.63075
367500.0 466.10787
371000.0 450.32748
374500.0 459.26534
378000.0 430.88952
381500.0 466.49979
385000.0 427.1499
388500.0 465.778
392000.0 469.88055
395500.0 443.37744
399000.0 481.65447
402500.0 455.29346
406000.0 473.30241
409500.0 471.02015
413000.0 451.04025
416500.0 476.86176
420000.0 465.44616
423500.0 459.05035
427000.0 475.89297
430500.0 467.0946
434000.0 465.54985
437500.0 466.47764
441000.0 425.05979
444500.0 475.4496
448000.0 443.32384
451500.0 449.31214
455000.0 463.87519
458500.0 456.45413
462000.0 464.5492
465500.0 455.91223
469000.0 480.5237
472500.0 459.38666
476000.0 477.26539
479500.0 457.56107
483000.0 481.13989
486500.0 466.55938
490000.0 475.2545
493500.0 463.04381
497000.0 454.0304
500500.0 470.08887
504000.0 455.82921
507500.0 453.31785
511000.0 467.05738
514500.0 449.98233
518000.0 470.4299
521500.0 459.35049
525000.0 451.01502
528500.0 440.90673
532000.0 457.06873
535500.0 471.10915
539000.0 439.94199
542500.0 471.40923
546000.0 465.36857
549500.0 476.54228
553000.0 462.92589
556500.0 442.54676
560000.0 478.30721
563500.0 446.24944
567000.0 469.86141
570500.0 477.96841
574000.0 456.84763
577500.0 489.97592
581000.0 470.72881
584500.0 469.20266
588000.0 472.39758
591500.0 461.25922
595000.0 453.1413
598500.0 451.59931
602000.0 435.07851
605500.0 462.95892
609000.0 433.46862
612500.0 486.58154
616000.0 447.04096
619500.0 451.11141
623000.0 473.48983
626500.0 463.36938
630000.0 468.18258
633500.0 458.22717
637000.0 488.51593
640500.0 469.48469
644000.0 464.41509
647500.0 484.91477
651000.0 484.63331
654500.0 479.89429
658000.0 463.38715
661500.0 454.903
665000.0 472.93726
668500.0 479.62111
672000.0 489.45882
675500.0 454.761
679000.0 456.00168
682500.0 452.20745
686000.0 457.5191
689500.0 471.272
693000.0 464.28843
696500.0 482.96045
700000.0 467.9827
703500.0 454.19722
707000.0 465.35305
710500.0 447.92609
714000.0 462.20522
717500.0 445.02006
721000.0 448.80934
724500.0 467.04197
728000.0 454.30192
731500.0 478.55176
735000.0 453.27509
738500.0 457.97795
742000.0 475.87162
745500.0 455.23784
749000.0 480.26705
752500.0 443.23946
756000.0 473.38216
759500.0 447.26104
763000.0 458.21864
766500.0 443.27097
770000.0 468.34593
773500.0 455.31626
777000.0 468.20207
780500.0 471.227
784000.0 469.59715
787500.0 471.71348
791000.0 452.06027
794500.0 461.99407
798000.0 470.03508
799995.0 453.56074
