0.0 953.35539
3000.0 5703.2275
6000.0 5896.5489
9000.0 5766.0231
12000.0 5798.333
15000.0 5839.3418
18000.0 5734.1727
21000.0 5879.0757
24000.0 5872.0062
27000.0 5761.4004
30000.0 5688.8832
33000.0 5706.8356
36000.0 5865.3597
39000.0 5814.4067
42000.0 5712.119
45000.0 5832.5413
48000.0 5833.5768
51000.0 5769.7884
54000.0 5880.5002
57000.0 5766.0343
60000.0 5830.6852
63000.0 5807.539
66000.0 5750.7018
69000.0 5828.6192
72000.0 5703.6544
75000.0 5789.5955
78000.0 5776.4764
81000.0 5705.2293
84000.0 5845.0512
87000.0 5713.617
90000.0 5741.1226
93000.0 5800.9869
96000.0 5784.5092
99000.0 5819.2354
102000.0 5762.6762
105000.0 5826.0141
108000.0 5794.0592
111000.0 5825.9503
114000.0 5833.4072
117000.0 5659.7393
120000.0 5713.2429
123000.0 5856.9052
126000.0 5660.5103
129000.0 5716.5502
132000.0 5782.0823
135000.0 5810.1618
138000.0 5802.5639
141000.0 5862.147
144000.0 5790.5291
147000.0 5799.5274
150000.0 5818.8986
153000.0 5742.7686
156000.0 5817.4905
159000.0 5675.1565
162000.0 5724.098
165000.0 5870.1796
168000.0 5777.6504
171000.0 5753.2774
174000.0 5772.1707
177000.0 5746.1652
180000.0 5782.4709
183000.0 5818.4476
186000.0 5765.6381
189000.0 5682.0787
192000.0 5760.07
195000.0 5748.2722
198000.0 5724.4116
201000.0 5763.2779
204000.0 5756.9108
207000.0 5758.7363
210000.0 5846.8134
213000.0 5754.0901
216000.0 5865.7134
219000.0 5798.2234
222000.0 5842.2376
225000.0 5732.9858
228000.0 5786.2451
231000.0 5790.6302
234000.0 5700.356
237000.0 5851.2692
240000.0 5780.4274
243000.0 5779.3666
246000.0 5709.1387
249000.0 5815.6093
252000.0 5759.8865
255000.0 5749.7997
258000.0 5728.1711
261000.0 5733.0056
264000.0 5855.9326
267000.0 5793.1831
270000.0 5808.1811
273000.0 5812.0403
276000.0 5834.9534
279000.0 5790.3082
282000.0 5703.1593
285000.0 5771.9241
288000.0 5791.506
291000.0 5834.4578
294000.0 5763.7689
297000.0 5830.4129
300000.0 5875.0864
303000.0 5714.5839
306000.0 5749.5352
309000.0 5774.753
312000.0 5828.145
315000.0 5801.0238
318000.0 5767.9039
321000.0 5782.4462
324000.0 5793.5789
327000.0 5804.2993
330000.0 5791.1395
333000.0 5730.1264
336000.0 5730.5603
339000.0 5824.0838
342000.0 5743.0307
345000.0 5766.7416
348000.0 5736.44
351000.0 5857.4191
354000.0 5807.152
357000.0 5860.28
360000.0 5787.5972
363000.0 5862.3797
366000.0 5827.5087
369000.0 5776.4705
372000.0 5923.4844
375000.0 5825.2598
378000.0 5766.1642
381000.0 5803.1974
384000.0 5864.907
387000.0 5830.7136
390000.0 5822.6682
393000.0 5750.1978
396000.0 5844.8878
399000.0 5689.627
402000.0 5781.5713
405000.0 5820.134
408000.0 5811.536
411000.0 5828.8895
414000.0 5685.7515
417000.0 5822.9997
420000.0 5805.9477
423000.0 5840.1566
426000.0 5813.6482
429000.0 5771.4683
432000.0 5794.0685
435000.0 5782.8259
438000.0 5852.6257
441000.0 5838.6779
444000.0 5780.2888
447000.0 5838.1455
450000.0 5817.8614
453000.0 5778.5689
456000.0 5739.8219
459000.0 5723.5434
462000.0 5731.3172
465000.0 5845.3597
468000.0 5775.454
471000.0 5749.2329
474000.0 5841.5373
477000.0 5816.3687
480000.0 5793.3829
483000.0 5781.885
486000.0 5831.8928
489000.0 5624.673
492000.0 5728.9639
495000.0 5749.4282
498000.0 5859.8296
501000.0 5749.7524
504000.0 5769.1895
507000.0 5744.1765
510000.0 5924.1561
513000.0 5814.7718
516000.0 5826.2786
519000.0 5828.7856
522000.0 5801.362
525000.0 5790.111
528000.0 5886.7986
531000.0 5857.9708
534000.0 5807.9149
537000.0 5761.2563
540000.0 5785.2286
543000.0 5765.8339
546000.0 5832.3113
549000.0 5905.607
552000.0 5806.1749
555000.0 5831.9669
558000.0 5882.1661
561000.0 5726.7456
564000.0 5794.0429
567000.0 5769.3596
570000.0 5732.3288
573000.0 5766.2398
576000.0 5777.82
579000.0 5703.2827
582000.0 5818.8716
585000.0 5763.2078
588000.0 5768.1581
591000.0 5827.5754
594000.0 5823.0658
597000.0 5849.4012
600000.0 5821.3564
603000.0 5776.2068
606000.0 5743.4634
609000.0 5814.5577
612000.0 5826.717
615000.0 5691.1028
618000.0 5765.7041
621000.0 5701.363
624000.0 5863.6549
627000.0 5823.2665
630000.0 5750.2349
633000.0 5805.2029
636000.0 5714.5905
639000.0 5856.4146
642000.0 5818.1519
645000.0 5765.6662
648000.0 5715.8892
651000.0 5688.9268
654000.0 5799.4366
657000.0 5956.6047
660000.0 5769.0882
663000.0 5799.9548
666000.0 5810.3435
669000.0 5644.3247
672000.0 5847.6538
675000.0 5819.8541
678000.0 5773.23
681000.0 5762.6938
684000.0 5850.7499
687000.0 5860.4492
690000.0 5800.6433
693000.0 5830.2743
696000.0 5859.0001
699000.0 5791.0737
702000.0 5791.9295
705000.0 5811.1282
708000.0 5723.3552
711000.0 5751.0879
714000.0 5759.6951
717000.0 5732.9763
720000.0 5762.4341
723000.0 5813.237
726000.0 5857.8616
729000.0 5715.8711
732000.0 5664.1732
735000.0 5743.6351
738000.0 5719.9353
741000.0 5764.0622
744000.0 5830.7211
747000.0 5791.6404
750000.0 5736.7084
753000.0 5867.5412
756000.0 5800.0087
759000.0 5855.2887
762000.0 5801.9754
765000.0 5818.8621
768000.0 5779.989
771000.0 5813.8432
774000.0 5807.6361
777000.0 5785.0407
780000.0 5800.9956
783000.0 5814.1724
786000.0 5840.7878
789000.0 5712.766
792000.0 5740.3114
795000.0 5780.5388
798000.0 5852.104
801000.0 5764.1459
804000.0 5802.4648
807000.0 5776.0592
810000.0 5810.201
813000.0 5764.3853
816000.0 5801.3351
819000.0 5724.3371
822000.0 5720.2272
825000.0 5818.0462
828000.0 5784.5666
831000.0 5854.9961
834000.0 5741.9966
837000.0 5681.9339
840000.0 5755.4207
843000.0 5754.5639
846000.0 5770.8284
849000.0 5837.3596
852000.0 5828.6959
855000.0 5879.3596
858000.0 5730.9568
861000.0 5699.6411
864000.0 5750.6576
867000.0 5748.9511
870000.0 5796.848
873000.0 5819.6724
876000.0 5773.5734
879000.0 5777.34
882000.0 5794.6047
885000.0 5860.3606
888000.0 5854.7998
891000.0 5769.283
894000.0 5757.7315
897000.0 5769.1161
900000.0 5744.3185
