0.0 463.03903
4000.0 249.58789
8000.0 247.95699
12000.0 250.36767
16000.0 261.41157
20000.0 261.43559
24000.0 276.21118
28000.0 283.73062
32000.0 284.83655
36000.0 294.34083
40000.0 300.69766
44000.0 324.06634
48000.0 314.09897
52000.0 338.71921
56000.0 347.98634
60000.0 360.92419
64000.0 360.2099
68000.0 367.2468
72000.0 388.13682
76000.0 403.02036
80000.0 412.16429
84000.0 423.1715
88000.0 415.1959
92000.0 423.31466
96000.0 423.78986
100000.0 449.33905
104000.0 465.57548
108000.0 456.56978
112000.0 470.26515
116000.0 485.69146
120000.0 476.51677
124000.0 484.29177
128000.0 503.17619
132000.0 496.52918
136000.0 502.30449
140000.0 492.90531
144000.0 486.55563
148000.0 486.32241
152000.0 492.74438
156000.0 464.28486
160000.0 463.97248
164000.0 451.67973
168000.0 479.12833
172000.0 469.68644
176000.0 446.23494
180000.0 448.9479
184000.0 453.87856
188000.0 441.52768
192000.0 443.15014
196000.0 444.43571
200000.0 451.24816
204000.0 450.42715
208000.0 442.84887
212000.0 447.33725
216000.0 443.20607
220000.0 448.99023
224000.0 447.79044
228000.0 459.8212
232000.0 454.22679
236000.0 478.91053
240000.0 460.59287
244000.0 473.6073
248000.0 491.82682
252000.0 474.76621
256000.0 469.94929
260000.0 482.1347
264000.0 480.07172
268000.0 476.38283
272000.0 477.62413
276000.0 472.79269
280000.0 476.78068
284000.0 479.73734
288000.0 459.48398
292000.0 459.51299
296000.0 455.57131
300000.0 455.44589
304000.0 453.41817
308000.0 437.90087
312000.0 445.92772
316000.0 448.01627
320000.0 450.433
324000.0 466.3438
328000.0 450.43539
332000.0 447.45518
336000.0 459.22672
340000.0 451.26683
344000.0 446.55627
348000.0 464.46405
352000.0 457.5504
356000.0 469.40725
360000.0 482.01339
364000.0 472.56468
368000.0 476.32752
372000.0 486.96674
376000.0 479.84365
380000.0 483.05199
384000.0 477.61425
388000.0 477.50825
392000.0 483.44647
396000.0 461.22375
400000.0 458.35341
404000.0 463.40255
408000.0 468.77938
412000.0 470.77996
416000.0 461.84392
420000.0 460.61016
424000.0 462.23607
428000.0 457.40347
432000.0 445.14485
436000.0 446.06707
440000.0 464.09097
444000.0 431.88607
448000.0 453.84847
452000.0 441.45153
456000.0 468.96338
460000.0 458.80859
464000.0 465.57072
468000.0 448.72759
472000.0 470.65274
476000.0 475.10847
480000.0 454.62557
484000.0 473.00727
488000.0 470.99753
492000.0 470.15745
496000.0 465.35312
500000.0 470.67055
504000.0 465.59684
508000.0 478.79447
512000.0 477.48811
516000.0 471.31094
520000.0 474.97005
524000.0 473.90131
528000.0 458.05322
532000.0 450.40539
536000.0 463.50738
540000.0 442.47168
544000.0 447.0086
548000.0 470.49429
552000.0 447.89931
556000.0 460.28774
560000.0 436.12578
564000.0 458.75773
568000.0 461.87751
572000.0 439.73821
576000.0 458.26434
580000.0 464.74683
584000.0 459.69106
588000.0 464.82509
592000.0 458.69725
596000.0 465.68212
600000.0 479.586
604000.0 482.1054
608000.0 476.05829
612000.0 474.21439
616000.0 477.08906
620000.0 476.22414
624000.0 479.16972
628000.0 468.76343
632000.0 472.17967
636000.0 459.20283
640000.0 470.10727
644000.0 463.23965
648000.0 456.53051
652000.0 447.67917
656000.0 444.03574
660000.0 441.20804
664000.0 450.0889
668000.0 440.98198
672000.0 455.85477
676000.0 459.17583
680000.0 459.33982
684000.0 456.34297
688000.0 465.14546
692000.0 445.52336
696000.0 457.52161
700000.0 463.82406
704000.0 453.20269
708000.0 473.00216
712000.0 470.73953
716000.0 460.23578
720000.0 474.70275
724000.0 459.61893
728000.0 477.7178
732000.0 453.49823
736000.0 466.76043
740000.0 450.05482
744000.0 465.26635
748000.0 469.77788
752000.0 468.35693
756000.0 464.09227
760000.0 465.26633
764000.0 465.34841
768000.0 459.24038
772000.0 441.5817
776000.0 443.57897
780000.0 440.64504
784000.0 439.72245
788000.0 444.20768
792000.0 443.15661
796000.0 431.24192
800000.0 456.07514
