0.0 -1203.1694
3500.0 -742.87004
7000.0 -755.49116
10500.0 -766.25378
14000.0 -791.33141
17500.0 -762.0673
21000.0 -778.14465
24500.0 -748.42314
28000.0 -745.7371
31500.0 -702.83635
35000.0 -730.01448
38500.0 -761.40792
42000.0 -773.12402
45500.0 -750.2761
49000.0 -756.49539
52500.0 -782.76878
56000.0 -741.9951
59500.0 -762.85112
63000.0 -751.67397
66500.0 -746.28867
70000.0 -757.20586
73500.0 -755.61655
77000.0 -741.82627
80500.0 -746.74597
84000.0 -753.56257
87500.0 -752.91577
91000.0 -777.56075
94500.0 -758.54275
98000.0 -787.60409
101500.0 -774.99926
105000.0 -767.65641
108500.0 -739.8561
112000.0 -758.10176
115500.0 -740.20847
119000.0 -755.72755
122500.0 -751.34639
126000.0 -730.05086
129500.0 -753.83575
133000.0 -751.36877
136500.0 -761.4837
140000.0 -771.56725
143500.0 -762.10628
147000.0 -776.09047
150500.0 -774.20688
154000.0 -755.84165
157500.0 -719.82728
161000.0 -777.88187
164500.0 -785.48741
168000.0 -769.71917
171500.0 -779.84465
175000.0 -745.99339
178500.0 -747.39436
182000.0 -766.20455
185500.0 -770.86514
189000.0 -726.95734
192500.0 -717.88288
196000.0 -758.21754
199500.0 -783.78356
203000.0 -749.88315
206500.0 -762.20809
210000.0 -737.14358
213500.0 -759.55888
217000.0 -767.82804
220500.0 -779.79609
224000.0 -772.45296
227500.0 -758.71542
231000.0 -778.39547
234500.0 -755.0961
238000.0 -789.35046
241500.0 -773.60124
245000.0 -732.21016
248500.0 -756.19863
252000.0 -746.7597
255500.0 -749.31768
259000.0 -761.74721
262500.0 -754.12995
266000.0 -742.60308
269500.0 -741.62151
273000.0 -775.29457
276500.0 -773.14646
280000.0 -763.28333
283500.0 -771.55239
287000.0 -751.75361
290500.0 -760.92272
294000.0 -746.58763
297500.0 -765.71635
301000.0 -755.36783
304500.0 -754.64398
308000.0 -773.94318
311500.0 -787.41407
315000.0 -776.17318
318500.0 -733.91423
322000.0 -779.05097
325500.0 -741.57409
329000.0 -757.62817
332500.0 -747.72515
336000.0 -759.28044
339500.0 -760.33969
343000.0 -744.56018
346500.0 -757.94613
350000.0 -759.39505
353500.0 -776.39283
357000.0 -755.96139
360500.0 -730.49369
364000.0 -778.87493
367500.0 -766.58401
371000.0 -736.28589
374500.0 -760.40888
378000.0 -754.68008
381500.0 -781.35418
385000.0 -747.75117
388500.0 -755.02203
392000.0 -742.90763
395500.0 -762.94449
399000.0 -791.646
402500.0 -791.29935
406000.0 -749.28117
409500.0 -768.54423
413000.0 -780.13397
416500.0 -757.46021
420000.0 -768.08694
423500.0 -764.05728
427000.0 -748.52208
430500.0 -759.33197
434000.0 -757.96466
437500.0 -772.57061
441000.0 -798.66704
444500.0 -739.84753
448000.0 -765.66205
451500.0 -735.57007
455000.0 -741.82202
458500.0 -758.54313
462000.0 -773.08963
465500.0 -765.39134
469000.0 -756.42388
472500.0 -750.27635
476000.0 -768.3591
479500.0 -763.45054
483000.0 -730.69129
486500.0 -715.27713
490000.0 -742.2909
493500.0 -762.16863
497000.0 -791.48023
500500.0 -734.77185
504000.0 -752.90724
507500.0 -812.44445
511000.0 -733.43145
514500.0 -785.41557
518000.0 -761.00284
521500.0 -727.69821
525000.0 -759.06403
528500.0 -758.09506
532000.0 -747.76989
535500.0 -759.3796
539000.0 -768.26978
542500.0 -784.27392
546000.0 -777.97142
549500.0 -762.19044
553000.0 -727.09132
556500.0 -734.99928
560000.0 -758.08362
563500.0 -785.97688
567000.0 -757.91791
570500.0 -793.02605
574000.0 -762.30179
577500.0 -770.41083
581000.0 -733.17144
584500.0 -759.18595
588000.0 -768.717
591500.0 -759.35345
595000.0 -765.4712
598500.0 -753.51249
602000.0 -723.0705
605500.0 -766.82774
609000.0 -733.66206
612500.0 -727.10066
616000.0 -760.17081
619500.0 -776.68018
623000.0 -747.82735
626500.0 -780.45307
630000.0 -775.70259
633500.0 -737.87185
637000.0 -740.22723
640500.0 -773.20383
644000.0 -743.27346
647500.0 -757.09484
651000.0 -780.05501
654500.0 -771.67427
658000.0 -768.48705
661500.0 -752.19296
665000.0 -759.65011
668500.0 -780.60649
672000.0 -752.72669
675500.0 -764.79399
679000.0 -750.13532
682500.0 -770.40464
686000.0 -729.1427
689500.0 -714.57365
693000.0 -752.67462
696500.0 -775.47469
700000.0 -745.35567
703500.0 -771.95403
707000.0 -752.98924
710500.0 -761.70579
714000.0 -749.53783
717500.0 -755.00758
721000.0 -764.1287
724500.0 -756.39193
728000.0 -725.37725
731500.0 -761.58741
735000.0 -774.5742
738500.0 -741.75561
742000.0 -753.86432
745500.0 -748.98937
749000.0 -779.28635
752500.0 -735.02678
756000.0 -761.7065
759500.0 -761.76264
763000.0 -759.11146
766500.0 -755.18029
770000.0 -748.05944
773500.0 -782.8084
777000.0 -764.0261
780500.0 -731.65849
784000.0 -763.7452
787500.0 -744.99927
791000.0 -741.55377
794500.0 -756.953
798000.0 -775.54893
799995.0 -736.18569
