0.0 2145.6467
200.0 1397.0909
400.0 1889.6919
600.0 2052.2829
800.0 2133.875
1000.0 2164.5141
1200.0 2147.6506
1400.0 2167.2163
1600.0 2153.5617
1800.0 2173.8205
2000.0 2150.0837
2200.0 2142.9186
2400.0 2161.8791
2600.0 2150.6537
2800.0 2136.7169
3000.0 2140.9159
3200.0 2155.4767
3400.0 2166.2736
3600.0 2159.4778
3800.0 2142.9575
4000.0 2147.4548
4200.0 2146.5577
4400.0 2153.4516
4600.0 2149.8251
4800.0 2149.624
5000.0 2136.3992
5200.0 2140.5446
5400.0 2141.1086
5600.0 2144.6645
5800.0 2138.5312
6000.0 2163.6097
6200.0 2138.7828
6400.0 2140.0639
6600.0 2125.7379
6800.0 2155.7289
7000.0 2134.4872
7200.0 2169.3233
7400.0 2159.4711
7600.0 2134.4219
7800.0 2149.1304
8000.0 2149.7473
8200.0 2134.9477
8400.0 2143.9405
8600.0 2151.312
8800.0 2127.5821
9000.0 2148.8496
9200.0 2153.4172
9400.0 2170.796
9600.0 2131.5556
9800.0 2143.7379
10000.0 2151.2158
10200.0 2149.9341
10400.0 2165.8039
10600.0 2143.4829
10800.0 2176.8982
11000.0 2147.6771
11200.0 2145.8007
11400.0 2150.6761
11600.0 2149.6852
11800.0 2160.9546
12000.0 2121.7998
12200.0 2151.6287
12400.0 2138.8374
12600.0 2154.111
12800.0 2141.7352
13000.0 2144.1028
13200.0 2156.7824
13400.0 2148.7027
13600.0 2134.8316
13800.0 2137.6416
14000.0 2141.4704
14200.0 2145.6902
14400.0 2138.2799
14600.0 2170.668
14800.0 2148.06
15000.0 2147.8957
15200.0 2152.3752
15400.0 2135.9217
15600.0 2148.0184
15800.0 2128.0254
16000.0 2147.1824
16200.0 2143.5975
16400.0 2123.6004
16600.0 2164.9514
16800.0 2138.0127
17000.0 2145.5772
17200.0 2152.3155
17400.0 2161.4306
17600.0 2143.0649
17800.0 2139.5253
18000.0 2147.2966
18200.0 2167.1032
18400.0 2131.9201
18600.0 2148.9955
18800.0 2158.6601
19000.0 2130.7292
19200.0 2130.3284
19400.0 2153.6275
19600.0 2125.0875
19800.0 2149.0558
20000.0 2143.7627
20200.0 2146.3266
20400.0 2150.3066
20600.0 2151.4768
20800.0 2148.2757
21000.0 2151.0291
21200.0 2127.1992
21400.0 2139.7612
21600.0 2165.0398
21800.0 2157.5056
22000.0 2151.5306
22200.0 2149.2679
22400.0 2132.4563
22600.0 2137.3419
22800.0 2151.4099
23000.0 2145.4021
23200.0 2137.2602
23400.0 2145.2608
23600.0 2163.473
23800.0 2139.9512
24000.0 2127.8532
24200.0 2157.6496
24400.0 2138.0985
24600.0 2151.0031
24800.0 2132.5763
25000.0 2157.0926
25200.0 2156.1598
25400.0 2153.7973
25600.0 2149.0852
25800.0 2138.7159
26000.0 2143.4956
26200.0 2141.2371
26400.0 2141.9051
26600.0 2142.819
26800.0 2155.155
27000.0 2146.6769
27200.0 2131.027
27400.0 2158.9588
27600.0 2142.6251
27800.0 2145.6013
28000.0 2171.6095
28200.0 2156.5339
28400.0 2133.5153
28600.0 2150.8182
28800.0 2125.0983
29000.0 2146.5989
29200.0 2159.4124
29400.0 2142.3175
29600.0 2145.6559
29800.0 2140.9173
30000.0 2151.8504
30200.0 2156.7428
30400.0 2153.7167
30600.0 2152.68
30800.0 2144.4822
31000.0 2144.8277
31200.0 2149.4995
31400.0 2134.8837
31600.0 2160.4311
31800.0 2147.8113
32000.0 2151.9455
32200.0 2126.8975
32400.0 2141.4615
32600.0 2154.0377
32800.0 2143.3875
33000.0 2122.845
33200.0 2157.3713
33400.0 2145.531
33600.0 2130.4802
33800.0 2132.274
34000.0 2154.8588
34200.0 2166.5231
34400.0 2149.5677
34600.0 2135.8321
34800.0 2140.2564
35000.0 2153.3768
35200.0 2157.2262
35400.0 2126.6367
35600.0 2155.3988
35800.0 2150.6252
36000.0 2143.7308
36200.0 2159.791
36400.0 2157.85
36600.0 2133.729
36800.0 2149.0145
37000.0 2146.6678
37200.0 2150.2042
37400.0 2140.4727
37600.0 2146.825
37800.0 2136.0262
38000.0 2151.3503
38200.0 2134.9651
38400.0 2151.9017
38600.0 2141.9339
38800.0 2143.5339
39000.0 2153.503
39200.0 2149.4494
39400.0 2154.4865
39600.0 2144.2918
39800.0 2135.9408
40000.0 2140.7017
40200.0 2156.7693
40400.0 2149.6241
40600.0 2154.6153
40800.0 2141.4114
41000.0 2128.4782
41200.0 2154.784
41400.0 2142.9499
41600.0 2145.2295
41800.0 2147.123
42000.0 2143.8175
42200.0 2152.6514
42400.0 2156.8057
42600.0 2142.2852
42800.0 2159.1345
43000.0 2147.8905
43200.0 2116.4459
43400.0 2147.6033
43600.0 2157.8025
43800.0 2132.6788
44000.0 2165.1427
44200.0 2152.2053
44400.0 2147.8711
44600.0 2130.9919
44800.0 2137.1488
45000.0 2146.0153
45200.0 2150.9592
45400.0 2153.9897
45600.0 2134.17
45800.0 2148.181
46000.0 2126.7304
46200.0 2157.6753
46400.0 2149.6749
46600.0 2150.274
46800.0 2154.8259
47000.0 2156.5351
47200.0 2157.9414
47400.0 2132.2389
47600.0 2145.9205
47800.0 2139.6569
48000.0 2150.8891
48200.0 2136.2126
48400.0 2135.7912
48600.0 2144.7383
48800.0 2160.6544
49000.0 2127.9665
49200.0 2132.1326
49400.0 2160.736
49600.0 2158.5527
49800.0 2142.459
50000.0 2136.0012
50200.0 2150.5612
50400.0 2132.4649
50600.0 2167.5451
50800.0 2139.5441
51000.0 2156.8296
51200.0 2137.1064
51400.0 2141.6719
51600.0 2157.2458
51800.0 2144.5676
52000.0 2140.9901
52200.0 2147.4654
52400.0 2143.5115
52600.0 2152.5687
52800.0 2136.216
53000.0 2146.3943
53200.0 2131.2675
53400.0 2144.6248
53600.0 2151.4074
53800.0 2142.3431
54000.0 2148.7705
54200.0 2157.1142
54400.0 2136.0077
54600.0 2150.8334
54800.0 2166.6672
55000.0 2115.315
55200.0 2159.6299
55400.0 2116.0844
55600.0 2149.9407
55800.0 2150.1089
56000.0 2157.0136
56200.0 2145.8325
56400.0 2138.449
56600.0 2146.3118
56800.0 2142.9644
57000.0 2135.5864
57200.0 2150.4482
57400.0 2140.0643
57600.0 2137.399
57800.0 2143.4545
58000.0 2147.758
58200.0 2121.1298
58400.0 2142.9696
58600.0 2149.1516
58800.0 2154.855
59000.0 2149.8224
59200.0 2146.7737
59400.0 2156.2549
59600.0 2147.0864
59800.0 2153.083
60000.0 2129.2331
60200.0 2145.3512
60400.0 2156.6834
60600.0 2135.3321
60800.0 2131.6641
61000.0 2157.4674
61200.0 2131.2291
61400.0 2149.6065
61600.0 2128.2513
61800.0 2159.3417
62000.0 2145.9499
62200.0 2165.5422
62400.0 2130.6956
62600.0 2134.6579
62800.0 2136.2662
63000.0 2144.5826
63200.0 2151.3401
63400.0 2139.3067
63600.0 2148.6816
63800.0 2137.4223
64000.0 2164.9133
64200.0 2131.3238
64400.0 2152.488
64600.0 2135.9558
64800.0 2153.5424
65000.0 2128.5761
65200.0 2145.2301
65400.0 2136.0541
65600.0 2160.3701
65800.0 2154.3088
66000.0 2133.1582
66200.0 2160.8262
66400.0 2148.7698
66600.0 2136.4546
66800.0 2164.0361
67000.0 2145.0019
67200.0 2150.2105
67400.0 2147.3543
67600.0 2147.2965
67800.0 2151.1265
68000.0 2148.2951
68200.0 2147.7157
68400.0 2153.0187
68600.0 2119.2745
68800.0 2148.8879
69000.0 2134.3395
69200.0 2164.1067
69400.0 2135.8209
69600.0 2150.6571
69800.0 2144.4999
70000.0 2153.042
70200.0 2167.39
70400.0 2153.4391
70600.0 2125.5849
70800.0 2166.4665
71000.0 2119.6427
71200.0 2142.6377
71400.0 2138.3199
71600.0 2143.9073
71800.0 2144.9951
72000.0 2129.5526
72200.0 2133.2879
72400.0 2153.7583
72600.0 2146.4606
72800.0 2135.6204
73000.0 2146.0422
73200.0 2153.7981
73400.0 2115.6802
73600.0 2171.3729
73800.0 2148.2662
74000.0 2144.0553
74200.0 2139.9222
74400.0 2144.9785
74600.0 2164.3136
74800.0 2140.6911
75000.0 2149.1018
75200.0 2145.4689
75400.0 2139.2744
75600.0 2152.6616
75800.0 2150.9141
76000.0 2140.1421
76200.0 2140.9899
76400.0 2143.2018
76600.0 2165.3673
76800.0 2155.9493
77000.0 2130.6294
77200.0 2144.96
77400.0 2166.0374
77600.0 2133.6469
77800.0 2147.1142
78000.0 2139.6236
78200.0 2126.525
78400.0 2142.1444
78600.0 2165.8509
78800.0 2146.4524
79000.0 2149.0595
79200.0 2164.8951
79400.0 2118.9634
79600.0 2153.6427
79800.0 2142.0559
80000.0 2151.8014
80200.0 2151.0873
80400.0 2132.3217
80600.0 2154.2577
80800.0 2140.8753
81000.0 2148.629
81200.0 2134.4409
81400.0 2152.7938
81600.0 2148.8131
81800.0 2134.3218
82000.0 2143.0722
82200.0 2156.4313
82400.0 2168.7544
82600.0 2143.7701
82800.0 2135.6539
83000.0 2147.4531
83200.0 2166.2537
83400.0 2128.051
83600.0 2120.4041
83800.0 2155.1331
84000.0 2168.8965
84200.0 2136.1718
84400.0 2146.5567
84600.0 2140.6165
84800.0 2134.7542
85000.0 2143.2403
85200.0 2145.7158
85400.0 2172.0912
85600.0 2139.6797
85800.0 2147.9804
86000.0 2156.021
86200.0 2145.0578
86400.0 2133.8679
86600.0 2154.6987
86800.0 2149.3122
87000.0 2131.6578
87200.0 2149.9827
87400.0 2135.1591
87600.0 2139.1512
87800.0 2134.0874
88000.0 2148.4568
88200.0 2165.31
88400.0 2151.722
88600.0 2153.6618
88800.0 2144.8725
89000.0 2132.5563
89200.0 2162.6729
89400.0 2132.7885
89600.0 2146.9707
89800.0 2134.9382
90000.0 2152.666
90200.0 2164.0651
90400.0 2116.4944
90600.0 2143.6828
90800.0 2156.4117
91000.0 2153.8891
91200.0 2142.2582
91400.0 2160.5056
91600.0 2157.4746
91800.0 2137.1655
92000.0 2143.6708
92200.0 2144.4556
92400.0 2175.235
92600.0 2139.4488
92800.0 2139.4524
93000.0 2141.7388
93200.0 2133.0787
93400.0 2145.3134
93600.0 2147.5919
93800.0 2141.164
94000.0 2137.3472
94200.0 2161.3539
94400.0 2133.5035
94600.0 2140.4971
94800.0 2146.009
95000.0 2132.4299
95200.0 2139.7348
95400.0 2149.9247
95600.0 2138.5343
95800.0 2151.1092
96000.0 2136.0089
96200.0 2156.0848
96400.0 2132.1542
96600.0 2144.5267
96800.0 2137.0916
97000.0 2152.6925
97200.0 2156.0824
97400.0 2144.7077
97600.0 2139.2771
97800.0 2152.6702
98000.0 2150.8925
98200.0 2138.701
98400.0 2159.3977
98600.0 2128.9278
98800.0 2136.6977
99000.0 2145.8934
99200.0 2161.3818
99400.0 2147.3519
99600.0 2155.0608
99800.0 2142.3864
100000.0 2156.2371
100200.0 2137.5104
100400.0 2148.9427
100600.0 2127.3311
100800.0 2159.0672
101000.0 2147.3278
101200.0 2147.0378
101400.0 2140.0572
101600.0 2150.5315
101800.0 2155.7843
102000.0 2125.9354
102200.0 2144.657
102400.0 2128.1381
102600.0 2144.511
102800.0 2138.4815
103000.0 2153.8569
103200.0 2146.0032
103400.0 2156.3129
103600.0 2158.8585
103800.0 2130.1096
104000.0 2137.353
104200.0 2153.13
104400.0 2135.2308
104600.0 2140.9308
104800.0 2133.4699
105000.0 2159.606
105200.0 2155.2244
105400.0 2158.743
105600.0 2140.8117
105800.0 2155.6443
106000.0 2143.237
106200.0 2155.3363
106400.0 2146.4498
106600.0 2162.5408
106800.0 2152.8178
107000.0 2144.6412
107200.0 2130.5484
107400.0 2160.569
107600.0 2139.6367
107800.0 2141.5977
108000.0 2147.4411
108200.0 2168.3168
108400.0 2153.4546
108600.0 2159.2491
108800.0 2144.3846
109000.0 2139.4097
109200.0 2147.4212
109400.0 2128.5691
109600.0 2139.5307
109800.0 2164.7564
110000.0 2126.6368
110200.0 2151.6826
110400.0 2134.2266
110600.0 2136.9776
110800.0 2155.8081
111000.0 2144.5749
111200.0 2129.669
111400.0 2140.5402
111600.0 2134.2353
111800.0 2150.3813
112000.0 2145.4258
112200.0 2144.6196
112400.0 2158.1691
112600.0 2136.1622
112800.0 2167.7326
113000.0 2149.5968
113200.0 2137.633
113400.0 2151.918
113600.0 2124.9242
113800.0 2131.7479
114000.0 2152.12
114200.0 2156.4583
114400.0 2138.9955
114600.0 2154.055
114800.0 2147.3226
115000.0 2137.4532
115200.0 2150.8553
115400.0 2136.1716
115600.0 2141.6503
115800.0 2145.5332
116000.0 2164.6069
116200.0 2148.3612
116400.0 2136.088
116600.0 2146.7836
116800.0 2135.2847
117000.0 2138.9617
117200.0 2143.6722
117400.0 2157.273
117600.0 2155.1636
117800.0 2156.3347
118000.0 2154.6306
118200.0 2141.7053
118400.0 2149.0405
118600.0 2134.0753
118800.0 2126.3059
119000.0 2142.3772
119200.0 2168.8532
119400.0 2141.3252
119600.0 2151.5387
119800.0 2143.1586
120000.0 2150.923
120200.0 2147.8605
120400.0 2152.5493
120600.0 2160.1331
120800.0 2155.7235
121000.0 2139.055
121200.0 2138.5678
121400.0 2147.3526
121600.0 2157.5245
121800.0 2149.4613
122000.0 2147.4416
122200.0 2113.2946
122400.0 2132.9729
122600.0 2155.6002
122800.0 2142.5157
123000.0 2138.29
123200.0 2139.3687
123400.0 2144.153
123600.0 2161.1629
123800.0 2140.9186
124000.0 2154.255
124200.0 2151.2828
124400.0 2161.3691
124600.0 2127.7616
124800.0 2121.9304
125000.0 2160.1593
125200.0 2146.4665
125400.0 2143.8251
125600.0 2149.8388
125800.0 2134.712
126000.0 2131.1835
126200.0 2154.7477
126400.0 2145.4749
126600.0 2166.8324
126800.0 2136.5628
127000.0 2167.133
127200.0 2124.7652
127400.0 2156.0769
127600.0 2151.2768
127800.0 2131.5805
128000.0 2162.5529
128200.0 2140.5964
128400.0 2150.2549
128600.0 2125.511
128800.0 2137.683
129000.0 2151.1696
129200.0 2164.0914
129400.0 2137.2995
129600.0 2142.2559
129800.0 2152.2249
130000.0 2145.3525
130200.0 2161.6477
130400.0 2124.0652
130600.0 2141.7089
130800.0 2146.0319
131000.0 2163.0794
131200.0 2136.2439
131400.0 2151.244
131600.0 2144.7708
131800.0 2142.2977
132000.0 2151.8461
132200.0 2146.6919
132400.0 2147.6592
132600.0 2127.9685
132800.0 2164.2372
133000.0 2139.0992
133200.0 2145.1609
133400.0 2156.1801
133600.0 2122.4148
133800.0 2148.0898
134000.0 2149.7085
134200.0 2162.8085
134400.0 2148.9817
134600.0 2136.2989
134800.0 2139.6076
135000.0 2129.5493
135200.0 2148.5348
135400.0 2152.6043
135600.0 2150.4535
135800.0 2136.1651
136000.0 2159.1947
136200.0 2152.379
136400.0 2135.7135
136600.0 2138.0855
136800.0 2147.9832
137000.0 2164.7612
137200.0 2150.5834
137400.0 2137.6259
137600.0 2159.3097
137800.0 2134.4136
138000.0 2157.9051
138200.0 2132.099
138400.0 2146.4247
138600.0 2128.4198
138800.0 2140.6716
139000.0 2158.2464
139200.0 2160.8449
139400.0 2147.3344
139600.0 2163.2976
139800.0 2141.6815
140000.0 2132.7794
140200.0 2150.2348
140400.0 2152.541
140600.0 2142.5304
140800.0 2180.0352
141000.0 2135.5254
141200.0 2161.1343
141400.0 2147.7046
141600.0 2137.3242
141800.0 2133.3453
142000.0 2167.1517
142200.0 2141.3063
142400.0 2162.81
142600.0 2121.1347
142800.0 2157.1031
143000.0 2171.1285
143200.0 2142.3711
143400.0 2142.1473
143600.0 2161.162
143800.0 2139.3058
144000.0 2117.1671
144200.0 2134.2719
144400.0 2154.0604
144600.0 2157.6564
144800.0 2166.5681
145000.0 2133.455
145200.0 2137.1238
145400.0 2155.708
145600.0 2139.7747
145800.0 2141.8389
146000.0 2143.7508
146200.0 2153.8444
146400.0 2138.7802
146600.0 2160.8795
146800.0 2141.2554
147000.0 2129.7264
147200.0 2161.8036
147400.0 2148.5981
147600.0 2127.1096
147800.0 2125.8983
148000.0 2163.1406
148200.0 2150.4676
148400.0 2141.3989
148600.0 2134.5897
148800.0 2138.0007
149000.0 2153.829
149200.0 2155.3221
149400.0 2143.1951
149600.0 2139.2455
149800.0 2166.8298
150000.0 2136.8378
150200.0 2146.4948
150400.0 2144.4237
150600.0 2159.5579
150800.0 2131.7429
151000.0 2159.0231
151200.0 2135.8468
151400.0 2147.3412
151600.0 2151.2698
151800.0 2126.0603
152000.0 2142.3969
152200.0 2140.1489
152400.0 2159.0615
152600.0 2145.1771
152800.0 2143.8249
153000.0 2149.4852
153200.0 2146.4808
153400.0 2145.5731
153600.0 2149.2639
153800.0 2137.4488
154000.0 2159.1984
154200.0 2149.9585
154400.0 2140.6153
154600.0 2149.066
154800.0 2159.0055
155000.0 2133.7805
155200.0 2138.516
155400.0 2171.197
155600.0 2143.5008
155800.0 2141.1744
156000.0 2141.85
156200.0 2157.914
156400.0 2127.4805
156600.0 2158.1447
156800.0 2134.0776
157000.0 2151.6477
157200.0 2146.4529
157400.0 2150.1466
157600.0 2146.412
157800.0 2130.7206
158000.0 2128.8172
158200.0 2153.4246
158400.0 2151.9885
158600.0 2141.0699
158800.0 2151.2247
159000.0 2147.0641
159200.0 2138.6235
159400.0 2137.05
159600.0 2164.2562
159800.0 2132.5247
160000.0 2144.2002
160200.0 2143.2318
160400.0 2153.5052
160600.0 2147.949
160800.0 2157.5875
161000.0 2145.7281
161200.0 2120.3781
161400.0 2152.6362
161600.0 2164.5226
161800.0 2139.4297
162000.0 2142.7854
162200.0 2128.0953
162400.0 2146.1223
162600.0 2148.6081
162800.0 2127.2572
163000.0 2154.3132
163200.0 2156.8473
163400.0 2139.1537
163600.0 2157.9812
163800.0 2131.5779
164000.0 2150.5758
164200.0 2115.0395
164400.0 2134.2177
164600.0 2153.0634
164800.0 2154.5505
165000.0 2134.6015
165200.0 2144.3958
165400.0 2167.5883
165600.0 2134.3322
165800.0 2152.9157
166000.0 2139.0812
166200.0 2148.7506
166400.0 2159.434
166600.0 2139.954
166800.0 2144.2165
167000.0 2127.7031
167200.0 2152.4174
167400.0 2146.1785
167600.0 2140.0106
167800.0 2164.0109
168000.0 2150.8335
168200.0 2148.6606
168400.0 2136.5509
168600.0 2145.6566
168800.0 2138.9678
169000.0 2147.7912
169200.0 2169.0148
169400.0 2144.5398
169600.0 2140.6242
169800.0 2129.7073
170000.0 2138.5716
170200.0 2158.1219
170400.0 2153.2581
170600.0 2131.0208
170800.0 2149.172
171000.0 2129.657
171200.0 2170.5825
171400.0 2152.9609
171600.0 2131.9825
171800.0 2132.6194
172000.0 2135.6303
172200.0 2163.9908
172400.0 2165.1548
172600.0 2149.0024
172800.0 2123.973
173000.0 2155.3491
173200.0 2129.9569
173400.0 2155.5824
173600.0 2130.494
173800.0 2143.0223
174000.0 2135.278
174200.0 2164.1021
174400.0 2161.9145
174600.0 2133.3598
174800.0 2125.8152
175000.0 2161.6778
175200.0 2152.9964
175400.0 2143.6621
175600.0 2152.9872
175800.0 2145.67
176000.0 2146.6595
176200.0 2156.5948
176400.0 2134.4866
176600.0 2163.2975
176800.0 2132.1748
177000.0 2146.4063
177200.0 2148.4844
177400.0 2137.5435
177600.0 2140.7559
177800.0 2143.9246
178000.0 2154.5442
178200.0 2150.9191
178400.0 2136.3209
178600.0 2129.7533
178800.0 2161.3678
179000.0 2153.9121
179200.0 2117.4766
179400.0 2137.6003
179600.0 2181.0796
179800.0 2130.8587
180000.0 2147.964
180200.0 2167.884
180400.0 2149.3314
180600.0 2165.3831
180800.0 2133.3249
181000.0 2133.3283
181200.0 2145.7913
181400.0 2157.3426
181600.0 2139.5108
181800.0 2127.0444
182000.0 2153.677
182200.0 2137.8693
182400.0 2133.6007
182600.0 2131.698
182800.0 2151.8519
183000.0 2169.7178
183200.0 2141.0888
183400.0 2131.6449
183600.0 2137.9768
183800.0 2151.9747
184000.0 2163.0477
184200.0 2136.7784
184400.0 2156.9692
184600.0 2152.1581
184800.0 2131.9613
185000.0 2146.4506
185200.0 2141.6191
185400.0 2146.3313
185600.0 2148.9246
185800.0 2144.8117
186000.0 2177.1749
186200.0 2155.7639
186400.0 2139.1743
186600.0 2110.5895
186800.0 2153.3742
187000.0 2143.1393
187200.0 2154.1868
187400.0 2156.3935
187600.0 2124.1272
187800.0 2147.7249
188000.0 2158.0573
188200.0 2166.0634
188400.0 2152.787
188600.0 2135.465
188800.0 2152.0417
189000.0 2139.3818
189200.0 2150.1358
189400.0 2147.5238
189600.0 2140.9046
189800.0 2143.7042
190000.0 2120.9215
190200.0 2168.2635
190400.0 2164.3965
190600.0 2133.9285
190800.0 2136.8282
191000.0 2146.0685
191200.0 2143.909
191400.0 2136.3765
191600.0 2144.9511
191800.0 2161.8283
192000.0 2137.1423
192200.0 2155.7236
192400.0 2153.1096
192600.0 2134.969
192800.0 2154.1491
193000.0 2169.7558
193200.0 2129.165
193400.0 2142.4255
193600.0 2149.517
193800.0 2134.993
194000.0 2156.2254
194200.0 2151.3014
194400.0 2160.7791
194600.0 2149.4101
194800.0 2153.3002
195000.0 2143.8582
195200.0 2130.9943
195400.0 2157.4457
195600.0 2121.7294
195800.0 2156.6313
196000.0 2146.0239
196200.0 2136.1022
196400.0 2144.395
196600.0 2142.0962
196800.0 2140.7098
197000.0 2161.1722
197200.0 2131.8643
197400.0 2146.2303
197600.0 2142.572
197800.0 2156.4437
198000.0 2151.2138
198200.0 2168.74
198400.0 2146.3351
198600.0 2145.0247
198800.0 2144.1235
199000.0 2146.5476
199200.0 2149.3378
199400.0 2128.7163
199600.0 2156.1984
199800.0 2141.9136
200000.0 2137.235
