0.0 1564.031
1000.0 1134.1078
2000.0 1332.7731
3000.0 1438.6385
4000.0 1474.8915
5000.0 1520.3788
6000.0 1557.0061
7000.0 1536.931
8000.0 1550.374
9000.0 1571.5756
10000.0 1571.2383
11000.0 1532.6017
12000.0 1545.1283
13000.0 1571.8585
14000.0 1557.8883
15000.0 1579.0102
16000.0 1543.15
17000.0 1576.5534
18000.0 1570.3974
19000.0 1558.2637
20000.0 1550.1383
21000.0 1557.5505
22000.0 1559.4055
23000.0 1560.439
24000.0 1568.7002
25000.0 1594.4086
26000.0 1554.4229
27000.0 1565.0706
28000.0 1587.1272
29000.0 1560.9928
30000.0 1572.0547
31000.0 1534.3926
32000.0 1574.4783
33000.0 1556.3468
34000.0 1573.5268
35000.0 1558.5277
36000.0 1559.6689
37000.0 1557.5494
38000.0 1569.1975
39000.0 1537.4205
40000.0 1585.1815
41000.0 1587.8209
42000.0 1545.0916
43000.0 1531.7715
44000.0 1531.6351
45000.0 1567.8462
46000.0 1560.0373
47000.0 1573.2996
48000.0 1582.1492
49000.0 1559.4165
50000.0 1527.0156
51000.0 1569.7377
52000.0 1573.3932
53000.0 1542.9761
54000.0 1583.1474
55000.0 1579.1211
56000.0 1597.6878
57000.0 1602.0288
58000.0 1552.5879
59000.0 1538.5246
60000.0 1570.3239
61000.0 1567.4182
62000.0 1544.9887
63000.0 1567.9519
64000.0 1590.606
65000.0 1563.0448
66000.0 1584.3851
67000.0 1576.1747
68000.0 1549.2223
69000.0 1554.458
70000.0 1569.8016
71000.0 1560.9242
72000.0 1561.9434
73000.0 1573.6598
74000.0 1568.249
75000.0 1597.888
76000.0 1575.5046
77000.0 1576.9448
78000.0 1560.1289
79000.0 1569.3497
80000.0 1539.5168
81000.0 1547.015
82000.0 1554.6473
83000.0 1540.9787
84000.0 1556.1152
85000.0 1574.9607
86000.0 1572.6767
87000.0 1564.647
88000.0 1567.3172
89000.0 1557.6269
90000.0 1572.2329
91000.0 1580.385
92000.0 1578.99
93000.0 1560.3353
94000.0 1565.9158
95000.0 1569.3398
96000.0 1525.3706
97000.0 1566.8185
98000.0 1572.0366
99000.0 1577.9813
100000.0 1579.0207
101000.0 1546.2545
102000.0 1555.7203
103000.0 1580.1026
104000.0 1555.1851
105000.0 1537.8086
106000.0 1578.8906
107000.0 1579.8263
108000.0 1560.5304
109000.0 1573.0044
110000.0 1561.6841
111000.0 1542.3039
112000.0 1562.4809
113000.0 1563.1307
114000.0 1573.9921
115000.0 1590.5127
116000.0 1601.7756
117000.0 1552.8647
118000.0 1586.5026
119000.0 1580.531
120000.0 1546.9736
121000.0 1576.7979
122000.0 1537.3841
123000.0 1563.5511
124000.0 1568.5768
125000.0 1542.8419
126000.0 1551.4047
127000.0 1569.0642
128000.0 1561.4561
129000.0 1597.0559
130000.0 1566.1154
131000.0 1593.1183
132000.0 1554.8564
133000.0 1546.8219
134000.0 1566.0147
135000.0 1563.2581
136000.0 1543.2816
137000.0 1585.8553
138000.0 1573.2677
139000.0 1599.9546
140000.0 1570.1208
141000.0 1549.4563
142000.0 1560.0915
143000.0 1560.1905
144000.0 1547.8558
145000.0 1574.9093
146000.0 1558.2843
147000.0 1567.7064
148000.0 1584.8683
149000.0 1558.045
150000.0 1545.5686
151000.0 1559.5569
152000.0 1548.1992
153000.0 1547.1468
154000.0 1568.2558
155000.0 1549.7966
156000.0 1564.1417
157000.0 1569.1388
158000.0 1557.9952
159000.0 1561.2335
160000.0 1573.3928
161000.0 1576.044
162000.0 1588.9144
163000.0 1529.6521
164000.0 1559.5048
165000.0 1559.5987
166000.0 1554.303
167000.0 1558.9817
168000.0 1562.822
169000.0 1547.0036
170000.0 1586.7535
171000.0 1549.2801
172000.0 1556.7635
173000.0 1558.2745
174000.0 1559.4943
175000.0 1546.3745
176000.0 1598.8067
177000.0 1568.2944
178000.0 1570.7668
179000.0 1567.4807
180000.0 1574.9928
181000.0 1592.0074
182000.0 1543.0421
183000.0 1565.8155
184000.0 1545.9827
185000.0 1561.5041
186000.0 1542.6422
187000.0 1559.3923
188000.0 1579.4182
189000.0 1579.3593
190000.0 1568.9428
191000.0 1574.5492
192000.0 1577.8364
193000.0 1580.462
194000.0 1585.7288
195000.0 1574.3856
196000.0 1571.498
197000.0 1558.0023
198000.0 1542.5337
199000.0 1590.2208
200000.0 1561.6322
