0.0 2856.0333
1000.0 2865.9815
2000.0 2894.0008
3000.0 2887.3212
4000.0 2862.1187
5000.0 2852.6778
6000.0 2825.1515
7000.0 2876.0899
8000.0 2869.6539
9000.0 2863.91
10000.0 2859.7259
11000.0 2856.2754
12000.0 2847.4825
13000.0 2865.0944
14000.0 2868.9012
15000.0 2860.1942
16000.0 2855.5822
17000.0 2836.5037
18000.0 2835.4695
19000.0 2855.5266
20000.0 2856.465
21000.0 2853.3528
22000.0 2849.3608
23000.0 2866.8569
24000.0 2853.3486
25000.0 2876.211
26000.0 2849.9226
27000.0 2849.9705
28000.0 2831.6047
29000.0 2866.8507
30000.0 2856.3762
31000.0 2841.7111
32000.0 2843.6591
33000.0 2848.5203
34000.0 2858.0249
35000.0 2868.5089
36000.0 2848.802
37000.0 2842.1708
38000.0 2874.3407
39000.0 2852.063
40000.0 2844.5302
41000.0 2883.9113
42000.0 2856.2106
43000.0 2860.0166
44000.0 2850.8305
45000.0 2867.6514
46000.0 2878.6589
47000.0 2844.1068
48000.0 2840.9094
49000.0 2867.0401
50000.0 2856.0125
51000.0 2858.8018
52000.0 2843.7052
53000.0 2853.41
54000.0 2857.5101
55000.0 2864.3037
56000.0 2849.2364
57000.0 2876.4685
58000.0 2867.6375
59000.0 2843.0819
60000.0 2842.0298
61000.0 2847.6805
62000.0 2862.9132
63000.0 2874.0727
64000.0 2832.6096
65000.0 2858.3351
66000.0 2870.0429
67000.0 2848.7643
68000.0 2846.1328
69000.0 2863.3594
70000.0 2857.4965
71000.0 2874.5414
72000.0 2855.9161
73000.0 2862.5667
74000.0 2857.5918
75000.0 2839.4095
76000.0 2884.4464
77000.0 2855.6345
78000.0 2836.6404
79000.0 2864.8004
80000.0 2849.149
81000.0 2853.3373
82000.0 2854.8889
83000.0 2854.8096
84000.0 2885.7732
85000.0 2864.1578
86000.0 2853.0217
87000.0 2841.3489
88000.0 2877.0785
89000.0 2858.7953
90000.0 2851.3561
91000.0 2846.1347
92000.0 2843.8037
93000.0 2863.1078
94000.0 2844.0698
95000.0 2859.4124
96000.0 2853.0983
97000.0 2840.6774
98000.0 2852.0211
99000.0 2871.8174
100000.0 2872.4786
101000.0 2857.6434
102000.0 2844.5904
103000.0 2841.778
104000.0 2834.3151
105000.0 2857.909
106000.0 2860.4075
107000.0 2859.2116
108000.0 2853.5378
109000.0 2862.2596
110000.0 2862.5413
111000.0 2880.4937
112000.0 2835.432
113000.0 2862.3064
114000.0 2842.4237
115000.0 2852.8422
116000.0 2829.3949
117000.0 2863.1237
118000.0 2850.0174
119000.0 2851.8087
120000.0 2874.3312
121000.0 2867.8888
122000.0 2845.8843
123000.0 2852.0957
124000.0 2879.2279
125000.0 2850.9225
126000.0 2859.8554
127000.0 2853.9065
128000.0 2855.4291
129000.0 2865.6583
130000.0 2851.3137
131000.0 2871.2694
132000.0 2847.1516
133000.0 2866.6511
134000.0 2856.3738
135000.0 2866.5345
136000.0 2858.9472
137000.0 2864.0288
138000.0 2856.6883
139000.0 2849.5465
140000.0 2847.3361
141000.0 2877.2718
142000.0 2840.6541
143000.0 2835.8489
144000.0 2842.0949
145000.0 2852.1077
146000.0 2852.3317
147000.0 2843.5651
148000.0 2837.1229
149000.0 2857.7311
150000.0 2845.9598
151000.0 2846.8495
152000.0 2851.7935
153000.0 2854.6719
154000.0 2847.8554
155000.0 2850.432
156000.0 2822.7297
157000.0 2857.206
158000.0 2853.9016
159000.0 2829.7729
160000.0 2849.3
161000.0 2871.0048
162000.0 2883.1981
163000.0 2844.4659
164000.0 2880.8952
165000.0 2843.7388
166000.0 2862.4545
167000.0 2854.1805
168000.0 2863.242
169000.0 2843.2422
170000.0 2849.5406
171000.0 2831.6841
172000.0 2863.0459
173000.0 2850.8827
174000.0 2875.9846
175000.0 2866.9204
176000.0 2857.8681
177000.0 2852.9772
178000.0 2850.3774
179000.0 2840.0655
180000.0 2835.7789
181000.0 2826.8229
182000.0 2861.3016
183000.0 2839.6913
184000.0 2863.7305
185000.0 2855.6004
186000.0 2850.7132
187000.0 2866.4159
188000.0 2844.4096
189000.0 2863.259
190000.0 2862.3495
191000.0 2847.7735
192000.0 2841.8677
193000.0 2847.5746
194000.0 2876.0454
195000.0 2852.7786
196000.0 2882.1112
197000.0 2852.8523
198000.0 2856.1486
199000.0 2866.0032
200000.0 2856.3055
