0.0 2145.6467
200.0 903.01054
400.0 1179.1537
600.0 1265.8241
800.0 1457.2449
1000.0 1541.37
1200.0 1631.8334
1400.0 1707.8379
1600.0 1723.1043
1800.0 1782.1851
2000.0 1838.2276
2200.0 1836.7644
2400.0 1866.802
2600.0 1920.6929
2800.0 1951.1601
3000.0 1950.6653
3200.0 1992.5161
3400.0 1952.6835
3600.0 2042.2155
3800.0 2005.7543
4000.0 2030.5786
4200.0 2029.1531
4400.0 2069.6545
4600.0 2047.5939
4800.0 2062.4004
5000.0 2101.6631
5200.0 2098.8165
5400.0 2090.2618
5600.0 2089.5959
5800.0 2105.8865
6000.0 2103.5371
6200.0 2112.2959
6400.0 2101.7477
6600.0 2120.5112
6800.0 2118.8482
7000.0 2128.8898
7200.0 2153.9136
7400.0 2099.2381
7600.0 2135.9253
7800.0 2146.1588
8000.0 2146.003
8200.0 2120.5452
8400.0 2132.9759
8600.0 2129.5832
8800.0 2123.0677
9000.0 2133.3242
9200.0 2131.1329
9400.0 2166.2429
9600.0 2176.5267
9800.0 2160.0993
10000.0 2130.3418
10200.0 2123.7069
10400.0 2130.8034
10600.0 2112.82
10800.0 2150.3755
11000.0 2180.9106
11200.0 2141.1487
11400.0 2183.1265
11600.0 2167.7998
11800.0 2125.5422
12000.0 2166.6757
12200.0 2125.7836
12400.0 2132.4899
12600.0 2163.5069
12800.0 2155.0011
13000.0 2135.4207
13200.0 2149.3179
13400.0 2109.8963
13600.0 2126.7447
13800.0 2146.2414
14000.0 2172.7626
14200.0 2133.9392
14400.0 2174.9269
14600.0 2120.1044
14800.0 2135.856
15000.0 2155.7936
15200.0 2137.3163
15400.0 2130.6839
15600.0 2140.6923
15800.0 2136.9437
16000.0 2170.8845
16200.0 2154.0549
16400.0 2180.758
16600.0 2149.8587
16800.0 2116.4778
17000.0 2141.9645
17200.0 2157.0438
17400.0 2153.0217
17600.0 2161.8579
17800.0 2148.9231
18000.0 2132.835
18200.0 2157.8591
18400.0 2130.8212
18600.0 2151.0345
18800.0 2141.9425
19000.0 2126.301
19200.0 2135.142
19400.0 2144.3572
19600.0 2151.5004
19800.0 2146.62
20000.0 2165.7945
20200.0 2136.4673
20400.0 2151.6109
20600.0 2131.5812
20800.0 2134.1006
21000.0 2160.9767
21200.0 2166.4763
21400.0 2128.4877
21600.0 2149.9201
21800.0 2141.0591
22000.0 2177.0443
22200.0 2135.6263
22400.0 2138.6393
22600.0 2151.1319
22800.0 2111.7452
23000.0 2152.5411
23200.0 2163.5153
23400.0 2165.297
23600.0 2137.7488
23800.0 2145.4094
24000.0 2139.4441
24200.0 2157.1341
24400.0 2135.1933
24600.0 2148.0759
24800.0 2143.6935
25000.0 2130.7166
25200.0 2135.6093
25400.0 2151.1997
25600.0 2124.4718
25800.0 2137.7038
26000.0 2133.6971
26200.0 2156.0607
26400.0 2134.0301
26600.0 2143.3244
26800.0 2145.1676
27000.0 2134.9228
27200.0 2161.9241
27400.0 2148.3146
27600.0 2115.7451
27800.0 2180.204
28000.0 2114.5805
28200.0 2162.8592
28400.0 2153.4867
28600.0 2147.7007
28800.0 2118.9167
29000.0 2120.672
29200.0 2141.1211
29400.0 2127.3396
29600.0 2142.0496
29800.0 2127.9802
30000.0 2145.189
30200.0 2118.828
30400.0 2145.4958
30600.0 2157.1569
30800.0 2154.0025
31000.0 2138.9136
31200.0 2123.3971
31400.0 2147.1576
31600.0 2165.3268
31800.0 2163.3556
32000.0 2163.5478
32200.0 2175.0846
32400.0 2151.4774
32600.0 2146.7558
32800.0 2166.7722
33000.0 2120.5285
33200.0 2126.412
33400.0 2139.892
33600.0 2146.3111
33800.0 2131.7623
34000.0 2146.2802
34200.0 2128.049
34400.0 2137.2199
34600.0 2172.3744
34800.0 2131.2316
35000.0 2126.0331
35200.0 2130.5674
35400.0 2145.9677
35600.0 2149.9039
35800.0 2145.7911
36000.0 2165.2597
36200.0 2151.6458
36400.0 2143.5257
36600.0 2154.23
36800.0 2178.7333
37000.0 2173.856
37200.0 2174.5284
37400.0 2169.5478
37600.0 2120.3048
37800.0 2139.3613
38000.0 2167.2637
38200.0 2096.4291
38400.0 2156.6026
38600.0 2107.9778
38800.0 2119.0997
39000.0 2147.7136
39200.0 2153.6023
39400.0 2142.0061
39600.0 2145.0312
39800.0 2159.775
40000.0 2131.8287
40200.0 2154.5882
40400.0 2174.481
40600.0 2115.8803
40800.0 2151.551
41000.0 2120.488
41200.0 2136.8809
41400.0 2169.8683
41600.0 2124.7587
41800.0 2165.2237
42000.0 2176.0279
42200.0 2126.2479
42400.0 2163.0117
42600.0 2132.2978
42800.0 2139.2646
43000.0 2151.8262
43200.0 2122.7198
43400.0 2145.0943
43600.0 2149.2501
43800.0 2144.4179
44000.0 2127.0334
44200.0 2127.725
44400.0 2169.8783
44600.0 2121.6072
44800.0 2151.2166
45000.0 2147.4064
45200.0 2162.3788
45400.0 2139.0382
45600.0 2151.3282
45800.0 2162.0264
46000.0 2116.4092
46200.0 2153.7415
46400.0 2156.276
46600.0 2177.9249
46800.0 2172.3943
47000.0 2156.0248
47200.0 2150.5984
47400.0 2121.8978
47600.0 2151.5672
47800.0 2141.5915
48000.0 2116.7771
48200.0 2172.5773
48400.0 2130.966
48600.0 2142.892
48800.0 2148.8887
49000.0 2157.9804
49200.0 2120.0414
49400.0 2197.1798
49600.0 2145.2055
49800.0 2135.0387
50000.0 2139.1909
50200.0 2137.0873
50400.0 2152.8957
50600.0 2119.9535
50800.0 2154.5684
51000.0 2158.1558
51200.0 2141.718
51400.0 2138.2296
51600.0 2134.9345
51800.0 2157.6793
52000.0 2117.2488
52200.0 2146.5078
52400.0 2124.3414
52600.0 2145.2105
52800.0 2138.628
53000.0 2148.2035
53200.0 2130.2641
53400.0 2167.629
53600.0 2181.4929
53800.0 2120.2561
54000.0 2128.4578
54200.0 2140.0298
54400.0 2171.6331
54600.0 2142.0568
54800.0 2128.6241
55000.0 2162.0818
55200.0 2168.2356
55400.0 2150.0901
55600.0 2109.6867
55800.0 2126.7462
56000.0 2152.5009
56200.0 2161.4484
56400.0 2134.9092
56600.0 2114.5452
56800.0 2125.931
57000.0 2168.0752
57200.0 2127.1317
57400.0 2137.728
57600.0 2166.5044
57800.0 2168.7262
58000.0 2145.0655
58200.0 2139.7701
58400.0 2130.4038
58600.0 2152.256
58800.0 2170.8438
59000.0 2167.8323
59200.0 2139.1239
59400.0 2147.9922
59600.0 2163.2091
59800.0 2127.8613
60000.0 2150.0777
60200.0 2157.6786
60400.0 2144.5648
60600.0 2144.8617
60800.0 2138.7459
61000.0 2126.7909
61200.0 2127.3318
61400.0 2145.4626
61600.0 2145.3899
61800.0 2155.251
62000.0 2155.0205
62200.0 2157.3809
62400.0 2127.5554
62600.0 2127.8537
62800.0 2152.8645
63000.0 2147.5964
63200.0 2123.6333
63400.0 2153.2579
63600.0 2131.7189
63800.0 2145.3926
64000.0 2157.7691
64200.0 2160.5542
64400.0 2150.8997
64600.0 2140.5436
64800.0 2150.5491
65000.0 2153.4112
65200.0 2166.8204
65400.0 2151.4911
65600.0 2142.3591
65800.0 2129.5562
66000.0 2187.9425
66200.0 2118.2271
66400.0 2148.2987
66600.0 2145.6919
66800.0 2143.6997
67000.0 2146.5083
67200.0 2152.9961
67400.0 2140.6869
67600.0 2123.3255
67800.0 2130.7377
68000.0 2160.5221
68200.0 2148.8561
68400.0 2156.6153
68600.0 2147.1813
68800.0 2135.1734
69000.0 2146.7617
69200.0 2152.3446
69400.0 2122.8486
69600.0 2133.641
69800.0 2149.4208
70000.0 2132.8491
70200.0 2147.8225
70400.0 2127.0004
70600.0 2174.4737
70800.0 2155.8189
71000.0 2164.1777
71200.0 2145.2618
71400.0 2147.6659
71600.0 2130.7061
71800.0 2101.495
72000.0 2163.4283
72200.0 2137.8246
72400.0 2135.2685
72600.0 2157.925
72800.0 2138.0252
73000.0 2153.4194
73200.0 2134.0885
73400.0 2165.6938
73600.0 2150.3106
73800.0 2138.4763
74000.0 2131.4131
74200.0 2138.0583
74400.0 2164.1955
74600.0 2161.2755
74800.0 2164.0117
75000.0 2143.3397
75200.0 2107.6863
75400.0 2142.257
75600.0 2177.7639
75800.0 2159.0114
76000.0 2173.0453
76200.0 2144.4348
76400.0 2118.6032
76600.0 2157.6603
76800.0 2143.1461
77000.0 2137.6067
77200.0 2131.4399
77400.0 2125.0722
77600.0 2158.8238
77800.0 2134.2617
78000.0 2155.9014
78200.0 2141.8403
78400.0 2146.27
78600.0 2194.4457
78800.0 2139.7905
79000.0 2106.5589
79200.0 2099.5179
79400.0 2150.9169
79600.0 2153.6183
79800.0 2154.2735
80000.0 2163.7656
80200.0 2138.9142
80400.0 2140.3263
80600.0 2183.6228
80800.0 2136.846
81000.0 2143.5918
81200.0 2127.1197
81400.0 2161.7134
81600.0 2149.61
81800.0 2121.4033
82000.0 2164.8417
82200.0 2097.3648
82400.0 2149.1198
82600.0 2138.7246
82800.0 2150.4404
83000.0 2162.2353
83200.0 2146.3491
83400.0 2156.7019
83600.0 2154.9904
83800.0 2150.7079
84000.0 2161.2546
84200.0 2179.705
84400.0 2143.7464
84600.0 2155.5814
84800.0 2149.5197
85000.0 2160.9815
85200.0 2109.3628
85400.0 2194.693
85600.0 2119.3242
85800.0 2159.5132
86000.0 2153.5248
86200.0 2169.094
86400.0 2143.0224
86600.0 2130.8683
86800.0 2123.9716
87000.0 2113.1588
87200.0 2125.3522
87400.0 2150.5559
87600.0 2136.5141
87800.0 2099.591
88000.0 2138.2902
88200.0 2168.0061
88400.0 2159.9928
88600.0 2160.3198
88800.0 2117.6219
89000.0 2172.6942
89200.0 2158.0243
89400.0 2178.4999
89600.0 2170.0323
89800.0 2117.4934
90000.0 2148.0027
90200.0 2154.7923
90400.0 2133.6827
90600.0 2117.4957
90800.0 2146.8997
91000.0 2165.5371
91200.0 2161.314
91400.0 2160.1387
91600.0 2131.1092
91800.0 2123.7969
92000.0 2138.5366
92200.0 2127.3612
92400.0 2146.2937
92600.0 2187.053
92800.0 2151.4289
93000.0 2138.579
93200.0 2137.9551
93400.0 2148.1661
93600.0 2153.9726
93800.0 2151.0244
94000.0 2103.797
94200.0 2182.7189
94400.0 2164.0363
94600.0 2167.4524
94800.0 2121.8023
95000.0 2138.5632
95200.0 2123.3349
95400.0 2122.6448
95600.0 2128.6854
95800.0 2134.6927
96000.0 2131.6309
96200.0 2136.0875
96400.0 2148.3074
96600.0 2125.1069
96800.0 2156.2232
97000.0 2182.6011
97200.0 2150.5896
97400.0 2157.1844
97600.0 2178.3552
97800.0 2159.4606
98000.0 2132.1157
98200.0 2133.9178
98400.0 2150.7025
98600.0 2146.7419
98800.0 2136.658
99000.0 2127.378
99200.0 2146.9623
99400.0 2103.0499
99600.0 2126.5661
99800.0 2141.4563
100000.0 2165.6162
100200.0 2121.2485
100400.0 2151.7669
100600.0 2172.8494
100800.0 2135.1833
101000.0 2145.2678
101200.0 2160.1178
101400.0 2166.06
101600.0 2160.5236
101800.0 2147.8366
102000.0 2133.7642
102200.0 2113.6373
102400.0 2148.4379
102600.0 2152.7593
102800.0 2160.5081
103000.0 2117.6385
103200.0 2139.6344
103400.0 2158.3607
103600.0 2157.5336
103800.0 2143.2614
104000.0 2125.1079
104200.0 2120.7235
104400.0 2159.5956
104600.0 2152.5762
104800.0 2150.5748
105000.0 2133.8496
105200.0 2147.9529
105400.0 2154.7187
105600.0 2143.5547
105800.0 2192.3303
106000.0 2148.8592
106200.0 2125.585
106400.0 2106.5833
106600.0 2168.9921
106800.0 2127.5518
107000.0 2156.531
107200.0 2179.7343
107400.0 2140.9394
107600.0 2145.8699
107800.0 2148.0516
108000.0 2146.6756
108200.0 2143.7138
108400.0 2139.3282
108600.0 2168.3547
108800.0 2129.9061
109000.0 2145.8852
109200.0 2118.7227
109400.0 2126.6315
109600.0 2122.9292
109800.0 2140.0478
110000.0 2116.8961
110200.0 2124.974
110400.0 2169.5976
110600.0 2147.5847
110800.0 2134.3013
111000.0 2180.6292
111200.0 2135.3754
111400.0 2127.4618
111600.0 2129.6271
111800.0 2145.6401
112000.0 2147.1011
112200.0 2146.8699
112400.0 2148.3796
112600.0 2172.0944
112800.0 2150.904
113000.0 2150.2447
113200.0 2133.3272
113400.0 2156.4185
113600.0 2156.5651
113800.0 2148.6837
114000.0 2152.1706
114200.0 2149.3858
114400.0 2136.4958
114600.0 2137.9639
114800.0 2138.4135
115000.0 2144.2464
115200.0 2129.8684
115400.0 2124.1939
115600.0 2142.7393
115800.0 2139.6476
116000.0 2169.7627
116200.0 2130.9149
116400.0 2145.7377
116600.0 2119.4188
116800.0 2174.9448
117000.0 2174.2598
117200.0 2143.9281
117400.0 2141.1981
117600.0 2122.8321
117800.0 2136.6023
118000.0 2185.1235
118200.0 2132.8925
118400.0 2137.5447
118600.0 2166.277
118800.0 2129.6069
119000.0 2128.5274
119200.0 2161.8239
119400.0 2161.2846
119600.0 2142.0679
119800.0 2126.8927
120000.0 2147.4551
120200.0 2172.8738
120400.0 2122.9447
120600.0 2175.9627
120800.0 2194.7271
121000.0 2137.9785
121200.0 2153.14
121400.0 2129.5868
121600.0 2133.1174
121800.0 2139.2349
122000.0 2127.8676
122200.0 2151.5868
122400.0 2163.4024
122600.0 2093.3859
122800.0 2125.6497
123000.0 2138.6586
123200.0 2160.7823
123400.0 2158.239
123600.0 2118.5882
123800.0 2143.4883
124000.0 2148.6546
124200.0 2131.9516
124400.0 2148.2648
124600.0 2154.6524
124800.0 2123.2221
125000.0 2155.9444
125200.0 2127.8798
125400.0 2169.4544
125600.0 2169.2787
125800.0 2138.5126
126000.0 2129.259
126200.0 2137.7628
126400.0 2177.022
126600.0 2086.5433
126800.0 2136.5165
127000.0 2104.5207
127200.0 2149.5834
127400.0 2151.2544
127600.0 2132.8448
127800.0 2166.6826
128000.0 2178.0055
128200.0 2141.4962
128400.0 2126.1229
128600.0 2120.5536
128800.0 2172.4918
129000.0 2133.8169
129200.0 2166.962
129400.0 2126.9017
129600.0 2134.5394
129800.0 2143.9257
130000.0 2158.9747
130200.0 2141.6701
130400.0 2121.8615
130600.0 2139.5526
130800.0 2144.318
131000.0 2180.2352
131200.0 2144.4169
131400.0 2150.0399
131600.0 2130.2239
131800.0 2166.0234
132000.0 2127.2189
132200.0 2111.3499
132400.0 2148.1838
132600.0 2159.5103
132800.0 2151.0882
133000.0 2154.9213
133200.0 2167.1753
133400.0 2138.7022
133600.0 2159.891
133800.0 2140.9254
134000.0 2120.6908
134200.0 2118.2874
134400.0 2142.7793
134600.0 2157.9276
134800.0 2138.1424
135000.0 2132.7028
135200.0 2139.9701
135400.0 2143.313
135600.0 2170.251
135800.0 2172.5515
136000.0 2166.8822
136200.0 2139.526
136400.0 2140.0524
136600.0 2181.7622
136800.0 2157.431
137000.0 2140.4948
137200.0 2161.6004
137400.0 2111.43
137600.0 2123.2592
137800.0 2134.3815
138000.0 2148.3366
138200.0 2158.8762
138400.0 2136.7531
138600.0 2156.0485
138800.0 2144.4367
139000.0 2108.4493
139200.0 2144.5383
139400.0 2165.5688
139600.0 2129.4161
139800.0 2134.4799
140000.0 2176.243
140200.0 2153.472
140400.0 2121.9566
140600.0 2174.5833
140800.0 2172.8644
141000.0 2108.1401
141200.0 2139.0206
141400.0 2127.1417
141600.0 2115.1482
141800.0 2132.6659
142000.0 2146.8927
142200.0 2159.4943
142400.0 2140.2654
142600.0 2150.3547
142800.0 2140.7649
143000.0 2142.7549
143200.0 2104.6205
143400.0 2130.3168
143600.0 2142.4391
143800.0 2169.7362
144000.0 2166.5423
144200.0 2164.2474
144400.0 2155.3684
144600.0 2136.1809
144800.0 2136.7299
145000.0 2121.7958
145200.0 2148.2602
145400.0 2131.7136
145600.0 2147.7328
145800.0 2126.395
146000.0 2133.9828
146200.0 2130.2896
146400.0 2147.3463
146600.0 2164.2839
146800.0 2141.5753
147000.0 2164.803
147200.0 2155.789
147400.0 2165.7523
147600.0 2137.7808
147800.0 2130.1021
148000.0 2139.5029
148200.0 2165.9397
148400.0 2128.5894
148600.0 2133.9818
148800.0 2165.7497
149000.0 2159.111
149200.0 2138.8462
149400.0 2102.9598
149600.0 2167.7679
149800.0 2146.3989
150000.0 2141.066
150200.0 2132.262
150400.0 2152.6873
150600.0 2141.5139
150800.0 2129.0137
151000.0 2158.6313
151200.0 2146.0909
151400.0 2186.351
151600.0 2154.5646
151800.0 2165.6232
152000.0 2180.0649
152200.0 2130.8209
152400.0 2155.0367
152600.0 2155.9661
152800.0 2151.881
153000.0 2137.7858
153200.0 2145.0018
153400.0 2134.7462
153600.0 2135.226
153800.0 2141.2076
154000.0 2138.1029
154200.0 2169.4248
154400.0 2145.3222
154600.0 2119.5357
154800.0 2141.6898
155000.0 2133.4962
155200.0 2124.4544
155400.0 2158.3347
155600.0 2161.091
155800.0 2149.123
156000.0 2120.4332
156200.0 2114.982
156400.0 2145.6156
156600.0 2155.6416
156800.0 2158.0991
157000.0 2121.3277
157200.0 2138.9704
157400.0 2141.5711
157600.0 2142.7077
157800.0 2154.1363
158000.0 2147.5589
158200.0 2115.5924
158400.0 2178.8643
158600.0 2132.8499
158800.0 2174.8661
159000.0 2167.4042
159200.0 2130.7818
159400.0 2178.933
159600.0 2141.0117
159800.0 2142.1933
160000.0 2145.3437
160200.0 2160.6998
160400.0 2145.9114
160600.0 2132.962
160800.0 2135.3274
161000.0 2131.3897
161200.0 2172.7812
161400.0 2151.6897
161600.0 2178.6453
161800.0 2146.1638
162000.0 2161.9648
162200.0 2143.7066
162400.0 2151.5205
162600.0 2137.3883
162800.0 2114.8925
163000.0 2114.5944
163200.0 2151.1814
163400.0 2156.6574
163600.0 2157.1102
163800.0 2166.7228
164000.0 2170.0053
164200.0 2136.8858
164400.0 2166.5028
164600.0 2155.7572
164800.0 2117.0973
165000.0 2139.1578
165200.0 2132.347
165400.0 2136.6795
165600.0 2147.9529
165800.0 2144.731
166000.0 2153.4154
166200.0 2121.1112
166400.0 2162.6413
166600.0 2145.4558
166800.0 2161.8904
167000.0 2164.2649
167200.0 2142.0136
167400.0 2175.9706
167600.0 2144.0137
167800.0 2152.1664
168000.0 2129.1542
168200.0 2141.7185
168400.0 2137.4909
168600.0 2144.4934
168800.0 2155.8371
169000.0 2145.6557
169200.0 2149.2004
169400.0 2124.7158
169600.0 2159.978
169800.0 2128.676
170000.0 2145.769
170200.0 2161.627
170400.0 2150.6152
170600.0 2143.1112
170800.0 2186.2035
171000.0 2144.455
171200.0 2148.1461
171400.0 2139.6343
171600.0 2171.4408
171800.0 2137.824
172000.0 2135.148
172200.0 2170.0553
172400.0 2164.1212
172600.0 2133.423
172800.0 2132.6892
173000.0 2126.7533
173200.0 2153.0026
173400.0 2136.7089
173600.0 2128.8373
173800.0 2167.1954
174000.0 2171.188
174200.0 2129.2197
174400.0 2118.1292
174600.0 2137.3055
174800.0 2151.0798
175000.0 2130.4601
175200.0 2163.2791
175400.0 2140.0199
175600.0 2155.9356
175800.0 2171.7428
176000.0 2134.3409
176200.0 2130.9598
176400.0 2148.0735
176600.0 2116.3686
176800.0 2122.348
177000.0 2149.5851
177200.0 2132.1718
177400.0 2171.0412
177600.0 2155.2035
177800.0 2132.1911
178000.0 2122.734
178200.0 2155.8349
178400.0 2147.0498
178600.0 2147.643
178800.0 2169.9959
179000.0 2169.639
179200.0 2134.0662
179400.0 2153.424
179600.0 2138.7436
179800.0 2119.4155
180000.0 2139.774
180200.0 2152.8648
180400.0 2153.0254
180600.0 2173.5322
180800.0 2135.418
181000.0 2135.3743
181200.0 2138.5391
181400.0 2157.9377
181600.0 2154.0781
181800.0 2132.8094
182000.0 2122.7522
182200.0 2104.0071
182400.0 2136.2378
182600.0 2153.3922
182800.0 2172.0515
183000.0 2161.4973
183200.0 2158.0504
183400.0 2152.5177
183600.0 2150.987
183800.0 2152.2905
184000.0 2160.7041
184200.0 2161.6495
184400.0 2129.9321
184600.0 2129.9769
184800.0 2121.8353
185000.0 2131.5396
185200.0 2160.2049
185400.0 2143.5716
185600.0 2142.0789
185800.0 2158.7165
186000.0 2150.0654
186200.0 2138.5445
186400.0 2161.5739
186600.0 2170.0073
186800.0 2155.7238
187000.0 2152.272
187200.0 2143.893
187400.0 2160.3813
187600.0 2141.0677
187800.0 2122.9693
188000.0 2140.409
188200.0 2156.3625
188400.0 2147.0506
188600.0 2139.0418
188800.0 2139.9582
189000.0 2135.1099
189200.0 2135.1509
189400.0 2165.7398
189600.0 2143.538
189800.0 2121.0192
190000.0 2139.9139
190200.0 2161.3544
190400.0 2126.7871
190600.0 2160.0991
190800.0 2118.073
191000.0 2118.7522
191200.0 2157.4407
191400.0 2129.135
191600.0 2144.7235
191800.0 2131.7545
192000.0 2126.2527
192200.0 2156.5124
192400.0 2157.7431
192600.0 2111.3641
192800.0 2162.4772
193000.0 2123.9542
193200.0 2175.1832
193400.0 2137.1837
193600.0 2136.6851
193800.0 2155.8659
194000.0 2139.4631
194200.0 2115.4418
194400.0 2140.3698
194600.0 2164.1624
194800.0 2175.9682
195000.0 2132.636
195200.0 2138.0966
195400.0 2138.6323
195600.0 2168.0565
195800.0 2138.1233
196000.0 2159.3066
196200.0 2132.3514
196400.0 2193.0163
196600.0 2126.154
196800.0 2130.5577
197000.0 2126.3735
197200.0 2156.5968
197400.0 2169.261
197600.0 2150.7989
197800.0 2090.369
198000.0 2181.2704
198200.0 2139.2035
198400.0 2135.8647
198600.0 2158.9586
198800.0 2169.4507
199000.0 2144.9362
199200.0 2132.1951
199400.0 2125.6613
199600.0 2141.3837
199800.0 2149.305
200000.0 2152.2254
