0.0 -5198.1292
200.0 -4284.9498
400.0 -3958.4678
600.0 -3927.4987
800.0 -3969.9092
1000.0 -4008.3478
1200.0 -4067.9068
1400.0 -4061.545
1600.0 -4086.0052
1800.0 -4105.3887
2000.0 -4067.3603
2200.0 -4113.7726
2400.0 -4118.678
2600.0 -4146.3924
2800.0 -4146.0111
3000.0 -4155.7699
3200.0 -4124.4545
3400.0 -4143.6209
3600.0 -4137.3274
3800.0 -4166.2737
4000.0 -4181.9331
4200.0 -4174.1298
4400.0 -4192.0689
4600.0 -4166.1655
4800.0 -4224.2307
5000.0 -4196.4612
5200.0 -4184.7579
5400.0 -4210.0286
5600.0 -4206.1223
5800.0 -4191.9436
6000.0 -4212.8502
6200.0 -4191.7083
6400.0 -4191.9759
6600.0 -4211.3054
6800.0 -4183.7661
7000.0 -4203.0041
7200.0 -4220.5134
7400.0 -4227.0728
7600.0 -4224.5808
7800.0 -4198.5882
8000.0 -4207.103
8200.0 -4232.9957
8400.0 -4228.9361
8600.0 -4260.3073
8800.0 -4246.9491
9000.0 -4246.9863
9200.0 -4186.8417
9400.0 -4239.0718
9600.0 -4226.8556
9800.0 -4221.0368
10000.0 -4213.207
10200.0 -4227.5548
10400.0 -4187.3398
10600.0 -4222.4253
10800.0 -4227.5845
11000.0 -4190.6431
11200.0 -4217.4712
11400.0 -4223.561
11600.0 -4233.1367
11800.0 -4227.8851
12000.0 -4239.7287
12200.0 -4251.8092
12400.0 -4239.5131
12600.0 -4260.2707
12800.0 -4233.5613
13000.0 -4246.8125
13200.0 -4251.3218
13400.0 -4255.129
13600.0 -4235.3265
13800.0 -4212.1145
14000.0 -4271.9832
14200.0 -4243.8893
14400.0 -4232.3242
14600.0 -4228.3701
14800.0 -4204.3372
15000.0 -4226.5035
15200.0 -4245.2741
15400.0 -4254.6971
15600.0 -4249.1712
15800.0 -4209.9007
16000.0 -4197.3063
16200.0 -4248.5151
16400.0 -4268.1147
16600.0 -4245.9007
16800.0 -4230.7188
17000.0 -4236.2407
17200.0 -4226.7087
17400.0 -4250.0981
17600.0 -4240.2773
17800.0 -4224.2864
18000.0 -4250.7228
18200.0 -4240.7155
18400.0 -4237.4454
18600.0 -4244.7319
18800.0 -4227.2938
19000.0 -4270.639
19200.0 -4227.8713
19400.0 -4220.7233
19600.0 -4216.5263
19800.0 -4254.2294
20000.0 -4261.4018
20200.0 -4274.5739
20400.0 -4216.3254
20600.0 -4198.3416
20800.0 -4239.84
21000.0 -4264.2827
21200.0 -4278.3916
21400.0 -4272.3968
21600.0 -4279.923
21800.0 -4234.2032
22000.0 -4233.8181
22200.0 -4240.9845
22400.0 -4239.9218
22600.0 -4224.4736
22800.0 -4258.0902
23000.0 -4197.5324
23200.0 -4200.5557
23400.0 -4226.0206
23600.0 -4231.3331
23800.0 -4234.0845
24000.0 -4252.385
24200.0 -4273.0979
24400.0 -4257.8415
24600.0 -4242.0273
24800.0 -4260.4646
25000.0 -4246.9439
25200.0 -4229.8553
25400.0 -4243.0727
25600.0 -4243.7029
25800.0 -4224.2252
26000.0 -4230.0026
26200.0 -4224.376
26400.0 -4224.0586
26600.0 -4243.1322
26800.0 -4264.0714
27000.0 -4223.9898
27200.0 -4254.8916
27400.0 -4240.5207
27600.0 -4237.2989
27800.0 -4258.9901
28000.0 -4239.7067
28200.0 -4230.1832
28400.0 -4226.087
28600.0 -4242.1928
28800.0 -4227.37
29000.0 -4249.7266
29200.0 -4251.7068
29400.0 -4225.2938
29600.0 -4197.5042
29800.0 -4259.4838
30000.0 -4252.1616
30200.0 -4200.0415
30400.0 -4229.058
30600.0 -4243.9574
30800.0 -4256.6478
31000.0 -4198.3863
31200.0 -4256.4156
31400.0 -4229.3307
31600.0 -4233.8192
31800.0 -4259.8777
32000.0 -4214.0181
32200.0 -4237.1034
32400.0 -4212.3969
32600.0 -4274.0088
32800.0 -4252.3115
33000.0 -4271.5252
33200.0 -4251.3931
33400.0 -4287.6462
33600.0 -4291.0913
33800.0 -4224.2415
34000.0 -4203.1648
34200.0 -4208.5031
34400.0 -4232.8172
34600.0 -4224.7106
34800.0 -4225.9427
35000.0 -4213.0918
35200.0 -4213.0081
35400.0 -4220.3377
35600.0 -4215.3044
35800.0 -4229.7622
36000.0 -4262.6314
36200.0 -4223.5825
36400.0 -4230.5505
36600.0 -4210.3078
36800.0 -4204.1941
37000.0 -4226.0014
37200.0 -4248.0136
37400.0 -4247.0267
37600.0 -4218.0782
37800.0 -4251.6611
38000.0 -4226.1545
38200.0 -4248.5423
38400.0 -4263.278
38600.0 -4225.1612
38800.0 -4238.7075
39000.0 -4227.4387
39200.0 -4238.9826
39400.0 -4223.4173
39600.0 -4235.1745
39800.0 -4241.2127
40000.0 -4237.1502
40200.0 -4236.7103
40400.0 -4251.7942
40600.0 -4209.8323
40800.0 -4232.8049
41000.0 -4198.4903
41200.0 -4203.2507
41400.0 -4261.9018
41600.0 -4246.1138
41800.0 -4227.4429
42000.0 -4221.1545
42200.0 -4248.2106
42400.0 -4233.118
42600.0 -4219.3194
42800.0 -4226.7091
43000.0 -4253.9075
43200.0 -4245.366
43400.0 -4232.4975
43600.0 -4247.0805
43800.0 -4243.5734
44000.0 -4234.073
44200.0 -4229.445
44400.0 -4246.2056
44600.0 -4238.2606
44800.0 -4287.7181
45000.0 -4259.7
45200.0 -4249.8968
45400.0 -4225.507
45600.0 -4238.1939
45800.0 -4236.575
46000.0 -4216.0682
46200.0 -4258.8228
46400.0 -4193.3334
46600.0 -4217.4268
46800.0 -4232.915
47000.0 -4244.2693
47200.0 -4246.767
47400.0 -4236.1584
47600.0 -4267.791
47800.0 -4248.9319
48000.0 -4219.1266
48200.0 -4220.747
48400.0 -4261.9096
48600.0 -4252.3653
48800.0 -4252.0851
49000.0 -4237.34
49200.0 -4227.2791
49400.0 -4249.2862
49600.0 -4216.4808
49800.0 -4215.1487
50000.0 -4252.0482
50200.0 -4265.6546
50400.0 -4267.4175
50600.0 -4222.4095
50800.0 -4236.6238
51000.0 -4231.5201
51200.0 -4226.4526
51400.0 -4207.739
51600.0 -4229.2307
51800.0 -4235.9877
52000.0 -4249.141
52200.0 -4256.4415
52400.0 -4246.0105
52600.0 -4235.5466
52800.0 -4234.9337
53000.0 -4249.4827
53200.0 -4292.673
53400.0 -4239.0859
53600.0 -4263.6708
53800.0 -4251.0302
54000.0 -4240.4058
54200.0 -4231.9877
54400.0 -4238.0145
54600.0 -4226.2991
54800.0 -4255.8063
55000.0 -4226.1646
55200.0 -4236.0456
55400.0 -4243.4319
55600.0 -4225.6595
55800.0 -4239.4545
56000.0 -4242.7007
56200.0 -4249.9443
56400.0 -4215.6327
56600.0 -4271.5746
56800.0 -4227.189
57000.0 -4268.1219
57200.0 -4231.1737
57400.0 -4257.2316
57600.0 -4250.505
57800.0 -4274.7597
58000.0 -4230.5652
58200.0 -4255.5575
58400.0 -4230.3118
58600.0 -4256.9257
58800.0 -4279.0578
59000.0 -4266.7142
59200.0 -4237.2267
59400.0 -4190.815
59600.0 -4230.1058
59800.0 -4234.9158
60000.0 -4220.3343
60200.0 -4249.4162
60400.0 -4225.4101
60600.0 -4249.3674
60800.0 -4292.7647
61000.0 -4222.4964
61200.0 -4251.953
61400.0 -4241.4279
61600.0 -4241.7044
61800.0 -4274.1411
62000.0 -4246.3452
62200.0 -4230.9755
62400.0 -4233.6272
62600.0 -4244.1372
62800.0 -4234.8623
63000.0 -4228.0398
63200.0 -4239.8002
63400.0 -4259.5656
63600.0 -4236.2317
63800.0 -4222.6329
64000.0 -4187.4111
64200.0 -4215.5932
64400.0 -4233.0852
64600.0 -4233.1897
64800.0 -4252.9415
65000.0 -4263.69
65200.0 -4243.8374
65400.0 -4257.503
65600.0 -4217.674
65800.0 -4246.6323
66000.0 -4227.3422
66200.0 -4259.6605
66400.0 -4242.0572
66600.0 -4234.4093
66800.0 -4241.7953
67000.0 -4243.5774
67200.0 -4258.3988
67400.0 -4259.0633
67600.0 -4247.3364
67800.0 -4258.5598
68000.0 -4226.5267
68200.0 -4212.0973
68400.0 -4258.4776
68600.0 -4250.9297
68800.0 -4272.214
69000.0 -4248.1106
69200.0 -4227.5115
69400.0 -4213.7987
69600.0 -4199.0988
69800.0 -4215.185
70000.0 -4203.0468
70200.0 -4225.6359
70400.0 -4193.0347
70600.0 -4207.4896
70800.0 -4180.7454
71000.0 -4195.645
71200.0 -4219.9122
71400.0 -4201.6017
71600.0 -4199.9731
71800.0 -4231.0614
72000.0 -4229.9058
72200.0 -4240.5009
72400.0 -4225.0287
72600.0 -4225.8996
72800.0 -4244.0515
73000.0 -4210.2919
73200.0 -4231.0043
73400.0 -4231.5234
73600.0 -4275.6045
73800.0 -4258.9904
74000.0 -4247.5285
74200.0 -4232.1905
74400.0 -4217.2572
74600.0 -4226.5869
74800.0 -4236.4646
75000.0 -4244.4006
75200.0 -4215.9643
75400.0 -4218.5967
75600.0 -4233.2636
75800.0 -4242.0784
76000.0 -4228.7626
76200.0 -4226.5751
76400.0 -4201.444
76600.0 -4218.9182
76800.0 -4248.6453
77000.0 -4217.1288
77200.0 -4226.869
77400.0 -4237.6263
77600.0 -4251.8602
77800.0 -4244.0778
78000.0 -4233.3297
78200.0 -4241.3074
78400.0 -4209.7345
78600.0 -4255.6282
78800.0 -4252.5182
79000.0 -4226.991
79200.0 -4237.5801
79400.0 -4238.2929
79600.0 -4195.635
79800.0 -4236.3774
80000.0 -4233.8175
80200.0 -4241.3929
80400.0 -4258.7945
80600.0 -4265.0476
80800.0 -4249.3008
81000.0 -4283.8854
81200.0 -4252.3359
81400.0 -4239.2215
81600.0 -4240.5943
81800.0 -4219.3995
82000.0 -4219.2232
82200.0 -4216.0805
82400.0 -4252.542
82600.0 -4265.4972
82800.0 -4269.9416
83000.0 -4273.1475
83200.0 -4238.1087
83400.0 -4235.0007
83600.0 -4210.0453
83800.0 -4215.2019
84000.0 -4246.7983
84200.0 -4208.3531
84400.0 -4235.6856
84600.0 -4214.5571
84800.0 -4242.518
85000.0 -4246.3678
85200.0 -4218.4319
85400.0 -4250.4145
85600.0 -4264.5763
85800.0 -4243.0567
86000.0 -4199.5091
86200.0 -4242.0247
86400.0 -4256.5677
86600.0 -4247.3208
86800.0 -4260.4983
87000.0 -4250.9495
87200.0 -4246.2373
87400.0 -4222.9864
87600.0 -4238.2674
87800.0 -4247.6733
88000.0 -4235.2536
88200.0 -4228.4722
88400.0 -4260.608
88600.0 -4238.8676
88800.0 -4239.6613
89000.0 -4247.5285
89200.0 -4239.8747
89400.0 -4268.9087
89600.0 -4237.3007
89800.0 -4214.2828
90000.0 -4217.6004
90200.0 -4246.6792
90400.0 -4254.4969
90600.0 -4255.0018
90800.0 -4229.2052
91000.0 -4228.5296
91200.0 -4243.8375
91400.0 -4250.7086
91600.0 -4239.716
91800.0 -4210.4214
92000.0 -4207.327
92200.0 -4230.9055
92400.0 -4270.1118
92600.0 -4247.5195
92800.0 -4245.4293
93000.0 -4240.3644
93200.0 -4230.6356
93400.0 -4223.2436
93600.0 -4210.0076
93800.0 -4257.9646
94000.0 -4265.6473
94200.0 -4234.1795
94400.0 -4264.983
94600.0 -4293.8878
94800.0 -4261.5356
95000.0 -4269.8558
95200.0 -4223.848
95400.0 -4230.3071
95600.0 -4230.9504
95800.0 -4245.2215
96000.0 -4274.1566
96200.0 -4228.4458
96400.0 -4252.5409
96600.0 -4270.6892
96800.0 -4242.7922
97000.0 -4231.2841
97200.0 -4247.802
97400.0 -4257.1838
97600.0 -4231.1221
97800.0 -4255.4988
98000.0 -4208.2891
98200.0 -4236.9343
98400.0 -4256.6582
98600.0 -4266.0679
98800.0 -4228.7533
99000.0 -4262.6036
99200.0 -4254.2238
99400.0 -4225.4076
99600.0 -4232.914
99800.0 -4258.5716
100000.0 -4223.6049
100200.0 -4215.2391
100400.0 -4210.8789
100600.0 -4201.5345
100800.0 -4228.1469
101000.0 -4224.6066
101200.0 -4212.7757
101400.0 -4252.2432
101600.0 -4239.5956
101800.0 -4235.6661
102000.0 -4256.8635
102200.0 -4230.3404
102400.0 -4252.6602
102600.0 -4250.1226
102800.0 -4264.1646
103000.0 -4228.6361
103200.0 -4245.2609
103400.0 -4234.9009
103600.0 -4246.099
103800.0 -4229.0286
104000.0 -4230.0851
104200.0 -4212.3428
104400.0 -4200.1973
104600.0 -4215.6598
104800.0 -4248.2332
105000.0 -4232.6085
105200.0 -4260.3139
105400.0 -4232.1589
105600.0 -4295.6497
105800.0 -4257.9098
106000.0 -4257.0134
106200.0 -4232.3377
106400.0 -4212.6326
106600.0 -4229.7602
106800.0 -4266.6287
107000.0 -4233.284
107200.0 -4210.763
107400.0 -4196.8225
107600.0 -4213.1203
107800.0 -4210.6683
108000.0 -4226.5778
108200.0 -4256.5499
108400.0 -4207.821
108600.0 -4213.7478
108800.0 -4237.5546
109000.0 -4230.1703
109200.0 -4235.3861
109400.0 -4212.3857
109600.0 -4213.5358
109800.0 -4235.7282
110000.0 -4210.6904
110200.0 -4229.1093
110400.0 -4220.7932
110600.0 -4247.4049
110800.0 -4227.1844
111000.0 -4236.9947
111200.0 -4234.4319
111400.0 -4229.524
111600.0 -4236.6281
111800.0 -4218.2869
112000.0 -4223.4136
112200.0 -4202.0055
112400.0 -4258.9335
112600.0 -4264.7868
112800.0 -4252.7822
113000.0 -4241.5088
113200.0 -4226.2537
113400.0 -4265.7066
113600.0 -4222.6063
113800.0 -4200.1153
114000.0 -4252.6756
114200.0 -4240.407
114400.0 -4233.8828
114600.0 -4201.3472
114800.0 -4208.0499
115000.0 -4236.4932
115200.0 -4234.2335
115400.0 -4217.0202
115600.0 -4217.4992
115800.0 -4233.9773
116000.0 -4246.6228
116200.0 -4232.3537
116400.0 -4237.59
116600.0 -4242.2165
116800.0 -4234.0417
117000.0 -4203.6462
117200.0 -4239.1524
117400.0 -4275.4546
117600.0 -4232.6487
117800.0 -4220.9923
118000.0 -4200.6858
118200.0 -4242.6001
118400.0 -4211.5291
118600.0 -4211.3126
118800.0 -4217.1393
119000.0 -4249.6323
119200.0 -4228.4853
119400.0 -4239.5313
119600.0 -4249.6357
119800.0 -4242.7154
120000.0 -4254.2131
120200.0 -4256.026
120400.0 -4244.1906
120600.0 -4239.9635
120800.0 -4285.0073
121000.0 -4261.3979
121200.0 -4238.336
121400.0 -4235.4082
121600.0 -4238.3266
121800.0 -4238.0721
122000.0 -4245.4763
122200.0 -4230.7396
122400.0 -4227.5605
122600.0 -4203.004
122800.0 -4224.8109
123000.0 -4250.1525
123200.0 -4239.8818
123400.0 -4231.6764
123600.0 -4235.6105
123800.0 -4252.8726
124000.0 -4230.8717
124200.0 -4212.8685
124400.0 -4223.8556
124600.0 -4229.5219
124800.0 -4240.8605
125000.0 -4246.3373
125200.0 -4249.0032
125400.0 -4238.673
125600.0 -4233.4272
125800.0 -4236.4406
126000.0 -4246.8914
126200.0 -4228.2549
126400.0 -4203.4903
126600.0 -4236.4216
126800.0 -4233.0129
127000.0 -4231.0769
127200.0 -4253.0061
127400.0 -4256.8487
127600.0 -4228.5259
127800.0 -4233.8609
128000.0 -4231.5592
128200.0 -4256.5946
128400.0 -4276.6945
128600.0 -4247.2247
128800.0 -4245.8958
129000.0 -4238.7186
129200.0 -4215.4417
129400.0 -4215.163
129600.0 -4252.9258
129800.0 -4256.6184
130000.0 -4268.2955
130200.0 -4226.7697
130400.0 -4229.0227
130600.0 -4219.7978
130800.0 -4223.5106
131000.0 -4240.4688
131200.0 -4267.5627
131400.0 -4240.4245
131600.0 -4228.928
131800.0 -4250.7187
132000.0 -4239.634
132200.0 -4264.3325
132400.0 -4243.5161
132600.0 -4250.4882
132800.0 -4235.0657
133000.0 -4234.5619
133200.0 -4250.7504
133400.0 -4275.8609
133600.0 -4260.2217
133800.0 -4249.5137
134000.0 -4245.7419
134200.0 -4248.403
134400.0 -4211.3633
134600.0 -4214.4923
134800.0 -4236.9431
135000.0 -4240.3133
135200.0 -4218.5242
135400.0 -4226.4746
135600.0 -4257.6425
135800.0 -4217.6821
136000.0 -4240.2693
136200.0 -4230.9797
136400.0 -4264.9066
136600.0 -4250.3833
136800.0 -4236.7483
137000.0 -4211.7891
137200.0 -4252.5274
137400.0 -4243.5515
137600.0 -4233.4251
137800.0 -4245.0931
138000.0 -4233.0828
138200.0 -4192.6521
138400.0 -4222.2033
138600.0 -4265.5329
138800.0 -4254.0638
139000.0 -4245.5981
139200.0 -4233.1331
139400.0 -4245.6607
139600.0 -4244.4108
139800.0 -4239.9417
140000.0 -4258.5026
140200.0 -4247.9833
140400.0 -4242.7577
140600.0 -4246.2597
140800.0 -4238.7414
141000.0 -4235.4449
141200.0 -4232.4277
141400.0 -4244.7938
141600.0 -4259.3225
141800.0 -4264.2149
142000.0 -4256.806
142200.0 -4233.4034
142400.0 -4199.9021
142600.0 -4266.035
142800.0 -4216.3483
143000.0 -4231.4656
143200.0 -4220.8964
143400.0 -4219.1426
143600.0 -4248.7575
143800.0 -4234.2331
144000.0 -4243.305
144200.0 -4209.6908
144400.0 -4234.9303
144600.0 -4255.1248
144800.0 -4228.9252
145000.0 -4235.5684
145200.0 -4216.6148
145400.0 -4226.0481
145600.0 -4212.4684
145800.0 -4235.171
146000.0 -4268.9291
146200.0 -4271.0223
146400.0 -4257.0678
146600.0 -4231.0647
146800.0 -4222.2525
147000.0 -4264.6342
147200.0 -4223.0854
147400.0 -4233.8683
147600.0 -4224.168
147800.0 -4225.1849
148000.0 -4262.5285
148200.0 -4269.5531
148400.0 -4266.7092
148600.0 -4255.4273
148800.0 -4236.1243
149000.0 -4241.6419
149200.0 -4246.248
149400.0 -4248.767
149600.0 -4271.2307
149800.0 -4243.9419
150000.0 -4266.2878
150200.0 -4268.8324
150400.0 -4233.0698
150600.0 -4264.5319
150800.0 -4252.1102
151000.0 -4239.2034
151200.0 -4232.8857
151400.0 -4220.8076
151600.0 -4224.6691
151800.0 -4219.2512
152000.0 -4201.4962
152200.0 -4219.9443
152400.0 -4240.4249
152600.0 -4234.4722
152800.0 -4222.4115
153000.0 -4255.2936
153200.0 -4194.469
153400.0 -4231.2731
153600.0 -4200.2736
153800.0 -4248.1974
154000.0 -4242.3762
154200.0 -4254.6669
154400.0 -4233.437
154600.0 -4273.1096
154800.0 -4279.7068
155000.0 -4243.3146
155200.0 -4226.4748
155400.0 -4216.8108
155600.0 -4205.2133
155800.0 -4221.7672
156000.0 -4233.4748
156200.0 -4234.5125
156400.0 -4237.81
156600.0 -4263.1822
156800.0 -4259.0114
157000.0 -4263.8175
157200.0 -4227.6484
157400.0 -4210.1078
157600.0 -4246.5577
157800.0 -4253.8001
158000.0 -4220.7383
158200.0 -4278.556
158400.0 -4247.8011
158600.0 -4268.5335
158800.0 -4256.1845
159000.0 -4278.8254
159200.0 -4252.1147
159400.0 -4220.82
159600.0 -4245.6527
159800.0 -4243.7289
160000.0 -4252.4595
160200.0 -4241.0121
160400.0 -4243.6855
160600.0 -4237.8953
160800.0 -4229.4266
161000.0 -4260.1245
161200.0 -4224.9489
161400.0 -4223.1384
161600.0 -4216.2096
161800.0 -4239.3938
162000.0 -4223.3415
162200.0 -4233.0315
162400.0 -4211.33
162600.0 -4212.4
162800.0 -4209.0851
163000.0 -4247.994
163200.0 -4273.8304
163400.0 -4258.7134
163600.0 -4246.3182
163800.0 -4205.1686
164000.0 -4215.2555
164200.0 -4236.0997
164400.0 -4246.6373
164600.0 -4219.1915
164800.0 -4243.7498
165000.0 -4238.2063
165200.0 -4251.0882
165400.0 -4225.6875
165600.0 -4212.8273
165800.0 -4219.8622
166000.0 -4241.5035
166200.0 -4230.6009
166400.0 -4243.1225
166600.0 -4241.7696
166800.0 -4213.7588
167000.0 -4235.564
167200.0 -4256.9007
167400.0 -4253.4349
167600.0 -4206.3109
167800.0 -4234.0346
168000.0 -4213.3884
168200.0 -4230.6913
168400.0 -4234.3816
168600.0 -4274.4228
168800.0 -4271.4967
169000.0 -4249.2708
169200.0 -4267.4264
169400.0 -4258.4832
169600.0 -4242.6296
169800.0 -4215.014
170000.0 -4236.2939
170200.0 -4242.5847
170400.0 -4246.2419
170600.0 -4246.0774
170800.0 -4228.6538
171000.0 -4227.0498
171200.0 -4222.6409
171400.0 -4259.8772
171600.0 -4266.2664
171800.0 -4258.7691
172000.0 -4264.3018
172200.0 -4249.8296
172400.0 -4243.0165
172600.0 -4252.247
172800.0 -4251.5786
173000.0 -4256.4741
173200.0 -4239.4329
173400.0 -4242.7148
173600.0 -4292.0925
173800.0 -4265.6042
174000.0 -4231.4392
174200.0 -4240.8949
174400.0 -4267.3411
174600.0 -4238.9587
174800.0 -4241.601
175000.0 -4257.4866
175200.0 -4272.2612
175400.0 -4271.9878
175600.0 -4274.4525
175800.0 -4240.79
176000.0 -4233.0779
176200.0 -4236.5427
176400.0 -4272.1467
176600.0 -4235.8773
176800.0 -4247.4539
177000.0 -4230.9774
177200.0 -4247.6049
177400.0 -4245.9203
177600.0 -4253.0695
177800.0 -4244.4019
178000.0 -4245.0549
178200.0 -4253.2554
178400.0 -4237.7991
178600.0 -4262.1164
178800.0 -4224.9518
179000.0 -4251.6793
179200.0 -4240.5094
179400.0 -4250.0434
179600.0 -4268.3829
179800.0 -4247.0857
180000.0 -4232.8379
180200.0 -4251.3814
180400.0 -4227.0192
180600.0 -4232.8531
180800.0 -4268.4038
181000.0 -4216.484
181200.0 -4251.2263
181400.0 -4251.9151
181600.0 -4247.8643
181800.0 -4216.4524
182000.0 -4263.42
182200.0 -4262.433
182400.0 -4282.3809
182600.0 -4248.0424
182800.0 -4244.1201
183000.0 -4246.0678
183200.0 -4207.0959
183400.0 -4219.0852
183600.0 -4257.5612
183800.0 -4229.8535
184000.0 -4227.0973
184200.0 -4249.3169
184400.0 -4256.3638
184600.0 -4258.5791
184800.0 -4231.9002
185000.0 -4261.949
185200.0 -4243.3311
185400.0 -4252.4425
185600.0 -4241.7814
185800.0 -4253.4687
186000.0 -4266.72
186200.0 -4264.2845
186400.0 -4265.4075
186600.0 -4225.926
186800.0 -4237.972
187000.0 -4214.9453
187200.0 -4229.0115
187400.0 -4236.2574
187600.0 -4211.0727
187800.0 -4251.6742
188000.0 -4233.46
188200.0 -4229.5937
188400.0 -4245.8595
188600.0 -4228.8414
188800.0 -4259.6508
189000.0 -4252.4929
189200.0 -4222.0476
189400.0 -4234.8346
189600.0 -4264.3568
189800.0 -4257.975
190000.0 -4269.9134
190200.0 -4238.5593
190400.0 -4240.7419
190600.0 -4214.9406
190800.0 -4227.5979
191000.0 -4248.889
191200.0 -4272.4399
191400.0 -4256.514
191600.0 -4247.8594
191800.0 -4238.9513
192000.0 -4230.9651
192200.0 -4245.0466
192400.0 -4243.5338
192600.0 -4219.0135
192800.0 -4268.7288
193000.0 -4222.8622
193200.0 -4257.9452
193400.0 -4240.1359
193600.0 -4226.2753
193800.0 -4217.1029
194000.0 -4215.374
194200.0 -4210.1177
194400.0 -4234.4446
194600.0 -4234.3009
194800.0 -4262.2496
195000.0 -4254.7875
195200.0 -4227.6687
195400.0 -4219.4712
195600.0 -4197.6848
195800.0 -4243.4959
196000.0 -4226.005
196200.0 -4230.3076
196400.0 -4191.3186
196600.0 -4221.0516
196800.0 -4209.1987
197000.0 -4246.6288
197200.0 -4255.4454
197400.0 -4248.046
197600.0 -4254.7258
197800.0 -4252.7981
198000.0 -4274.3359
198200.0 -4266.3248
198400.0 -4232.8035
198600.0 -4252.0441
198800.0 -4251.4138
199000.0 -4249.2812
199200.0 -4247.5728
199400.0 -4263.0987
199600.0 -4217.9077
199800.0 -4235.6775
200000.0 -4268.6844
