0.0 -7401.2425
1000.0 -5757.0944
2000.0 -5831.4444
3000.0 -5876.1506
4000.0 -5939.9915
5000.0 -5945.8911
6000.0 -5969.1676
7000.0 -5967.6263
8000.0 -5963.0247
9000.0 -5980.8056
10000.0 -5995.3965
11000.0 -5953.638
12000.0 -5988.3882
13000.0 -6000.7573
14000.0 -5957.5136
15000.0 -5965.0373
16000.0 -5997.6804
17000.0 -6010.9413
18000.0 -6000.0948
19000.0 -5970.9751
20000.0 -6016.5424
21000.0 -5975.0192
22000.0 -5980.9799
23000.0 -5966.0734
24000.0 -5938.2807
25000.0 -6000.39
26000.0 -6008.3893
27000.0 -5960.3628
28000.0 -6029.833
29000.0 -5973.0136
30000.0 -5997.9123
31000.0 -5966.7066
32000.0 -6015.4656
33000.0 -6023.2584
34000.0 -6029.8409
35000.0 -6002.925
36000.0 -6045.6967
37000.0 -6014.2734
38000.0 -6009.7223
39000.0 -6005.7841
40000.0 -6028.4317
41000.0 -6002.7321
42000.0 -6017.0306
43000.0 -5978.7953
44000.0 -5993.4119
45000.0 -6029.8801
46000.0 -5987.5032
47000.0 -6034.8163
48000.0 -6024.861
49000.0 -6045.0728
50000.0 -6037.2952
51000.0 -5976.8351
52000.0 -6054.5137
53000.0 -6051.222
54000.0 -5994.6282
55000.0 -6039.2642
56000.0 -6032.6966
57000.0 -6049.5584
58000.0 -6015.3353
59000.0 -6024.4047
60000.0 -6031.0189
61000.0 -5997.1358
62000.0 -6008.1539
63000.0 -6016.5288
64000.0 -6000.7871
65000.0 -6021.0923
66000.0 -6026.3524
67000.0 -6052.6264
68000.0 -6042.6226
69000.0 -6035.0722
70000.0 -6025.0251
71000.0 -6012.2914
72000.0 -6032.6951
73000.0 -6012.3806
74000.0 -6038.8689
75000.0 -5989.2781
76000.0 -6024.0637
77000.0 -5994.2688
78000.0 -5975.5245
79000.0 -5976.0361
80000.0 -6061.055
81000.0 -5992.9154
82000.0 -5998.7916
83000.0 -6017.2822
84000.0 -5999.5502
85000.0 -5949.3624
86000.0 -5979.6615
87000.0 -6016.3104
88000.0 -6000.3385
89000.0 -5983.9515
90000.0 -6027.8423
91000.0 -5977.8614
92000.0 -6025.7362
93000.0 -6026.2698
94000.0 -6000.5425
95000.0 -6001.3722
96000.0 -6020.7853
97000.0 -6009.3743
98000.0 -6030.4871
99000.0 -5960.6176
100000.0 -6024.2245
101000.0 -6009.9228
102000.0 -5987.938
103000.0 -6011.5055
104000.0 -6023.3938
105000.0 -6010.6312
106000.0 -6009.8201
107000.0 -6054.6875
108000.0 -6016.3869
109000.0 -6012.8463
110000.0 -6037.4527
111000.0 -6028.2854
112000.0 -6057.4604
113000.0 -5999.1713
114000.0 -6040.6525
115000.0 -5987.1373
116000.0 -6039.1656
117000.0 -6017.6762
118000.0 -6037.9725
119000.0 -6054.997
120000.0 -6039.5379
121000.0 -6027.3393
122000.0 -6018.3207
123000.0 -6004.351
124000.0 -6038.4325
125000.0 -6036.0349
126000.0 -6030.6747
127000.0 -6005.22
128000.0 -6043.944
129000.0 -6010.2849
130000.0 -6019.8604
131000.0 -6022.0427
132000.0 -6048.0167
133000.0 -6017.8298
134000.0 -6011.5798
135000.0 -6022.4761
136000.0 -6018.8728
137000.0 -5987.3633
138000.0 -6063.6863
139000.0 -6009.3939
140000.0 -5985.8217
141000.0 -6043.9986
142000.0 -5984.5754
143000.0 -6004.429
144000.0 -5994.187
145000.0 -5976.5125
146000.0 -6006.7119
147000.0 -6067.3323
148000.0 -6005.1996
149000.0 -6009.3644
150000.0 -5999.4376
151000.0 -6013.1661
152000.0 -6026.2757
153000.0 -6052.3967
154000.0 -5980.6712
155000.0 -6044.9775
156000.0 -6015.8816
157000.0 -6007.5947
158000.0 -6017.9971
159000.0 -6019.2067
160000.0 -6037.9496
161000.0 -6055.7522
162000.0 -6039.066
163000.0 -6020.5594
164000.0 -6060.1927
165000.0 -6012.1324
166000.0 -6007.4663
167000.0 -6037.9421
168000.0 -6022.5386
169000.0 -5968.9118
170000.0 -6012.7614
171000.0 -6030.7049
172000.0 -6031.4792
173000.0 -6029.7744
174000.0 -6024.6234
175000.0 -6024.4238
176000.0 -6041.6265
177000.0 -6005.3
178000.0 -6048.1105
179000.0 -6015.113
180000.0 -6013.8353
181000.0 -6028.2924
182000.0 -6028.0603
183000.0 -6049.9479
184000.0 -5983.127
185000.0 -6041.7758
186000.0 -5999.3386
187000.0 -6045.605
188000.0 -6047.2055
189000.0 -6025.0791
190000.0 -6046.8674
191000.0 -6003.2583
192000.0 -6024.8322
193000.0 -6050.7175
194000.0 -5993.7814
195000.0 -6018.3238
196000.0 -6021.9857
197000.0 -6042.7374
198000.0 -6014.3222
199000.0 -6035.742
200000.0 -6051.6261
