0.0 -2095.0067
200.0 1338.1401
400.0 2540.5853
600.0 2540.8731
800.0 2445.0847
1000.0 2072.507
1200.0 1987.5997
1400.0 1940.6154
1600.0 1845.8033
1800.0 1939.7488
2000.0 1722.0137
2200.0 1744.6308
2400.0 1414.3488
2600.0 1392.9953
2800.0 1256.1104
3000.0 1181.8602
3200.0 1270.5489
3400.0 1251.3911
3600.0 1467.111
3800.0 1356.7155
4000.0 1613.4783
4200.0 1504.6489
4400.0 1465.6398
4600.0 1384.7258
4800.0 1535.9826
5000.0 1475.5487
5200.0 1449.1113
5400.0 1400.4701
5600.0 1365.5325
5800.0 1546.6165
6000.0 1496.0141
6200.0 1598.128
6400.0 1546.2439
6600.0 1522.6822
6800.0 1525.451
7000.0 1607.4853
7200.0 1411.6446
7400.0 1132.4897
7600.0 1358.8337
7800.0 1464.3598
8000.0 1400.4691
8200.0 1626.825
8400.0 1559.5782
8600.0 1504.7644
8800.0 1690.7549
9000.0 1730.4402
9200.0 1605.0274
9400.0 1422.4919
9600.0 1511.6736
9800.0 1512.0171
10000.0 1623.7929
10200.0 1497.9823
10400.0 1554.5907
10600.0 1715.7684
10800.0 1610.2637
11000.0 1279.0353
11200.0 1538.5921
11400.0 1457.3629
11600.0 1440.5456
11800.0 1416.2294
12000.0 1541.5152
12200.0 1483.576
12400.0 1688.0163
12600.0 1650.1243
12800.0 1608.1383
13000.0 1599.3612
13200.0 1392.4556
13400.0 1189.9634
13600.0 1401.0896
13800.0 1502.3481
14000.0 1604.4683
14200.0 1588.5814
14400.0 1536.2772
14600.0 1666.6556
14800.0 1438.9735
15000.0 1537.5522
15200.0 1509.3606
15400.0 1710.8118
15600.0 1811.8897
15800.0 1566.6758
16000.0 1636.1244
16200.0 1555.4264
16400.0 1557.3064
16600.0 1470.9012
16800.0 1473.9976
17000.0 1354.418
17200.0 1363.8167
17400.0 1245.743
17600.0 1645.5313
17800.0 1404.4936
18000.0 1248.4937
18200.0 1623.0423
18400.0 1686.1398
18600.0 1414.5255
18800.0 1217.1499
19000.0 1440.9416
19200.0 1534.6367
19400.0 1763.3583
19600.0 1744.8535
19800.0 1554.6881
20000.0 1593.3469
20200.0 1374.5045
20400.0 1304.9088
20600.0 1444.0313
20800.0 1475.3903
21000.0 1524.2592
21200.0 1733.0621
21400.0 1790.9099
21600.0 1575.0797
21800.0 1419.7117
22000.0 1433.2965
22200.0 1414.1709
22400.0 1334.7753
22600.0 1496.6323
22800.0 1469.1962
23000.0 1555.491
23200.0 1502.6647
23400.0 1286.4294
23600.0 1402.4673
23800.0 1457.4932
24000.0 1605.3598
24200.0 1538.766
24400.0 1659.0243
24600.0 1662.7857
24800.0 1470.3085
25000.0 1279.5078
25200.0 1280.1667
25400.0 1259.128
25600.0 1411.6682
25800.0 1581.9849
26000.0 1526.8028
26200.0 1702.0375
26400.0 1450.1405
26600.0 1576.5772
26800.0 1477.3223
27000.0 1563.8748
27200.0 1519.6994
27400.0 1438.0559
27600.0 1510.0386
27800.0 1310.1233
28000.0 1235.5883
28200.0 1356.4681
28400.0 1395.7398
28600.0 1482.9276
28800.0 1279.4067
29000.0 1356.2398
29200.0 1611.1194
29400.0 1676.328
29600.0 1555.5106
29800.0 1503.6527
30000.0 1577.1866
30200.0 1767.3001
30400.0 1664.3628
30600.0 1585.5695
30800.0 1563.6221
31000.0 1358.5223
31200.0 1380.415
31400.0 1402.84
31600.0 1736.7794
31800.0 1515.7435
32000.0 1385.86
32200.0 1317.5373
32400.0 1409.2068
32600.0 1449.8577
32800.0 1389.4982
33000.0 1372.6011
33200.0 1400.9665
33400.0 1318.9039
33600.0 1558.7153
33800.0 1253.7564
34000.0 1315.551
34200.0 1536.239
34400.0 1294.4132
34600.0 1368.109
34800.0 1536.1421
35000.0 1524.0851
35200.0 1636.9615
35400.0 1500.2003
35600.0 1331.5337
35800.0 1380.0905
36000.0 1490.0979
36200.0 1441.9548
36400.0 1499.0319
36600.0 1467.9659
36800.0 1454.0876
37000.0 1619.265
37200.0 1377.3399
37400.0 1443.6412
37600.0 1511.2173
37800.0 1458.0767
38000.0 1535.4835
38200.0 1454.1937
38400.0 1577.7545
38600.0 1336.1427
38800.0 1191.7437
39000.0 1335.1043
39200.0 1356.3761
39400.0 1449.1904
39600.0 1523.7444
39800.0 1282.7815
40000.0 1331.3374
40200.0 1598.5168
40400.0 1662.2797
40600.0 1347.2326
40800.0 1328.305
41000.0 1390.4439
41200.0 1455.4472
41400.0 1418.1106
41600.0 1644.9552
41800.0 1614.248
42000.0 1393.8425
42200.0 1397.6619
42400.0 1643.835
42600.0 1546.1229
42800.0 1343.691
43000.0 1516.2189
43200.0 1817.6787
43400.0 1501.7448
43600.0 1568.1573
43800.0 1238.9309
44000.0 1258.6004
44200.0 1371.5721
44400.0 1351.3977
44600.0 1488.9129
44800.0 1552.0486
45000.0 1608.0352
45200.0 1893.1998
45400.0 1730.1869
45600.0 1346.8672
45800.0 1512.2343
46000.0 1275.9737
46200.0 1297.1977
46400.0 1482.8204
46600.0 1398.7539
46800.0 1542.4402
47000.0 1262.2775
47200.0 1267.7932
47400.0 1601.2786
47600.0 1448.5066
47800.0 1452.6865
48000.0 1354.3491
48200.0 1625.6944
48400.0 1512.912
48600.0 1544.9456
48800.0 1395.6227
49000.0 1300.4943
49200.0 1342.3674
49400.0 1482.1941
49600.0 1548.2232
49800.0 1656.0951
50000.0 1460.2811
50200.0 1382.8272
50400.0 1336.5817
50600.0 1413.8379
50800.0 1308.3136
51000.0 1246.8523
51200.0 1463.9313
51400.0 1483.3914
51600.0 1561.8184
51800.0 1605.3489
52000.0 1400.1457
52200.0 1647.4798
52400.0 1394.1522
52600.0 1454.1784
52800.0 1440.3846
53000.0 1423.6893
53200.0 1439.3617
53400.0 1282.4861
53600.0 1354.8257
53800.0 1246.6232
54000.0 1494.7208
54200.0 1701.7787
54400.0 1466.3342
54600.0 1286.3835
54800.0 1493.9368
55000.0 1501.4671
55200.0 1427.1472
55400.0 1363.6121
55600.0 1459.085
55800.0 1436.1934
56000.0 1372.0894
56200.0 1484.9457
56400.0 1418.1713
56600.0 1453.8712
56800.0 1391.2986
57000.0 1466.0751
57200.0 1525.1786
57400.0 1526.0422
57600.0 1363.9687
57800.0 1595.5968
58000.0 1415.9441
58200.0 1063.5438
58400.0 1242.9989
58600.0 1291.201
58800.0 1378.8947
59000.0 1634.0001
59200.0 1466.8033
59400.0 1514.3875
59600.0 1523.1175
59800.0 1592.2775
60000.0 1395.452
60200.0 1394.0647
60400.0 1525.9934
60600.0 1647.7318
60800.0 1564.0116
61000.0 1630.2809
61200.0 1486.8985
61400.0 1452.6596
61600.0 1440.0317
61800.0 1598.0823
62000.0 1630.8494
62200.0 1259.3427
62400.0 1286.659
62600.0 1404.4283
62800.0 1637.5633
63000.0 1448.5078
63200.0 1399.5327
63400.0 1466.0091
63600.0 1504.9799
63800.0 1181.0783
64000.0 1312.8698
64200.0 1254.9814
64400.0 1363.1035
64600.0 1302.2315
64800.0 1594.5034
65000.0 1347.7622
65200.0 1312.9923
65400.0 1433.1014
65600.0 1215.5728
65800.0 1291.7324
66000.0 1367.2492
66200.0 1564.8994
66400.0 1392.4864
66600.0 1346.1562
66800.0 1445.1559
67000.0 1510.3975
67200.0 1432.8018
67400.0 1372.3201
67600.0 1400.4789
67800.0 1449.0977
68000.0 1329.2836
68200.0 1364.292
68400.0 1333.4594
68600.0 1613.7258
68800.0 1471.7819
69000.0 1384.9568
69200.0 1549.6033
69400.0 1459.7737
69600.0 1526.8553
69800.0 1612.6102
70000.0 1654.703
70200.0 1554.5449
70400.0 1573.7399
70600.0 1532.3553
70800.0 1378.8907
71000.0 1484.0011
71200.0 1643.376
71400.0 1406.5287
71600.0 1417.0734
71800.0 1461.6029
72000.0 1652.0107
72200.0 1580.327
72400.0 1539.8922
72600.0 1333.3863
72800.0 1198.1086
73000.0 1290.2516
73200.0 1476.5969
73400.0 1416.4739
73600.0 1382.695
73800.0 1023.6572
74000.0 1484.3371
74200.0 1501.1078
74400.0 1694.9488
74600.0 1564.3877
74800.0 1583.2515
75000.0 1481.524
75200.0 1632.6507
75400.0 1485.6491
75600.0 1229.6666
75800.0 1422.6248
76000.0 1172.1194
76200.0 1322.7594
76400.0 1683.7856
76600.0 1650.0709
76800.0 1615.4125
77000.0 1743.7556
77200.0 1339.491
77400.0 1387.4109
77600.0 1444.4522
77800.0 1800.3114
78000.0 1870.0827
78200.0 1562.3616
78400.0 1220.425
78600.0 1301.1155
78800.0 1531.8888
79000.0 1239.7155
79200.0 1520.2939
79400.0 1361.4376
79600.0 1446.3274
79800.0 1414.8382
80000.0 1409.3153
80200.0 1544.8791
80400.0 1396.22
80600.0 1447.6303
80800.0 1453.4113
81000.0 1667.4821
81200.0 1605.6783
81400.0 1452.918
81600.0 1422.7007
81800.0 1381.7796
82000.0 1179.0949
82200.0 1510.2804
82400.0 1609.9897
82600.0 1247.8432
82800.0 1291.6372
83000.0 1647.3584
83200.0 1460.3506
83400.0 1328.5341
83600.0 1357.5671
83800.0 1385.2178
84000.0 1423.6466
84200.0 1296.7536
84400.0 1222.5064
84600.0 1530.6528
84800.0 1634.045
85000.0 1732.3034
85200.0 1481.9891
85400.0 1422.5576
85600.0 1369.673
85800.0 1564.3765
86000.0 1466.8104
86200.0 1514.787
86400.0 1841.7751
86600.0 1666.9587
86800.0 1710.9933
87000.0 1757.8655
87200.0 1530.4126
87400.0 1449.7631
87600.0 1524.19
87800.0 1464.9952
88000.0 1535.5893
88200.0 1460.904
88400.0 1535.3312
88600.0 1283.2516
88800.0 1328.9316
89000.0 1459.3893
89200.0 1674.697
89400.0 1311.0177
89600.0 1337.3046
89800.0 1260.7808
90000.0 1444.3214
90200.0 1356.1398
90400.0 1469.773
90600.0 1373.0158
90800.0 1409.2477
91000.0 1489.0517
91200.0 1509.5948
91400.0 1410.2012
91600.0 1377.1875
91800.0 1301.5348
92000.0 1511.1071
92200.0 1457.1984
92400.0 1492.0371
92600.0 1083.8503
92800.0 1440.4821
93000.0 1361.015
93200.0 1558.3039
93400.0 1355.0822
93600.0 1323.7774
93800.0 1340.6295
94000.0 1305.7282
94200.0 1379.6184
94400.0 1394.3166
94600.0 1238.7533
94800.0 1472.8914
95000.0 1546.0628
95200.0 1443.1791
95400.0 1588.4075
95600.0 1420.0405
95800.0 1558.7928
96000.0 1662.8444
96200.0 1408.1392
96400.0 1358.308
96600.0 1487.9968
96800.0 1573.115
97000.0 1407.2862
97200.0 1403.6885
97400.0 1373.0554
97600.0 1605.6156
97800.0 1572.7052
98000.0 1356.1289
98200.0 1325.9117
98400.0 1389.0787
98600.0 1391.0196
98800.0 1521.0853
99000.0 1297.6518
99200.0 1520.3751
99400.0 1546.8609
99600.0 1564.8095
99800.0 1264.0176
100000.0 1513.742
100200.0 1506.9406
100400.0 1247.575
100600.0 1377.7121
100800.0 1524.077
101000.0 1288.6773
101200.0 1372.6838
101400.0 1153.9716
101600.0 1355.1112
101800.0 1305.2873
102000.0 1439.7614
102200.0 1576.7686
102400.0 1508.8852
102600.0 1741.741
102800.0 1561.6364
103000.0 1504.3925
103200.0 1558.838
103400.0 1429.4711
103600.0 1438.2373
103800.0 1541.5008
104000.0 1613.1643
104200.0 1633.2544
104400.0 1651.3461
104600.0 1763.4516
104800.0 1583.7098
105000.0 1667.8801
105200.0 1917.2406
105400.0 1616.2838
105600.0 1438.9171
105800.0 1671.3881
106000.0 1461.584
106200.0 1333.712
106400.0 1389.1596
106600.0 1590.3124
106800.0 1484.75
107000.0 1421.3543
107200.0 1557.3912
107400.0 1473.1636
107600.0 1553.3458
107800.0 1775.4593
108000.0 1655.6372
108200.0 1683.1418
108400.0 1520.6798
108600.0 1562.8302
108800.0 1518.0333
109000.0 1561.4136
109200.0 1501.51
109400.0 1327.5742
109600.0 1527.9464
109800.0 1478.0122
110000.0 1480.7275
110200.0 1456.1562
110400.0 1443.0677
110600.0 1523.2094
110800.0 1625.2428
111000.0 1588.9412
111200.0 1689.8657
111400.0 1424.8697
111600.0 1544.0515
111800.0 1530.0596
112000.0 1406.4547
112200.0 1362.9101
112400.0 1355.8603
112600.0 1600.6711
112800.0 1487.8875
113000.0 1451.8841
113200.0 1548.9315
113400.0 1426.9705
113600.0 1507.7303
113800.0 1387.2986
114000.0 1309.6869
114200.0 1406.1566
114400.0 1508.758
114600.0 1610.1345
114800.0 1531.4228
115000.0 1457.0657
115200.0 1618.7602
115400.0 1547.626
115600.0 1541.497
115800.0 1439.8692
116000.0 1381.5593
116200.0 1461.0893
116400.0 1355.2819
116600.0 1434.8131
116800.0 1307.9049
117000.0 1219.2249
117200.0 1437.1605
117400.0 1541.6959
117600.0 1451.8914
117800.0 1459.1499
118000.0 1376.7997
118200.0 1379.6211
118400.0 1536.8823
118600.0 1344.2193
118800.0 1436.4568
119000.0 1397.5009
119200.0 1435.2662
119400.0 1320.2242
119600.0 1481.1013
119800.0 1607.3061
120000.0 1703.3984
120200.0 1525.1009
120400.0 1425.097
120600.0 1654.7027
120800.0 1726.162
121000.0 1470.4427
121200.0 1235.7031
121400.0 1301.8105
121600.0 1422.3123
121800.0 1579.9487
122000.0 1585.49
122200.0 1483.3246
122400.0 1522.9268
122600.0 1536.8202
122800.0 1590.5868
123000.0 1524.9074
123200.0 1344.1716
123400.0 1413.6471
123600.0 1608.4803
123800.0 1728.6297
124000.0 1531.929
124200.0 1624.0254
124400.0 1450.7634
124600.0 1335.1041
124800.0 1439.301
125000.0 1394.7431
125200.0 1414.7313
125400.0 1447.3058
125600.0 1120.7263
125800.0 1313.5528
126000.0 1424.415
126200.0 1555.4725
126400.0 1505.3634
126600.0 1484.964
126800.0 1533.0737
127000.0 1291.4866
127200.0 1334.344
127400.0 1425.9697
127600.0 1339.7041
127800.0 1359.0117
128000.0 1331.5717
128200.0 1369.1437
128400.0 1489.3399
128600.0 1681.4612
128800.0 1508.5184
129000.0 1378.5951
129200.0 1518.3543
129400.0 1591.3793
129600.0 1526.6628
129800.0 1409.4038
130000.0 1641.3796
130200.0 1378.4399
130400.0 1522.4876
130600.0 1468.9997
130800.0 1630.7016
131000.0 1534.0239
131200.0 1379.6808
131400.0 1308.5297
131600.0 1533.399
131800.0 1396.9347
132000.0 1461.7627
132200.0 1408.7201
132400.0 1531.8375
132600.0 1594.5944
132800.0 1252.9206
133000.0 1057.0788
133200.0 1421.4741
133400.0 1737.7508
133600.0 1502.8552
133800.0 1672.0343
134000.0 1335.3012
134200.0 1495.5406
134400.0 1332.6466
134600.0 1466.7644
134800.0 1396.7153
135000.0 1353.1479
135200.0 1266.0068
135400.0 1539.5579
135600.0 1446.0197
135800.0 1446.923
136000.0 1342.1744
136200.0 1568.0074
136400.0 1557.5954
136600.0 1439.4894
136800.0 1572.3017
137000.0 1465.0125
137200.0 1348.2972
137400.0 1206.6074
137600.0 1316.0831
137800.0 1635.6732
138000.0 1770.0348
138200.0 1497.4906
138400.0 1405.9619
138600.0 1203.0341
138800.0 1432.4314
139000.0 1597.3805
139200.0 1661.6138
139400.0 1338.1486
139600.0 1485.9405
139800.0 1467.3395
140000.0 1495.3699
140200.0 1489.8338
140400.0 1422.0572
140600.0 1446.2717
140800.0 1355.2053
141000.0 1184.5979
141200.0 1485.3532
141400.0 1474.3714
141600.0 1613.733
141800.0 1865.9975
142000.0 1518.7542
142200.0 1459.7512
142400.0 1209.9251
142600.0 1286.6269
142800.0 1348.8406
143000.0 1551.3616
143200.0 1434.8337
143400.0 1673.1445
143600.0 1595.3622
143800.0 1538.9094
144000.0 1653.2539
144200.0 1355.9587
144400.0 1321.1578
144600.0 1584.4591
144800.0 1513.0961
145000.0 1343.9507
145200.0 1383.4421
145400.0 1503.2613
145600.0 1489.453
145800.0 1735.5818
146000.0 1549.0398
146200.0 1668.1045
146400.0 1343.3129
146600.0 1474.8481
146800.0 1388.3584
147000.0 1552.8243
147200.0 1402.9403
147400.0 1299.8982
147600.0 1327.6777
147800.0 1380.0946
148000.0 1741.8639
148200.0 1678.4846
148400.0 1441.5734
148600.0 1423.0522
148800.0 1270.7159
149000.0 1289.0456
149200.0 1218.2378
149400.0 1299.4029
149600.0 1384.5941
149800.0 1341.1578
150000.0 1546.4375
150200.0 1418.9179
150400.0 1498.2944
150600.0 1372.113
150800.0 1672.488
151000.0 1399.0312
151200.0 1267.5455
151400.0 1513.6038
151600.0 1392.8802
151800.0 1424.4501
152000.0 1553.1976
152200.0 1484.6833
152400.0 1537.264
152600.0 1644.0081
152800.0 1681.2608
153000.0 1642.2968
153200.0 1531.1376
153400.0 1601.2695
153600.0 1476.9296
153800.0 1443.2104
154000.0 1260.0067
154200.0 1578.8584
154400.0 1754.1041
154600.0 1579.3671
154800.0 1480.783
155000.0 1369.0285
155200.0 1463.8927
155400.0 1294.016
155600.0 1555.4173
155800.0 1457.0111
156000.0 1332.0244
156200.0 1415.4101
156400.0 1670.1922
156600.0 1484.2132
156800.0 1434.5914
157000.0 1394.7114
157200.0 1293.6411
157400.0 1734.3977
157600.0 1327.0438
157800.0 1506.4286
158000.0 1277.1247
158200.0 1327.0234
158400.0 1365.1125
158600.0 1549.9935
158800.0 1371.8121
159000.0 1532.5566
159200.0 1591.1949
159400.0 1535.0339
159600.0 1436.0784
159800.0 1295.2059
160000.0 1373.4665
160200.0 1427.85
160400.0 1205.7388
160600.0 1400.6972
160800.0 1505.6301
161000.0 1517.5985
161200.0 1582.9247
161400.0 1079.5855
161600.0 1112.5348
161800.0 1356.7274
162000.0 1362.2572
162200.0 1437.849
162400.0 1523.542
162600.0 1388.756
162800.0 1537.5341
163000.0 1524.8388
163200.0 1333.3866
163400.0 1470.482
163600.0 1191.7397
163800.0 1409.6543
164000.0 1454.4376
164200.0 1471.958
164400.0 1587.0886
164600.0 1316.5947
164800.0 1566.7409
165000.0 1549.3519
165200.0 1166.8524
165400.0 1314.9673
165600.0 1300.3346
165800.0 1580.082
166000.0 1500.5582
166200.0 1554.679
166400.0 1245.6322
166600.0 1259.0607
166800.0 1374.5466
167000.0 1249.3904
167200.0 1436.4975
167400.0 1465.3947
167600.0 1483.6124
167800.0 1416.8416
168000.0 1446.626
168200.0 1396.6423
168400.0 1618.473
168600.0 1698.5855
168800.0 1392.1769
169000.0 1260.0484
169200.0 1477.4142
169400.0 1514.8182
169600.0 1747.9459
169800.0 1521.3324
170000.0 1457.7824
170200.0 1272.9417
170400.0 1367.4125
170600.0 1622.5097
170800.0 1603.0131
171000.0 1718.3822
171200.0 1836.5472
171400.0 1807.5507
171600.0 1775.8533
171800.0 1625.1234
172000.0 1533.8544
172200.0 1482.8291
172400.0 1523.6084
172600.0 1759.9441
172800.0 1744.6788
173000.0 1493.2905
173200.0 1668.5363
173400.0 1367.9134
173600.0 1424.3693
173800.0 1444.2537
174000.0 1466.1684
174200.0 1489.2334
174400.0 1411.6877
174600.0 1495.6404
174800.0 1721.2305
175000.0 1595.8236
175200.0 1628.1717
175400.0 1051.0521
175600.0 1268.1087
175800.0 1339.9774
176000.0 1539.8034
176200.0 1396.7772
176400.0 1369.1398
176600.0 1552.4017
176800.0 1505.1061
177000.0 1484.8361
177200.0 1583.31
177400.0 1429.1762
177600.0 1430.9181
177800.0 1328.8415
178000.0 1730.0285
178200.0 1533.3152
178400.0 1519.3488
178600.0 1362.8934
178800.0 1344.6581
179000.0 1308.8711
179200.0 1296.1522
179400.0 1301.2887
179600.0 1476.1196
179800.0 1437.8703
180000.0 1475.341
180200.0 1510.1561
180400.0 1565.9542
180600.0 1553.3688
180800.0 1330.4327
181000.0 1479.0072
181200.0 1382.9267
181400.0 1310.8036
181600.0 1525.6009
181800.0 1564.7185
182000.0 1680.1368
182200.0 1453.3137
182400.0 1391.4877
182600.0 1481.4755
182800.0 1384.3564
183000.0 1330.6283
183200.0 1410.278
183400.0 1399.2799
183600.0 1419.0379
183800.0 1424.6373
184000.0 1461.4931
184200.0 1428.7844
184400.0 1320.3514
184600.0 1451.8831
184800.0 1607.9042
185000.0 1572.1257
185200.0 1603.9791
185400.0 1615.5562
185600.0 1600.2902
185800.0 1597.6617
186000.0 1389.9944
186200.0 1365.2405
186400.0 1273.0795
186600.0 1478.8532
186800.0 1466.1745
187000.0 1533.6936
187200.0 1497.7377
187400.0 1531.4734
187600.0 1396.4467
187800.0 1451.9308
188000.0 1697.9561
188200.0 1243.3575
188400.0 1477.0585
188600.0 1353.9398
188800.0 1566.9189
189000.0 1565.5677
189200.0 1412.4878
189400.0 1594.7783
189600.0 1605.6067
189800.0 1373.9956
190000.0 1372.7281
190200.0 1380.3692
190400.0 1498.4883
190600.0 1298.7222
190800.0 1486.5604
191000.0 1427.0424
191200.0 1263.6273
191400.0 1284.2583
191600.0 1480.2273
191800.0 1614.2876
192000.0 1537.8036
192200.0 1492.8962
192400.0 1595.5236
192600.0 1515.9332
192800.0 1658.9556
193000.0 1470.1474
193200.0 1470.1644
193400.0 1271.8349
193600.0 1356.4593
193800.0 1513.2248
194000.0 1546.4367
194200.0 1715.9913
194400.0 1595.4185
194600.0 1505.8595
194800.0 1678.9676
195000.0 1336.8738
195200.0 1275.5208
195400.0 1329.5119
195600.0 1670.4955
195800.0 1569.8477
196000.0 1486.3362
196200.0 1482.7569
196400.0 1364.3349
196600.0 1428.3332
196800.0 1249.2811
197000.0 1391.4174
197200.0 1436.9814
197400.0 1280.5823
197600.0 1478.4405
197800.0 1457.1326
198000.0 1424.1855
198200.0 1427.8166
198400.0 1552.5371
198600.0 1521.7932
198800.0 1411.4134
199000.0 1486.1981
199200.0 1516.8134
199400.0 1434.0015
199600.0 1618.7981
199800.0 1588.8991
200000.0 1425.754
