0.0 -2094.1707
1000.0 2221.1457
2000.0 1991.6405
3000.0 1770.8286
4000.0 1660.6549
5000.0 1629.873
6000.0 1569.9534
7000.0 1625.9445
8000.0 1549.2714
9000.0 1733.3533
10000.0 1573.7943
11000.0 1533.7991
12000.0 1554.1536
13000.0 1609.2444
14000.0 1564.3211
15000.0 1512.4084
16000.0 1572.8972
17000.0 1540.9195
18000.0 1488.7981
19000.0 1553.2622
20000.0 1566.0276
21000.0 1565.3116
22000.0 1529.5473
23000.0 1528.2957
24000.0 1476.0885
25000.0 1455.2215
26000.0 1492.3507
27000.0 1587.1737
28000.0 1579.9057
29000.0 1535.5431
30000.0 1584.5877
31000.0 1641.5341
32000.0 1633.1201
33000.0 1505.656
34000.0 1530.5694
35000.0 1512.5098
36000.0 1483.2282
37000.0 1491.5048
38000.0 1547.653
39000.0 1546.4734
40000.0 1563.3899
41000.0 1562.5501
42000.0 1585.9537
43000.0 1590.7625
44000.0 1489.1636
45000.0 1572.5674
46000.0 1566.9258
47000.0 1599.2756
48000.0 1526.313
49000.0 1546.4833
50000.0 1589.1993
51000.0 1605.9172
52000.0 1531.5562
53000.0 1575.1695
54000.0 1524.8552
55000.0 1459.509
56000.0 1582.9072
57000.0 1489.2123
58000.0 1561.5908
59000.0 1554.119
60000.0 1515.0159
61000.0 1512.8164
62000.0 1478.8287
63000.0 1520.3659
64000.0 1472.1773
65000.0 1533.3445
66000.0 1467.8966
67000.0 1481.712
68000.0 1490.1327
69000.0 1476.3857
70000.0 1489.4886
71000.0 1545.5134
72000.0 1487.9635
73000.0 1482.0301
74000.0 1480.3886
75000.0 1563.8324
76000.0 1448.1528
77000.0 1486.9702
78000.0 1508.5735
79000.0 1494.4595
80000.0 1475.155
81000.0 1468.1643
82000.0 1515.8291
83000.0 1567.9294
84000.0 1523.8145
85000.0 1457.1682
86000.0 1482.8692
87000.0 1619.2857
88000.0 1494.9355
89000.0 1501.5607
90000.0 1507.3469
91000.0 1570.2883
92000.0 1484.4951
93000.0 1468.6844
94000.0 1450.3456
95000.0 1511.6806
96000.0 1525.8169
97000.0 1520.6317
98000.0 1537.7682
99000.0 1598.9088
100000.0 1469.8362
101000.0 1552.475
102000.0 1528.4991
103000.0 1621.0481
104000.0 1549.1574
105000.0 1484.8612
106000.0 1449.1161
107000.0 1418.518
108000.0 1569.8051
109000.0 1625.0478
110000.0 1493.2338
111000.0 1502.4115
112000.0 1447.6155
113000.0 1492.7907
114000.0 1542.3329
115000.0 1431.7784
116000.0 1491.8169
117000.0 1530.2658
118000.0 1413.3056
119000.0 1418.1394
120000.0 1501.6082
121000.0 1508.7967
122000.0 1503.2146
123000.0 1578.0947
124000.0 1524.7032
125000.0 1515.8231
126000.0 1540.1234
127000.0 1504.6978
128000.0 1494.6667
129000.0 1491.6597
130000.0 1443.0095
131000.0 1470.035
132000.0 1544.9498
133000.0 1570.8459
134000.0 1457.3334
135000.0 1538.8259
136000.0 1588.9308
137000.0 1438.8699
138000.0 1619.887
139000.0 1439.8211
140000.0 1522.0006
141000.0 1454.1681
142000.0 1478.4419
143000.0 1509.5545
144000.0 1545.4967
145000.0 1491.9001
146000.0 1469.4567
147000.0 1501.7198
148000.0 1560.1337
149000.0 1472.4932
150000.0 1488.4604
151000.0 1535.7517
152000.0 1540.2043
153000.0 1461.904
154000.0 1545.5837
155000.0 1521.1093
156000.0 1489.8181
157000.0 1470.4111
158000.0 1421.4629
159000.0 1424.1212
160000.0 1435.686
161000.0 1488.5927
162000.0 1391.5313
163000.0 1507.0148
164000.0 1425.8797
165000.0 1467.693
166000.0 1411.9669
167000.0 1391.8789
168000.0 1464.3442
169000.0 1535.0992
170000.0 1481.2889
171000.0 1535.1398
172000.0 1526.6258
173000.0 1486.4904
174000.0 1458.6057
175000.0 1594.0966
176000.0 1434.3918
177000.0 1508.6265
178000.0 1438.9992
179000.0 1494.7051
180000.0 1515.8032
181000.0 1540.9145
182000.0 1533.9175
183000.0 1471.6418
184000.0 1484.0413
185000.0 1466.7865
186000.0 1510.4743
187000.0 1429.2844
188000.0 1474.8692
189000.0 1483.6013
190000.0 1434.093
191000.0 1516.5485
192000.0 1472.1032
193000.0 1327.0464
194000.0 1497.4952
195000.0 1570.4992
196000.0 1511.8227
197000.0 1484.9711
198000.0 1582.8571
199000.0 1412.4656
200000.0 1511.4234
