0.0 -2095.0067
1000.0 374.16405
2000.0 841.63818
3000.0 1119.2379
4000.0 1229.2917
5000.0 1444.0792
6000.0 1391.9153
7000.0 1382.0385
8000.0 1391.4137
9000.0 1351.4245
10000.0 1388.1552
11000.0 1415.4845
12000.0 1334.089
13000.0 1497.5719
14000.0 1443.1431
15000.0 1384.1599
16000.0 1321.4635
17000.0 1393.6068
18000.0 1426.8408
19000.0 1529.3861
20000.0 1354.0827
21000.0 1509.0577
22000.0 1354.1407
23000.0 1408.9623
24000.0 1370.0624
25000.0 1366.2922
26000.0 1401.7504
27000.0 1436.18
28000.0 1464.7873
29000.0 1502.5334
30000.0 1540.1059
31000.0 1457.8649
32000.0 1435.2703
33000.0 1726.2418
34000.0 1429.1435
35000.0 1564.4547
36000.0 1425.9346
37000.0 1471.4537
38000.0 1412.7382
39000.0 1574.2007
40000.0 1537.4029
41000.0 1617.6896
42000.0 1406.4663
43000.0 1476.7682
44000.0 1481.3462
45000.0 1515.918
46000.0 1397.4886
47000.0 1371.8539
48000.0 1506.135
49000.0 1498.9759
50000.0 1422.5873
51000.0 1506.7288
52000.0 1539.366
53000.0 1444.8661
54000.0 1559.0396
55000.0 1465.0303
56000.0 1427.9952
57000.0 1482.3655
58000.0 1438.7149
59000.0 1459.1232
60000.0 1529.3691
61000.0 1607.7551
62000.0 1292.9726
63000.0 1522.7424
64000.0 1454.5934
65000.0 1572.9405
66000.0 1584.6703
67000.0 1485.6566
68000.0 1547.8177
69000.0 1515.73
70000.0 1544.6222
71000.0 1563.8477
72000.0 1421.4176
73000.0 1364.9439
74000.0 1321.451
75000.0 1475.8875
76000.0 1457.442
77000.0 1476.332
78000.0 1541.0561
79000.0 1383.333
80000.0 1425.8026
81000.0 1398.9902
82000.0 1357.7103
83000.0 1526.7184
84000.0 1520.7968
85000.0 1534.1878
86000.0 1473.5975
87000.0 1394.6791
88000.0 1662.0431
89000.0 1538.8882
90000.0 1451.6428
91000.0 1532.4667
92000.0 1576.3432
93000.0 1430.9186
94000.0 1462.9389
95000.0 1441.4484
96000.0 1363.7353
97000.0 1437.1079
98000.0 1291.1255
99000.0 1443.2367
100000.0 1516.9658
101000.0 1440.8834
102000.0 1469.9062
103000.0 1567.4405
104000.0 1536.8885
105000.0 1564.176
106000.0 1385.2655
107000.0 1409.7054
108000.0 1568.6873
109000.0 1332.7728
110000.0 1480.8605
111000.0 1531.488
112000.0 1698.7283
113000.0 1377.2599
114000.0 1487.8641
115000.0 1618.5809
116000.0 1454.1654
117000.0 1529.7621
118000.0 1595.0042
119000.0 1345.8248
120000.0 1449.0908
121000.0 1411.4933
122000.0 1530.9362
123000.0 1467.3353
124000.0 1246.4271
125000.0 1332.3352
126000.0 1251.6622
127000.0 1333.8055
128000.0 1434.5409
129000.0 1535.7794
130000.0 1454.5358
131000.0 1342.8615
132000.0 1488.8949
133000.0 1545.7483
134000.0 1449.1786
135000.0 1363.5397
136000.0 1524.5028
137000.0 1506.087
138000.0 1486.9886
139000.0 1570.0615
140000.0 1440.221
141000.0 1418.5368
142000.0 1558.07
143000.0 1535.4727
144000.0 1442.4678
145000.0 1712.7418
146000.0 1591.4055
147000.0 1511.9723
148000.0 1363.4915
149000.0 1540.0371
150000.0 1535.7935
151000.0 1481.1136
152000.0 1395.3604
153000.0 1510.6137
154000.0 1435.9277
155000.0 1541.1412
156000.0 1510.0416
157000.0 1527.3141
158000.0 1446.5753
159000.0 1522.2412
160000.0 1368.9283
161000.0 1384.9429
162000.0 1585.1911
163000.0 1319.0926
164000.0 1353.072
165000.0 1566.0012
166000.0 1362.6039
167000.0 1391.6209
168000.0 1421.9439
169000.0 1576.052
170000.0 1369.6106
171000.0 1503.9886
172000.0 1596.4821
173000.0 1541.2562
174000.0 1478.0195
175000.0 1552.0664
176000.0 1395.3891
177000.0 1488.4599
178000.0 1387.7108
179000.0 1495.1298
180000.0 1577.116
181000.0 1608.4786
182000.0 1484.8969
183000.0 1591.5559
184000.0 1572.0329
185000.0 1548.3753
186000.0 1599.7324
187000.0 1336.1507
188000.0 1315.7718
189000.0 1564.8381
190000.0 1452.5525
191000.0 1512.3675
192000.0 1357.3262
193000.0 1433.3077
194000.0 1427.4206
195000.0 1357.3808
196000.0 1404.1335
197000.0 1341.76
198000.0 1426.5604
199000.0 1498.4944
200000.0 1403.3071
