0.0 180.0
1000.0 185.96122
2000.0 182.57849
3000.0 183.86402
4000.0 179.50573
5000.0 181.66777
6000.0 181.42432
7000.0 182.30574
8000.0 180.21325
9000.0 182.39291
10000.0 183.49405
11000.0 182.68706
12000.0 187.34307
13000.0 178.85939
14000.0 179.15704
15000.0 182.58761
16000.0 177.83634
17000.0 180.48581
18000.0 181.18543
19000.0 174.85308
20000.0 179.29363
21000.0 175.72113
22000.0 179.45619
23000.0 184.02919
24000.0 177.28996
25000.0 179.53145
26000.0 184.10304
27000.0 181.33261
28000.0 184.02928
29000.0 180.40765
30000.0 177.18719
31000.0 175.8273
32000.0 183.75013
33000.0 183.10072
34000.0 184.70222
35000.0 179.42347
36000.0 180.68052
37000.0 185.217
38000.0 182.72282
39000.0 180.00967
40000.0 176.46349
41000.0 180.63294
42000.0 180.19984
43000.0 182.29795
44000.0 180.22856
45000.0 181.89851
46000.0 180.39448
47000.0 185.53742
48000.0 179.66937
49000.0 185.09148
50000.0 179.02759
51000.0 181.26716
52000.0 179.65032
53000.0 177.36491
54000.0 184.25795
55000.0 176.74935
56000.0 177.92739
57000.0 181.40747
58000.0 182.31543
59000.0 178.70056
60000.0 180.62835
61000.0 178.16086
62000.0 183.25695
63000.0 177.94896
64000.0 182.18308
65000.0 178.68021
66000.0 177.76221
67000.0 179.7796
68000.0 174.61169
69000.0 180.70698
70000.0 181.91511
71000.0 182.29407
72000.0 178.03351
73000.0 177.64805
74000.0 179.95099
75000.0 185.40907
76000.0 179.7679
77000.0 177.89365
78000.0 178.03878
79000.0 181.60455
80000.0 182.98125
81000.0 178.13301
82000.0 180.01913
83000.0 178.23231
84000.0 181.65857
85000.0 176.45573
86000.0 176.52282
87000.0 182.99055
88000.0 176.55336
89000.0 178.01631
90000.0 185.126
91000.0 178.5207
92000.0 176.86012
93000.0 176.38782
94000.0 175.30078
95000.0 173.27087
96000.0 179.06146
97000.0 182.64699
98000.0 181.51799
99000.0 176.06202
100000.0 174.94243
101000.0 178.78273
102000.0 176.12212
103000.0 175.22628
104000.0 180.47293
105000.0 179.49162
106000.0 180.84888
107000.0 178.93392
108000.0 179.29031
109000.0 175.94092
110000.0 182.4436
111000.0 179.12021
112000.0 179.62811
113000.0 178.8029
114000.0 182.19567
115000.0 177.79418
116000.0 178.85221
117000.0 177.59568
118000.0 179.95158
119000.0 179.78631
120000.0 180.02883
121000.0 182.81064
122000.0 176.36909
123000.0 182.26205
124000.0 177.32272
125000.0 178.58265
126000.0 176.50964
127000.0 181.61307
128000.0 174.70701
129000.0 181.24754
130000.0 177.12352
131000.0 176.51113
132000.0 181.42911
133000.0 181.02356
134000.0 175.09549
135000.0 180.87611
136000.0 177.15864
137000.0 178.83107
138000.0 183.26008
139000.0 181.09884
140000.0 186.0406
141000.0 179.65933
142000.0 184.56022
143000.0 181.41346
144000.0 177.52014
145000.0 175.24598
146000.0 176.49434
147000.0 185.45518
148000.0 180.2239
149000.0 181.97272
150000.0 178.25962
151000.0 179.91099
152000.0 178.87376
153000.0 181.7929
154000.0 172.25936
155000.0 176.73336
156000.0 182.18834
157000.0 180.50405
158000.0 175.92705
159000.0 182.38223
160000.0 175.34685
161000.0 179.89233
162000.0 179.52106
163000.0 181.04042
164000.0 181.02038
165000.0 181.72283
166000.0 180.41693
167000.0 181.87311
168000.0 182.18683
169000.0 182.26633
170000.0 180.44154
171000.0 183.16621
172000.0 181.20705
173000.0 184.06564
174000.0 183.16941
175000.0 177.36453
176000.0 175.62761
177000.0 180.75992
178000.0 174.64802
179000.0 183.85892
180000.0 181.75661
181000.0 182.21466
182000.0 177.22212
183000.0 184.69403
184000.0 175.69328
185000.0 180.18739
186000.0 183.00774
187000.0 180.33249
188000.0 182.16856
189000.0 180.5647
190000.0 177.85339
191000.0 180.8697
192000.0 180.21198
193000.0 184.55102
194000.0 182.34571
195000.0 175.46483
196000.0 179.13099
197000.0 175.75909
198000.0 180.76866
199000.0 177.96915
200000.0 178.70467
