0.0 180.0
1000.0 130.52132
2000.0 153.38517
3000.0 165.56892
4000.0 169.74118
5000.0 174.97618
6000.0 179.19152
7000.0 176.88113
8000.0 178.42825
9000.0 180.86829
10000.0 180.82946
11000.0 176.38289
12000.0 177.82454
13000.0 180.90084
14000.0 179.29304
15000.0 181.72391
16000.0 177.59686
17000.0 181.44116
18000.0 180.73268
19000.0 179.33625
20000.0 178.40113
21000.0 179.25417
22000.0 179.46766
23000.0 179.5866
24000.0 180.53736
25000.0 183.49606
26000.0 178.89422
27000.0 180.11964
28000.0 182.65807
29000.0 179.65033
30000.0 180.92342
31000.0 176.58899
32000.0 181.20235
33000.0 179.11565
34000.0 181.09284
35000.0 179.36664
36000.0 179.49798
37000.0 179.25405
38000.0 180.59459
39000.0 176.93747
40000.0 182.43415
41000.0 182.73792
42000.0 177.82031
43000.0 176.28735
44000.0 176.27165
45000.0 180.43907
46000.0 179.54037
47000.0 181.0667
48000.0 182.08517
49000.0 179.46893
50000.0 175.73999
51000.0 180.65676
52000.0 181.07747
53000.0 177.57684
54000.0 182.20005
55000.0 181.73668
56000.0 183.87346
57000.0 184.37305
58000.0 178.68304
59000.0 177.06453
60000.0 180.72423
61000.0 180.38982
62000.0 177.80847
63000.0 180.45124
64000.0 183.05844
65000.0 179.88649
66000.0 182.34249
67000.0 181.39758
68000.0 178.29571
69000.0 178.89827
70000.0 180.66412
71000.0 179.64244
72000.0 179.75974
73000.0 181.10815
74000.0 180.48543
75000.0 183.8965
76000.0 181.32047
77000.0 181.48621
78000.0 179.55092
79000.0 180.61211
80000.0 177.17872
81000.0 178.04167
82000.0 178.92005
83000.0 177.34697
84000.0 179.08899
85000.0 181.25787
86000.0 180.995
87000.0 180.07089
88000.0 180.3782
89000.0 179.26297
90000.0 180.94394
91000.0 181.88214
92000.0 181.72158
93000.0 179.57467
94000.0 180.21691
95000.0 180.61097
96000.0 175.55067
97000.0 180.32081
98000.0 180.92134
99000.0 181.6055
100000.0 181.72512
101000.0 177.95415
102000.0 179.04355
103000.0 181.84964
104000.0 178.98195
105000.0 176.98213
106000.0 181.71014
107000.0 181.81784
108000.0 179.59712
109000.0 181.03272
110000.0 179.7299
111000.0 177.49948
112000.0 179.8216
113000.0 179.89639
114000.0 181.1464
115000.0 183.0477
116000.0 184.34391
117000.0 178.71489
118000.0 182.58619
119000.0 181.89893
120000.0 178.03691
121000.0 181.4693
122000.0 176.93327
123000.0 179.94477
124000.0 180.52316
125000.0 177.56141
126000.0 178.54687
127000.0 180.57926
128000.0 179.70366
129000.0 183.80074
130000.0 180.23989
131000.0 183.34757
132000.0 178.94411
133000.0 178.01945
134000.0 180.22829
135000.0 179.91104
136000.0 177.61201
137000.0 182.51169
138000.0 181.06303
139000.0 184.13434
140000.0 180.70085
141000.0 178.32263
142000.0 179.54661
143000.0 179.55801
144000.0 178.13843
145000.0 181.25194
146000.0 179.33862
147000.0 180.42299
148000.0 182.3981
149000.0 179.31108
150000.0 177.87521
151000.0 179.48508
152000.0 178.17796
153000.0 178.05685
154000.0 180.48621
155000.0 178.3618
156000.0 180.01273
157000.0 180.58784
158000.0 179.30536
159000.0 179.67804
160000.0 181.07742
161000.0 181.38254
162000.0 182.86376
163000.0 176.04342
164000.0 179.47909
165000.0 179.48989
166000.0 178.88043
167000.0 179.41888
168000.0 179.86085
169000.0 178.04036
170000.0 182.61507
171000.0 178.30236
172000.0 179.1636
173000.0 179.3375
174000.0 179.47788
175000.0 177.96796
176000.0 184.00223
177000.0 180.49066
178000.0 180.7752
179000.0 180.39701
180000.0 181.26156
181000.0 183.21973
182000.0 177.58444
183000.0 180.20536
184000.0 177.92286
185000.0 179.70918
186000.0 177.53842
187000.0 179.46614
188000.0 181.77086
189000.0 181.76409
190000.0 180.56528
191000.0 181.21051
192000.0 181.58882
193000.0 181.89099
194000.0 182.49713
195000.0 181.19168
196000.0 180.85935
197000.0 179.30617
198000.0 177.52593
199000.0 183.01411
200000.0 179.72392
