0.0 180.0
1000.0 181.31804
2000.0 181.31035
3000.0 179.89854
4000.0 179.84831
5000.0 179.46419
6000.0 179.44978
7000.0 182.28094
8000.0 179.31252
9000.0 178.81232
10000.0 180.16226
11000.0 181.17057
12000.0 180.07918
13000.0 181.75737
14000.0 179.60817
15000.0 180.19485
16000.0 181.62545
17000.0 178.34727
18000.0 181.24243
19000.0 180.37336
20000.0 179.50412
21000.0 181.50497
22000.0 180.32842
23000.0 181.0668
24000.0 178.46798
25000.0 183.67319
26000.0 178.51153
27000.0 181.20006
28000.0 179.58936
29000.0 177.70169
30000.0 181.15731
31000.0 180.00196
32000.0 181.36833
33000.0 178.12512
34000.0 181.48307
35000.0 179.50524
36000.0 180.63972
37000.0 180.13553
38000.0 183.20397
39000.0 181.59482
40000.0 179.97568
41000.0 179.49336
42000.0 179.26181
43000.0 178.58194
44000.0 179.32456
45000.0 181.2058
46000.0 179.29482
47000.0 181.27258
48000.0 178.94413
49000.0 180.90191
50000.0 178.75851
51000.0 181.51361
52000.0 181.44019
53000.0 182.48488
54000.0 178.71101
55000.0 179.08243
56000.0 180.83591
57000.0 180.31133
58000.0 179.2731
59000.0 178.7375
60000.0 178.71428
61000.0 179.85232
62000.0 180.80062
63000.0 180.45732
64000.0 180.84411
65000.0 180.18021
66000.0 178.26517
67000.0 180.46891
68000.0 179.42365
69000.0 179.13124
70000.0 181.67116
71000.0 180.04957
72000.0 175.75098
73000.0 181.71401
74000.0 178.47808
75000.0 180.44851
76000.0 179.89991
77000.0 178.46374
78000.0 177.63082
79000.0 179.74529
80000.0 179.78903
81000.0 177.9625
82000.0 179.6736
83000.0 180.64087
84000.0 181.29098
85000.0 179.78911
86000.0 181.06215
87000.0 180.41405
88000.0 182.67314
89000.0 179.63031
90000.0 179.90123
91000.0 178.00245
92000.0 180.23964
93000.0 179.15914
94000.0 179.32326
95000.0 179.34051
96000.0 179.38747
97000.0 180.10584
98000.0 179.89695
99000.0 182.61582
100000.0 178.53704
101000.0 179.4864
102000.0 179.5163
103000.0 180.82279
104000.0 181.08499
105000.0 179.56452
106000.0 179.55731
107000.0 180.28076
108000.0 179.90719
109000.0 178.91028
110000.0 179.97285
111000.0 179.84364
112000.0 179.65716
113000.0 181.39472
114000.0 180.72377
115000.0 181.2784
116000.0 180.72797
117000.0 179.84857
118000.0 177.24701
119000.0 178.40334
120000.0 179.88228
121000.0 179.89881
122000.0 177.40575
123000.0 179.49897
124000.0 179.78556
125000.0 180.17038
126000.0 179.69384
127000.0 179.40133
128000.0 179.39426
129000.0 181.15007
130000.0 178.75756
131000.0 179.93877
132000.0 178.76661
133000.0 179.51739
134000.0 179.2725
135000.0 179.4988
136000.0 181.34954
137000.0 178.37322
138000.0 180.13452
139000.0 180.86354
140000.0 179.61868
141000.0 179.71383
142000.0 180.78882
143000.0 178.9751
144000.0 183.6515
145000.0 178.50226
146000.0 179.61872
147000.0 179.94444
148000.0 179.71515
149000.0 180.10772
150000.0 181.02319
151000.0 179.4728
152000.0 180.09321
153000.0 181.07617
154000.0 179.53803
155000.0 180.36357
156000.0 181.75529
157000.0 182.24758
158000.0 178.3832
159000.0 179.83198
160000.0 178.55352
161000.0 180.25426
162000.0 180.21755
163000.0 180.07113
164000.0 179.44552
165000.0 180.53644
166000.0 181.63631
167000.0 181.44094
168000.0 182.03206
169000.0 179.66995
170000.0 175.80027
171000.0 178.94676
172000.0 177.80292
173000.0 179.885
174000.0 181.64953
175000.0 180.6676
176000.0 181.68283
177000.0 179.24534
178000.0 180.72059
179000.0 179.55993
180000.0 180.54401
181000.0 181.5538
182000.0 177.35291
183000.0 179.13211
184000.0 179.88781
185000.0 178.78238
186000.0 181.08788
187000.0 180.83077
188000.0 180.38979
189000.0 177.91231
190000.0 179.76507
191000.0 179.47474
192000.0 179.45849
193000.0 178.14842
194000.0 177.52634
195000.0 181.41472
196000.0 179.20306
197000.0 181.47771
198000.0 182.0022
199000.0 180.77921
200000.0 181.06482
