0.0 180.0
1000.0 128.63395
2000.0 152.94388
3000.0 163.17476
4000.0 168.93518
5000.0 174.7628
6000.0 178.62555
7000.0 176.47005
8000.0 179.84914
9000.0 179.0297
10000.0 178.9591
11000.0 180.16753
12000.0 181.39846
13000.0 180.4228
14000.0 180.42441
15000.0 182.09819
16000.0 180.94835
17000.0 178.64558
18000.0 180.40828
19000.0 178.532
20000.0 178.37897
21000.0 179.45985
22000.0 181.3398
23000.0 180.97768
24000.0 177.40712
25000.0 180.74183
26000.0 180.42558
27000.0 179.89552
28000.0 179.23864
29000.0 180.73358
30000.0 177.58324
31000.0 178.4047
32000.0 181.42568
33000.0 179.73677
34000.0 179.55789
35000.0 180.88299
36000.0 178.21945
37000.0 180.63078
38000.0 179.3845
39000.0 180.40666
40000.0 178.34748
41000.0 179.99908
42000.0 180.7028
43000.0 181.66692
44000.0 179.9943
45000.0 179.00925
46000.0 179.49281
47000.0 182.00384
48000.0 179.66326
49000.0 180.50131
50000.0 179.7725
51000.0 179.39357
52000.0 178.77102
53000.0 177.40461
54000.0 179.00891
55000.0 181.17527
56000.0 182.30021
57000.0 180.36647
58000.0 180.15421
59000.0 178.23881
60000.0 180.39924
61000.0 181.87667
62000.0 182.10934
63000.0 178.52299
64000.0 180.24667
65000.0 180.37009
66000.0 181.7223
67000.0 177.62637
68000.0 180.71214
69000.0 181.24717
70000.0 178.67624
71000.0 179.32557
72000.0 181.09111
73000.0 182.19708
74000.0 178.58541
75000.0 178.85401
76000.0 180.51615
77000.0 179.76909
78000.0 181.24868
79000.0 179.05578
80000.0 179.31802
81000.0 179.99519
82000.0 180.31103
83000.0 182.62017
84000.0 180.99782
85000.0 177.59052
86000.0 180.73823
87000.0 179.25144
88000.0 179.82589
89000.0 179.84854
90000.0 179.50257
91000.0 180.18736
92000.0 180.06877
93000.0 179.95317
94000.0 179.52646
95000.0 180.2186
96000.0 181.29075
97000.0 180.98913
98000.0 180.65731
99000.0 180.22054
100000.0 179.92372
101000.0 180.26944
102000.0 179.92997
103000.0 180.34295
104000.0 179.51992
105000.0 181.10804
106000.0 182.59596
107000.0 179.0023
108000.0 180.17833
109000.0 180.98008
110000.0 180.99683
111000.0 177.6765
112000.0 182.90129
113000.0 177.76902
114000.0 181.8315
115000.0 180.74172
116000.0 180.64377
117000.0 181.42232
118000.0 178.13467
119000.0 179.45496
120000.0 179.82142
121000.0 181.20858
122000.0 179.56033
123000.0 180.50188
124000.0 179.50619
125000.0 182.33787
126000.0 179.05091
127000.0 179.3682
128000.0 179.61217
129000.0 181.12656
130000.0 179.14531
131000.0 180.26766
132000.0 178.57497
133000.0 178.12847
134000.0 180.48279
135000.0 178.61813
136000.0 182.03026
137000.0 181.6206
138000.0 180.60458
139000.0 178.00961
140000.0 179.33383
141000.0 179.36513
142000.0 180.66377
143000.0 178.5698
144000.0 182.37051
145000.0 180.1139
146000.0 181.90451
147000.0 178.67752
148000.0 181.50961
149000.0 180.17776
150000.0 183.77756
151000.0 179.55815
152000.0 181.88168
153000.0 178.70476
154000.0 181.17598
155000.0 180.50321
156000.0 178.13447
157000.0 178.75766
158000.0 181.29262
159000.0 180.03437
160000.0 180.46866
161000.0 182.17384
162000.0 180.86767
163000.0 181.76932
164000.0 182.27977
165000.0 179.36099
166000.0 181.63103
167000.0 180.6235
168000.0 178.91943
169000.0 178.2573
170000.0 176.8262
171000.0 179.73883
172000.0 180.99996
173000.0 180.26434
174000.0 179.6112
175000.0 181.53088
176000.0 179.61801
177000.0 181.43628
178000.0 180.45863
179000.0 179.20629
180000.0 178.7164
181000.0 181.60252
182000.0 178.72452
183000.0 180.27625
184000.0 177.82731
185000.0 178.73903
186000.0 178.96318
187000.0 178.46963
188000.0 180.76665
189000.0 180.2632
190000.0 180.35581
191000.0 179.39823
192000.0 179.35226
193000.0 178.43547
194000.0 179.32519
195000.0 180.17021
196000.0 180.20777
197000.0 181.02373
198000.0 180.16454
199000.0 177.48564
200000.0 180.58844
