0.0 180.0
1000.0 129.30675
2000.0 154.21037
3000.0 163.64285
4000.0 170.34684
5000.0 176.31018
6000.0 176.46739
7000.0 178.59425
8000.0 180.02989
9000.0 178.96626
10000.0 178.71606
11000.0 182.95832
12000.0 181.76414
13000.0 179.14213
14000.0 182.27477
15000.0 180.85123
16000.0 182.11722
17000.0 179.6911
18000.0 178.92522
19000.0 178.37708
20000.0 181.69022
21000.0 181.28605
22000.0 182.63397
23000.0 180.57838
24000.0 179.47966
25000.0 178.74751
26000.0 178.99754
27000.0 179.10036
28000.0 177.39383
29000.0 177.90485
30000.0 179.9616
31000.0 179.43516
32000.0 181.50174
33000.0 177.89281
34000.0 180.05314
35000.0 178.3546
36000.0 181.64535
37000.0 182.3665
38000.0 181.81347
39000.0 180.17339
40000.0 178.8408
41000.0 177.88942
42000.0 182.5487
43000.0 180.5184
44000.0 178.43851
45000.0 180.14762
46000.0 177.54725
47000.0 180.87063
48000.0 177.57811
49000.0 181.03468
50000.0 179.45842
51000.0 181.0494
52000.0 177.61768
53000.0 180.21449
54000.0 178.55801
55000.0 181.37875
56000.0 180.575
57000.0 181.88155
58000.0 179.95124
59000.0 181.86117
60000.0 180.37172
61000.0 178.41817
62000.0 180.78638
63000.0 180.16356
64000.0 181.01695
65000.0 180.65137
66000.0 183.54823
67000.0 180.07228
68000.0 181.24791
69000.0 180.09354
70000.0 178.9264
71000.0 181.55458
72000.0 181.49172
73000.0 180.65206
74000.0 178.80593
75000.0 179.80646
76000.0 182.29849
77000.0 179.32552
78000.0 180.86028
79000.0 176.7209
80000.0 181.52001
81000.0 179.82761
82000.0 181.61028
83000.0 181.39163
84000.0 181.30936
85000.0 181.28645
86000.0 180.6609
87000.0 177.27457
88000.0 179.38286
89000.0 182.26904
90000.0 180.19765
91000.0 181.66862
92000.0 179.40353
93000.0 179.40709
94000.0 176.48919
95000.0 179.40576
96000.0 178.8242
97000.0 183.10013
98000.0 178.86487
99000.0 178.46743
100000.0 181.67526
101000.0 179.96821
102000.0 179.00317
103000.0 177.65037
104000.0 178.27698
105000.0 179.01033
106000.0 180.2695
107000.0 180.9131
108000.0 180.08631
109000.0 180.02001
110000.0 177.58809
111000.0 182.93471
112000.0 180.12201
113000.0 180.38573
114000.0 180.5473
115000.0 179.88253
116000.0 182.02311
117000.0 182.40038
118000.0 183.31174
119000.0 178.56385
120000.0 180.15171
121000.0 179.35671
122000.0 178.5085
123000.0 179.41377
124000.0 180.25234
125000.0 180.86389
126000.0 178.62522
127000.0 176.54991
128000.0 182.7146
129000.0 179.00759
130000.0 181.11809
131000.0 182.90166
132000.0 178.45408
133000.0 180.77806
134000.0 177.90643
135000.0 178.91413
136000.0 181.78147
137000.0 179.5678
138000.0 180.22566
139000.0 176.87948
140000.0 182.56675
141000.0 176.85354
142000.0 180.10453
143000.0 179.75741
144000.0 181.75295
145000.0 177.99913
146000.0 179.02151
147000.0 181.60704
148000.0 179.4846
149000.0 181.12953
150000.0 179.61572
151000.0 181.08929
152000.0 182.88737
153000.0 179.34054
154000.0 179.36714
155000.0 178.98068
156000.0 177.88482
157000.0 177.95986
158000.0 180.16042
159000.0 181.82526
160000.0 179.97459
161000.0 178.80397
162000.0 181.36894
163000.0 177.395
164000.0 182.04346
165000.0 179.45564
166000.0 180.65172
167000.0 181.5619
168000.0 178.61643
169000.0 180.00075
170000.0 180.01026
171000.0 179.90003
172000.0 179.11925
173000.0 178.41502
174000.0 182.14268
175000.0 178.72599
176000.0 179.05155
177000.0 180.33039
178000.0 178.07784
179000.0 182.01273
180000.0 179.50733
181000.0 179.13824
182000.0 178.07937
183000.0 181.32972
184000.0 181.26317
185000.0 178.81655
186000.0 180.37069
187000.0 180.5558
188000.0 179.56061
189000.0 179.11606
190000.0 179.51907
191000.0 177.7438
192000.0 178.37303
193000.0 178.1802
194000.0 179.48126
195000.0 178.90852
196000.0 181.14594
197000.0 178.38316
198000.0 182.98851
199000.0 179.9404
200000.0 180.55189
