0.0 180.0
200.0 76.228247
400.0 100.00671
600.0 106.53838
800.0 117.66574
1000.0 135.44656
1200.0 138.32304
1400.0 142.5338
1600.0 137.71855
1800.0 148.946
2000.0 153.07267
2200.0 157.37011
2400.0 156.23402
2600.0 160.56864
2800.0 158.1523
3000.0 164.61982
3200.0 164.52834
3400.0 165.04072
3600.0 168.90389
3800.0 169.77832
4000.0 173.92425
4200.0 170.64923
4400.0 175.15741
4600.0 175.1181
4800.0 181.7747
5000.0 167.12042
5200.0 182.85443
5400.0 169.44446
5600.0 174.79658
5800.0 181.02561
6000.0 175.0709
6200.0 174.70079
6400.0 184.13616
6600.0 178.66676
6800.0 175.84681
7000.0 178.03233
7200.0 174.96606
7400.0 177.22443
7600.0 172.50142
7800.0 175.55915
8000.0 180.82784
8200.0 179.09934
8400.0 180.55408
8600.0 175.60318
8800.0 183.31311
9000.0 184.29157
9200.0 179.05578
9400.0 183.64186
9600.0 180.21863
9800.0 186.61177
10000.0 179.94461
10200.0 175.8902
10400.0 176.25446
10600.0 183.71353
10800.0 183.95999
11000.0 179.0919
11200.0 180.03578
11400.0 166.84845
11600.0 179.56278
11800.0 180.30711
12000.0 185.64468
12200.0 192.19963
12400.0 181.83535
12600.0 183.16622
12800.0 173.93595
13000.0 176.80263
13200.0 177.11064
13400.0 180.06919
13600.0 183.13635
13800.0 180.91976
14000.0 178.97372
14200.0 173.68938
14400.0 183.54455
14600.0 179.5698
14800.0 181.17966
15000.0 183.15702
15200.0 182.48448
15400.0 176.85659
15600.0 174.47443
15800.0 183.32176
16000.0 186.11514
16200.0 177.48131
16400.0 181.49845
16600.0 184.86252
16800.0 173.31773
17000.0 181.75294
17200.0 173.91079
17400.0 186.47395
17600.0 178.83553
17800.0 173.95963
18000.0 182.39529
18200.0 167.89214
18400.0 177.56446
18600.0 177.4122
18800.0 178.63221
19000.0 182.5394
19200.0 182.85441
19400.0 172.55457
19600.0 179.64848
19800.0 186.97812
20000.0 189.73778
20200.0 186.65328
20400.0 179.26239
20600.0 180.44329
20800.0 181.73663
21000.0 176.40643
21200.0 188.21458
21400.0 177.57557
21600.0 175.74062
21800.0 189.59575
22000.0 182.1482
22200.0 179.40546
22400.0 178.26904
22600.0 179.72444
22800.0 180.33735
23000.0 179.91218
23200.0 179.0937
23400.0 178.55196
23600.0 181.44263
23800.0 176.27418
24000.0 183.51102
24200.0 180.79172
24400.0 177.56427
24600.0 173.55871
24800.0 178.03962
25000.0 185.36833
25200.0 174.9808
25400.0 184.81166
25600.0 180.59779
25800.0 172.27881
26000.0 183.70392
26200.0 177.81274
26400.0 184.29673
26600.0 178.18823
26800.0 183.81971
27000.0 180.00331
27200.0 184.5322
27400.0 187.20848
27600.0 174.24626
27800.0 179.44621
28000.0 178.98932
28200.0 181.31819
28400.0 177.13818
28600.0 188.5784
28800.0 177.33193
29000.0 174.54107
29200.0 179.805
29400.0 178.64089
29600.0 177.0948
29800.0 180.14037
30000.0 175.84313
30200.0 184.20825
30400.0 178.6641
30600.0 172.38747
30800.0 182.33923
31000.0 182.19879
31200.0 177.6314
31400.0 181.24174
31600.0 184.10817
31800.0 185.65716
32000.0 182.6403
32200.0 178.15191
32400.0 176.69487
32600.0 180.54931
32800.0 178.94695
33000.0 170.01097
33200.0 183.975
33400.0 184.31472
33600.0 180.866
33800.0 183.20258
34000.0 182.37208
34200.0 180.82544
34400.0 179.95801
34600.0 183.59145
34800.0 179.21897
35000.0 174.16983
35200.0 185.24023
35400.0 183.53721
35600.0 177.23349
35800.0 178.8383
36000.0 181.92254
36200.0 179.0591
36400.0 176.97757
36600.0 182.93545
36800.0 174.17529
37000.0 178.35399
37200.0 179.22556
37400.0 180.10568
37600.0 183.82525
37800.0 178.4658
38000.0 181.52143
38200.0 171.51173
38400.0 188.37003
38600.0 175.62487
38800.0 177.32382
39000.0 174.00548
39200.0 175.86884
39400.0 179.64315
39600.0 190.49846
39800.0 187.32686
40000.0 175.76323
40200.0 179.4296
40400.0 181.84692
40600.0 180.40827
40800.0 179.04014
41000.0 174.90171
41200.0 175.59872
41400.0 188.68346
41600.0 181.27481
41800.0 180.33979
42000.0 182.27775
42200.0 179.52497
42400.0 178.90386
42600.0 187.11194
42800.0 179.9062
43000.0 176.99533
43200.0 175.73823
43400.0 184.72304
43600.0 179.12763
43800.0 177.17276
44000.0 178.33149
44200.0 180.08149
44400.0 182.14475
44600.0 175.27173
44800.0 179.25028
45000.0 177.4698
45200.0 176.42561
45400.0 187.84413
45600.0 180.26707
45800.0 177.5294
46000.0 184.90769
46200.0 184.79744
46400.0 179.80394
46600.0 179.93004
46800.0 185.55929
47000.0 182.04407
47200.0 175.43343
47400.0 180.57502
47600.0 174.32337
47800.0 185.58483
48000.0 175.97451
48200.0 177.17651
48400.0 181.49834
48600.0 171.41599
48800.0 181.63596
49000.0 179.47052
49200.0 182.3828
49400.0 174.48964
49600.0 173.88502
49800.0 187.0752
50000.0 182.30843
50200.0 180.94985
50400.0 177.95825
50600.0 182.62534
50800.0 176.72264
51000.0 176.67516
51200.0 179.95119
51400.0 182.1758
51600.0 173.16537
51800.0 180.28912
52000.0 176.5213
52200.0 177.66186
52400.0 181.40511
52600.0 177.33515
52800.0 180.40979
53000.0 182.34177
53200.0 185.71833
53400.0 175.65606
53600.0 178.13225
53800.0 179.84273
54000.0 177.14715
54200.0 180.42392
54400.0 187.85058
54600.0 183.04965
54800.0 179.16919
55000.0 179.85558
55200.0 171.097
55400.0 178.94392
55600.0 169.37694
55800.0 180.77509
56000.0 184.27509
56200.0 182.63831
56400.0 181.37776
56600.0 182.1069
56800.0 184.20828
57000.0 180.04121
57200.0 179.18784
57400.0 185.73518
57600.0 187.25494
57800.0 170.59327
58000.0 180.22108
58200.0 181.32941
58400.0 179.1267
58600.0 174.28981
58800.0 180.19362
59000.0 178.84435
59200.0 179.78653
59400.0 178.86315
59600.0 187.30485
59800.0 180.7498
60000.0 177.33322
60200.0 177.91102
60400.0 175.10147
60600.0 176.01167
60800.0 179.56138
61000.0 176.5267
61200.0 178.69714
61400.0 182.63301
61600.0 180.44042
61800.0 181.05094
62000.0 190.22854
62200.0 180.80545
62400.0 172.91909
62600.0 186.17494
62800.0 179.4253
63000.0 179.33357
63200.0 176.95292
63400.0 185.75171
63600.0 176.3918
63800.0 178.7257
64000.0 180.8377
64200.0 180.96468
64400.0 178.23283
64600.0 178.03683
64800.0 177.07128
65000.0 175.66108
65200.0 186.22234
65400.0 179.50263
65600.0 180.57225
65800.0 183.24586
66000.0 175.32985
66200.0 178.90468
66400.0 179.73322
66600.0 171.36459
66800.0 182.80468
67000.0 179.90986
67200.0 179.73948
67400.0 178.96526
67600.0 178.825
67800.0 179.94661
68000.0 179.14126
68200.0 172.5839
68400.0 191.56247
68600.0 186.86063
68800.0 185.86946
69000.0 177.68645
69200.0 182.21526
69400.0 180.2485
69600.0 177.85257
69800.0 174.2375
70000.0 179.06334
70200.0 174.33339
70400.0 185.54599
70600.0 185.50162
70800.0 182.24966
71000.0 178.36091
71200.0 177.44803
71400.0 185.27717
71600.0 182.05808
71800.0 180.13257
72000.0 182.25863
72200.0 179.43754
72400.0 179.0287
72600.0 184.1272
72800.0 176.00202
73000.0 185.23217
73200.0 172.80259
73400.0 178.92373
73600.0 174.74023
73800.0 182.91324
74000.0 187.98601
74200.0 180.27119
74400.0 180.5339
74600.0 183.39395
74800.0 185.73101
75000.0 176.52911
75200.0 176.65804
75400.0 179.84861
75600.0 180.85444
75800.0 189.08123
76000.0 176.7061
76200.0 183.04976
76400.0 179.45632
76600.0 173.8118
76800.0 173.83395
77000.0 178.25525
77200.0 178.93651
77400.0 183.5339
77600.0 179.81339
77800.0 174.44251
78000.0 176.26879
78200.0 177.80496
78400.0 182.13609
78600.0 174.98494
78800.0 181.77415
79000.0 185.49408
79200.0 183.85246
79400.0 182.0632
79600.0 179.54216
79800.0 178.44643
80000.0 183.12539
80200.0 184.12404
80400.0 180.64955
80600.0 178.55405
80800.0 183.53637
81000.0 183.93118
81200.0 173.64784
81400.0 186.61777
81600.0 179.8787
81800.0 174.13125
82000.0 185.93295
82200.0 187.29326
82400.0 175.40699
82600.0 181.82694
82800.0 178.42635
83000.0 176.7892
83200.0 183.86955
83400.0 177.55072
83600.0 183.51849
83800.0 182.75439
84000.0 176.43981
84200.0 182.95081
84400.0 181.2471
84600.0 178.29449
84800.0 177.08631
85000.0 175.02714
85200.0 176.78988
85400.0 181.45519
85600.0 177.68359
85800.0 180.28871
86000.0 180.21789
86200.0 180.83973
86400.0 180.74238
86600.0 174.78614
86800.0 186.76434
87000.0 183.74199
87200.0 181.11887
87400.0 178.45709
87600.0 176.60868
87800.0 179.19507
88000.0 172.30823
88200.0 182.26386
88400.0 178.64585
88600.0 180.04421
88800.0 184.4154
89000.0 177.77323
89200.0 177.09846
89400.0 176.9423
89600.0 178.32395
89800.0 184.44873
90000.0 181.35283
90200.0 188.63745
90400.0 181.59515
90600.0 180.70096
90800.0 179.09097
91000.0 176.54984
91200.0 179.61538
91400.0 178.43142
91600.0 181.9936
91800.0 180.73355
92000.0 175.00155
92200.0 186.14842
92400.0 173.32464
92600.0 181.75275
92800.0 182.59646
93000.0 180.7607
93200.0 180.70865
93400.0 185.69019
93600.0 177.11997
93800.0 184.06798
94000.0 179.12537
94200.0 175.61866
94400.0 181.8483
94600.0 188.24462
94800.0 177.65179
95000.0 178.23481
95200.0 176.32455
95400.0 176.88017
95600.0 177.55816
95800.0 184.66905
96000.0 183.84524
96200.0 173.77742
96400.0 182.72259
96600.0 179.74723
96800.0 177.31018
97000.0 180.3292
97200.0 180.87817
97400.0 184.44132
97600.0 168.79353
97800.0 177.50042
98000.0 188.35626
98200.0 178.6909
98400.0 185.18034
98600.0 177.61146
98800.0 180.2595
99000.0 179.31426
99200.0 188.78848
99400.0 177.71177
99600.0 178.74329
99800.0 179.28399
100000.0 177.10284
100200.0 180.38088
100400.0 176.27554
100600.0 176.044
100800.0 180.60517
101000.0 181.52473
101200.0 177.27207
101400.0 177.95621
101600.0 180.68432
101800.0 181.62716
102000.0 178.85439
102200.0 183.66643
102400.0 180.9591
102600.0 174.21551
102800.0 175.07746
103000.0 177.59451
103200.0 183.92438
103400.0 175.90692
103600.0 180.02471
103800.0 176.79662
104000.0 178.46196
104200.0 187.08292
104400.0 189.81651
104600.0 183.26668
104800.0 175.58387
105000.0 175.08298
105200.0 182.14232
105400.0 186.59376
105600.0 181.56611
105800.0 179.30747
106000.0 183.75961
106200.0 178.09523
106400.0 179.88153
106600.0 170.94083
106800.0 184.46903
107000.0 182.1862
107200.0 187.16852
107400.0 177.67151
107600.0 182.32774
107800.0 174.01148
108000.0 172.98218
108200.0 175.01652
108400.0 178.13007
108600.0 183.61198
108800.0 176.78913
109000.0 186.62656
109200.0 172.76494
109400.0 184.79432
109600.0 190.27847
109800.0 178.82738
110000.0 177.82777
110200.0 178.62973
110400.0 175.31336
110600.0 171.13262
110800.0 176.27672
111000.0 180.0409
111200.0 192.63935
111400.0 184.16481
111600.0 178.14312
111800.0 178.27098
112000.0 171.13643
112200.0 182.69218
112400.0 176.90993
112600.0 182.7969
112800.0 183.19441
113000.0 184.89065
113200.0 187.29029
113400.0 181.92459
113600.0 179.53957
113800.0 178.79792
114000.0 178.5798
114200.0 178.43632
114400.0 179.45705
114600.0 179.57342
114800.0 181.0009
115000.0 174.25305
115200.0 177.49594
115400.0 183.66639
115600.0 182.99575
115800.0 182.06808
116000.0 180.58283
116200.0 187.71209
116400.0 178.12463
116600.0 177.50984
116800.0 179.27817
117000.0 175.56104
117200.0 181.00856
117400.0 178.71682
117600.0 184.59773
117800.0 186.56259
118000.0 173.15406
118200.0 180.4883
118400.0 178.92262
118600.0 175.7734
118800.0 180.1546
119000.0 185.46303
119200.0 185.42784
119400.0 181.95008
119600.0 181.0691
119800.0 178.00426
120000.0 179.54722
120200.0 181.46016
120400.0 176.61951
120600.0 182.93873
120800.0 182.79578
121000.0 180.4402
121200.0 185.04281
121400.0 184.26567
121600.0 177.86143
121800.0 183.10152
122000.0 173.57481
122200.0 179.14858
122400.0 181.78187
122600.0 183.15349
122800.0 183.38526
123000.0 179.06686
123200.0 181.19395
123400.0 177.34848
123600.0 175.77366
123800.0 182.97329
124000.0 187.98987
124200.0 180.74625
124400.0 178.59122
124600.0 174.80926
124800.0 173.40175
125000.0 185.12323
125200.0 181.41288
125400.0 176.82548
125600.0 174.63402
125800.0 175.07819
126000.0 190.45034
126200.0 183.05173
126400.0 176.49708
126600.0 183.03538
126800.0 183.56945
127000.0 181.85189
127200.0 175.35398
127400.0 167.01698
127600.0 180.00349
127800.0 178.92252
128000.0 178.71645
128200.0 179.79988
128400.0 177.94113
128600.0 170.37791
128800.0 183.07562
129000.0 176.72964
129200.0 182.7897
129400.0 180.86884
129600.0 186.1284
129800.0 172.54321
130000.0 179.23827
130200.0 183.95317
130400.0 184.42358
130600.0 178.49509
130800.0 181.27341
131000.0 182.66415
131200.0 180.61362
131400.0 184.7881
131600.0 185.3722
131800.0 180.31317
132000.0 174.14487
132200.0 176.21439
132400.0 180.28394
132600.0 177.49453
132800.0 182.91532
133000.0 172.81985
133200.0 179.23803
133400.0 178.271
133600.0 177.21718
133800.0 176.46277
134000.0 180.20023
134200.0 181.77397
134400.0 188.41948
134600.0 174.65199
134800.0 180.7558
135000.0 182.12431
135200.0 180.18864
135400.0 172.61062
135600.0 175.25384
135800.0 175.83044
136000.0 177.91148
136200.0 181.58956
136400.0 189.78381
136600.0 176.01803
136800.0 180.95643
137000.0 178.82935
137200.0 162.19712
137400.0 186.34065
137600.0 185.82585
137800.0 179.72914
138000.0 179.98804
138200.0 186.93911
138400.0 181.56228
138600.0 182.20236
138800.0 181.01909
139000.0 174.76457
139200.0 174.72708
139400.0 185.17461
139600.0 174.68934
139800.0 182.48289
140000.0 181.02865
140200.0 179.40839
140400.0 173.78307
140600.0 182.47149
140800.0 177.38314
141000.0 183.67661
141200.0 185.13652
141400.0 178.27958
141600.0 179.31861
141800.0 174.9572
142000.0 177.84882
142200.0 176.00077
142400.0 179.27645
142600.0 175.32906
142800.0 183.06904
143000.0 178.64203
143200.0 191.81116
143400.0 181.54099
143600.0 181.00968
143800.0 177.9078
144000.0 179.93041
144200.0 181.64681
144400.0 180.52854
144600.0 177.89926
144800.0 173.48998
145000.0 171.20786
145200.0 172.36623
145400.0 178.159
145600.0 185.63448
145800.0 174.01966
146000.0 178.6661
146200.0 186.38331
146400.0 174.6462
146600.0 179.55895
146800.0 184.32228
147000.0 181.73195
147200.0 184.46022
147400.0 183.89848
147600.0 185.10325
147800.0 186.20818
148000.0 185.86186
148200.0 177.40429
148400.0 180.44068
148600.0 187.92488
148800.0 177.88771
149000.0 176.83176
149200.0 189.76684
149400.0 183.80324
149600.0 180.67731
149800.0 184.38465
150000.0 174.22914
150200.0 188.2707
150400.0 176.5652
150600.0 181.56503
150800.0 176.7471
151000.0 176.37226
151200.0 180.8205
151400.0 185.72789
151600.0 177.23191
151800.0 179.57098
152000.0 181.57485
152200.0 176.10743
152400.0 174.40476
152600.0 182.08204
152800.0 180.13843
153000.0 175.382
153200.0 180.84827
153400.0 182.49754
153600.0 190.09005
153800.0 179.35189
154000.0 177.49026
154200.0 180.9446
154400.0 177.35621
154600.0 177.81899
154800.0 177.80302
155000.0 174.93995
155200.0 179.6887
155400.0 180.47714
155600.0 176.52914
155800.0 181.721
156000.0 177.42805
156200.0 180.09727
156400.0 180.01327
156600.0 181.07258
156800.0 174.75981
157000.0 177.77006
157200.0 179.25719
157400.0 181.55563
157600.0 188.63657
157800.0 175.84938
158000.0 181.26953
158200.0 181.85775
158400.0 182.48763
158600.0 174.5209
158800.0 184.46478
159000.0 175.79358
159200.0 177.566
159400.0 182.47582
159600.0 173.70641
159800.0 194.16161
160000.0 179.8837
160200.0 178.60469
160400.0 174.7023
160600.0 176.79812
160800.0 176.47727
161000.0 185.50941
161200.0 175.70904
161400.0 178.2498
161600.0 176.71271
161800.0 181.42589
162000.0 175.52402
162200.0 177.1438
162400.0 191.94663
162600.0 175.74704
162800.0 184.51469
163000.0 185.45873
163200.0 173.30533
163400.0 188.9199
163600.0 173.69663
163800.0 178.77513
164000.0 183.23547
164200.0 180.88514
164400.0 177.32674
164600.0 173.50192
164800.0 181.14504
165000.0 174.98351
165200.0 178.51267
165400.0 179.72069
165600.0 185.47173
165800.0 185.41113
166000.0 184.48431
166200.0 182.39714
166400.0 178.97478
166600.0 178.72594
166800.0 173.89375
167000.0 183.62544
167200.0 180.78825
167400.0 174.60616
167600.0 179.30777
167800.0 174.66559
168000.0 181.68316
168200.0 179.45459
168400.0 176.60059
168600.0 176.2329
168800.0 187.48426
169000.0 175.68363
169200.0 176.30952
169400.0 184.41492
169600.0 186.93238
169800.0 176.24101
170000.0 184.24033
170200.0 171.90294
170400.0 182.82108
170600.0 185.83047
170800.0 175.60992
171000.0 179.71335
171200.0 180.40727
171400.0 176.20954
171600.0 171.06752
171800.0 183.44626
172000.0 177.27157
172200.0 175.64304
172400.0 177.66787
172600.0 180.90188
172800.0 174.22163
173000.0 181.23782
173200.0 178.73567
173400.0 178.04108
173600.0 189.68961
173800.0 185.49758
174000.0 178.6039
174200.0 182.25639
174400.0 182.01972
174600.0 182.95224
174800.0 181.97548
175000.0 175.11926
175200.0 177.95578
175400.0 177.32181
175600.0 183.69827
175800.0 178.0256
176000.0 185.14228
176200.0 178.46466
176400.0 178.23285
176600.0 177.76881
176800.0 185.55417
177000.0 181.28944
177200.0 177.27874
177400.0 177.89129
177600.0 177.48645
177800.0 186.65208
178000.0 185.08171
178200.0 178.1912
178400.0 175.28911
178600.0 182.40443
178800.0 183.40464
179000.0 180.65721
179200.0 180.62847
179400.0 184.55584
179600.0 184.16879
179800.0 179.91816
180000.0 175.78859
180200.0 181.18653
180400.0 179.28569
180600.0 173.10841
180800.0 174.87007
181000.0 176.85622
181200.0 187.15323
181400.0 184.37705
181600.0 185.38193
181800.0 183.11581
182000.0 179.43594
182200.0 180.59904
182400.0 179.38102
182600.0 168.87552
182800.0 184.1406
183000.0 174.98265
183200.0 180.77958
183400.0 178.98141
183600.0 187.90605
183800.0 173.08596
184000.0 176.63465
184200.0 184.92682
184400.0 182.21931
184600.0 183.59689
184800.0 185.46533
185000.0 175.73663
185200.0 178.75608
185400.0 180.02378
185600.0 177.25138
185800.0 180.36767
186000.0 174.50475
186200.0 190.57492
186400.0 187.25123
186600.0 176.56924
186800.0 177.90809
187000.0 186.28079
187200.0 186.83851
187400.0 176.83963
187600.0 171.74526
187800.0 177.79692
188000.0 188.19238
188200.0 179.55321
188400.0 181.98761
188600.0 179.78825
188800.0 170.37154
189000.0 176.68553
189200.0 182.8264
189400.0 183.18786
189600.0 181.55344
189800.0 185.64804
190000.0 180.19217
190200.0 182.05518
190400.0 180.96335
190600.0 187.37908
190800.0 176.23211
191000.0 175.62552
191200.0 173.56248
191400.0 182.82692
191600.0 181.04797
191800.0 186.13685
192000.0 183.42977
192200.0 175.20624
192400.0 177.91512
192600.0 181.44501
192800.0 186.08309
193000.0 179.07324
193200.0 181.77224
193400.0 180.57224
193600.0 176.54443
193800.0 177.3522
194000.0 181.11824
194200.0 177.11294
194400.0 184.42576
194600.0 177.53623
194800.0 177.3978
195000.0 184.08733
195200.0 183.24961
195400.0 183.73287
195600.0 179.09128
195800.0 179.69532
196000.0 181.84437
196200.0 175.0053
196400.0 171.68716
196600.0 181.13066
196800.0 177.92085
197000.0 186.33967
197200.0 187.26037
197400.0 184.20777
197600.0 186.74959
197800.0 173.25271
198000.0 181.05766
198200.0 177.32643
198400.0 177.59303
198600.0 184.5471
198800.0 176.80053
199000.0 176.11826
199200.0 179.64234
199400.0 169.59127
199600.0 179.03713
199800.0 181.94124
200000.0 183.10446
