0.0 180.0
1000.0 180.7143
2000.0 182.28866
3000.0 179.40526
4000.0 181.0771
5000.0 181.80032
6000.0 178.8323
7000.0 180.20445
8000.0 180.75751
9000.0 181.38151
10000.0 180.96761
11000.0 181.15553
12000.0 179.75025
13000.0 180.00638
14000.0 181.58991
15000.0 179.38365
16000.0 180.65487
17000.0 180.52894
18000.0 178.94509
19000.0 179.37642
20000.0 179.69155
21000.0 179.65203
22000.0 179.32715
23000.0 181.32421
24000.0 178.76759
25000.0 178.02323
26000.0 179.22171
27000.0 180.63441
28000.0 180.9199
29000.0 181.30079
30000.0 180.85017
31000.0 180.18204
32000.0 179.9948
33000.0 180.0707
34000.0 182.40551
35000.0 181.55623
36000.0 180.98726
37000.0 179.59014
38000.0 180.24286
39000.0 179.37583
40000.0 177.23874
41000.0 180.61451
42000.0 180.82438
43000.0 179.4137
44000.0 179.59636
45000.0 179.85541
46000.0 177.59131
47000.0 181.0935
48000.0 180.62924
49000.0 178.07745
50000.0 179.88704
51000.0 179.87705
52000.0 185.43813
53000.0 180.05412
54000.0 179.18157
55000.0 183.4227
56000.0 178.60115
57000.0 179.3263
58000.0 179.60122
59000.0 180.61418
60000.0 182.66883
61000.0 177.8405
62000.0 179.35747
63000.0 183.34976
64000.0 177.79216
65000.0 179.04699
66000.0 181.94851
67000.0 178.48449
68000.0 179.94867
69000.0 179.86457
70000.0 178.8465
71000.0 178.28945
72000.0 180.39013
73000.0 179.2619
74000.0 183.23308
75000.0 180.39539
76000.0 180.89871
77000.0 179.40547
78000.0 175.99145
79000.0 181.65675
80000.0 180.01252
81000.0 178.0964
82000.0 178.1595
83000.0 177.59213
84000.0 178.96981
85000.0 178.27942
86000.0 178.63438
87000.0 182.31608
88000.0 180.81664
89000.0 177.91102
90000.0 181.33021
91000.0 181.39627
92000.0 180.98534
93000.0 179.97411
94000.0 180.1318
95000.0 181.12444
96000.0 178.32483
97000.0 178.45806
98000.0 178.04721
99000.0 178.02772
100000.0 178.9412
101000.0 177.30274
102000.0 179.61852
103000.0 181.27834
104000.0 178.19231
105000.0 177.80511
106000.0 179.49334
107000.0 180.40554
108000.0 181.04832
109000.0 178.42526
110000.0 175.64646
111000.0 178.41965
112000.0 178.10053
113000.0 182.43538
114000.0 178.32907
115000.0 182.64575
116000.0 178.58018
117000.0 179.40879
118000.0 180.51176
119000.0 181.36615
120000.0 175.84132
121000.0 179.23056
122000.0 182.11105
123000.0 178.58234
124000.0 180.94075
125000.0 180.60549
126000.0 178.75431
127000.0 180.39163
128000.0 182.12607
129000.0 180.56909
130000.0 181.05561
131000.0 180.47025
132000.0 181.89738
133000.0 180.19196
134000.0 181.54131
135000.0 180.63575
136000.0 180.38515
137000.0 181.85682
138000.0 181.47061
139000.0 180.7669
140000.0 179.66104
141000.0 181.12229
142000.0 180.45906
143000.0 179.51741
144000.0 178.71907
145000.0 180.57239
146000.0 181.31873
147000.0 180.8741
148000.0 181.74507
149000.0 181.12051
150000.0 181.57408
151000.0 179.48149
152000.0 178.98801
153000.0 179.53356
154000.0 179.44468
155000.0 180.98717
156000.0 181.36273
157000.0 179.82169
158000.0 180.98233
159000.0 179.67176
160000.0 181.1466
161000.0 179.55106
162000.0 181.11836
163000.0 180.72723
164000.0 179.28939
165000.0 177.87273
166000.0 179.37143
167000.0 178.75817
168000.0 179.69132
169000.0 178.73544
170000.0 176.67435
171000.0 180.70984
172000.0 181.93105
173000.0 177.43228
174000.0 181.79423
175000.0 181.57295
176000.0 182.9832
177000.0 179.79807
178000.0 181.57275
179000.0 178.78081
180000.0 180.68517
181000.0 179.6442
182000.0 181.05365
183000.0 179.29389
184000.0 177.48485
185000.0 179.48864
186000.0 182.26794
187000.0 179.48987
188000.0 180.4481
189000.0 177.78698
190000.0 180.18204
191000.0 181.72103
192000.0 179.83869
193000.0 177.35607
194000.0 177.99542
195000.0 178.54973
196000.0 180.48901
197000.0 179.83924
198000.0 179.29717
199000.0 180.70992
200000.0 182.39132
