0.0 -1729.9217
200.0 -1332.5192
400.0 -1198.3605
600.0 -1225.7917
800.0 -1208.6891
1000.0 -1248.3559
1200.0 -1263.2766
1400.0 -1276.3044
1600.0 -1265.0493
1800.0 -1285.448
2000.0 -1280.256
2200.0 -1276.5868
2400.0 -1284.2364
2600.0 -1275.2012
2800.0 -1283.7502
3000.0 -1292.6593
3200.0 -1318.5512
3400.0 -1325.9853
3600.0 -1295.2154
3800.0 -1306.3446
4000.0 -1319.0033
4200.0 -1323.1015
4400.0 -1334.3273
4600.0 -1322.3358
4800.0 -1335.5718
5000.0 -1338.7221
5200.0 -1299.64
5400.0 -1319.7534
5600.0 -1312.8829
5800.0 -1308.8049
6000.0 -1326.8908
6200.0 -1328.4379
6400.0 -1315.9071
6600.0 -1326.9833
6800.0 -1332.8729
7000.0 -1325.1538
7200.0 -1335.9913
7400.0 -1337.9312
7600.0 -1333.3075
7800.0 -1341.2294
8000.0 -1337.2482
8200.0 -1320.5993
8400.0 -1328.6474
8600.0 -1340.271
8800.0 -1350.2479
9000.0 -1313.3629
9200.0 -1332.9916
9400.0 -1328.4681
9600.0 -1316.4306
9800.0 -1343.4333
10000.0 -1314.9527
10200.0 -1299.1083
10400.0 -1328.4135
10600.0 -1308.5808
10800.0 -1312.5799
11000.0 -1313.706
11200.0 -1321.3958
11400.0 -1318.6191
11600.0 -1357.2213
11800.0 -1333.9276
12000.0 -1346.69
12200.0 -1344.5272
12400.0 -1331.7199
12600.0 -1322.0393
12800.0 -1343.5773
13000.0 -1324.2969
13200.0 -1303.2642
13400.0 -1320.0002
13600.0 -1333.9873
13800.0 -1323.1411
14000.0 -1342.7181
14200.0 -1343.8361
14400.0 -1318.7042
14600.0 -1321.2344
14800.0 -1309.6889
15000.0 -1315.6506
15200.0 -1339.547
15400.0 -1353.0948
15600.0 -1325.551
15800.0 -1322.1149
16000.0 -1313.8196
16200.0 -1322.4507
16400.0 -1316.6026
16600.0 -1310.134
16800.0 -1332.9954
17000.0 -1349.9925
17200.0 -1341.5441
17400.0 -1317.5305
17600.0 -1327.4909
17800.0 -1343.0085
18000.0 -1311.4346
18200.0 -1309.6608
18400.0 -1297.7826
18600.0 -1291.5646
18800.0 -1334.8958
19000.0 -1330.6253
19200.0 -1356.4273
19400.0 -1321.7823
19600.0 -1336.5734
19800.0 -1328.9802
20000.0 -1315.1723
20200.0 -1308.408
20400.0 -1314.1602
20600.0 -1325.3098
20800.0 -1319.3779
21000.0 -1326.8785
21200.0 -1339.1443
21400.0 -1326.3687
21600.0 -1317.1885
21800.0 -1321.8258
22000.0 -1328.267
22200.0 -1310.9978
22400.0 -1319.7645
22600.0 -1316.4475
22800.0 -1323.7687
23000.0 -1326.9507
23200.0 -1335.2254
23400.0 -1336.3259
23600.0 -1335.4907
23800.0 -1324.7466
24000.0 -1321.4766
24200.0 -1324.7324
24400.0 -1304.0902
24600.0 -1331.7921
24800.0 -1320.4945
25000.0 -1327.5174
25200.0 -1337.0
25400.0 -1321.5372
25600.0 -1324.9132
25800.0 -1320.936
26000.0 -1326.5722
26200.0 -1324.7383
26400.0 -1332.7673
26600.0 -1331.6212
26800.0 -1335.6742
27000.0 -1321.2309
27200.0 -1316.4131
27400.0 -1326.5141
27600.0 -1323.161
27800.0 -1314.4092
28000.0 -1338.8308
28200.0 -1315.7384
28400.0 -1311.2927
28600.0 -1335.4615
28800.0 -1336.2672
29000.0 -1339.0195
29200.0 -1317.096
29400.0 -1321.6282
29600.0 -1329.7576
29800.0 -1347.398
30000.0 -1355.785
30200.0 -1340.7704
30400.0 -1331.872
30600.0 -1334.4842
30800.0 -1332.9472
31000.0 -1326.805
31200.0 -1342.1717
31400.0 -1329.6696
31600.0 -1326.7988
31800.0 -1325.5211
32000.0 -1342.4308
32200.0 -1320.5405
32400.0 -1322.0062
32600.0 -1343.7654
32800.0 -1330.1746
33000.0 -1315.1511
33200.0 -1322.3266
33400.0 -1325.2635
33600.0 -1321.3644
33800.0 -1348.4887
34000.0 -1340.2289
34200.0 -1327.7545
34400.0 -1307.5333
34600.0 -1314.6233
34800.0 -1327.6908
35000.0 -1310.4512
35200.0 -1332.3819
35400.0 -1318.4076
35600.0 -1312.6985
35800.0 -1322.7975
36000.0 -1331.6812
36200.0 -1323.7593
36400.0 -1326.3454
36600.0 -1350.6154
36800.0 -1334.4455
37000.0 -1332.3857
37200.0 -1324.8154
37400.0 -1328.9506
37600.0 -1332.7243
37800.0 -1341.4381
38000.0 -1366.6058
38200.0 -1353.8799
38400.0 -1331.1807
38600.0 -1330.8026
38800.0 -1318.0222
39000.0 -1329.3534
39200.0 -1332.7262
39400.0 -1340.7612
39600.0 -1348.337
39800.0 -1349.3045
40000.0 -1332.8685
40200.0 -1331.6872
40400.0 -1318.1236
40600.0 -1313.0989
40800.0 -1332.5775
41000.0 -1307.3957
41200.0 -1309.4428
41400.0 -1331.026
41600.0 -1348.6474
41800.0 -1336.3225
42000.0 -1322.5802
42200.0 -1329.5261
42400.0 -1357.6545
42600.0 -1334.2303
42800.0 -1328.0629
43000.0 -1328.491
43200.0 -1326.0037
43400.0 -1310.4094
43600.0 -1339.7252
43800.0 -1338.2328
44000.0 -1345.3289
44200.0 -1330.0149
44400.0 -1315.7113
44600.0 -1337.6824
44800.0 -1326.1059
45000.0 -1317.4443
45200.0 -1288.8929
45400.0 -1314.9349
45600.0 -1341.0982
45800.0 -1335.9124
46000.0 -1314.5264
46200.0 -1317.1308
46400.0 -1314.7318
46600.0 -1318.5965
46800.0 -1336.569
47000.0 -1346.7796
47200.0 -1333.0807
47400.0 -1334.6025
47600.0 -1328.0869
47800.0 -1315.2922
48000.0 -1346.272
48200.0 -1336.5417
48400.0 -1330.525
48600.0 -1350.6804
48800.0 -1341.0177
49000.0 -1333.8243
49200.0 -1323.1791
49400.0 -1327.5993
49600.0 -1327.5761
49800.0 -1325.6389
50000.0 -1322.2615
50200.0 -1307.6637
50400.0 -1329.2923
50600.0 -1324.7656
50800.0 -1320.6085
51000.0 -1342.6133
51200.0 -1351.5102
51400.0 -1331.7887
51600.0 -1315.8345
51800.0 -1325.0092
52000.0 -1322.1294
52200.0 -1321.9588
52400.0 -1338.5926
52600.0 -1335.4973
52800.0 -1313.5537
53000.0 -1334.7965
53200.0 -1325.2663
53400.0 -1323.9027
53600.0 -1340.3919
53800.0 -1356.6525
54000.0 -1335.6752
54200.0 -1321.8519
54400.0 -1333.1065
54600.0 -1352.2983
54800.0 -1338.3738
55000.0 -1305.7294
55200.0 -1312.6476
55400.0 -1334.3434
55600.0 -1335.4986
55800.0 -1328.4404
56000.0 -1333.3163
56200.0 -1355.8042
56400.0 -1333.2652
56600.0 -1347.7451
56800.0 -1332.3937
57000.0 -1316.8998
57200.0 -1314.3997
57400.0 -1337.8764
57600.0 -1339.9021
57800.0 -1331.007
58000.0 -1326.724
58200.0 -1339.1274
58400.0 -1320.8013
58600.0 -1313.0464
58800.0 -1306.7344
59000.0 -1324.1909
59200.0 -1330.2122
59400.0 -1349.3949
59600.0 -1320.3134
59800.0 -1313.9831
60000.0 -1321.5653
60200.0 -1329.8679
60400.0 -1328.5139
60600.0 -1355.972
60800.0 -1346.3109
61000.0 -1325.3764
61200.0 -1324.2746
61400.0 -1308.8609
61600.0 -1351.0516
61800.0 -1337.9812
62000.0 -1352.3587
62200.0 -1333.2739
62400.0 -1323.3271
62600.0 -1343.1702
62800.0 -1339.8478
63000.0 -1334.7455
63200.0 -1333.3836
63400.0 -1338.2755
63600.0 -1340.6459
63800.0 -1354.9931
64000.0 -1314.7754
64200.0 -1325.8972
64400.0 -1315.0804
64600.0 -1351.5795
64800.0 -1337.406
65000.0 -1324.3739
65200.0 -1326.1331
65400.0 -1339.9643
65600.0 -1327.8007
65800.0 -1326.3348
66000.0 -1317.8528
66200.0 -1309.0314
66400.0 -1330.721
66600.0 -1327.1333
66800.0 -1341.1144
67000.0 -1330.2428
67200.0 -1328.7224
67400.0 -1328.6509
67600.0 -1316.5652
67800.0 -1319.2432
68000.0 -1317.6398
68200.0 -1333.3314
68400.0 -1318.7473
68600.0 -1318.552
68800.0 -1325.5718
69000.0 -1322.473
69200.0 -1322.7973
69400.0 -1342.2159
69600.0 -1316.9904
69800.0 -1306.936
70000.0 -1309.3942
70200.0 -1322.8007
70400.0 -1334.7211
70600.0 -1330.5291
70800.0 -1323.2854
71000.0 -1336.1304
71200.0 -1348.7242
71400.0 -1337.3566
71600.0 -1338.7614
71800.0 -1329.2645
72000.0 -1335.3322
72200.0 -1323.3675
72400.0 -1335.2874
72600.0 -1356.9767
72800.0 -1329.2607
73000.0 -1322.1923
73200.0 -1302.0783
73400.0 -1303.0982
73600.0 -1333.4951
73800.0 -1340.7108
74000.0 -1351.2523
74200.0 -1319.2434
74400.0 -1337.9547
74600.0 -1325.4297
74800.0 -1334.0144
75000.0 -1326.0509
75200.0 -1317.336
75400.0 -1330.7255
75600.0 -1329.4615
75800.0 -1326.6793
76000.0 -1324.166
76200.0 -1319.6319
76400.0 -1332.5823
76600.0 -1329.8509
76800.0 -1335.9789
77000.0 -1333.5387
77200.0 -1321.718
77400.0 -1333.0535
77600.0 -1338.7505
77800.0 -1353.7169
78000.0 -1314.0394
78200.0 -1329.8374
78400.0 -1312.9269
78600.0 -1327.2267
78800.0 -1350.7292
79000.0 -1352.8157
79200.0 -1341.505
79400.0 -1347.039
79600.0 -1324.6387
79800.0 -1332.0465
80000.0 -1340.794
80200.0 -1313.608
80400.0 -1320.5678
80600.0 -1337.8009
80800.0 -1318.0103
81000.0 -1304.4311
81200.0 -1304.8462
81400.0 -1318.8537
81600.0 -1339.6556
81800.0 -1346.6844
82000.0 -1306.3087
82200.0 -1311.1201
82400.0 -1364.7425
82600.0 -1332.71
82800.0 -1339.5991
83000.0 -1332.6656
83200.0 -1322.9099
83400.0 -1337.4369
83600.0 -1327.5299
83800.0 -1326.9936
84000.0 -1319.5127
84200.0 -1323.8647
84400.0 -1309.6928
84600.0 -1332.2812
84800.0 -1333.56
85000.0 -1347.7988
85200.0 -1336.8552
85400.0 -1314.8614
85600.0 -1320.276
85800.0 -1312.913
86000.0 -1324.9273
86200.0 -1329.7066
86400.0 -1324.3902
86600.0 -1317.688
86800.0 -1318.6259
87000.0 -1358.9593
87200.0 -1331.0777
87400.0 -1318.3759
87600.0 -1332.6237
87800.0 -1328.9103
88000.0 -1317.9427
88200.0 -1320.7147
88400.0 -1340.1262
88600.0 -1319.6589
88800.0 -1343.0002
89000.0 -1340.6421
89200.0 -1352.4797
89400.0 -1332.6251
89600.0 -1333.5684
89800.0 -1331.0168
90000.0 -1318.897
90200.0 -1332.8161
90400.0 -1333.1117
90600.0 -1312.9568
90800.0 -1326.2285
91000.0 -1325.2848
91200.0 -1329.987
91400.0 -1350.3399
91600.0 -1324.1408
91800.0 -1325.1875
92000.0 -1333.8893
92200.0 -1342.9958
92400.0 -1352.4686
92600.0 -1324.2387
92800.0 -1329.2403
93000.0 -1319.0691
93200.0 -1337.6801
93400.0 -1317.0444
93600.0 -1307.6163
93800.0 -1321.3389
94000.0 -1338.8175
94200.0 -1352.3557
94400.0 -1332.5547
94600.0 -1318.7671
94800.0 -1331.9617
95000.0 -1344.2072
95200.0 -1348.0774
95400.0 -1321.7937
95600.0 -1339.5589
95800.0 -1319.3212
96000.0 -1344.6093
96200.0 -1328.9992
96400.0 -1344.4768
96600.0 -1326.1905
96800.0 -1326.9269
97000.0 -1329.5895
97200.0 -1333.9804
97400.0 -1334.4365
97600.0 -1323.4354
97800.0 -1304.0778
98000.0 -1322.246
98200.0 -1320.9915
98400.0 -1323.7349
98600.0 -1339.2037
98800.0 -1338.1795
99000.0 -1355.537
99200.0 -1330.7299
99400.0 -1328.9816
99600.0 -1335.6703
99800.0 -1335.1313
100000.0 -1326.7888
100200.0 -1310.5135
100400.0 -1313.0349
100600.0 -1323.9664
100800.0 -1322.4955
101000.0 -1342.1078
101200.0 -1337.1608
101400.0 -1342.677
101600.0 -1322.6571
101800.0 -1334.9127
102000.0 -1327.6586
102200.0 -1335.2429
102400.0 -1339.0378
102600.0 -1346.9597
102800.0 -1306.4302
103000.0 -1323.0307
103200.0 -1333.1897
103400.0 -1337.8508
103600.0 -1339.5964
103800.0 -1345.844
104000.0 -1346.4061
104200.0 -1335.4296
104400.0 -1338.3356
104600.0 -1339.8523
104800.0 -1324.8046
105000.0 -1330.4373
105200.0 -1331.1982
105400.0 -1323.1373
105600.0 -1331.1094
105800.0 -1330.8153
106000.0 -1323.0065
106200.0 -1329.3172
106400.0 -1331.5296
106600.0 -1344.2353
106800.0 -1328.6565
107000.0 -1326.4012
107200.0 -1333.4482
107400.0 -1328.3852
107600.0 -1327.7772
107800.0 -1328.2257
108000.0 -1319.4707
108200.0 -1331.0211
108400.0 -1335.6613
108600.0 -1346.3111
108800.0 -1322.9629
109000.0 -1321.9807
109200.0 -1320.8962
109400.0 -1339.3227
109600.0 -1318.1973
109800.0 -1332.5689
110000.0 -1336.0833
110200.0 -1316.783
110400.0 -1318.1308
110600.0 -1318.3538
110800.0 -1311.9665
111000.0 -1310.7398
111200.0 -1328.6622
111400.0 -1325.8577
111600.0 -1337.1282
111800.0 -1331.8544
112000.0 -1317.2957
112200.0 -1319.154
112400.0 -1326.7536
112600.0 -1302.832
112800.0 -1317.9115
113000.0 -1316.1052
113200.0 -1314.6632
113400.0 -1327.337
113600.0 -1338.4407
113800.0 -1340.3635
114000.0 -1345.354
114200.0 -1345.4032
114400.0 -1340.9105
114600.0 -1332.5915
114800.0 -1311.0904
115000.0 -1305.1449
115200.0 -1334.1146
115400.0 -1329.2493
115600.0 -1326.1088
115800.0 -1334.9319
116000.0 -1330.2952
116200.0 -1332.9765
116400.0 -1348.9907
116600.0 -1337.3834
116800.0 -1342.5613
117000.0 -1331.2861
117200.0 -1332.56
117400.0 -1320.2763
117600.0 -1342.8403
117800.0 -1323.2191
118000.0 -1324.8486
118200.0 -1316.572
118400.0 -1322.075
118600.0 -1340.3514
118800.0 -1310.8515
119000.0 -1340.3449
119200.0 -1337.5112
119400.0 -1313.299
119600.0 -1338.6332
119800.0 -1326.4016
120000.0 -1338.8642
120200.0 -1346.0551
120400.0 -1321.0779
120600.0 -1308.1979
120800.0 -1318.4315
121000.0 -1348.8727
121200.0 -1336.7381
121400.0 -1322.6426
121600.0 -1329.214
121800.0 -1331.2895
122000.0 -1309.8431
122200.0 -1317.1157
122400.0 -1324.6862
122600.0 -1332.0364
122800.0 -1329.7107
123000.0 -1348.2302
123200.0 -1329.6266
123400.0 -1322.3912
123600.0 -1318.4592
123800.0 -1318.0483
124000.0 -1317.9797
124200.0 -1336.5243
124400.0 -1315.4669
124600.0 -1338.1849
124800.0 -1320.8181
125000.0 -1327.9149
125200.0 -1325.751
125400.0 -1327.838
125600.0 -1338.727
125800.0 -1335.5244
126000.0 -1341.7174
126200.0 -1329.0783
126400.0 -1323.7957
126600.0 -1328.8225
126800.0 -1339.6188
127000.0 -1327.0183
127200.0 -1324.9022
127400.0 -1320.4218
127600.0 -1349.5365
127800.0 -1338.6582
128000.0 -1330.5575
128200.0 -1299.4557
128400.0 -1323.8924
128600.0 -1334.9689
128800.0 -1349.8637
129000.0 -1337.1734
129200.0 -1314.9216
129400.0 -1317.8659
129600.0 -1323.2817
129800.0 -1311.3207
130000.0 -1335.1047
130200.0 -1335.1473
130400.0 -1338.845
130600.0 -1337.6422
130800.0 -1334.488
131000.0 -1306.749
131200.0 -1328.5516
131400.0 -1345.7425
131600.0 -1334.9787
131800.0 -1337.7013
132000.0 -1354.1974
132200.0 -1332.7674
132400.0 -1316.77
132600.0 -1328.7429
132800.0 -1326.5084
133000.0 -1348.4598
133200.0 -1340.1295
133400.0 -1324.7979
133600.0 -1316.4877
133800.0 -1319.6856
134000.0 -1339.0439
134200.0 -1328.2633
134400.0 -1326.9501
134600.0 -1314.5711
134800.0 -1325.7146
135000.0 -1322.7537
135200.0 -1326.6071
135400.0 -1320.268
135600.0 -1305.604
135800.0 -1316.9461
136000.0 -1312.4248
136200.0 -1322.3682
136400.0 -1335.2064
136600.0 -1335.876
136800.0 -1338.9674
137000.0 -1331.8335
137200.0 -1341.2907
137400.0 -1342.5715
137600.0 -1330.9772
137800.0 -1313.0909
138000.0 -1318.3973
138200.0 -1304.9123
138400.0 -1318.063
138600.0 -1335.3175
138800.0 -1320.2941
139000.0 -1336.2139
139200.0 -1347.3006
139400.0 -1307.8055
139600.0 -1317.8067
139800.0 -1311.4149
140000.0 -1320.6378
140200.0 -1324.0467
140400.0 -1337.2875
140600.0 -1342.9501
140800.0 -1338.6804
141000.0 -1353.6339
141200.0 -1331.8768
141400.0 -1304.2915
141600.0 -1308.9524
141800.0 -1316.8844
142000.0 -1325.8811
142200.0 -1336.7998
142400.0 -1329.2477
142600.0 -1321.4656
142800.0 -1338.3411
143000.0 -1322.9786
143200.0 -1322.8547
143400.0 -1335.7424
143600.0 -1335.3117
143800.0 -1330.6078
144000.0 -1345.5486
144200.0 -1296.419
144400.0 -1323.6283
144600.0 -1324.204
144800.0 -1337.6205
145000.0 -1337.443
145200.0 -1324.6653
145400.0 -1331.6614
145600.0 -1331.7093
145800.0 -1320.281
146000.0 -1325.7629
146200.0 -1332.6557
146400.0 -1326.9787
146600.0 -1318.3384
146800.0 -1311.117
147000.0 -1338.4557
147200.0 -1325.2301
147400.0 -1319.3899
147600.0 -1345.6544
147800.0 -1343.8484
148000.0 -1322.9334
148200.0 -1331.6519
148400.0 -1341.5943
148600.0 -1347.1504
148800.0 -1308.2319
149000.0 -1304.3884
149200.0 -1332.2027
149400.0 -1318.838
149600.0 -1329.6927
149800.0 -1337.3845
150000.0 -1342.0081
150200.0 -1331.0866
150400.0 -1319.0426
150600.0 -1327.5259
150800.0 -1360.1229
151000.0 -1352.6275
151200.0 -1332.5319
151400.0 -1332.4425
151600.0 -1351.214
151800.0 -1325.8642
152000.0 -1334.3786
152200.0 -1344.0056
152400.0 -1337.2197
152600.0 -1321.2568
152800.0 -1310.2053
153000.0 -1329.0748
153200.0 -1330.9826
153400.0 -1343.8333
153600.0 -1337.832
153800.0 -1328.2106
154000.0 -1324.8662
154200.0 -1326.7357
154400.0 -1317.9454
154600.0 -1340.6851
154800.0 -1346.9863
155000.0 -1338.2055
155200.0 -1328.4185
155400.0 -1327.5212
155600.0 -1323.2554
155800.0 -1329.7898
156000.0 -1347.5016
156200.0 -1325.7287
156400.0 -1330.0067
156600.0 -1321.1857
156800.0 -1333.3203
157000.0 -1325.1653
157200.0 -1307.8054
157400.0 -1331.2769
157600.0 -1361.3411
157800.0 -1345.5436
158000.0 -1325.4269
158200.0 -1327.4688
158400.0 -1334.2162
158600.0 -1331.3451
158800.0 -1325.5489
159000.0 -1321.8021
159200.0 -1322.2607
159400.0 -1314.2458
159600.0 -1323.2715
159800.0 -1349.7516
160000.0 -1312.9596
160200.0 -1303.2249
160400.0 -1311.6446
160600.0 -1322.6742
160800.0 -1347.9929
161000.0 -1332.5795
161200.0 -1322.6366
161400.0 -1330.2698
161600.0 -1333.8457
161800.0 -1344.2204
162000.0 -1306.6645
162200.0 -1343.6962
162400.0 -1330.3221
162600.0 -1347.3871
162800.0 -1349.6408
163000.0 -1330.6395
163200.0 -1313.5259
163400.0 -1325.4887
163600.0 -1343.9839
163800.0 -1321.2313
164000.0 -1315.6849
164200.0 -1323.437
164400.0 -1306.6599
164600.0 -1308.9798
164800.0 -1328.3235
165000.0 -1313.4726
165200.0 -1338.4454
165400.0 -1335.0589
165600.0 -1315.3698
165800.0 -1320.6304
166000.0 -1344.9656
166200.0 -1342.5647
166400.0 -1347.4523
166600.0 -1330.5846
166800.0 -1329.0152
167000.0 -1325.6205
167200.0 -1339.1581
167400.0 -1334.4751
167600.0 -1355.5232
167800.0 -1319.0606
168000.0 -1314.8219
168200.0 -1326.6451
168400.0 -1320.8807
168600.0 -1328.8705
168800.0 -1333.2615
169000.0 -1331.6181
169200.0 -1339.4808
169400.0 -1332.1095
169600.0 -1335.7528
169800.0 -1338.115
170000.0 -1331.2585
170200.0 -1316.3245
170400.0 -1322.2455
170600.0 -1306.6527
170800.0 -1323.1337
171000.0 -1304.2398
171200.0 -1329.6885
171400.0 -1332.573
171600.0 -1341.0922
171800.0 -1328.2631
172000.0 -1337.8652
172200.0 -1313.8234
172400.0 -1300.3468
172600.0 -1322.1107
172800.0 -1323.1961
173000.0 -1326.5466
173200.0 -1338.0448
173400.0 -1338.2547
173600.0 -1329.3412
173800.0 -1320.8826
174000.0 -1329.8371
174200.0 -1311.8732
174400.0 -1311.591
174600.0 -1308.7437
174800.0 -1338.3308
175000.0 -1330.6577
175200.0 -1328.2673
175400.0 -1320.3805
175600.0 -1334.6208
175800.0 -1317.966
176000.0 -1325.4096
176200.0 -1343.3946
176400.0 -1349.8211
176600.0 -1322.0873
176800.0 -1327.7694
177000.0 -1322.6282
177200.0 -1315.7919
177400.0 -1321.3511
177600.0 -1304.625
177800.0 -1331.2052
178000.0 -1349.6729
178200.0 -1321.4203
178400.0 -1303.5161
178600.0 -1331.6317
178800.0 -1319.3402
179000.0 -1324.527
179200.0 -1328.3154
179400.0 -1351.069
179600.0 -1318.7648
179800.0 -1327.5802
180000.0 -1339.6714
180200.0 -1335.7875
180400.0 -1335.8456
180600.0 -1328.0721
180800.0 -1332.8252
181000.0 -1341.5829
181200.0 -1324.3906
181400.0 -1313.1366
181600.0 -1321.1629
181800.0 -1308.9105
182000.0 -1326.7331
182200.0 -1313.651
182400.0 -1325.1326
182600.0 -1333.9186
182800.0 -1327.3314
183000.0 -1340.9388
183200.0 -1323.2273
183400.0 -1329.1974
183600.0 -1315.5193
183800.0 -1323.5572
184000.0 -1330.7557
184200.0 -1336.2349
184400.0 -1337.4817
184600.0 -1333.7027
184800.0 -1332.5837
185000.0 -1340.4898
185200.0 -1323.7932
185400.0 -1326.2105
185600.0 -1320.8451
185800.0 -1341.537
186000.0 -1330.9148
186200.0 -1330.1025
186400.0 -1313.8325
186600.0 -1323.3746
186800.0 -1318.005
187000.0 -1304.6495
187200.0 -1317.5998
187400.0 -1309.1653
187600.0 -1329.7141
187800.0 -1321.9462
188000.0 -1324.1951
188200.0 -1337.2918
188400.0 -1348.2814
188600.0 -1326.3469
188800.0 -1321.7068
189000.0 -1328.4194
189200.0 -1325.8415
189400.0 -1326.4268
189600.0 -1316.215
189800.0 -1301.3903
190000.0 -1330.3365
190200.0 -1300.5074
190400.0 -1341.9813
190600.0 -1332.9339
190800.0 -1324.9663
191000.0 -1320.9805
191200.0 -1336.4697
191400.0 -1350.7389
191600.0 -1343.6773
191800.0 -1318.7275
192000.0 -1317.4307
192200.0 -1347.9301
192400.0 -1356.9941
192600.0 -1313.0997
192800.0 -1300.8525
193000.0 -1345.3524
193200.0 -1322.6275
193400.0 -1327.85
193600.0 -1332.8944
193800.0 -1314.8543
194000.0 -1322.4146
194200.0 -1312.8778
194400.0 -1320.8499
194600.0 -1333.9848
194800.0 -1317.4348
195000.0 -1313.8158
195200.0 -1352.0626
195400.0 -1327.5971
195600.0 -1325.4112
195800.0 -1349.6399
196000.0 -1350.4467
196200.0 -1334.6261
196400.0 -1326.787
196600.0 -1346.4347
196800.0 -1343.1092
197000.0 -1330.0476
197200.0 -1317.1327
197400.0 -1331.8042
197600.0 -1317.2594
197800.0 -1329.9219
198000.0 -1349.9964
198200.0 -1333.9037
198400.0 -1324.9669
198600.0 -1330.2309
198800.0 -1336.2471
199000.0 -1341.0921
199200.0 -1315.8581
199400.0 -1323.9589
199600.0 -1342.4468
199800.0 -1345.645
200000.0 -1365.001
