0.0 -10657.072
200.0 -9644.174
400.0 -8351.9103
600.0 -7831.2512
800.0 -7696.7248
1000.0 -7650.6709
1200.0 -7684.1841
1400.0 -7757.8599
1600.0 -7783.2618
1800.0 -7778.6971
2000.0 -7833.0457
2200.0 -7903.5962
2400.0 -7934.5879
2600.0 -7931.5018
2800.0 -7958.5024
3000.0 -7997.289
3200.0 -7994.4085
3400.0 -7988.4572
3600.0 -8007.7252
3800.0 -8025.6521
4000.0 -8048.5643
4200.0 -8059.8923
4400.0 -8031.3501
4600.0 -8030.7774
4800.0 -8013.6471
5000.0 -8025.5677
5200.0 -8030.8959
5400.0 -8055.0764
5600.0 -8087.1431
5800.0 -8082.9302
6000.0 -8055.5639
6200.0 -8060.2428
6400.0 -8056.8068
6600.0 -8042.7078
6800.0 -8049.3427
7000.0 -8051.5362
7200.0 -8098.4435
7400.0 -8098.704
7600.0 -8091.1933
7800.0 -8091.8813
8000.0 -8078.393
8200.0 -8051.2999
8400.0 -8051.8601
8600.0 -8094.3116
8800.0 -8080.8152
9000.0 -8080.0519
9200.0 -8103.045
9400.0 -8108.6741
9600.0 -8141.2983
9800.0 -8120.7164
10000.0 -8109.0824
10200.0 -8119.4185
10400.0 -8091.1797
10600.0 -8114.7287
10800.0 -8092.208
11000.0 -8085.3236
11200.0 -8095.7418
11400.0 -8116.7971
11600.0 -8133.5208
11800.0 -8112.6601
12000.0 -8101.3863
12200.0 -8048.67
12400.0 -8034.1729
12600.0 -8075.5318
12800.0 -8086.6312
13000.0 -8105.1617
13200.0 -8109.4178
13400.0 -8083.6058
13600.0 -8116.3372
13800.0 -8108.3329
14000.0 -8106.8381
14200.0 -8120.2528
14400.0 -8127.9342
14600.0 -8158.1017
14800.0 -8169.2827
15000.0 -8161.9122
15200.0 -8133.5011
15400.0 -8113.3084
15600.0 -8125.987
15800.0 -8119.783
16000.0 -8125.5832
16200.0 -8132.2475
16400.0 -8119.9823
16600.0 -8111.0678
16800.0 -8162.4387
17000.0 -8137.3818
17200.0 -8153.6812
17400.0 -8156.6185
17600.0 -8143.4693
17800.0 -8173.9503
18000.0 -8152.6042
18200.0 -8155.2311
18400.0 -8138.5162
18600.0 -8145.4425
18800.0 -8143.8686
19000.0 -8113.019
19200.0 -8084.1644
19400.0 -8106.2159
19600.0 -8099.9542
19800.0 -8117.3907
20000.0 -8166.1024
20200.0 -8165.8936
20400.0 -8198.0133
20600.0 -8199.4542
20800.0 -8182.4315
21000.0 -8176.1373
21200.0 -8151.9292
21400.0 -8131.6111
21600.0 -8139.7287
21800.0 -8175.0846
22000.0 -8215.9094
22200.0 -8146.7723
22400.0 -8138.3574
22600.0 -8142.5739
22800.0 -8165.8726
23000.0 -8180.2733
23200.0 -8180.9115
23400.0 -8173.3889
23600.0 -8166.0002
23800.0 -8167.0297
24000.0 -8162.9323
24200.0 -8176.2083
24400.0 -8171.9512
24600.0 -8156.6966
24800.0 -8141.4734
25000.0 -8155.8699
25200.0 -8196.7691
25400.0 -8177.3167
25600.0 -8173.3937
25800.0 -8140.1834
26000.0 -8144.1292
26200.0 -8144.0367
26400.0 -8167.4356
26600.0 -8174.8721
26800.0 -8163.5518
27000.0 -8160.465
27200.0 -8187.1237
27400.0 -8160.0028
27600.0 -8180.678
27800.0 -8173.5684
28000.0 -8149.3093
28200.0 -8147.5036
28400.0 -8133.2072
28600.0 -8158.546
28800.0 -8186.5444
29000.0 -8168.1844
29200.0 -8186.2341
29400.0 -8178.1097
29600.0 -8180.3367
29800.0 -8182.6167
30000.0 -8141.4773
30200.0 -8157.8118
30400.0 -8175.7927
30600.0 -8169.2479
30800.0 -8190.4142
31000.0 -8184.975
31200.0 -8171.508
31400.0 -8169.0599
31600.0 -8162.2377
31800.0 -8159.1641
32000.0 -8156.5911
32200.0 -8142.7228
32400.0 -8170.2592
32600.0 -8177.1609
32800.0 -8167.6144
33000.0 -8145.6962
33200.0 -8161.8478
33400.0 -8143.9534
33600.0 -8174.6611
33800.0 -8167.0299
34000.0 -8173.8958
34200.0 -8145.6744
34400.0 -8177.739
34600.0 -8179.2502
34800.0 -8134.7041
35000.0 -8168.3399
35200.0 -8194.2654
35400.0 -8191.8864
35600.0 -8165.3338
35800.0 -8156.7078
36000.0 -8173.6177
36200.0 -8205.3495
36400.0 -8208.3902
36600.0 -8158.3182
36800.0 -8106.3762
37000.0 -8143.758
37200.0 -8158.5674
37400.0 -8174.6582
37600.0 -8175.606
37800.0 -8155.5879
38000.0 -8174.9548
38200.0 -8171.4215
38400.0 -8157.0483
38600.0 -8193.9324
38800.0 -8230.7126
39000.0 -8193.0048
39200.0 -8178.5026
39400.0 -8165.6511
39600.0 -8156.9526
39800.0 -8174.5598
40000.0 -8176.8696
40200.0 -8164.2627
40400.0 -8163.1836
40600.0 -8162.9172
40800.0 -8172.2502
41000.0 -8169.9069
41200.0 -8189.6722
41400.0 -8170.9545
41600.0 -8155.8766
41800.0 -8163.6533
42000.0 -8150.7313
42200.0 -8155.6885
42400.0 -8179.5033
42600.0 -8147.6845
42800.0 -8159.678
43000.0 -8181.4554
43200.0 -8133.7113
43400.0 -8115.8048
43600.0 -8136.7977
43800.0 -8134.5828
44000.0 -8169.4095
44200.0 -8113.1739
44400.0 -8120.3619
44600.0 -8148.5418
44800.0 -8134.4377
45000.0 -8170.598
45200.0 -8158.2942
45400.0 -8126.9702
45600.0 -8113.5849
45800.0 -8131.9655
46000.0 -8170.4192
46200.0 -8146.2361
46400.0 -8156.7827
46600.0 -8153.2074
46800.0 -8169.1826
47000.0 -8158.0811
47200.0 -8156.3592
47400.0 -8142.8908
47600.0 -8140.3219
47800.0 -8147.3999
48000.0 -8153.4394
48200.0 -8117.4107
48400.0 -8121.1331
48600.0 -8162.2452
48800.0 -8161.6775
49000.0 -8142.6143
49200.0 -8164.0796
49400.0 -8181.0642
49600.0 -8168.3996
49800.0 -8156.9731
50000.0 -8175.3363
50200.0 -8181.4093
50400.0 -8178.1939
50600.0 -8173.0502
50800.0 -8145.2594
51000.0 -8167.3972
51200.0 -8171.5232
51400.0 -8183.3844
51600.0 -8197.8387
51800.0 -8171.6308
52000.0 -8193.7735
52200.0 -8178.0987
52400.0 -8144.6386
52600.0 -8144.8895
52800.0 -8132.4194
53000.0 -8127.9676
53200.0 -8149.71
53400.0 -8118.4662
53600.0 -8153.0855
53800.0 -8164.865
54000.0 -8138.1769
54200.0 -8171.2838
54400.0 -8168.2612
54600.0 -8152.5932
54800.0 -8184.8228
55000.0 -8203.1837
55200.0 -8173.9624
55400.0 -8171.9279
55600.0 -8153.8203
55800.0 -8147.8957
56000.0 -8143.0888
56200.0 -8141.7581
56400.0 -8155.0575
56600.0 -8162.9862
56800.0 -8151.9284
57000.0 -8164.4629
57200.0 -8160.1951
57400.0 -8157.6611
57600.0 -8162.3474
57800.0 -8152.9074
58000.0 -8146.8229
58200.0 -8148.2447
58400.0 -8147.8569
58600.0 -8152.247
58800.0 -8172.5529
59000.0 -8175.5156
59200.0 -8151.5554
59400.0 -8163.6652
59600.0 -8122.5185
59800.0 -8158.5772
60000.0 -8161.9275
60200.0 -8143.999
60400.0 -8150.9389
60600.0 -8162.6071
60800.0 -8149.9494
61000.0 -8120.4708
61200.0 -8125.327
61400.0 -8118.4885
61600.0 -8122.6765
61800.0 -8143.2561
62000.0 -8144.1133
62200.0 -8161.8953
62400.0 -8156.3923
62600.0 -8155.7176
62800.0 -8118.5062
63000.0 -8127.9905
63200.0 -8146.7928
63400.0 -8130.4739
63600.0 -8122.0034
63800.0 -8171.2817
64000.0 -8165.7648
64200.0 -8153.1462
64400.0 -8139.4545
64600.0 -8121.0502
64800.0 -8123.2054
65000.0 -8160.0908
65200.0 -8153.9719
65400.0 -8145.1127
65600.0 -8154.6946
65800.0 -8162.2715
66000.0 -8154.3974
66200.0 -8161.4059
66400.0 -8178.7733
66600.0 -8191.3672
66800.0 -8195.0873
67000.0 -8147.8898
67200.0 -8146.5134
67400.0 -8168.2423
67600.0 -8157.1841
67800.0 -8173.7342
68000.0 -8154.3601
68200.0 -8168.9335
68400.0 -8170.2869
68600.0 -8155.4241
68800.0 -8156.6148
69000.0 -8139.616
69200.0 -8137.7232
69400.0 -8154.5962
69600.0 -8145.0898
69800.0 -8132.7247
70000.0 -8122.1184
70200.0 -8142.4457
70400.0 -8115.3122
70600.0 -8143.3988
70800.0 -8127.9432
71000.0 -8124.6192
71200.0 -8159.7993
71400.0 -8163.8105
71600.0 -8182.4977
71800.0 -8175.7533
72000.0 -8171.9192
72200.0 -8154.1999
72400.0 -8130.4992
72600.0 -8171.5798
72800.0 -8174.1625
73000.0 -8168.4321
73200.0 -8171.566
73400.0 -8173.3405
73600.0 -8160.6382
73800.0 -8142.7914
74000.0 -8119.6746
74200.0 -8141.5797
74400.0 -8143.4702
74600.0 -8134.6711
74800.0 -8150.2412
75000.0 -8151.8538
75200.0 -8125.4395
75400.0 -8127.6463
75600.0 -8149.4803
75800.0 -8140.0734
76000.0 -8145.3571
76200.0 -8144.9443
76400.0 -8141.232
76600.0 -8151.0479
76800.0 -8156.6284
77000.0 -8147.3479
77200.0 -8162.7807
77400.0 -8143.5741
77600.0 -8145.0835
77800.0 -8175.9589
78000.0 -8143.3632
78200.0 -8121.9177
78400.0 -8147.3554
78600.0 -8140.5096
78800.0 -8163.8231
79000.0 -8147.5865
79200.0 -8165.5811
79400.0 -8166.4096
79600.0 -8192.6576
79800.0 -8200.7645
80000.0 -8167.0668
80200.0 -8150.0422
80400.0 -8158.1083
80600.0 -8163.2347
80800.0 -8153.9392
81000.0 -8158.0386
81200.0 -8153.4081
81400.0 -8145.5468
81600.0 -8147.0514
81800.0 -8147.7512
82000.0 -8151.1764
82200.0 -8164.4965
82400.0 -8207.6278
82600.0 -8201.3877
82800.0 -8156.1836
83000.0 -8155.1263
83200.0 -8156.7017
83400.0 -8160.2166
83600.0 -8184.099
83800.0 -8168.8863
84000.0 -8172.7907
84200.0 -8178.2115
84400.0 -8169.894
84600.0 -8175.6473
84800.0 -8155.4157
85000.0 -8166.6449
85200.0 -8176.1653
85400.0 -8167.9257
85600.0 -8168.7822
85800.0 -8165.4157
86000.0 -8185.098
86200.0 -8174.2787
86400.0 -8128.4272
86600.0 -8157.3548
86800.0 -8150.5737
87000.0 -8147.9999
87200.0 -8150.348
87400.0 -8165.7875
87600.0 -8171.5547
87800.0 -8147.4644
88000.0 -8164.5323
88200.0 -8167.3008
88400.0 -8176.3986
88600.0 -8164.0768
88800.0 -8164.5209
89000.0 -8160.4151
89200.0 -8184.448
89400.0 -8186.0776
89600.0 -8184.9111
89800.0 -8195.1176
90000.0 -8197.5672
90200.0 -8169.3233
90400.0 -8166.8798
90600.0 -8170.3046
90800.0 -8165.9459
91000.0 -8142.2718
91200.0 -8128.4812
91400.0 -8121.6682
91600.0 -8138.3327
91800.0 -8168.7131
92000.0 -8152.495
92200.0 -8161.6337
92400.0 -8115.5569
92600.0 -8116.916
92800.0 -8146.3489
93000.0 -8144.2546
93200.0 -8161.7856
93400.0 -8164.7047
93600.0 -8159.8248
93800.0 -8129.8268
94000.0 -8136.1972
94200.0 -8139.1578
94400.0 -8129.3789
94600.0 -8148.8215
94800.0 -8158.4611
95000.0 -8158.3818
95200.0 -8161.6747
95400.0 -8167.0401
95600.0 -8169.2076
95800.0 -8177.8702
96000.0 -8184.4361
96200.0 -8201.0191
96400.0 -8192.444
96600.0 -8157.0613
96800.0 -8128.799
97000.0 -8109.5971
97200.0 -8134.3417
97400.0 -8156.5076
97600.0 -8164.3673
97800.0 -8154.964
98000.0 -8138.0186
98200.0 -8127.3388
98400.0 -8147.1508
98600.0 -8151.4778
98800.0 -8144.9307
99000.0 -8153.7603
99200.0 -8178.0318
99400.0 -8171.1237
99600.0 -8168.337
99800.0 -8179.0675
100000.0 -8193.2162
100200.0 -8190.7248
100400.0 -8150.4229
100600.0 -8174.5777
100800.0 -8182.3326
101000.0 -8139.8575
101200.0 -8133.0695
101400.0 -8141.4647
101600.0 -8143.5077
101800.0 -8160.2037
102000.0 -8177.9664
102200.0 -8158.5995
102400.0 -8180.1409
102600.0 -8176.5562
102800.0 -8181.7622
103000.0 -8187.2886
103200.0 -8181.4424
103400.0 -8189.5368
103600.0 -8183.1739
103800.0 -8172.3949
104000.0 -8154.8535
104200.0 -8119.0993
104400.0 -8127.907
104600.0 -8138.1978
104800.0 -8136.2293
105000.0 -8158.9755
105200.0 -8169.8664
105400.0 -8182.5646
105600.0 -8151.1176
105800.0 -8153.4612
106000.0 -8176.5166
106200.0 -8174.4995
106400.0 -8171.0397
106600.0 -8146.1674
106800.0 -8134.4286
107000.0 -8134.1229
107200.0 -8151.6853
107400.0 -8172.0981
107600.0 -8188.0033
107800.0 -8181.6943
108000.0 -8210.8124
108200.0 -8222.5179
108400.0 -8195.3593
108600.0 -8184.5743
108800.0 -8137.2357
109000.0 -8162.6647
109200.0 -8154.114
109400.0 -8159.4154
109600.0 -8186.5221
109800.0 -8156.2436
110000.0 -8169.7276
110200.0 -8170.7423
110400.0 -8146.4751
110600.0 -8147.8088
110800.0 -8152.9877
111000.0 -8181.5963
111200.0 -8169.3364
111400.0 -8189.579
111600.0 -8189.3901
111800.0 -8191.8907
112000.0 -8163.712
112200.0 -8129.8356
112400.0 -8126.3504
112600.0 -8149.4486
112800.0 -8136.4712
113000.0 -8149.8218
113200.0 -8179.8358
113400.0 -8178.5
113600.0 -8198.9522
113800.0 -8178.9738
114000.0 -8194.5936
114200.0 -8181.0128
114400.0 -8184.4872
114600.0 -8157.1389
114800.0 -8168.9539
115000.0 -8157.8268
115200.0 -8158.2512
115400.0 -8156.0845
115600.0 -8176.4476
115800.0 -8200.4149
116000.0 -8174.8515
116200.0 -8182.2169
116400.0 -8179.491
116600.0 -8114.4817
116800.0 -8146.443
117000.0 -8150.6136
117200.0 -8175.1651
117400.0 -8152.5281
117600.0 -8166.6574
117800.0 -8187.8826
118000.0 -8178.7834
118200.0 -8188.9807
118400.0 -8164.9816
118600.0 -8175.2033
118800.0 -8141.8453
119000.0 -8136.1772
119200.0 -8138.7703
119400.0 -8127.4079
119600.0 -8125.6584
119800.0 -8144.8624
120000.0 -8137.378
120200.0 -8151.5218
120400.0 -8150.4586
120600.0 -8146.6266
120800.0 -8157.1703
121000.0 -8154.4005
121200.0 -8154.8921
121400.0 -8137.4068
121600.0 -8114.9375
121800.0 -8126.1053
122000.0 -8143.7123
122200.0 -8149.2447
122400.0 -8152.1729
122600.0 -8144.2269
122800.0 -8130.2649
123000.0 -8139.9286
123200.0 -8150.4639
123400.0 -8156.2384
123600.0 -8138.4097
123800.0 -8139.3409
124000.0 -8156.4695
124200.0 -8188.6228
124400.0 -8158.7909
124600.0 -8132.5684
124800.0 -8121.8329
125000.0 -8161.8116
125200.0 -8134.1668
125400.0 -8145.2809
125600.0 -8169.2064
125800.0 -8135.7344
126000.0 -8154.1256
126200.0 -8153.7341
126400.0 -8179.2622
126600.0 -8140.305
126800.0 -8127.6031
127000.0 -8160.5822
127200.0 -8153.1262
127400.0 -8178.8992
127600.0 -8158.7906
127800.0 -8157.9697
128000.0 -8177.9417
128200.0 -8163.4865
128400.0 -8135.0356
128600.0 -8129.3176
128800.0 -8116.9526
129000.0 -8126.3505
129200.0 -8162.296
129400.0 -8158.3715
129600.0 -8188.4966
129800.0 -8140.2913
130000.0 -8143.1241
130200.0 -8142.3911
130400.0 -8140.197
130600.0 -8146.6337
130800.0 -8148.8125
131000.0 -8164.3869
131200.0 -8193.9207
131400.0 -8168.2117
131600.0 -8141.2221
131800.0 -8171.8691
132000.0 -8181.1434
132200.0 -8162.7121
132400.0 -8117.7047
132600.0 -8112.987
132800.0 -8155.7491
133000.0 -8138.9123
133200.0 -8126.7695
133400.0 -8148.912
133600.0 -8132.4717
133800.0 -8149.949
134000.0 -8136.5652
134200.0 -8152.2418
134400.0 -8161.2673
134600.0 -8109.7849
134800.0 -8131.0215
135000.0 -8122.3878
135200.0 -8145.4858
135400.0 -8126.1019
135600.0 -8133.7123
135800.0 -8142.7491
136000.0 -8159.7127
136200.0 -8166.175
136400.0 -8171.762
136600.0 -8152.7974
136800.0 -8138.4863
137000.0 -8132.2811
137200.0 -8123.3339
137400.0 -8107.6379
137600.0 -8105.3163
137800.0 -8148.0021
138000.0 -8170.072
138200.0 -8173.988
138400.0 -8129.7288
138600.0 -8137.3845
138800.0 -8104.9256
139000.0 -8122.5634
139200.0 -8135.578
139400.0 -8163.5532
139600.0 -8151.3028
139800.0 -8167.5226
140000.0 -8153.8471
140200.0 -8161.6354
140400.0 -8131.1411
140600.0 -8139.8494
140800.0 -8120.9856
141000.0 -8142.6728
141200.0 -8177.3639
141400.0 -8199.4365
141600.0 -8181.5231
141800.0 -8184.6012
142000.0 -8184.809
142200.0 -8147.8595
142400.0 -8117.1709
142600.0 -8120.5502
142800.0 -8130.6145
143000.0 -8114.752
143200.0 -8125.0697
143400.0 -8126.6336
143600.0 -8151.6916
143800.0 -8156.9753
144000.0 -8178.3625
144200.0 -8140.4308
144400.0 -8177.4897
144600.0 -8184.1161
144800.0 -8155.2161
145000.0 -8161.1043
145200.0 -8163.1283
145400.0 -8151.9484
145600.0 -8129.5456
145800.0 -8146.6341
146000.0 -8155.5178
146200.0 -8151.4056
146400.0 -8183.4921
146600.0 -8138.0009
146800.0 -8144.7364
147000.0 -8132.2572
147200.0 -8129.57
147400.0 -8126.5319
147600.0 -8142.4499
147800.0 -8124.9341
148000.0 -8114.9694
148200.0 -8126.4878
148400.0 -8107.8794
148600.0 -8120.7752
148800.0 -8121.4837
149000.0 -8113.6235
149200.0 -8128.6446
149400.0 -8112.1886
149600.0 -8123.0844
149800.0 -8138.1026
150000.0 -8128.3885
150200.0 -8114.4191
150400.0 -8124.6639
150600.0 -8131.9741
150800.0 -8125.7738
151000.0 -8106.7258
151200.0 -8098.6286
151400.0 -8129.0463
151600.0 -8118.6767
151800.0 -8104.5526
152000.0 -8108.903
152200.0 -8113.9681
152400.0 -8123.3508
152600.0 -8111.7382
152800.0 -8123.1627
153000.0 -8118.0324
153200.0 -8118.2921
153400.0 -8131.43
153600.0 -8125.5903
153800.0 -8142.6181
154000.0 -8145.5675
154200.0 -8145.0285
154400.0 -8122.3887
154600.0 -8095.5189
154800.0 -8129.2846
155000.0 -8160.1777
155200.0 -8145.1512
155400.0 -8169.1525
155600.0 -8173.615
155800.0 -8171.8844
156000.0 -8154.4279
156200.0 -8149.5488
156400.0 -8137.4493
156600.0 -8149.0102
156800.0 -8131.5592
157000.0 -8144.7151
157200.0 -8147.728
157400.0 -8150.1568
157600.0 -8149.3477
157800.0 -8151.342
158000.0 -8173.6187
158200.0 -8139.5974
158400.0 -8152.3413
158600.0 -8131.5775
158800.0 -8164.1804
159000.0 -8156.5849
159200.0 -8154.2497
159400.0 -8150.52
159600.0 -8174.9069
159800.0 -8149.8582
160000.0 -8117.9112
160200.0 -8119.4579
160400.0 -8162.3563
160600.0 -8194.8156
160800.0 -8181.3112
161000.0 -8170.7949
161200.0 -8161.5686
161400.0 -8123.4838
161600.0 -8139.2084
161800.0 -8139.8948
162000.0 -8143.749
162200.0 -8186.765
162400.0 -8193.4859
162600.0 -8167.4423
162800.0 -8139.9471
163000.0 -8138.7097
163200.0 -8115.7652
163400.0 -8114.0946
163600.0 -8140.6114
163800.0 -8145.3232
164000.0 -8155.614
164200.0 -8168.1422
164400.0 -8173.833
164600.0 -8161.0444
164800.0 -8128.2593
165000.0 -8120.7327
165200.0 -8115.49
165400.0 -8115.3123
165600.0 -8135.3314
165800.0 -8137.4861
166000.0 -8153.9272
166200.0 -8156.7833
166400.0 -8150.6927
166600.0 -8138.9549
166800.0 -8151.2998
167000.0 -8144.7614
167200.0 -8152.5642
167400.0 -8129.7698
167600.0 -8134.3969
167800.0 -8162.9959
168000.0 -8168.3801
168200.0 -8153.3043
168400.0 -8143.4432
168600.0 -8135.1497
168800.0 -8138.8769
169000.0 -8155.2839
169200.0 -8154.0541
169400.0 -8154.6146
169600.0 -8176.5108
169800.0 -8132.4533
170000.0 -8175.6351
170200.0 -8169.0981
170400.0 -8169.8191
170600.0 -8201.1441
170800.0 -8199.1594
171000.0 -8176.5001
171200.0 -8131.0929
171400.0 -8123.4129
171600.0 -8121.9242
171800.0 -8146.2609
172000.0 -8140.1926
172200.0 -8151.0088
172400.0 -8144.2223
172600.0 -8144.199
172800.0 -8172.8345
173000.0 -8165.2246
173200.0 -8172.7971
173400.0 -8162.7391
173600.0 -8163.7774
173800.0 -8140.9375
174000.0 -8163.513
174200.0 -8180.8814
174400.0 -8179.0809
174600.0 -8175.2664
174800.0 -8130.3879
175000.0 -8124.6542
175200.0 -8134.4903
175400.0 -8177.1441
175600.0 -8154.3002
175800.0 -8169.4399
176000.0 -8182.2798
176200.0 -8181.2548
176400.0 -8170.2292
176600.0 -8162.2225
176800.0 -8150.9901
177000.0 -8146.3487
177200.0 -8119.4861
177400.0 -8141.8362
177600.0 -8156.3577
177800.0 -8176.5698
178000.0 -8212.7507
178200.0 -8160.3331
178400.0 -8137.1717
178600.0 -8141.1021
178800.0 -8134.5752
179000.0 -8107.6511
179200.0 -8158.7625
179400.0 -8192.2743
179600.0 -8177.2707
179800.0 -8186.5153
180000.0 -8157.325
180200.0 -8175.27
180400.0 -8157.5681
180600.0 -8137.5907
180800.0 -8204.7174
181000.0 -8179.2376
181200.0 -8155.0653
181400.0 -8165.5761
181600.0 -8178.159
181800.0 -8179.4421
182000.0 -8167.5894
182200.0 -8173.1408
182400.0 -8166.122
182600.0 -8165.3611
182800.0 -8173.9756
183000.0 -8206.0155
183200.0 -8152.8914
183400.0 -8151.8445
183600.0 -8124.3601
183800.0 -8123.3748
184000.0 -8125.6853
184200.0 -8117.6769
184400.0 -8130.973
184600.0 -8125.0951
184800.0 -8164.6823
185000.0 -8132.028
185200.0 -8137.2093
185400.0 -8174.2495
185600.0 -8154.2242
185800.0 -8177.1003
186000.0 -8169.9697
186200.0 -8183.9129
186400.0 -8182.1981
186600.0 -8155.8666
186800.0 -8143.6226
187000.0 -8145.1717
187200.0 -8150.3551
187400.0 -8205.525
187600.0 -8188.8047
187800.0 -8146.209
188000.0 -8174.6386
188200.0 -8155.7837
188400.0 -8189.9811
188600.0 -8154.8405
188800.0 -8168.1065
189000.0 -8179.5417
189200.0 -8187.3666
189400.0 -8207.0646
189600.0 -8155.9602
189800.0 -8181.3648
190000.0 -8160.6955
190200.0 -8186.5161
190400.0 -8207.6735
190600.0 -8159.5136
190800.0 -8160.1359
191000.0 -8116.3078
191200.0 -8127.5099
191400.0 -8151.886
191600.0 -8190.5616
191800.0 -8169.7852
192000.0 -8163.1646
192200.0 -8202.0394
192400.0 -8215.7581
192600.0 -8160.7875
192800.0 -8136.9023
193000.0 -8161.8179
193200.0 -8142.7594
193400.0 -8184.1533
193600.0 -8153.1442
193800.0 -8115.984
194000.0 -8115.6909
194200.0 -8151.4031
194400.0 -8169.1856
194600.0 -8160.6538
194800.0 -8129.358
195000.0 -8150.8537
195200.0 -8165.8566
195400.0 -8171.0072
195600.0 -8171.7553
195800.0 -8150.3697
196000.0 -8158.0117
196200.0 -8173.4314
196400.0 -8177.54
196600.0 -8193.8105
196800.0 -8161.7678
197000.0 -8189.2333
197200.0 -8193.5691
197400.0 -8159.7031
197600.0 -8125.0059
197800.0 -8158.2648
198000.0 -8123.3031
198200.0 -8168.1878
198400.0 -8180.5268
198600.0 -8143.1982
198800.0 -8129.9385
199000.0 -8142.3224
199200.0 -8165.9394
199400.0 -8180.0349
199600.0 -8188.476
199800.0 -8181.2386
200000.0 -8180.524
