0.0 -2746.7361
1000.0 -2468.851
2000.0 -2316.523
3000.0 -2231.3792
4000.0 -2180.3724
5000.0 -2150.731
6000.0 -2135.5483
7000.0 -2124.3769
8000.0 -2120.925
9000.0 -2116.3092
10000.0 -2105.9356
11000.0 -2107.4161
12000.0 -2109.8069
13000.0 -2104.8517
14000.0 -2110.8897
15000.0 -2109.7012
16000.0 -2107.4395
17000.0 -2112.0665
18000.0 -2114.6521
19000.0 -2114.8308
20000.0 -2108.605
21000.0 -2111.2645
22000.0 -2107.1167
23000.0 -2109.9733
24000.0 -2107.2114
25000.0 -2107.6595
26000.0 -2113.8383
27000.0 -2112.6732
28000.0 -2103.2572
29000.0 -2105.5165
30000.0 -2112.6216
31000.0 -2110.2965
32000.0 -2113.1729
33000.0 -2109.9845
34000.0 -2113.1607
35000.0 -2104.9259
36000.0 -2110.2566
37000.0 -2112.8869
38000.0 -2105.9999
39000.0 -2107.8121
40000.0 -2110.9777
41000.0 -2111.8719
42000.0 -2109.4768
43000.0 -2114.177
44000.0 -2106.4561
45000.0 -2113.4924
46000.0 -2107.3669
47000.0 -2109.0671
48000.0 -2107.2057
49000.0 -2104.8577
50000.0 -2103.0035
51000.0 -2109.19
52000.0 -2110.2861
53000.0 -2101.5926
54000.0 -2100.2735
55000.0 -2105.0385
56000.0 -2102.4057
57000.0 -2110.6437
58000.0 -2113.5114
59000.0 -2119.0152
60000.0 -2119.8194
61000.0 -2111.33
62000.0 -2103.5184
63000.0 -2101.5218
64000.0 -2099.6638
65000.0 -2099.7451
66000.0 -2108.5801
67000.0 -2109.9355
68000.0 -2110.2772
69000.0 -2108.447
70000.0 -2108.8974
71000.0 -2104.7131
72000.0 -2104.8465
73000.0 -2112.7404
74000.0 -2112.3841
75000.0 -2108.3501
76000.0 -2108.0921
77000.0 -2110.977
78000.0 -2105.2784
79000.0 -2118.3096
80000.0 -2119.138
81000.0 -2109.4688
82000.0 -2109.8042
83000.0 -2109.2376
84000.0 -2109.4945
85000.0 -2109.3671
86000.0 -2111.2196
87000.0 -2110.0684
88000.0 -2109.848
89000.0 -2111.1577
90000.0 -2115.0535
91000.0 -2106.3685
92000.0 -2106.0459
93000.0 -2111.238
94000.0 -2115.3688
95000.0 -2112.502
96000.0 -2106.2153
97000.0 -2100.3396
98000.0 -2100.5108
99000.0 -2107.6967
100000.0 -2107.5892
101000.0 -2108.9387
102000.0 -2110.7179
103000.0 -2107.7827
104000.0 -2105.2748
105000.0 -2108.4347
106000.0 -2109.9629
107000.0 -2115.0859
108000.0 -2110.7241
109000.0 -2113.2315
110000.0 -2110.156
111000.0 -2103.9247
112000.0 -2114.9466
113000.0 -2112.1943
114000.0 -2109.4706
115000.0 -2111.9748
116000.0 -2114.8703
117000.0 -2112.6948
118000.0 -2110.6026
119000.0 -2104.6405
120000.0 -2108.959
121000.0 -2101.6269
122000.0 -2107.5566
123000.0 -2103.125
124000.0 -2110.3571
125000.0 -2111.3474
126000.0 -2110.1861
127000.0 -2107.113
128000.0 -2105.6269
129000.0 -2105.4788
130000.0 -2109.7463
131000.0 -2108.2633
132000.0 -2110.2235
133000.0 -2101.7218
134000.0 -2104.6273
135000.0 -2111.3655
136000.0 -2106.31
137000.0 -2106.7289
138000.0 -2101.4904
139000.0 -2104.7955
140000.0 -2099.5642
141000.0 -2099.2951
142000.0 -2098.9255
143000.0 -2100.91
144000.0 -2104.4085
145000.0 -2108.9146
146000.0 -2106.5944
147000.0 -2106.8777
148000.0 -2110.5571
149000.0 -2108.5744
150000.0 -2107.6099
151000.0 -2101.0429
152000.0 -2102.9679
153000.0 -2102.2383
154000.0 -2100.5179
155000.0 -2102.5315
156000.0 -2105.0424
157000.0 -2101.979
158000.0 -2102.69
159000.0 -2098.7455
160000.0 -2105.0369
161000.0 -2106.7367
162000.0 -2105.8413
163000.0 -2103.9646
164000.0 -2103.3472
165000.0 -2102.4096
166000.0 -2114.0456
167000.0 -2114.3821
168000.0 -2109.4745
169000.0 -2108.423
170000.0 -2112.554
171000.0 -2110.5738
172000.0 -2108.5783
173000.0 -2108.5954
174000.0 -2109.225
175000.0 -2110.0957
176000.0 -2107.363
177000.0 -2108.5314
178000.0 -2112.6295
179000.0 -2113.5968
180000.0 -2110.8281
181000.0 -2110.2525
182000.0 -2108.1027
183000.0 -2109.8855
184000.0 -2106.174
185000.0 -2104.4156
186000.0 -2108.0529
187000.0 -2112.6066
188000.0 -2110.2881
189000.0 -2113.0554
190000.0 -2104.5863
191000.0 -2110.5255
192000.0 -2109.243
193000.0 -2109.4822
194000.0 -2113.0536
195000.0 -2108.9183
196000.0 -2110.8329
197000.0 -2112.7278
198000.0 -2111.1632
199000.0 -2102.8876
200000.0 -2102.325
