0.0 -1729.9217
1000.0 -1556.2527
2000.0 -1458.6773
3000.0 -1404.9225
4000.0 -1372.67
5000.0 -1356.8218
6000.0 -1346.7925
7000.0 -1339.6477
8000.0 -1330.7973
9000.0 -1333.5901
10000.0 -1331.8784
11000.0 -1331.8722
12000.0 -1330.6506
13000.0 -1330.3658
14000.0 -1329.5658
15000.0 -1329.5262
16000.0 -1324.4061
17000.0 -1325.3995
18000.0 -1324.9818
19000.0 -1329.4723
20000.0 -1329.0441
21000.0 -1331.2075
22000.0 -1333.4016
23000.0 -1332.8987
24000.0 -1333.9277
25000.0 -1327.3626
26000.0 -1321.6803
27000.0 -1322.475
28000.0 -1327.087
29000.0 -1325.1721
30000.0 -1329.1945
31000.0 -1325.6846
32000.0 -1325.4559
33000.0 -1330.8831
34000.0 -1331.5708
35000.0 -1328.4743
36000.0 -1332.8013
37000.0 -1332.5391
38000.0 -1332.6796
39000.0 -1331.7616
40000.0 -1325.8997
41000.0 -1325.1874
42000.0 -1327.9579
43000.0 -1323.4243
44000.0 -1322.685
45000.0 -1326.745
46000.0 -1325.1921
47000.0 -1327.0576
48000.0 -1327.9871
49000.0 -1324.1636
50000.0 -1327.9807
51000.0 -1328.27
52000.0 -1331.8526
53000.0 -1329.4618
54000.0 -1332.0693
55000.0 -1332.406
56000.0 -1326.6997
57000.0 -1332.072
58000.0 -1332.7768
59000.0 -1332.4199
60000.0 -1330.5757
61000.0 -1328.6161
62000.0 -1328.2279
63000.0 -1326.0549
64000.0 -1331.4352
65000.0 -1324.2162
66000.0 -1323.6509
67000.0 -1324.1206
68000.0 -1324.9435
69000.0 -1324.4672
70000.0 -1328.4674
71000.0 -1330.5262
72000.0 -1331.7173
73000.0 -1329.7109
74000.0 -1331.7682
75000.0 -1325.6584
76000.0 -1323.862
77000.0 -1323.579
78000.0 -1320.2734
79000.0 -1329.5064
80000.0 -1328.874
81000.0 -1331.3472
82000.0 -1332.148
83000.0 -1332.7868
84000.0 -1328.3918
85000.0 -1328.6555
86000.0 -1329.5123
87000.0 -1327.7638
88000.0 -1328.2933
89000.0 -1323.8524
90000.0 -1328.2222
91000.0 -1329.3554
92000.0 -1331.1998
93000.0 -1330.7586
94000.0 -1329.8401
95000.0 -1328.2879
96000.0 -1326.6931
97000.0 -1330.9317
98000.0 -1332.6469
99000.0 -1323.3747
100000.0 -1323.2089
101000.0 -1323.7633
102000.0 -1321.6274
103000.0 -1327.1949
104000.0 -1325.4008
105000.0 -1325.0129
106000.0 -1325.9067
107000.0 -1326.3304
108000.0 -1329.2999
109000.0 -1330.4756
110000.0 -1328.8059
111000.0 -1328.1569
112000.0 -1329.4618
113000.0 -1328.2767
114000.0 -1326.8737
115000.0 -1325.4605
116000.0 -1330.2127
117000.0 -1331.7977
118000.0 -1330.3693
119000.0 -1334.0146
120000.0 -1332.589
121000.0 -1328.259
122000.0 -1331.8561
123000.0 -1330.4743
124000.0 -1330.7712
125000.0 -1330.3704
126000.0 -1330.0559
127000.0 -1329.1989
128000.0 -1332.3055
129000.0 -1331.5909
130000.0 -1330.3208
131000.0 -1329.0253
132000.0 -1324.281
133000.0 -1328.0315
134000.0 -1330.4911
135000.0 -1324.666
136000.0 -1325.9039
137000.0 -1328.6601
138000.0 -1328.9088
139000.0 -1331.1265
140000.0 -1332.5619
141000.0 -1329.5464
142000.0 -1327.7239
143000.0 -1319.0123
144000.0 -1324.6315
145000.0 -1327.7077
146000.0 -1320.3339
147000.0 -1323.8084
148000.0 -1325.5271
149000.0 -1321.5527
150000.0 -1320.8962
151000.0 -1319.913
152000.0 -1322.5697
153000.0 -1322.4235
154000.0 -1322.0371
155000.0 -1324.3196
156000.0 -1324.271
157000.0 -1322.0121
158000.0 -1321.8588
159000.0 -1318.2853
160000.0 -1314.8175
161000.0 -1314.2221
162000.0 -1313.3487
163000.0 -1315.1069
164000.0 -1316.2814
165000.0 -1320.4053
166000.0 -1320.1454
167000.0 -1326.7176
168000.0 -1324.4822
169000.0 -1329.2958
170000.0 -1325.9504
171000.0 -1328.6883
172000.0 -1330.999
173000.0 -1329.6263
174000.0 -1330.8358
175000.0 -1329.3629
176000.0 -1330.578
177000.0 -1325.6117
178000.0 -1321.5622
179000.0 -1322.1548
180000.0 -1320.5182
181000.0 -1324.1007
182000.0 -1325.1466
183000.0 -1328.2025
184000.0 -1329.1242
185000.0 -1329.2198
186000.0 -1328.8008
187000.0 -1327.4137
188000.0 -1328.925
189000.0 -1331.2143
190000.0 -1331.7484
191000.0 -1329.9802
192000.0 -1326.7689
193000.0 -1322.472
194000.0 -1328.848
195000.0 -1324.9262
196000.0 -1326.9046
197000.0 -1330.7604
198000.0 -1330.854
199000.0 -1326.1419
200000.0 -1328.2561
