0.0 267.73636
20.0 104.04462
40.0 127.88598
60.0 130.91979
80.0 144.61544
100.0 161.99489
120.0 166.02021
140.0 168.11619
160.0 159.28916
180.0 178.40957
200.0 181.49529
220.0 191.72245
240.0 193.08725
260.0 198.73994
280.0 204.61506
300.0 219.32104
320.0 219.24451
340.0 234.15047
360.0 225.91564
380.0 237.80577
400.0 243.29333
420.0 255.99515
440.0 259.4143
460.0 260.87752
480.0 274.06203
500.0 267.16919
520.0 275.68005
540.0 281.32802
560.0 277.29864
580.0 280.20071
600.0 286.06813
620.0 281.0331
640.0 287.87755
660.0 283.39769
680.0 284.96093
700.0 280.81235
720.0 290.86362
740.0 278.83013
760.0 258.82107
780.0 276.65232
800.0 273.51139
820.0 273.359
840.0 264.50367
860.0 246.0292
880.0 256.36425
900.0 247.30584
920.0 255.73308
940.0 249.49132
960.0 259.88219
980.0 253.1292
1000.0 266.86236
1020.0 259.53226
1040.0 260.79475
1060.0 264.51594
1080.0 265.89336
1100.0 268.37313
1120.0 246.70036
1140.0 275.71417
1160.0 274.52532
1180.0 280.47627
1200.0 275.66151
1220.0 277.67256
1240.0 284.02898
1260.0 275.73719
1280.0 277.58479
1300.0 277.25158
1320.0 280.35201
1340.0 280.74434
1360.0 268.16696
1380.0 274.87174
1400.0 254.39436
1420.0 263.11089
1440.0 252.37757
1460.0 255.46101
1480.0 269.68586
1500.0 267.92908
1520.0 251.71199
1540.0 257.92726
1560.0 262.4727
1580.0 265.40803
1600.0 260.25644
1620.0 262.22342
1640.0 264.05381
1660.0 267.80759
1680.0 265.88959
1700.0 263.10142
1720.0 273.54551
1740.0 265.83469
1760.0 271.84516
1780.0 273.54514
1800.0 269.0965
1820.0 273.47353
1840.0 268.55503
1860.0 278.57217
1880.0 284.69517
1900.0 258.98956
1920.0 274.83293
1940.0 266.30283
1960.0 267.12309
1980.0 274.81568
2000.0 266.57771
2020.0 271.52093
2040.0 264.21273
2060.0 266.85114
2080.0 269.70529
2100.0 257.09767
2120.0 264.13786
2140.0 259.74998
2160.0 252.46727
2180.0 256.05127
2200.0 265.03415
2220.0 259.04092
2240.0 260.11428
2260.0 260.51631
2280.0 263.1919
2300.0 280.29825
2320.0 271.70983
2340.0 262.87989
2360.0 274.3525
2380.0 284.3708
2400.0 270.88855
2420.0 270.54641
2440.0 270.61797
2460.0 268.07651
2480.0 273.92679
2500.0 271.68847
2520.0 263.13511
2540.0 279.39147
2560.0 261.92605
2580.0 257.67496
2600.0 266.61419
2620.0 253.15463
2640.0 262.83383
2660.0 251.71562
2680.0 257.32468
2700.0 265.99713
2720.0 257.53778
2740.0 244.16206
2760.0 247.15169
2780.0 252.78384
2800.0 251.46614
2820.0 261.25583
2840.0 259.88501
2860.0 252.25904
2880.0 260.80331
2900.0 253.53954
2920.0 266.38688
2940.0 267.12669
2960.0 256.11706
2980.0 269.54828
3000.0 263.07961
3020.0 280.76034
3040.0 262.60064
3060.0 270.73028
3080.0 269.63215
3100.0 272.58473
3120.0 278.82694
3140.0 272.38576
3160.0 280.56599
3180.0 273.30367
3200.0 274.61145
3220.0 270.96644
3240.0 267.84551
3260.0 264.79039
3280.0 268.72413
3300.0 273.08127
3320.0 250.23388
3340.0 260.47867
3360.0 261.48886
3380.0 248.9982
3400.0 266.31735
3420.0 250.02739
3440.0 247.66748
3460.0 270.08447
3480.0 248.70415
3500.0 265.53094
3520.0 260.57649
3540.0 264.42919
3560.0 281.46875
3580.0 264.15159
3600.0 268.91958
3620.0 268.61283
3640.0 269.87506
3660.0 278.81073
3680.0 270.46994
3700.0 274.74962
3720.0 257.5462
3740.0 271.53746
3760.0 268.98128
3780.0 272.02379
3800.0 261.29654
3820.0 259.99384
3840.0 261.29886
3860.0 267.82062
3880.0 256.5414
3900.0 260.88611
3920.0 255.8171
3940.0 267.52086
3960.0 268.34185
3980.0 260.22686
4000.0 256.57833
4020.0 254.91267
4040.0 260.73137
4060.0 249.95956
4080.0 256.8703
4100.0 248.11528
4120.0 268.75853
4140.0 261.04016
4160.0 274.19549
4180.0 267.93272
4200.0 258.77887
4220.0 280.71801
4240.0 266.6902
4260.0 273.85304
4280.0 269.23709
4300.0 263.11879
4320.0 266.26514
4340.0 286.08251
4360.0 273.58114
4380.0 267.03462
4400.0 271.83107
4420.0 270.50384
4440.0 272.20353
4460.0 268.41135
4480.0 264.90254
4500.0 267.69653
4520.0 265.58921
4540.0 259.92169
4560.0 257.84166
4580.0 261.76372
4600.0 262.56538
4620.0 240.78725
4640.0 261.12652
4660.0 246.90085
4680.0 252.28923
4700.0 263.45396
4720.0 247.50074
4740.0 258.47029
4760.0 248.71375
4780.0 249.72136
4800.0 258.6461
4820.0 254.17502
4840.0 258.23319
4860.0 265.92913
4880.0 255.97522
4900.0 264.30183
4920.0 279.12253
4940.0 266.13576
4960.0 266.28151
4980.0 269.66968
5000.0 267.07506
5020.0 263.67008
5040.0 265.5689
5060.0 268.80521
5080.0 263.84965
5100.0 282.40719
5120.0 283.49151
5140.0 280.3892
5160.0 274.4163
5180.0 280.61934
5200.0 266.55283
5220.0 267.93735
5240.0 264.70249
5260.0 253.95256
5280.0 254.62568
5300.0 263.23546
5320.0 269.84851
5340.0 252.68682
5360.0 260.39451
5380.0 263.0958
5400.0 263.06434
5420.0 261.88097
5440.0 260.30616
5460.0 266.24475
5480.0 259.3745
5500.0 261.20967
5520.0 264.78441
5540.0 256.55217
5560.0 266.75262
5580.0 279.38671
5600.0 271.93193
5620.0 284.04843
5640.0 288.25781
5660.0 277.70926
5680.0 268.7925
5700.0 277.91242
5720.0 263.26577
5740.0 266.77944
5760.0 283.36027
5780.0 261.19842
5800.0 265.95833
5820.0 271.12021
5840.0 256.70061
5860.0 261.0727
5880.0 271.16994
5900.0 258.64305
5920.0 267.09205
5940.0 260.82895
5960.0 255.81869
5980.0 258.43144
6000.0 259.30093
6020.0 260.28206
6040.0 264.55005
6060.0 265.39832
6080.0 274.12041
6100.0 279.82503
6120.0 280.50592
6140.0 283.75829
6160.0 269.21038
6180.0 289.32744
6200.0 280.12507
6220.0 271.15562
6240.0 267.89952
6260.0 259.90869
6280.0 278.37444
6300.0 273.75624
6320.0 270.55936
6340.0 263.57258
6360.0 269.35232
6380.0 270.62776
6400.0 265.28924
6420.0 262.15516
6440.0 258.66569
6460.0 257.08367
6480.0 269.53008
6500.0 261.55688
6520.0 267.48494
6540.0 254.72202
6560.0 259.91541
6580.0 265.40174
6600.0 285.4471
6620.0 280.36092
6640.0 277.36431
6660.0 280.77983
6680.0 296.29259
6700.0 285.95355
6720.0 275.0849
6740.0 289.18044
6760.0 262.38091
6780.0 281.68123
6800.0 286.23457
6820.0 280.49764
6840.0 279.22561
6860.0 274.57068
6880.0 275.9429
6900.0 259.979
6920.0 277.78688
6940.0 270.44371
6960.0 268.60731
6980.0 257.11641
7000.0 262.6686
7020.0 265.52175
7040.0 270.47769
7060.0 266.52624
7080.0 265.38201
7100.0 272.62827
7120.0 257.86767
7140.0 265.70307
7160.0 268.29713
7180.0 261.35599
7200.0 269.06565
7220.0 269.41311
7240.0 268.23532
7260.0 259.19964
7280.0 245.92283
7300.0 263.33978
7320.0 258.12335
7340.0 247.55268
7360.0 257.59984
7380.0 257.8179
7400.0 260.44928
7420.0 263.11761
7440.0 272.65457
7460.0 275.12591
7480.0 273.01618
7500.0 273.50831
7520.0 262.58141
7540.0 284.75447
7560.0 279.12597
7580.0 277.68379
7600.0 275.31112
7620.0 267.11111
7640.0 273.68191
7660.0 270.60026
7680.0 280.42188
7700.0 262.49612
7720.0 272.22503
7740.0 254.65429
7760.0 262.65478
7780.0 259.85583
7800.0 247.94532
7820.0 253.5738
7840.0 244.25209
7860.0 258.71479
7880.0 261.92688
7900.0 260.93882
7920.0 261.41384
7940.0 252.07436
7960.0 253.29935
7980.0 261.93878
8000.0 258.85925
8020.0 265.70355
8040.0 279.21785
8060.0 272.8017
8080.0 260.57284
8100.0 280.41066
8120.0 276.24401
8140.0 275.4732
8160.0 276.20943
8180.0 275.4385
8200.0 284.36931
8220.0 278.74821
8240.0 267.44652
8260.0 274.43345
8280.0 262.28853
8300.0 272.59831
8320.0 277.65036
8340.0 255.44841
8360.0 260.17573
8380.0 262.44253
8400.0 268.6427
8420.0 262.66365
8440.0 262.32235
8460.0 265.43733
8480.0 266.72205
8500.0 251.45529
8520.0 257.16093
8540.0 261.54683
8560.0 271.02224
8580.0 266.92991
8600.0 276.38325
8620.0 281.20929
8640.0 268.92947
8660.0 288.98209
8680.0 274.55286
8700.0 286.16174
8720.0 269.66832
8740.0 285.40113
8760.0 266.68601
8780.0 269.11027
8800.0 286.49047
8820.0 273.2682
8840.0 278.64201
8860.0 274.28681
8880.0 264.37256
8900.0 268.99294
8920.0 268.57295
8940.0 266.80883
8960.0 267.88096
8980.0 271.58046
9000.0 263.68733
9020.0 251.69553
9040.0 252.64629
9060.0 265.49213
9080.0 262.16181
9100.0 265.71691
9120.0 262.52856
9140.0 270.06769
9160.0 281.26605
9180.0 272.95787
9200.0 259.31177
9220.0 252.59985
9240.0 270.86358
9260.0 276.23566
9280.0 273.04957
9300.0 268.19179
9320.0 275.12155
9340.0 263.00399
9360.0 259.8378
9380.0 277.99821
9400.0 254.9468
9420.0 259.99783
9440.0 270.29736
9460.0 291.52488
9480.0 268.16156
9500.0 258.73051
9520.0 280.62111
9540.0 270.8588
9560.0 268.03812
9580.0 265.33264
9600.0 260.59289
9620.0 284.79985
9640.0 275.9377
9660.0 263.85497
9680.0 257.39311
9700.0 255.31573
9720.0 259.59282
9740.0 255.6987
9760.0 239.35295
9780.0 245.55728
9800.0 253.87655
9820.0 258.60752
9840.0 262.99129
9860.0 249.90769
9880.0 262.82621
9900.0 262.52173
9920.0 260.00188
9940.0 266.59424
9960.0 267.24949
9980.0 267.86216
10000.0 265.10086
10020.0 262.87901
10040.0 267.49138
10060.0 262.77706
10080.0 269.87233
10100.0 271.42907
10120.0 274.76999
10140.0 280.19284
10160.0 275.63835
10180.0 278.10467
10200.0 260.18598
10220.0 273.78594
10240.0 261.6619
10260.0 263.98984
10280.0 265.4462
10300.0 257.81596
10320.0 264.57759
10340.0 252.69255
10360.0 259.76178
10380.0 265.61663
10400.0 253.88334
10420.0 251.99998
10440.0 251.89806
10460.0 258.93107
10480.0 245.8423
10500.0 257.48654
10520.0 266.55214
10540.0 259.79172
10560.0 268.6261
10580.0 264.2548
10600.0 271.16897
10620.0 287.52051
10640.0 257.59188
10660.0 266.95279
10680.0 260.06059
10700.0 268.89547
10720.0 274.43732
10740.0 277.00566
10760.0 248.56393
10780.0 268.46754
10800.0 259.49561
10820.0 264.38379
10840.0 280.96035
10860.0 270.69854
10880.0 272.08009
10900.0 267.41448
10920.0 283.70956
10940.0 280.72138
10960.0 266.66247
10980.0 283.05903
11000.0 268.05985
11020.0 274.95286
11040.0 272.87424
11060.0 272.60913
11080.0 273.68712
11100.0 269.35295
11120.0 272.09548
11140.0 266.93135
11160.0 272.16466
11180.0 255.47352
11200.0 249.27892
11220.0 261.98825
11240.0 256.09171
11260.0 265.3276
11280.0 251.66721
11300.0 252.67357
11320.0 248.35297
11340.0 262.68372
11360.0 275.33841
11380.0 266.79127
11400.0 271.79957
11420.0 264.30457
11440.0 278.55805
11460.0 270.94486
11480.0 273.68174
11500.0 269.19902
11520.0 269.91782
11540.0 273.18941
11560.0 274.86691
11580.0 262.93958
11600.0 270.52675
11620.0 275.0725
11640.0 266.78016
11660.0 269.77047
11680.0 272.62303
11700.0 264.31089
11720.0 260.28693
11740.0 274.37852
11760.0 272.21086
11780.0 253.49654
11800.0 264.29262
11820.0 248.88077
11840.0 258.98667
11860.0 262.37239
11880.0 252.4689
11900.0 252.68071
11920.0 251.60697
11940.0 237.61465
11960.0 247.31652
11980.0 248.54399
12000.0 259.36167
12020.0 250.92198
12040.0 258.62452
12060.0 256.18638
12080.0 264.98368
12100.0 261.09708
12120.0 256.31758
12140.0 267.89508
12160.0 270.62509
12180.0 265.7607
12200.0 269.16677
12220.0 268.95122
12240.0 284.43287
12260.0 267.6719
12280.0 283.01194
12300.0 281.02292
12320.0 269.25611
12340.0 277.10689
12360.0 268.53234
12380.0 268.48882
12400.0 259.54594
12420.0 274.19039
12440.0 260.07256
12460.0 254.7248
12480.0 248.29597
12500.0 269.57103
12520.0 251.51108
12540.0 252.03118
12560.0 255.15749
12580.0 255.61976
12600.0 270.94176
12620.0 252.4655
12640.0 271.43256
12660.0 265.86648
12680.0 284.62008
12700.0 281.41407
12720.0 278.35808
12740.0 274.55725
12760.0 279.11273
12780.0 268.14266
12800.0 276.8366
12820.0 270.94158
12840.0 270.56505
12860.0 272.73225
12880.0 276.43974
12900.0 261.01097
12920.0 268.02924
12940.0 253.11355
12960.0 251.42748
12980.0 267.14668
13000.0 270.07516
13020.0 265.08614
13040.0 257.87168
13060.0 266.90061
13080.0 262.8749
13100.0 256.50899
13120.0 267.00808
13140.0 280.28826
13160.0 272.80933
13180.0 268.21062
13200.0 265.96528
13220.0 290.95743
13240.0 282.76299
13260.0 288.17123
13280.0 290.50958
13300.0 277.26733
13320.0 294.9818
13340.0 270.39148
13360.0 268.47901
13380.0 256.07645
13400.0 259.53199
13420.0 267.18793
13440.0 259.9165
13460.0 268.31639
13480.0 261.66942
13500.0 262.25429
13520.0 265.44149
13540.0 262.60988
13560.0 263.59412
13580.0 275.21194
13600.0 271.89368
13620.0 269.35777
13640.0 270.49112
13660.0 273.69009
13680.0 262.21369
13700.0 279.9536
13720.0 252.62865
13740.0 270.72172
13760.0 269.3907
13780.0 284.50214
13800.0 275.63452
13820.0 281.68067
13840.0 290.17969
13860.0 290.28449
13880.0 279.38857
13900.0 286.92472
13920.0 284.86589
13940.0 270.57154
13960.0 261.36592
13980.0 286.53262
14000.0 270.66011
14020.0 263.92301
14040.0 271.05921
14060.0 278.50524
14080.0 279.51578
14100.0 258.75878
14120.0 261.09217
14140.0 271.49017
14160.0 265.66204
14180.0 258.19705
14200.0 264.15707
14220.0 268.19933
14240.0 261.78685
14260.0 251.51341
14280.0 273.36887
14300.0 255.87595
14320.0 267.83186
14340.0 266.44206
14360.0 271.22189
14380.0 256.18334
14400.0 275.26603
14420.0 279.18616
14440.0 285.40209
14460.0 288.27803
14480.0 282.05573
14500.0 285.59768
14520.0 271.86653
14540.0 281.19675
14560.0 275.72914
14580.0 276.27529
14600.0 279.79431
14620.0 269.22534
14640.0 266.9988
14660.0 264.71141
14680.0 271.88064
14700.0 268.36012
14720.0 273.91196
14740.0 254.37681
14760.0 270.57633
14780.0 271.51042
14800.0 257.99267
14820.0 276.48624
14840.0 265.58293
14860.0 260.38347
14880.0 278.54794
14900.0 256.27543
14920.0 272.37335
14940.0 257.70476
14960.0 284.35581
14980.0 270.389
15000.0 261.19698
15020.0 260.23571
15040.0 264.98302
15060.0 271.97218
15080.0 284.37349
15100.0 273.41682
15120.0 266.04288
15140.0 274.20311
15160.0 276.04163
15180.0 268.29311
15200.0 268.45939
15220.0 282.21685
15240.0 280.97875
15260.0 279.92639
15280.0 278.32895
15300.0 293.53121
15320.0 271.2231
15340.0 266.43791
15360.0 270.69729
15380.0 251.22026
15400.0 257.26376
15420.0 253.66217
15440.0 265.4507
15460.0 263.63526
15480.0 260.49635
15500.0 270.48121
15520.0 269.80171
15540.0 269.62718
15560.0 269.4966
15580.0 262.9635
15600.0 263.69899
15620.0 260.28475
15640.0 263.59156
15660.0 263.4143
15680.0 268.47413
15700.0 283.20165
15720.0 278.02973
15740.0 284.2316
15760.0 276.39844
15780.0 287.36067
15800.0 290.70665
15820.0 282.42416
15840.0 282.51471
15860.0 262.18482
15880.0 264.93092
15900.0 274.72912
15920.0 261.91882
15940.0 262.55667
15960.0 264.19404
15980.0 256.64416
16000.0 259.88035
16020.0 268.19111
16040.0 254.57314
16060.0 262.35268
16080.0 269.55416
16100.0 268.38101
16120.0 254.81866
16140.0 286.68224
16160.0 280.28345
16180.0 267.82768
16200.0 279.85398
16220.0 269.91176
16240.0 277.21918
16260.0 275.09795
16280.0 265.85005
16300.0 272.71112
16320.0 266.13916
16340.0 284.3073
16360.0 248.8259
16380.0 261.16696
16400.0 254.96906
16420.0 250.777
16440.0 251.99416
16460.0 246.22333
16480.0 271.14378
16500.0 257.73316
16520.0 260.53207
16540.0 254.2973
16560.0 263.98615
16580.0 262.32627
16600.0 267.07148
16620.0 263.54836
16640.0 278.89828
16660.0 268.43252
16680.0 274.03914
16700.0 273.81098
16720.0 262.76701
16740.0 270.97512
16760.0 274.26328
16780.0 282.51418
16800.0 266.50759
16820.0 268.66792
16840.0 271.72441
16860.0 260.85756
16880.0 260.8256
16900.0 273.06373
16920.0 264.82444
16940.0 260.76327
16960.0 262.75675
16980.0 262.44269
17000.0 280.67047
17020.0 268.66141
17040.0 260.08013
17060.0 261.53334
17080.0 255.88042
17100.0 257.51557
17120.0 250.96608
17140.0 256.52614
17160.0 246.89731
17180.0 250.12907
17200.0 255.27161
17220.0 254.91087
17240.0 250.70713
17260.0 259.67154
17280.0 267.21225
17300.0 268.34866
17320.0 261.88884
17340.0 273.80328
17360.0 276.54062
17380.0 260.99041
17400.0 275.38635
17420.0 272.4279
17440.0 276.3536
17460.0 261.20412
17480.0 271.27048
17500.0 272.52617
17520.0 259.52178
17540.0 265.64335
17560.0 265.28163
17580.0 269.82964
17600.0 270.51921
17620.0 243.41302
17640.0 267.73044
17660.0 258.71763
17680.0 266.56702
17700.0 262.63684
17720.0 261.07333
17740.0 262.21794
17760.0 268.41061
17780.0 244.54333
17800.0 275.0514
17820.0 260.79922
17840.0 259.72468
17860.0 257.24723
17880.0 260.71855
17900.0 257.73469
17920.0 259.7421
17940.0 280.17981
17960.0 274.69709
17980.0 271.42619
18000.0 272.62247
18020.0 268.10829
18040.0 282.13006
18060.0 271.02475
18080.0 273.59138
18100.0 271.67748
18120.0 276.71625
18140.0 281.44848
18160.0 281.63051
18180.0 264.73066
18200.0 260.72339
18220.0 268.13438
18240.0 257.62041
18260.0 264.13623
18280.0 265.10625
18300.0 252.34656
18320.0 254.89693
18340.0 252.51295
18360.0 262.29101
18380.0 263.47529
18400.0 252.50046
18420.0 264.56057
18440.0 257.9763
18460.0 262.60676
18480.0 269.12333
18500.0 264.81051
18520.0 270.61523
18540.0 271.13363
18560.0 267.57746
18580.0 265.42231
18600.0 263.46746
18620.0 269.79337
18640.0 266.60081
18660.0 278.98008
18680.0 270.88586
18700.0 278.90628
18720.0 284.09761
18740.0 268.61798
18760.0 273.72737
18780.0 276.16153
18800.0 265.25447
18820.0 269.23115
18840.0 246.24338
18860.0 243.80497
18880.0 255.45759
18900.0 242.92602
18920.0 252.32644
18940.0 257.41154
18960.0 259.49129
18980.0 254.51137
19000.0 272.35475
19020.0 268.03365
19040.0 269.57361
19060.0 260.34776
19080.0 251.98785
19100.0 262.47856
19120.0 260.47612
19140.0 272.74229
19160.0 273.95452
19180.0 269.51976
19200.0 272.28285
19220.0 270.93764
19240.0 273.12305
19260.0 261.30161
19280.0 279.77676
19300.0 271.83741
19320.0 258.64208
19340.0 266.77264
19360.0 280.216
19380.0 277.02561
19400.0 268.24167
19420.0 267.3333
19440.0 256.21227
19460.0 255.36634
19480.0 255.61971
19500.0 264.9856
19520.0 259.94703
19540.0 256.97004
19560.0 250.39871
19580.0 256.54984
19600.0 255.40826
19620.0 256.1541
19640.0 265.73814
19660.0 253.05405
19680.0 259.44513
19700.0 261.63682
19720.0 268.54157
19740.0 274.95081
19760.0 264.21365
19780.0 274.50891
19800.0 279.50561
19820.0 273.08864
19840.0 272.42842
19860.0 273.90585
19880.0 262.79932
19900.0 266.29248
19920.0 258.47638
19940.0 254.12326
19960.0 281.87145
19980.0 270.31412
20000.0 264.37716
