0.0 463.03903
20.0 416.29163
40.0 461.23899
60.0 461.82088
80.0 479.003
100.0 448.81753
120.0 444.81078
140.0 479.14494
160.0 459.91691
180.0 459.84697
200.0 463.26052
220.0 449.11647
240.0 474.7617
260.0 463.38461
280.0 483.95134
300.0 439.57221
320.0 452.72206
340.0 466.46647
360.0 431.69007
380.0 457.14826
400.0 475.2851
420.0 467.23703
440.0 454.94191
460.0 475.59879
480.0 482.23375
500.0 461.29171
520.0 477.80274
540.0 454.66953
560.0 446.17645
580.0 442.01024
600.0 461.10379
620.0 453.66168
640.0 460.39837
660.0 467.58183
680.0 446.35934
700.0 460.09389
720.0 473.55124
740.0 462.5954
760.0 482.38162
780.0 444.56456
800.0 477.66214
820.0 465.39803
840.0 446.22403
860.0 442.71106
880.0 473.96207
900.0 481.81447
920.0 438.82784
940.0 455.13488
960.0 466.75231
980.0 461.17202
1000.0 465.61979
1020.0 461.43783
1040.0 455.83978
1060.0 467.87076
1080.0 455.83471
1100.0 460.47733
1120.0 472.16047
1140.0 460.43135
1160.0 470.4413
1180.0 473.29684
1200.0 455.56964
1220.0 439.97483
1240.0 471.99025
1260.0 484.84784
1280.0 476.08698
1300.0 449.60777
1320.0 466.44861
1340.0 474.79356
1360.0 447.02828
1380.0 466.06561
1400.0 486.23446
1420.0 473.14796
1440.0 448.01455
1460.0 458.11604
1480.0 461.24084
1500.0 458.15668
1520.0 448.61329
1540.0 456.93946
1560.0 437.46147
1580.0 441.14425
1600.0 465.58325
1620.0 461.70749
1640.0 455.11217
1660.0 461.91797
1680.0 449.60837
1700.0 447.58933
1720.0 449.47091
1740.0 454.83702
1760.0 442.64252
1780.0 488.99896
1800.0 470.93011
1820.0 480.89015
1840.0 458.8851
1860.0 434.19067
1880.0 452.63156
1900.0 455.80212
1920.0 466.29631
1940.0 465.05612
1960.0 438.5873
1980.0 472.63394
2000.0 448.20767
2020.0 449.47685
2040.0 444.57665
2060.0 451.34959
2080.0 441.97139
2100.0 440.05624
2120.0 485.99072
2140.0 469.9796
2160.0 483.82062
2180.0 460.06287
2200.0 468.08128
2220.0 454.73703
2240.0 460.63562
2260.0 448.92623
2280.0 462.41388
2300.0 455.45346
2320.0 464.70838
2340.0 472.24424
2360.0 464.77963
2380.0 457.43573
2400.0 481.32998
2420.0 469.44891
2440.0 462.63742
2460.0 473.98641
2480.0 455.11103
2500.0 459.66298
2520.0 460.63914
2540.0 463.94095
2560.0 477.97144
2580.0 458.00481
2600.0 425.38474
2620.0 460.76787
2640.0 441.30856
2660.0 452.06933
2680.0 444.11829
2700.0 474.26921
2720.0 461.41453
2740.0 468.56471
2760.0 463.62656
2780.0 468.54228
2800.0 463.6124
2820.0 457.91381
2840.0 469.33544
2860.0 473.61437
2880.0 470.04195
2900.0 447.68679
2920.0 453.45282
2940.0 462.3185
2960.0 447.82716
2980.0 469.01732
3000.0 477.15672
3020.0 440.75183
3040.0 446.79419
3060.0 452.30997
3080.0 445.08866
3100.0 449.80825
3120.0 474.8188
3140.0 482.255
3160.0 478.43345
3180.0 458.16193
3200.0 453.31844
3220.0 457.72084
3240.0 457.14778
3260.0 439.96391
3280.0 452.75427
3300.0 500.17633
3320.0 456.69806
3340.0 463.97834
3360.0 465.41691
3380.0 436.99937
3400.0 463.97814
3420.0 465.03436
3440.0 469.89143
3460.0 463.28239
3480.0 466.17391
3500.0 454.27479
3520.0 457.88768
3540.0 453.60201
3560.0 476.08464
3580.0 449.04071
3600.0 455.94657
3620.0 451.7522
3640.0 481.50912
3660.0 460.97071
3680.0 461.88303
3700.0 448.82593
3720.0 442.9029
3740.0 457.85805
3760.0 489.88668
3780.0 441.09749
3800.0 446.9764
3820.0 469.64006
3840.0 452.82112
3860.0 456.73108
3880.0 464.39769
3900.0 454.60778
3920.0 450.09966
3940.0 461.30225
3960.0 466.99957
3980.0 483.8106
4000.0 445.75473
4020.0 439.20319
4040.0 456.78039
4060.0 462.74374
4080.0 466.37777
4100.0 436.82479
4120.0 467.35822
4140.0 455.21283
4160.0 460.10748
4180.0 448.39272
4200.0 462.09063
4220.0 453.20809
4240.0 462.50765
4260.0 486.43371
4280.0 474.26551
4300.0 456.54454
4320.0 450.41161
4340.0 487.66345
4360.0 467.75236
4380.0 447.84458
4400.0 457.40748
4420.0 480.19616
4440.0 463.51398
4460.0 458.59818
4480.0 433.26642
4500.0 459.69515
4520.0 449.65994
4540.0 465.14097
4560.0 466.92266
4580.0 469.21005
4600.0 454.39309
4620.0 448.48944
4640.0 455.90663
4660.0 432.87713
4680.0 449.3159
4700.0 486.35087
4720.0 468.23312
4740.0 472.73633
4760.0 454.84658
4780.0 465.92816
4800.0 454.07899
4820.0 462.4292
4840.0 464.14151
4860.0 461.55737
4880.0 455.57186
4900.0 448.95564
4920.0 449.8048
4940.0 459.01834
4960.0 462.93977
4980.0 476.84507
5000.0 480.1856
5020.0 460.77313
5040.0 482.95175
5060.0 457.03381
5080.0 464.16854
5100.0 467.23147
5120.0 470.7636
5140.0 445.1922
5160.0 473.93879
5180.0 438.22295
5200.0 460.64593
5220.0 449.25367
5240.0 443.46218
5260.0 472.51551
5280.0 458.70235
5300.0 453.94947
5320.0 458.71049
5340.0 485.36749
5360.0 465.5845
5380.0 450.66747
5400.0 468.13317
5420.0 492.38401
5440.0 456.1595
5460.0 450.38735
5480.0 464.18452
5500.0 447.62209
5520.0 445.07208
5540.0 481.54619
5560.0 465.5227
5580.0 451.04398
5600.0 457.82629
5620.0 464.79041
5640.0 471.56538
5660.0 452.75371
5680.0 451.56585
5700.0 440.63717
5720.0 465.78702
5740.0 462.10985
5760.0 450.28139
5780.0 462.38029
5800.0 462.87518
5820.0 474.65889
5840.0 485.25404
5860.0 485.84538
5880.0 452.74161
5900.0 463.15174
5920.0 469.75667
5940.0 460.46056
5960.0 436.55838
5980.0 473.28631
6000.0 454.69228
6020.0 463.07819
6040.0 469.41228
6060.0 478.13926
6080.0 455.82416
6100.0 472.97238
6120.0 446.06557
6140.0 449.02522
6160.0 447.54964
6180.0 452.86682
6200.0 440.54671
6220.0 435.45912
6240.0 444.89967
6260.0 464.16206
6280.0 450.25622
6300.0 462.8074
6320.0 458.96331
6340.0 456.89794
6360.0 473.89731
6380.0 454.90531
6400.0 474.0409
6420.0 454.95905
6440.0 455.13498
6460.0 465.22679
6480.0 470.20285
6500.0 461.59507
6520.0 492.17787
6540.0 436.06606
6560.0 476.39248
6580.0 436.7509
6600.0 459.01281
6620.0 484.29455
6640.0 471.14188
6660.0 465.82232
6680.0 459.33214
6700.0 472.38226
6720.0 480.67519
6740.0 466.69095
6760.0 438.8296
6780.0 466.6154
6800.0 460.20649
6820.0 452.88923
6840.0 443.66946
6860.0 448.9656
6880.0 465.59349
6900.0 454.67866
6920.0 479.48212
6940.0 465.0541
6960.0 458.81471
6980.0 478.46393
7000.0 482.34538
7020.0 456.73154
7040.0 460.25992
7060.0 455.77608
7080.0 462.8229
7100.0 455.45632
7120.0 446.68586
7140.0 465.53056
7160.0 461.09604
7180.0 467.42696
7200.0 465.23344
7220.0 445.61022
7240.0 481.09408
7260.0 445.94709
7280.0 461.17801
7300.0 494.67626
7320.0 478.86196
7340.0 474.78126
7360.0 469.12563
7380.0 449.77734
7400.0 448.00235
7420.0 476.15172
7440.0 455.54418
7460.0 480.15022
7480.0 471.51943
7500.0 451.55731
7520.0 444.00365
7540.0 446.4214
7560.0 452.61195
7580.0 475.35961
7600.0 463.12652
7620.0 466.07039
7640.0 478.53389
7660.0 448.03651
7680.0 445.25999
7700.0 483.78776
7720.0 451.58189
7740.0 448.98906
7760.0 432.21193
7780.0 464.09896
7800.0 459.21604
7820.0 467.19486
7840.0 464.63645
7860.0 446.05601
7880.0 455.22947
7900.0 483.73793
7920.0 476.05658
7940.0 456.95812
7960.0 435.62096
7980.0 456.68545
8000.0 469.81379
8020.0 448.88009
8040.0 457.48312
8060.0 457.47682
8080.0 460.43614
8100.0 479.46769
8120.0 460.30923
8140.0 460.83973
8160.0 453.65651
8180.0 452.3078
8200.0 455.74998
8220.0 455.26428
8240.0 468.19433
8260.0 463.41684
8280.0 455.22201
8300.0 470.47549
8320.0 480.91293
8340.0 455.02279
8360.0 463.42558
8380.0 479.68574
8400.0 457.66521
8420.0 438.18704
8440.0 454.82198
8460.0 457.29433
8480.0 456.85481
8500.0 457.06632
8520.0 453.06351
8540.0 462.6002
8560.0 462.67755
8580.0 439.83268
8600.0 472.67246
8620.0 435.36894
8640.0 464.29287
8660.0 446.9883
8680.0 440.841
8700.0 457.80156
8720.0 479.46443
8740.0 474.23027
8760.0 468.43967
8780.0 479.19097
8800.0 461.40396
8820.0 454.69164
8840.0 473.37283
8860.0 475.22112
8880.0 457.89578
8900.0 478.62501
8920.0 444.95347
8940.0 454.48858
8960.0 458.1847
8980.0 443.07158
9000.0 475.38711
9020.0 476.55951
9040.0 466.39272
9060.0 471.99454
9080.0 464.2525
9100.0 458.41182
9120.0 481.02007
9140.0 451.46173
9160.0 465.61946
9180.0 475.44388
9200.0 460.38131
9220.0 453.68805
9240.0 452.25439
9260.0 454.77296
9280.0 458.86382
9300.0 460.06293
9320.0 470.48262
9340.0 463.68429
9360.0 476.25166
9380.0 464.79064
9400.0 452.76123
9420.0 467.28084
9440.0 449.06605
9460.0 450.05029
9480.0 462.77079
9500.0 458.84482
9520.0 452.39028
9540.0 440.37694
9560.0 459.41084
9580.0 467.93018
9600.0 485.38991
9620.0 465.87105
9640.0 459.31755
9660.0 476.41098
9680.0 467.38992
9700.0 454.66647
9720.0 468.44354
9740.0 468.08274
9760.0 449.43323
9780.0 496.24556
9800.0 471.87851
9820.0 464.77958
9840.0 456.80183
9860.0 445.11261
9880.0 465.55468
9900.0 465.57008
9920.0 460.02686
9940.0 469.92416
9960.0 465.79779
9980.0 465.36938
10000.0 465.81381
