0.0 952.70177
20.0 5073.5327
40.0 6122.4534
60.0 5503.2834
80.0 5889.0026
100.0 5734.626
120.0 5438.2558
140.0 5873.8651
160.0 5807.222
180.0 5688.7542
200.0 5782.9525
220.0 5566.6277
240.0 5718.5214
260.0 5516.7755
280.0 5763.6129
300.0 5498.6139
320.0 5799.4704
340.0 5674.0028
360.0 5519.053
380.0 5924.0272
400.0 5775.5871
420.0 5584.9755
440.0 5809.0038
460.0 5691.9923
480.0 5580.0783
500.0 5657.0651
520.0 5906.5126
540.0 5675.459
560.0 5568.8312
580.0 5579.7863
600.0 5585.4893
620.0 5761.3418
640.0 5557.7154
660.0 5802.1223
680.0 5760.741
700.0 5484.8054
720.0 5876.167
740.0 5793.2743
760.0 5545.399
780.0 5682.9144
800.0 5773.4509
820.0 5743.7213
840.0 5910.512
860.0 5672.1853
880.0 5866.6438
900.0 5731.6519
920.0 5405.7353
940.0 5622.0771
960.0 5880.7508
980.0 5625.1575
1000.0 5709.7378
1020.0 5533.8018
1040.0 5777.655
1060.0 5573.3354
1080.0 5910.9952
1100.0 5394.7333
1120.0 5726.9367
1140.0 5610.6174
1160.0 5616.6876
1180.0 5736.1928
1200.0 5736.209
1220.0 5827.2748
1240.0 5609.9021
1260.0 5750.4517
1280.0 5845.4686
1300.0 5554.0249
1320.0 5662.5627
1340.0 5793.4054
1360.0 5694.0649
1380.0 5894.704
1400.0 5493.6376
1420.0 5756.8754
1440.0 5785.1658
1460.0 5698.7682
1480.0 5715.004
1500.0 5652.5992
1520.0 5874.6768
1540.0 5642.6604
1560.0 5538.2757
1580.0 5664.1806
1600.0 5836.8234
1620.0 5709.5113
1640.0 5668.1944
1660.0 5711.6679
1680.0 5718.5366
1700.0 5746.623
1720.0 5953.7185
1740.0 5703.7908
1760.0 5617.1055
1780.0 5542.0217
1800.0 5684.0664
1820.0 5664.9833
1840.0 5789.2885
1860.0 5670.5586
1880.0 5708.853
1900.0 5584.9546
1920.0 5895.9843
1940.0 5753.7046
1960.0 5564.7701
1980.0 5841.5945
2000.0 5561.7885
2020.0 5849.669
2040.0 5546.0314
2060.0 5920.9435
2080.0 5626.8915
2100.0 5729.4486
2120.0 5719.0916
2140.0 5711.6907
2160.0 5692.9701
2180.0 5823.5698
2200.0 5685.9679
2220.0 5683.5716
2240.0 5643.3633
2260.0 5931.0225
2280.0 5354.2713
2300.0 5620.2234
2320.0 5763.7398
2340.0 5797.9419
2360.0 5658.2918
2380.0 5719.0679
2400.0 5673.2643
2420.0 5790.2061
2440.0 5572.0263
2460.0 5747.3471
2480.0 5864.7039
2500.0 5745.348
2520.0 5588.0742
2540.0 5617.7645
2560.0 5726.3498
2580.0 5747.3134
2600.0 5675.6504
2620.0 5833.5336
2640.0 5734.3383
2660.0 5744.9221
2680.0 5782.0407
2700.0 5669.8471
2720.0 5514.377
2740.0 5705.9767
2760.0 5502.8701
2780.0 5921.6014
2800.0 5607.4582
2820.0 5535.1807
2840.0 5510.7987
2860.0 5707.3844
2880.0 5542.4893
2900.0 5911.8889
2920.0 5665.7006
2940.0 5892.3916
2960.0 5696.4218
2980.0 5469.3756
3000.0 5823.2316
3020.0 5799.0624
3040.0 5736.2873
3060.0 5684.4673
3080.0 5868.8934
3100.0 5606.5388
3120.0 5585.5343
3140.0 5631.1683
3160.0 5921.7542
3180.0 5515.9789
3200.0 5874.4931
3220.0 5670.4117
3240.0 5696.3592
3260.0 5437.1977
3280.0 5685.2417
3300.0 5598.6607
3320.0 5813.0986
3340.0 5593.7183
3360.0 5784.6338
3380.0 5603.3421
3400.0 5665.4365
3420.0 5657.6226
3440.0 5613.9377
3460.0 5770.3412
3480.0 5624.3129
3500.0 5635.5727
3520.0 5516.3543
3540.0 5937.7898
3560.0 5663.2212
3580.0 5615.7935
3600.0 5660.3975
3620.0 5908.451
3640.0 5575.1521
3660.0 5571.5488
3680.0 5739.2835
3700.0 5867.0049
3720.0 5843.7615
3740.0 5736.5031
3760.0 5540.0865
3780.0 5728.1279
3800.0 5914.7872
3820.0 5695.7571
3840.0 5643.9088
3860.0 5672.2574
3880.0 5585.8551
3900.0 5650.4543
3920.0 5614.4241
3940.0 5833.3646
3960.0 5640.8203
3980.0 5513.2086
4000.0 5793.1108
4020.0 5673.3775
4040.0 5641.0153
4060.0 5737.9126
4080.0 5677.1119
4100.0 5950.0287
4120.0 5532.4593
4140.0 5857.3773
4160.0 5648.3032
4180.0 5633.2541
4200.0 5683.7741
4220.0 5767.808
4240.0 5849.3281
4260.0 5451.7886
4280.0 5767.4508
4300.0 5684.5557
4320.0 5735.3798
4340.0 5919.3659
4360.0 5640.7968
4380.0 5812.3112
4400.0 5800.4352
4420.0 5513.7899
4440.0 5618.3027
4460.0 5884.6837
4480.0 5614.9474
4500.0 5601.5407
4520.0 5527.2713
4540.0 5866.0935
4560.0 5638.3528
4580.0 5426.5062
4600.0 5700.578
4620.0 5743.2827
4640.0 5809.1056
4660.0 5619.0035
4680.0 5613.6775
4700.0 5775.6266
4720.0 5639.8716
4740.0 5856.7195
4760.0 5795.492
4780.0 5498.0682
4800.0 5833.5195
4820.0 5765.1187
4840.0 5597.4265
4860.0 5823.7706
4880.0 5731.1271
4900.0 6038.5104
4920.0 5693.1022
4940.0 5769.7205
4960.0 5529.7581
4980.0 5803.9415
5000.0 5601.5836
5020.0 5915.7673
5040.0 5507.3013
5060.0 5883.1455
5080.0 5295.0973
5100.0 5877.9417
5120.0 5490.239
5140.0 5687.4734
5160.0 5777.5603
5180.0 5539.4278
5200.0 5696.3381
5220.0 5583.4954
5240.0 5820.0341
5260.0 5713.5179
5280.0 5660.164
5300.0 5635.6461
5320.0 5646.6656
5340.0 5818.7977
5360.0 5399.856
5380.0 6048.4652
5400.0 5599.4824
5420.0 5560.3576
5440.0 5630.5683
5460.0 5855.3663
5480.0 5602.115
5500.0 5875.0079
5520.0 5834.5774
5540.0 5696.5117
5560.0 5632.885
5580.0 5874.0449
5600.0 5444.5659
5620.0 5952.5298
5640.0 5427.0433
5660.0 5958.311
5680.0 5717.6422
5700.0 5661.2068
5720.0 5696.2517
5740.0 5645.5669
5760.0 5831.4592
5780.0 5667.5267
5800.0 5807.1627
5820.0 5662.688
5840.0 5705.6617
5860.0 5560.6018
5880.0 5667.1399
5900.0 5674.494
5920.0 5696.8555
5940.0 5669.8725
5960.0 5903.7657
5980.0 5576.1194
6000.0 5797.048
6020.0 5830.7829
6040.0 5923.9758
6060.0 5444.1908
6080.0 5800.8652
6100.0 5551.3056
6120.0 5696.5303
6140.0 5625.3806
6160.0 5668.6613
6180.0 5990.8282
6200.0 5473.5068
6220.0 5738.2692
6240.0 5570.1437
6260.0 5687.7748
6280.0 5805.8603
6300.0 5708.7552
6320.0 5682.7716
6340.0 5731.0638
6360.0 5750.2156
6380.0 5677.7843
6400.0 5622.7868
6420.0 5677.4493
6440.0 5596.395
6460.0 5815.652
6480.0 5647.0827
6500.0 5676.6957
6520.0 5864.8705
6540.0 5683.5157
6560.0 5615.9451
6580.0 5555.0307
6600.0 5859.1674
6620.0 5552.1258
6640.0 5680.5786
6660.0 5673.9659
6680.0 5535.9098
6700.0 5925.5177
6720.0 5590.7418
6740.0 5733.3319
6760.0 5602.9005
6780.0 5781.8959
6800.0 5596.0851
6820.0 5906.7209
6840.0 5568.3459
6860.0 5701.5653
6880.0 5641.6465
6900.0 5565.6576
6920.0 5783.4554
6940.0 5745.9183
6960.0 5619.8957
6980.0 5777.9526
7000.0 5462.6625
7020.0 5904.7175
7040.0 5761.1479
7060.0 5673.6592
7080.0 5596.4658
7100.0 5578.7713
7120.0 5501.9144
7140.0 5900.8385
7160.0 5543.1258
7180.0 5706.1298
7200.0 5900.7201
7220.0 5890.9351
7240.0 5495.228
7260.0 5698.5063
7280.0 5492.4993
7300.0 5784.2725
7320.0 5651.2725
7340.0 5907.7825
7360.0 5484.6123
7380.0 5799.0203
7400.0 5707.5665
7420.0 5621.1507
7440.0 5435.9892
7460.0 5913.8071
7480.0 5491.5514
7500.0 5811.814
7520.0 5632.6973
7540.0 5759.8913
7560.0 5871.8422
7580.0 5641.3347
7600.0 5821.718
7620.0 5542.3046
7640.0 5734.1293
7660.0 5689.4031
7680.0 5837.1528
7700.0 5811.0015
7720.0 5670.1412
7740.0 5432.9292
7760.0 5727.2881
7780.0 5779.8377
7800.0 5813.1167
7820.0 5691.7233
7840.0 5604.5192
7860.0 5800.9952
7880.0 5816.0401
7900.0 5735.9104
7920.0 5844.9323
7940.0 5691.3711
7960.0 5615.2782
7980.0 5783.6778
8000.0 5725.2719
8020.0 5971.3288
8040.0 5450.4122
8060.0 5690.2771
8080.0 5656.4654
8100.0 5711.924
8120.0 5747.5717
8140.0 5900.4767
8160.0 5587.624
8180.0 5727.0435
8200.0 5784.7872
8220.0 5754.2192
8240.0 5580.8112
8260.0 5849.5692
8280.0 5884.75
8300.0 5559.4539
8320.0 5827.3906
8340.0 5710.225
8360.0 6049.2901
8380.0 5527.134
8400.0 5667.3445
8420.0 5543.6214
8440.0 5678.7294
8460.0 5602.842
8480.0 5342.4777
8500.0 5734.8716
8520.0 5861.5158
8540.0 5471.6837
8560.0 5891.8314
8580.0 5569.0484
8600.0 5693.4961
8620.0 5863.2975
8640.0 5595.583
8660.0 5749.3206
8680.0 5613.626
8700.0 5734.2442
8720.0 5807.3856
8740.0 5716.7406
8760.0 5676.4472
8780.0 5724.1671
8800.0 5625.6235
8820.0 5944.1032
8840.0 5556.8392
8860.0 5919.8913
8880.0 5610.1853
8900.0 5638.6743
8920.0 5615.4043
8940.0 5527.9085
8960.0 5666.1751
8980.0 5883.1702
9000.0 5588.404
9020.0 5862.1214
9040.0 5459.4629
9060.0 5838.9036
9080.0 5747.307
9100.0 5753.0238
9120.0 5750.6666
9140.0 5705.6448
9160.0 5902.7575
9180.0 5616.747
9200.0 5786.1849
9220.0 5578.5026
9240.0 5682.588
9260.0 5669.6577
9280.0 5624.8697
9300.0 5640.1313
9320.0 5799.7522
9340.0 5775.8239
9360.0 5712.3678
9380.0 5523.0606
9400.0 5626.2927
9420.0 5705.9604
9440.0 5653.52
9460.0 5668.4539
9480.0 5991.5125
9500.0 5822.4928
9520.0 5702.363
9540.0 5651.7765
9560.0 5625.8879
9580.0 5580.5255
9600.0 5816.7022
9620.0 5804.1312
9640.0 5645.0246
9660.0 5843.0752
9680.0 5787.1887
9700.0 5701.387
9720.0 5959.6793
9740.0 5680.5504
9760.0 5736.3022
9780.0 5784.2302
9800.0 5887.8061
9820.0 5884.0731
9840.0 5662.7733
9860.0 5843.0649
9880.0 5551.412
9900.0 5859.0718
9920.0 5691.325
9940.0 5752.514
9960.0 5555.1408
9980.0 5646.996
10000.0 5828.7583
