0.0 -1203.1694
20.0 -1176.4603
40.0 -1152.7658
60.0 -1125.0148
80.0 -1092.9762
100.0 -1056.2826
120.0 -1017.6982
140.0 -983.96116
160.0 -944.712
180.0 -903.71524
200.0 -863.03505
220.0 -825.67203
240.0 -792.34999
260.0 -762.69814
280.0 -743.78227
300.0 -725.34714
320.0 -715.15182
340.0 -713.94446
360.0 -724.13885
380.0 -745.05663
400.0 -762.2305
420.0 -779.83734
440.0 -792.02214
460.0 -802.97953
480.0 -811.76487
500.0 -810.53112
520.0 -804.82
540.0 -793.85519
560.0 -777.46558
580.0 -760.19506
600.0 -749.62654
620.0 -740.66781
640.0 -739.76437
660.0 -740.43971
680.0 -749.79342
700.0 -761.12682
720.0 -770.82781
740.0 -780.54549
760.0 -793.08145
780.0 -798.58793
800.0 -798.66037
820.0 -793.05774
840.0 -785.66558
860.0 -774.05669
880.0 -763.51264
900.0 -754.35891
920.0 -745.9548
940.0 -749.41998
960.0 -749.1505
980.0 -754.60674
1000.0 -759.48886
1020.0 -767.45016
1040.0 -780.06883
1060.0 -784.55931
1080.0 -789.8007
1100.0 -790.21976
1120.0 -785.15911
1140.0 -776.77232
1160.0 -770.0946
1180.0 -760.57389
1200.0 -754.28346
1220.0 -756.22556
1240.0 -754.37315
1260.0 -749.61855
1280.0 -755.01417
1300.0 -764.13149
1320.0 -773.347
1340.0 -781.2023
1360.0 -788.81063
1380.0 -792.23002
1400.0 -792.54625
1420.0 -788.88814
1440.0 -776.73279
1460.0 -764.5878
1480.0 -754.80463
1500.0 -751.07437
1520.0 -753.77284
1540.0 -753.73288
1560.0 -758.1351
1580.0 -767.44872
1600.0 -779.42016
1620.0 -789.29172
1640.0 -791.97728
1660.0 -790.76021
1680.0 -788.46117
1700.0 -782.04456
1720.0 -771.12501
1740.0 -766.16289
1760.0 -764.15518
1780.0 -761.19823
1800.0 -758.15096
1820.0 -759.90478
1840.0 -764.71492
1860.0 -776.66648
1880.0 -787.17095
1900.0 -796.26874
1920.0 -801.03095
1940.0 -797.45533
1960.0 -789.41754
1980.0 -777.18035
2000.0 -763.28583
2020.0 -755.70531
2040.0 -752.83083
2060.0 -754.67323
2080.0 -757.79926
2100.0 -758.90249
2120.0 -766.20949
2140.0 -771.61447
2160.0 -772.69161
2180.0 -774.19868
2200.0 -778.00462
2220.0 -785.42693
2240.0 -798.21026
2260.0 -808.06497
2280.0 -817.17121
2300.0 -812.99378
2320.0 -806.06595
2340.0 -791.19896
2360.0 -777.13112
2380.0 -771.33313
2400.0 -767.53899
2420.0 -766.11841
2440.0 -762.17411
2460.0 -765.34334
2480.0 -766.66792
2500.0 -763.47655
2520.0 -765.44179
2540.0 -763.3002
2560.0 -770.97408
2580.0 -781.69355
2600.0 -796.32315
2620.0 -800.89504
2640.0 -803.53553
2660.0 -796.17211
2680.0 -784.01667
2700.0 -765.95018
2720.0 -753.5815
2740.0 -752.91367
2760.0 -750.8837
2780.0 -756.39401
2800.0 -766.07937
2820.0 -770.82091
2840.0 -777.04532
2860.0 -781.54299
2880.0 -780.99229
2900.0 -780.93869
2920.0 -781.83195
2940.0 -783.83457
2960.0 -779.77043
2980.0 -772.2442
3000.0 -758.80548
3020.0 -753.21725
3040.0 -747.92708
3060.0 -746.49124
3080.0 -750.43824
3100.0 -758.33344
3120.0 -772.58983
3140.0 -783.26577
3160.0 -785.59798
3180.0 -785.13285
3200.0 -785.37465
3220.0 -784.30048
3240.0 -778.24574
3260.0 -776.32646
3280.0 -773.85225
3300.0 -769.72685
3320.0 -762.30053
3340.0 -764.24822
3360.0 -764.42046
3380.0 -768.20174
3400.0 -765.96094
3420.0 -764.98433
3440.0 -765.13621
3460.0 -765.76239
3480.0 -765.96989
3500.0 -767.65237
3520.0 -773.10522
3540.0 -776.14327
3560.0 -780.8435
3580.0 -786.45263
3600.0 -787.81883
3620.0 -794.23807
3640.0 -800.02139
3660.0 -797.76974
3680.0 -787.92649
3700.0 -773.72863
3720.0 -765.23637
3740.0 -754.45768
3760.0 -748.17739
3780.0 -749.11373
3800.0 -753.83022
3820.0 -755.68056
3840.0 -762.74818
3860.0 -774.81299
3880.0 -779.53415
3900.0 -782.83422
3920.0 -783.24302
3940.0 -780.82387
3960.0 -776.67523
3980.0 -773.4955
4000.0 -767.88119
4020.0 -761.12789
4040.0 -759.29953
4060.0 -761.46344
4080.0 -758.94309
4100.0 -761.02758
4120.0 -767.44451
4140.0 -776.87867
4160.0 -782.55439
4180.0 -786.69578
4200.0 -789.16401
4220.0 -787.70894
4240.0 -782.72651
4260.0 -772.63065
4280.0 -759.12757
4300.0 -743.29691
4320.0 -733.91233
4340.0 -732.11323
4360.0 -736.23356
4380.0 -752.03775
4400.0 -768.40151
4420.0 -779.38381
4440.0 -782.37532
4460.0 -783.87653
4480.0 -778.23895
4500.0 -778.67306
4520.0 -773.45738
4540.0 -766.25604
4560.0 -758.24015
4580.0 -751.02597
4600.0 -742.9876
4620.0 -730.7882
4640.0 -730.25256
4660.0 -744.33028
4680.0 -758.85035
4700.0 -768.40408
4720.0 -771.10094
4740.0 -773.80727
4760.0 -778.08413
4780.0 -777.27268
4800.0 -775.59423
4820.0 -777.75715
4840.0 -774.23706
4860.0 -772.70189
4880.0 -769.69147
4900.0 -764.78985
4920.0 -753.81367
4940.0 -746.31853
4960.0 -741.3722
4980.0 -741.31544
5000.0 -752.08873
5020.0 -765.28743
5040.0 -779.66034
5060.0 -783.14197
5080.0 -784.01101
5100.0 -784.53617
5120.0 -786.76378
5140.0 -784.59281
5160.0 -778.46941
5180.0 -765.8449
5200.0 -753.65708
5220.0 -741.60214
5240.0 -732.66719
5260.0 -736.19582
5280.0 -738.94766
5300.0 -746.53253
5320.0 -754.40695
5340.0 -759.9849
5360.0 -765.57904
5380.0 -772.48308
5400.0 -779.14395
5420.0 -781.96367
5440.0 -783.95111
5460.0 -785.91364
5480.0 -781.37286
5500.0 -774.41566
5520.0 -758.66297
5540.0 -745.48754
5560.0 -733.97696
5580.0 -734.01496
5600.0 -739.72537
5620.0 -751.24092
5640.0 -764.19165
5660.0 -771.61807
5680.0 -774.50226
5700.0 -775.78512
5720.0 -772.25651
5740.0 -774.39467
5760.0 -773.44183
5780.0 -771.55737
5800.0 -765.82581
5820.0 -764.33067
5840.0 -767.74665
5860.0 -774.73605
5880.0 -783.7566
5900.0 -788.11249
5920.0 -797.964
5940.0 -801.116
5960.0 -797.92697
5980.0 -789.96273
6000.0 -775.48332
6020.0 -760.02417
6040.0 -750.03716
6060.0 -749.6993
6080.0 -752.13086
6100.0 -753.91558
6120.0 -757.78449
6140.0 -766.41415
6160.0 -771.70348
6180.0 -774.69872
6200.0 -775.68814
6220.0 -775.73375
6240.0 -781.42673
6260.0 -776.53487
6280.0 -774.48598
6300.0 -770.70627
6320.0 -769.49097
6340.0 -761.0047
6360.0 -752.26099
6380.0 -742.48696
6400.0 -727.00606
6420.0 -719.73742
6440.0 -719.33636
6460.0 -733.12302
6480.0 -751.43357
6500.0 -760.34
6520.0 -765.6106
6540.0 -768.90778
6560.0 -772.02192
6580.0 -771.96452
6600.0 -775.8146
6620.0 -778.73745
6640.0 -784.73638
6660.0 -788.28477
6680.0 -788.95274
6700.0 -783.56098
6720.0 -770.69013
6740.0 -761.11087
6760.0 -748.23813
6780.0 -748.5463
6800.0 -749.44625
6820.0 -750.66077
6840.0 -757.65065
6860.0 -767.22295
6880.0 -779.39475
6900.0 -787.16479
6920.0 -786.53489
6940.0 -783.54253
6960.0 -783.68334
6980.0 -782.15376
7000.0 -781.54479
7020.0 -774.87945
7040.0 -767.192
7060.0 -765.4889
7080.0 -759.36469
7100.0 -758.35381
7120.0 -751.59013
7140.0 -753.37997
7160.0 -759.51964
7180.0 -779.8576
7200.0 -794.36023
7220.0 -802.63129
7240.0 -801.89358
7260.0 -794.71571
7280.0 -783.75217
7300.0 -774.00155
7320.0 -763.78971
7340.0 -759.17961
7360.0 -758.21618
7380.0 -757.95898
7400.0 -758.46288
7420.0 -761.18075
7440.0 -765.78392
7460.0 -780.68168
7480.0 -793.36384
7500.0 -800.84713
7520.0 -801.3954
7540.0 -802.30059
7560.0 -795.18928
7580.0 -784.90948
7600.0 -780.08554
7620.0 -775.92558
7640.0 -769.91207
7660.0 -767.01149
7680.0 -764.70204
7700.0 -763.233
7720.0 -763.6723
7740.0 -764.35415
7760.0 -773.5327
7780.0 -783.23416
7800.0 -796.87398
7820.0 -804.26893
7840.0 -807.12384
7860.0 -806.48638
7880.0 -790.86931
7900.0 -775.49157
7920.0 -764.68705
7940.0 -762.79593
7960.0 -763.37574
7980.0 -762.29721
8000.0 -765.26562
8020.0 -771.90719
8040.0 -773.39273
8060.0 -774.53986
8080.0 -780.36467
8100.0 -785.16553
8120.0 -793.56468
8140.0 -799.48909
8160.0 -801.70605
8180.0 -795.49319
8200.0 -786.84304
8220.0 -774.08995
8240.0 -759.92356
8260.0 -746.53033
8280.0 -743.34601
8300.0 -748.3763
8320.0 -755.77101
8340.0 -765.0738
8360.0 -769.70179
8380.0 -773.52508
8400.0 -776.76897
8420.0 -780.99903
8440.0 -777.84784
8460.0 -779.87721
8480.0 -775.64472
8500.0 -777.05732
8520.0 -775.74124
8540.0 -768.49702
8560.0 -761.72698
8580.0 -762.16345
8600.0 -759.3095
8620.0 -753.80585
8640.0 -751.52816
8660.0 -755.63461
8680.0 -763.35204
8700.0 -774.96985
8720.0 -784.353
8740.0 -792.67765
8760.0 -801.50438
8780.0 -799.73458
8800.0 -788.93551
8820.0 -777.60058
8840.0 -764.89007
8860.0 -757.4476
8880.0 -752.8542
8900.0 -755.0633
8920.0 -756.82844
8940.0 -758.90792
8960.0 -767.65121
8980.0 -767.92893
9000.0 -771.29149
9020.0 -772.38312
9040.0 -771.63728
9060.0 -776.23943
9080.0 -772.54463
9100.0 -770.59538
9120.0 -770.92861
9140.0 -767.63015
9160.0 -765.18039
9180.0 -766.87585
9200.0 -768.68977
9220.0 -774.46333
9240.0 -787.39911
9260.0 -796.91837
9280.0 -806.69323
9300.0 -806.17602
9320.0 -800.00211
9340.0 -788.33648
9360.0 -774.95356
9380.0 -768.74269
9400.0 -763.35375
9420.0 -762.2322
9440.0 -758.34848
9460.0 -760.2302
9480.0 -760.59682
9500.0 -767.90224
9520.0 -776.38366
9540.0 -787.77903
9560.0 -800.04216
9580.0 -807.30374
9600.0 -810.09889
9620.0 -810.19981
9640.0 -792.95296
9660.0 -773.23833
9680.0 -765.26704
9700.0 -757.24
9720.0 -751.63043
9740.0 -755.68073
9760.0 -765.90471
9780.0 -778.01735
9800.0 -783.68865
9820.0 -785.62642
9840.0 -779.88876
9860.0 -775.25252
9880.0 -772.7651
9900.0 -761.90815
9920.0 -750.3479
9940.0 -740.42143
9960.0 -735.61936
9980.0 -738.98797
10000.0 -749.53735
