0.0 952.70177
20.0 3265.3223
40.0 3336.6916
60.0 3353.2594
80.0 3476.2883
100.0 3347.9984
120.0 3484.1117
140.0 3489.9638
160.0 3520.4578
180.0 3545.1705
200.0 3610.1854
220.0 3691.8002
240.0 3769.868
260.0 3750.5211
280.0 3790.3568
300.0 3868.0774
320.0 3848.5934
340.0 3901.2034
360.0 3943.1097
380.0 4075.7003
400.0 4018.4676
420.0 4088.5815
440.0 4203.0659
460.0 4212.4621
480.0 4188.0123
500.0 4240.7785
520.0 4237.9623
540.0 4245.8925
560.0 4292.0322
580.0 4410.7303
600.0 4466.6209
620.0 4350.3755
640.0 4450.9705
660.0 4339.5532
680.0 4462.0625
700.0 4531.2672
720.0 4461.2366
740.0 4512.6444
760.0 4447.519
780.0 4533.5216
800.0 4444.7522
820.0 4654.6344
840.0 4595.8665
860.0 4615.1963
880.0 4803.0569
900.0 4688.0567
920.0 4754.9099
940.0 4696.5989
960.0 4652.52
980.0 4856.5914
1000.0 4891.3297
1020.0 4814.7766
1040.0 4955.0653
1060.0 4923.492
1080.0 4911.23
1100.0 4976.3752
1120.0 4992.3245
1140.0 5133.9843
1160.0 5026.752
1180.0 5037.1041
1200.0 5104.3405
1220.0 5111.1955
1240.0 4969.1752
1260.0 5127.9434
1280.0 5131.4254
1300.0 5185.7733
1320.0 5074.8354
1340.0 5392.3231
1360.0 5095.387
1380.0 5225.7062
1400.0 5326.2143
1420.0 5373.4276
1440.0 5350.7432
1460.0 5402.9975
1480.0 5281.064
1500.0 5252.1788
1520.0 5371.2365
1540.0 5286.787
1560.0 5482.5486
1580.0 5515.7549
1600.0 5291.5629
1620.0 5463.7014
1640.0 5340.8766
1660.0 5474.9867
1680.0 5448.1544
1700.0 5494.6289
1720.0 5299.9572
1740.0 5570.923
1760.0 5619.2532
1780.0 5496.8231
1800.0 5676.5229
1820.0 5522.7864
1840.0 5758.6335
1860.0 5660.6449
1880.0 5669.6694
1900.0 5586.6801
1920.0 5757.6765
1940.0 5675.6057
1960.0 5744.8972
1980.0 5925.8039
2000.0 5699.5724
2020.0 5944.6977
2040.0 5856.747
2060.0 5863.3031
2080.0 5877.8335
2100.0 5716.0006
2120.0 5810.5949
2140.0 5792.0974
2160.0 5877.2698
2180.0 5893.867
2200.0 5978.5976
2220.0 5800.0393
2240.0 5821.2564
2260.0 5920.5047
2280.0 5923.5316
2300.0 5837.0334
2320.0 6028.1615
2340.0 5811.6269
2360.0 5888.9467
2380.0 6112.4207
2400.0 6045.8157
2420.0 6034.724
2440.0 5936.6617
2460.0 6094.828
2480.0 6048.7336
2500.0 6152.2961
2520.0 6275.566
2540.0 6224.4373
2560.0 5957.3448
2580.0 6064.0241
2600.0 6072.594
2620.0 6091.0429
2640.0 6248.7155
2660.0 6311.8525
2680.0 6055.4283
2700.0 6191.5982
2720.0 6228.7625
2740.0 6338.2869
2760.0 6390.2063
2780.0 6295.4736
2800.0 6310.8963
2820.0 6302.4543
2840.0 6228.314
2860.0 6281.5073
2880.0 6149.1426
2900.0 6187.2169
2920.0 6180.4832
2940.0 6235.2771
2960.0 6278.8489
2980.0 6363.4531
3000.0 6346.7863
3020.0 6260.5476
3040.0 6405.9528
3060.0 6436.9904
3080.0 6445.2139
3100.0 6243.7716
3120.0 6389.8907
3140.0 6218.5239
3160.0 6453.9748
3180.0 6436.1057
3200.0 6223.8112
3220.0 6524.3372
3240.0 6389.527
3260.0 6207.4824
3280.0 6245.1743
3300.0 6253.203
3320.0 6246.372
3340.0 6124.2791
3360.0 6247.3389
3380.0 6128.0083
3400.0 6370.8826
3420.0 6114.0585
3440.0 6138.957
3460.0 6197.2556
3480.0 6132.2389
3500.0 6206.7806
3520.0 5990.6536
3540.0 6211.8698
3560.0 6080.2624
3580.0 6144.3292
3600.0 6169.3712
3620.0 6056.1169
3640.0 6250.2083
3660.0 6005.4334
3680.0 6068.5372
3700.0 5889.3621
3720.0 6048.4604
3740.0 6021.8628
3760.0 5854.0376
3780.0 6035.4248
3800.0 5883.0844
3820.0 5979.0558
3840.0 5902.3993
3860.0 6013.9273
3880.0 5902.8023
3900.0 6019.4628
3920.0 6043.0122
3940.0 5913.6888
3960.0 5919.8855
3980.0 5959.6214
4000.0 5836.3265
4020.0 5945.3108
4040.0 6158.4637
4060.0 5938.2346
4080.0 6083.433
4100.0 6102.0488
4120.0 5965.4404
4140.0 6029.4415
4160.0 5997.6126
4180.0 6031.1147
4200.0 5804.7693
4220.0 6018.6913
4240.0 6091.3714
4260.0 6099.794
4280.0 5997.9589
4300.0 5997.7234
4320.0 5908.4337
4340.0 5926.2218
4360.0 6054.2831
4380.0 6014.5843
4400.0 5922.8639
4420.0 5980.8211
4440.0 6017.5524
4460.0 5888.3645
4480.0 5985.303
4500.0 5971.5215
4520.0 6006.0141
4540.0 5881.9877
4560.0 5991.7396
4580.0 5923.6534
4600.0 5911.6091
4620.0 5932.5277
4640.0 5981.1551
4660.0 5936.5241
4680.0 5869.1874
4700.0 6054.2067
4720.0 5974.4216
4740.0 5874.5581
4760.0 5867.3523
4780.0 5982.3674
4800.0 5834.516
4820.0 5956.7788
4840.0 5708.3408
4860.0 6064.6002
4880.0 5876.1024
4900.0 5762.7699
4920.0 5773.3947
4940.0 6036.0355
4960.0 5924.9314
4980.0 5916.5269
5000.0 5999.8299
5020.0 5964.2706
5040.0 5879.6676
5060.0 5816.7806
5080.0 5788.5188
5100.0 5885.2528
5120.0 5805.4497
5140.0 5934.363
5160.0 5662.0633
5180.0 5804.9361
5200.0 5795.6041
5220.0 5805.0945
5240.0 5719.8313
5260.0 5747.3769
5280.0 5860.167
5300.0 5884.5173
5320.0 5861.4389
5340.0 5809.0382
5360.0 5782.4018
5380.0 5931.8573
5400.0 5960.1111
5420.0 5891.0559
5440.0 5941.4905
5460.0 5886.6856
5480.0 5838.3484
5500.0 5940.2134
5520.0 6139.0723
5540.0 5819.4498
5560.0 5831.4278
5580.0 5836.9106
5600.0 6034.174
5620.0 5836.9792
5640.0 5778.637
5660.0 5945.3327
5680.0 6097.4025
5700.0 6105.4075
5720.0 6110.4208
5740.0 6079.5105
5760.0 6025.2664
5780.0 5890.5453
5800.0 6026.8308
5820.0 6180.8543
5840.0 5884.4673
5860.0 6111.8865
5880.0 6105.2734
5900.0 6054.2851
5920.0 6087.8349
5940.0 6131.1711
5960.0 6083.1554
5980.0 5927.8315
6000.0 5889.6661
6020.0 5862.9172
6040.0 5904.3276
6060.0 6004.2109
6080.0 5857.4692
6100.0 6037.0843
6120.0 6005.0762
6140.0 5869.0501
6160.0 6008.3381
6180.0 5894.1256
6200.0 5887.0612
6220.0 6067.4471
6240.0 5995.9253
6260.0 5967.5834
6280.0 5985.0989
6300.0 6119.9882
6320.0 5965.7792
6340.0 6127.1251
6360.0 5925.1917
6380.0 6043.404
6400.0 6041.3827
6420.0 6063.1049
6440.0 5910.0483
6460.0 5888.065
6480.0 6001.8327
6500.0 5953.3694
6520.0 5991.2522
6540.0 5873.3573
6560.0 5911.9927
6580.0 5882.4191
6600.0 6022.7989
6620.0 5902.3523
6640.0 5721.5144
6660.0 5708.2147
6680.0 5798.8684
6700.0 5824.9676
6720.0 6035.5838
6740.0 5831.1934
6760.0 5788.7017
6780.0 5672.8671
6800.0 5783.013
6820.0 5786.4755
6840.0 6007.7017
6860.0 6022.6476
6880.0 5907.0101
6900.0 5698.4926
6920.0 5897.3508
6940.0 5749.9468
6960.0 5877.6393
6980.0 5977.7572
7000.0 5937.4386
7020.0 5859.9599
7040.0 6044.0191
7060.0 5709.4872
7080.0 5673.2183
7100.0 5782.7389
7120.0 5879.087
7140.0 5624.5352
7160.0 5763.8191
7180.0 5706.0181
7200.0 5684.8073
7220.0 5685.0172
7240.0 5920.8017
7260.0 5639.9189
7280.0 5854.4177
7300.0 5765.4204
7320.0 5822.6691
7340.0 5800.9238
7360.0 5824.3828
7380.0 5681.3889
7400.0 5841.0176
7420.0 5878.7551
7440.0 5701.8437
7460.0 5885.2325
7480.0 5898.4097
7500.0 5912.0769
7520.0 5899.2629
7540.0 5703.7058
7560.0 5674.969
7580.0 5842.727
7600.0 5756.3275
7620.0 5850.8595
7640.0 5833.0692
7660.0 5937.0364
7680.0 5661.9176
7700.0 5796.1564
7720.0 6031.8889
7740.0 5824.8607
7760.0 6007.4655
7780.0 5717.8814
7800.0 5646.6623
7820.0 5694.3962
7840.0 5802.8271
7860.0 5909.8433
7880.0 5933.6792
7900.0 5822.4851
7920.0 5867.9073
7940.0 5800.9564
7960.0 5780.0879
7980.0 5777.9846
8000.0 5651.1495
8020.0 5803.2791
8040.0 6019.2368
8060.0 5911.3058
8080.0 5834.312
8100.0 5892.5001
8120.0 5915.513
8140.0 5821.3666
8160.0 5954.9885
8180.0 5917.2286
8200.0 5725.2193
8220.0 5780.551
8240.0 5735.7018
8260.0 5767.1233
8280.0 5586.0267
8300.0 5761.1867
8320.0 5894.1159
8340.0 5667.2582
8360.0 5880.4238
8380.0 5756.131
8400.0 5818.3916
8420.0 5652.4639
8440.0 5894.0186
8460.0 5703.0714
8480.0 5902.3912
8500.0 5881.7349
8520.0 5641.1449
8540.0 5775.5121
8560.0 5648.0304
8580.0 5795.9325
8600.0 5819.5669
8620.0 5702.1154
8640.0 5732.9679
8660.0 5816.6217
8680.0 5826.4144
8700.0 5868.9892
8720.0 5887.6876
8740.0 5794.2384
8760.0 5875.6068
8780.0 5874.3581
8800.0 6022.7587
8820.0 5846.8681
8840.0 5911.7347
8860.0 5966.8685
8880.0 5866.4456
8900.0 6009.5434
8920.0 5952.7452
8940.0 6012.2809
8960.0 5940.3031
8980.0 5847.5087
9000.0 6108.2822
9020.0 6038.3696
9040.0 5970.3116
9060.0 5937.2254
9080.0 5928.3837
9100.0 5998.367
9120.0 6084.506
9140.0 5887.4373
9160.0 5995.4596
9180.0 6155.8306
9200.0 6013.6602
9220.0 5960.2448
9240.0 6149.1175
9260.0 5989.0737
9280.0 6030.2006
9300.0 5913.1483
9320.0 6049.5349
9340.0 6031.9747
9360.0 5993.4733
9380.0 5987.6211
9400.0 5987.2625
9420.0 5905.5766
9440.0 6117.7805
9460.0 5959.5935
9480.0 6067.2026
9500.0 5986.7119
9520.0 5752.6761
9540.0 6013.5076
9560.0 6094.6441
9580.0 6162.5372
9600.0 5821.9311
9620.0 5995.4205
9640.0 6049.0351
9660.0 5806.9255
9680.0 5871.419
9700.0 5879.9117
9720.0 5903.2606
9740.0 5937.1205
9760.0 6040.8043
9780.0 6015.0522
9800.0 5975.2023
9820.0 5993.7378
9840.0 5908.8906
9860.0 6004.4982
9880.0 6008.2878
9900.0 5936.685
9920.0 6049.646
9940.0 5827.9216
9960.0 5817.2052
9980.0 5990.76
10000.0 5935.7597
