0.0 -1203.1694
20.0 -1082.5975
40.0 -1008.8288
60.0 -938.34494
80.0 -893.32637
100.0 -831.90789
120.0 -802.21031
140.0 -765.51523
160.0 -757.86085
180.0 -749.65427
200.0 -742.92453
220.0 -741.43446
240.0 -741.14713
260.0 -741.38249
280.0 -766.02966
300.0 -778.58394
320.0 -768.15995
340.0 -767.4756
360.0 -770.9895
380.0 -775.43604
400.0 -768.33002
420.0 -782.32102
440.0 -784.21072
460.0 -789.75813
480.0 -802.69139
500.0 -791.45968
520.0 -778.82692
540.0 -771.08279
560.0 -750.58281
580.0 -740.68207
600.0 -746.85209
620.0 -760.58833
640.0 -761.11285
660.0 -786.66063
680.0 -788.91329
700.0 -787.00603
720.0 -781.93073
740.0 -772.001
760.0 -780.05871
780.0 -762.36881
800.0 -774.48677
820.0 -772.67213
840.0 -791.78857
860.0 -797.34553
880.0 -793.59394
900.0 -787.31602
920.0 -789.26444
940.0 -784.59725
960.0 -774.10069
980.0 -756.85775
1000.0 -740.42526
1020.0 -743.86472
1040.0 -751.90281
1060.0 -758.87554
1080.0 -771.62471
1100.0 -772.5122
1120.0 -770.7767
1140.0 -757.99221
1160.0 -765.55125
1180.0 -770.95629
1200.0 -759.36835
1220.0 -761.50254
1240.0 -754.25046
1260.0 -760.56295
1280.0 -766.30555
1300.0 -775.29507
1320.0 -782.57649
1340.0 -790.95504
1360.0 -762.37249
1380.0 -763.049
1400.0 -757.46963
1420.0 -759.47512
1440.0 -763.90236
1460.0 -759.03086
1480.0 -765.87545
1500.0 -763.16856
1520.0 -774.57255
1540.0 -772.59289
1560.0 -764.8768
1580.0 -773.22567
1600.0 -756.58631
1620.0 -767.46749
1640.0 -769.50271
1660.0 -779.60479
1680.0 -767.63063
1700.0 -765.70285
1720.0 -765.79429
1740.0 -774.81051
1760.0 -773.1898
1780.0 -781.00857
1800.0 -757.98465
1820.0 -763.00998
1840.0 -772.60152
1860.0 -794.14085
1880.0 -802.22291
1900.0 -798.11247
1920.0 -792.11113
1940.0 -777.30541
1960.0 -771.69258
1980.0 -770.63136
2000.0 -774.18263
2020.0 -760.08487
2040.0 -755.425
2060.0 -758.93454
2080.0 -745.62923
2100.0 -756.69443
2120.0 -775.29589
2140.0 -767.48616
2160.0 -760.60941
2180.0 -766.61517
2200.0 -772.80724
2220.0 -779.14654
2240.0 -783.95013
2260.0 -781.93321
2280.0 -783.60765
2300.0 -784.5479
2320.0 -777.31236
2340.0 -773.65922
2360.0 -766.31555
2380.0 -757.6645
2400.0 -768.94194
2420.0 -784.71824
2440.0 -777.47747
2460.0 -795.8537
2480.0 -805.63742
2500.0 -789.98995
2520.0 -764.49283
2540.0 -764.70662
2560.0 -749.5682
2580.0 -734.47101
2600.0 -740.14655
2620.0 -735.12425
2640.0 -739.65696
2660.0 -745.37068
2680.0 -748.75403
2700.0 -755.35649
2720.0 -756.01082
2740.0 -771.66346
2760.0 -776.26333
2780.0 -783.78896
2800.0 -769.45574
2820.0 -766.64701
2840.0 -770.35668
2860.0 -780.46574
2880.0 -777.0793
2900.0 -783.79615
2920.0 -780.29837
2940.0 -771.85918
2960.0 -773.21118
2980.0 -780.15687
3000.0 -790.86653
3020.0 -784.86318
3040.0 -806.50991
3060.0 -803.45456
3080.0 -796.19578
3100.0 -803.88564
3120.0 -799.25355
3140.0 -779.73681
3160.0 -768.55176
3180.0 -754.67358
3200.0 -742.71289
3220.0 -751.1056
3240.0 -760.31466
3260.0 -760.76732
3280.0 -765.67017
3300.0 -775.43291
3320.0 -784.96208
3340.0 -776.81672
3360.0 -770.50154
3380.0 -763.93656
3400.0 -758.17481
3420.0 -768.47256
3440.0 -785.33325
3460.0 -794.09607
3480.0 -792.18047
3500.0 -803.31199
3520.0 -808.87963
3540.0 -808.02688
3560.0 -799.37184
3580.0 -778.39514
3600.0 -776.61241
3620.0 -758.75962
3640.0 -746.60196
3660.0 -757.86407
3680.0 -767.80656
3700.0 -755.07302
3720.0 -761.13786
3740.0 -766.43077
3760.0 -771.78109
3780.0 -768.99789
3800.0 -762.38615
3820.0 -764.57628
3840.0 -769.08269
3860.0 -771.82825
3880.0 -771.98476
3900.0 -764.21141
3920.0 -758.20856
3940.0 -762.0994
3960.0 -774.90013
3980.0 -780.49384
4000.0 -774.46363
4020.0 -769.10248
4040.0 -754.94305
4060.0 -760.26069
4080.0 -746.06308
4100.0 -760.33612
4120.0 -768.09862
4140.0 -769.85037
4160.0 -761.00409
4180.0 -770.73005
4200.0 -766.93522
4220.0 -751.9166
4240.0 -762.93824
4260.0 -762.33592
4280.0 -770.04049
4300.0 -792.74091
4320.0 -787.10837
4340.0 -785.87893
4360.0 -776.28365
4380.0 -761.98818
4400.0 -743.30674
4420.0 -747.72847
4440.0 -761.72801
4460.0 -772.94297
4480.0 -778.94132
4500.0 -780.99146
4520.0 -784.24686
4540.0 -780.94448
4560.0 -771.31788
4580.0 -767.07056
4600.0 -772.45187
4620.0 -767.60002
4640.0 -776.48762
4660.0 -787.06807
4680.0 -786.51586
4700.0 -794.18654
4720.0 -786.94314
4740.0 -762.81735
4760.0 -747.57934
4780.0 -755.64477
4800.0 -766.55674
4820.0 -770.16473
4840.0 -778.55732
4860.0 -778.36895
4880.0 -763.32493
4900.0 -762.74158
4920.0 -767.07065
4940.0 -766.99732
4960.0 -782.21427
4980.0 -775.69264
5000.0 -770.50071
5020.0 -767.85793
5040.0 -767.00169
5060.0 -768.56503
5080.0 -779.66262
5100.0 -783.42784
5120.0 -784.5273
5140.0 -783.3385
5160.0 -771.00098
5180.0 -778.50624
5200.0 -765.77335
5220.0 -768.05157
5240.0 -763.38762
5260.0 -768.38833
5280.0 -773.52986
5300.0 -768.50723
5320.0 -778.92192
5340.0 -779.29916
5360.0 -779.67321
5380.0 -777.76351
5400.0 -753.95358
5420.0 -753.72006
5440.0 -758.71876
5460.0 -764.59486
5480.0 -775.56543
5500.0 -796.32723
5520.0 -771.96269
5540.0 -757.73592
5560.0 -761.88698
5580.0 -755.12476
5600.0 -752.51008
5620.0 -756.14709
5640.0 -754.5327
5660.0 -752.78831
5680.0 -776.08068
5700.0 -776.19507
5720.0 -765.10316
5740.0 -768.44978
5760.0 -761.61125
5780.0 -766.89454
5800.0 -778.9179
5820.0 -757.01255
5840.0 -768.25746
5860.0 -772.82479
5880.0 -759.41581
5900.0 -744.95591
5920.0 -745.92021
5940.0 -747.2441
5960.0 -751.26999
5980.0 -760.23141
6000.0 -763.00255
6020.0 -765.11791
6040.0 -765.61364
6060.0 -770.30375
6080.0 -766.58594
6100.0 -787.44988
6120.0 -782.19834
6140.0 -767.37876
6160.0 -747.74352
6180.0 -741.38243
6200.0 -755.32782
6220.0 -757.16503
6240.0 -771.95278
6260.0 -762.78789
6280.0 -753.95394
6300.0 -759.6645
6320.0 -758.3873
6340.0 -759.52875
6360.0 -769.36905
6380.0 -765.05138
6400.0 -766.95893
6420.0 -768.09766
6440.0 -768.43357
6460.0 -763.34953
6480.0 -756.03336
6500.0 -773.44793
6520.0 -776.0424
6540.0 -764.34372
6560.0 -758.64827
6580.0 -751.08939
6600.0 -745.15256
6620.0 -746.49378
6640.0 -755.83535
6660.0 -766.76895
6680.0 -768.40435
6700.0 -770.37699
6720.0 -788.56578
6740.0 -781.98848
6760.0 -790.36326
6780.0 -791.23905
6800.0 -760.31633
6820.0 -735.91828
6840.0 -729.62268
6860.0 -735.54642
6880.0 -752.59962
6900.0 -768.76462
6920.0 -783.92697
6940.0 -775.37157
6960.0 -763.60928
6980.0 -757.09562
7000.0 -759.00263
7020.0 -752.44503
7040.0 -759.50659
7060.0 -780.21839
7080.0 -771.37231
7100.0 -763.18884
7120.0 -774.08309
7140.0 -778.34819
7160.0 -775.96645
7180.0 -785.31943
7200.0 -775.19519
7220.0 -782.40497
7240.0 -771.04955
7260.0 -755.10251
7280.0 -741.74282
7300.0 -736.99767
7320.0 -732.08377
7340.0 -730.25195
7360.0 -731.64502
7380.0 -727.91214
7400.0 -726.70152
7420.0 -748.01084
7440.0 -767.13667
7460.0 -785.53017
7480.0 -766.77993
7500.0 -767.31803
7520.0 -764.84733
7540.0 -772.91607
7560.0 -765.01938
7580.0 -775.30876
7600.0 -780.66069
7620.0 -777.81013
7640.0 -763.98464
7660.0 -758.79856
7680.0 -749.55028
7700.0 -761.99258
7720.0 -765.46535
7740.0 -761.97748
7760.0 -752.27744
7780.0 -760.7508
7800.0 -758.29076
7820.0 -773.91597
7840.0 -763.45845
7860.0 -761.63584
7880.0 -756.25262
7900.0 -767.23532
7920.0 -760.72908
7940.0 -772.58053
7960.0 -761.14592
7980.0 -767.13331
8000.0 -760.10182
8020.0 -751.41849
8040.0 -735.50136
8060.0 -762.653
8080.0 -765.81601
8100.0 -763.97783
8120.0 -769.60835
8140.0 -774.26648
8160.0 -768.18679
8180.0 -767.58696
8200.0 -770.56859
8220.0 -784.9661
8240.0 -785.5314
8260.0 -778.97064
8280.0 -784.44558
8300.0 -786.92168
8320.0 -811.78459
8340.0 -784.70554
8360.0 -774.48638
8380.0 -783.3605
8400.0 -772.08111
8420.0 -766.2653
8440.0 -759.9521
8460.0 -760.66061
8480.0 -767.28655
8500.0 -781.28209
8520.0 -785.6367
8540.0 -772.75533
8560.0 -770.27894
8580.0 -775.2369
8600.0 -767.90251
8620.0 -768.37312
8640.0 -773.9034
8660.0 -777.49685
8680.0 -782.30827
8700.0 -768.82622
8720.0 -760.4025
8740.0 -753.26346
8760.0 -762.15938
8780.0 -750.61687
8800.0 -765.83433
8820.0 -762.43222
8840.0 -766.99014
8860.0 -766.1266
8880.0 -767.52535
8900.0 -755.45442
8920.0 -756.99789
8940.0 -767.04641
8960.0 -776.68364
8980.0 -774.65123
9000.0 -759.10475
9020.0 -757.41735
9040.0 -760.49964
9060.0 -759.07489
9080.0 -761.88809
9100.0 -779.66275
9120.0 -772.24397
9140.0 -763.23056
9160.0 -752.61896
9180.0 -764.38151
9200.0 -750.36876
9220.0 -770.19193
9240.0 -771.70302
9260.0 -769.31803
9280.0 -775.02281
9300.0 -761.3526
9320.0 -769.06807
9340.0 -770.7238
9360.0 -776.00483
9380.0 -775.32003
9400.0 -789.22704
9420.0 -783.48328
9440.0 -789.13741
9460.0 -787.23639
9480.0 -799.4622
9500.0 -813.17828
9520.0 -785.66035
9540.0 -772.50873
9560.0 -767.26358
9580.0 -771.30576
9600.0 -766.3589
9620.0 -773.51662
9640.0 -788.16337
9660.0 -798.71303
9680.0 -796.66888
9700.0 -798.28836
9720.0 -794.34247
9740.0 -760.84583
9760.0 -741.34453
9780.0 -735.77532
9800.0 -750.19607
9820.0 -740.31396
9840.0 -746.98269
9860.0 -736.79876
9880.0 -734.35518
9900.0 -756.4669
9920.0 -768.27469
9940.0 -769.2338
9960.0 -761.11999
9980.0 -753.90506
10000.0 -751.30682
