0.0 952.70177
20.0 3864.0083
40.0 4135.2768
60.0 4355.6345
80.0 4598.7747
100.0 4805.1898
120.0 4876.3183
140.0 4962.5454
160.0 5265.8445
180.0 5211.5313
200.0 5369.7869
220.0 5480.8982
240.0 5660.9048
260.0 5535.0337
280.0 5937.3128
300.0 5913.6302
320.0 5799.6321
340.0 5892.1064
360.0 5882.2223
380.0 6097.0109
400.0 6062.792
420.0 6266.9158
440.0 6096.7762
460.0 5953.2192
480.0 5910.3314
500.0 6105.1252
520.0 5954.0116
540.0 6110.0533
560.0 6102.0032
580.0 6038.7174
600.0 5967.9857
620.0 5975.7568
640.0 5975.0307
660.0 5914.9326
680.0 6081.897
700.0 6133.4636
720.0 6262.1959
740.0 6115.5241
760.0 6020.9406
780.0 6213.3602
800.0 5770.451
820.0 5994.8184
840.0 5829.959
860.0 5916.9968
880.0 5912.0101
900.0 5825.3846
920.0 6053.4573
940.0 5945.1839
960.0 5923.441
980.0 6106.2644
1000.0 6080.0963
1020.0 5891.0417
1040.0 6107.346
1060.0 6004.0371
1080.0 5997.7832
1100.0 6071.7451
1120.0 6000.3176
1140.0 5901.6745
1160.0 5806.1727
1180.0 5877.274
1200.0 6000.1221
1220.0 6007.6441
1240.0 5856.4398
1260.0 5781.4412
1280.0 5869.8401
1300.0 5779.4975
1320.0 5712.2617
1340.0 5656.1918
1360.0 5810.717
1380.0 5849.0627
1400.0 5803.1181
1420.0 5702.6791
1440.0 5842.4423
1460.0 5923.7942
1480.0 5759.2326
1500.0 5844.3896
1520.0 5687.5694
1540.0 5834.6808
1560.0 5979.9608
1580.0 6031.2977
1600.0 5945.7495
1620.0 5929.1108
1640.0 6107.7247
1660.0 5917.8949
1680.0 6057.8276
1700.0 6213.6754
1720.0 6145.2292
1740.0 6070.2093
1760.0 6073.3705
1780.0 6095.8042
1800.0 6129.7087
1820.0 6018.2725
1840.0 6013.5288
1860.0 6038.2603
1880.0 6219.0144
1900.0 5825.8011
1920.0 5960.3979
1940.0 6132.16
1960.0 6035.8675
1980.0 5998.582
2000.0 6091.5865
2020.0 5966.5932
2040.0 6115.9436
2060.0 6119.7296
2080.0 6139.159
2100.0 6068.3703
2120.0 6235.6658
2140.0 6263.7141
2160.0 6185.632
2180.0 6146.7504
2200.0 5993.2147
2220.0 5982.0385
2240.0 5972.8919
2260.0 5958.261
2280.0 5883.9908
2300.0 5941.7731
2320.0 5741.232
2340.0 5814.0629
2360.0 5775.7477
2380.0 5854.2473
2400.0 5928.9767
2420.0 5929.407
2440.0 6099.5285
2460.0 5808.6651
2480.0 5832.2047
2500.0 5615.107
2520.0 5834.2889
2540.0 5760.0006
2560.0 5881.9715
2580.0 5882.799
2600.0 5927.6927
2620.0 5691.61
2640.0 5869.272
2660.0 5925.2125
2680.0 5805.4448
2700.0 5827.3953
2720.0 6044.7519
2740.0 5883.6173
2760.0 5942.3524
2780.0 5904.4451
2800.0 6042.6331
2820.0 6111.8059
2840.0 5865.2202
2860.0 6094.9749
2880.0 5671.2551
2900.0 5884.2066
2920.0 5993.6046
2940.0 5996.9892
2960.0 5917.8228
2980.0 5989.3955
3000.0 5891.2115
3020.0 5846.9617
3040.0 5787.8479
3060.0 6046.5579
3080.0 5867.4037
3100.0 5905.0734
3120.0 5766.366
3140.0 5786.7553
3160.0 5833.0467
3180.0 5969.2593
3200.0 5830.1966
3220.0 6273.6217
3240.0 6031.3858
3260.0 6002.2484
3280.0 6131.7376
3300.0 5874.305
3320.0 5960.7025
3340.0 5890.6708
3360.0 5819.8244
3380.0 5816.8333
3400.0 5861.712
3420.0 5904.9425
3440.0 5799.4726
3460.0 5989.2799
3480.0 5936.5651
3500.0 6061.542
3520.0 6209.6517
3540.0 6082.1102
3560.0 6051.2429
3580.0 5898.1953
3600.0 5914.9987
3620.0 5856.9095
3640.0 6208.7184
3660.0 6051.5796
3680.0 6148.005
3700.0 6144.8154
3720.0 6068.0087
3740.0 6224.241
3760.0 6151.1786
3780.0 6067.3645
3800.0 6014.1477
3820.0 5971.7295
3840.0 6180.3852
3860.0 6169.0595
3880.0 5989.9471
3900.0 6157.0506
3920.0 6077.3369
3940.0 6168.7904
3960.0 6153.0458
3980.0 6044.9872
4000.0 5881.0509
4020.0 5906.2305
4040.0 6136.5996
4060.0 5835.1251
4080.0 6350.6269
4100.0 6138.7869
4120.0 6016.925
4140.0 6048.0781
4160.0 6120.8446
4180.0 6067.2187
4200.0 6049.1242
4220.0 5834.5517
4240.0 5769.2397
4260.0 6152.2227
4280.0 5866.3282
4300.0 5882.9095
4320.0 5742.4309
4340.0 5781.8934
4360.0 5928.3744
4380.0 5897.2435
4400.0 6048.4677
4420.0 5970.0058
4440.0 6023.7073
4460.0 6013.6533
4480.0 5973.3102
4500.0 5965.2853
4520.0 5913.4084
4540.0 5704.6173
4560.0 5915.0886
4580.0 5733.2589
4600.0 5707.5619
4620.0 5722.4916
4640.0 5549.4179
4660.0 5618.6095
4680.0 5645.4866
4700.0 5570.5302
4720.0 5647.6777
4740.0 5876.346
4760.0 6049.0445
4780.0 5917.2579
4800.0 5843.1318
4820.0 6055.8524
4840.0 5732.0572
4860.0 5809.2671
4880.0 5762.6453
4900.0 5828.6165
4920.0 5870.3127
4940.0 5802.7523
4960.0 5529.7985
4980.0 5778.2518
5000.0 5939.4104
5020.0 5868.3742
5040.0 5861.4084
5060.0 5869.2952
5080.0 5691.8453
5100.0 5791.5013
5120.0 5635.5979
5140.0 5834.0833
5160.0 5954.2331
5180.0 5951.8534
5200.0 5755.2693
5220.0 5865.0587
5240.0 6000.6779
5260.0 5821.3406
5280.0 5976.1198
5300.0 5951.3159
5320.0 5969.9466
5340.0 5884.4227
5360.0 6051.0683
5380.0 6045.9822
5400.0 6308.3577
5420.0 5957.1586
5440.0 5866.0967
5460.0 5941.8576
5480.0 6049.6248
5500.0 5989.7082
5520.0 6057.8489
5540.0 6063.3789
5560.0 6149.442
5580.0 6043.0698
5600.0 5877.7886
5620.0 6042.4792
5640.0 5998.3561
5660.0 5933.2135
5680.0 5951.9333
5700.0 6199.4009
5720.0 6120.4653
5740.0 6068.2024
5760.0 6277.4968
5780.0 5882.2997
5800.0 6229.3811
5820.0 6091.3129
5840.0 6085.2907
5860.0 6146.9392
5880.0 6249.0283
5900.0 5923.1185
5920.0 6129.7339
5940.0 6095.2769
5960.0 6289.9472
5980.0 6002.4824
6000.0 6039.7462
6020.0 5988.8102
6040.0 6083.8276
6060.0 5976.6336
6080.0 6024.4213
6100.0 6101.2064
6120.0 6049.0713
6140.0 5965.5334
6160.0 6030.3836
6180.0 5792.9928
6200.0 5804.0105
6220.0 5934.3096
6240.0 5894.9659
6260.0 5928.9496
6280.0 5830.3015
6300.0 5943.0821
6320.0 6068.9932
6340.0 5986.8107
6360.0 6001.8027
6380.0 6065.85
6400.0 5913.322
6420.0 5964.7042
6440.0 5866.2342
6460.0 5853.9351
6480.0 5567.6606
6500.0 5841.5393
6520.0 5671.2684
6540.0 5972.6459
6560.0 5967.984
6580.0 6058.0093
6600.0 5910.1992
6620.0 6044.7985
6640.0 6017.1906
6660.0 5905.3833
6680.0 5934.7488
6700.0 5821.7356
6720.0 5848.0484
6740.0 5933.4515
6760.0 5998.701
6780.0 5963.7158
6800.0 5971.7134
6820.0 5998.5637
6840.0 5981.36
6860.0 6060.5053
6880.0 6036.1759
6900.0 5914.7087
6920.0 6075.9044
6940.0 5938.5172
6960.0 6016.1684
6980.0 6063.1218
7000.0 5885.8626
7020.0 5932.5739
7040.0 6114.005
7060.0 5869.2474
7080.0 6230.0117
7100.0 5932.4382
7120.0 5926.3722
7140.0 5813.2614
7160.0 6015.1555
7180.0 6039.6891
7200.0 6005.9276
7220.0 5998.4594
7240.0 6081.2202
7260.0 5918.8263
7280.0 6000.2308
7300.0 5891.0194
7320.0 5761.1252
7340.0 5964.9693
7360.0 6058.7567
7380.0 5933.7598
7400.0 5836.7332
7420.0 6124.1306
7440.0 6042.1247
7460.0 6108.8736
7480.0 5939.609
7500.0 5900.6277
7520.0 6124.0925
7540.0 5956.6478
7560.0 5954.3618
7580.0 6026.8721
7600.0 6061.2114
7620.0 5990.8277
7640.0 6071.9468
7660.0 5982.7719
7680.0 5880.7236
7700.0 6073.5489
7720.0 6003.8524
7740.0 6176.1738
7760.0 6030.978
7780.0 6056.6029
7800.0 6067.2795
7820.0 5903.9653
7840.0 6013.8568
7860.0 5785.2384
7880.0 5918.6563
7900.0 5771.0306
7920.0 5904.1527
7940.0 5877.0694
7960.0 5908.5916
7980.0 5849.921
8000.0 6005.4527
8020.0 5820.9348
8040.0 5960.4469
8060.0 5986.2256
8080.0 5815.6609
8100.0 5873.4233
8120.0 5852.2081
8140.0 5719.6093
8160.0 5852.1202
8180.0 5848.8716
8200.0 6078.2121
8220.0 5892.0753
8240.0 5995.0123
8260.0 5869.1148
8280.0 5802.1173
8300.0 6000.5324
8320.0 5786.8409
8340.0 5855.7315
8360.0 6060.8794
8380.0 6015.9282
8400.0 5880.3162
8420.0 6008.9072
8440.0 6169.6743
8460.0 5990.9273
8480.0 6007.2234
8500.0 5957.599
8520.0 5774.3226
8540.0 5844.0431
8560.0 5719.4965
8580.0 5793.3351
8600.0 6029.3
8620.0 5810.6403
8640.0 5893.8576
8660.0 5920.8315
8680.0 5910.8143
8700.0 5957.4587
8720.0 5959.4681
8740.0 6147.0328
8760.0 5946.5389
8780.0 5837.9856
8800.0 6100.512
8820.0 5966.6409
8840.0 5973.7744
8860.0 6026.2236
8880.0 6078.3499
8900.0 5987.3698
8920.0 6111.3784
8940.0 5899.2562
8960.0 6346.0099
8980.0 5921.0502
9000.0 6213.1166
9020.0 6117.9393
9040.0 6099.532
9060.0 6061.0091
9080.0 6070.252
9100.0 5971.4193
9120.0 6196.4351
9140.0 6049.7013
9160.0 6324.2342
9180.0 5970.7186
9200.0 6245.9696
9220.0 6079.6571
9240.0 6073.3747
9260.0 6200.7724
9280.0 6172.7021
9300.0 6167.3999
9320.0 6132.1376
9340.0 6086.1152
9360.0 6166.663
9380.0 6072.7652
9400.0 6060.6844
9420.0 5873.6506
9440.0 6092.3967
9460.0 5954.0159
9480.0 5905.4523
9500.0 5996.1703
9520.0 5990.4703
9540.0 5902.1705
9560.0 5875.2756
9580.0 5941.4185
9600.0 6006.8416
9620.0 6010.4037
9640.0 5853.6903
9660.0 5716.7066
9680.0 5934.3935
9700.0 5602.9759
9720.0 5988.5318
9740.0 5914.5796
9760.0 5780.2677
9780.0 5965.333
9800.0 5943.0508
9820.0 5964.1304
9840.0 5858.434
9860.0 6194.0935
9880.0 6236.6378
9900.0 5927.5418
9920.0 6113.34
9940.0 6044.4698
9960.0 6026.4049
9980.0 6105.3883
10000.0 6032.73
