0.0 -1203.1694
20.0 -1190.0829
40.0 -1190.6019
60.0 -1190.4714
80.0 -1189.8134
100.0 -1189.8926
120.0 -1188.924
140.0 -1187.3956
160.0 -1187.0001
180.0 -1186.5214
200.0 -1185.6865
220.0 -1184.007
240.0 -1183.0174
260.0 -1182.0722
280.0 -1179.6267
300.0 -1178.8193
320.0 -1177.8463
340.0 -1175.6195
360.0 -1173.9847
380.0 -1173.3711
400.0 -1172.088
420.0 -1171.2249
440.0 -1170.442
460.0 -1169.5526
480.0 -1168.3481
500.0 -1167.5653
520.0 -1165.761
540.0 -1165.3701
560.0 -1163.2416
580.0 -1162.1889
600.0 -1161.3969
620.0 -1160.5639
640.0 -1159.5705
660.0 -1158.6497
680.0 -1158.3868
700.0 -1156.0862
720.0 -1155.4582
740.0 -1154.8173
760.0 -1153.353
780.0 -1151.2389
800.0 -1150.1744
820.0 -1148.8795
840.0 -1146.7497
860.0 -1144.8025
880.0 -1143.3288
900.0 -1141.854
920.0 -1141.009
940.0 -1139.8232
960.0 -1138.0733
980.0 -1136.5591
1000.0 -1135.4226
1020.0 -1134.167
1040.0 -1131.6438
1060.0 -1131.0153
1080.0 -1129.4943
1100.0 -1128.3109
1120.0 -1126.4394
1140.0 -1125.4797
1160.0 -1123.4901
1180.0 -1121.3481
1200.0 -1118.8616
1220.0 -1118.0601
1240.0 -1116.5292
1260.0 -1114.6635
1280.0 -1111.9587
1300.0 -1110.5627
1320.0 -1109.6331
1340.0 -1107.7331
1360.0 -1106.2729
1380.0 -1104.5336
1400.0 -1102.806
1420.0 -1101.4812
1440.0 -1099.2568
1460.0 -1097.599
1480.0 -1095.1526
1500.0 -1093.4016
1520.0 -1092.3808
1540.0 -1091.0467
1560.0 -1089.1833
1580.0 -1087.9304
1600.0 -1086.2391
1620.0 -1085.5988
1640.0 -1083.4283
1660.0 -1081.1102
1680.0 -1079.4167
1700.0 -1077.6899
1720.0 -1075.9601
1740.0 -1074.7682
1760.0 -1072.801
1780.0 -1071.5133
1800.0 -1069.0936
1820.0 -1065.9444
1840.0 -1064.4942
1860.0 -1061.6735
1880.0 -1057.8251
1900.0 -1055.8787
1920.0 -1054.1306
1940.0 -1050.2865
1960.0 -1046.9454
1980.0 -1045.1392
2000.0 -1043.5611
2020.0 -1041.682
2040.0 -1039.0293
2060.0 -1037.6744
2080.0 -1035.3068
2100.0 -1032.7718
2120.0 -1031.7077
2140.0 -1030.2585
2160.0 -1028.324
2180.0 -1026.2404
2200.0 -1023.888
2220.0 -1022.2503
2240.0 -1020.6017
2260.0 -1018.9917
2280.0 -1016.8911
2300.0 -1013.9036
2320.0 -1012.2473
2340.0 -1010.1951
2360.0 -1008.4364
2380.0 -1006.6067
2400.0 -1005.4819
2420.0 -1003.8256
2440.0 -1001.8752
2460.0 -999.93941
2480.0 -998.13493
2500.0 -995.81164
2520.0 -994.61715
2540.0 -992.3435
2560.0 -990.64864
2580.0 -988.99747
2600.0 -985.79004
2620.0 -984.8172
2640.0 -982.22038
2660.0 -981.04604
2680.0 -979.50188
2700.0 -977.45897
2720.0 -974.26882
2740.0 -972.55961
2760.0 -969.39623
2780.0 -966.83577
2800.0 -963.43573
2820.0 -962.36245
2840.0 -960.43368
2860.0 -958.18133
2880.0 -957.04035
2900.0 -954.89237
2920.0 -953.08106
2940.0 -951.57511
2960.0 -949.42954
2980.0 -948.13499
3000.0 -946.30508
3020.0 -943.35847
3040.0 -941.31991
3060.0 -939.3636
3080.0 -937.23007
3100.0 -935.36037
3120.0 -933.9017
3140.0 -931.19975
3160.0 -929.3045
3180.0 -927.77284
3200.0 -925.39116
3220.0 -923.81448
3240.0 -921.75611
3260.0 -920.7843
3280.0 -918.67745
3300.0 -915.73508
3320.0 -912.62012
3340.0 -911.0562
3360.0 -909.85585
3380.0 -908.09251
3400.0 -905.34803
3420.0 -903.53985
3440.0 -902.14537
3460.0 -900.59452
3480.0 -898.03893
3500.0 -895.54348
3520.0 -894.10045
3540.0 -892.85121
3560.0 -890.10371
3580.0 -889.39704
3600.0 -887.26689
3620.0 -884.68409
3640.0 -883.28422
3660.0 -881.1156
3680.0 -880.57336
3700.0 -878.59192
3720.0 -876.08674
3740.0 -873.98614
3760.0 -872.98668
3780.0 -870.94039
3800.0 -868.88049
3820.0 -866.39744
3840.0 -864.03482
3860.0 -862.27231
3880.0 -860.86363
3900.0 -859.21843
3920.0 -856.91658
3940.0 -855.68704
3960.0 -853.96952
3980.0 -851.97125
4000.0 -850.01996
4020.0 -847.24598
4040.0 -845.19041
4060.0 -843.26408
4080.0 -841.40903
4100.0 -840.628
4120.0 -838.62322
4140.0 -837.58624
4160.0 -835.42564
4180.0 -833.6693
4200.0 -832.70239
4220.0 -831.54115
4240.0 -829.18794
4260.0 -827.90585
4280.0 -826.73231
4300.0 -825.40379
4320.0 -823.19633
4340.0 -821.23085
4360.0 -819.5305
4380.0 -817.99924
4400.0 -816.58316
4420.0 -815.60971
4440.0 -813.13834
4460.0 -812.1738
4480.0 -810.69731
4500.0 -808.14963
4520.0 -806.77002
4540.0 -805.31854
4560.0 -804.19709
4580.0 -803.18393
4600.0 -802.26719
4620.0 -800.51481
4640.0 -798.8067
4660.0 -797.22579
4680.0 -795.63297
4700.0 -794.28057
4720.0 -792.78859
4740.0 -791.80566
4760.0 -790.96496
4780.0 -788.91968
4800.0 -786.99637
4820.0 -786.52932
4840.0 -784.62699
4860.0 -783.59431
4880.0 -781.69742
4900.0 -780.18978
4920.0 -777.73384
4940.0 -775.7698
4960.0 -774.96492
4980.0 -773.3542
5000.0 -771.67674
5020.0 -770.67059
5040.0 -772.21727
5060.0 -769.32821
5080.0 -768.85463
5100.0 -767.37226
5120.0 -766.07634
5140.0 -764.86784
5160.0 -763.72396
5180.0 -762.50588
5200.0 -760.61265
5220.0 -758.80711
5240.0 -757.38843
5260.0 -756.08791
5280.0 -754.34022
5300.0 -753.98326
5320.0 -752.35209
5340.0 -751.00367
5360.0 -749.80466
5380.0 -746.98152
5400.0 -745.07549
5420.0 -743.659
5440.0 -743.2052
5460.0 -741.96375
5480.0 -740.76501
5500.0 -740.05998
5520.0 -738.87867
5540.0 -738.12064
5560.0 -738.0223
5580.0 -736.34742
5600.0 -735.2065
5620.0 -734.33661
5640.0 -734.26714
5660.0 -733.4302
5680.0 -732.66134
5700.0 -731.73564
5720.0 -731.74719
5740.0 -731.1953
5760.0 -729.5953
5780.0 -729.40365
5800.0 -728.63279
5820.0 -727.49844
5840.0 -727.27893
5860.0 -726.89417
5880.0 -726.43751
5900.0 -725.4433
5920.0 -724.88758
5940.0 -724.93597
5960.0 -724.39035
5980.0 -723.55221
6000.0 -722.59246
6020.0 -722.41837
6040.0 -722.03998
6060.0 -721.41266
6080.0 -721.28929
6100.0 -720.36135
6120.0 -719.76205
6140.0 -719.1968
6160.0 -719.33809
6180.0 -719.01823
6200.0 -719.5854
6220.0 -718.63572
6240.0 -718.92385
6260.0 -719.78778
6280.0 -719.25061
6300.0 -719.14352
6320.0 -718.6824
6340.0 -718.78023
6360.0 -718.04367
6380.0 -718.40923
6400.0 -718.52369
6420.0 -717.66559
6440.0 -717.26013
6460.0 -717.26758
6480.0 -717.80894
6500.0 -717.53626
6520.0 -717.62754
6540.0 -717.57748
6560.0 -721.46221
6580.0 -721.60978
6600.0 -722.74317
6620.0 -722.73507
6640.0 -719.72005
6660.0 -720.3405
6680.0 -720.15201
6700.0 -721.67014
6720.0 -721.71535
6740.0 -722.23702
6760.0 -722.66494
6780.0 -722.23205
6800.0 -722.60851
6820.0 -723.82628
6840.0 -723.61659
6860.0 -723.66042
6880.0 -725.04606
6900.0 -725.7059
6920.0 -725.78661
6940.0 -726.80108
6960.0 -727.34291
6980.0 -727.77937
7000.0 -728.17284
7020.0 -728.86659
7040.0 -729.00375
7060.0 -730.48664
7080.0 -731.05642
7100.0 -732.94307
7120.0 -733.62059
7140.0 -734.58206
7160.0 -732.64214
7180.0 -733.72051
7200.0 -733.51343
7220.0 -734.51139
7240.0 -734.83757
7260.0 -735.08309
7280.0 -736.54709
7300.0 -735.94634
7320.0 -737.24182
7340.0 -738.33797
7360.0 -738.81289
7380.0 -740.29052
7400.0 -740.73128
7420.0 -741.99179
7440.0 -742.81232
7460.0 -743.50079
7480.0 -743.81526
7500.0 -744.51389
7520.0 -745.84161
7540.0 -746.45993
7560.0 -747.99766
7580.0 -749.02187
7600.0 -750.55369
7620.0 -750.80115
7640.0 -751.82611
7660.0 -752.98816
7680.0 -753.54838
7700.0 -754.79609
7720.0 -755.12333
7740.0 -757.22776
7760.0 -758.35323
7780.0 -759.21162
7800.0 -760.11451
7820.0 -761.20441
7840.0 -761.43724
7860.0 -762.28605
7880.0 -763.92783
7900.0 -765.23969
7920.0 -767.3815
7940.0 -767.96995
7960.0 -768.60436
7980.0 -769.72808
8000.0 -770.82958
8020.0 -771.1915
8040.0 -772.4966
8060.0 -772.9119
8080.0 -773.66155
8100.0 -775.20278
8120.0 -775.01691
8140.0 -775.51802
8160.0 -775.84536
8180.0 -777.2642
8200.0 -777.19354
8220.0 -777.6327
8240.0 -778.75788
8260.0 -778.9782
8280.0 -779.93657
8300.0 -781.145
8320.0 -781.56661
8340.0 -781.13763
8360.0 -781.93736
8380.0 -783.56451
8400.0 -783.79987
8420.0 -785.05553
8440.0 -785.23404
8460.0 -785.26635
8480.0 -784.98438
8500.0 -786.16128
8520.0 -787.00549
8540.0 -787.72663
8560.0 -787.74244
8580.0 -788.58999
8600.0 -789.53515
8620.0 -790.00155
8640.0 -790.22212
8660.0 -790.69654
8680.0 -791.25183
8700.0 -792.91713
8720.0 -792.17365
8740.0 -793.22479
8760.0 -792.88439
8780.0 -793.99572
8800.0 -794.70397
8820.0 -795.44113
8840.0 -794.84247
8860.0 -795.2998
8880.0 -795.997
8900.0 -797.33363
8920.0 -798.81693
8940.0 -799.10235
8960.0 -799.40274
8980.0 -799.62094
9000.0 -799.7332
9020.0 -798.19845
9040.0 -799.51818
9060.0 -799.03399
9080.0 -799.89055
9100.0 -799.64403
9120.0 -798.98018
9140.0 -799.41026
9160.0 -798.88401
9180.0 -799.44457
9200.0 -800.82696
9220.0 -800.13832
9240.0 -800.34134
9260.0 -799.7243
9280.0 -800.26418
9300.0 -800.77634
9320.0 -801.19219
9340.0 -800.25836
9360.0 -800.35849
9380.0 -800.77963
9400.0 -801.19329
9420.0 -802.46886
9440.0 -803.24489
9460.0 -803.04616
9480.0 -803.6152
9500.0 -804.29012
9520.0 -804.15207
9540.0 -805.35629
9560.0 -805.33904
9580.0 -804.64935
9600.0 -805.6597
9620.0 -805.36048
9640.0 -804.85993
9660.0 -805.71612
9680.0 -805.27919
9700.0 -806.13982
9720.0 -805.85475
9740.0 -804.76311
9760.0 -804.86759
9780.0 -805.27578
9800.0 -804.71837
9820.0 -806.32433
9840.0 -805.60254
9860.0 -806.79835
9880.0 -807.12943
9900.0 -806.61772
9920.0 -805.52053
9940.0 -806.31601
9960.0 -805.65021
9980.0 -805.16296
10000.0 -805.15432
