0.0 180.0
20.0 97.653692
40.0 103.27671
60.0 110.32714
80.0 117.30274
100.0 127.95325
120.0 134.31981
140.0 143.96222
160.0 151.80665
180.0 159.75656
200.0 165.83153
220.0 174.37015
240.0 178.48961
260.0 186.14452
280.0 191.16184
300.0 183.42848
320.0 184.62337
340.0 186.05414
360.0 190.80157
380.0 184.7722
400.0 177.97999
420.0 175.71753
440.0 178.17186
460.0 172.47149
480.0 173.82356
500.0 168.29515
520.0 176.19296
540.0 179.12998
560.0 181.40985
580.0 174.30821
600.0 176.59227
620.0 184.49144
640.0 190.57458
660.0 183.67342
680.0 181.42227
700.0 185.90599
720.0 178.28109
740.0 170.81984
760.0 181.70234
780.0 171.19826
800.0 175.16675
820.0 172.77132
840.0 172.41723
860.0 176.57818
880.0 178.93575
900.0 176.84167
920.0 185.86772
940.0 184.58284
960.0 187.58474
980.0 183.97705
1000.0 180.97545
1020.0 177.78697
1040.0 176.24358
1060.0 178.94277
1080.0 180.1027
1100.0 176.58177
1120.0 174.07796
1140.0 173.9948
1160.0 179.74034
1180.0 181.39173
1200.0 188.49381
1220.0 188.12202
1240.0 189.09069
1260.0 185.74027
1280.0 183.01515
1300.0 176.81174
1320.0 172.21777
1340.0 181.89911
1360.0 179.75556
1380.0 178.13332
1400.0 176.96004
1420.0 174.87211
1440.0 178.18643
1460.0 185.61947
1480.0 176.16653
1500.0 174.77258
1520.0 187.37238
1540.0 182.20815
1560.0 184.93818
1580.0 183.37922
1600.0 183.98648
1620.0 177.35557
1640.0 177.59463
1660.0 176.80438
1680.0 182.73152
1700.0 180.07038
1720.0 177.09379
1740.0 178.18699
1760.0 184.21995
1780.0 184.92232
1800.0 177.09932
1820.0 175.57673
1840.0 175.30209
1860.0 173.93909
1880.0 170.78011
1900.0 178.33259
1920.0 181.62186
1940.0 183.20066
1960.0 188.25277
1980.0 186.40466
2000.0 183.18619
2020.0 181.42959
2040.0 175.98342
2060.0 177.80252
2080.0 171.46661
2100.0 173.50941
2120.0 168.01508
2140.0 173.73971
2160.0 179.78337
2180.0 181.63467
2200.0 188.03874
2220.0 175.87277
2240.0 182.47437
2260.0 182.16672
2280.0 184.01518
2300.0 181.527
2320.0 174.31139
2340.0 173.94234
2360.0 179.28035
2380.0 177.2039
2400.0 177.42069
2420.0 180.37308
2440.0 177.21571
2460.0 183.44195
2480.0 183.83743
2500.0 186.09288
2520.0 186.72407
2540.0 185.58252
2560.0 188.47041
2580.0 184.13674
2600.0 187.7336
2620.0 183.53085
2640.0 177.08757
2660.0 175.1982
2680.0 178.92221
2700.0 173.18396
2720.0 170.54583
2740.0 180.61604
2760.0 180.24932
2780.0 185.00744
2800.0 185.08091
2820.0 181.97262
2840.0 188.64225
2860.0 189.36506
2880.0 183.6095
2900.0 189.21766
2920.0 181.85462
2940.0 175.82615
2960.0 176.92353
2980.0 174.23264
3000.0 175.47003
3020.0 175.28644
3040.0 183.33183
3060.0 179.68031
3080.0 177.00603
3100.0 188.60164
3120.0 185.37789
3140.0 180.09047
3160.0 186.05218
3180.0 186.24694
3200.0 179.76731
3220.0 177.24359
3240.0 175.09357
3260.0 174.19141
3280.0 172.83084
3300.0 168.75435
3320.0 172.90588
3340.0 182.66657
3360.0 182.53868
3380.0 187.35902
3400.0 189.27229
3420.0 184.71951
3440.0 184.60143
3460.0 175.76595
3480.0 177.93566
3500.0 178.7659
3520.0 181.61289
3540.0 175.29015
3560.0 183.34538
3580.0 184.99939
3600.0 181.52057
3620.0 180.59736
3640.0 183.50507
3660.0 183.09221
3680.0 188.27867
3700.0 191.09768
3720.0 178.9699
3740.0 186.37475
3760.0 184.38225
3780.0 174.96156
3800.0 175.11508
3820.0 178.5153
3840.0 172.03172
3860.0 176.51251
3880.0 178.21722
3900.0 185.06106
3920.0 177.16612
3940.0 178.90403
3960.0 191.35476
3980.0 183.95575
4000.0 184.96041
4020.0 179.09518
4040.0 182.32546
4060.0 181.82028
4080.0 188.37185
4100.0 178.29437
4120.0 181.6532
4140.0 174.56674
4160.0 173.55144
4180.0 173.48095
4200.0 175.88885
4220.0 182.89494
4240.0 187.18455
4260.0 179.51374
4280.0 187.57005
4300.0 187.17197
4320.0 184.83606
4340.0 181.14759
4360.0 181.39479
4380.0 177.62561
4400.0 183.88673
4420.0 177.91444
4440.0 178.55333
4460.0 176.16341
4480.0 178.74258
4500.0 181.63647
4520.0 178.04055
4540.0 176.853
4560.0 176.24981
4580.0 176.22136
4600.0 186.53599
4620.0 190.42058
4640.0 189.46602
4660.0 186.85531
4680.0 183.69915
4700.0 183.84088
4720.0 185.42962
4740.0 181.34926
4760.0 186.03042
4780.0 180.10207
4800.0 176.19306
4820.0 181.76018
4840.0 186.21544
4860.0 182.41984
4880.0 183.34897
4900.0 182.98709
4920.0 183.74146
4940.0 181.83838
4960.0 179.30053
4980.0 173.28149
5000.0 179.31718
5020.0 175.818
5040.0 175.94875
5060.0 176.4856
5080.0 180.71848
5100.0 180.92035
5120.0 187.87318
5140.0 185.81461
5160.0 188.6848
5180.0 188.33135
5200.0 184.90014
5220.0 187.58704
5240.0 182.90742
5260.0 179.16619
5280.0 180.2249
5300.0 175.52191
5320.0 180.5062
5340.0 177.11232
5360.0 180.68147
5380.0 179.54029
5400.0 182.4042
5420.0 184.07406
5440.0 184.18635
5460.0 184.31127
5480.0 178.7707
5500.0 190.94445
5520.0 179.37534
5540.0 186.66364
5560.0 183.62521
5580.0 183.27612
5600.0 174.85881
5620.0 176.0488
5640.0 172.3091
5660.0 180.92702
5680.0 177.86705
5700.0 171.97943
5720.0 176.99949
5740.0 184.1315
5760.0 180.38007
5780.0 187.31782
5800.0 177.92575
5820.0 175.947
5840.0 176.4474
5860.0 174.31387
5880.0 177.45739
5900.0 168.5416
5920.0 173.81626
5940.0 178.50614
5960.0 187.15614
5980.0 183.01548
6000.0 179.58778
6020.0 182.77763
6040.0 180.10484
6060.0 181.89234
6080.0 177.47902
6100.0 173.53079
6120.0 172.82217
6140.0 177.43918
6160.0 174.33316
6180.0 179.53322
6200.0 182.24958
6220.0 182.66319
6240.0 180.20983
6260.0 182.31523
6280.0 185.94623
6300.0 175.04003
6320.0 168.01147
6340.0 169.03445
6360.0 175.00931
6380.0 175.43327
6400.0 179.41786
6420.0 179.44297
6440.0 184.54492
6460.0 182.36857
6480.0 185.56006
6500.0 187.49993
6520.0 184.89462
6540.0 181.82332
6560.0 175.74117
6580.0 169.79978
6600.0 184.38401
6620.0 176.01576
6640.0 177.98524
6660.0 184.78974
6680.0 183.40778
6700.0 180.24466
6720.0 183.82794
6740.0 186.14231
6760.0 181.59403
6780.0 183.54383
6800.0 179.87798
6820.0 186.27109
6840.0 179.71219
6860.0 178.30224
6880.0 173.8191
6900.0 180.12988
6920.0 180.00847
6940.0 176.00482
6960.0 178.95363
6980.0 174.36304
7000.0 181.09297
7020.0 185.3787
7040.0 188.39283
7060.0 184.55128
7080.0 184.2311
7100.0 186.10059
7120.0 174.64541
7140.0 176.36164
7160.0 181.47156
7180.0 176.2643
7200.0 172.53165
7220.0 173.29135
7240.0 177.08337
7260.0 189.91971
7280.0 186.49237
7300.0 180.37319
7320.0 182.44247
7340.0 183.26036
7360.0 184.55071
7380.0 179.54903
7400.0 178.33877
7420.0 181.55572
7440.0 183.02138
7460.0 182.76551
7480.0 185.86517
7500.0 184.11905
7520.0 176.17866
7540.0 178.50379
7560.0 180.28135
7580.0 177.75132
7600.0 176.60173
7620.0 175.65349
7640.0 174.7347
7660.0 176.0339
7680.0 167.93933
7700.0 182.4226
7720.0 174.52304
7740.0 179.25728
7760.0 184.95929
7780.0 189.94547
7800.0 183.45441
7820.0 182.32693
7840.0 181.68722
7860.0 177.7224
7880.0 178.60974
7900.0 174.94054
7920.0 182.23727
7940.0 175.26693
7960.0 174.23581
7980.0 170.20741
8000.0 174.6866
8020.0 176.11897
8040.0 177.21549
8060.0 180.97815
8080.0 179.32693
8100.0 181.16835
8120.0 180.95959
8140.0 181.91713
8160.0 179.53176
8180.0 182.01142
8200.0 182.7963
8220.0 178.97117
8240.0 167.02165
8260.0 173.03513
8280.0 175.84289
8300.0 173.05924
8320.0 178.20256
8340.0 176.90185
8360.0 182.65013
8380.0 181.21325
8400.0 185.24029
8420.0 186.56828
8440.0 186.82343
8460.0 181.4189
8480.0 179.49396
8500.0 179.95116
8520.0 186.28415
8540.0 183.11635
8560.0 181.77
8580.0 176.06048
8600.0 174.53675
8620.0 184.01705
8640.0 178.50949
8660.0 175.26942
8680.0 178.09382
8700.0 179.47041
8720.0 174.30138
8740.0 183.4875
8760.0 185.88545
8780.0 182.30353
8800.0 190.75363
8820.0 180.7038
8840.0 179.6972
8860.0 173.18225
8880.0 172.3244
8900.0 179.11778
8920.0 179.04711
8940.0 175.58952
8960.0 176.08706
8980.0 181.88859
9000.0 178.80542
9020.0 173.90045
9040.0 192.02041
9060.0 180.83675
9080.0 188.07096
9100.0 188.15535
9120.0 196.339
9140.0 183.36145
9160.0 179.84935
9180.0 180.03967
9200.0 180.55474
9220.0 181.46045
9240.0 181.65633
9260.0 171.61693
9280.0 174.79502
9300.0 174.65372
9320.0 176.53166
9340.0 180.89198
9360.0 182.07646
9380.0 183.78788
9400.0 190.41368
9420.0 189.81796
9440.0 188.78069
9460.0 187.20943
9480.0 189.50742
9500.0 175.31484
9520.0 176.15376
9540.0 172.61461
9560.0 177.81007
9580.0 181.58904
9600.0 182.0517
9620.0 185.45085
9640.0 183.18357
9660.0 178.15392
9680.0 177.66268
9700.0 178.09707
9720.0 176.50824
9740.0 178.05608
9760.0 173.87312
9780.0 176.23832
9800.0 174.83627
9820.0 169.80189
9840.0 181.62599
9860.0 175.93776
9880.0 178.61939
9900.0 185.97373
9920.0 189.51768
9940.0 186.75917
9960.0 189.38077
9980.0 187.15074
10000.0 179.2519
