0.0 952.70177
20.0 4826.73
40.0 6162.8762
60.0 5495.739
80.0 5747.6094
100.0 5715.7865
120.0 5661.4669
140.0 5716.4118
160.0 5810.6679
180.0 5705.2112
200.0 5666.0943
220.0 5821.5519
240.0 5836.7719
260.0 5527.0852
280.0 5686.233
300.0 5904.9378
320.0 5718.6512
340.0 5771.384
360.0 5705.744
380.0 5810.9115
400.0 5555.7844
420.0 5850.9524
440.0 5660.6494
460.0 6037.421
480.0 5552.7056
500.0 5868.6115
520.0 5749.1896
540.0 5709.3009
560.0 5562.2098
580.0 5707.3797
600.0 5633.7918
620.0 5655.8646
640.0 5998.5321
660.0 5806.2086
680.0 5710.3959
700.0 5787.6724
720.0 5699.712
740.0 5699.4485
760.0 5515.8628
780.0 5912.7146
800.0 5618.4789
820.0 5709.5025
840.0 5526.8216
860.0 5610.7122
880.0 5801.0702
900.0 5892.0234
920.0 5608.1874
940.0 5970.2688
960.0 5735.7664
980.0 5587.0349
1000.0 5746.3285
1020.0 5786.2045
1040.0 5625.3077
1060.0 5614.298
1080.0 5673.7793
1100.0 5680.5434
1120.0 5773.2465
1140.0 5533.7345
1160.0 5757.4035
1180.0 5576.3604
1200.0 5882.3955
1220.0 5645.3488
1240.0 5627.9238
1260.0 5663.3138
1280.0 5698.6208
1300.0 5850.8812
1320.0 5807.0625
1340.0 5514.8111
1360.0 5882.7721
1380.0 5666.3681
1400.0 5861.3402
1420.0 5628.8076
1440.0 5924.3799
1460.0 5736.2506
1480.0 5511.6471
1500.0 5759.9821
1520.0 5590.7502
1540.0 5673.2865
1560.0 5800.7978
1580.0 5549.6237
1600.0 5474.8386
1620.0 5910.4591
1640.0 5608.2434
1660.0 5789.3191
1680.0 5700.3052
1700.0 5703.1451
1720.0 5855.9407
1740.0 5475.9758
1760.0 5863.5651
1780.0 5262.045
1800.0 5791.3913
1820.0 5646.6095
1840.0 5566.8063
1860.0 5832.853
1880.0 5633.7029
1900.0 6065.6237
1920.0 5692.9874
1940.0 5623.1529
1960.0 5644.8163
1980.0 5706.2128
2000.0 5580.6314
2020.0 5718.5154
2040.0 6066.901
2060.0 5695.5266
2080.0 5647.912
2100.0 5662.7167
2120.0 5686.0961
2140.0 5672.86
2160.0 5848.4151
2180.0 5384.7345
2200.0 5777.4114
2220.0 5554.757
2240.0 5776.7577
2260.0 5704.1778
2280.0 5920.8237
2300.0 5624.3531
2320.0 5589.1062
2340.0 5615.9682
2360.0 5692.0126
2380.0 5645.1974
2400.0 5904.8561
2420.0 5710.0578
2440.0 5661.9841
2460.0 5618.5323
2480.0 5752.2698
2500.0 5446.0839
2520.0 5846.828
2540.0 5545.6716
2560.0 5622.8658
2580.0 5893.6964
2600.0 5557.6893
2620.0 5863.8155
2640.0 5487.4448
2660.0 5914.3588
2680.0 5602.0033
2700.0 5780.207
2720.0 5550.2465
2740.0 5585.9003
2760.0 5778.2055
2780.0 5558.8455
2800.0 5869.8188
2820.0 5433.4152
2840.0 5959.5788
2860.0 5692.0582
2880.0 5772.463
2900.0 5634.0151
2920.0 5579.1348
2940.0 5787.5647
2960.0 5719.5893
2980.0 5691.0326
3000.0 5692.2621
3020.0 5957.6364
3040.0 5503.726
3060.0 5899.8822
3080.0 5810.4254
3100.0 5525.8567
3120.0 5753.6218
3140.0 5641.722
3160.0 5875.1182
3180.0 5697.1752
3200.0 5846.9279
3220.0 5530.2028
3240.0 5709.9674
3260.0 5592.7424
3280.0 5639.1061
3300.0 5674.3722
3320.0 5772.6596
3340.0 5631.2399
3360.0 5940.8504
3380.0 5610.9373
3400.0 5888.4987
3420.0 5658.9491
3440.0 5766.2976
3460.0 5602.3359
3480.0 5565.7205
3500.0 5689.1341
3520.0 6000.8228
3540.0 5618.0725
3560.0 5903.0385
3580.0 5662.8325
3600.0 5549.3141
3620.0 5615.5274
3640.0 5751.3538
3660.0 5512.5935
3680.0 5755.7975
3700.0 5687.2141
3720.0 5728.3938
3740.0 5825.2905
3760.0 5664.9489
3780.0 5439.3543
3800.0 5840.9217
3820.0 5830.9002
3840.0 5694.7676
3860.0 5772.0301
3880.0 5803.2455
3900.0 5694.8156
3920.0 5563.8408
3940.0 5742.3451
3960.0 5650.2182
3980.0 5734.076
4000.0 5561.9901
4020.0 5962.2529
4040.0 5496.7371
4060.0 5552.3984
4080.0 5714.0155
4100.0 5725.2362
4120.0 5472.177
4140.0 5716.7704
4160.0 5588.293
4180.0 5697.5548
4200.0 5736.5573
4220.0 5763.0728
4240.0 5409.9596
4260.0 5784.1562
4280.0 5853.0266
4300.0 5581.1068
4320.0 5931.0365
4340.0 5545.3995
4360.0 5730.0191
4380.0 5560.4091
4400.0 5672.7322
4420.0 5717.8518
4440.0 5797.0423
4460.0 5513.3404
4480.0 5818.3817
4500.0 5578.048
4520.0 5946.1444
4540.0 5770.3676
4560.0 5746.2157
4580.0 5481.7542
4600.0 5756.9294
4620.0 5724.5835
4640.0 5884.0138
4660.0 5565.3161
4680.0 5938.7801
4700.0 5371.2112
4720.0 5702.5874
4740.0 5653.0922
4760.0 5685.0123
4780.0 5827.1104
4800.0 5561.7444
4820.0 5816.5319
4840.0 5659.9789
4860.0 5647.6142
4880.0 5818.5159
4900.0 5746.9543
4920.0 5533.3137
4940.0 5998.3649
4960.0 5774.6486
4980.0 5583.7522
5000.0 5735.4869
5020.0 5591.6998
5040.0 5850.0585
5060.0 5858.6126
5080.0 5628.6972
5100.0 5942.9644
5120.0 5456.3601
5140.0 5665.1966
5160.0 5884.0601
5180.0 5674.0131
5200.0 5564.008
5220.0 5686.3648
5240.0 5713.3938
5260.0 5654.9385
5280.0 5948.7163
5300.0 5818.3197
5320.0 5673.5712
5340.0 5864.8487
5360.0 5885.9068
5380.0 5602.8122
5400.0 6008.3546
5420.0 5474.5286
5440.0 5820.4786
5460.0 5680.3922
5480.0 5736.5905
5500.0 5620.4797
5520.0 5791.3872
5540.0 5683.8073
5560.0 5762.6662
5580.0 5708.0459
5600.0 5513.7197
5620.0 5701.7737
5640.0 5687.167
5660.0 5801.4743
5680.0 5939.3295
5700.0 5539.2572
5720.0 5850.2762
5740.0 5577.2728
5760.0 5718.5321
5780.0 5776.5096
5800.0 5876.1412
5820.0 5614.2142
5840.0 5985.7932
5860.0 5655.2807
5880.0 5773.4469
5900.0 5781.869
5920.0 5697.7236
5940.0 5677.8833
5960.0 5603.2926
5980.0 5612.2234
6000.0 5837.5766
6020.0 5807.9765
6040.0 5576.6975
6060.0 5850.1692
6080.0 5708.831
6100.0 5704.4754
6120.0 5633.1664
6140.0 5505.2985
6160.0 6123.6585
6180.0 5578.8527
6200.0 5735.6046
6220.0 5664.528
6240.0 5431.0901
6260.0 5975.3497
6280.0 5520.0678
6300.0 5727.4961
6320.0 5669.1195
6340.0 5697.7824
6360.0 5936.529
6380.0 5538.2322
6400.0 5552.5989
6420.0 5757.2581
6440.0 5667.1055
6460.0 5429.5382
6480.0 5637.7799
6500.0 5494.916
6520.0 5890.547
6540.0 5615.8184
6560.0 5818.1312
6580.0 5480.4125
6600.0 5828.7011
6620.0 5601.9561
6640.0 5727.4914
6660.0 5733.4466
6680.0 5590.6035
6700.0 5748.3148
6720.0 5618.9773
6740.0 6181.1568
6760.0 5581.5543
6780.0 5680.6446
6800.0 5681.9378
6820.0 5822.6998
6840.0 5710.7157
6860.0 5659.6726
6880.0 5695.4832
6900.0 5612.5997
6920.0 5804.2631
6940.0 5528.9848
6960.0 5687.8965
6980.0 5743.0962
7000.0 5697.2781
7020.0 5824.6079
7040.0 5622.6946
7060.0 5675.5237
7080.0 5744.6322
7100.0 5736.4333
7120.0 5804.405
7140.0 5479.7971
7160.0 5741.4205
7180.0 5792.6423
7200.0 5671.5529
7220.0 5778.9961
7240.0 5723.2744
7260.0 5587.4868
7280.0 5947.7838
7300.0 5731.4685
7320.0 5517.5181
7340.0 5728.6279
7360.0 5675.43
7380.0 5606.9958
7400.0 5571.8689
7420.0 5854.2767
7440.0 5802.1202
7460.0 5536.8491
7480.0 5787.4182
7500.0 5563.7973
7520.0 5683.2305
7540.0 5736.7388
7560.0 5767.7493
7580.0 5839.5142
7600.0 5495.4814
7620.0 5704.5509
7640.0 5582.2006
7660.0 5521.446
7680.0 5614.6002
7700.0 5731.9524
7720.0 5691.6748
7740.0 5775.5302
7760.0 5729.014
7780.0 5753.7294
7800.0 5710.5464
7820.0 5715.6535
7840.0 5719.6127
7860.0 5457.9578
7880.0 5806.7588
7900.0 5693.9252
7920.0 5862.1905
7940.0 5532.2908
7960.0 5783.1022
7980.0 5728.8312
8000.0 5939.1407
8020.0 5686.1198
8040.0 5792.9807
8060.0 5827.1506
8080.0 5635.5124
8100.0 5615.5849
8120.0 5894.2871
8140.0 5511.5615
8160.0 5783.526
8180.0 5628.2195
8200.0 5864.7152
8220.0 5577.5901
8240.0 5855.1229
8260.0 5713.0013
8280.0 5663.3299
8300.0 6003.6273
8320.0 5644.8567
8340.0 5643.3858
8360.0 5782.8978
8380.0 5675.4004
8400.0 5669.6266
8420.0 6020.8837
8440.0 5713.8332
8460.0 5795.9859
8480.0 5620.2053
8500.0 5539.6627
8520.0 5776.6004
8540.0 5653.1649
8560.0 5920.3261
8580.0 5549.2415
8600.0 5720.5222
8620.0 5723.6801
8640.0 5846.614
8660.0 5741.6121
8680.0 5634.3429
8700.0 5764.5581
8720.0 5773.8699
8740.0 5700.6084
8760.0 5653.7294
8780.0 5858.4306
8800.0 5812.0706
8820.0 5717.4534
8840.0 5590.7333
8860.0 5661.0706
8880.0 5771.8988
8900.0 5609.9068
8920.0 5800.745
8940.0 5638.3869
8960.0 5487.9288
8980.0 5437.4035
9000.0 5833.4707
9020.0 5722.2354
9040.0 5941.2574
9060.0 5713.1367
9080.0 5648.8411
9100.0 5707.2147
9120.0 5836.1455
9140.0 5830.5929
9160.0 5625.5953
9180.0 5760.6858
9200.0 5542.891
9220.0 5661.7935
9240.0 5673.2821
9260.0 5792.4793
9280.0 5679.6334
9300.0 5547.0362
9320.0 5754.9987
9340.0 5695.5749
9360.0 5475.1349
9380.0 5713.8659
9400.0 5752.1694
9420.0 5623.6921
9440.0 5541.0366
9460.0 5811.8085
9480.0 5645.36
9500.0 5610.9692
9520.0 5742.5426
9540.0 5573.846
9560.0 5628.6477
9580.0 5772.3252
9600.0 5576.3707
9620.0 5674.0597
9640.0 5773.2169
9660.0 5699.1469
9680.0 5788.7822
9700.0 5718.1572
9720.0 5406.5817
9740.0 5885.5535
9760.0 5507.7334
9780.0 5826.1533
9800.0 5458.7971
9820.0 5905.5717
9840.0 5416.1411
9860.0 5846.4102
9880.0 5400.4414
9900.0 5557.6341
9920.0 5829.2312
9940.0 5595.735
9960.0 5832.2301
9980.0 5619.0352
10000.0 5801.4015
