0.0 -1203.1694
20.0 -1188.6719
40.0 -1185.3456
60.0 -1184.3695
80.0 -1182.3039
100.0 -1181.4634
120.0 -1177.0661
140.0 -1174.3152
160.0 -1170.876
180.0 -1169.1036
200.0 -1166.9336
220.0 -1161.981
240.0 -1159.278
260.0 -1155.5366
280.0 -1152.7435
300.0 -1148.4775
320.0 -1147.1624
340.0 -1137.0378
360.0 -1134.8805
380.0 -1132.0005
400.0 -1129.3248
420.0 -1124.4163
440.0 -1117.5205
460.0 -1112.8519
480.0 -1108.8339
500.0 -1106.7602
520.0 -1099.5041
540.0 -1097.0614
560.0 -1095.4218
580.0 -1091.9873
600.0 -1089.1934
620.0 -1087.393
640.0 -1085.9927
660.0 -1081.7028
680.0 -1077.8771
700.0 -1075.5462
720.0 -1069.9917
740.0 -1069.1848
760.0 -1069.3596
780.0 -1064.6789
800.0 -1058.78
820.0 -1058.2145
840.0 -1057.0966
860.0 -1054.5579
880.0 -1048.8042
900.0 -1044.6246
920.0 -1036.1562
940.0 -1031.8044
960.0 -1030.9481
980.0 -1027.7179
1000.0 -1024.2541
1020.0 -1019.168
1040.0 -1017.9843
1060.0 -1013.6742
1080.0 -1012.3178
1100.0 -1010.0069
1120.0 -1009.8539
1140.0 -1002.92
1160.0 -1002.6117
1180.0 -998.08956
1200.0 -993.13677
1220.0 -990.74692
1240.0 -987.59906
1260.0 -986.55673
1280.0 -982.72943
1300.0 -980.45446
1320.0 -974.63971
1340.0 -968.88029
1360.0 -963.23034
1380.0 -956.83567
1400.0 -956.05119
1420.0 -948.73881
1440.0 -944.7986
1460.0 -943.39967
1480.0 -941.01982
1500.0 -935.91229
1520.0 -935.07835
1540.0 -926.99982
1560.0 -926.98239
1580.0 -924.31413
1600.0 -925.00842
1620.0 -920.32209
1640.0 -916.40315
1660.0 -912.79587
1680.0 -910.21534
1700.0 -902.98451
1720.0 -901.84741
1740.0 -899.15136
1760.0 -893.13377
1780.0 -885.84317
1800.0 -882.0568
1820.0 -877.715
1840.0 -876.4416
1860.0 -873.88891
1880.0 -875.98398
1900.0 -875.61807
1920.0 -871.57128
1940.0 -870.30823
1960.0 -862.62136
1980.0 -857.97801
2000.0 -854.14392
2020.0 -851.71353
2040.0 -850.38907
2060.0 -848.14727
2080.0 -844.24508
2100.0 -844.88108
2120.0 -842.41152
2140.0 -840.96077
2160.0 -840.90647
2180.0 -839.29029
2200.0 -838.07572
2220.0 -840.33806
2240.0 -838.62351
2260.0 -835.45066
2280.0 -835.69317
2300.0 -833.726
2320.0 -828.71443
2340.0 -823.46562
2360.0 -818.81491
2380.0 -818.64031
2400.0 -816.27658
2420.0 -813.50733
2440.0 -806.27803
2460.0 -804.71716
2480.0 -804.01278
2500.0 -800.88377
2520.0 -795.2207
2540.0 -787.31268
2560.0 -787.20616
2580.0 -785.00105
2600.0 -781.22537
2620.0 -781.6699
2640.0 -778.47701
2660.0 -777.20716
2680.0 -771.76391
2700.0 -769.44891
2720.0 -766.29926
2740.0 -764.59732
2760.0 -764.18428
2780.0 -762.52452
2800.0 -758.0858
2820.0 -757.20162
2840.0 -754.38474
2860.0 -753.5712
2880.0 -748.54718
2900.0 -746.0064
2920.0 -741.2092
2940.0 -738.10194
2960.0 -738.73539
2980.0 -737.23509
3000.0 -735.41447
3020.0 -730.70076
3040.0 -729.37955
3060.0 -725.46952
3080.0 -726.43649
3100.0 -723.48893
3120.0 -722.87327
3140.0 -719.84941
3160.0 -717.71395
3180.0 -715.39382
3200.0 -709.20315
3220.0 -708.3141
3240.0 -708.49587
3260.0 -708.86976
3280.0 -706.34587
3300.0 -707.76862
3320.0 -708.58952
3340.0 -708.44538
3360.0 -712.67489
3380.0 -713.0171
3400.0 -713.01883
3420.0 -713.76015
3440.0 -711.9975
3460.0 -711.41124
3480.0 -711.17861
3500.0 -712.31609
3520.0 -709.47549
3540.0 -710.22208
3560.0 -708.06931
3580.0 -709.17703
3600.0 -706.10235
3620.0 -705.87194
3640.0 -702.36918
3660.0 -701.72137
3680.0 -701.59719
3700.0 -701.2111
3720.0 -701.20073
3740.0 -699.9556
3760.0 -697.29767
3780.0 -701.63155
3800.0 -705.26922
3820.0 -703.67777
3840.0 -704.45081
3860.0 -702.78661
3880.0 -698.45871
3900.0 -699.09778
3920.0 -700.22181
3940.0 -702.63512
3960.0 -705.09389
3980.0 -705.17153
4000.0 -706.77472
4020.0 -702.48497
4040.0 -703.09686
4060.0 -701.51796
4080.0 -701.75774
4100.0 -706.9483
4120.0 -700.33223
4140.0 -704.79084
4160.0 -703.11238
4180.0 -706.3795
4200.0 -710.12723
4220.0 -709.3892
4240.0 -711.20167
4260.0 -714.28429
4280.0 -717.86493
4300.0 -715.74383
4320.0 -714.2811
4340.0 -713.95032
4360.0 -716.08022
4380.0 -718.43011
4400.0 -717.34815
4420.0 -717.30186
4440.0 -717.61467
4460.0 -718.15269
4480.0 -718.28563
4500.0 -716.5523
4520.0 -715.82231
4540.0 -717.70642
4560.0 -719.94798
4580.0 -722.3367
4600.0 -722.02566
4620.0 -723.65089
4640.0 -719.04003
4660.0 -719.14376
4680.0 -721.22566
4700.0 -721.93813
4720.0 -721.38993
4740.0 -718.77228
4760.0 -718.00902
4780.0 -718.39387
4800.0 -718.67817
4820.0 -722.48098
4840.0 -722.73041
4860.0 -725.48496
4880.0 -726.3757
4900.0 -723.41364
4920.0 -720.80162
4940.0 -725.15734
4960.0 -723.05337
4980.0 -725.2409
5000.0 -728.10097
5020.0 -732.21093
5040.0 -730.77645
5060.0 -731.80128
5080.0 -734.90123
5100.0 -740.321
5120.0 -741.02314
5140.0 -748.28072
5160.0 -749.65953
5180.0 -746.44686
5200.0 -747.82482
5220.0 -745.15119
5240.0 -749.90959
5260.0 -750.47841
5280.0 -750.03197
5300.0 -753.77194
5320.0 -752.73857
5340.0 -751.313
5360.0 -756.55719
5380.0 -753.55281
5400.0 -751.84035
5420.0 -752.9435
5440.0 -752.74555
5460.0 -756.46508
5480.0 -757.33497
5500.0 -758.73991
5520.0 -760.82678
5540.0 -758.9852
5560.0 -760.30868
5580.0 -762.47151
5600.0 -759.82521
5620.0 -760.29036
5640.0 -761.89475
5660.0 -761.79896
5680.0 -761.84045
5700.0 -759.36194
5720.0 -758.0468
5740.0 -757.70691
5760.0 -754.25116
5780.0 -755.65656
5800.0 -755.34845
5820.0 -760.8196
5840.0 -760.19585
5860.0 -760.76781
5880.0 -762.11924
5900.0 -764.49327
5920.0 -767.8317
5940.0 -768.1801
5960.0 -765.53187
5980.0 -765.7384
6000.0 -764.27543
6020.0 -764.80222
6040.0 -768.5297
6060.0 -767.00301
6080.0 -764.38435
6100.0 -765.25448
6120.0 -768.22876
6140.0 -769.8438
6160.0 -770.57524
6180.0 -770.21485
6200.0 -773.54171
6220.0 -774.54094
6240.0 -778.08075
6260.0 -779.46003
6280.0 -778.07887
6300.0 -776.7527
6320.0 -775.01948
6340.0 -774.51939
6360.0 -776.07402
6380.0 -776.83858
6400.0 -775.89338
6420.0 -778.3108
6440.0 -776.58902
6460.0 -774.21583
6480.0 -772.14572
6500.0 -772.97243
6520.0 -769.81577
6540.0 -772.67403
6560.0 -771.55585
6580.0 -772.28504
6600.0 -777.49495
6620.0 -777.75828
6640.0 -779.07074
6660.0 -778.6315
6680.0 -777.35591
6700.0 -781.38183
6720.0 -783.55765
6740.0 -782.64693
6760.0 -782.75633
6780.0 -781.73316
6800.0 -780.66067
6820.0 -778.30667
6840.0 -779.64334
6860.0 -779.93937
6880.0 -776.70179
6900.0 -778.03485
6920.0 -778.25271
6940.0 -777.06894
6960.0 -777.54578
6980.0 -776.52936
7000.0 -779.73755
7020.0 -780.10392
7040.0 -777.92738
7060.0 -773.36612
7080.0 -772.72494
7100.0 -771.17314
7120.0 -770.96162
7140.0 -771.34057
7160.0 -767.61148
7180.0 -767.00252
7200.0 -765.75935
7220.0 -764.13116
7240.0 -763.77058
7260.0 -762.45984
7280.0 -762.70671
7300.0 -761.77114
7320.0 -760.76135
7340.0 -760.18333
7360.0 -760.69648
7380.0 -758.54009
7400.0 -759.45103
7420.0 -760.18831
7440.0 -759.26621
7460.0 -759.20465
7480.0 -759.36083
7500.0 -762.39759
7520.0 -757.78562
7540.0 -759.0026
7560.0 -758.4773
7580.0 -762.32039
7600.0 -763.65263
7620.0 -762.42165
7640.0 -766.11899
7660.0 -759.90463
7680.0 -759.46632
7700.0 -758.15827
7720.0 -759.93155
7740.0 -759.87253
7760.0 -759.85522
7780.0 -762.88561
7800.0 -767.86868
7820.0 -770.53394
7840.0 -771.30496
7860.0 -770.49712
7880.0 -775.70357
7900.0 -773.84411
7920.0 -777.2084
7940.0 -774.0774
7960.0 -772.75399
7980.0 -769.50216
8000.0 -769.90796
8020.0 -772.23933
8040.0 -770.59816
8060.0 -767.63285
8080.0 -768.39204
8100.0 -769.13067
8120.0 -769.99595
8140.0 -766.28006
8160.0 -764.33393
8180.0 -767.16374
8200.0 -767.84032
8220.0 -765.56318
8240.0 -765.16585
8260.0 -763.33037
8280.0 -761.34692
8300.0 -756.65172
8320.0 -758.8595
8340.0 -755.35584
8360.0 -755.28525
8380.0 -753.36186
8400.0 -751.73558
8420.0 -750.81085
8440.0 -752.09036
8460.0 -750.37672
8480.0 -752.58244
8500.0 -753.98108
8520.0 -758.19993
8540.0 -756.61969
8560.0 -757.41504
8580.0 -753.23529
8600.0 -754.57967
8620.0 -756.40247
8640.0 -759.74945
8660.0 -754.45632
8680.0 -755.3919
8700.0 -758.9986
8720.0 -759.21131
8740.0 -759.14062
8760.0 -761.35458
8780.0 -758.90641
8800.0 -758.43833
8820.0 -759.69073
8840.0 -757.06895
8860.0 -758.41863
8880.0 -759.93957
8900.0 -760.7075
8920.0 -761.15184
8940.0 -763.01228
8960.0 -764.60773
8980.0 -766.31963
9000.0 -766.7956
9020.0 -768.12827
9040.0 -765.09035
9060.0 -764.96498
9080.0 -762.97986
9100.0 -764.36102
9120.0 -760.66239
9140.0 -762.07857
9160.0 -761.25172
9180.0 -759.21216
9200.0 -760.04518
9220.0 -757.76401
9240.0 -753.49993
9260.0 -755.83362
9280.0 -756.02811
9300.0 -754.10119
9320.0 -754.91758
9340.0 -756.31833
9360.0 -754.50171
9380.0 -754.11641
9400.0 -756.94548
9420.0 -751.80551
9440.0 -749.32768
9460.0 -747.22
9480.0 -746.7564
9500.0 -748.04374
9520.0 -747.46167
9540.0 -746.57021
9560.0 -748.14073
9580.0 -748.05243
9600.0 -746.92417
9620.0 -744.73817
9640.0 -745.62398
9660.0 -749.66897
9680.0 -747.84311
9700.0 -752.60922
9720.0 -753.27564
9740.0 -752.90006
9760.0 -750.8234
9780.0 -752.42514
9800.0 -752.67082
9820.0 -749.97999
9840.0 -753.46138
9860.0 -752.6107
9880.0 -753.97935
9900.0 -756.89936
9920.0 -757.54453
9940.0 -763.66461
9960.0 -757.6972
9980.0 -756.40759
10000.0 -756.38663
