0.0 463.03903
20.0 282.32742
40.0 316.26251
60.0 353.39785
80.0 359.18701
100.0 373.79086
120.0 385.01833
140.0 404.13201
160.0 401.53677
180.0 424.07898
200.0 421.28908
220.0 438.18453
240.0 438.06613
260.0 469.82242
280.0 447.82291
300.0 471.53345
320.0 494.10822
340.0 486.32571
360.0 487.98297
380.0 484.82481
400.0 512.24258
420.0 486.52391
440.0 513.58731
460.0 504.39195
480.0 506.8508
500.0 495.56875
520.0 499.16469
540.0 497.29535
560.0 494.78346
580.0 495.83696
600.0 486.81512
620.0 483.10933
640.0 498.86085
660.0 492.64073
680.0 479.65546
700.0 494.20703
720.0 480.31261
740.0 496.74536
760.0 498.54081
780.0 481.49322
800.0 505.41471
820.0 483.86118
840.0 509.46502
860.0 476.15183
880.0 477.58422
900.0 480.97445
920.0 462.91448
940.0 478.71022
960.0 493.66984
980.0 481.63804
1000.0 484.03708
1020.0 508.37716
1040.0 486.11133
1060.0 480.663
1080.0 476.67104
1100.0 470.61763
1120.0 465.00311
1140.0 478.43669
1160.0 484.21502
1180.0 481.30087
1200.0 480.82924
1220.0 453.14559
1240.0 468.51919
1260.0 464.24845
1280.0 460.95541
1300.0 473.2594
1320.0 468.67309
1340.0 462.59339
1360.0 467.58575
1380.0 459.78895
1400.0 484.92804
1420.0 482.12437
1440.0 468.6821
1460.0 455.76324
1480.0 470.05706
1500.0 466.22125
1520.0 485.14471
1540.0 480.96512
1560.0 471.5124
1580.0 475.76843
1600.0 480.01575
1620.0 482.94784
1640.0 471.81665
1660.0 497.34634
1680.0 500.20542
1700.0 497.70888
1720.0 501.56607
1740.0 483.18651
1760.0 503.33523
1780.0 495.41149
1800.0 487.2937
1820.0 487.52481
1840.0 473.22456
1860.0 477.61924
1880.0 466.28888
1900.0 505.7172
1920.0 496.64588
1940.0 478.67141
1960.0 489.0517
1980.0 494.77992
2000.0 484.30101
2020.0 498.42441
2040.0 483.67017
2060.0 497.47491
2080.0 492.67324
2100.0 498.95765
2120.0 491.36274
2140.0 493.18596
2160.0 500.27833
2180.0 496.35893
2200.0 480.03962
2220.0 498.99717
2240.0 493.82484
2260.0 491.97351
2280.0 482.89439
2300.0 476.30103
2320.0 474.24132
2340.0 475.64632
2360.0 488.02719
2380.0 486.82863
2400.0 476.11087
2420.0 472.49253
2440.0 467.34921
2460.0 478.56029
2480.0 469.11123
2500.0 478.90053
2520.0 463.05629
2540.0 468.05142
2560.0 469.87905
2580.0 462.29749
2600.0 475.67977
2620.0 489.8514
2640.0 470.77495
2660.0 459.94223
2680.0 468.04888
2700.0 486.67015
2720.0 470.35498
2740.0 483.61361
2760.0 494.209
2780.0 476.31708
2800.0 476.58888
2820.0 467.95456
2840.0 493.26719
2860.0 465.65903
2880.0 488.44359
2900.0 474.19561
2920.0 470.50166
2940.0 471.61927
2960.0 482.11453
2980.0 478.22774
3000.0 477.63162
3020.0 484.50689
3040.0 496.5307
3060.0 475.2873
3080.0 477.88271
3100.0 480.13762
3120.0 485.25058
3140.0 478.69798
3160.0 482.30016
3180.0 477.90608
3200.0 501.82866
3220.0 482.37112
3240.0 486.09982
3260.0 488.63936
3280.0 474.2295
3300.0 482.83243
3320.0 468.80001
3340.0 479.44368
3360.0 480.92105
3380.0 479.21279
3400.0 482.52359
3420.0 480.21795
3440.0 500.96426
3460.0 487.92044
3480.0 479.40019
3500.0 469.53796
3520.0 472.67259
3540.0 480.35052
3560.0 487.78245
3580.0 496.98411
3600.0 483.97129
3620.0 499.06041
3640.0 483.59396
3660.0 495.93271
3680.0 482.02277
3700.0 496.34192
3720.0 504.35415
3740.0 487.99153
3760.0 502.03574
3780.0 488.69879
3800.0 486.13677
3820.0 488.40265
3840.0 475.76876
3860.0 489.91164
3880.0 493.64576
3900.0 497.32399
3920.0 506.61865
3940.0 501.17421
3960.0 495.10419
3980.0 488.70019
4000.0 490.78344
4020.0 480.33675
4040.0 475.62048
4060.0 517.0543
4080.0 492.14759
4100.0 501.57431
4120.0 498.57981
4140.0 492.02034
4160.0 496.26427
4180.0 499.00678
4200.0 470.14901
4220.0 479.16403
4240.0 487.03997
4260.0 458.17756
4280.0 490.49247
4300.0 480.97428
4320.0 469.2169
4340.0 471.55365
4360.0 456.55915
4380.0 477.77494
4400.0 474.74043
4420.0 482.33259
4440.0 482.08719
4460.0 485.67756
4480.0 472.2073
4500.0 485.5512
4520.0 473.40425
4540.0 481.39326
4560.0 477.32861
4580.0 481.81813
4600.0 466.25014
4620.0 471.08617
4640.0 469.4703
4660.0 458.90141
4680.0 458.28701
4700.0 462.56775
4720.0 474.32859
4740.0 470.14814
4760.0 468.37649
4780.0 458.70328
4800.0 486.62067
4820.0 459.99721
4840.0 460.39184
4860.0 463.14448
4880.0 468.33105
4900.0 467.39926
4920.0 463.04252
4940.0 461.25276
4960.0 482.87901
4980.0 481.28342
5000.0 479.92061
5020.0 487.26654
5040.0 469.69029
5060.0 462.27433
5080.0 474.511
5100.0 465.29286
5120.0 466.73821
5140.0 481.15463
5160.0 457.79697
5180.0 469.45037
5200.0 479.12096
5220.0 472.03325
5240.0 471.76147
5260.0 497.55373
5280.0 484.30802
5300.0 482.76335
5320.0 481.57611
5340.0 500.95631
5360.0 491.50804
5380.0 493.34685
5400.0 471.9114
5420.0 487.39979
5440.0 507.16295
5460.0 502.60162
5480.0 491.45479
5500.0 489.91007
5520.0 490.55442
5540.0 495.35291
5560.0 482.97022
5580.0 488.36614
5600.0 495.52395
5620.0 494.29078
5640.0 499.18052
5660.0 498.73497
5680.0 518.32619
5700.0 504.49711
5720.0 502.30971
5740.0 501.40395
5760.0 496.65037
5780.0 527.47795
5800.0 485.09794
5820.0 488.98171
5840.0 479.09972
5860.0 485.4909
5880.0 477.86831
5900.0 505.74798
5920.0 497.27912
5940.0 510.89532
5960.0 489.62141
5980.0 498.9107
6000.0 493.16275
6020.0 494.88196
6040.0 486.52688
6060.0 494.87758
6080.0 487.56343
6100.0 476.87136
6120.0 471.64745
6140.0 473.50255
6160.0 472.88802
6180.0 488.45688
6200.0 491.20399
6220.0 479.29871
6240.0 495.72274
6260.0 487.99935
6280.0 498.4631
6300.0 497.81296
6320.0 467.87074
6340.0 484.44704
6360.0 463.75665
6380.0 471.19284
6400.0 469.09779
6420.0 466.70008
6440.0 474.11317
6460.0 463.12126
6480.0 497.94955
6500.0 487.16591
6520.0 487.82247
6540.0 460.61255
6560.0 476.0769
6580.0 475.39881
6600.0 498.5732
6620.0 498.59985
6640.0 496.33003
6660.0 485.99303
6680.0 475.36021
6700.0 490.0052
6720.0 486.42661
6740.0 479.51245
6760.0 471.56379
6780.0 481.74377
6800.0 482.19621
6820.0 475.97172
6840.0 481.01526
6860.0 473.44544
6880.0 472.10023
6900.0 486.54866
6920.0 478.15331
6940.0 497.36529
6960.0 484.91945
6980.0 474.92805
7000.0 470.79353
7020.0 490.58833
7040.0 463.5509
7060.0 481.30502
7080.0 466.51833
7100.0 482.37614
7120.0 483.62109
7140.0 502.38524
7160.0 483.53454
7180.0 491.82464
7200.0 493.22571
7220.0 505.29048
7240.0 491.58603
7260.0 503.56367
7280.0 477.32103
7300.0 496.01226
7320.0 498.4258
7340.0 490.23343
7360.0 481.92648
7380.0 483.73643
7400.0 499.93298
7420.0 480.33889
7440.0 488.17082
7460.0 479.24741
7480.0 488.71564
7500.0 475.50539
7520.0 471.67979
7540.0 491.10187
7560.0 491.14184
7580.0 482.24596
7600.0 481.30721
7620.0 496.4957
7640.0 491.52756
7660.0 496.08226
7680.0 515.43951
7700.0 488.04829
7720.0 493.16283
7740.0 479.44195
7760.0 492.94731
7780.0 488.79096
7800.0 485.92221
7820.0 482.83658
7840.0 484.99738
7860.0 507.09361
7880.0 484.03771
7900.0 485.01388
7920.0 480.9636
7940.0 492.35679
7960.0 482.19498
7980.0 485.81914
8000.0 481.06864
8020.0 493.86653
8040.0 469.95921
8060.0 461.52979
8080.0 473.69478
8100.0 463.05405
8120.0 462.88018
8140.0 483.43576
8160.0 483.84423
8180.0 482.37055
8200.0 462.52831
8220.0 481.19246
8240.0 471.4863
8260.0 482.40736
8280.0 478.63507
8300.0 462.22783
8320.0 490.04996
8340.0 496.10293
8360.0 485.65172
8380.0 484.11519
8400.0 511.52962
8420.0 516.24027
8440.0 480.76599
8460.0 487.00851
8480.0 486.56153
8500.0 476.84842
8520.0 487.8611
8540.0 474.63527
8560.0 473.89673
8580.0 471.78826
8600.0 462.26298
8620.0 477.71592
8640.0 463.0728
8660.0 474.73677
8680.0 469.38107
8700.0 480.99444
8720.0 473.80397
8740.0 476.63259
8760.0 498.41179
8780.0 505.7751
8800.0 475.02674
8820.0 493.26155
8840.0 496.22255
8860.0 477.02698
8880.0 492.63644
8900.0 500.60115
8920.0 476.30931
8940.0 510.52933
8960.0 474.88212
8980.0 506.70807
9000.0 481.46673
9020.0 503.67793
9040.0 508.75077
9060.0 495.58407
9080.0 492.18264
9100.0 499.72723
9120.0 478.4287
9140.0 499.2185
9160.0 482.5137
9180.0 513.9875
9200.0 493.13272
9220.0 509.1102
9240.0 504.46429
9260.0 498.395
9280.0 503.75408
9300.0 516.84966
9320.0 507.86756
9340.0 504.26915
9360.0 499.54209
9380.0 489.78976
9400.0 481.62177
9420.0 482.83225
9440.0 476.50388
9460.0 481.18574
9480.0 487.15111
9500.0 468.44818
9520.0 485.83176
9540.0 478.59087
9560.0 491.6436
9580.0 483.68241
9600.0 483.16534
9620.0 470.76305
9640.0 469.63013
9660.0 477.97333
9680.0 462.99389
9700.0 482.56771
9720.0 457.93059
9740.0 483.14155
9760.0 485.49511
9780.0 474.22092
9800.0 492.50616
9820.0 490.14429
9840.0 496.23078
9860.0 470.69109
9880.0 478.15865
9900.0 507.7284
9920.0 484.17587
9940.0 485.18956
9960.0 478.41618
9980.0 479.89569
10000.0 481.27274
