0.0 952.70177
20.0 3838.9909
40.0 4235.6054
60.0 4550.5224
80.0 4839.8589
100.0 5074.0286
120.0 5191.9068
140.0 5688.6856
160.0 5766.5599
180.0 6032.7315
200.0 5879.6685
220.0 5914.9272
240.0 5850.2276
260.0 5974.3225
280.0 5857.0349
300.0 5808.7881
320.0 5672.5676
340.0 5681.4209
360.0 5616.4238
380.0 5571.3722
400.0 5664.5682
420.0 5710.2182
440.0 5704.6551
460.0 5547.7352
480.0 5588.9954
500.0 5663.107
520.0 5947.7839
540.0 5828.3981
560.0 5909.4043
580.0 5769.7507
600.0 5908.3958
620.0 5654.0647
640.0 5750.3342
660.0 5526.6997
680.0 5645.6603
700.0 5729.82
720.0 5531.5498
740.0 5531.506
760.0 5796.8912
780.0 5715.8234
800.0 5883.9039
820.0 5800.5971
840.0 5794.3575
860.0 5604.3444
880.0 5869.7802
900.0 5682.7769
920.0 5642.7312
940.0 5693.2185
960.0 5539.7622
980.0 5628.3495
1000.0 5674.7729
1020.0 5656.5758
1040.0 5770.5846
1060.0 5833.8568
1080.0 5655.8036
1100.0 5878.967
1120.0 5804.3517
1140.0 5868.0616
1160.0 5798.7049
1180.0 5767.5018
1200.0 5764.9236
1220.0 5793.7782
1240.0 5842.7004
1260.0 5552.8627
1280.0 5623.3081
1300.0 5602.0136
1320.0 5723.4057
1340.0 5749.5582
1360.0 5891.7374
1380.0 5841.5981
1400.0 5637.5533
1420.0 5623.6829
1440.0 5674.0124
1460.0 5513.5859
1480.0 5717.5095
1500.0 5592.0706
1520.0 5598.8212
1540.0 5658.0468
1560.0 5736.8434
1580.0 5816.0748
1600.0 5745.6955
1620.0 5647.1385
1640.0 5649.8937
1660.0 5668.164
1680.0 5590.4608
1700.0 5817.8484
1720.0 5641.5285
1740.0 5544.4318
1760.0 5732.2844
1780.0 5832.178
1800.0 5896.3268
1820.0 5859.0371
1840.0 5840.415
1860.0 6125.2103
1880.0 5818.3396
1900.0 5994.0489
1920.0 5970.1435
1940.0 5823.4448
1960.0 5825.2694
1980.0 6026.7551
2000.0 5776.499
2020.0 5771.7517
2040.0 5745.1216
2060.0 5895.0022
2080.0 5738.4466
2100.0 5762.8403
2120.0 5731.7502
2140.0 5547.3466
2160.0 5721.2506
2180.0 5690.2495
2200.0 5563.9384
2220.0 5966.2277
2240.0 5723.0413
2260.0 5644.36
2280.0 5652.521
2300.0 5586.9905
2320.0 5524.8991
2340.0 5659.8147
2360.0 5742.8379
2380.0 5883.3976
2400.0 5691.1592
2420.0 5585.2115
2440.0 5778.2414
2460.0 5846.8001
2480.0 6098.2074
2500.0 5629.4183
2520.0 5600.8957
2540.0 5550.482
2560.0 5766.8455
2580.0 5761.152
2600.0 5683.7399
2620.0 5703.9612
2640.0 5644.0002
2660.0 5822.1134
2680.0 5707.0309
2700.0 5635.2793
2720.0 5603.6692
2740.0 5700.3184
2760.0 5775.1195
2780.0 5595.2756
2800.0 5583.0646
2820.0 5598.7833
2840.0 5807.3725
2860.0 6057.8845
2880.0 5825.0675
2900.0 5960.2667
2920.0 5975.9722
2940.0 5818.0171
2960.0 5879.5355
2980.0 5699.4734
3000.0 5734.8439
3020.0 5721.7083
3040.0 5606.1865
3060.0 5529.0221
3080.0 5647.9292
3100.0 5638.2339
3120.0 5682.9144
3140.0 5656.9872
3160.0 5678.9443
3180.0 5731.9385
3200.0 5781.3507
3220.0 5734.1363
3240.0 5790.5668
3260.0 6021.7743
3280.0 5797.1119
3300.0 5709.6133
3320.0 5768.3117
3340.0 5612.0735
3360.0 5818.6613
3380.0 5649.2162
3400.0 5729.7573
3420.0 5714.5239
3440.0 5676.5641
3460.0 5736.6477
3480.0 5739.5579
3500.0 5948.7189
3520.0 6023.7626
3540.0 5885.5197
3560.0 5954.8447
3580.0 5945.7787
3600.0 5684.2386
3620.0 5845.9075
3640.0 5720.0004
3660.0 5705.8678
3680.0 5688.5889
3700.0 5701.5051
3720.0 5962.9107
3740.0 5785.8168
3760.0 5673.7977
3780.0 5647.3735
3800.0 5757.3413
3820.0 5685.9587
3840.0 5661.1844
3860.0 5657.1763
3880.0 5767.6368
3900.0 5792.0633
3920.0 5861.2899
3940.0 5663.486
3960.0 5706.5132
3980.0 5755.9482
4000.0 5565.4796
4020.0 5687.3911
4040.0 5759.0116
4060.0 5849.0329
4080.0 5925.059
4100.0 5812.919
4120.0 5684.1002
4140.0 5430.1417
4160.0 5642.3044
4180.0 5495.7813
4200.0 5683.8707
4220.0 5439.6253
4240.0 5674.8655
4260.0 5905.6314
4280.0 5673.3844
4300.0 5818.6484
4320.0 5679.9625
4340.0 5589.9463
4360.0 5708.9917
4380.0 5717.4442
4400.0 5602.9089
4420.0 5834.1789
4440.0 5712.1873
4460.0 5959.2194
4480.0 5750.5852
4500.0 5757.4887
4520.0 5840.2982
4540.0 5577.5964
4560.0 5611.469
4580.0 5697.4243
4600.0 5690.2049
4620.0 5608.4747
4640.0 5594.5963
4660.0 5865.5906
4680.0 5790.7983
4700.0 5770.2948
4720.0 5941.0592
4740.0 5747.6997
4760.0 5734.5434
4780.0 5708.6995
4800.0 5492.447
4820.0 5698.3928
4840.0 5526.1841
4860.0 5716.0853
4880.0 5760.5145
4900.0 5533.2721
4920.0 5644.8958
4940.0 5751.1759
4960.0 5549.5737
4980.0 5741.9801
5000.0 5608.7371
5020.0 5862.5494
5040.0 5473.5836
5060.0 5641.2518
5080.0 5611.421
5100.0 5614.0455
5120.0 5587.2648
5140.0 5767.5249
5160.0 5717.1052
5180.0 5769.7453
5200.0 5808.3399
5220.0 5965.3299
5240.0 5846.7553
5260.0 5732.8924
5280.0 5689.8457
5300.0 5971.6979
5320.0 5701.2769
5340.0 5903.8109
5360.0 5481.6537
5380.0 5702.0656
5400.0 5765.839
5420.0 5689.8879
5440.0 5669.6553
5460.0 5709.9297
5480.0 5667.9868
5500.0 5597.3676
5520.0 5768.6274
5540.0 5777.9707
5560.0 5765.2132
5580.0 5714.1616
5600.0 5515.8622
5620.0 5614.1279
5640.0 5822.2151
5660.0 5396.6173
5680.0 5707.5926
5700.0 5766.8646
5720.0 5861.0868
5740.0 5667.7131
5760.0 5876.3097
5780.0 5688.0375
5800.0 5728.5572
5820.0 5864.9151
5840.0 5683.4051
5860.0 5699.3333
5880.0 5528.0663
5900.0 5613.749
5920.0 5569.8325
5940.0 5672.1534
5960.0 5751.9494
5980.0 5837.9793
6000.0 5903.3653
6020.0 5924.2017
6040.0 5577.1027
6060.0 5700.4146
6080.0 5611.2243
6100.0 5618.7818
6120.0 5378.7462
6140.0 5492.8301
6160.0 5698.1305
6180.0 5827.8797
6200.0 5691.4625
6220.0 5746.88
6240.0 5674.6287
6260.0 5715.5826
6280.0 5701.6967
6300.0 5740.6244
6320.0 5699.9217
6340.0 5784.8991
6360.0 5617.8551
6380.0 5737.9089
6400.0 5578.2089
6420.0 5757.7276
6440.0 5600.9698
6460.0 5633.1465
6480.0 5535.8739
6500.0 5553.6798
6520.0 5524.951
6540.0 5830.1964
6560.0 5771.3294
6580.0 5715.5912
6600.0 5891.5778
6620.0 5821.2556
6640.0 5864.0068
6660.0 6068.1358
6680.0 5691.934
6700.0 5982.077
6720.0 5567.1501
6740.0 5785.1984
6760.0 5649.1421
6780.0 5709.3921
6800.0 5694.2825
6820.0 5887.4355
6840.0 5642.4582
6860.0 5506.473
6880.0 5753.0789
6900.0 5578.1058
6920.0 5650.4654
6940.0 5750.1699
6960.0 5986.0356
6980.0 5766.1087
7000.0 5867.7179
7020.0 5728.2482
7040.0 5701.736
7060.0 5569.1054
7080.0 5757.5541
7100.0 5557.1933
7120.0 5662.8959
7140.0 5670.7912
7160.0 5903.996
7180.0 5671.8232
7200.0 5768.5232
7220.0 6059.4533
7240.0 5893.3209
7260.0 5868.3583
7280.0 5750.3723
7300.0 5568.8832
7320.0 5495.6874
7340.0 5638.3977
7360.0 5635.5265
7380.0 5618.0189
7400.0 5727.6486
7420.0 5707.1456
7440.0 5853.8514
7460.0 5887.2753
7480.0 5784.6813
7500.0 5934.6245
7520.0 5887.8595
7540.0 6071.5993
7560.0 5788.2393
7580.0 5640.7328
7600.0 5772.2529
7620.0 5678.598
7640.0 5716.3099
7660.0 5673.8812
7680.0 5576.7438
7700.0 5798.0412
7720.0 5815.1182
7740.0 5567.0161
7760.0 5581.2625
7780.0 5771.4752
7800.0 5772.92
7820.0 5767.2918
7840.0 5698.4445
7860.0 5714.5222
7880.0 5779.9934
7900.0 5690.2212
7920.0 5833.0828
7940.0 5575.9326
7960.0 5625.3578
7980.0 5752.049
8000.0 5644.2747
8020.0 5676.9779
8040.0 5825.0397
8060.0 5682.7098
8080.0 5843.1756
8100.0 5735.05
8120.0 5871.4109
8140.0 5909.8037
8160.0 5902.0868
8180.0 5864.4165
8200.0 5754.1734
8220.0 5691.1631
8240.0 5513.0161
8260.0 5584.5229
8280.0 5751.0129
8300.0 5765.8255
8320.0 5751.2578
8340.0 5680.3207
8360.0 5660.4825
8380.0 5740.8897
8400.0 5639.7376
8420.0 5551.1233
8440.0 5463.3312
8460.0 5602.6572
8480.0 5564.3769
8500.0 5592.3711
8520.0 5749.8392
8540.0 5730.1412
8560.0 5806.9632
8580.0 5858.8143
8600.0 5796.6552
8620.0 5632.4879
8640.0 5547.7704
8660.0 5554.4155
8680.0 5625.0407
8700.0 5598.7201
8720.0 5572.6734
8740.0 5551.7725
8760.0 5467.5885
8780.0 5518.0493
8800.0 5747.6253
8820.0 5539.2197
8840.0 5627.4115
8860.0 5811.4646
8880.0 5796.8787
8900.0 5797.5744
8920.0 5836.2118
8940.0 5796.6726
8960.0 5736.5101
8980.0 5636.2721
9000.0 5821.1077
9020.0 5838.01
9040.0 5789.4021
9060.0 5689.8061
9080.0 5713.9236
9100.0 5626.5836
9120.0 5547.2019
9140.0 5607.6092
9160.0 5690.49
9180.0 5534.9755
9200.0 5497.7632
9220.0 5682.4862
9240.0 5603.5586
9260.0 5549.5068
9280.0 5711.4302
9300.0 5659.8812
9320.0 5599.6306
9340.0 5793.0269
9360.0 5672.5937
9380.0 5744.045
9400.0 5714.1406
9420.0 5620.0838
9440.0 5723.1022
9460.0 5745.3769
9480.0 5875.5139
9500.0 5594.4647
9520.0 5728.0137
9540.0 5742.158
9560.0 5757.8331
9580.0 5787.9326
9600.0 5878.7099
9620.0 5819.189
9640.0 5637.1268
9660.0 5685.4832
9680.0 5685.056
9700.0 5594.3468
9720.0 5769.064
9740.0 5733.4631
9760.0 5768.0651
9780.0 5827.0002
9800.0 5764.5641
9820.0 5535.5177
9840.0 5447.567
9860.0 5702.7584
9880.0 5745.7554
9900.0 5805.7973
9920.0 5704.0843
9940.0 5745.9589
9960.0 5802.9435
9980.0 5684.6442
10000.0 5565.5835
