0.0 -1203.1694
20.0 -916.12545
40.0 -696.35131
60.0 -793.25214
80.0 -765.96489
100.0 -787.27179
120.0 -749.43713
140.0 -804.29191
160.0 -763.30898
180.0 -750.56728
200.0 -801.14823
220.0 -769.52025
240.0 -779.31439
260.0 -760.52206
280.0 -773.76901
300.0 -805.34275
320.0 -756.13955
340.0 -781.57766
360.0 -757.55845
380.0 -769.95461
400.0 -783.97909
420.0 -755.53499
440.0 -784.64554
460.0 -775.44238
480.0 -723.32084
500.0 -803.43078
520.0 -752.38723
540.0 -784.44949
560.0 -763.7175
580.0 -771.07035
600.0 -744.94024
620.0 -787.55673
640.0 -784.91133
660.0 -761.3452
680.0 -783.12403
700.0 -733.67758
720.0 -758.80154
740.0 -773.00687
760.0 -752.07275
780.0 -819.55461
800.0 -778.76868
820.0 -731.35243
840.0 -783.50494
860.0 -757.22426
880.0 -749.16933
900.0 -764.57404
920.0 -757.6356
940.0 -774.92042
960.0 -775.10497
980.0 -776.53086
1000.0 -785.94605
1020.0 -744.48342
1040.0 -765.21399
1060.0 -779.92758
1080.0 -792.90564
1100.0 -753.68789
1120.0 -756.9939
1140.0 -750.04595
1160.0 -775.22346
1180.0 -770.85957
1200.0 -740.83153
1220.0 -781.47497
1240.0 -776.45797
1260.0 -763.45615
1280.0 -774.21984
1300.0 -787.39253
1320.0 -762.93947
1340.0 -747.66396
1360.0 -784.30425
1380.0 -741.94598
1400.0 -762.00005
1420.0 -785.64046
1440.0 -769.65066
1460.0 -781.57377
1480.0 -782.9779
1500.0 -745.11618
1520.0 -764.21604
1540.0 -742.97985
1560.0 -779.38543
1580.0 -763.49918
1600.0 -782.2567
1620.0 -768.98747
1640.0 -745.84677
1660.0 -784.08127
1680.0 -775.39269
1700.0 -757.69654
1720.0 -750.29244
1740.0 -779.59795
1760.0 -744.64744
1780.0 -787.00408
1800.0 -768.89676
1820.0 -800.01813
1840.0 -754.98739
1860.0 -768.02976
1880.0 -772.99222
1900.0 -786.78243
1920.0 -755.41544
1940.0 -774.24599
1960.0 -800.0757
1980.0 -759.53164
2000.0 -784.09177
2020.0 -757.90118
2040.0 -751.80438
2060.0 -771.63496
2080.0 -800.43416
2100.0 -761.87673
2120.0 -777.67657
2140.0 -764.79725
2160.0 -755.67532
2180.0 -786.98495
2200.0 -757.34577
2220.0 -785.63735
2240.0 -724.78237
2260.0 -784.73261
2280.0 -766.68028
2300.0 -772.6739
2320.0 -765.36981
2340.0 -765.84835
2360.0 -770.92735
2380.0 -768.64005
2400.0 -769.3287
2420.0 -755.29095
2440.0 -743.12173
2460.0 -774.61249
2480.0 -819.6511
2500.0 -760.8847
2520.0 -783.64015
2540.0 -756.70997
2560.0 -751.79668
2580.0 -760.12803
2600.0 -762.26936
2620.0 -798.93811
2640.0 -752.4451
2660.0 -781.66734
2680.0 -766.44347
2700.0 -745.19176
2720.0 -781.52074
2740.0 -755.08643
2760.0 -791.01285
2780.0 -767.23139
2800.0 -769.28611
2820.0 -787.61601
2840.0 -780.84767
2860.0 -766.84147
2880.0 -790.79109
2900.0 -762.16271
2920.0 -783.89825
2940.0 -758.15354
2960.0 -755.70905
2980.0 -767.83684
3000.0 -781.2472
3020.0 -744.32013
3040.0 -772.22418
3060.0 -758.89484
3080.0 -777.41884
3100.0 -758.63003
3120.0 -762.35326
3140.0 -761.61887
3160.0 -799.03417
3180.0 -731.36804
3200.0 -799.22739
3220.0 -759.45267
3240.0 -797.67205
3260.0 -782.99294
3280.0 -767.74016
3300.0 -783.72388
3320.0 -739.34613
3340.0 -760.0962
3360.0 -761.97435
3380.0 -791.68204
3400.0 -762.70912
3420.0 -745.01455
3440.0 -766.71815
3460.0 -782.50002
3480.0 -771.39535
3500.0 -750.71869
3520.0 -779.77759
3540.0 -745.86989
3560.0 -790.23968
3580.0 -771.48979
3600.0 -787.18136
3620.0 -768.12572
3640.0 -780.39759
3660.0 -754.25657
3680.0 -759.95614
3700.0 -783.7709
3720.0 -765.38247
3740.0 -756.94252
3760.0 -770.23657
3780.0 -740.30122
3800.0 -795.59599
3820.0 -745.2196
3840.0 -797.69665
3860.0 -781.68149
3880.0 -780.50334
3900.0 -794.92116
3920.0 -750.75708
3940.0 -756.33093
3960.0 -771.77647
3980.0 -741.36792
4000.0 -784.05489
4020.0 -781.90964
4040.0 -741.40312
4060.0 -789.29619
4080.0 -780.44923
4100.0 -755.89809
4120.0 -797.1814
4140.0 -770.74036
4160.0 -737.58256
4180.0 -794.13118
4200.0 -753.12541
4220.0 -768.24733
4240.0 -780.28668
4260.0 -775.54267
4280.0 -742.52106
4300.0 -766.09741
4320.0 -758.39936
4340.0 -821.40361
4360.0 -757.06479
4380.0 -794.85965
4400.0 -777.09872
4420.0 -809.66441
4440.0 -758.3483
4460.0 -769.59793
4480.0 -768.15341
4500.0 -790.03492
4520.0 -767.24393
4540.0 -786.30325
4560.0 -766.90668
4580.0 -785.5021
4600.0 -764.48568
4620.0 -775.62605
4640.0 -795.36314
4660.0 -766.78228
4680.0 -778.18358
4700.0 -755.04009
4720.0 -786.58106
4740.0 -758.7409
4760.0 -753.92874
4780.0 -784.75645
4800.0 -753.64911
4820.0 -795.82703
4840.0 -775.26087
4860.0 -779.22058
4880.0 -797.88935
4900.0 -752.07512
4920.0 -797.11308
4940.0 -764.42133
4960.0 -787.43291
4980.0 -782.7121
5000.0 -781.49
5020.0 -767.3873
5040.0 -809.12988
5060.0 -739.65507
5080.0 -775.38456
5100.0 -772.83146
5120.0 -791.51712
5140.0 -779.26287
5160.0 -747.94892
5180.0 -762.36707
5200.0 -779.97639
5220.0 -723.55057
5240.0 -800.68307
5260.0 -775.38546
5280.0 -742.36269
5300.0 -768.13875
5320.0 -770.07796
5340.0 -749.12888
5360.0 -782.92528
5380.0 -767.37538
5400.0 -817.77482
5420.0 -771.27693
5440.0 -780.56326
5460.0 -746.45813
5480.0 -784.973
5500.0 -766.89367
5520.0 -785.46119
5540.0 -773.3145
5560.0 -788.54756
5580.0 -772.50678
5600.0 -792.06669
5620.0 -753.56584
5640.0 -769.48157
5660.0 -798.3785
5680.0 -754.16776
5700.0 -758.28487
5720.0 -785.16644
5740.0 -771.36979
5760.0 -779.11256
5780.0 -763.38385
5800.0 -794.43487
5820.0 -787.35247
5840.0 -782.51818
5860.0 -761.34775
5880.0 -786.28061
5900.0 -755.92779
5920.0 -788.68055
5940.0 -796.02458
5960.0 -769.17503
5980.0 -752.69648
6000.0 -784.64677
6020.0 -780.47277
6040.0 -762.90356
6060.0 -764.79848
6080.0 -780.7375
6100.0 -802.71372
6120.0 -770.55222
6140.0 -772.72149
6160.0 -752.89384
6180.0 -768.9399
6200.0 -789.77591
6220.0 -759.43171
6240.0 -787.58289
6260.0 -742.68335
6280.0 -771.71322
6300.0 -756.40151
6320.0 -780.99952
6340.0 -756.31486
6360.0 -799.58556
6380.0 -772.05925
6400.0 -749.34002
6420.0 -773.22143
6440.0 -768.02426
6460.0 -802.03168
6480.0 -759.21794
6500.0 -789.34861
6520.0 -770.0373
6540.0 -790.69426
6560.0 -769.01821
6580.0 -788.94338
6600.0 -776.91283
6620.0 -787.69678
6640.0 -764.29472
6660.0 -801.98637
6680.0 -781.25023
6700.0 -756.39587
6720.0 -782.8786
6740.0 -769.13319
6760.0 -782.15559
6780.0 -748.86094
6800.0 -777.62697
6820.0 -786.00888
6840.0 -774.56306
6860.0 -775.82341
6880.0 -770.10788
6900.0 -714.85258
6920.0 -788.20669
6940.0 -783.31319
6960.0 -758.69376
6980.0 -798.47236
7000.0 -747.53717
7020.0 -776.88753
7040.0 -766.89099
7060.0 -776.81404
7080.0 -766.82195
7100.0 -762.99255
7120.0 -753.28104
7140.0 -792.43928
7160.0 -774.17654
7180.0 -792.58987
7200.0 -756.16278
7220.0 -759.26086
7240.0 -789.80826
7260.0 -761.94372
7280.0 -780.36913
7300.0 -737.52846
7320.0 -795.45008
7340.0 -777.3143
7360.0 -786.20903
7380.0 -748.01074
7400.0 -737.95731
7420.0 -789.69318
7440.0 -764.30945
7460.0 -753.79273
7480.0 -780.5937
7500.0 -767.52858
7520.0 -796.41173
7540.0 -749.60928
7560.0 -796.05984
7580.0 -771.94339
7600.0 -764.70406
7620.0 -787.35859
7640.0 -747.42189
7660.0 -766.71807
7680.0 -785.66184
7700.0 -784.31609
7720.0 -766.41914
7740.0 -771.02512
7760.0 -775.53092
7780.0 -766.52425
7800.0 -759.61614
7820.0 -773.08551
7840.0 -739.8497
7860.0 -774.51286
7880.0 -762.62156
7900.0 -774.75115
7920.0 -765.83693
7940.0 -750.41332
7960.0 -786.228
7980.0 -761.2953
8000.0 -808.32582
8020.0 -772.09287
8040.0 -754.15848
8060.0 -768.64519
8080.0 -745.33163
8100.0 -774.94459
8120.0 -781.19126
8140.0 -778.89997
8160.0 -736.39828
8180.0 -748.59379
8200.0 -776.19955
8220.0 -772.23495
8240.0 -750.37636
8260.0 -790.27849
8280.0 -750.97352
8300.0 -751.89898
8320.0 -744.47081
8340.0 -772.42318
8360.0 -769.37875
8380.0 -764.06593
8400.0 -737.3752
8420.0 -755.66006
8440.0 -761.10328
8460.0 -762.74981
8480.0 -768.95061
8500.0 -760.17682
8520.0 -734.99204
8540.0 -767.59417
8560.0 -774.65207
8580.0 -785.96179
8600.0 -777.44282
8620.0 -774.5349
8640.0 -778.99075
8660.0 -772.84818
8680.0 -724.91413
8700.0 -785.36415
8720.0 -771.9249
8740.0 -744.03465
8760.0 -789.64324
8780.0 -787.07658
8800.0 -774.77715
8820.0 -768.71887
8840.0 -821.16415
8860.0 -753.32561
8880.0 -786.74117
8900.0 -739.73795
8920.0 -769.62287
8940.0 -758.11742
8960.0 -779.22525
8980.0 -774.41878
9000.0 -764.63436
9020.0 -790.02614
9040.0 -751.07425
9060.0 -774.50313
9080.0 -759.07665
9100.0 -771.25449
9120.0 -788.33499
9140.0 -755.91453
9160.0 -772.11714
9180.0 -780.61751
9200.0 -758.30864
9220.0 -782.73629
9240.0 -747.0009
9260.0 -751.29861
9280.0 -758.8287
9300.0 -785.71289
9320.0 -750.5576
9340.0 -768.88527
9360.0 -771.2944
9380.0 -789.68543
9400.0 -769.46217
9420.0 -806.62164
9440.0 -756.16853
9460.0 -774.20565
9480.0 -770.03443
9500.0 -793.8659
9520.0 -789.16003
9540.0 -774.43183
9560.0 -746.76363
9580.0 -767.15945
9600.0 -766.92358
9620.0 -783.10492
9640.0 -751.18737
9660.0 -769.68888
9680.0 -777.25321
9700.0 -757.73622
9720.0 -780.20445
9740.0 -749.57385
9760.0 -749.40294
9780.0 -770.85826
9800.0 -770.52167
9820.0 -779.29581
9840.0 -789.86857
9860.0 -751.24852
9880.0 -778.96535
9900.0 -777.36919
9920.0 -753.57145
9940.0 -749.714
9960.0 -754.2272
9980.0 -787.35197
10000.0 -796.71053
