0.0 -1203.1694
20.0 -1096.1944
40.0 -1042.0909
60.0 -989.75201
80.0 -962.60331
100.0 -930.62321
120.0 -914.75051
140.0 -889.66472
160.0 -864.81683
180.0 -850.13418
200.0 -838.71933
220.0 -812.90755
240.0 -796.02983
260.0 -780.82721
280.0 -762.92525
300.0 -745.14579
320.0 -736.47594
340.0 -733.29944
360.0 -730.54098
380.0 -715.35813
400.0 -693.6147
420.0 -699.62676
440.0 -692.23915
460.0 -711.12031
480.0 -714.38712
500.0 -705.6196
520.0 -717.82168
540.0 -703.0828
560.0 -707.00265
580.0 -712.396
600.0 -726.38561
620.0 -728.74269
640.0 -713.41046
660.0 -724.41278
680.0 -721.45004
700.0 -706.31233
720.0 -704.09214
740.0 -703.59985
760.0 -710.34527
780.0 -709.05699
800.0 -726.47552
820.0 -725.17091
840.0 -719.1471
860.0 -738.40342
880.0 -739.91004
900.0 -743.42734
920.0 -738.86792
940.0 -735.08243
960.0 -723.86716
980.0 -716.83985
1000.0 -718.16352
1020.0 -713.16769
1040.0 -712.90858
1060.0 -728.18234
1080.0 -731.17624
1100.0 -730.55747
1120.0 -740.62133
1140.0 -738.21227
1160.0 -742.47472
1180.0 -737.46976
1200.0 -727.64321
1220.0 -751.79509
1240.0 -752.69097
1260.0 -761.85525
1280.0 -756.83861
1300.0 -754.94038
1320.0 -763.83499
1340.0 -775.5074
1360.0 -756.12714
1380.0 -760.46559
1400.0 -743.92618
1420.0 -755.19376
1440.0 -752.83269
1460.0 -757.35339
1480.0 -758.69739
1500.0 -753.4992
1520.0 -751.08536
1540.0 -743.8105
1560.0 -739.15108
1580.0 -728.76452
1600.0 -734.43878
1620.0 -731.79337
1640.0 -726.47683
1660.0 -721.82732
1680.0 -705.92018
1700.0 -695.26773
1720.0 -696.53643
1740.0 -718.20102
1760.0 -701.40956
1780.0 -706.66258
1800.0 -710.71581
1820.0 -719.4637
1840.0 -732.30597
1860.0 -726.21663
1880.0 -719.03649
1900.0 -723.72435
1920.0 -717.85184
1940.0 -716.61995
1960.0 -718.08146
1980.0 -715.44236
2000.0 -714.81973
2020.0 -715.78294
2040.0 -714.82082
2060.0 -702.09447
2080.0 -704.5277
2100.0 -705.85686
2120.0 -695.70753
2140.0 -691.58731
2160.0 -694.8319
2180.0 -698.13703
2200.0 -727.33459
2220.0 -715.10783
2240.0 -719.04155
2260.0 -723.37817
2280.0 -736.65859
2300.0 -736.55018
2320.0 -756.36215
2340.0 -750.1142
2360.0 -741.52509
2380.0 -737.67597
2400.0 -738.6144
2420.0 -740.2701
2440.0 -730.50341
2460.0 -748.71791
2480.0 -753.34676
2500.0 -763.94881
2520.0 -759.03978
2540.0 -761.95133
2560.0 -747.64093
2580.0 -754.62447
2600.0 -738.7838
2620.0 -749.76172
2640.0 -747.26561
2660.0 -753.60606
2680.0 -756.59521
2700.0 -738.24236
2720.0 -732.85647
2740.0 -737.18594
2760.0 -722.13411
2780.0 -741.95814
2800.0 -728.41094
2820.0 -729.08822
2840.0 -729.74749
2860.0 -732.2449
2880.0 -751.1827
2900.0 -744.17668
2920.0 -738.17053
2940.0 -737.09107
2960.0 -733.01487
2980.0 -732.0817
3000.0 -741.45184
3020.0 -739.00602
3040.0 -734.52398
3060.0 -727.93767
3080.0 -742.16774
3100.0 -737.54477
3120.0 -745.8609
3140.0 -747.68052
3160.0 -741.73623
3180.0 -733.16766
3200.0 -724.88476
3220.0 -700.71137
3240.0 -720.02278
3260.0 -720.39907
3280.0 -721.13085
3300.0 -737.35883
3320.0 -741.22228
3340.0 -739.72016
3360.0 -743.82007
3380.0 -746.03606
3400.0 -738.37721
3420.0 -736.22695
3440.0 -729.20025
3460.0 -722.62175
3480.0 -735.20295
3500.0 -732.86426
3520.0 -714.9484
3540.0 -720.5329
3560.0 -718.31845
3580.0 -722.68753
3600.0 -732.78648
3620.0 -725.90661
3640.0 -707.19596
3660.0 -708.64944
3680.0 -712.4896
3700.0 -699.22972
3720.0 -700.55437
3740.0 -700.58231
3760.0 -696.47165
3780.0 -713.84489
3800.0 -721.46469
3820.0 -724.0739
3840.0 -716.94315
3860.0 -705.28735
3880.0 -717.9057
3900.0 -699.88796
3920.0 -698.41914
3940.0 -695.86119
3960.0 -700.62589
3980.0 -718.12498
4000.0 -730.96345
4020.0 -736.01744
4040.0 -720.32312
4060.0 -711.73796
4080.0 -686.48257
4100.0 -697.98355
4120.0 -709.84142
4140.0 -714.00153
4160.0 -702.96325
4180.0 -705.34004
4200.0 -730.07645
4220.0 -743.36495
4240.0 -743.76787
4260.0 -733.14798
4280.0 -730.62652
4300.0 -738.92392
4320.0 -759.89236
4340.0 -756.82255
4360.0 -754.6691
4380.0 -740.06105
4400.0 -729.08701
4420.0 -729.05916
4440.0 -724.01427
4460.0 -722.66167
4480.0 -738.7738
4500.0 -725.76406
4520.0 -742.94662
4540.0 -754.21492
4560.0 -738.96052
4580.0 -751.76761
4600.0 -767.3791
4620.0 -762.0662
4640.0 -779.80402
4660.0 -781.74507
4680.0 -781.0042
4700.0 -783.05566
4720.0 -766.28603
4740.0 -748.82602
4760.0 -734.72094
4780.0 -753.25169
4800.0 -737.04105
4820.0 -741.20047
4840.0 -770.16651
4860.0 -759.05899
4880.0 -759.77821
4900.0 -757.33639
4920.0 -754.76513
4940.0 -761.47854
4960.0 -769.81986
4980.0 -747.46773
5000.0 -733.76329
5020.0 -733.38963
5040.0 -750.97138
5060.0 -756.3582
5080.0 -759.95072
5100.0 -760.67589
5120.0 -773.7809
5140.0 -743.26322
5160.0 -753.40507
5180.0 -742.23403
5200.0 -750.85397
5220.0 -747.61096
5240.0 -736.5354
5260.0 -730.46189
5280.0 -727.67965
5300.0 -731.79648
5320.0 -729.87106
5340.0 -720.58637
5360.0 -714.03275
5380.0 -714.75794
5400.0 -706.8307
5420.0 -726.60561
5440.0 -717.92236
5460.0 -713.71232
5480.0 -712.62608
5500.0 -721.56154
5520.0 -714.17854
5540.0 -710.53467
5560.0 -711.80827
5580.0 -717.48096
5600.0 -725.82005
5620.0 -712.06814
5640.0 -711.43057
5660.0 -719.05011
5680.0 -700.27431
5700.0 -688.27238
5720.0 -697.56788
5740.0 -705.35834
5760.0 -687.7217
5780.0 -697.68586
5800.0 -703.11995
5820.0 -712.56514
5840.0 -720.34513
5860.0 -709.60696
5880.0 -706.56345
5900.0 -713.98743
5920.0 -702.16515
5940.0 -692.63831
5960.0 -692.43786
5980.0 -712.54395
6000.0 -714.94508
6020.0 -717.86768
6040.0 -715.63427
6060.0 -719.51899
6080.0 -720.42515
6100.0 -722.07244
6120.0 -731.7387
6140.0 -736.96618
6160.0 -730.61793
6180.0 -740.42433
6200.0 -736.71355
6220.0 -735.67207
6240.0 -725.06918
6260.0 -728.0455
6280.0 -728.22
6300.0 -719.33457
6320.0 -732.60747
6340.0 -726.2949
6360.0 -743.38467
6380.0 -731.31037
6400.0 -746.81978
6420.0 -744.72122
6440.0 -745.25766
6460.0 -757.89207
6480.0 -753.20374
6500.0 -736.18252
6520.0 -750.18772
6540.0 -747.04262
6560.0 -734.28905
6580.0 -727.20359
6600.0 -720.40938
6620.0 -708.15477
6640.0 -713.72507
6660.0 -732.25946
6680.0 -738.0429
6700.0 -736.17125
6720.0 -738.01477
6740.0 -735.56135
6760.0 -736.10427
6780.0 -730.48966
6800.0 -728.37122
6820.0 -732.17499
6840.0 -730.09302
6860.0 -728.47962
6880.0 -731.47512
6900.0 -730.76589
6920.0 -724.46129
6940.0 -719.83056
6960.0 -721.6375
6980.0 -726.90714
7000.0 -746.93611
7020.0 -725.62688
7040.0 -733.34449
7060.0 -739.33201
7080.0 -718.96094
7100.0 -732.73302
7120.0 -732.51336
7140.0 -728.15247
7160.0 -723.51303
7180.0 -713.69548
7200.0 -716.738
7220.0 -707.96145
7240.0 -712.16724
7260.0 -716.45935
7280.0 -731.18572
7300.0 -724.96214
7320.0 -735.14781
7340.0 -722.91978
7360.0 -721.04506
7380.0 -729.54584
7400.0 -725.48283
7420.0 -717.46405
7440.0 -717.63883
7460.0 -719.71686
7480.0 -727.5414
7500.0 -740.68716
7520.0 -722.77384
7540.0 -722.07595
7560.0 -722.92385
7580.0 -725.52267
7600.0 -722.50173
7620.0 -714.84792
7640.0 -711.4822
7660.0 -715.54098
7680.0 -708.26062
7700.0 -713.98915
7720.0 -716.42471
7740.0 -712.69094
7760.0 -715.09023
7780.0 -713.53389
7800.0 -716.63264
7820.0 -734.74115
7840.0 -723.02327
7860.0 -725.38056
7880.0 -731.00377
7900.0 -744.19433
7920.0 -736.69454
7940.0 -728.41069
7960.0 -734.15316
7980.0 -737.53552
8000.0 -726.965
8020.0 -733.04998
8040.0 -739.89736
8060.0 -745.27248
8080.0 -751.135
8100.0 -755.47273
8120.0 -757.28756
8140.0 -751.19021
8160.0 -739.34839
8180.0 -742.12845
8200.0 -737.19541
8220.0 -736.41408
8240.0 -736.23634
8260.0 -737.9273
8280.0 -746.94818
8300.0 -743.30362
8320.0 -739.84973
8340.0 -728.18191
8360.0 -717.60175
8380.0 -723.95304
8400.0 -712.31878
8420.0 -696.56993
8440.0 -712.81569
8460.0 -723.93298
8480.0 -723.14785
8500.0 -736.189
8520.0 -741.86932
8540.0 -747.03586
8560.0 -759.37414
8580.0 -754.78698
8600.0 -742.21515
8620.0 -748.03057
8640.0 -752.18405
8660.0 -741.11701
8680.0 -746.54305
8700.0 -730.58273
8720.0 -737.46063
8740.0 -716.57768
8760.0 -718.64501
8780.0 -721.92457
8800.0 -722.96145
8820.0 -720.20802
8840.0 -717.46832
8860.0 -729.55545
8880.0 -710.29188
8900.0 -712.46087
8920.0 -724.17644
8940.0 -711.06058
8960.0 -701.47516
8980.0 -713.64177
9000.0 -707.54696
9020.0 -697.2065
9040.0 -694.74123
9060.0 -708.34466
9080.0 -711.99646
9100.0 -715.12364
9120.0 -711.98605
9140.0 -707.31199
9160.0 -696.86334
9180.0 -700.99622
9200.0 -694.61178
9220.0 -694.81335
9240.0 -701.30855
9260.0 -694.12171
9280.0 -692.02633
9300.0 -681.34723
9320.0 -691.83529
9340.0 -699.50462
9360.0 -695.34578
9380.0 -713.46197
9400.0 -720.76197
9420.0 -738.90222
9440.0 -724.26136
9460.0 -732.79263
9480.0 -730.9799
9500.0 -738.74057
9520.0 -724.74773
9540.0 -737.84587
9560.0 -730.60051
9580.0 -731.31194
9600.0 -725.2878
9620.0 -735.09772
9640.0 -751.68524
9660.0 -757.04943
9680.0 -749.70794
9700.0 -763.07894
9720.0 -749.86749
9740.0 -734.50863
9760.0 -743.96394
9780.0 -735.94776
9800.0 -722.89001
9820.0 -724.04053
9840.0 -727.8807
9860.0 -718.36111
9880.0 -708.26074
9900.0 -711.56472
9920.0 -714.69935
9940.0 -720.06199
9960.0 -727.14547
9980.0 -718.87177
10000.0 -725.01543
