0.0 -1203.1694
20.0 -1177.8759
40.0 -1158.0085
60.0 -1131.018
80.0 -1100.6618
100.0 -1068.0603
120.0 -1032.8974
140.0 -995.33585
160.0 -958.58283
180.0 -920.12159
200.0 -882.50368
220.0 -845.532
240.0 -811.98691
260.0 -779.07814
280.0 -752.34202
300.0 -732.55151
320.0 -720.149
340.0 -717.69088
360.0 -723.74363
380.0 -737.81299
400.0 -754.59244
420.0 -772.73459
440.0 -788.84735
460.0 -801.19402
480.0 -807.04912
500.0 -807.63653
520.0 -801.20798
540.0 -790.77476
560.0 -777.55424
580.0 -763.99272
600.0 -752.84814
620.0 -744.21111
640.0 -739.00283
660.0 -740.74474
680.0 -747.85011
700.0 -757.82445
720.0 -770.06901
740.0 -780.83515
760.0 -790.27926
780.0 -796.2916
800.0 -796.30012
820.0 -793.98284
840.0 -786.66466
860.0 -776.51974
880.0 -766.00605
900.0 -756.47168
920.0 -748.55816
940.0 -743.25829
960.0 -741.85873
980.0 -745.07597
1000.0 -753.95856
1020.0 -763.76592
1040.0 -774.16201
1060.0 -784.57136
1080.0 -792.36031
1100.0 -795.6985
1120.0 -795.78443
1140.0 -790.98099
1160.0 -784.26693
1180.0 -774.50546
1200.0 -763.90367
1220.0 -754.63915
1240.0 -748.31711
1260.0 -745.8306
1280.0 -747.97177
1300.0 -753.12143
1320.0 -761.16099
1340.0 -771.46115
1360.0 -780.49409
1380.0 -787.43257
1400.0 -791.27703
1420.0 -792.87389
1440.0 -790.0008
1460.0 -783.2905
1480.0 -773.44749
1500.0 -763.95517
1520.0 -756.47288
1540.0 -750.27557
1560.0 -748.22044
1580.0 -749.12592
1600.0 -755.94372
1620.0 -766.61946
1640.0 -782.20603
1660.0 -790.48444
1680.0 -792.41023
1700.0 -791.28177
1720.0 -786.86245
1740.0 -779.25092
1760.0 -773.15441
1780.0 -767.59236
1800.0 -764.1893
1820.0 -761.28725
1840.0 -758.84255
1860.0 -757.73617
1880.0 -760.61541
1900.0 -772.2488
1920.0 -786.7792
1940.0 -796.8748
1960.0 -801.444
1980.0 -800.26029
2000.0 -794.36645
2020.0 -784.74702
2040.0 -772.09339
2060.0 -762.63025
2080.0 -758.45259
2100.0 -758.51805
2120.0 -760.76962
2140.0 -763.65291
2160.0 -767.95643
2180.0 -772.48072
2200.0 -778.55555
2220.0 -787.95162
2240.0 -802.11656
2260.0 -815.83617
2280.0 -819.30936
2300.0 -815.20821
2320.0 -805.49978
2340.0 -794.69388
2360.0 -787.84257
2380.0 -781.01412
2400.0 -775.12765
2420.0 -768.04035
2440.0 -761.3517
2460.0 -756.64654
2480.0 -753.20033
2500.0 -751.25972
2520.0 -755.293
2540.0 -763.25016
2560.0 -775.79306
2580.0 -789.40451
2600.0 -796.62605
2620.0 -798.26654
2640.0 -795.47184
2660.0 -788.31382
2680.0 -782.24439
2700.0 -775.95107
2720.0 -772.47459
2740.0 -768.91818
2760.0 -766.72278
2780.0 -766.30529
2800.0 -767.10543
2820.0 -769.5481
2840.0 -770.62077
2860.0 -772.00609
2880.0 -772.98234
2900.0 -778.75932
2920.0 -787.32656
2940.0 -794.58725
2960.0 -798.87262
2980.0 -798.59965
3000.0 -793.14825
3020.0 -780.03625
3040.0 -770.5971
3060.0 -761.69846
3080.0 -756.73776
3100.0 -755.14876
3120.0 -756.70488
3140.0 -761.39607
3160.0 -767.34327
3180.0 -774.61345
3200.0 -783.03809
3220.0 -792.26573
3240.0 -802.49961
3260.0 -814.65704
3280.0 -823.51743
3300.0 -826.00327
3320.0 -819.51315
3340.0 -800.17276
3360.0 -784.64684
3380.0 -775.07527
3400.0 -768.70762
3420.0 -763.04383
3440.0 -759.56838
3460.0 -757.39654
3480.0 -759.17142
3500.0 -763.77324
3520.0 -770.56703
3540.0 -778.42336
3560.0 -786.52943
3580.0 -792.18834
3600.0 -796.41505
3620.0 -797.52666
3640.0 -790.51984
3660.0 -776.34967
3680.0 -760.818
3700.0 -750.28609
3720.0 -746.62183
3740.0 -747.20325
3760.0 -751.66484
3780.0 -760.12056
3800.0 -770.58553
3820.0 -780.5881
3840.0 -787.08788
3860.0 -788.67707
3880.0 -785.66476
3900.0 -782.93809
3920.0 -779.38439
3940.0 -776.06544
3960.0 -772.54138
3980.0 -770.88455
4000.0 -768.66079
4020.0 -765.7581
4040.0 -766.21617
4060.0 -767.36013
4080.0 -769.28191
4100.0 -774.00607
4120.0 -784.24631
4140.0 -793.92257
4160.0 -799.84637
4180.0 -799.57822
4200.0 -794.05544
4220.0 -785.09026
4240.0 -773.13483
4260.0 -764.00526
4280.0 -757.95736
4300.0 -755.33576
4320.0 -755.9412
4340.0 -759.20186
4360.0 -763.2339
4380.0 -767.09128
4400.0 -774.13267
4420.0 -785.28187
4440.0 -801.75729
4460.0 -814.79316
4480.0 -817.92673
4500.0 -813.97628
4520.0 -805.68291
4540.0 -798.49899
4560.0 -790.85072
4580.0 -783.232
4600.0 -774.32086
4620.0 -766.65923
4640.0 -762.41894
4660.0 -759.09049
4680.0 -757.7652
4700.0 -759.45165
4720.0 -762.47748
4740.0 -771.04328
4760.0 -782.83823
4780.0 -795.02024
4800.0 -803.29604
4820.0 -804.54594
4840.0 -799.86255
4860.0 -790.25328
4880.0 -777.97998
4900.0 -769.70653
4920.0 -765.33796
4940.0 -763.4789
4960.0 -764.41974
4980.0 -764.72513
5000.0 -767.36508
5020.0 -771.79573
5040.0 -778.41967
5060.0 -785.38838
5080.0 -791.83753
5100.0 -799.5074
5120.0 -802.27037
5140.0 -802.38648
5160.0 -791.2428
5180.0 -775.12425
5200.0 -762.63623
5220.0 -756.87842
5240.0 -753.99759
5260.0 -752.94771
5280.0 -755.03419
5300.0 -761.47423
5320.0 -770.95803
5340.0 -781.45719
5360.0 -790.36023
5380.0 -794.99365
5400.0 -796.80101
5420.0 -792.44531
5440.0 -780.58884
5460.0 -763.22217
5480.0 -749.79175
5500.0 -747.02627
5520.0 -749.23055
5540.0 -754.10408
5560.0 -761.60695
5580.0 -769.88821
5600.0 -777.96562
5620.0 -782.56333
5640.0 -786.15567
5660.0 -785.72689
5680.0 -782.12842
5700.0 -774.26407
5720.0 -761.94888
5740.0 -746.8359
5760.0 -738.04298
5780.0 -737.12396
5800.0 -742.38175
5820.0 -750.09601
5840.0 -757.51686
5860.0 -763.35903
5880.0 -767.33856
5900.0 -770.95457
5920.0 -773.41255
5940.0 -775.36185
5960.0 -775.7523
5980.0 -776.46836
6000.0 -775.16485
6020.0 -769.01645
6040.0 -759.88965
6060.0 -751.15606
6080.0 -745.35953
6100.0 -743.71092
6120.0 -746.35921
6140.0 -754.88275
6160.0 -767.9361
6180.0 -781.03332
6200.0 -787.01022
6220.0 -788.71271
6240.0 -787.57751
6260.0 -782.48181
6280.0 -777.02195
6300.0 -771.38665
6320.0 -764.4933
6340.0 -759.82006
6360.0 -759.12473
6380.0 -758.66624
6400.0 -759.62463
6420.0 -761.67307
6440.0 -763.0089
6460.0 -766.87848
6480.0 -767.60146
6500.0 -768.59352
6520.0 -770.23729
6540.0 -772.75466
6560.0 -776.0515
6580.0 -779.9205
6600.0 -781.99387
6620.0 -787.44075
6640.0 -787.59835
6660.0 -788.32217
6680.0 -783.95525
6700.0 -774.11402
6720.0 -763.82076
6740.0 -753.44836
6760.0 -747.49382
6780.0 -747.10295
6800.0 -749.15596
6820.0 -757.08563
6840.0 -768.7245
6860.0 -780.91924
6880.0 -788.53432
6900.0 -790.70745
6920.0 -789.7281
6940.0 -786.40195
6960.0 -781.88208
6980.0 -776.13222
7000.0 -769.50135
7020.0 -763.5961
7040.0 -758.55727
7060.0 -754.78962
7080.0 -753.85261
7100.0 -756.74039
7120.0 -767.26723
7140.0 -783.57729
7160.0 -796.24312
7180.0 -800.60126
7200.0 -798.56725
7220.0 -792.73661
7240.0 -783.38302
7260.0 -772.88453
7280.0 -765.09121
7300.0 -761.66432
7320.0 -758.57404
7340.0 -758.26309
7360.0 -759.79476
7380.0 -762.00474
7400.0 -766.59905
7420.0 -772.36014
7440.0 -780.96505
7460.0 -795.03967
7480.0 -809.2977
7500.0 -818.49032
7520.0 -819.3043
7540.0 -812.28049
7560.0 -799.29957
7580.0 -787.32708
7600.0 -781.38032
7620.0 -776.71944
7640.0 -773.31739
7660.0 -769.6939
7680.0 -765.35522
7700.0 -760.73403
7720.0 -757.0305
7740.0 -755.6586
7760.0 -757.28498
7780.0 -760.6059
7800.0 -770.40358
7820.0 -782.91018
7840.0 -791.65735
7860.0 -798.35227
7880.0 -798.68722
7900.0 -794.74744
7920.0 -787.06184
7940.0 -777.15198
7960.0 -767.3403
7980.0 -763.70374
8000.0 -763.19594
8020.0 -763.00482
8040.0 -764.56499
8060.0 -767.06784
8080.0 -770.17129
8100.0 -773.53087
8120.0 -777.60143
8140.0 -781.65239
8160.0 -785.99082
8180.0 -789.80994
8200.0 -792.61589
8220.0 -792.39802
8240.0 -788.8781
8260.0 -780.90825
8280.0 -768.6799
8300.0 -757.23484
8320.0 -751.50055
8340.0 -749.70616
8360.0 -753.23289
8380.0 -759.89041
8400.0 -767.56191
8420.0 -777.27121
8440.0 -786.35363
8460.0 -792.52807
8480.0 -795.52161
8500.0 -795.16751
8520.0 -784.15096
8540.0 -762.90195
8560.0 -748.51072
8580.0 -742.92979
8600.0 -742.41466
8620.0 -747.61271
8640.0 -756.11633
8660.0 -768.37276
8680.0 -778.09424
8700.0 -784.03204
8720.0 -787.46397
8740.0 -787.01123
8760.0 -784.32574
8780.0 -776.83631
8800.0 -766.20395
8820.0 -753.8992
8840.0 -742.21991
8860.0 -738.65724
8880.0 -739.5389
8900.0 -745.11691
8920.0 -751.07453
8940.0 -755.78504
8960.0 -761.49679
8980.0 -766.73157
9000.0 -770.67917
9020.0 -774.30949
9040.0 -777.10295
9060.0 -779.46566
9080.0 -780.7881
9100.0 -780.51572
9120.0 -772.7699
9140.0 -760.85443
9160.0 -749.66321
9180.0 -744.63246
9200.0 -742.8826
9220.0 -745.25459
9240.0 -752.67864
9260.0 -764.27839
9280.0 -775.91131
9300.0 -783.32184
9320.0 -786.30788
9340.0 -786.73893
9360.0 -784.45879
9380.0 -780.68149
9400.0 -776.51183
9420.0 -772.09266
9440.0 -767.2639
9460.0 -762.45436
9480.0 -757.73221
9500.0 -753.42857
9520.0 -747.0089
9540.0 -737.09113
9560.0 -729.08418
9580.0 -726.35492
9600.0 -732.53641
9620.0 -746.07874
9640.0 -760.24626
9660.0 -770.51581
9680.0 -775.70143
9700.0 -779.59818
9720.0 -781.46934
9740.0 -781.67815
9760.0 -780.90823
9780.0 -776.95965
9800.0 -769.37206
9820.0 -757.89784
9840.0 -747.09245
9860.0 -740.26348
9880.0 -739.55758
9900.0 -743.35639
9920.0 -754.1991
9940.0 -771.9255
9960.0 -784.99114
9980.0 -789.00504
10000.0 -788.92875
