0.0 952.70177
20.0 3306.5131
40.0 3447.7721
60.0 3568.8781
80.0 3859.2058
100.0 4053.5842
120.0 4280.0585
140.0 4500.3071
160.0 4776.1784
180.0 4882.0054
200.0 5197.7714
220.0 5283.0425
240.0 5603.7611
260.0 5808.076
280.0 5891.9332
300.0 5867.8888
320.0 6186.4735
340.0 6154.7356
360.0 5921.3991
380.0 5807.318
400.0 5758.92
420.0 5576.1979
440.0 5449.6359
460.0 5563.4643
480.0 5496.2429
500.0 5474.6364
520.0 5490.7727
540.0 5596.1936
560.0 5686.2654
580.0 5987.1828
600.0 5699.3073
620.0 5815.9209
640.0 5919.2236
660.0 6060.2419
680.0 5816.7341
700.0 5767.2719
720.0 5719.3353
740.0 5641.7718
760.0 5487.7233
780.0 5474.7834
800.0 5426.4852
820.0 5539.11
840.0 5633.557
860.0 5659.5277
880.0 5729.1311
900.0 5816.7196
920.0 5753.9814
940.0 5932.6208
960.0 5840.434
980.0 5745.1694
1000.0 5837.9479
1020.0 5725.2421
1040.0 5689.3153
1060.0 5563.5282
1080.0 5604.7473
1100.0 5653.5719
1120.0 5737.0485
1140.0 5738.7416
1160.0 5674.8873
1180.0 5914.1863
1200.0 5920.2441
1220.0 5880.5855
1240.0 5704.6067
1260.0 5891.1226
1280.0 5682.4203
1300.0 5801.535
1320.0 5572.125
1340.0 5709.9491
1360.0 5440.6657
1380.0 5703.5297
1400.0 5585.1658
1420.0 5446.2872
1440.0 5688.9449
1460.0 5681.4892
1480.0 5844.2519
1500.0 5836.5152
1520.0 5655.0284
1540.0 5721.785
1560.0 5808.0544
1580.0 5735.6874
1600.0 5708.4563
1620.0 5530.7469
1640.0 5631.2779
1660.0 5466.46
1680.0 5570.7429
1700.0 5770.4075
1720.0 5726.9522
1740.0 5562.1811
1760.0 5675.685
1780.0 5723.4663
1800.0 5853.871
1820.0 5875.1155
1840.0 5751.4509
1860.0 5583.0735
1880.0 5517.0583
1900.0 5411.777
1920.0 5576.6048
1940.0 5385.1859
1960.0 5602.9337
1980.0 5689.9135
2000.0 5815.1942
2020.0 5837.3127
2040.0 5572.4303
2060.0 5603.874
2080.0 5812.8929
2100.0 5758.7184
2120.0 5754.7913
2140.0 5607.0016
2160.0 5745.041
2180.0 5543.1177
2200.0 5718.0504
2220.0 5708.5394
2240.0 5630.3127
2260.0 5468.9738
2280.0 5303.9593
2300.0 5444.8352
2320.0 5409.0135
2340.0 5552.3789
2360.0 5724.856
2380.0 5612.8055
2400.0 5708.7202
2420.0 5807.4297
2440.0 5826.3841
2460.0 5752.929
2480.0 5664.5336
2500.0 5762.7392
2520.0 5761.3042
2540.0 5789.9546
2560.0 5663.7912
2580.0 5579.7796
2600.0 5565.8239
2620.0 5634.5705
2640.0 5540.1651
2660.0 5610.1656
2680.0 5587.3762
2700.0 5742.5347
2720.0 5932.4254
2740.0 5817.2669
2760.0 5711.1491
2780.0 5763.7683
2800.0 5838.068
2820.0 5755.3613
2840.0 5722.5041
2860.0 5646.2679
2880.0 5715.8274
2900.0 5713.1316
2920.0 5708.5984
2940.0 5646.3162
2960.0 5691.9398
2980.0 5580.7634
3000.0 5913.757
3020.0 5716.2281
3040.0 5734.4136
3060.0 5938.6406
3080.0 5817.1728
3100.0 5843.0985
3120.0 5670.7094
3140.0 5570.5312
3160.0 5628.9245
3180.0 5624.9012
3200.0 5597.1384
3220.0 5711.0275
3240.0 5628.1537
3260.0 5759.8442
3280.0 5687.6334
3300.0 5759.412
3320.0 5718.4739
3340.0 5869.582
3360.0 5800.3945
3380.0 5707.6526
3400.0 5750.9319
3420.0 5753.3599
3440.0 5722.6901
3460.0 5746.2547
3480.0 5763.6381
3500.0 5571.6053
3520.0 5722.8056
3540.0 5580.4471
3560.0 5821.6039
3580.0 5720.0124
3600.0 5486.4697
3620.0 5525.5313
3640.0 5510.2562
3660.0 5684.6371
3680.0 5688.8294
3700.0 5542.7514
3720.0 5861.827
3740.0 5914.326
3760.0 5769.8302
3780.0 5778.2751
3800.0 5937.3211
3820.0 5839.5867
3840.0 5716.8812
3860.0 5716.5559
3880.0 5645.7821
3900.0 5659.9354
3920.0 5611.6352
3940.0 5583.1439
3960.0 5678.0881
3980.0 5628.7891
4000.0 5851.0759
4020.0 5713.648
4040.0 5658.2784
4060.0 5825.8254
4080.0 5585.4252
4100.0 5724.7086
4120.0 5758.8289
4140.0 5674.2859
4160.0 5546.8421
4180.0 5530.0642
4200.0 5677.8013
4220.0 5482.9473
4240.0 5578.3554
4260.0 5579.8857
4280.0 5876.4585
4300.0 5807.1716
4320.0 6007.15
4340.0 6138.6413
4360.0 6092.7996
4380.0 5737.2127
4400.0 5861.4605
4420.0 5628.5812
4440.0 5785.7386
4460.0 5604.8464
4480.0 5644.8051
4500.0 5790.5636
4520.0 5622.7202
4540.0 5731.8244
4560.0 5769.7724
4580.0 5787.42
4600.0 5925.1825
4620.0 5798.3651
4640.0 6000.0341
4660.0 5869.4988
4680.0 5868.2731
4700.0 5648.081
4720.0 5624.73
4740.0 5690.5385
4760.0 5752.8543
4780.0 5530.2411
4800.0 5780.264
4820.0 5801.7057
4840.0 5593.0416
4860.0 5595.2384
4880.0 5579.0767
4900.0 5540.7911
4920.0 5657.1669
4940.0 5840.2216
4960.0 5680.6291
4980.0 5946.8348
5000.0 5767.6499
5020.0 5724.8214
5040.0 5545.9532
5060.0 5392.6854
5080.0 5565.4719
5100.0 5585.7995
5120.0 5528.4315
5140.0 5598.3633
5160.0 5517.2521
5180.0 5771.8965
5200.0 5810.9656
5220.0 5950.1538
5240.0 5864.2017
5260.0 5742.9547
5280.0 5802.8718
5300.0 5810.2941
5320.0 5711.1823
5340.0 5786.9592
5360.0 5693.4886
5380.0 5520.7362
5400.0 5521.364
5420.0 5629.9902
5440.0 5666.0893
5460.0 5570.4913
5480.0 5538.9739
5500.0 5612.4625
5520.0 5633.2387
5540.0 5869.6307
5560.0 5701.3899
5580.0 5947.902
5600.0 5778.7905
5620.0 5814.4613
5640.0 5785.1062
5660.0 5743.529
5680.0 5689.1541
5700.0 5608.2237
5720.0 5597.479
5740.0 5660.5298
5760.0 5661.8876
5780.0 5699.7601
5800.0 5868.365
5820.0 5770.478
5840.0 5684.0891
5860.0 5685.9706
5880.0 5607.7916
5900.0 5629.5289
5920.0 5527.7838
5940.0 5580.8582
5960.0 5451.0259
5980.0 5780.2445
6000.0 5554.1155
6020.0 5667.9822
6040.0 5784.7448
6060.0 5741.3061
6080.0 5907.2081
6100.0 5796.8154
6120.0 5759.5336
6140.0 5700.8394
6160.0 5714.5385
6180.0 5625.5927
6200.0 5714.0775
6220.0 5531.8794
6240.0 5624.6728
6260.0 5647.0638
6280.0 5687.6706
6300.0 5804.5442
6320.0 5714.8391
6340.0 5802.3239
6360.0 5762.5231
6380.0 5915.3416
6400.0 6139.4047
6420.0 5967.1551
6440.0 6007.7492
6460.0 5788.3034
6480.0 5867.6073
6500.0 5772.9977
6520.0 5802.4904
6540.0 5714.1871
6560.0 5748.5548
6580.0 5634.9061
6600.0 5723.6209
6620.0 5648.9026
6640.0 5565.599
6660.0 5598.8987
6680.0 5671.0188
6700.0 5639.3639
6720.0 5737.4862
6740.0 5628.9102
6760.0 5809.3765
6780.0 5745.1513
6800.0 5909.115
6820.0 5767.9785
6840.0 5875.394
6860.0 5699.4033
6880.0 5674.2569
6900.0 5622.4416
6920.0 5542.8445
6940.0 5658.2445
6960.0 5595.1751
6980.0 5749.876
7000.0 5647.5409
7020.0 5766.8883
7040.0 5861.7904
7060.0 5672.7948
7080.0 5811.7745
7100.0 5667.715
7120.0 5712.5664
7140.0 5703.9052
7160.0 5768.4306
7180.0 5654.3333
7200.0 5524.525
7220.0 5495.8426
7240.0 5445.2384
7260.0 5596.3935
7280.0 5562.023
7300.0 5603.5686
7320.0 5645.1886
7340.0 5879.3304
7360.0 5743.9907
7380.0 5666.5557
7400.0 5852.5472
7420.0 5750.9032
7440.0 5670.0153
7460.0 5908.6796
7480.0 5761.8025
7500.0 5426.39
7520.0 5486.8288
7540.0 5385.3419
7560.0 5560.7344
7580.0 5608.0775
7600.0 5652.9503
7620.0 5672.0388
7640.0 5601.241
7660.0 5653.2205
7680.0 5595.6865
7700.0 5757.2381
7720.0 5764.8615
7740.0 5842.8073
7760.0 5652.0473
7780.0 5681.1734
7800.0 5564.9477
7820.0 5440.6215
7840.0 5605.9233
7860.0 5458.3516
7880.0 5669.6724
7900.0 5709.182
7920.0 5579.6912
7940.0 5741.4827
7960.0 5717.058
7980.0 5833.1039
8000.0 5904.3715
8020.0 5611.3137
8040.0 5728.2091
8060.0 5778.4853
8080.0 5586.057
8100.0 5666.9846
8120.0 5484.4239
8140.0 5718.5843
8160.0 5579.9018
8180.0 5581.0844
8200.0 5612.2461
8220.0 5655.0803
8240.0 5806.3199
8260.0 5773.614
8280.0 6000.4341
8300.0 5877.0584
8320.0 5830.5702
8340.0 5739.1596
8360.0 5724.9797
8380.0 5547.0432
8400.0 5643.5142
8420.0 5665.7808
8440.0 5835.9826
8460.0 5752.4665
8480.0 5665.5436
8500.0 5544.0991
8520.0 5714.4446
8540.0 5688.6772
8560.0 5647.9272
8580.0 5747.5795
8600.0 5673.3399
8620.0 5708.4667
8640.0 5785.2484
8660.0 5794.865
8680.0 5867.3855
8700.0 5790.5746
8720.0 5669.1817
8740.0 5460.6127
8760.0 5586.5147
8780.0 5648.9932
8800.0 5766.3309
8820.0 5545.4593
8840.0 5726.8682
8860.0 5869.7126
8880.0 5696.7495
8900.0 5837.4588
8920.0 5761.4292
8940.0 5940.0209
8960.0 5763.5746
8980.0 5697.7669
9000.0 5794.6324
9020.0 5691.4784
9040.0 5637.8153
9060.0 5740.482
9080.0 5789.2274
9100.0 5627.7989
9120.0 5613.8743
9140.0 5732.2167
9160.0 5730.2639
9180.0 5748.371
9200.0 5719.0867
9220.0 5682.5241
9240.0 5605.4388
9260.0 5471.0395
9280.0 5482.512
9300.0 5504.7792
9320.0 5484.757
9340.0 5553.5804
9360.0 5575.9893
9380.0 5722.3554
9400.0 5716.7526
9420.0 5789.992
9440.0 5731.1391
9460.0 5722.9539
9480.0 5860.4003
9500.0 5734.4564
9520.0 5653.2564
9540.0 5757.4147
9560.0 5539.1009
9580.0 5319.3487
9600.0 5326.2503
9620.0 5546.2396
9640.0 5566.5812
9660.0 5624.3769
9680.0 5544.7904
9700.0 5690.7036
9720.0 5822.3657
9740.0 5763.4826
9760.0 5707.5037
9780.0 5746.6128
9800.0 5665.1476
9820.0 5669.6679
9840.0 5758.0544
9860.0 5640.2235
9880.0 5594.5082
9900.0 5713.5186
9920.0 6006.9481
9940.0 5802.6192
9960.0 5934.2631
9980.0 5878.9968
10000.0 5828.0712
