0.0 180.0
20.0 150.70817
40.0 194.72253
60.0 179.24201
80.0 178.00821
100.0 176.16892
120.0 177.6704
140.0 178.81722
160.0 177.09038
180.0 177.6094
200.0 174.18774
220.0 180.61828
240.0 171.90157
260.0 173.08145
280.0 173.64052
300.0 175.52729
320.0 187.75415
340.0 181.35537
360.0 179.18045
380.0 177.54485
400.0 186.46569
420.0 194.57854
440.0 182.66655
460.0 180.15318
480.0 182.0654
500.0 178.45825
520.0 179.16071
540.0 179.75408
560.0 185.95452
580.0 176.94959
600.0 183.31056
620.0 168.47351
640.0 183.57329
660.0 179.9898
680.0 185.22086
700.0 180.41135
720.0 179.85799
740.0 180.20804
760.0 176.60569
780.0 172.93746
800.0 183.09514
820.0 175.93442
840.0 174.817
860.0 173.83549
880.0 183.17632
900.0 190.82026
920.0 170.28766
940.0 181.87398
960.0 189.81072
980.0 173.13656
1000.0 176.21607
1020.0 180.73699
1040.0 182.65093
1060.0 184.41545
1080.0 184.44017
1100.0 179.05632
1120.0 176.00025
1140.0 171.96226
1160.0 175.26484
1180.0 180.27664
1200.0 180.48752
1220.0 178.25748
1240.0 193.59953
1260.0 175.60339
1280.0 174.44909
1300.0 167.62709
1320.0 167.93126
1340.0 180.59744
1360.0 181.27774
1380.0 179.80069
1400.0 177.67523
1420.0 179.06118
1440.0 171.17361
1460.0 182.52266
1480.0 181.50436
1500.0 180.70887
1520.0 180.00535
1540.0 173.27315
1560.0 180.03149
1580.0 179.03487
1600.0 172.88436
1620.0 187.24094
1640.0 181.35517
1660.0 187.85487
1680.0 180.01332
1700.0 189.98188
1720.0 189.17458
1740.0 173.02925
1760.0 180.86091
1780.0 181.10955
1800.0 182.74907
1820.0 186.76358
1840.0 178.91887
1860.0 185.89724
1880.0 183.51798
1900.0 181.6423
1920.0 179.55386
1940.0 175.37462
1960.0 180.45844
1980.0 174.9413
2000.0 189.73229
2020.0 178.21802
2040.0 177.80248
2060.0 174.28867
2080.0 173.75136
2100.0 181.48326
2120.0 185.31955
2140.0 175.68421
2160.0 179.9224
2180.0 186.77587
2200.0 175.07523
2220.0 172.22709
2240.0 174.68739
2260.0 177.66409
2280.0 182.65448
2300.0 174.39109
2320.0 181.80644
2340.0 173.45006
2360.0 184.36065
2380.0 181.66257
2400.0 175.09396
2420.0 177.03672
2440.0 170.30085
2460.0 179.46019
2480.0 181.08319
2500.0 170.56204
2520.0 185.69988
2540.0 183.82288
2560.0 175.25426
2580.0 191.48692
2600.0 176.97301
2620.0 184.7257
2640.0 181.62007
2660.0 184.06066
2680.0 171.69265
2700.0 175.16029
2720.0 174.1261
2740.0 174.86329
2760.0 180.30936
2780.0 171.49727
2800.0 179.12972
2820.0 182.86909
2840.0 185.80139
2860.0 186.09414
2880.0 173.30953
2900.0 185.99491
2920.0 179.71497
2940.0 182.47231
2960.0 172.11536
2980.0 184.38436
3000.0 175.93892
3020.0 183.15883
3040.0 177.24335
3060.0 178.7131
3080.0 184.61844
3100.0 184.5725
3120.0 169.92077
3140.0 176.3931
3160.0 181.3786
3180.0 179.89765
3200.0 186.38353
3220.0 174.18829
3240.0 170.37747
3260.0 173.48165
3280.0 181.63137
3300.0 176.34829
3320.0 174.04396
3340.0 177.71314
3360.0 179.73689
3380.0 177.90644
3400.0 174.21652
3420.0 175.21124
3440.0 181.63332
3460.0 181.1104
3480.0 175.89016
3500.0 176.73369
3520.0 172.3837
3540.0 179.63276
3560.0 180.30175
3580.0 187.72244
3600.0 174.09011
3620.0 181.40904
3640.0 181.625
3660.0 170.33373
3680.0 175.30612
3700.0 179.12715
3720.0 173.57632
3740.0 173.50187
3760.0 178.44226
3780.0 180.23212
3800.0 177.30735
3820.0 188.80267
3840.0 165.72276
3860.0 174.85592
3880.0 175.17156
3900.0 180.2743
3920.0 174.81617
3940.0 179.02166
3960.0 185.49671
3980.0 189.37971
4000.0 177.81498
4020.0 176.54722
4040.0 170.71805
4060.0 179.88348
4080.0 181.89828
4100.0 177.59406
4120.0 177.16268
4140.0 185.41446
4160.0 174.66742
4180.0 181.40867
4200.0 177.79053
4220.0 185.49846
4240.0 170.29822
4260.0 185.33906
4280.0 178.98215
4300.0 179.32862
4320.0 184.29107
4340.0 170.35814
4360.0 175.61926
4380.0 185.18973
4400.0 188.58472
4420.0 190.20988
4440.0 182.02158
4460.0 175.11029
4480.0 182.19417
4500.0 180.20656
4520.0 177.67889
4540.0 175.83106
4560.0 175.40278
4580.0 183.73479
4600.0 179.77584
4620.0 180.05665
4640.0 182.90079
4660.0 180.35581
4680.0 182.01928
4700.0 175.74918
4720.0 183.91388
4740.0 179.72596
4760.0 183.53171
4780.0 182.40513
4800.0 179.72823
4820.0 185.143
4840.0 180.50337
4860.0 184.86458
4880.0 173.18015
4900.0 176.81838
4920.0 182.24986
4940.0 176.79261
4960.0 177.74182
4980.0 180.44514
5000.0 187.79311
5020.0 178.68499
5040.0 173.97185
5060.0 186.94517
5080.0 177.72044
5100.0 179.60002
5120.0 186.12571
5140.0 178.22871
5160.0 179.08673
5180.0 177.6685
5200.0 186.75559
5220.0 180.45401
5240.0 192.24816
5260.0 177.21404
5280.0 182.2617
5300.0 180.93234
5320.0 186.3249
5340.0 183.46182
5360.0 177.40542
5380.0 185.24955
5400.0 178.55193
5420.0 180.98969
5440.0 182.14885
5460.0 182.17378
5480.0 183.9567
5500.0 186.18684
5520.0 180.35627
5540.0 186.89577
5560.0 181.08951
5580.0 170.77122
5600.0 183.78866
5620.0 177.89632
5640.0 187.52257
5660.0 179.22538
5680.0 186.27869
5700.0 183.3454
5720.0 177.06345
5740.0 180.01316
5760.0 173.1182
5780.0 183.08461
5800.0 179.30325
5820.0 183.89256
5840.0 175.2467
5860.0 172.96043
5880.0 178.06221
5900.0 171.77584
5920.0 193.49367
5940.0 184.82748
5960.0 186.01763
5980.0 182.30279
6000.0 184.37016
6020.0 169.96084
6040.0 177.89747
6060.0 176.99039
6080.0 180.58944
6100.0 176.33398
6120.0 187.04027
6140.0 175.91506
6160.0 171.18245
6180.0 179.51055
6200.0 184.53353
6220.0 180.98433
6240.0 175.65367
6260.0 181.5195
6280.0 189.08754
6300.0 179.23748
6320.0 172.46215
6340.0 180.04754
6360.0 183.98132
6380.0 173.91492
6400.0 183.89759
6420.0 175.87281
6440.0 184.22938
6460.0 173.323
6480.0 183.38319
6500.0 177.29042
6520.0 178.26262
6540.0 176.33032
6560.0 181.70938
6580.0 181.64435
6600.0 167.50618
6620.0 176.80889
6640.0 185.28656
6660.0 175.86119
6680.0 173.37122
6700.0 177.70642
6720.0 180.07294
6740.0 180.27536
6760.0 179.54809
6780.0 185.57367
6800.0 178.31769
6820.0 180.27499
6840.0 180.7064
6860.0 179.93901
6880.0 176.5397
6900.0 173.3443
6920.0 177.89675
6940.0 182.21498
6960.0 178.81098
6980.0 178.86955
7000.0 176.68231
7020.0 183.26608
7040.0 182.8049
7060.0 178.42409
7080.0 185.18672
7100.0 185.83848
7120.0 177.36749
7140.0 186.61023
7160.0 181.65917
7180.0 182.63725
7200.0 190.0881
7220.0 183.084
7240.0 180.09099
7260.0 168.88805
7280.0 180.07054
7300.0 177.22234
7320.0 184.47688
7340.0 183.84034
7360.0 181.50623
7380.0 182.96043
7400.0 176.74124
7420.0 182.48338
7440.0 175.17581
7460.0 184.1351
7480.0 181.72494
7500.0 180.01931
7520.0 183.3151
7540.0 184.30125
7560.0 179.05433
7580.0 177.34455
7600.0 181.69912
7620.0 182.26761
7640.0 179.915
7660.0 186.56409
7680.0 179.81909
7700.0 179.76362
7720.0 183.84217
7740.0 187.20124
7760.0 182.74392
7780.0 172.56691
7800.0 183.49219
7820.0 186.38077
7840.0 189.46604
7860.0 185.64943
7880.0 173.44878
7900.0 181.05368
7920.0 179.45271
7940.0 172.06706
7960.0 173.77009
7980.0 178.60638
8000.0 183.38215
8020.0 178.9617
8040.0 179.95653
8060.0 178.07759
8080.0 181.22834
8100.0 182.85065
8120.0 173.4191
8140.0 170.49365
8160.0 180.31181
8180.0 176.21319
8200.0 178.80119
8220.0 176.5846
8240.0 174.614
8260.0 178.90556
8280.0 178.25735
8300.0 191.66131
8320.0 188.21924
8340.0 172.02662
8360.0 175.16417
8380.0 177.27429
8400.0 180.49874
8420.0 184.32372
8440.0 180.56239
8460.0 179.23427
8480.0 188.98899
8500.0 184.86202
8520.0 178.56527
8540.0 173.42487
8560.0 183.17276
8580.0 173.05215
8600.0 179.5056
8620.0 172.35981
8640.0 174.44172
8660.0 174.13534
8680.0 170.21176
8700.0 188.95495
8720.0 183.90311
8740.0 184.37766
8760.0 185.75204
8780.0 170.68501
8800.0 176.09383
8820.0 179.81794
8840.0 181.41532
8860.0 178.06213
8880.0 182.23151
8900.0 173.35393
8920.0 181.05881
8940.0 175.84453
8960.0 178.06967
8980.0 183.27451
9000.0 174.45931
9020.0 183.44277
9040.0 179.88026
9060.0 166.37166
9080.0 187.85529
9100.0 180.36614
9120.0 179.18548
9140.0 171.80811
9160.0 174.72664
9180.0 188.21118
9200.0 184.15092
9220.0 176.19486
9240.0 173.80652
9260.0 178.06075
9280.0 181.97606
9300.0 174.73501
9320.0 186.15053
9340.0 183.98004
9360.0 175.79271
9380.0 178.99544
9400.0 183.75095
9420.0 191.98966
9440.0 176.64404
9460.0 189.38173
9480.0 185.89679
9500.0 183.67252
9520.0 185.52206
9540.0 185.76809
9560.0 183.63969
9580.0 185.15846
9600.0 181.21756
9620.0 185.24731
9640.0 175.25969
9660.0 178.7923
9680.0 186.38684
9700.0 182.73532
9720.0 183.26959
9740.0 184.04176
9760.0 183.43454
9780.0 182.20196
9800.0 174.13613
9820.0 178.79941
9840.0 173.24135
9860.0 178.95891
9880.0 182.35173
9900.0 172.60461
9920.0 177.15908
9940.0 180.38781
9960.0 177.63533
9980.0 176.30108
10000.0 180.21607
