0.0 180.0
20.0 149.93405
40.0 194.26346
60.0 179.4884
80.0 179.19187
100.0 189.49306
120.0 174.28424
140.0 174.48596
160.0 181.61439
180.0 190.95134
200.0 177.72227
220.0 183.966
240.0 184.48051
260.0 171.86227
280.0 179.90689
300.0 184.14991
320.0 185.49691
340.0 179.78025
360.0 185.94951
380.0 191.76346
400.0 175.05193
420.0 170.47331
440.0 179.92238
460.0 180.61524
480.0 178.15078
500.0 180.282
520.0 180.64534
540.0 188.76824
560.0 174.3952
580.0 181.6507
600.0 181.81198
620.0 175.80928
640.0 178.21888
660.0 176.26466
680.0 180.67898
700.0 174.7187
720.0 181.11
740.0 167.23013
760.0 176.42927
780.0 178.44667
800.0 178.15995
820.0 174.67259
840.0 180.38357
860.0 184.82974
880.0 178.7656
900.0 172.02395
920.0 179.7855
940.0 181.08985
960.0 174.61695
980.0 173.31894
1000.0 175.59043
1020.0 178.45317
1040.0 185.93717
1060.0 177.91227
1080.0 193.38382
1100.0 182.69766
1120.0 180.99615
1140.0 169.01572
1160.0 178.47873
1180.0 182.6118
1200.0 172.13223
1220.0 183.50306
1240.0 170.6365
1260.0 179.94905
1280.0 180.48885
1300.0 185.8014
1320.0 180.91521
1340.0 181.45236
1360.0 180.13706
1380.0 184.9351
1400.0 182.48433
1420.0 188.59594
1440.0 183.85133
1460.0 177.0989
1480.0 183.5269
1500.0 182.77954
1520.0 195.34863
1540.0 190.47562
1560.0 181.67646
1580.0 181.69126
1600.0 176.78443
1620.0 186.93381
1640.0 179.45264
1660.0 178.50497
1680.0 182.72618
1700.0 176.23132
1720.0 165.81203
1740.0 176.52999
1760.0 181.84169
1780.0 183.44056
1800.0 181.87387
1820.0 186.1142
1840.0 172.76233
1860.0 185.88826
1880.0 174.05934
1900.0 184.83255
1920.0 180.93569
1940.0 190.04461
1960.0 192.21341
1980.0 177.6668
2000.0 176.39239
2020.0 177.19189
2040.0 177.2389
2060.0 181.99613
2080.0 175.56234
2100.0 175.32684
2120.0 175.86179
2140.0 177.26708
2160.0 181.01894
2180.0 174.40573
2200.0 180.10578
2220.0 174.24345
2240.0 180.25421
2260.0 179.09001
2280.0 179.99953
2300.0 177.86468
2320.0 176.69781
2340.0 179.43163
2360.0 180.06832
2380.0 174.85511
2400.0 180.04257
2420.0 173.21403
2440.0 181.79775
2460.0 178.4016
2480.0 179.84369
2500.0 175.76485
2520.0 183.8721
2540.0 178.23645
2560.0 185.61031
2580.0 187.17009
2600.0 181.89562
2620.0 176.82801
2640.0 179.60631
2660.0 184.26064
2680.0 172.16581
2700.0 179.70573
2720.0 173.99822
2740.0 177.27767
2760.0 179.58639
2780.0 185.62152
2800.0 183.40437
2820.0 181.63617
2840.0 185.06147
2860.0 182.49263
2880.0 177.49651
2900.0 173.43043
2920.0 178.9974
2940.0 185.39711
2960.0 180.61527
2980.0 176.57122
3000.0 173.6587
3020.0 173.85464
3040.0 179.70326
3060.0 180.72825
3080.0 180.50366
3100.0 179.77165
3120.0 188.51058
3140.0 180.8646
3160.0 183.4971
3180.0 180.43356
3200.0 172.54113
3220.0 183.69295
3240.0 181.47001
3260.0 169.20696
3280.0 178.0491
3300.0 179.56359
3320.0 182.70879
3340.0 179.86365
3360.0 174.95396
3380.0 176.94375
3400.0 176.21222
3420.0 176.66096
3440.0 179.14656
3460.0 180.35172
3480.0 175.42179
3500.0 178.48006
3520.0 183.48477
3540.0 177.26868
3560.0 182.92247
3580.0 175.9641
3600.0 179.96426
3620.0 183.46411
3640.0 186.33838
3660.0 184.59208
3680.0 186.00097
3700.0 175.13953
3720.0 186.4068
3740.0 174.72528
3760.0 181.51905
3780.0 182.74219
3800.0 182.60176
3820.0 172.99508
3840.0 185.15559
3860.0 187.4818
3880.0 181.08608
3900.0 178.15145
3920.0 183.45164
3940.0 182.1696
3960.0 168.46199
3980.0 180.29974
4000.0 176.12068
4020.0 171.74133
4040.0 180.65323
4060.0 174.72462
4080.0 187.41078
4100.0 184.80213
4120.0 181.16328
4140.0 176.11396
4160.0 179.98001
4180.0 176.49055
4200.0 187.17016
4220.0 185.63571
4240.0 172.3882
4260.0 178.66232
4280.0 178.37007
4300.0 178.77281
4320.0 182.9974
4340.0 178.30526
4360.0 189.38538
4380.0 173.86818
4400.0 182.51999
4420.0 184.27755
4440.0 180.41206
4460.0 169.83874
4480.0 184.15309
4500.0 179.31804
4520.0 176.37485
4540.0 186.79148
4560.0 180.52326
4580.0 182.07813
4600.0 194.98928
4620.0 174.17061
4640.0 183.8034
4660.0 186.72325
4680.0 183.44913
4700.0 179.51717
4720.0 181.28914
4740.0 185.35251
4760.0 176.18183
4780.0 185.55508
4800.0 175.86223
4820.0 182.75078
4840.0 175.76977
4860.0 180.44575
4880.0 181.64519
4900.0 177.54776
4920.0 177.83814
4940.0 184.03409
4960.0 178.08015
4980.0 176.27192
5000.0 183.33934
5020.0 180.21154
5040.0 181.60689
5060.0 184.71319
5080.0 175.16692
5100.0 184.49148
5120.0 174.49183
5140.0 184.31401
5160.0 181.95779
5180.0 174.50766
5200.0 174.46395
5220.0 179.6479
5240.0 177.53255
5260.0 174.17028
5280.0 176.66121
5300.0 171.44814
5320.0 175.29567
5340.0 180.16267
5360.0 189.40285
5380.0 172.81217
5400.0 188.59877
5420.0 182.02092
5440.0 185.19168
5460.0 177.41289
5480.0 171.8633
5500.0 174.08662
5520.0 182.04961
5540.0 178.79583
5560.0 187.62424
5580.0 192.30476
5600.0 184.60231
5620.0 181.78621
5640.0 176.24094
5660.0 174.62684
5680.0 177.55429
5700.0 178.58642
5720.0 179.07087
5740.0 169.8906
5760.0 180.46868
5780.0 183.88687
5800.0 175.917
5820.0 177.45499
5840.0 184.84133
5860.0 175.34005
5880.0 177.88722
5900.0 188.12651
5920.0 177.58225
5940.0 181.55086
5960.0 167.76625
5980.0 188.31635
6000.0 176.62392
6020.0 178.90169
6040.0 173.84383
6060.0 182.00824
6080.0 176.99326
6100.0 178.27034
6120.0 187.63385
6140.0 179.29753
6160.0 190.50362
6180.0 178.58119
6200.0 177.3173
6220.0 184.53639
6240.0 176.33227
6260.0 178.13611
6280.0 179.16529
6300.0 176.35331
6320.0 180.76464
6340.0 179.20722
6360.0 184.5237
6380.0 178.45041
6400.0 187.99512
6420.0 182.54977
6440.0 181.74745
6460.0 181.19189
6480.0 186.51256
6500.0 177.52536
6520.0 181.99849
6540.0 181.84802
6560.0 179.57473
6580.0 170.83605
6600.0 180.86033
6620.0 184.73148
6640.0 181.3016
6660.0 186.53711
6680.0 177.80111
6700.0 182.19787
6720.0 178.26924
6740.0 184.62074
6760.0 184.78025
6780.0 182.09601
6800.0 176.45723
6820.0 179.0877
6840.0 179.35505
6860.0 194.38264
6880.0 177.12556
6900.0 186.6899
6920.0 180.67986
6940.0 178.98462
6960.0 182.32565
6980.0 180.12823
7000.0 179.18547
7020.0 185.17594
7040.0 177.79012
7060.0 180.81969
7080.0 180.20542
7100.0 185.92641
7120.0 171.52778
7140.0 179.8859
7160.0 188.29713
7180.0 178.79438
7200.0 174.02672
7220.0 169.42584
7240.0 181.71525
7260.0 187.01531
7280.0 177.14915
7300.0 176.6273
7320.0 179.11697
7340.0 184.1652
7360.0 175.73063
7380.0 178.206
7400.0 179.6516
7420.0 180.4481
7440.0 179.59801
7460.0 179.22951
7480.0 181.39661
7500.0 176.08087
7520.0 172.41948
7540.0 186.57556
7560.0 179.7915
7580.0 179.47051
7600.0 173.51467
7620.0 181.53795
7640.0 178.52752
7660.0 171.66091
7680.0 179.52206
7700.0 173.5431
7720.0 181.1135
7740.0 194.57656
7760.0 188.3038
7780.0 182.34024
7800.0 174.8925
7820.0 182.98313
7840.0 182.5809
7860.0 178.72144
7880.0 184.2401
7900.0 182.98262
7920.0 178.73066
7940.0 173.09654
7960.0 178.50813
7980.0 179.35315
8000.0 186.45296
8020.0 178.21033
8040.0 178.99133
8060.0 178.47986
8080.0 175.41918
8100.0 174.52969
8120.0 173.19985
8140.0 180.59385
8160.0 177.4484
8180.0 173.8681
8200.0 184.16753
8220.0 185.58083
8240.0 176.02905
8260.0 171.75369
8280.0 170.60311
8300.0 179.87935
8320.0 176.562
8340.0 184.52372
8360.0 188.62727
8380.0 177.32656
8400.0 183.35764
8420.0 179.72815
8440.0 171.14916
8460.0 177.43637
8480.0 179.83408
8500.0 172.80391
8520.0 180.98
8540.0 174.43979
8560.0 186.77142
8580.0 183.83528
8600.0 175.70897
8620.0 186.45366
8640.0 181.98194
8660.0 182.59487
8680.0 178.38279
8700.0 180.66537
8720.0 189.43695
8740.0 187.65152
8760.0 184.63015
8780.0 184.77553
8800.0 189.54021
8820.0 187.43665
8840.0 176.70559
8860.0 177.25358
8880.0 181.88848
8900.0 171.99148
8920.0 177.2204
8940.0 185.22447
8960.0 187.83448
8980.0 173.59876
9000.0 186.9072
9020.0 172.6437
9040.0 184.48503
9060.0 177.43085
9080.0 177.61142
9100.0 173.0765
9120.0 179.91553
9140.0 171.73552
9160.0 173.01142
9180.0 180.57863
9200.0 187.16785
9220.0 188.2731
9240.0 183.95682
9260.0 174.642
9280.0 178.73172
9300.0 186.28448
9320.0 181.50165
9340.0 185.99449
9360.0 185.45694
9380.0 177.94248
9400.0 175.69701
9420.0 182.37647
9440.0 188.77276
9460.0 180.08658
9480.0 175.53591
9500.0 176.13324
9520.0 178.89896
9540.0 176.67049
9560.0 180.84474
9580.0 191.22686
9600.0 172.00448
9620.0 180.9345
9640.0 178.77458
9660.0 178.53871
9680.0 181.2557
9700.0 177.54608
9720.0 175.1444
9740.0 182.07404
9760.0 177.82384
9780.0 170.47242
9800.0 180.0389
9820.0 175.81715
9840.0 178.25005
9860.0 182.95496
9880.0 181.35778
9900.0 177.29803
9920.0 181.59266
9940.0 179.4119
9960.0 180.99945
9980.0 179.41842
10000.0 172.91313
