0.0 -1203.1694
20.0 -1104.4536
40.0 -1064.6981
60.0 -1019.5203
80.0 -997.62083
100.0 -970.16083
120.0 -948.22308
140.0 -923.86513
160.0 -901.40613
180.0 -874.77834
200.0 -875.857
220.0 -860.89666
240.0 -854.92575
260.0 -852.47328
280.0 -850.54849
300.0 -838.35457
320.0 -834.37875
340.0 -838.56666
360.0 -837.54148
380.0 -835.74878
400.0 -828.95616
420.0 -819.03763
440.0 -803.88607
460.0 -790.1435
480.0 -786.10245
500.0 -780.8857
520.0 -762.06901
540.0 -751.1016
560.0 -745.2987
580.0 -731.88012
600.0 -728.16332
620.0 -736.40434
640.0 -744.37036
660.0 -748.40532
680.0 -768.18516
700.0 -757.63817
720.0 -756.28846
740.0 -752.85063
760.0 -760.55681
780.0 -749.1169
800.0 -752.00929
820.0 -744.999
840.0 -747.23154
860.0 -767.69424
880.0 -767.30589
900.0 -767.58151
920.0 -767.02521
940.0 -766.80434
960.0 -768.0523
980.0 -763.53447
1000.0 -764.58564
1020.0 -750.64181
1040.0 -754.86781
1060.0 -753.24565
1080.0 -757.24117
1100.0 -753.4408
1120.0 -754.44783
1140.0 -752.68729
1160.0 -752.93523
1180.0 -744.6788
1200.0 -762.41257
1220.0 -774.07541
1240.0 -773.96641
1260.0 -762.46078
1280.0 -764.26769
1300.0 -757.99034
1320.0 -757.70257
1340.0 -756.444
1360.0 -745.15694
1380.0 -736.31615
1400.0 -752.10454
1420.0 -745.70332
1440.0 -734.02702
1460.0 -729.21741
1480.0 -728.99552
1500.0 -731.09358
1520.0 -736.73416
1540.0 -732.6703
1560.0 -738.64329
1580.0 -747.02975
1600.0 -757.46822
1620.0 -753.4909
1640.0 -754.16038
1660.0 -743.44505
1680.0 -742.87528
1700.0 -742.79327
1720.0 -740.24842
1740.0 -737.89283
1760.0 -758.55756
1780.0 -753.45622
1800.0 -765.74795
1820.0 -772.42345
1840.0 -769.81127
1860.0 -756.64069
1880.0 -755.20057
1900.0 -757.45946
1920.0 -760.68805
1940.0 -765.46698
1960.0 -754.66994
1980.0 -766.0788
2000.0 -764.90746
2020.0 -763.5875
2040.0 -751.47705
2060.0 -743.35923
2080.0 -744.61466
2100.0 -760.73605
2120.0 -743.05531
2140.0 -755.59773
2160.0 -750.54103
2180.0 -765.22171
2200.0 -774.35186
2220.0 -765.13176
2240.0 -765.45728
2260.0 -752.79491
2280.0 -742.53132
2300.0 -750.39121
2320.0 -739.81735
2340.0 -743.96802
2360.0 -753.4563
2380.0 -746.78382
2400.0 -743.00337
2420.0 -747.40149
2440.0 -739.38563
2460.0 -744.78788
2480.0 -757.74016
2500.0 -757.30448
2520.0 -765.89876
2540.0 -774.45856
2560.0 -765.61606
2580.0 -762.30145
2600.0 -759.87571
2620.0 -764.64544
2640.0 -765.29501
2660.0 -779.22027
2680.0 -781.52482
2700.0 -768.94152
2720.0 -771.40891
2740.0 -777.78284
2760.0 -777.50144
2780.0 -780.18509
2800.0 -775.58177
2820.0 -784.16464
2840.0 -786.90441
2860.0 -795.24627
2880.0 -789.86748
2900.0 -774.23748
2920.0 -773.96024
2940.0 -777.76122
2960.0 -778.83323
2980.0 -780.68596
3000.0 -785.16746
3020.0 -781.0343
3040.0 -763.65975
3060.0 -759.61654
3080.0 -761.69817
3100.0 -755.50061
3120.0 -757.94496
3140.0 -742.0862
3160.0 -753.55556
3180.0 -748.53539
3200.0 -755.45211
3220.0 -736.23404
3240.0 -729.47388
3260.0 -740.21296
3280.0 -733.46528
3300.0 -739.33048
3320.0 -744.57251
3340.0 -741.949
3360.0 -746.41818
3380.0 -739.5143
3400.0 -729.74921
3420.0 -743.9489
3440.0 -743.01871
3460.0 -725.70036
3480.0 -740.06218
3500.0 -741.56314
3520.0 -732.50735
3540.0 -736.09021
3560.0 -744.00005
3580.0 -743.35676
3600.0 -747.81916
3620.0 -741.7626
3640.0 -746.28676
3660.0 -739.82599
3680.0 -750.27011
3700.0 -749.25145
3720.0 -753.9378
3740.0 -740.04432
3760.0 -750.06349
3780.0 -755.55289
3800.0 -763.72337
3820.0 -756.30689
3840.0 -744.57083
3860.0 -735.96314
3880.0 -717.20417
3900.0 -719.28247
3920.0 -721.09226
3940.0 -719.7397
3960.0 -725.76307
3980.0 -736.58844
4000.0 -742.04129
4020.0 -747.44312
4040.0 -753.12147
4060.0 -751.34248
4080.0 -738.32886
4100.0 -735.12848
4120.0 -739.9985
4140.0 -742.20631
4160.0 -749.22697
4180.0 -750.05223
4200.0 -759.06147
4220.0 -751.33685
4240.0 -728.02313
4260.0 -737.35811
4280.0 -740.14207
4300.0 -735.59348
4320.0 -739.22273
4340.0 -733.4134
4360.0 -719.63906
4380.0 -715.8557
4400.0 -714.9737
4420.0 -714.98611
4440.0 -718.12766
4460.0 -738.7105
4480.0 -737.67259
4500.0 -734.43461
4520.0 -739.7333
4540.0 -741.07268
4560.0 -735.82385
4580.0 -736.02835
4600.0 -742.37545
4620.0 -737.86667
4640.0 -751.10652
4660.0 -756.20687
4680.0 -759.04695
4700.0 -772.72918
4720.0 -770.27939
4740.0 -767.69246
4760.0 -758.61484
4780.0 -766.299
4800.0 -770.49741
4820.0 -755.71184
4840.0 -750.03169
4860.0 -738.91739
4880.0 -730.34023
4900.0 -728.08167
4920.0 -741.33392
4940.0 -743.07718
4960.0 -741.98367
4980.0 -745.35807
5000.0 -741.55121
5020.0 -739.65932
5040.0 -732.5832
5060.0 -731.12101
5080.0 -717.06937
5100.0 -725.92408
5120.0 -736.67309
5140.0 -745.42213
5160.0 -756.17718
5180.0 -745.16066
5200.0 -750.55616
5220.0 -753.07628
5240.0 -750.01327
5260.0 -743.24249
5280.0 -762.65342
5300.0 -760.8288
5320.0 -754.39376
5340.0 -751.73331
5360.0 -750.99661
5380.0 -758.23426
5400.0 -752.38003
5420.0 -762.6725
5440.0 -759.88406
5460.0 -772.41728
5480.0 -770.03846
5500.0 -785.59908
5520.0 -778.74165
5540.0 -779.78654
5560.0 -781.3474
5580.0 -780.11025
5600.0 -774.84702
5620.0 -776.54591
5640.0 -770.8153
5660.0 -779.45327
5680.0 -773.53754
5700.0 -765.39886
5720.0 -761.77208
5740.0 -764.65813
5760.0 -757.63151
5780.0 -763.65061
5800.0 -775.71862
5820.0 -778.28332
5840.0 -797.77695
5860.0 -792.07876
5880.0 -776.99443
5900.0 -779.40586
5920.0 -771.10073
5940.0 -777.72975
5960.0 -784.18214
5980.0 -781.00223
6000.0 -785.45285
6020.0 -771.4012
6040.0 -767.62044
6060.0 -768.77245
6080.0 -770.46759
6100.0 -772.58634
6120.0 -763.34465
6140.0 -764.09294
6160.0 -749.26728
6180.0 -757.14131
6200.0 -766.90518
6220.0 -751.76119
6240.0 -761.15871
6260.0 -764.69519
6280.0 -761.23341
6300.0 -766.09248
6320.0 -764.55727
6340.0 -753.3638
6360.0 -750.17628
6380.0 -750.70829
6400.0 -747.46864
6420.0 -746.23403
6440.0 -733.616
6460.0 -739.31262
6480.0 -736.18309
6500.0 -732.67365
6520.0 -744.52014
6540.0 -737.60849
6560.0 -737.63646
6580.0 -745.11925
6600.0 -741.25734
6620.0 -735.83465
6640.0 -742.49675
6660.0 -738.14607
6680.0 -743.48067
6700.0 -735.62558
6720.0 -739.18486
6740.0 -740.21446
6760.0 -731.47659
6780.0 -731.7126
6800.0 -738.16638
6820.0 -749.98958
6840.0 -749.50772
6860.0 -744.85961
6880.0 -757.08893
6900.0 -769.75684
6920.0 -767.77108
6940.0 -769.44207
6960.0 -764.15174
6980.0 -750.04174
7000.0 -748.70674
7020.0 -740.11186
7040.0 -754.52003
7060.0 -752.49027
7080.0 -749.2869
7100.0 -752.42204
7120.0 -763.31121
7140.0 -757.52108
7160.0 -761.49514
7180.0 -755.55877
7200.0 -759.20552
7220.0 -757.49319
7240.0 -747.00876
7260.0 -760.22758
7280.0 -759.90559
7300.0 -752.1747
7320.0 -749.40574
7340.0 -754.45249
7360.0 -763.6136
7380.0 -773.70248
7400.0 -769.38002
7420.0 -755.02482
7440.0 -766.79934
7460.0 -768.79611
7480.0 -775.15106
7500.0 -757.15143
7520.0 -750.14148
7540.0 -751.91988
7560.0 -754.16372
7580.0 -764.49921
7600.0 -763.18517
7620.0 -766.06307
7640.0 -745.95658
7660.0 -745.49734
7680.0 -752.24935
7700.0 -750.43617
7720.0 -746.32855
7740.0 -755.65215
7760.0 -765.93651
7780.0 -752.35469
7800.0 -747.77147
7820.0 -741.65827
7840.0 -737.00487
7860.0 -736.07966
7880.0 -721.25731
7900.0 -736.13233
7920.0 -729.19336
7940.0 -745.14449
7960.0 -733.49972
7980.0 -741.17354
8000.0 -741.32395
8020.0 -744.04956
8040.0 -746.99779
8060.0 -759.22413
8080.0 -743.4379
8100.0 -734.37009
8120.0 -741.06537
8140.0 -747.20004
8160.0 -744.1738
8180.0 -731.62877
8200.0 -723.61466
8220.0 -731.59002
8240.0 -722.09622
8260.0 -714.47016
8280.0 -709.98326
8300.0 -719.54298
8320.0 -719.06289
8340.0 -723.58963
8360.0 -721.78908
8380.0 -725.63553
8400.0 -714.46363
8420.0 -712.05724
8440.0 -725.64445
8460.0 -748.52469
8480.0 -740.527
8500.0 -730.04662
8520.0 -720.29957
8540.0 -728.1865
8560.0 -727.21288
8580.0 -709.02783
8600.0 -709.63281
8620.0 -716.22449
8640.0 -729.79281
8660.0 -724.18343
8680.0 -727.84278
8700.0 -726.62945
8720.0 -739.74962
8740.0 -736.3995
8760.0 -737.34346
8780.0 -742.19352
8800.0 -718.40373
8820.0 -727.60238
8840.0 -726.30338
8860.0 -731.87005
8880.0 -728.38485
8900.0 -729.72417
8920.0 -741.641
8940.0 -742.90367
8960.0 -728.00085
8980.0 -732.73295
9000.0 -737.40594
9020.0 -738.18688
9040.0 -739.1272
9060.0 -742.92706
9080.0 -730.05482
9100.0 -745.05341
9120.0 -744.41505
9140.0 -756.6721
9160.0 -746.57891
9180.0 -748.60534
9200.0 -740.21067
9220.0 -743.29581
9240.0 -746.38215
9260.0 -737.78705
9280.0 -737.15937
9300.0 -720.66587
9320.0 -736.7754
9340.0 -734.47701
9360.0 -740.39412
9380.0 -743.19982
9400.0 -737.3088
9420.0 -742.21732
9440.0 -754.51759
9460.0 -758.05463
9480.0 -754.77973
9500.0 -753.35271
9520.0 -759.20288
9540.0 -750.57208
9560.0 -742.74481
9580.0 -748.89428
9600.0 -741.07569
9620.0 -726.00414
9640.0 -732.86914
9660.0 -734.60393
9680.0 -740.45914
9700.0 -742.67746
9720.0 -739.04696
9740.0 -730.29704
9760.0 -722.0742
9780.0 -723.70689
9800.0 -726.26758
9820.0 -737.68644
9840.0 -735.37421
9860.0 -737.34453
9880.0 -746.321
9900.0 -754.05124
9920.0 -747.35358
9940.0 -752.95999
9960.0 -753.37275
9980.0 -738.706
10000.0 -736.70807
