0.0 180.0
20.0 96.33839
40.0 101.09956
60.0 108.44975
80.0 111.54174
100.0 119.92545
120.0 127.53345
140.0 133.70277
160.0 140.56393
180.0 153.83119
200.0 159.51478
220.0 172.94611
240.0 173.84516
260.0 179.26295
280.0 183.89799
300.0 193.49953
320.0 184.991
340.0 186.75324
360.0 191.32353
380.0 187.43078
400.0 181.45452
420.0 180.78623
440.0 180.93889
460.0 170.86655
480.0 170.66854
500.0 171.82483
520.0 173.62116
540.0 173.89956
560.0 176.94798
580.0 173.74484
600.0 189.50673
620.0 188.24047
640.0 185.06528
660.0 178.93765
680.0 184.5818
700.0 181.684
720.0 179.21914
740.0 177.94903
760.0 178.97414
780.0 177.1475
800.0 178.58789
820.0 176.24175
840.0 176.1257
860.0 180.26702
880.0 182.37853
900.0 182.69737
920.0 188.99886
940.0 180.0433
960.0 184.48539
980.0 185.73709
1000.0 179.24524
1020.0 180.21276
1040.0 176.29009
1060.0 179.22978
1080.0 174.98609
1100.0 174.09925
1120.0 172.74991
1140.0 175.56161
1160.0 181.2782
1180.0 175.37998
1200.0 178.98163
1220.0 179.68291
1240.0 187.04508
1260.0 182.14269
1280.0 188.23097
1300.0 178.64049
1320.0 184.50228
1340.0 174.63534
1360.0 182.28975
1380.0 170.36341
1400.0 174.58073
1420.0 182.46697
1440.0 177.41231
1460.0 183.90211
1480.0 181.16409
1500.0 182.9962
1520.0 189.47389
1540.0 186.38949
1560.0 181.1555
1580.0 180.54731
1600.0 175.98932
1620.0 178.58152
1640.0 173.75062
1660.0 180.82055
1680.0 177.7432
1700.0 171.48118
1720.0 179.39379
1740.0 187.75897
1760.0 183.49509
1780.0 183.56051
1800.0 179.68704
1820.0 177.16839
1840.0 180.32248
1860.0 182.17159
1880.0 180.09845
1900.0 180.06398
1920.0 171.19836
1940.0 180.52722
1960.0 175.00952
1980.0 178.24173
2000.0 178.22145
2020.0 181.43602
2040.0 192.74546
2060.0 191.05365
2080.0 181.59281
2100.0 183.42939
2120.0 179.99274
2140.0 183.90097
2160.0 177.49284
2180.0 185.03785
2200.0 176.11911
2220.0 172.86564
2240.0 171.1168
2260.0 172.97623
2280.0 175.4556
2300.0 171.34724
2320.0 176.04288
2340.0 176.90371
2360.0 176.29731
2380.0 183.21375
2400.0 180.80206
2420.0 177.63479
2440.0 179.23147
2460.0 180.93334
2480.0 183.66584
2500.0 180.58967
2520.0 179.93498
2540.0 179.63145
2560.0 181.53703
2580.0 179.87119
2600.0 173.65391
2620.0 169.01373
2640.0 172.03462
2660.0 172.55763
2680.0 179.32482
2700.0 180.52538
2720.0 177.96925
2740.0 183.42402
2760.0 188.83927
2780.0 183.64491
2800.0 175.86829
2820.0 178.04688
2840.0 176.05055
2860.0 176.82673
2880.0 174.9
2900.0 175.13318
2920.0 175.24616
2940.0 176.32671
2960.0 176.8302
2980.0 183.6912
3000.0 176.45718
3020.0 187.145
3040.0 188.85454
3060.0 180.75516
3080.0 184.29228
3100.0 179.59934
3120.0 180.46538
3140.0 179.84337
3160.0 176.19441
3180.0 176.43501
3200.0 177.54111
3220.0 173.39619
3240.0 179.55051
3260.0 174.99501
3280.0 179.59343
3300.0 178.04325
3320.0 182.37525
3340.0 175.74749
3360.0 178.98486
3380.0 181.02128
3400.0 180.33151
3420.0 180.52533
3440.0 181.70595
3460.0 180.804
3480.0 179.02957
3500.0 186.52541
3520.0 178.11765
3540.0 182.11481
3560.0 170.24771
3580.0 172.25742
3600.0 180.74326
3620.0 176.70754
3640.0 174.96342
3660.0 168.43156
3680.0 172.78315
3700.0 185.10631
3720.0 175.44009
3740.0 177.77326
3760.0 187.15557
3780.0 186.3133
3800.0 178.64156
3820.0 182.08135
3840.0 182.76954
3860.0 177.86838
3880.0 178.42235
3900.0 176.35047
3920.0 178.19682
3940.0 180.82458
3960.0 178.12399
3980.0 181.76314
4000.0 175.53645
4020.0 183.8406
4040.0 186.92891
4060.0 179.69405
4080.0 190.43622
4100.0 183.35737
4120.0 178.8025
4140.0 178.72318
4160.0 181.05919
4180.0 180.17827
4200.0 173.83125
4220.0 181.39659
4240.0 179.46165
4260.0 184.59665
4280.0 177.48051
4300.0 187.9358
4320.0 184.13127
4340.0 179.0855
4360.0 178.93803
4380.0 187.00842
4400.0 174.56864
4420.0 178.6893
4440.0 171.76265
4460.0 177.64283
4480.0 178.71871
4500.0 172.61194
4520.0 182.09463
4540.0 180.84834
4560.0 182.75138
4580.0 184.92522
4600.0 183.8383
4620.0 193.88023
4640.0 185.72282
4660.0 184.4603
4680.0 178.78618
4700.0 183.32128
4720.0 182.77973
4740.0 179.46485
4760.0 175.0138
4780.0 183.74227
4800.0 174.79929
4820.0 172.96771
4840.0 182.67817
4860.0 183.84701
4880.0 185.74615
4900.0 190.02555
4920.0 190.00453
4940.0 185.68964
4960.0 193.49292
4980.0 183.12994
5000.0 185.57534
5020.0 181.35456
5040.0 182.09079
5060.0 186.79277
5080.0 179.29969
5100.0 178.48938
5120.0 180.38828
5140.0 178.32594
5160.0 184.49401
5180.0 179.42144
5200.0 183.23411
5220.0 182.83395
5240.0 190.59178
5260.0 193.46275
5280.0 190.53178
5300.0 186.03148
5320.0 187.18019
5340.0 181.10251
5360.0 182.05218
5380.0 186.915
5400.0 183.4865
5420.0 178.08519
5440.0 175.94717
5460.0 178.6126
5480.0 181.26853
5500.0 181.8756
5520.0 188.285
5540.0 184.94466
5560.0 196.01372
5580.0 186.63007
5600.0 190.61409
5620.0 184.16
5640.0 179.50358
5660.0 177.72985
5680.0 178.49151
5700.0 182.11573
5720.0 183.52964
5740.0 180.47725
5760.0 180.16486
5780.0 179.74124
5800.0 176.13219
5820.0 180.01551
5840.0 181.99802
5860.0 178.22355
5880.0 178.11254
5900.0 175.39464
5920.0 174.97195
5940.0 171.56884
5960.0 177.2203
5980.0 168.09464
6000.0 183.30196
6020.0 185.52409
6040.0 185.62128
6060.0 187.2049
6080.0 180.27836
6100.0 183.4675
6120.0 182.93964
6140.0 182.28505
6160.0 179.39461
6180.0 181.18814
6200.0 177.34881
6220.0 184.08353
6240.0 178.28718
6260.0 179.62435
6280.0 178.92836
6300.0 175.74465
6320.0 180.32305
6340.0 180.06645
6360.0 186.27067
6380.0 183.59224
6400.0 181.401
6420.0 192.10946
6440.0 189.7848
6460.0 193.22598
6480.0 181.92406
6500.0 181.69632
6520.0 177.93891
6540.0 180.39469
6560.0 177.25499
6580.0 182.42924
6600.0 177.07682
6620.0 177.83072
6640.0 179.68399
6660.0 175.79644
6680.0 173.13153
6700.0 177.00997
6720.0 178.32691
6740.0 187.31848
6760.0 185.67139
6780.0 187.85562
6800.0 180.33687
6820.0 186.06309
6840.0 179.14264
6860.0 181.51922
6880.0 177.70724
6900.0 175.66968
6920.0 179.40426
6940.0 175.79949
6960.0 178.26776
6980.0 172.70452
7000.0 176.59427
7020.0 175.71882
7040.0 174.8982
7060.0 183.124
7080.0 180.26313
7100.0 186.97647
7120.0 188.58907
7140.0 186.7766
7160.0 181.78844
7180.0 177.24694
7200.0 176.72824
7220.0 174.06118
7240.0 176.98985
7260.0 173.67384
7280.0 179.53552
7300.0 182.45857
7320.0 185.09447
7340.0 178.13833
7360.0 183.53481
7380.0 186.59498
7400.0 178.73534
7420.0 182.45001
7440.0 183.53465
7460.0 166.95162
7480.0 167.34497
7500.0 177.60262
7520.0 174.714
7540.0 178.62159
7560.0 174.59958
7580.0 177.82029
7600.0 177.70734
7620.0 178.95433
7640.0 184.76831
7660.0 183.54741
7680.0 187.17033
7700.0 181.14458
7720.0 180.67595
7740.0 176.47013
7760.0 180.40325
7780.0 175.43328
7800.0 173.8862
7820.0 175.97451
7840.0 167.89551
7860.0 173.54223
7880.0 172.31137
7900.0 177.4011
7920.0 187.48432
7940.0 182.02769
7960.0 183.2285
7980.0 178.34377
8000.0 174.06891
8020.0 183.5595
8040.0 177.40842
8060.0 174.77192
8080.0 180.89489
8100.0 175.00231
8120.0 179.31786
8140.0 166.72752
8160.0 171.07618
8180.0 173.83859
8200.0 175.80721
8220.0 180.745
8240.0 179.88704
8260.0 187.8574
8280.0 179.80099
8300.0 182.48543
8320.0 181.26875
8340.0 181.05175
8360.0 179.87772
8380.0 185.61532
8400.0 179.29289
8420.0 176.93597
8440.0 171.44843
8460.0 173.51868
8480.0 179.28428
8500.0 184.23524
8520.0 177.39461
8540.0 182.06639
8560.0 186.56442
8580.0 182.59379
8600.0 186.85515
8620.0 187.34015
8640.0 185.0957
8660.0 182.8709
8680.0 175.8694
8700.0 173.66769
8720.0 175.10909
8740.0 179.82192
8760.0 171.20374
8780.0 169.30993
8800.0 169.16789
8820.0 182.95453
8840.0 180.84915
8860.0 179.13605
8880.0 188.16342
8900.0 181.71589
8920.0 184.17713
8940.0 175.7914
8960.0 178.6481
8980.0 181.44608
9000.0 175.991
9020.0 179.68871
9040.0 182.17204
9060.0 175.93845
9080.0 175.51454
9100.0 183.9428
9120.0 183.48136
9140.0 179.98703
9160.0 181.21156
9180.0 179.85943
9200.0 179.971
9220.0 179.85531
9240.0 175.93292
9260.0 177.70266
9280.0 173.07028
9300.0 171.91738
9320.0 175.8082
9340.0 178.13711
9360.0 183.17171
9380.0 179.58375
9400.0 182.81018
9420.0 179.71849
9440.0 184.50104
9460.0 182.98985
9480.0 178.23467
9500.0 180.05787
9520.0 179.40884
9540.0 169.61849
9560.0 173.88899
9580.0 179.44112
9600.0 178.18433
9620.0 169.24895
9640.0 175.50935
9660.0 181.5942
9680.0 189.24525
9700.0 186.30246
9720.0 183.48197
9740.0 184.09068
9760.0 181.73284
9780.0 174.83655
9800.0 175.53531
9820.0 175.05072
9840.0 173.24435
9860.0 180.54063
9880.0 182.56089
9900.0 183.30197
9920.0 176.70788
9940.0 189.54663
9960.0 186.35283
9980.0 186.38952
10000.0 183.84627
